0 0.940848 0.757275 0.061756 0.149471 0.952583 0.694923 2 0.954856 0.693914 2 0.954479 0.693779 1 0.958276 0.703413 2 0.961137 0.702198 1 0.948536 0.721370 2 0.965954 0.725098 2 0.929511 0.721799 2 0.964091 0.739218 1 0.919124 0.721010 2 0.958539 0.727719 1 0.940936 0.774197 2 0.951523 0.772913 2 0.914948 0.768055 2 0.929918 0.762311 2 0.926506 0.811923 2 0.936705 0.803927 2
0 0.389881 0.637566 0.032738 0.148148 0.394278 0.582209 1 0.393285 0.580198 1 0.394314 0.579488 1 0.387730 0.581833 1 0.394342 0.580900 2 0.384718 0.590816 2 0.396501 0.591739 2 0.381669 0.577260 2 0.400562 0.578771 2 0.385148 0.576873 2 0.395141 0.580712 2 0.387347 0.632431 2 0.394835 0.633149 2 0.388964 0.661818 2 0.393665 0.665249 2 0.388102 0.689010 2 0.393424 0.698590 2
0 0.433408 0.589286 0.043899 0.149471 0.433276 0.539260 1 0.432520 0.536530 1 0.433412 0.536495 1 0.427236 0.538264 2 0.435254 0.538574 2 0.424423 0.553191 2 0.436614 0.555382 2 0.421840 0.565435 2 0.443101 0.571536 2 0.426908 0.565637 1 0.451440 0.579621 2 0.426739 0.592188 2 0.434967 0.593298 2 0.425952 0.621035 2 0.435180 0.623953 2 0.421232 0.647308 2 0.433766 0.654093 2
0 0.510417 0.771164 0.047619 0.203704 0.507757 0.697594 2 0.509468 0.692806 2 0.505510 0.694019 2 0.514385 0.690766 2 0.506047 0.693107 1 0.516788 0.709881 2 0.513396 0.703312 2 0.508892 0.730520 2 0.507571 0.708203 2 0.494987 0.739571 2 0.498239 0.705979 2 0.523674 0.762361 2 0.521783 0.758240 2 0.515203 0.806628 2 0.519359 0.794159 2 0.514088 0.847492 2 0.519595 0.824518 2
0 0.121280 0.708995 0.047619 0.140212 0.117290 0.662308 2 0.118549 0.659943 2 0.116977 0.659258 2 0.123535 0.660510 2 0.119668 0.658574 1 0.126114 0.673206 2 0.120910 0.663327 2 0.120306 0.685602 2 0.112565 0.657183 2 0.116326 0.666582 2 0.105077 0.652081 2 0.132128 0.707925 2 0.128832 0.704681 2 0.132212 0.733341 2 0.131704 0.731830 2 0.135882 0.760566 2 0.137982 0.756325 2
0 0.223958 0.535714 0.016369 0.079365 0.222339 0.510411 1 0.222613 0.508950 1 0.222833 0.508671 1 0.223935 0.509481 2 0.225892 0.508674 1 0.224749 0.517719 2 0.227257 0.516400 2 0.225256 0.528675 2 0.229367 0.525867 2 0.223966 0.534622 2 0.228427 0.529841 1 0.226774 0.536490 2 0.228214 0.535971 2 0.228767 0.550994 2 0.228735 0.551077 2 0.229525 0.564990 2 0.228676 0.564379 2
0 0.223214 0.505291 0.028274 0.103175 0.221927 0.463250 1 0.221727 0.461620 1 0.222633 0.460469 1 0.221904 0.462599 2 0.227317 0.459477 2 0.224758 0.473964 2 0.229201 0.467198 2 0.223758 0.484385 2 0.224024 0.473353 2 0.219233 0.480326 2 0.219410 0.477357 2 0.229089 0.495762 2 0.232646 0.492410 2 0.229124 0.515859 2 0.233622 0.510863 2 0.231068 0.535310 2 0.235895 0.533382 2
0 0.398065 0.329365 0.023810 0.042328 0.399716 0.304013 1 0.399621 0.303017 1 0.399554 0.302948 1 0.398333 0.303172 1 0.398872 0.303062 2 0.397869 0.308247 2 0.397755 0.308345 2 0.399597 0.314202 1 0.399847 0.314078 2 0.400262 0.314090 1 0.401021 0.312974 2 0.396833 0.322714 2 0.396637 0.322790 2 0.396507 0.333478 2 0.395911 0.334039 2 0.394810 0.343776 2 0.394193 0.343946 2
0 0.563988 0.435847 0.028274 0.123016 0.563526 0.393256 2 0.564528 0.390975 2 0.562170 0.391410 2 0.566001 0.391710 2 0.560181 0.392720 2 0.570426 0.403175 2 0.558145 0.405588 2 0.572887 0.418092 2 0.555021 0.420543 2 0.573701 0.433089 2 0.554273 0.435009 2 0.568537 0.437544 2 0.560618 0.438649 2 0.567874 0.459137 2 0.561462 0.462132 2 0.565496 0.471756 2 0.561755 0.479691 2
0 0.302455 0.358466 0.021577 0.071429 0.298388 0.330585 2 0.298351 0.329061 2 0.298057 0.329324 1 0.299699 0.327120 2 0.299882 0.327842 1 0.304195 0.329672 2 0.302656 0.332262 2 0.308251 0.334798 2 0.302874 0.341761 2 0.304862 0.339687 2 0.301590 0.343377 2 0.310301 0.350598 2 0.309904 0.351401 2 0.306597 0.365505 2 0.310500 0.365541 2 0.304509 0.377941 2 0.311834 0.377720 2
0 0.305060 0.367063 0.016369 0.056878 0.298186 0.329400 1 0.298308 0.328042 1 0.297554 0.328842 1 0.299576 0.328042 1 0.298107 0.329072 1 0.303822 0.330180 2 0.300194 0.332734 2 0.307682 0.335988 2 0.303028 0.341430 2 0.304258 0.340548 2 0.302032 0.343692 2 0.309972 0.349618 2 0.307599 0.350403 2 0.307096 0.364101 2 0.308119 0.363356 2 0.305610 0.379582 2 0.308166 0.376716 2
0 0.323289 0.348545 0.018601 0.056878 0.318586 0.329710 2 0.318845 0.328184 2 0.318368 0.328689 1 0.320740 0.326768 2 0.319639 0.327930 1 0.323773 0.330530 2 0.321018 0.332002 2 0.323424 0.337204 2 0.320335 0.339658 2 0.320319 0.340669 2 0.318766 0.342986 2 0.326998 0.345159 2 0.324917 0.345672 2 0.327217 0.356011 2 0.324399 0.356232 2 0.327927 0.367122 2 0.325172 0.366946 2
0 0.312872 0.336640 0.017113 0.075397 0.301339 0.329231 1 0.301339 0.328007 1 0.301445 0.327645 1 0.301339 0.327239 1 0.303622 0.326180 1 0.303217 0.331742 2 0.305995 0.330101 2 0.304840 0.339484 2 0.306205 0.336955 1 0.304113 0.340930 2 0.303750 0.341309 1 0.309120 0.354429 2 0.311039 0.353654 2 0.309235 0.369502 2 0.311012 0.367853 2 0.311220 0.380615 2 0.312235 0.380441 2
0 0.394717 0.323413 0.015625 0.048942 0.400953 0.316604 1 0.401176 0.315419 1 0.401303 0.315472 1 0.402177 0.315617 2 0.403737 0.315419 1 0.401911 0.321109 2 0.404535 0.320471 1 0.398240 0.330457 2 0.400657 0.330475 1 0.397174 0.334169 2 0.397926 0.336828 1 0.403619 0.342685 2 0.405296 0.342296 2 0.402051 0.356126 1 0.403782 0.355604 1 0.400914 0.354581 1 0.402456 0.353395 1
0 0.522321 0.197751 0.011905 0.041005 0.521835 0.189219 2 0.522310 0.188314 2 0.521326 0.188427 2 0.523078 0.188337 2 0.520713 0.188563 2 0.524002 0.192747 2 0.520071 0.192678 2 0.524893 0.198723 2 0.519160 0.198488 2 0.524917 0.203792 2 0.519299 0.204372 2 0.523377 0.203479 2 0.520804 0.203366 2 0.522815 0.211640 2 0.520404 0.211125 2 0.523022 0.220499 2 0.520591 0.219420 2
