0 0.568080 0.398148 0.043899 0.132275 0.568112 0.344533 1 0.568345 0.341793 1 0.569220 0.342209 1 0.569018 0.342975 2 0.576011 0.343183 2 0.566203 0.357853 2 0.580590 0.358716 2 0.560415 0.376843 2 0.583381 0.380227 2 0.553592 0.391670 2 0.585079 0.398229 2 0.566937 0.400087 2 0.576349 0.400142 2 0.563575 0.427819 2 0.572924 0.429810 2 0.562260 0.457432 2 0.569351 0.458697 2
0 0.665179 0.182540 0.017857 0.068783 0.669614 0.154497 1 0.669702 0.153132 1 0.670120 0.153191 1 0.669515 0.153999 2 0.673068 0.153844 2 0.668688 0.161920 2 0.674821 0.161641 2 0.667331 0.171902 2 0.675649 0.171938 2 0.665947 0.179322 2 0.675680 0.180417 2 0.669434 0.180536 2 0.673643 0.180158 2 0.668634 0.196225 2 0.672553 0.196053 2 0.668224 0.210665 2 0.671317 0.210586 2
0 0.598586 0.469577 0.048363 0.156085 0.600883 0.411975 1 0.601293 0.408872 1 0.601399 0.409404 1 0.599884 0.411432 2 0.607265 0.411446 2 0.597762 0.431066 2 0.611147 0.430461 2 0.595663 0.456586 2 0.613865 0.456815 2 0.596746 0.473766 2 0.612403 0.474128 1 0.600119 0.475649 2 0.610800 0.474933 2 0.590552 0.503401 2 0.611013 0.501392 2 0.587275 0.535185 2 0.615354 0.531016 2
0 0.591518 0.363757 0.044643 0.100529 0.568400 0.344483 1 0.568609 0.342009 1 0.569774 0.342425 1 0.568655 0.343862 2 0.576221 0.343965 2 0.566205 0.358172 2 0.580201 0.359431 2 0.561918 0.374911 2 0.583600 0.380469 2 0.560268 0.378207 1 0.584448 0.396946 2 0.567763 0.400082 2 0.576684 0.400321 2 0.564636 0.426694 2 0.572501 0.427909 2 0.565821 0.433862 1 0.570614 0.433862 1
0 0.377976 0.415344 0.026786 0.150794 0.371860 0.393841 2 0.371418 0.391495 1 0.370975 0.391311 2 0.369113 0.393691 1 0.367763 0.393355 2 0.370254 0.405485 2 0.363404 0.407118 2 0.374330 0.423897 2 0.368942 0.421078 2 0.377914 0.435729 2 0.371167 0.403955 2 0.372205 0.439995 2 0.367309 0.442039 2 0.374756 0.469517 2 0.368686 0.473418 2 0.369635 0.499290 2 0.368943 0.502125 2
0 0.492188 0.522487 0.037946 0.169312 0.502358 0.466185 1 0.502335 0.462760 1 0.502890 0.463027 1 0.499132 0.464896 2 0.508063 0.465122 2 0.495243 0.485655 2 0.511614 0.486535 2 0.491699 0.510079 2 0.515168 0.514845 2 0.489715 0.528871 2 0.517285 0.535038 2 0.497905 0.532565 2 0.509999 0.532763 2 0.495152 0.566968 2 0.512669 0.566580 2 0.493160 0.602134 2 0.513660 0.600238 2
0 0.373140 0.444444 0.027530 0.140212 0.372030 0.393013 2 0.371182 0.390590 1 0.371205 0.390419 2 0.366891 0.393314 1 0.367976 0.393175 2 0.367619 0.406439 2 0.364399 0.408012 2 0.373500 0.422940 2 0.370573 0.420923 2 0.377508 0.429531 2 0.376808 0.408718 2 0.369858 0.439900 2 0.367501 0.442004 2 0.372318 0.470660 2 0.370389 0.475267 2 0.368031 0.497083 2 0.369221 0.502640 2
0 0.643973 0.349868 0.034970 0.101852 0.632689 0.314392 2 0.633372 0.312050 2 0.632572 0.311839 1 0.637535 0.311219 2 0.635520 0.310043 1 0.643463 0.320511 2 0.639758 0.314861 2 0.650361 0.337236 2 0.636363 0.321473 2 0.653761 0.353447 2 0.630725 0.328989 2 0.653782 0.338350 2 0.651396 0.335506 2 0.647579 0.360513 2 0.643695 0.353536 2 0.653095 0.386384 2 0.645172 0.376200 2
0 0.444196 0.416005 0.029762 0.144180 0.453316 0.363268 2 0.453097 0.360600 1 0.452458 0.360831 2 0.448267 0.362541 1 0.448341 0.362635 2 0.446703 0.376013 2 0.443566 0.376978 2 0.446345 0.395824 2 0.439897 0.398489 2 0.449896 0.408641 2 0.442021 0.418095 2 0.444532 0.415388 2 0.444441 0.416242 2 0.439987 0.444943 2 0.451249 0.445489 2 0.432961 0.471536 2 0.458088 0.477768 2
0 0.349330 0.429233 0.034970 0.157407 0.346756 0.376625 1 0.345269 0.374341 1 0.346374 0.373706 1 0.338461 0.377701 1 0.345210 0.377088 2 0.336034 0.394922 2 0.347193 0.395898 2 0.335256 0.415535 2 0.351622 0.417468 2 0.340702 0.422600 1 0.355511 0.428243 2 0.339616 0.436097 2 0.347012 0.437212 2 0.344415 0.465286 2 0.349871 0.468799 2 0.342620 0.491240 2 0.347099 0.502549 2
0 0.134301 0.369709 0.037946 0.128307 0.131591 0.327312 2 0.132676 0.324765 2 0.130392 0.325005 2 0.134160 0.322026 1 0.127945 0.322661 2 0.137761 0.329844 2 0.124706 0.333069 2 0.143912 0.342058 2 0.121014 0.348894 2 0.139519 0.349285 2 0.127798 0.350521 2 0.139415 0.364458 2 0.130636 0.366526 2 0.142875 0.390911 2 0.132184 0.393417 2 0.148171 0.416858 2 0.134336 0.420407 2
0 0.223214 0.341931 0.025298 0.109788 0.206101 0.276352 2 0.206432 0.273728 2 0.206101 0.273774 1 0.208656 0.274156 2 0.207901 0.274137 1 0.211655 0.288590 2 0.209319 0.287900 2 0.212616 0.308463 2 0.209130 0.307104 1 0.209919 0.325020 2 0.207929 0.323185 1 0.210128 0.323444 2 0.208842 0.322423 2 0.207156 0.349005 2 0.206733 0.348131 2 0.206101 0.371647 2 0.207001 0.370648 1
0 0.550595 0.203704 0.020833 0.087302 0.554134 0.178172 1 0.554141 0.177007 1 0.554428 0.177105 1 0.552172 0.178419 2 0.556167 0.178690 2 0.550152 0.185349 2 0.558243 0.188052 2 0.548279 0.196584 2 0.561757 0.194367 2 0.545003 0.202961 2 0.560687 0.195853 2 0.549736 0.207485 2 0.555155 0.209559 2 0.545922 0.215311 2 0.552791 0.226049 2 0.546188 0.225716 2 0.552774 0.242570 2
0 0.945312 0.308862 0.039435 0.125661 0.961367 0.268050 2 0.960735 0.264792 1 0.960417 0.265251 2 0.954078 0.263937 1 0.956756 0.265724 2 0.946554 0.274695 2 0.956175 0.280835 2 0.940984 0.289126 2 0.959771 0.298125 2 0.945376 0.295910 1 0.962131 0.292668 2 0.941474 0.311519 2 0.948133 0.314781 2 0.939484 0.332815 2 0.947413 0.339797 2 0.931235 0.351612 2 0.942409 0.363280 2
0 0.790551 0.276455 0.026042 0.103175 0.791379 0.240171 2 0.791393 0.238424 2 0.790624 0.238209 2 0.789964 0.239065 1 0.787637 0.238501 2 0.788797 0.248718 2 0.783317 0.247519 2 0.788310 0.262544 2 0.780621 0.261484 2 0.790765 0.270287 2 0.786361 0.271229 2 0.786545 0.271021 2 0.782666 0.271659 2 0.795703 0.279645 2 0.790966 0.279885 2 0.793146 0.301245 2 0.789425 0.301880 2
0 0.808036 0.270503 0.023810 0.093915 0.810013 0.239990 2 0.809735 0.238391 1 0.809682 0.238200 2 0.807871 0.238865 1 0.808036 0.238828 2 0.808150 0.245619 2 0.803327 0.248267 2 0.810707 0.258784 2 0.807502 0.262555 2 0.814337 0.267082 2 0.812668 0.271646 2 0.807814 0.267831 2 0.804413 0.270974 2 0.815539 0.271328 2 0.811930 0.280583 2 0.811956 0.290387 2 0.814116 0.301321 2
0 0.847842 0.877646 0.060268 0.228836 0.866770 0.808022 2 0.869300 0.803276 2 0.863994 0.803100 2 0.871600 0.802588 1 0.857011 0.800916 2 0.873008 0.826116 2 0.850029 0.820759 2 0.872676 0.856975 2 0.851499 0.853359 2 0.867177 0.840148 2 0.863623 0.865991 2 0.864475 0.884480 2 0.847925 0.880569 2 0.856324 0.929398 2 0.839548 0.923161 2 0.850229 0.970026 2 0.830581 0.964567 2
0 0.538318 0.325397 0.026042 0.108466 0.536947 0.283788 2 0.537177 0.281218 2 0.536337 0.281842 1 0.539260 0.278256 2 0.537766 0.279852 1 0.543821 0.286376 2 0.539543 0.286587 2 0.544676 0.301422 2 0.540266 0.304064 1 0.538589 0.297438 2 0.538432 0.311326 1 0.542792 0.317023 2 0.540075 0.316009 2 0.541856 0.341071 2 0.540878 0.338663 2 0.542236 0.362518 2 0.543304 0.357954 2
0 0.520461 0.298942 0.026042 0.092593 0.523616 0.234127 1 0.523887 0.234127 1 0.523189 0.234127 1 0.524674 0.234127 1 0.521963 0.234127 1 0.524685 0.235155 1 0.521158 0.234812 1 0.522109 0.241974 1 0.519698 0.241704 1 0.515231 0.254293 1 0.516175 0.254366 1 0.525035 0.234873 1 0.521751 0.234453 1 0.525839 0.243631 2 0.520024 0.242171 2 0.524794 0.260672 2 0.513432 0.256996 2
0 0.503348 0.162698 0.017113 0.063492 0.506060 0.136341 2 0.506675 0.135359 2 0.505582 0.135196 2 0.507687 0.135947 2 0.504640 0.135599 2 0.508754 0.143539 2 0.503132 0.142954 2 0.509794 0.153181 2 0.501372 0.151824 2 0.507307 0.157706 2 0.503044 0.158096 2 0.506356 0.159904 2 0.502040 0.159426 2 0.506538 0.173341 2 0.499960 0.173404 2 0.508628 0.187038 2 0.496965 0.187770 2
0 0.094494 0.313492 0.017857 0.068783 0.094452 0.294404 2 0.094863 0.292071 2 0.093142 0.293104 2 0.095761 0.292060 1 0.091760 0.294834 2 0.098285 0.298517 2 0.092117 0.302689 2 0.101414 0.305908 2 0.090840 0.314469 2 0.099949 0.310339 2 0.088705 0.326612 2 0.098575 0.317207 2 0.094184 0.318413 2 0.098298 0.324612 2 0.087546 0.327036 2 0.099418 0.336257 2 0.091100 0.337338 2
0 0.648065 0.143519 0.013393 0.070106 0.647779 0.116298 2 0.648478 0.115248 2 0.647290 0.115108 2 0.649527 0.116178 2 0.646560 0.115884 2 0.650421 0.123976 2 0.644927 0.123477 2 0.650907 0.132865 2 0.643313 0.131179 2 0.651267 0.140434 2 0.642757 0.133013 2 0.649375 0.141338 2 0.645207 0.141158 2 0.650730 0.154934 2 0.643729 0.154659 2 0.652319 0.166927 2 0.642220 0.166083 2
0 0.174479 0.155423 0.017113 0.035714 0.175637 0.143423 1 0.175490 0.142626 1 0.175921 0.142574 1 0.174775 0.142822 2 0.177496 0.142612 2 0.173800 0.147294 2 0.178890 0.147131 2 0.173470 0.153317 2 0.179946 0.153489 2 0.174755 0.157077 1 0.179845 0.157442 2 0.174813 0.156671 2 0.178492 0.156570 2 0.174781 0.162749 2 0.179199 0.162569 2 0.174951 0.164935 1 0.179412 0.165062 1
0 0.200149 0.139550 0.017857 0.048942 0.196955 0.124230 1 0.196973 0.123291 1 0.197311 0.123136 1 0.197154 0.123997 2 0.199843 0.123259 2 0.197383 0.129535 2 0.201974 0.128461 2 0.196235 0.137002 2 0.204130 0.135142 2 0.192589 0.141121 2 0.204056 0.139575 1 0.201456 0.143745 2 0.204307 0.143574 2 0.202233 0.155003 2 0.204894 0.155093 2 0.203376 0.166122 2 0.205565 0.166136 2
0 0.803943 0.201720 0.017113 0.062169 0.805934 0.182751 1 0.806057 0.181523 1 0.806543 0.181789 1 0.805110 0.182700 2 0.808633 0.183060 2 0.803500 0.190165 2 0.808653 0.189413 2 0.801862 0.198441 2 0.806853 0.194332 1 0.799831 0.196421 2 0.801958 0.191353 1 0.802990 0.205943 2 0.806461 0.205594 2 0.802869 0.217253 2 0.804843 0.217653 2 0.803745 0.228789 2 0.804441 0.227881 2
0 0.448661 0.110450 0.016369 0.056878 0.447875 0.092071 1 0.448100 0.091116 1 0.448249 0.091145 1 0.448407 0.091880 2 0.450431 0.091702 2 0.447635 0.097777 2 0.451514 0.096961 2 0.446422 0.103532 2 0.453488 0.100321 2 0.447358 0.107640 2 0.451451 0.103483 2 0.448856 0.110970 2 0.451440 0.110771 2 0.449222 0.120900 2 0.451445 0.121643 2 0.449258 0.131204 2 0.452229 0.131068 2
0 0.139881 0.103175 0.013393 0.050265 0.137622 0.086346 2 0.138040 0.085417 2 0.137164 0.085520 2 0.138850 0.085846 2 0.136727 0.085999 2 0.140351 0.091054 2 0.136089 0.091125 2 0.142325 0.096893 2 0.135347 0.097149 2 0.143358 0.102862 2 0.136250 0.101122 2 0.140765 0.103577 2 0.137864 0.103682 2 0.141182 0.113885 2 0.137944 0.113321 2 0.141864 0.124256 2 0.137478 0.123156 2
0 0.815848 0.167989 0.014137 0.047619 0.818734 0.154583 1 0.818904 0.153593 1 0.819184 0.153639 1 0.819202 0.154465 2 0.821545 0.154308 2 0.818595 0.160847 2 0.822537 0.160184 2 0.817054 0.167438 2 0.823342 0.165931 2 0.816742 0.166478 2 0.822014 0.166101 1 0.818546 0.174018 2 0.821065 0.173520 2 0.818099 0.182663 2 0.819769 0.182614 2 0.817928 0.191360 2 0.819159 0.190946 2
0 0.707961 0.138228 0.012649 0.048942 0.708041 0.125543 2 0.708490 0.124666 2 0.707630 0.124560 2 0.709076 0.124991 1 0.706852 0.124723 2 0.709208 0.130718 2 0.705736 0.130330 2 0.709177 0.137658 2 0.704759 0.136626 2 0.708861 0.143587 2 0.704209 0.142584 2 0.707741 0.142713 2 0.705137 0.142525 2 0.707849 0.150670 2 0.703852 0.151115 2 0.707718 0.158614 2 0.701417 0.159044 2
0 0.408482 0.125661 0.014881 0.063492 0.407077 0.104115 2 0.407627 0.103249 2 0.407260 0.103174 1 0.409244 0.104477 2 0.408694 0.104272 1 0.410112 0.110529 2 0.407856 0.110069 2 0.410292 0.117734 2 0.406488 0.116130 2 0.407672 0.121206 2 0.405655 0.118882 2 0.409143 0.123466 2 0.408112 0.123328 2 0.407290 0.132243 2 0.409404 0.132838 2 0.406164 0.141407 2 0.411982 0.140200 2
0 0.976190 0.264550 0.025298 0.108466 0.981138 0.233433 2 0.982508 0.231371 2 0.980140 0.231063 2 0.984304 0.231315 2 0.978715 0.230562 2 0.984860 0.242011 2 0.977134 0.240126 2 0.983123 0.257742 2 0.975126 0.252507 2 0.977476 0.269470 2 0.972636 0.265077 2 0.981523 0.266655 2 0.976966 0.265311 2 0.976381 0.284692 2 0.976285 0.283612 2 0.973510 0.302825 2 0.978644 0.301464 2
0 0.520833 0.220238 0.017857 0.078042 0.522697 0.191716 2 0.523263 0.190089 2 0.521663 0.190159 2 0.523724 0.191365 1 0.519568 0.191169 2 0.523702 0.201523 2 0.518188 0.201194 2 0.524302 0.212060 2 0.517397 0.213756 2 0.524606 0.212640 2 0.522751 0.213739 2 0.524771 0.224679 2 0.520465 0.224712 2 0.526166 0.244581 2 0.520190 0.242939 2 0.523764 0.262432 2 0.513476 0.259571 2
0 0.955729 0.174603 0.020089 0.063492 0.952980 0.154929 1 0.952992 0.153291 2 0.953446 0.153653 1 0.954554 0.153134 2 0.957054 0.153680 1 0.955422 0.159589 2 0.959543 0.159583 2 0.953534 0.171323 2 0.958388 0.170437 1 0.951344 0.180388 2 0.954308 0.178327 1 0.955228 0.174754 2 0.958002 0.174062 2 0.951932 0.187156 2 0.953216 0.187428 2 0.951396 0.204712 2 0.951303 0.204251 2
0 0.904762 0.185185 0.020833 0.044974 0.902509 0.174937 2 0.903039 0.173466 2 0.902334 0.173590 1 0.904480 0.173411 2 0.902749 0.173555 1 0.907327 0.178665 2 0.902114 0.177971 2 0.906995 0.187842 2 0.900524 0.185061 2 0.902208 0.193731 2 0.900528 0.191832 2 0.905955 0.191731 2 0.902245 0.190669 2 0.905766 0.191768 2 0.897681 0.190221 2 0.900779 0.196545 2 0.897730 0.196412 2
0 0.940476 0.193783 0.017857 0.035714 0.938649 0.182486 2 0.939392 0.181022 2 0.938338 0.181232 2 0.941233 0.181071 2 0.938574 0.181398 1 0.943360 0.186249 2 0.938150 0.185818 2 0.944389 0.194300 2 0.935317 0.191581 2 0.940996 0.197256 2 0.935610 0.192924 2 0.941647 0.197994 2 0.938344 0.197028 2 0.938165 0.196976 2 0.932708 0.196220 2 0.936394 0.203324 2 0.935033 0.203186 2
0 0.925967 0.189815 0.018601 0.035714 0.928804 0.179441 2 0.929372 0.177817 2 0.927878 0.177929 2 0.930115 0.178313 1 0.926304 0.178722 2 0.931859 0.186677 2 0.924760 0.187595 2 0.933293 0.194775 2 0.922301 0.196296 2 0.930019 0.196207 2 0.924847 0.199171 2 0.930596 0.202029 2 0.925888 0.202247 2 0.927994 0.200837 1 0.921987 0.201505 1 0.928235 0.202304 1 0.924223 0.202762 1
