0 0.567522 0.286045 0.007812 0.029762 0.570842 0.277867 1 0.570615 0.277166 1 0.570791 0.277216 1 0.569189 0.276788 1 0.570367 0.277043 2 0.567895 0.279428 2 0.570133 0.279904 2 0.567194 0.283366 2 0.570322 0.284384 2 0.567962 0.285854 1 0.570418 0.286444 2 0.567643 0.287628 2 0.569170 0.287869 2 0.567738 0.294538 2 0.568908 0.294541 2 0.566962 0.300775 2 0.567907 0.300453 2
0 0.523810 0.544312 0.011905 0.048942 0.522469 0.537673 2 0.522818 0.536798 2 0.522094 0.536851 2 0.523365 0.535841 2 0.521511 0.535882 2 0.524468 0.539917 2 0.520573 0.537943 2 0.524304 0.547422 2 0.517940 0.540946 2 0.522170 0.549164 2 0.517418 0.544759 2 0.522268 0.550625 2 0.519813 0.549479 2 0.521422 0.554226 2 0.519295 0.553343 2 0.521366 0.558682 1 0.519586 0.558175 1
0 0.477121 0.501984 0.015253 0.044974 0.475922 0.502083 2 0.476277 0.501455 2 0.475718 0.501397 2 0.477180 0.501038 2 0.475780 0.500874 1 0.478247 0.503491 2 0.475715 0.502090 2 0.478857 0.508229 2 0.474038 0.504364 2 0.477780 0.511068 2 0.471913 0.506569 2 0.477608 0.510425 2 0.476059 0.509395 2 0.475839 0.513547 2 0.474377 0.512716 2 0.475676 0.517497 1 0.474536 0.516833 1
0 0.094308 0.621362 0.011533 0.045635 0.093588 0.607498 2 0.093810 0.606354 2 0.093008 0.606941 2 0.094532 0.605879 2 0.092366 0.607344 2 0.096602 0.609831 2 0.091590 0.611884 2 0.100110 0.612375 2 0.090138 0.617456 2 0.098191 0.616324 2 0.092048 0.622240 2 0.097454 0.623271 2 0.094287 0.624230 2 0.098340 0.632021 2 0.095146 0.632210 2 0.099492 0.640216 2 0.096591 0.637653 2
0 0.111235 0.685847 0.015625 0.050265 0.107822 0.672042 1 0.107816 0.671421 1 0.107994 0.671001 1 0.106956 0.672551 2 0.109446 0.671391 2 0.106372 0.678476 2 0.111710 0.676107 2 0.105515 0.685569 2 0.114220 0.679990 2 0.105717 0.688177 2 0.113088 0.680517 2 0.108977 0.690516 2 0.112526 0.689621 2 0.111235 0.698486 2 0.114161 0.696710 2 0.113414 0.705614 2 0.115843 0.705261 2
0 0.094680 0.570437 0.012277 0.040344 0.093177 0.558033 2 0.093555 0.557064 2 0.092633 0.557476 2 0.094400 0.556299 2 0.092024 0.557335 2 0.096105 0.559159 2 0.090618 0.560621 2 0.099019 0.562960 2 0.089738 0.567076 2 0.099010 0.569467 2 0.090884 0.572260 2 0.097009 0.571844 2 0.093410 0.572631 2 0.098558 0.580808 2 0.094061 0.580432 2 0.100599 0.591369 2 0.096384 0.587747 2
0 0.762277 0.780423 0.019345 0.054233 0.761308 0.764047 2 0.761772 0.763107 2 0.761142 0.763022 1 0.763041 0.763754 2 0.762031 0.763622 1 0.763911 0.769442 2 0.762447 0.769351 2 0.764303 0.777665 2 0.761665 0.776703 2 0.763301 0.785447 2 0.759863 0.782057 2 0.762428 0.783512 2 0.762054 0.783261 2 0.759617 0.791939 2 0.762373 0.792536 2 0.759323 0.798216 2 0.765725 0.798749 2
0 0.791853 0.718254 0.012277 0.038360 0.793563 0.725082 2 0.794178 0.724230 2 0.793126 0.723935 2 0.795023 0.724503 2 0.792384 0.723764 2 0.796231 0.729589 2 0.790571 0.728240 2 0.796941 0.736735 2 0.788518 0.734549 2 0.796848 0.740384 2 0.787276 0.741059 2 0.794538 0.742943 2 0.790494 0.742252 2 0.796430 0.743647 1 0.789321 0.742540 1 0.795279 0.744054 1 0.788644 0.743382 1
0 0.789807 0.740741 0.014137 0.047619 0.793489 0.725370 2 0.794197 0.724472 2 0.793038 0.724238 2 0.795153 0.724645 2 0.792383 0.723965 2 0.795995 0.730041 2 0.790824 0.728183 2 0.796855 0.736022 2 0.788656 0.733869 2 0.796045 0.739439 2 0.787394 0.740269 2 0.793498 0.742874 2 0.790267 0.741486 2 0.792167 0.751985 2 0.789273 0.748346 2 0.790539 0.759153 2 0.789589 0.754293 2
0 0.862351 0.580026 0.010417 0.044974 0.861805 0.566180 1 0.861780 0.565182 1 0.862071 0.565514 1 0.860927 0.565382 2 0.863341 0.566148 2 0.859233 0.570042 2 0.864152 0.571566 2 0.856975 0.577211 2 0.864460 0.578939 2 0.855904 0.583859 2 0.863739 0.585405 2 0.858394 0.582777 2 0.861628 0.583410 2 0.857079 0.587901 2 0.859260 0.590264 2 0.856338 0.595132 2 0.857430 0.597799 2
0 0.851562 0.578042 0.015625 0.054233 0.854130 0.559592 1 0.853979 0.558549 1 0.854329 0.558983 1 0.852520 0.558646 2 0.855036 0.559918 2 0.850434 0.562667 2 0.855047 0.565559 2 0.847613 0.567024 2 0.854544 0.572529 2 0.845609 0.571281 2 0.854219 0.577955 2 0.848903 0.574364 2 0.851935 0.575594 2 0.847829 0.580640 2 0.850520 0.583955 2 0.847027 0.588172 2 0.848868 0.591853 2
0 0.275670 0.817791 0.013393 0.048280 0.273586 0.802489 1 0.273535 0.801754 1 0.273888 0.801526 1 0.272759 0.802578 2 0.275494 0.801948 2 0.272148 0.807713 2 0.277120 0.807447 2 0.270845 0.815244 2 0.279188 0.814052 2 0.269719 0.820311 2 0.281175 0.818967 2 0.274269 0.820597 2 0.277351 0.820851 2 0.276390 0.829831 2 0.278730 0.831348 2 0.277545 0.838146 2 0.278401 0.842365 2
0 0.289807 0.792328 0.016369 0.055556 0.287175 0.774316 1 0.287279 0.773295 1 0.287366 0.772837 1 0.287559 0.774097 2 0.289782 0.772552 2 0.288284 0.781655 2 0.292230 0.777657 2 0.288386 0.790487 2 0.294169 0.779242 2 0.288275 0.796786 2 0.292473 0.781032 2 0.290520 0.792786 2 0.293490 0.791193 2 0.289482 0.800905 2 0.294050 0.801169 2 0.288640 0.808728 2 0.295045 0.810915 2
0 0.312686 0.619709 0.012277 0.039683 0.310966 0.608410 2 0.311126 0.607410 2 0.310708 0.607644 1 0.312314 0.607136 2 0.311615 0.607746 1 0.315319 0.611515 2 0.312138 0.612146 2 0.318213 0.617467 2 0.311848 0.617790 2 0.319163 0.623667 2 0.311527 0.620683 2 0.314953 0.625457 2 0.313147 0.625524 2 0.314784 0.633910 2 0.314461 0.633755 2 0.315391 0.640977 2 0.316909 0.641028 2
0 0.305246 0.616733 0.009301 0.041667 0.302306 0.604535 2 0.302536 0.603420 2 0.301821 0.603772 2 0.303671 0.602650 2 0.301952 0.603473 1 0.306048 0.607478 2 0.301747 0.606504 2 0.308043 0.612809 2 0.300550 0.608153 2 0.308631 0.619220 2 0.301158 0.604438 2 0.305763 0.619995 2 0.303305 0.619401 2 0.305327 0.629313 2 0.304770 0.626253 2 0.305156 0.636578 2 0.306907 0.629969 2
0 0.228237 0.614749 0.013765 0.048280 0.225070 0.600256 1 0.225169 0.599576 1 0.225415 0.599361 1 0.225531 0.599878 2 0.227499 0.599123 2 0.225418 0.604935 2 0.229609 0.602363 2 0.224471 0.609813 2 0.231927 0.606456 2 0.224292 0.604836 2 0.233031 0.610579 2 0.227474 0.615771 2 0.229879 0.614338 2 0.228382 0.623019 2 0.229058 0.620097 2 0.231448 0.630457 2 0.229935 0.627227 2
0 0.325335 0.819444 0.020461 0.044974 0.324526 0.804562 1 0.324477 0.803695 1 0.324718 0.803663 1 0.324083 0.804869 2 0.327051 0.804219 2 0.322979 0.811270 2 0.329145 0.808939 2 0.321316 0.811836 2 0.331299 0.807107 2 0.322047 0.806319 2 0.329693 0.803575 2 0.324621 0.827680 2 0.329106 0.826677 2 0.322784 0.821081 2 0.330601 0.818928 2 0.320643 0.834773 2 0.329520 0.830521 2
0 0.597842 0.856151 0.015625 0.050926 0.601480 0.841168 1 0.601342 0.839895 1 0.601632 0.840286 1 0.599700 0.840025 2 0.602571 0.841222 2 0.597071 0.845649 2 0.603117 0.848342 2 0.595293 0.851050 2 0.603926 0.858195 2 0.596431 0.854046 1 0.604024 0.864453 1 0.596063 0.861688 2 0.600102 0.862638 2 0.595227 0.872681 2 0.598892 0.873892 2 0.595025 0.883437 2 0.597536 0.883077 2
0 0.446057 0.435847 0.008929 0.037037 0.446260 0.424306 2 0.446583 0.423623 2 0.445926 0.423679 2 0.447047 0.423076 2 0.445444 0.423211 2 0.448013 0.425941 2 0.444670 0.426199 2 0.449291 0.431081 2 0.443760 0.432270 2 0.448502 0.433373 2 0.443785 0.437716 2 0.448060 0.436481 2 0.445841 0.436607 2 0.448713 0.444111 2 0.446075 0.444075 2 0.449387 0.451853 2 0.446375 0.451572 2
0 0.451265 0.378968 0.010417 0.039683 0.450893 0.372342 1 0.450625 0.371537 1 0.450855 0.371629 1 0.448989 0.371468 1 0.450693 0.371876 2 0.447710 0.375097 2 0.450738 0.375909 2 0.447010 0.379634 2 0.451711 0.380750 2 0.447801 0.383328 1 0.453179 0.383179 2 0.447818 0.384492 2 0.449885 0.384943 2 0.447505 0.391011 2 0.449730 0.391606 2 0.446892 0.397037 2 0.449031 0.397477 2
