0 0.292039 0.791005 0.031994 0.137566 0.287176 0.744652 1 0.287612 0.741390 1 0.288392 0.741088 1 0.290211 0.743450 2 0.297294 0.741406 1 0.292637 0.762042 2 0.300353 0.759943 2 0.291156 0.784297 2 0.297456 0.792756 2 0.289203 0.785781 2 0.296657 0.818613 1 0.297091 0.819521 2 0.303388 0.817308 2 0.288892 0.861072 2 0.300666 0.856257 2 0.280594 0.880593 2 0.296726 0.875426 1
0 0.289435 0.769841 0.029762 0.132275 0.288072 0.744178 1 0.288718 0.741018 1 0.289539 0.741285 1 0.291731 0.742959 2 0.297011 0.742674 1 0.294144 0.761372 2 0.301183 0.761149 2 0.291791 0.783525 2 0.296422 0.787949 1 0.288150 0.783192 2 0.292040 0.799504 1 0.296965 0.822396 2 0.300286 0.820913 2 0.295895 0.857132 2 0.289689 0.854386 1 0.303369 0.851839 1 0.288018 0.852776 1
0 0.453869 0.860450 0.041667 0.162698 0.453968 0.805116 2 0.455892 0.801506 2 0.451837 0.801818 2 0.458041 0.801860 2 0.447996 0.802347 2 0.461859 0.819764 2 0.443585 0.821400 2 0.469229 0.841575 2 0.438200 0.844611 2 0.473393 0.865750 2 0.439733 0.867068 2 0.458475 0.872723 2 0.447796 0.873684 2 0.452264 0.907179 2 0.449478 0.908599 2 0.452201 0.940870 2 0.455245 0.943417 2
0 0.320312 0.560847 0.015625 0.063492 0.315306 0.522704 2 0.315706 0.521206 2 0.314473 0.521251 2 0.315695 0.521766 1 0.312584 0.521782 2 0.315763 0.529945 2 0.311651 0.530488 2 0.316952 0.540496 1 0.311998 0.541783 2 0.317108 0.548691 1 0.314399 0.550396 2 0.315867 0.551229 2 0.313186 0.551635 2 0.314769 0.568959 2 0.312823 0.569701 2 0.314506 0.586089 2 0.312378 0.587350 2
0 0.312872 0.552910 0.014137 0.089947 0.315012 0.522772 2 0.315402 0.521211 1 0.314281 0.521246 2 0.315189 0.521417 1 0.312833 0.521457 2 0.315509 0.529315 2 0.311874 0.529573 2 0.317120 0.539673 2 0.311992 0.540280 2 0.317426 0.548431 1 0.313703 0.549905 2 0.315364 0.549927 2 0.313063 0.550099 2 0.314850 0.567862 2 0.313108 0.568059 2 0.314331 0.586467 2 0.312311 0.587101 2
0 0.332217 0.554894 0.014137 0.062169 0.330118 0.535705 2 0.330651 0.534421 2 0.330094 0.534451 1 0.332481 0.534606 2 0.331235 0.534686 1 0.334807 0.541443 2 0.331358 0.542245 2 0.337723 0.548398 2 0.330862 0.550027 2 0.335255 0.552359 2 0.330043 0.554453 1 0.335081 0.558506 2 0.332679 0.558839 2 0.336095 0.570644 2 0.333585 0.571452 2 0.338128 0.581964 2 0.333652 0.582879 2
0 0.336310 0.479497 0.014881 0.051587 0.333355 0.466541 1 0.333186 0.465771 1 0.333674 0.465548 1 0.332555 0.466933 2 0.335811 0.466201 2 0.332837 0.473380 2 0.337548 0.471296 2 0.332820 0.480381 2 0.339311 0.472380 2 0.332343 0.484913 2 0.338137 0.467255 2 0.335162 0.486017 2 0.338434 0.485189 2 0.334776 0.493688 2 0.338186 0.494045 2 0.335157 0.501356 2 0.339066 0.502777 2
0 0.400298 0.524471 0.028274 0.059524 0.404010 0.509883 2 0.404800 0.508036 2 0.403336 0.508234 2 0.407283 0.507191 2 0.404088 0.507542 1 0.408266 0.513860 2 0.406213 0.513005 2 0.400431 0.521458 2 0.399981 0.519772 2 0.394442 0.523943 2 0.394312 0.524175 2 0.411011 0.535831 2 0.409674 0.534304 2 0.400279 0.527512 2 0.400815 0.524369 2 0.399850 0.546485 2 0.401462 0.542970 2
0 0.470982 0.447090 0.019345 0.084656 0.471069 0.417988 1 0.470973 0.416582 1 0.471378 0.416603 1 0.469430 0.417575 2 0.473663 0.417575 2 0.467591 0.426590 2 0.475666 0.426008 2 0.465727 0.436378 2 0.477729 0.437427 2 0.468287 0.441640 2 0.476538 0.442617 2 0.469671 0.447586 2 0.475061 0.446960 2 0.470771 0.464978 2 0.474822 0.461344 2 0.471898 0.481980 2 0.474928 0.476161 2
0 0.387277 0.493386 0.023065 0.037037 0.387935 0.487833 2 0.388851 0.486295 2 0.387360 0.486545 2 0.390950 0.486373 2 0.387550 0.486809 1 0.391656 0.491379 2 0.389278 0.491305 2 0.386867 0.496346 2 0.385120 0.495330 2 0.383609 0.497486 2 0.383845 0.496896 2 0.396210 0.506726 2 0.394432 0.506225 2 0.387729 0.499269 2 0.386442 0.497870 2 0.391625 0.511300 2 0.391136 0.510117 2
0 0.393973 0.488757 0.018601 0.038360 0.388000 0.487576 2 0.388956 0.485982 2 0.387394 0.486328 2 0.391216 0.486006 2 0.387602 0.486606 1 0.391966 0.490861 2 0.388858 0.491603 2 0.387478 0.496066 2 0.385052 0.497618 2 0.385004 0.496104 2 0.385557 0.497858 2 0.396870 0.506904 2 0.394645 0.506916 2 0.387905 0.497669 2 0.386778 0.497095 2 0.390687 0.510440 2 0.390403 0.509591 2
0 0.398438 0.470899 0.021577 0.039683 0.388129 0.487177 2 0.389329 0.485420 2 0.387419 0.485378 2 0.391600 0.485456 2 0.386910 0.485199 1 0.392935 0.491288 2 0.386647 0.491289 2 0.392379 0.496076 1 0.384092 0.495947 1 0.388410 0.494872 1 0.385888 0.495066 1 0.393999 0.496929 1 0.389999 0.496909 1 0.392057 0.491748 1 0.388082 0.491990 1 0.390911 0.491972 1 0.391023 0.494385 1
0 0.517113 0.467593 0.025298 0.085979 0.512938 0.436520 2 0.514170 0.434871 2 0.512282 0.434628 2 0.516362 0.435218 2 0.511416 0.434791 2 0.518840 0.442895 2 0.510003 0.443385 2 0.521731 0.452873 2 0.509109 0.454200 2 0.522671 0.464664 2 0.508419 0.462913 2 0.519644 0.466850 2 0.512821 0.467202 2 0.524505 0.483601 2 0.510108 0.483003 2 0.528481 0.498435 2 0.511703 0.498507 2
0 0.488095 0.465608 0.016369 0.084656 0.488545 0.435827 2 0.489459 0.433688 2 0.487563 0.434479 2 0.491511 0.433847 2 0.486845 0.435726 2 0.494106 0.443858 2 0.486163 0.444702 2 0.494407 0.453626 2 0.487002 0.454131 2 0.490122 0.449957 2 0.491511 0.451203 2 0.493050 0.468322 2 0.487454 0.468236 2 0.492270 0.485882 2 0.487068 0.484571 2 0.491797 0.500606 2 0.488040 0.496358 2
0 0.438988 0.347884 0.014881 0.066138 0.439393 0.355605 2 0.440027 0.354233 2 0.438629 0.354357 2 0.440942 0.354543 2 0.437536 0.355031 2 0.442385 0.360166 2 0.436473 0.362132 2 0.443848 0.360857 2 0.433159 0.366047 2 0.439726 0.360560 2 0.432664 0.365104 2 0.442652 0.380137 2 0.438598 0.380905 2 0.443336 0.390640 2 0.438579 0.390891 1 0.444058 0.394180 1 0.438205 0.394028 1
0 0.565476 0.330026 0.013393 0.064815 0.566479 0.300794 2 0.567171 0.299814 2 0.566031 0.299780 2 0.568466 0.300822 2 0.565520 0.300765 2 0.569905 0.307371 2 0.563904 0.307231 2 0.571049 0.314735 2 0.562157 0.314669 2 0.569741 0.320300 2 0.562752 0.321531 2 0.568883 0.321472 2 0.564629 0.321376 2 0.569822 0.330303 2 0.562974 0.330067 2 0.569392 0.341235 2 0.561705 0.340369 2
0 0.429315 0.386243 0.011905 0.050265 0.432960 0.363585 1 0.432915 0.362643 1 0.433171 0.362389 1 0.432482 0.362568 2 0.434754 0.361891 2 0.431966 0.367632 2 0.436237 0.366414 2 0.430681 0.374080 2 0.437299 0.372638 1 0.430329 0.374113 1 0.436504 0.376122 1 0.432989 0.381700 2 0.435834 0.381055 2 0.433388 0.391269 2 0.435637 0.390740 2 0.433737 0.399736 1 0.435287 0.400073 1
0 0.436012 0.378307 0.011905 0.050265 0.439537 0.355283 2 0.440148 0.354030 2 0.438812 0.354205 2 0.441047 0.354342 2 0.437792 0.354797 2 0.442664 0.361011 2 0.436972 0.361805 2 0.443687 0.369469 1 0.435308 0.369815 2 0.442898 0.377431 1 0.434952 0.374464 1 0.441862 0.378723 2 0.438254 0.378994 2 0.441415 0.390486 2 0.438875 0.390845 2 0.441636 0.400488 2 0.439821 0.401848 2
0 0.354539 0.487434 0.014137 0.059524 0.350946 0.471059 1 0.351001 0.469671 1 0.351566 0.469503 1 0.351426 0.470627 2 0.355160 0.469787 2 0.351523 0.479523 2 0.356694 0.477259 2 0.350590 0.487785 2 0.358269 0.480345 2 0.350607 0.490443 1 0.356514 0.474029 2 0.353014 0.494649 2 0.356419 0.493729 2 0.353670 0.504905 2 0.355856 0.504887 2 0.353496 0.515342 2 0.356036 0.515315 2
