0 0.860491 0.654101 0.051339 0.130952 0.864512 0.605538 1 0.865201 0.603280 1 0.866496 0.604312 1 0.866141 0.607354 2 0.875020 0.609374 2 0.858279 0.620471 2 0.880524 0.630884 2 0.847577 0.628378 2 0.881407 0.653961 2 0.841706 0.625747 2 0.875437 0.645186 1 0.856181 0.675140 2 0.871350 0.678999 2 0.839784 0.664514 2 0.861714 0.673335 2 0.849824 0.701712 2 0.868478 0.708655 2
0 0.441964 0.549603 0.022321 0.085979 0.442891 0.523500 2 0.444214 0.521752 2 0.441620 0.521571 2 0.446142 0.523044 2 0.439742 0.522747 2 0.447179 0.532950 2 0.438734 0.533046 2 0.450071 0.543383 2 0.436709 0.543106 2 0.449835 0.553128 2 0.436219 0.550430 2 0.445995 0.555117 2 0.440189 0.555308 2 0.447381 0.569559 2 0.439919 0.570303 2 0.449837 0.583005 2 0.440118 0.584132 2
0 0.434896 0.515212 0.021577 0.128307 0.442488 0.469209 2 0.441947 0.466966 1 0.441590 0.466953 2 0.439096 0.468783 1 0.438196 0.469192 2 0.439710 0.482966 2 0.432385 0.484658 2 0.439470 0.500818 2 0.431340 0.505382 2 0.443882 0.500434 2 0.442048 0.502770 2 0.439654 0.521686 2 0.434220 0.523195 2 0.440019 0.550918 2 0.434135 0.552819 2 0.437331 0.576983 2 0.432485 0.578462 2
0 0.555804 0.466270 0.022321 0.075397 0.555437 0.435782 2 0.556492 0.434159 2 0.554581 0.434027 2 0.558172 0.435737 2 0.553610 0.435595 2 0.559764 0.443193 2 0.551841 0.443207 2 0.562521 0.448630 2 0.549768 0.448495 2 0.563221 0.447019 2 0.549298 0.447527 2 0.558923 0.461554 2 0.552954 0.461739 2 0.564218 0.469282 2 0.548966 0.470056 2 0.563767 0.484422 2 0.549890 0.484703 2
0 0.553571 0.449074 0.028274 0.093915 0.555462 0.435510 2 0.556504 0.433958 2 0.554624 0.433822 2 0.558205 0.435638 2 0.553774 0.435517 2 0.559677 0.442291 2 0.552261 0.442448 2 0.562360 0.448163 2 0.549835 0.447655 2 0.563675 0.448430 2 0.549170 0.446783 2 0.558991 0.459974 2 0.553373 0.460295 2 0.564442 0.468634 2 0.548865 0.469967 2 0.563610 0.483807 2 0.549499 0.484976 2
0 0.414062 0.421958 0.018601 0.095238 0.417039 0.383875 1 0.416305 0.382245 1 0.416778 0.382277 1 0.412375 0.383262 1 0.416113 0.383562 2 0.410660 0.390586 2 0.417752 0.391165 2 0.409851 0.383690 2 0.421016 0.384395 2 0.411861 0.380169 2 0.418723 0.381776 2 0.412736 0.415621 2 0.417348 0.416073 2 0.413058 0.436561 2 0.417040 0.436483 2 0.412702 0.456894 2 0.417243 0.458042 2
0 0.442708 0.394841 0.026786 0.096561 0.439688 0.357468 1 0.439456 0.355499 1 0.439962 0.355642 1 0.436876 0.356585 2 0.441726 0.356787 2 0.434830 0.367702 2 0.442471 0.367476 2 0.432103 0.377528 2 0.446670 0.377898 2 0.434008 0.371174 2 0.452602 0.385150 2 0.436319 0.393835 2 0.441339 0.393991 2 0.435034 0.413674 2 0.441745 0.414825 2 0.432908 0.432234 2 0.441402 0.433852 2
0 0.486979 0.458333 0.031994 0.109788 0.485813 0.416524 2 0.486897 0.413929 2 0.484730 0.414680 2 0.489963 0.413546 2 0.485039 0.415532 1 0.491745 0.422501 2 0.488629 0.424394 2 0.486404 0.433856 2 0.485574 0.436180 2 0.478149 0.439712 2 0.479195 0.441659 2 0.496052 0.453131 2 0.493742 0.453579 2 0.494026 0.476514 2 0.493097 0.476275 2 0.494273 0.496032 2 0.492886 0.495159 2
0 0.234375 0.468915 0.022321 0.085979 0.234338 0.441932 2 0.234792 0.439698 2 0.233282 0.440073 2 0.236861 0.435755 2 0.234609 0.436682 1 0.237635 0.441908 2 0.239870 0.440684 2 0.236013 0.451475 2 0.236121 0.442888 2 0.235382 0.445029 2 0.234637 0.443640 1 0.239260 0.464318 2 0.241965 0.463945 2 0.232263 0.472756 2 0.241593 0.477021 2 0.235575 0.483203 2 0.245505 0.489358 2
0 0.289807 0.392196 0.014137 0.056878 0.289619 0.375093 2 0.290430 0.373809 2 0.288753 0.373964 2 0.291577 0.373796 2 0.287538 0.374095 2 0.292262 0.379608 2 0.286982 0.379811 2 0.293794 0.386106 2 0.285708 0.386502 2 0.293897 0.390344 2 0.285964 0.392921 2 0.291841 0.394258 2 0.288571 0.394423 2 0.291579 0.404236 2 0.289480 0.404485 2 0.291654 0.414476 2 0.289247 0.414612 2
0 0.283854 0.380952 0.017113 0.082011 0.281976 0.350609 2 0.282227 0.349174 2 0.281841 0.349131 1 0.283957 0.348428 2 0.283313 0.348474 1 0.286454 0.353887 2 0.284988 0.353289 2 0.284141 0.362862 2 0.283577 0.361908 2 0.280174 0.361500 2 0.281170 0.361946 2 0.288657 0.370939 2 0.287469 0.370427 2 0.288773 0.386485 2 0.286930 0.385214 2 0.290811 0.401458 2 0.288998 0.400629 2
0 0.410714 0.275132 0.019345 0.039683 0.412187 0.263563 1 0.412161 0.262626 1 0.412449 0.262780 1 0.412646 0.262445 2 0.414735 0.262508 2 0.412955 0.265831 2 0.416137 0.266747 2 0.411033 0.271443 2 0.416706 0.273053 1 0.409175 0.275827 2 0.415535 0.278162 1 0.413588 0.279454 2 0.415810 0.279691 2 0.408580 0.278468 2 0.411839 0.280777 2 0.406428 0.286520 2 0.410318 0.289490 2
0 0.527530 0.300265 0.019345 0.079365 0.528699 0.272832 2 0.529432 0.271246 2 0.527861 0.271414 2 0.530403 0.271203 2 0.526486 0.271502 2 0.532418 0.279402 2 0.524317 0.279800 2 0.534467 0.289625 2 0.522066 0.290660 2 0.533675 0.299199 2 0.521609 0.302011 2 0.530650 0.302405 2 0.525385 0.302434 2 0.530362 0.317845 2 0.525091 0.317586 2 0.529179 0.330466 2 0.524827 0.330042 2
0 0.380952 0.271825 0.010417 0.048942 0.381027 0.257676 1 0.380961 0.256975 1 0.381181 0.256777 1 0.380409 0.257486 2 0.382539 0.256889 2 0.380288 0.262211 2 0.384154 0.260929 2 0.379952 0.267526 2 0.385966 0.265316 2 0.380235 0.271491 2 0.385570 0.269274 2 0.381946 0.272256 2 0.384526 0.271502 2 0.382157 0.279457 2 0.384145 0.278261 2 0.381928 0.285626 2 0.383779 0.285276 2
