0 0.563616 0.594577 0.018601 0.107143 0.561586 0.547906 1 0.560766 0.545871 1 0.561308 0.545790 1 0.556579 0.546760 1 0.559859 0.546776 2 0.554889 0.556959 2 0.559182 0.557708 2 0.559004 0.568982 1 0.563013 0.570285 2 0.564666 0.567236 1 0.565874 0.567308 2 0.557618 0.584761 2 0.560524 0.585790 2 0.559663 0.607188 2 0.561703 0.608518 2 0.558706 0.628516 2 0.560216 0.629940 2
0 0.561384 0.559524 0.033482 0.071429 0.561174 0.546906 1 0.560232 0.544953 1 0.561175 0.544872 1 0.555910 0.545517 1 0.560150 0.545662 2 0.553665 0.556295 2 0.558879 0.556588 2 0.558710 0.568871 2 0.563472 0.569055 2 0.564074 0.567534 1 0.565985 0.567920 2 0.555647 0.584091 2 0.559349 0.584988 2 0.559830 0.598658 1 0.563946 0.600142 2 0.557704 0.607545 1 0.561496 0.606922 1
0 0.537574 0.500000 0.012649 0.074074 0.537733 0.476814 2 0.538569 0.475350 2 0.537058 0.475242 2 0.539640 0.474396 2 0.535795 0.474133 2 0.540230 0.479322 2 0.533673 0.480235 2 0.541471 0.488229 2 0.532957 0.490871 2 0.542389 0.494469 2 0.537012 0.496387 2 0.539819 0.498413 2 0.535145 0.499270 2 0.542240 0.511221 2 0.534800 0.513083 2 0.541438 0.524562 2 0.534117 0.527141 2
0 0.552455 0.498016 0.017113 0.075397 0.546817 0.469352 2 0.547498 0.468013 2 0.546229 0.468038 2 0.548726 0.467501 2 0.545554 0.467541 2 0.549940 0.473388 2 0.544737 0.471924 2 0.550062 0.480762 2 0.541909 0.476754 2 0.548657 0.483807 2 0.541861 0.480427 2 0.548684 0.484252 2 0.545094 0.483439 2 0.550091 0.491970 2 0.544147 0.490450 2 0.549793 0.494952 2 0.543631 0.493192 2
0 0.469866 0.523810 0.018601 0.089947 0.465016 0.491153 1 0.464896 0.489565 1 0.465456 0.489732 1 0.463250 0.491188 2 0.467641 0.491311 2 0.461296 0.500849 2 0.469157 0.500561 2 0.459154 0.512086 2 0.470894 0.510672 2 0.458961 0.519534 2 0.469941 0.514923 2 0.462901 0.520574 2 0.468094 0.520500 2 0.463231 0.538427 2 0.467420 0.537648 2 0.464483 0.555057 2 0.467303 0.553448 2
0 0.497024 0.549603 0.020833 0.099206 0.502005 0.511418 2 0.501301 0.509707 1 0.501456 0.509557 2 0.496949 0.511483 1 0.499263 0.511598 2 0.493013 0.522666 2 0.499358 0.523342 2 0.490350 0.537739 2 0.501443 0.536375 2 0.490404 0.548525 2 0.503678 0.534987 2 0.494162 0.549291 2 0.498315 0.550157 2 0.495242 0.569604 2 0.498732 0.570564 2 0.495371 0.587789 2 0.497928 0.588959 2
0 0.495164 0.519180 0.021577 0.088624 0.502289 0.511564 2 0.501730 0.509966 1 0.501546 0.509850 2 0.498208 0.511183 1 0.498884 0.511514 2 0.493823 0.521111 2 0.499417 0.522405 2 0.490415 0.536825 2 0.501883 0.536646 2 0.490571 0.547783 2 0.503409 0.531904 2 0.494630 0.550120 2 0.498168 0.551001 2 0.495402 0.570405 2 0.498519 0.571310 2 0.495836 0.580192 1 0.498026 0.580192 1
0 0.508929 0.515212 0.014881 0.067460 0.516979 0.476725 2 0.517461 0.475491 2 0.516270 0.475303 2 0.517562 0.476124 1 0.514378 0.475520 2 0.517367 0.483703 2 0.512076 0.482805 2 0.518427 0.491892 2 0.509960 0.492289 2 0.518788 0.492953 2 0.510958 0.501390 2 0.516539 0.501799 2 0.513101 0.501612 2 0.516097 0.516001 2 0.512638 0.515502 2 0.515601 0.530036 2 0.511695 0.528705 2
0 0.514881 0.501323 0.016369 0.076720 0.517059 0.476647 2 0.517584 0.475394 2 0.516335 0.475132 2 0.517594 0.476087 1 0.514571 0.475356 2 0.517654 0.483505 2 0.512340 0.482722 2 0.518932 0.492732 2 0.510306 0.492626 2 0.520310 0.500648 2 0.511112 0.502040 2 0.516613 0.501515 2 0.513162 0.501456 2 0.516338 0.515969 2 0.512746 0.515988 2 0.515714 0.529960 2 0.511945 0.529881 2
0 0.474702 0.505952 0.014881 0.078042 0.471172 0.476547 1 0.471133 0.475005 1 0.471514 0.474965 1 0.469968 0.475835 2 0.473689 0.475645 2 0.468869 0.484871 2 0.475128 0.484931 2 0.468818 0.496416 2 0.475877 0.496753 2 0.469921 0.507695 1 0.474045 0.506446 2 0.470186 0.506049 2 0.474587 0.505975 2 0.470665 0.523375 2 0.473805 0.523285 2 0.471402 0.538664 2 0.473639 0.538901 2
0 0.458333 0.501984 0.016369 0.083333 0.459488 0.471889 1 0.459059 0.470268 1 0.459463 0.470226 1 0.456156 0.471147 2 0.460102 0.471173 2 0.454469 0.481268 2 0.462077 0.481053 2 0.454070 0.493170 2 0.463622 0.492337 2 0.455117 0.502892 1 0.462871 0.500509 1 0.455975 0.502777 2 0.461304 0.502772 2 0.456883 0.521380 2 0.461515 0.521109 2 0.457906 0.538229 2 0.461093 0.538887 2
0 0.936756 0.978175 0.049107 0.041005 0.930505 0.988975 2 0.933006 0.983313 2 0.927206 0.982972 2 0.935394 0.983199 2 0.921047 0.982745 2 0.938372 1.000000 2 0.911984 1.000000 2 0.940038 1.000000 1 0.908457 1.000000 1 0.933903 1.000000 1 0.917234 0.999407 1 0.932333 1.000000 1 0.915481 1.000000 1 0.934862 0.997888 1 0.914000 1.000000 1 0.919410 1.000000 1 0.921597 1.000000 1
0 0.886161 0.946429 0.046131 0.104497 0.885436 0.911576 2 0.888019 0.908600 2 0.883104 0.908049 2 0.891752 0.913336 2 0.879569 0.912022 2 0.894852 0.935784 2 0.872192 0.931574 2 0.899223 0.962644 2 0.865362 0.954196 2 0.902368 0.984669 2 0.864574 0.980270 2 0.888781 0.989915 2 0.873401 0.988535 2 0.892414 1.000000 1 0.870837 1.000000 1 0.890353 1.000000 1 0.872446 0.997531 1
0 0.622768 0.615079 0.028274 0.111111 0.624705 0.574741 2 0.625562 0.572447 2 0.624981 0.572297 1 0.627895 0.573539 2 0.626991 0.572625 1 0.631196 0.587737 2 0.627234 0.583230 2 0.632492 0.601114 2 0.629403 0.595987 1 0.632078 0.608083 2 0.629009 0.600676 1 0.629167 0.617267 2 0.625121 0.613398 2 0.629992 0.638702 2 0.617635 0.625690 2 0.630817 0.662298 2 0.616291 0.644560 2
