0 0.495908 0.741402 0.043899 0.157407 0.491567 0.687862 2 0.492731 0.684072 2 0.490897 0.685180 2 0.498151 0.681519 2 0.492543 0.684290 1 0.508186 0.694326 2 0.492522 0.697980 2 0.516819 0.711626 2 0.492291 0.715905 2 0.519637 0.724724 2 0.497051 0.720021 2 0.505516 0.744654 2 0.493122 0.745498 2 0.511821 0.781811 2 0.487010 0.781902 2 0.514932 0.816503 2 0.482193 0.818587 2
0 0.481027 0.742725 0.043899 0.128307 0.491873 0.688375 2 0.492463 0.684704 2 0.491367 0.686079 2 0.497838 0.680369 2 0.493364 0.684194 1 0.509563 0.694357 2 0.492734 0.700625 2 0.511161 0.716258 1 0.491320 0.718007 2 0.510873 0.734785 1 0.495997 0.719293 2 0.505802 0.744635 2 0.492819 0.746793 2 0.505710 0.777496 2 0.487162 0.784427 2 0.509248 0.808239 2 0.480912 0.822518 2
0 0.443080 0.548280 0.021577 0.099206 0.446471 0.511876 1 0.446210 0.509932 1 0.446849 0.510166 1 0.443547 0.511052 2 0.448463 0.511571 2 0.440781 0.521868 2 0.449666 0.522728 2 0.438289 0.535465 2 0.451195 0.535650 2 0.437569 0.546092 2 0.451744 0.540538 2 0.442013 0.546342 2 0.447704 0.546935 2 0.443122 0.567451 2 0.446607 0.568271 2 0.443412 0.588042 2 0.444754 0.588237 2
0 0.491443 0.589947 0.020089 0.116402 0.496840 0.547619 1 0.495838 0.545475 1 0.496347 0.545399 1 0.490547 0.546436 1 0.494520 0.546695 2 0.486887 0.558512 2 0.496458 0.559271 2 0.485120 0.575670 2 0.499740 0.574702 2 0.486131 0.589500 1 0.499412 0.583213 2 0.488412 0.590291 2 0.494667 0.591024 2 0.490028 0.614250 2 0.494000 0.615550 2 0.491147 0.634761 2 0.492866 0.638879 2
0 0.459821 0.548280 0.025298 0.104497 0.453999 0.509428 1 0.454131 0.507454 1 0.454644 0.507170 1 0.455106 0.507593 2 0.460180 0.506533 2 0.454215 0.519117 2 0.465115 0.516714 2 0.453064 0.534239 2 0.468506 0.531184 2 0.454531 0.537418 2 0.470553 0.542303 2 0.458254 0.547471 2 0.465710 0.546244 2 0.458575 0.568743 2 0.465914 0.567414 2 0.459982 0.591215 2 0.465696 0.589460 2
0 0.500372 0.555556 0.015625 0.076720 0.496765 0.546629 2 0.495996 0.544999 1 0.496232 0.545021 2 0.491898 0.546382 1 0.494411 0.546859 2 0.489583 0.556850 2 0.496078 0.558634 2 0.490484 0.568952 1 0.499594 0.573094 2 0.495138 0.566923 1 0.501409 0.568383 2 0.489718 0.589134 2 0.494296 0.589936 2 0.490084 0.606546 1 0.494178 0.606510 2 0.491143 0.608135 1 0.492630 0.608135 1
0 0.489211 0.539021 0.017113 0.088624 0.496644 0.547056 1 0.495491 0.545326 1 0.496226 0.545330 1 0.489988 0.546837 2 0.494528 0.547377 2 0.486285 0.558992 2 0.496614 0.559608 2 0.484893 0.576265 2 0.499514 0.574330 2 0.485476 0.591223 1 0.498426 0.574619 1 0.487323 0.591675 2 0.494426 0.592075 2 0.488083 0.600529 1 0.495773 0.600529 1 0.488284 0.600529 1 0.494200 0.600414 1
0 0.475074 0.503968 0.015625 0.082011 0.464791 0.507560 1 0.464789 0.505867 1 0.464473 0.505913 1 0.464449 0.506819 1 0.464578 0.506922 1 0.465624 0.517238 2 0.466106 0.517237 2 0.468845 0.531115 1 0.468782 0.531255 2 0.470943 0.543693 2 0.470775 0.543569 2 0.465385 0.547033 2 0.465605 0.546693 2 0.465721 0.560371 1 0.465909 0.560371 1 0.466367 0.560371 1 0.466424 0.560371 1
0 0.465030 0.496032 0.017857 0.082011 0.454265 0.509552 1 0.454282 0.507922 1 0.454941 0.507672 1 0.454729 0.508447 2 0.459875 0.507246 2 0.454435 0.519116 2 0.464895 0.516784 2 0.453556 0.535628 2 0.468258 0.532067 2 0.455350 0.545127 1 0.470696 0.543017 2 0.458101 0.548931 2 0.465405 0.547646 2 0.456798 0.552910 1 0.466947 0.552910 1 0.457178 0.552910 1 0.466453 0.552363 1
0 0.426711 0.441799 0.015625 0.060847 0.435513 0.421428 1 0.435299 0.420141 1 0.435709 0.420220 1 0.433442 0.420017 2 0.436595 0.420339 2 0.431282 0.425955 2 0.436893 0.426573 2 0.429885 0.435109 2 0.437060 0.436151 2 0.430253 0.442604 2 0.436598 0.443968 1 0.431620 0.443045 2 0.435378 0.443489 2 0.432640 0.455389 2 0.434621 0.456556 2 0.432744 0.467334 2 0.433598 0.467511 2
0 0.600074 0.443783 0.011161 0.046296 0.605964 0.430142 2 0.605952 0.429289 1 0.605750 0.429179 2 0.605193 0.429175 1 0.604682 0.428923 2 0.605171 0.433456 2 0.603172 0.433493 2 0.606225 0.439029 1 0.603017 0.439770 2 0.606502 0.443546 1 0.603734 0.445634 2 0.604873 0.446065 2 0.603598 0.446145 2 0.604292 0.454166 2 0.603177 0.454177 2 0.603906 0.463769 2 0.602887 0.464047 2
0 0.554688 0.465608 0.011161 0.042328 0.554781 0.454952 2 0.554805 0.454163 2 0.554777 0.453914 1 0.555705 0.453856 2 0.556024 0.453187 1 0.557631 0.457234 2 0.557494 0.455547 2 0.557752 0.463359 2 0.556061 0.460208 2 0.555008 0.461763 2 0.553859 0.460861 2 0.561883 0.466030 2 0.561790 0.465214 2 0.560470 0.474774 2 0.560708 0.473516 2 0.560276 0.482928 2 0.560303 0.481765 2
0 0.617188 0.423280 0.009673 0.042328 0.622316 0.406646 1 0.621999 0.405610 1 0.622251 0.405716 1 0.620133 0.405699 2 0.621967 0.406064 2 0.618841 0.410923 2 0.622105 0.411299 2 0.617461 0.416710 2 0.622760 0.417641 2 0.616291 0.421982 2 0.622501 0.422045 1 0.619218 0.423472 2 0.621451 0.423657 2 0.619544 0.432839 2 0.621751 0.432604 2 0.619186 0.441963 2 0.621802 0.441263 2
