0 0.924895 0.795518 0.017857 0.078431 0.923966 0.766430 2 0.924518 0.764988 2 0.924074 0.764807 1 0.926496 0.765409 2 0.925330 0.764893 1 0.929574 0.775134 2 0.924584 0.772361 2 0.928336 0.784987 2 0.921529 0.779790 2 0.922145 0.779545 2 0.919882 0.779495 1 0.927001 0.798381 2 0.923297 0.796214 2 0.924903 0.810782 1 0.921113 0.807158 1 0.926382 0.819731 1 0.920697 0.816575 1
0 0.324580 0.653128 0.023109 0.055089 0.322270 0.636784 2 0.321941 0.635533 1 0.321838 0.635718 2 0.320560 0.635352 1 0.320037 0.636127 2 0.320107 0.639482 2 0.319153 0.643291 2 0.324659 0.641486 2 0.320945 0.652530 2 0.329371 0.642019 2 0.324120 0.656010 2 0.321119 0.654412 2 0.320801 0.657107 2 0.327661 0.656759 2 0.328123 0.659119 2 0.329680 0.668739 2 0.330546 0.670819 2
0 0.775735 0.725023 0.017857 0.055089 0.777481 0.704015 1 0.777470 0.702784 1 0.777866 0.703125 1 0.777458 0.703570 2 0.780601 0.704370 1 0.776242 0.709324 2 0.779733 0.710216 2 0.771349 0.708557 2 0.775360 0.708404 2 0.769787 0.704662 2 0.771777 0.704919 1 0.776166 0.725815 2 0.779220 0.726557 2 0.771665 0.735278 2 0.779135 0.739481 2 0.770092 0.748303 2 0.782850 0.750222 2
0 0.788078 0.720822 0.015231 0.054155 0.777836 0.704221 1 0.777862 0.703191 1 0.777836 0.703059 1 0.778297 0.704018 1 0.778676 0.703713 1 0.778709 0.711005 2 0.779000 0.709881 1 0.777957 0.720429 1 0.778220 0.717557 1 0.777836 0.722735 1 0.777836 0.721076 1 0.778932 0.727231 2 0.779061 0.726760 2 0.779180 0.740090 2 0.779052 0.739672 2 0.783164 0.750628 2 0.782708 0.750356 2
0 0.456408 0.228758 0.011555 0.044818 0.454916 0.216169 2 0.455237 0.215558 2 0.454958 0.215371 1 0.455914 0.215979 2 0.455415 0.215613 1 0.456175 0.220438 2 0.455904 0.220328 2 0.454960 0.225666 2 0.454591 0.224898 2 0.452271 0.227601 2 0.452646 0.226936 2 0.456059 0.230770 2 0.455621 0.230655 2 0.455787 0.237909 2 0.454853 0.238495 2 0.458967 0.244003 2 0.455148 0.246334 2
0 0.409664 0.377684 0.014706 0.045752 0.408095 0.361267 2 0.408687 0.360303 2 0.407811 0.360399 2 0.409917 0.361109 2 0.407696 0.361313 1 0.411035 0.367125 2 0.407424 0.367190 2 0.411791 0.372521 2 0.405758 0.371491 2 0.409944 0.374464 2 0.404198 0.371667 2 0.411262 0.377284 2 0.408798 0.377245 2 0.411864 0.385660 2 0.408963 0.385380 2 0.412736 0.392716 2 0.409014 0.392283 2
0 0.159401 0.382353 0.013130 0.043884 0.156297 0.366087 1 0.156362 0.365233 1 0.156049 0.365370 1 0.155956 0.365183 1 0.156212 0.365357 2 0.156351 0.368456 2 0.156371 0.368631 2 0.155788 0.370267 2 0.156257 0.371094 2 0.155619 0.367473 2 0.156100 0.369689 2 0.157179 0.381151 2 0.157637 0.381214 2 0.156173 0.389016 2 0.160299 0.388516 2 0.154437 0.396559 2 0.162226 0.396317 2
0 0.746849 0.680205 0.019958 0.060691 0.750273 0.662446 2 0.749843 0.660991 1 0.749987 0.661091 2 0.747563 0.660862 1 0.748287 0.661492 2 0.745707 0.667153 2 0.746086 0.668232 2 0.748128 0.675777 1 0.747946 0.677942 2 0.752764 0.679274 1 0.751696 0.682787 2 0.743196 0.683571 2 0.743446 0.684853 2 0.750155 0.686667 2 0.750309 0.688626 2 0.749428 0.702039 2 0.750148 0.703146 2
0 0.424895 0.357143 0.012605 0.036415 0.425035 0.351245 1 0.425021 0.350558 1 0.425178 0.350532 1 0.424072 0.350309 2 0.426149 0.350215 2 0.422257 0.353593 2 0.426873 0.353280 2 0.420084 0.358493 2 0.428364 0.357546 2 0.421150 0.362835 2 0.429483 0.361910 2 0.422850 0.364680 2 0.426061 0.364585 2 0.422354 0.372975 2 0.426681 0.372883 2 0.421776 0.379731 2 0.426774 0.379195 2
0 0.030200 0.450047 0.017332 0.050420 0.030557 0.434692 1 0.030611 0.433572 1 0.030952 0.433391 1 0.031198 0.433811 2 0.033612 0.433106 1 0.031962 0.440014 2 0.035449 0.438872 2 0.030743 0.448486 2 0.032527 0.445467 1 0.027849 0.450290 2 0.027574 0.446685 1 0.034493 0.454098 2 0.037065 0.453090 2 0.026055 0.453783 2 0.030379 0.453751 2 0.029659 0.465163 2 0.033814 0.465308 2
0 0.458771 0.647526 0.020483 0.055089 0.458238 0.628679 2 0.458131 0.627286 1 0.457622 0.627386 2 0.457114 0.626967 1 0.455428 0.627386 2 0.455651 0.632470 2 0.454396 0.633906 2 0.458393 0.639172 1 0.457586 0.642099 2 0.461268 0.639770 1 0.461357 0.641531 2 0.456078 0.645944 2 0.455006 0.647593 2 0.462980 0.645225 2 0.461896 0.647684 2 0.461402 0.659755 2 0.459582 0.660818 2
