0 0.562500 0.575397 0.017857 0.103175 0.565263 0.535426 1 0.564322 0.533775 1 0.565266 0.533486 1 0.560068 0.534625 1 0.564490 0.534348 2 0.557963 0.543891 2 0.563834 0.544368 2 0.562416 0.555294 2 0.567388 0.556627 2 0.568048 0.553667 1 0.570132 0.554457 2 0.560730 0.571829 2 0.564823 0.572576 2 0.563586 0.592934 2 0.566828 0.594332 2 0.562605 0.612887 2 0.564757 0.613953 2
0 0.561384 0.546296 0.033482 0.071429 0.565314 0.534958 1 0.564419 0.533212 1 0.565303 0.533094 1 0.560260 0.533612 1 0.564399 0.533840 2 0.557497 0.543091 2 0.562951 0.543649 2 0.562169 0.554614 1 0.567056 0.555605 2 0.568168 0.554108 1 0.570074 0.555343 2 0.559386 0.568598 2 0.563040 0.569848 2 0.566175 0.581433 1 0.568742 0.583503 2 0.565105 0.592524 1 0.566439 0.591899 1
0 0.410342 0.422619 0.011161 0.046296 0.410287 0.407725 2 0.410634 0.406554 2 0.409869 0.406896 1 0.411771 0.405994 2 0.409878 0.406879 1 0.412872 0.410550 2 0.410415 0.411188 2 0.411269 0.415060 2 0.409393 0.415699 1 0.408848 0.415538 2 0.408917 0.416485 1 0.412708 0.422270 2 0.410960 0.422348 2 0.412017 0.429573 2 0.410636 0.429402 2 0.413101 0.438562 2 0.411280 0.437919 2
0 0.539435 0.492063 0.014881 0.074074 0.542777 0.467587 2 0.543258 0.466234 2 0.542008 0.466209 2 0.543750 0.466862 1 0.540316 0.466747 2 0.544299 0.474024 2 0.538036 0.474653 2 0.545962 0.481892 2 0.537079 0.484608 2 0.546201 0.485188 2 0.541157 0.488922 2 0.544017 0.492288 2 0.539412 0.492764 2 0.545283 0.507127 2 0.538931 0.508222 2 0.545007 0.521998 2 0.536938 0.522923 2
0 0.497396 0.548280 0.023065 0.099206 0.505138 0.512588 1 0.504270 0.510896 1 0.504665 0.510860 1 0.499735 0.511975 1 0.503194 0.512343 2 0.495719 0.522665 2 0.505072 0.523399 2 0.493577 0.537025 2 0.507194 0.536996 2 0.494315 0.549606 2 0.508279 0.547913 2 0.496894 0.549675 2 0.503270 0.550353 2 0.497782 0.566771 2 0.503676 0.568400 2 0.497978 0.582914 2 0.502117 0.586023 2
0 0.495164 0.522487 0.021577 0.095238 0.505113 0.512841 1 0.504381 0.511125 1 0.504655 0.511074 1 0.499977 0.512270 1 0.503266 0.512523 2 0.496092 0.522969 2 0.505039 0.523520 2 0.493879 0.536452 2 0.507268 0.537359 2 0.495291 0.548002 2 0.508143 0.548968 2 0.497271 0.550130 2 0.503381 0.550610 2 0.497958 0.568608 2 0.503794 0.568674 2 0.498158 0.583928 2 0.502559 0.585280 2
0 0.508929 0.513889 0.014881 0.067460 0.504949 0.511997 1 0.504046 0.510518 1 0.504603 0.510505 1 0.499990 0.511685 1 0.503245 0.512078 2 0.498512 0.521672 1 0.504789 0.522329 2 0.499009 0.535691 1 0.507360 0.536959 2 0.500989 0.546764 1 0.508078 0.548231 2 0.498575 0.550249 1 0.503467 0.550535 2 0.498780 0.560681 1 0.504021 0.560681 1 0.499618 0.560681 1 0.503474 0.560681 1
0 0.523065 0.503968 0.016369 0.076720 0.523709 0.478094 1 0.523947 0.476481 1 0.524468 0.476732 1 0.523766 0.477449 2 0.527433 0.477628 2 0.521732 0.486196 2 0.528602 0.486510 2 0.519064 0.496398 2 0.528951 0.497025 2 0.517490 0.504583 2 0.529229 0.505671 2 0.522287 0.505328 2 0.526683 0.505499 2 0.522796 0.518916 2 0.525210 0.519280 2 0.524224 0.532235 2 0.525090 0.532260 2
0 0.475446 0.505952 0.014881 0.078042 0.470462 0.491497 1 0.470122 0.489846 1 0.470617 0.489861 1 0.467764 0.491560 2 0.471949 0.491551 2 0.466388 0.502431 2 0.473729 0.502070 2 0.465166 0.514689 2 0.475762 0.513653 2 0.465258 0.523990 1 0.475110 0.519758 1 0.467974 0.522806 2 0.473070 0.522588 2 0.468477 0.540849 2 0.473383 0.539492 2 0.468820 0.556642 2 0.473728 0.555594 2
0 0.453497 0.503968 0.017113 0.087302 0.455841 0.471825 1 0.455524 0.470279 1 0.455880 0.470218 1 0.453047 0.471274 2 0.456912 0.471321 2 0.451171 0.480857 2 0.458438 0.480997 2 0.450089 0.491309 2 0.459943 0.492546 2 0.452623 0.497337 2 0.458835 0.500921 2 0.452612 0.501338 2 0.457645 0.501395 2 0.453713 0.519970 2 0.457644 0.519295 2 0.454296 0.537858 2 0.457386 0.537165 2
0 0.854167 0.902778 0.047619 0.160053 0.859885 0.846167 2 0.861157 0.841239 2 0.857364 0.841356 2 0.861077 0.840054 1 0.850797 0.839914 2 0.864214 0.857354 2 0.843582 0.859397 2 0.868324 0.884093 2 0.840806 0.890325 2 0.870440 0.912385 2 0.843688 0.919024 2 0.863223 0.918266 2 0.849705 0.920001 2 0.866583 0.958658 2 0.846010 0.961532 2 0.857228 0.990485 2 0.850705 0.996112 2
0 0.821429 0.861772 0.040179 0.162698 0.824911 0.805786 2 0.827303 0.803031 2 0.823599 0.801813 2 0.830017 0.801633 2 0.820801 0.798931 2 0.833272 0.811614 2 0.815287 0.813023 2 0.842943 0.813996 2 0.809223 0.832328 2 0.835441 0.800752 2 0.807455 0.853131 2 0.827621 0.862524 2 0.816581 0.861561 2 0.824714 0.899832 2 0.815552 0.898668 2 0.818857 0.931392 2 0.813950 0.934875 2
0 0.782738 0.870370 0.037202 0.119048 0.786843 0.831736 2 0.788060 0.828931 2 0.785049 0.829065 2 0.788721 0.829698 1 0.781012 0.829531 2 0.789657 0.842473 2 0.778063 0.841781 2 0.796353 0.850565 2 0.773721 0.848072 2 0.804178 0.852756 2 0.771239 0.851866 2 0.784684 0.873388 2 0.778075 0.873232 2 0.782668 0.890709 2 0.780159 0.892071 2 0.778001 0.903929 2 0.779482 0.908222 2
0 0.842262 0.880291 0.032738 0.138889 0.859846 0.844852 2 0.861127 0.840607 2 0.857453 0.841083 2 0.861492 0.839165 1 0.851009 0.840066 2 0.863879 0.857784 2 0.843652 0.859857 2 0.864583 0.885037 1 0.840836 0.889086 2 0.864583 0.914601 1 0.843308 0.918503 2 0.862325 0.918080 2 0.848565 0.919595 2 0.862675 0.959115 2 0.847383 0.960628 2 0.861580 0.976521 1 0.848668 0.976521 2
0 0.622768 0.599206 0.028274 0.105820 0.626673 0.561443 2 0.627994 0.559219 2 0.626202 0.559371 2 0.630809 0.560550 2 0.626563 0.560423 1 0.632427 0.574223 2 0.628492 0.571248 2 0.633015 0.586369 2 0.631348 0.585355 1 0.633790 0.592018 2 0.630845 0.592351 1 0.631450 0.602826 2 0.627671 0.599631 2 0.630340 0.624572 2 0.620925 0.612459 2 0.632237 0.646997 2 0.618587 0.630223 2
