0 0.245350 0.509590 0.004836 0.020503 0.245108 0.502677 2 0.245265 0.502255 1 0.244949 0.502288 1 0.245589 0.502248 2 0.244931 0.502326 2 0.246284 0.504401 2 0.244661 0.504420 2 0.247273 0.507300 2 0.243863 0.507062 2 0.247765 0.510145 2 0.243579 0.509671 2 0.245923 0.510584 2 0.244986 0.510591 2 0.245742 0.514667 2 0.245305 0.514759 2 0.246061 0.518501 2 0.245921 0.518608 2
0 0.237723 0.875992 0.010417 0.025794 0.236169 0.866378 1 0.236190 0.865827 1 0.236300 0.865718 1 0.235489 0.866486 2 0.237666 0.866014 2 0.234231 0.870729 2 0.239100 0.870027 2 0.233046 0.874103 2 0.240576 0.874544 2 0.233719 0.869705 1 0.240482 0.871518 2 0.234897 0.882483 2 0.238547 0.881956 2 0.234072 0.885161 2 0.240301 0.883299 2 0.232647 0.893069 2 0.239825 0.890990 2
0 0.576823 0.943122 0.010789 0.027778 0.579129 0.932848 1 0.579118 0.932189 1 0.579344 0.932271 1 0.578488 0.932819 2 0.580766 0.932781 2 0.577089 0.937512 2 0.582312 0.937182 2 0.575644 0.940393 2 0.583927 0.939890 2 0.576459 0.935420 2 0.583143 0.937779 1 0.577803 0.950697 2 0.581548 0.950507 2 0.576282 0.945093 2 0.582057 0.945011 2 0.576498 0.955033 2 0.581830 0.954533 2
0 0.529018 0.486442 0.005208 0.016534 0.529824 0.482941 1 0.529844 0.482492 1 0.529980 0.482579 1 0.529461 0.482727 2 0.530590 0.482889 2 0.528710 0.485147 2 0.530820 0.485426 2 0.527703 0.488186 2 0.531119 0.488697 2 0.527671 0.490981 2 0.531178 0.491144 1 0.528768 0.491859 2 0.530132 0.491975 2 0.528902 0.496351 2 0.529979 0.496408 2 0.528979 0.497796 1 0.529812 0.497673 1
0 0.517857 0.429894 0.005208 0.014550 0.517986 0.427111 1 0.518025 0.426807 1 0.518061 0.426812 1 0.517759 0.427022 2 0.518632 0.426947 2 0.517142 0.428935 2 0.519276 0.429006 2 0.516677 0.431836 2 0.519723 0.431967 2 0.516820 0.434581 2 0.519830 0.434806 2 0.517350 0.431831 2 0.519004 0.431882 2 0.516924 0.432274 2 0.519726 0.432489 2 0.516719 0.435629 2 0.519816 0.436266 2
0 0.811012 0.522817 0.005952 0.024471 0.811234 0.513337 1 0.811246 0.512828 1 0.811384 0.512851 1 0.811212 0.513000 2 0.812396 0.512958 2 0.811138 0.515881 2 0.813081 0.515669 2 0.810257 0.519011 2 0.813726 0.519054 2 0.809805 0.519104 2 0.813229 0.521743 1 0.810974 0.523147 2 0.812199 0.522905 2 0.810557 0.527953 2 0.811495 0.527862 2 0.810700 0.530389 1 0.811455 0.530623 1
0 0.834449 0.537368 0.006696 0.024471 0.834192 0.527356 1 0.834267 0.526897 1 0.834444 0.526968 1 0.834241 0.527247 2 0.835544 0.527323 2 0.833715 0.529844 2 0.835860 0.530108 2 0.832652 0.532708 2 0.836561 0.533720 2 0.832031 0.534296 2 0.836232 0.536641 2 0.834020 0.536782 2 0.835351 0.536859 2 0.833968 0.541183 2 0.834850 0.541234 2 0.834428 0.544960 2 0.835070 0.544542 2
0 0.718378 0.364749 0.004464 0.017857 0.719097 0.359504 1 0.719117 0.359187 1 0.719123 0.359171 1 0.718975 0.359299 2 0.719503 0.359213 2 0.718785 0.360981 2 0.719910 0.360778 2 0.718493 0.362877 2 0.720783 0.362074 2 0.718759 0.363417 2 0.720408 0.362109 2 0.719140 0.365325 2 0.719854 0.365247 2 0.719150 0.368668 2 0.719697 0.368829 2 0.719035 0.372013 2 0.719748 0.372282 2
0 0.621838 0.331349 0.004092 0.015873 0.622601 0.324650 1 0.622612 0.324362 1 0.622664 0.324357 1 0.622670 0.324458 2 0.623161 0.324437 1 0.622674 0.325994 2 0.623345 0.325878 2 0.622436 0.327806 2 0.623635 0.327827 2 0.622317 0.329114 2 0.623536 0.329387 1 0.622690 0.329603 2 0.623129 0.329482 2 0.622574 0.332276 2 0.623076 0.332052 2 0.622734 0.334982 2 0.623532 0.334430 2
0 0.983445 0.684193 0.008557 0.032407 0.984102 0.671066 1 0.984188 0.670551 1 0.984423 0.670681 1 0.984391 0.671038 2 0.985825 0.671198 2 0.984145 0.673925 2 0.986086 0.674383 2 0.983412 0.677490 2 0.986032 0.678837 2 0.982238 0.678339 2 0.985175 0.680696 1 0.983531 0.681399 2 0.984849 0.681433 2 0.982432 0.686593 2 0.983909 0.686813 2 0.983005 0.692235 2 0.984551 0.692052 2
0 0.993676 0.682540 0.006696 0.034392 0.993360 0.669872 1 0.993419 0.669214 1 0.993625 0.669307 1 0.993303 0.669607 2 0.994883 0.669662 2 0.992912 0.673368 2 0.995638 0.673569 2 0.992059 0.678060 2 0.996305 0.678403 2 0.991148 0.681732 2 0.996265 0.682051 2 0.992952 0.681893 2 0.994629 0.681824 2 0.991769 0.685727 2 0.992562 0.685909 2 0.992291 0.691943 2 0.992130 0.692331 2
0 0.755022 0.399802 0.005580 0.019180 0.756620 0.394135 1 0.756527 0.393734 1 0.756656 0.393747 1 0.755921 0.393846 1 0.756731 0.393922 2 0.755636 0.395991 2 0.756557 0.396102 2 0.755395 0.398626 2 0.756720 0.398740 2 0.755627 0.400566 1 0.756881 0.400562 1 0.755685 0.400808 2 0.756294 0.400889 2 0.755787 0.403719 2 0.756167 0.403808 2 0.755553 0.406305 2 0.755979 0.406417 2
0 0.741815 0.396164 0.005952 0.021164 0.742677 0.389932 1 0.742680 0.389578 1 0.742640 0.389579 1 0.742482 0.389636 1 0.742648 0.389641 2 0.742564 0.391482 2 0.742477 0.391491 2 0.742825 0.393877 2 0.742507 0.393888 2 0.742930 0.395930 1 0.742626 0.396054 2 0.742371 0.396005 2 0.742336 0.395989 2 0.742192 0.399007 2 0.742090 0.399042 2 0.741879 0.401927 2 0.741792 0.402008 2
0 0.753162 0.358135 0.005580 0.015212 0.754209 0.353725 2 0.754402 0.353363 2 0.754060 0.353403 1 0.754808 0.353377 2 0.753984 0.353463 1 0.755107 0.355134 2 0.753939 0.355105 2 0.755530 0.357262 2 0.753556 0.356837 2 0.755013 0.358126 2 0.753579 0.357637 2 0.754820 0.358838 2 0.754119 0.358770 2 0.754441 0.361335 2 0.754108 0.361348 2 0.754553 0.364462 2 0.754234 0.364361 2
0 0.499814 0.304563 0.003348 0.016534 0.499897 0.300608 1 0.499890 0.300356 1 0.499939 0.300363 1 0.499691 0.300494 1 0.500231 0.300491 2 0.499493 0.301871 2 0.500452 0.301909 2 0.499329 0.303380 2 0.500697 0.303586 2 0.499584 0.304263 1 0.500638 0.305096 2 0.499626 0.304888 2 0.500253 0.304921 2 0.499685 0.307246 2 0.500082 0.307256 2 0.499731 0.309452 2 0.499917 0.309524 2
0 0.602121 0.736442 0.010789 0.031085 0.601638 0.726345 2 0.601876 0.725803 2 0.601369 0.725894 1 0.602288 0.724896 2 0.600986 0.725013 2 0.603193 0.725886 2 0.600116 0.725107 2 0.604046 0.729915 2 0.599693 0.729607 2 0.602803 0.730976 2 0.600563 0.731235 2 0.602944 0.733549 2 0.600613 0.732922 2 0.603674 0.740139 2 0.599046 0.737289 2 0.604185 0.748806 2 0.599174 0.743571 2
0 0.612909 0.717923 0.008557 0.029762 0.613761 0.706008 1 0.613710 0.705416 1 0.614007 0.705361 1 0.613287 0.705732 2 0.615219 0.705512 2 0.612993 0.708995 2 0.615609 0.708666 2 0.611656 0.711708 2 0.615425 0.711446 1 0.611925 0.713468 2 0.614342 0.712726 1 0.613536 0.716847 2 0.615297 0.716659 2 0.613683 0.722009 2 0.615119 0.721568 2 0.613404 0.726465 2 0.615077 0.726353 2
