0 0.857143 0.652116 0.050595 0.129630 0.861455 0.605976 1 0.861795 0.602966 1 0.863598 0.604067 1 0.861610 0.606148 2 0.871885 0.608153 2 0.854011 0.623679 2 0.876771 0.632477 2 0.846304 0.635685 2 0.878856 0.661627 2 0.839120 0.628774 2 0.873236 0.661810 1 0.852183 0.676027 2 0.867309 0.678469 2 0.834255 0.664026 2 0.853234 0.667357 2 0.845410 0.701967 2 0.857618 0.699088 2
0 0.442708 0.537698 0.020833 0.083333 0.443572 0.513104 2 0.444800 0.511247 2 0.442288 0.511248 2 0.446677 0.512379 2 0.440499 0.512573 2 0.447980 0.522698 2 0.439625 0.522744 2 0.450349 0.533051 2 0.437104 0.532301 2 0.449411 0.542256 2 0.434984 0.541536 2 0.446761 0.545043 2 0.441113 0.545002 2 0.448983 0.558899 2 0.440920 0.559202 2 0.450292 0.572372 2 0.440935 0.572710 2
0 0.436384 0.501984 0.023065 0.123016 0.443722 0.460750 2 0.443213 0.458619 1 0.442916 0.458620 2 0.440492 0.459951 1 0.439530 0.460431 2 0.441221 0.472748 2 0.433364 0.475287 2 0.441393 0.490303 2 0.431896 0.496506 2 0.444320 0.491851 2 0.441241 0.493225 2 0.440918 0.510024 2 0.435148 0.511914 2 0.441585 0.539075 2 0.435328 0.541176 2 0.439269 0.565554 2 0.433246 0.566954 2
0 0.553199 0.451720 0.021577 0.072751 0.551776 0.421689 2 0.552854 0.420021 2 0.551009 0.419881 2 0.554461 0.421846 2 0.550157 0.421626 2 0.556058 0.428256 2 0.548333 0.428352 2 0.558991 0.432944 2 0.545542 0.433203 2 0.559890 0.431627 2 0.545202 0.433948 2 0.554836 0.445342 2 0.548951 0.445515 2 0.560548 0.453056 2 0.543237 0.454346 2 0.560461 0.468409 2 0.545890 0.470311 2
0 0.551711 0.431217 0.026042 0.087302 0.555802 0.401369 2 0.556127 0.399105 2 0.554533 0.398809 2 0.555775 0.400658 1 0.551501 0.400207 2 0.556771 0.412315 2 0.547305 0.412441 2 0.560073 0.423875 2 0.543330 0.427898 2 0.562361 0.428921 2 0.545046 0.436444 2 0.554859 0.439700 2 0.547875 0.440099 2 0.561170 0.453749 2 0.542557 0.453977 2 0.561290 0.473293 2 0.544345 0.472010 2
0 0.415179 0.416005 0.017857 0.093915 0.418252 0.379314 1 0.417679 0.377756 1 0.417943 0.377834 1 0.414177 0.378917 1 0.417283 0.379253 2 0.412466 0.386127 2 0.418655 0.386776 2 0.412212 0.379914 2 0.422828 0.380194 2 0.413369 0.375709 2 0.419541 0.376429 2 0.414377 0.411232 2 0.418331 0.411784 2 0.414484 0.430904 2 0.417850 0.431412 2 0.414197 0.450853 2 0.418154 0.451537 2
0 0.443080 0.387566 0.026042 0.095238 0.440334 0.353027 1 0.440114 0.351121 1 0.440633 0.351263 1 0.437467 0.352313 2 0.442330 0.352531 2 0.435426 0.363031 2 0.442926 0.363247 2 0.432508 0.375540 2 0.447197 0.373983 2 0.434735 0.383116 2 0.452630 0.379403 2 0.436799 0.387825 2 0.441655 0.388244 2 0.435880 0.407343 2 0.441319 0.408664 2 0.433742 0.426080 2 0.441083 0.427970 2
0 0.486607 0.447090 0.031250 0.105820 0.485465 0.410074 2 0.486466 0.407680 2 0.484596 0.408168 2 0.489140 0.407286 2 0.484824 0.408574 1 0.491638 0.416192 2 0.487520 0.417260 2 0.485410 0.426766 2 0.485132 0.428083 2 0.478253 0.434145 2 0.479726 0.434484 2 0.495325 0.446594 2 0.491822 0.446573 2 0.494747 0.470089 2 0.489457 0.468331 2 0.496349 0.490848 2 0.490131 0.490177 2
0 0.239211 0.459656 0.021577 0.083333 0.237670 0.432468 2 0.237749 0.430729 2 0.237174 0.430461 1 0.239510 0.428972 2 0.240121 0.428566 1 0.241421 0.434812 2 0.244490 0.434549 2 0.238983 0.442467 2 0.239456 0.439264 2 0.238664 0.437033 2 0.238943 0.437937 2 0.242646 0.457893 2 0.245972 0.457956 2 0.237453 0.469140 2 0.247119 0.474465 2 0.239214 0.483144 2 0.251947 0.494453 2
0 0.292783 0.386243 0.014137 0.055556 0.291664 0.371195 2 0.292418 0.369899 2 0.290897 0.370135 2 0.293709 0.370262 2 0.290048 0.370774 2 0.294762 0.376415 2 0.289537 0.376851 2 0.296054 0.382598 2 0.287382 0.383522 2 0.295921 0.385084 2 0.287824 0.389343 2 0.294397 0.391353 2 0.291065 0.391520 2 0.294300 0.401846 2 0.290841 0.402014 2 0.293890 0.412311 2 0.290113 0.412341 2
0 0.286830 0.375661 0.017113 0.082011 0.291832 0.371156 2 0.292567 0.369894 2 0.290988 0.370159 2 0.293784 0.370324 2 0.289959 0.370945 2 0.294518 0.376153 2 0.289414 0.376988 2 0.295585 0.383212 2 0.287925 0.384319 2 0.296142 0.390367 2 0.288850 0.391669 2 0.294234 0.390983 2 0.291021 0.391571 2 0.293712 0.400212 2 0.291368 0.401331 2 0.293216 0.409284 2 0.290480 0.410012 2
0 0.411458 0.272487 0.019345 0.039683 0.413005 0.263850 2 0.413149 0.262997 2 0.413083 0.263002 1 0.413944 0.262765 2 0.414738 0.262473 1 0.414478 0.265942 2 0.416470 0.265964 2 0.412390 0.271378 2 0.418283 0.272232 2 0.411140 0.276090 2 0.418095 0.278909 2 0.414744 0.277507 2 0.415940 0.277056 2 0.410394 0.278692 2 0.411556 0.278621 2 0.408008 0.286108 2 0.410155 0.287121 2
0 0.526414 0.297619 0.018601 0.079365 0.527966 0.269284 2 0.528503 0.267795 2 0.527060 0.268068 2 0.529162 0.268323 2 0.525478 0.268802 2 0.531134 0.276910 2 0.523388 0.276792 2 0.532938 0.287713 2 0.520846 0.286763 2 0.532598 0.296330 2 0.519699 0.296518 2 0.529529 0.298915 2 0.524388 0.298713 2 0.529379 0.314332 2 0.523910 0.313836 2 0.528650 0.327337 2 0.523187 0.326359 2
0 0.380208 0.271164 0.010417 0.047619 0.379739 0.257682 1 0.379810 0.256877 1 0.380030 0.256811 1 0.380544 0.257035 2 0.382140 0.256733 1 0.380836 0.261467 2 0.383952 0.260714 2 0.380519 0.266742 2 0.385150 0.265215 2 0.380089 0.270631 2 0.384346 0.269190 1 0.381966 0.272061 2 0.383970 0.271597 2 0.382006 0.278929 2 0.383107 0.278569 2 0.382410 0.285098 2 0.382771 0.284604 2
