0 0.624256 0.816138 0.037202 0.182540 0.623704 0.747872 2 0.625344 0.744575 2 0.621920 0.743501 2 0.624668 0.745470 1 0.617342 0.742853 2 0.619423 0.758887 2 0.617758 0.762419 2 0.625925 0.777902 1 0.627878 0.781738 2 0.632911 0.777543 1 0.635160 0.780804 2 0.621416 0.807960 2 0.620110 0.811828 2 0.623817 0.840244 2 0.622207 0.855275 2 0.621803 0.869764 2 0.620148 0.894620 2
0 0.658854 0.754630 0.034970 0.167989 0.661680 0.690317 2 0.663648 0.687266 2 0.660103 0.686897 2 0.666704 0.688891 2 0.657806 0.687791 2 0.668917 0.708403 2 0.652854 0.704375 2 0.672328 0.730707 2 0.647002 0.726224 2 0.672540 0.754680 2 0.646149 0.749206 2 0.663980 0.754690 2 0.653109 0.752086 2 0.664031 0.789711 2 0.647929 0.782530 2 0.661234 0.821314 2 0.646349 0.807699 2
0 0.606399 0.728175 0.043155 0.104497 0.623946 0.747909 2 0.625670 0.744291 2 0.621691 0.743673 2 0.625743 0.743446 1 0.616728 0.742252 2 0.618494 0.757772 2 0.618766 0.761783 2 0.625161 0.772399 2 0.629486 0.783615 2 0.630974 0.773112 2 0.636161 0.779660 2 0.620976 0.797007 1 0.621330 0.800265 2 0.628963 0.786605 1 0.631368 0.793906 1 0.626564 0.797501 1 0.627488 0.800265 1
0 0.381696 0.458995 0.013393 0.058201 0.381817 0.440732 2 0.382446 0.439673 2 0.381364 0.439753 2 0.383648 0.440311 2 0.380944 0.440580 1 0.384787 0.446158 2 0.381173 0.446593 2 0.386290 0.452786 2 0.380333 0.452612 1 0.382304 0.452748 2 0.378900 0.451904 1 0.384793 0.461126 2 0.382108 0.461330 2 0.385965 0.471727 2 0.381873 0.472358 2 0.388287 0.482616 2 0.382339 0.482969 2
0 0.571057 0.591270 0.029018 0.108466 0.569055 0.548541 1 0.568295 0.546404 1 0.568926 0.546642 1 0.564135 0.545468 1 0.567387 0.546385 2 0.561471 0.554319 2 0.564373 0.555325 2 0.559767 0.568650 1 0.561326 0.570756 2 0.563437 0.580891 1 0.564399 0.583006 2 0.559907 0.586263 2 0.561716 0.586905 2 0.559987 0.609908 2 0.560121 0.610345 2 0.556980 0.631422 2 0.554256 0.631848 2
0 0.564732 0.585979 0.029762 0.103175 0.569004 0.547923 1 0.568344 0.545782 1 0.569016 0.546040 1 0.564382 0.544676 1 0.567909 0.545635 2 0.561455 0.553195 2 0.564473 0.554493 2 0.558911 0.568053 1 0.560265 0.570903 2 0.561646 0.581380 1 0.562509 0.583789 2 0.560026 0.585802 2 0.561900 0.586565 2 0.559926 0.609459 2 0.560098 0.610128 2 0.556328 0.631954 2 0.553946 0.632123 2
0 0.486235 0.563492 0.023065 0.097884 0.489368 0.526501 1 0.489039 0.524643 1 0.489790 0.524785 1 0.486026 0.525713 2 0.491488 0.526000 2 0.483134 0.536047 2 0.492694 0.536818 2 0.479969 0.549256 2 0.494783 0.549676 2 0.478746 0.561686 2 0.493992 0.557982 2 0.484632 0.561403 2 0.490754 0.562008 2 0.485611 0.581616 2 0.489394 0.582896 2 0.486923 0.601594 2 0.488756 0.603086 2
0 0.514881 0.600529 0.026786 0.113757 0.515193 0.556943 1 0.514324 0.554883 1 0.514835 0.555003 1 0.509019 0.556630 2 0.514276 0.557065 2 0.504986 0.570408 2 0.516931 0.569726 2 0.502463 0.586338 2 0.520292 0.586526 2 0.503645 0.595651 2 0.520809 0.600564 2 0.507637 0.601685 2 0.515745 0.601328 2 0.508141 0.625717 2 0.515955 0.622185 2 0.509070 0.648922 2 0.515394 0.644318 2
0 0.514881 0.552910 0.022321 0.095238 0.515457 0.556751 1 0.514382 0.555000 1 0.515228 0.554830 1 0.509565 0.556637 2 0.514674 0.556804 2 0.505757 0.570256 2 0.517547 0.569971 2 0.503049 0.586123 2 0.520933 0.585883 2 0.503821 0.596159 2 0.520809 0.600539 2 0.508109 0.602615 2 0.515786 0.602466 2 0.509232 0.618564 1 0.515267 0.618378 1 0.510480 0.618507 1 0.513217 0.618717 1
0 0.539062 0.539021 0.014137 0.075397 0.539524 0.512273 1 0.539415 0.511051 1 0.539867 0.510946 1 0.538046 0.511905 2 0.541996 0.511594 2 0.536730 0.519801 2 0.543627 0.519146 2 0.535561 0.529332 2 0.545162 0.528459 2 0.536879 0.537583 2 0.545192 0.537603 2 0.538327 0.538719 2 0.543004 0.538383 2 0.539112 0.552748 2 0.542737 0.552073 2 0.539981 0.566628 2 0.542556 0.566259 2
0 0.494048 0.554894 0.016369 0.088624 0.488265 0.525983 1 0.488127 0.524104 1 0.488822 0.524293 1 0.486280 0.525367 2 0.491310 0.525704 2 0.484260 0.535498 2 0.492390 0.536884 2 0.483225 0.545740 1 0.494717 0.548608 2 0.485260 0.554032 1 0.492928 0.556367 1 0.485297 0.559091 2 0.490741 0.559760 2 0.485659 0.580890 2 0.489320 0.581819 2 0.486005 0.601861 2 0.488996 0.602453 2
0 0.498884 0.529762 0.014137 0.080688 0.495167 0.527105 2 0.496249 0.525194 2 0.494307 0.525063 2 0.497994 0.525680 2 0.493046 0.525337 2 0.499656 0.536031 2 0.492581 0.535679 2 0.501619 0.548299 2 0.492992 0.547973 1 0.500906 0.559452 2 0.494157 0.558572 1 0.497985 0.559790 2 0.493028 0.559476 2 0.498535 0.578071 2 0.492821 0.577463 1 0.499339 0.585531 2 0.492901 0.585669 1
0 0.484003 0.522487 0.017113 0.082011 0.490625 0.526575 1 0.489991 0.524791 1 0.490912 0.524948 1 0.486013 0.525491 2 0.491545 0.525975 2 0.483157 0.535392 2 0.492598 0.536066 2 0.480275 0.548487 2 0.494331 0.548426 2 0.478879 0.560835 2 0.493766 0.557964 1 0.484985 0.559759 2 0.491144 0.560367 2 0.485136 0.577132 2 0.490867 0.577694 1 0.485450 0.578718 1 0.490115 0.579014 1
0 0.480283 0.423280 0.012649 0.050265 0.482538 0.407305 2 0.483048 0.406465 2 0.482126 0.406370 2 0.483611 0.406121 2 0.481466 0.405862 2 0.484004 0.409928 2 0.480223 0.409703 2 0.485016 0.416738 2 0.477993 0.416280 2 0.484872 0.421012 2 0.479877 0.420382 2 0.483082 0.422625 2 0.480760 0.422712 2 0.482282 0.432547 2 0.480740 0.432773 2 0.483199 0.442081 2 0.481600 0.442368 2
0 0.734003 0.871032 0.055804 0.194444 0.739605 0.802445 2 0.741530 0.797798 2 0.739390 0.797791 1 0.747814 0.797578 2 0.742441 0.796383 1 0.754386 0.823481 2 0.746536 0.812288 2 0.757206 0.849956 2 0.750855 0.837806 1 0.756781 0.858758 2 0.750788 0.853587 1 0.748157 0.876161 2 0.740875 0.866480 2 0.748712 0.915478 2 0.727995 0.884635 2 0.748654 0.955205 2 0.724105 0.914328 2
