0 0.078125 0.527116 0.035714 0.130952 0.071945 0.477567 2 0.073257 0.474777 2 0.072160 0.474604 1 0.078407 0.475624 2 0.075078 0.475181 1 0.084721 0.490183 2 0.072465 0.488944 2 0.094727 0.498914 2 0.065664 0.496083 2 0.088088 0.510814 2 0.070697 0.502626 2 0.084649 0.525216 2 0.077677 0.524780 2 0.086061 0.548986 2 0.081716 0.547337 2 0.087901 0.573429 2 0.087493 0.568067 2
0 0.027902 0.613095 0.033482 0.128307 0.018948 0.562866 2 0.020992 0.559505 2 0.018088 0.559922 2 0.026424 0.558748 2 0.018169 0.559960 1 0.030879 0.571561 2 0.018618 0.574300 2 0.037689 0.583325 2 0.016001 0.590680 2 0.028988 0.593032 2 0.016238 0.605744 2 0.034644 0.605536 2 0.027291 0.606686 2 0.034623 0.628210 2 0.029647 0.628002 2 0.039595 0.650151 2 0.036674 0.647241 2
0 0.015997 0.487434 0.031994 0.170635 0.019016 0.562022 2 0.020965 0.558662 2 0.018092 0.558970 2 0.026140 0.558791 2 0.017702 0.559815 1 0.031236 0.571484 2 0.017802 0.573884 2 0.037383 0.582101 2 0.014943 0.588201 2 0.029106 0.591123 2 0.014499 0.604768 2 0.030836 0.603514 2 0.021619 0.603363 2 0.029151 0.599100 1 0.016602 0.598461 1 0.027847 0.605028 1 0.019137 0.603732 1
0 0.764881 0.187831 0.016369 0.074074 0.771091 0.160497 2 0.770518 0.159211 1 0.770826 0.159562 2 0.768504 0.158587 1 0.769564 0.159551 2 0.766084 0.165376 2 0.768986 0.166790 2 0.765188 0.174189 1 0.768803 0.177507 2 0.765546 0.182192 1 0.769901 0.185671 2 0.766155 0.184566 2 0.767380 0.185284 2 0.767784 0.198464 2 0.765694 0.199822 2 0.766789 0.211899 2 0.757195 0.211524 2
0 0.900298 0.242725 0.023810 0.093915 0.905478 0.208211 1 0.904605 0.206382 1 0.905588 0.206728 1 0.900541 0.205556 1 0.905167 0.206763 2 0.897261 0.213650 2 0.903873 0.215621 2 0.894603 0.226547 2 0.903618 0.230637 2 0.896403 0.237771 1 0.904548 0.240800 2 0.896196 0.237384 2 0.900066 0.238367 2 0.897776 0.254869 2 0.899229 0.255785 2 0.893889 0.272833 2 0.892167 0.272392 2
0 0.817708 0.687169 0.053571 0.223545 0.814152 0.590603 1 0.815406 0.585987 1 0.816922 0.587063 1 0.817505 0.590554 2 0.827540 0.591034 2 0.812367 0.620892 2 0.831279 0.619635 2 0.805649 0.651965 2 0.830474 0.656113 2 0.794827 0.660705 2 0.817754 0.663236 1 0.810713 0.684494 2 0.822022 0.681955 2 0.807698 0.729491 2 0.809048 0.720353 2 0.812834 0.777999 2 0.801069 0.758180 2
0 0.942336 0.234127 0.026042 0.089947 0.947107 0.249694 2 0.948244 0.247722 2 0.945936 0.247474 2 0.949270 0.247533 1 0.943194 0.246836 2 0.949323 0.257223 2 0.939632 0.257650 2 0.950231 0.270360 2 0.936001 0.274409 2 0.948718 0.280519 2 0.939351 0.286704 2 0.946586 0.284249 2 0.939960 0.284584 2 0.946366 0.295511 1 0.937731 0.295511 1 0.945532 0.295026 1 0.935891 0.295021 1
0 0.292411 0.126984 0.011905 0.063492 0.292976 0.098637 2 0.293590 0.097347 2 0.292509 0.097407 2 0.294769 0.098043 2 0.292329 0.098215 1 0.296116 0.105196 2 0.291735 0.105593 2 0.297870 0.114271 2 0.289908 0.114458 2 0.297836 0.123289 2 0.289242 0.121895 2 0.296175 0.122197 2 0.293438 0.122473 2 0.297010 0.134462 2 0.294451 0.134637 2 0.297636 0.146726 2 0.295330 0.146610 2
0 0.299107 0.143519 0.011905 0.043651 0.305025 0.127812 2 0.305556 0.126318 2 0.304570 0.126611 2 0.306650 0.126330 1 0.304393 0.126780 1 0.307112 0.134251 2 0.305528 0.133468 2 0.306847 0.148457 2 0.305012 0.144770 1 0.301583 0.153781 2 0.301532 0.151002 2 0.306304 0.154213 2 0.305306 0.153202 2 0.302255 0.159587 2 0.301254 0.158794 2 0.300984 0.166563 2 0.299938 0.164507 1
0 0.159226 0.089286 0.016369 0.048942 0.159211 0.097823 1 0.159145 0.096928 1 0.159505 0.096820 1 0.158562 0.097576 2 0.161246 0.097217 2 0.158021 0.103609 2 0.163200 0.102822 2 0.156518 0.109916 2 0.166100 0.107880 2 0.157771 0.113454 1 0.167782 0.111123 2 0.159883 0.117113 2 0.163100 0.116677 2 0.160215 0.122520 1 0.162942 0.121967 1 0.160664 0.120263 1 0.162820 0.120849 1
0 0.983259 0.310847 0.029018 0.124339 0.995212 0.280757 2 0.995915 0.278452 1 0.994445 0.278046 2 0.994937 0.276573 1 0.990900 0.276028 2 0.991374 0.282166 2 0.986731 0.285893 2 0.994735 0.291517 2 0.984055 0.303938 2 0.995166 0.300412 2 0.982509 0.320479 2 0.981952 0.308667 2 0.978920 0.310160 2 0.981784 0.331868 2 0.978378 0.338350 2 0.980416 0.352152 2 0.972902 0.363004 2
0 0.532366 0.013889 0.014137 0.027778 0.534456 0.005460 1 0.534466 0.004902 1 0.534415 0.004945 1 0.534197 0.004795 1 0.534586 0.004874 2 0.534109 0.007217 2 0.534513 0.007233 2 0.534072 0.009651 2 0.534931 0.009664 2 0.534685 0.010654 2 0.535381 0.011094 2 0.533865 0.013099 2 0.534249 0.013085 2 0.533401 0.017340 2 0.534529 0.017329 2 0.532920 0.021532 2 0.534936 0.021441 2
0 0.493676 0.335979 0.024554 0.116402 0.490680 0.288649 2 0.491752 0.287065 2 0.490814 0.286808 1 0.495276 0.289200 2 0.492878 0.288740 1 0.498402 0.301171 2 0.490797 0.298864 2 0.502783 0.315811 2 0.491790 0.312152 1 0.496882 0.326109 2 0.490366 0.322283 2 0.495104 0.333161 2 0.490555 0.331175 2 0.491187 0.359034 2 0.490591 0.354969 2 0.492466 0.383212 2 0.498052 0.371517 2
0 0.819940 0.220238 0.017857 0.070106 0.819188 0.184950 2 0.820199 0.183702 2 0.818460 0.183410 2 0.821468 0.183998 2 0.817142 0.183142 2 0.822547 0.191409 2 0.814628 0.189979 2 0.823094 0.202805 2 0.811249 0.199975 2 0.820697 0.210629 2 0.812154 0.209984 2 0.818465 0.211763 2 0.813514 0.210802 2 0.816314 0.227836 2 0.812907 0.226740 2 0.812870 0.241059 2 0.810789 0.241304 2
0 0.566592 0.427910 0.030506 0.152116 0.562263 0.368263 1 0.563122 0.365691 1 0.563780 0.365791 1 0.565086 0.368121 2 0.569786 0.367480 1 0.563373 0.387792 2 0.573892 0.386493 2 0.562990 0.410796 2 0.575381 0.408003 2 0.559126 0.426299 2 0.569807 0.420488 2 0.563020 0.430404 2 0.568852 0.429090 2 0.562350 0.461790 2 0.561544 0.459907 2 0.572071 0.490658 2 0.557050 0.487943 2
0 0.450149 0.400794 0.026786 0.137566 0.450869 0.345213 1 0.450705 0.342615 1 0.451560 0.342675 1 0.448450 0.345096 2 0.455846 0.344994 2 0.445994 0.362487 2 0.458855 0.361691 2 0.442570 0.380066 2 0.461378 0.381478 2 0.445407 0.383449 1 0.460062 0.393525 2 0.448915 0.398822 2 0.457513 0.398240 2 0.451347 0.425295 2 0.458068 0.423256 2 0.453181 0.450559 2 0.458758 0.448558 2
0 0.388021 0.339286 0.030506 0.120370 0.381274 0.293093 1 0.381077 0.290651 1 0.381654 0.290367 1 0.378793 0.292904 2 0.385320 0.291341 2 0.377564 0.309797 2 0.390048 0.305380 2 0.377375 0.329041 2 0.395920 0.319952 2 0.381020 0.338465 2 0.394435 0.327624 2 0.383854 0.343015 2 0.392112 0.341446 2 0.386466 0.368521 2 0.393425 0.364642 2 0.387595 0.394157 2 0.393511 0.389946 2
0 0.244792 0.424603 0.031250 0.142857 0.255848 0.338176 1 0.254371 0.336161 1 0.255306 0.335731 1 0.248320 0.339559 1 0.253580 0.339285 2 0.245570 0.356796 2 0.255551 0.356331 2 0.245074 0.378151 2 0.256818 0.376862 2 0.248312 0.389193 2 0.261778 0.391054 2 0.249616 0.393685 2 0.256453 0.394246 2 0.256089 0.419278 2 0.261995 0.420018 2 0.256895 0.442973 2 0.260282 0.448291 2
0 0.331473 0.357804 0.027530 0.123016 0.334406 0.306155 2 0.333612 0.303788 1 0.333815 0.304046 2 0.329176 0.305975 1 0.331556 0.306733 2 0.327312 0.318842 2 0.330196 0.320212 2 0.328504 0.334744 2 0.330511 0.338726 2 0.334866 0.345567 2 0.334113 0.352830 2 0.325684 0.347253 2 0.328666 0.348016 2 0.327061 0.372431 2 0.334511 0.372582 2 0.322395 0.394697 2 0.336560 0.397684 2
0 0.428199 0.275132 0.024554 0.066138 0.425729 0.262381 2 0.427115 0.260025 2 0.424574 0.259820 2 0.429603 0.259720 2 0.423950 0.259267 2 0.432534 0.272542 2 0.423015 0.272180 2 0.437281 0.289942 2 0.421972 0.288536 2 0.438327 0.307519 2 0.420213 0.300977 2 0.431848 0.304168 2 0.426900 0.303949 2 0.427748 0.320912 1 0.430399 0.320912 1 0.426111 0.320912 1 0.435021 0.320909 1
0 0.424479 0.434524 0.031994 0.138889 0.421644 0.378551 1 0.421620 0.375724 1 0.422517 0.376300 1 0.420088 0.378180 2 0.428019 0.378789 2 0.418487 0.396211 2 0.430304 0.395745 2 0.414481 0.415704 2 0.430103 0.414429 2 0.410129 0.425417 2 0.421651 0.420820 1 0.418880 0.434562 2 0.427575 0.433850 2 0.415529 0.460133 2 0.426759 0.458065 2 0.417487 0.486502 2 0.432519 0.481264 2
0 0.390625 0.339947 0.029762 0.126984 0.380589 0.292668 1 0.380607 0.290274 1 0.381103 0.290007 1 0.379279 0.292589 2 0.385529 0.291036 2 0.377920 0.308746 2 0.390027 0.305019 2 0.377776 0.328918 2 0.395538 0.320458 2 0.380316 0.338391 2 0.393315 0.328151 2 0.383853 0.341476 2 0.391926 0.340286 2 0.386144 0.368564 2 0.392897 0.365931 2 0.387743 0.394425 2 0.393603 0.390727 2
0 0.220238 0.308201 0.025298 0.105820 0.222317 0.264739 2 0.223311 0.262527 2 0.221235 0.262851 2 0.224970 0.260560 2 0.219474 0.261417 2 0.228127 0.268074 2 0.217751 0.269810 2 0.233140 0.279965 2 0.214938 0.282125 2 0.228416 0.281713 2 0.218250 0.283089 2 0.228941 0.297691 2 0.222084 0.298813 2 0.231818 0.320747 2 0.224003 0.322463 2 0.235314 0.341596 2 0.225784 0.343176 2
0 0.523810 0.181217 0.019345 0.079365 0.526808 0.144980 1 0.526722 0.143342 1 0.527141 0.143441 1 0.525347 0.144081 2 0.528882 0.144492 2 0.523174 0.153111 2 0.529670 0.154301 2 0.520736 0.163628 2 0.530673 0.166765 2 0.519015 0.172146 2 0.532375 0.175266 2 0.523387 0.174464 2 0.527482 0.174948 2 0.524802 0.191251 2 0.527266 0.192393 2 0.525367 0.207225 2 0.525503 0.208131 2
0 0.862351 0.228836 0.025298 0.097884 0.862638 0.187684 2 0.863465 0.186138 2 0.861912 0.185947 2 0.864414 0.186235 2 0.859982 0.185599 2 0.866082 0.196247 2 0.858356 0.194257 2 0.869042 0.208030 2 0.853276 0.198425 2 0.865460 0.214711 2 0.849007 0.200533 2 0.862396 0.221886 2 0.856506 0.220631 2 0.861894 0.239147 2 0.852390 0.239178 2 0.865797 0.251885 2 0.848827 0.254614 2
0 0.442336 0.240741 0.021577 0.097884 0.427827 0.261315 1 0.428076 0.259230 2 0.427827 0.259112 1 0.429839 0.259730 2 0.428476 0.259407 1 0.432879 0.272142 2 0.429347 0.271673 1 0.437162 0.289030 2 0.432339 0.288285 1 0.438379 0.303982 2 0.432650 0.302956 1 0.431607 0.303128 2 0.428802 0.302741 1 0.434028 0.307891 1 0.429946 0.307248 1 0.435262 0.307513 1 0.429939 0.307052 1
0 0.731399 0.230159 0.017857 0.079365 0.734011 0.202445 2 0.734369 0.200692 2 0.733176 0.200543 2 0.733979 0.200875 1 0.730632 0.200352 2 0.732298 0.209450 2 0.727984 0.208737 2 0.732637 0.222435 2 0.725679 0.222342 2 0.735764 0.229735 2 0.732304 0.229551 2 0.730622 0.229800 2 0.727700 0.230734 2 0.739835 0.234719 2 0.736490 0.235917 2 0.736990 0.254383 2 0.734113 0.255987 2
0 0.752232 0.232143 0.020833 0.080688 0.748757 0.202632 2 0.749477 0.201021 2 0.747922 0.200720 2 0.749649 0.201125 1 0.745830 0.200449 2 0.748690 0.207231 2 0.743735 0.208965 2 0.751768 0.219102 2 0.748195 0.222005 2 0.755636 0.226242 2 0.753744 0.229375 2 0.749047 0.226471 2 0.745631 0.229022 2 0.756443 0.230695 2 0.753826 0.237597 2 0.754561 0.246038 2 0.754964 0.255083 2
0 0.843750 0.664021 0.044643 0.198413 0.847030 0.599919 2 0.849967 0.597309 2 0.845779 0.595829 2 0.853591 0.600271 2 0.843735 0.596521 2 0.851114 0.619500 2 0.838750 0.614599 2 0.844169 0.633019 2 0.834328 0.632285 2 0.836496 0.641427 2 0.835535 0.639937 2 0.845572 0.668815 2 0.836467 0.666062 2 0.843495 0.708833 2 0.832724 0.700560 2 0.843502 0.750766 2 0.830059 0.737658 2
0 0.513021 0.291667 0.023065 0.064815 0.513583 0.262628 2 0.514599 0.261402 2 0.512944 0.260843 2 0.515667 0.258688 1 0.511663 0.257542 2 0.516404 0.256822 2 0.507933 0.257112 2 0.520719 0.266565 2 0.505437 0.269498 2 0.517196 0.271193 2 0.511306 0.271867 2 0.515305 0.273084 2 0.509548 0.273840 2 0.520653 0.276076 2 0.505949 0.277368 2 0.519422 0.295546 2 0.509838 0.295191 2
0 0.502976 0.262566 0.023810 0.070106 0.490673 0.288223 2 0.492310 0.287038 2 0.490677 0.286327 2 0.495848 0.289439 2 0.491680 0.287501 1 0.497536 0.299399 2 0.491636 0.297758 2 0.501379 0.310681 1 0.491172 0.308988 1 0.498039 0.310681 1 0.489465 0.310439 1 0.495372 0.310681 1 0.491825 0.310681 1 0.493041 0.304199 1 0.490923 0.302697 1 0.493413 0.307537 1 0.491833 0.309051 1
0 0.477679 0.142196 0.017857 0.064815 0.481284 0.115478 2 0.481165 0.114233 1 0.480876 0.114178 2 0.480060 0.114832 1 0.479531 0.114674 2 0.479753 0.121410 2 0.478320 0.121032 2 0.479986 0.131058 1 0.477812 0.129504 2 0.480494 0.136822 1 0.477884 0.134533 2 0.479258 0.137335 2 0.478328 0.137348 2 0.479918 0.151283 2 0.478714 0.151552 2 0.477695 0.165031 2 0.477088 0.165988 2
0 0.176711 0.280423 0.015625 0.050265 0.172753 0.264545 2 0.172968 0.263291 2 0.173250 0.263041 1 0.174500 0.263307 2 0.176049 0.262609 1 0.174744 0.270693 2 0.177809 0.269343 2 0.174466 0.280047 2 0.179558 0.277889 1 0.172790 0.284588 2 0.180459 0.285542 1 0.175552 0.285184 2 0.177340 0.284522 2 0.175862 0.291362 2 0.176505 0.291513 2 0.179843 0.301616 2 0.178685 0.301273 2
0 0.104539 0.287037 0.029018 0.055556 0.108849 0.271043 2 0.109313 0.269218 2 0.107584 0.269812 2 0.109989 0.268009 1 0.104649 0.269877 2 0.110798 0.274205 2 0.101820 0.278136 2 0.116451 0.280330 2 0.098248 0.290761 2 0.114972 0.279846 2 0.098157 0.301346 2 0.109296 0.291931 2 0.102978 0.293885 2 0.113051 0.282159 2 0.100548 0.286129 2 0.117471 0.298336 2 0.099428 0.298925 2
0 0.581473 0.128968 0.011161 0.070106 0.584090 0.100915 2 0.584638 0.099708 2 0.583492 0.099674 2 0.585205 0.099815 1 0.582391 0.099654 2 0.586027 0.106178 2 0.580750 0.105932 2 0.586694 0.113579 2 0.579453 0.112921 2 0.585995 0.113578 2 0.581859 0.110005 2 0.584851 0.122641 2 0.581232 0.122571 2 0.584452 0.136081 2 0.580817 0.135865 2 0.583990 0.149257 2 0.579889 0.148918 2
0 0.159226 0.114418 0.011905 0.041005 0.159100 0.098642 1 0.159069 0.097716 1 0.159378 0.097632 1 0.158643 0.098384 2 0.161148 0.098005 1 0.158103 0.104141 2 0.162977 0.103306 2 0.157185 0.110096 2 0.165503 0.108645 2 0.157659 0.113092 1 0.165123 0.112283 1 0.159976 0.116624 2 0.163104 0.116296 2 0.161425 0.126526 2 0.163599 0.125546 2 0.162496 0.135745 2 0.164371 0.134855 2
0 0.386533 0.093254 0.014137 0.051587 0.387067 0.076719 1 0.386934 0.075813 1 0.387146 0.075843 1 0.385508 0.076243 2 0.387907 0.076436 2 0.383966 0.081709 2 0.388685 0.081849 2 0.381905 0.086514 2 0.390465 0.086955 2 0.382428 0.085099 1 0.391351 0.087271 1 0.384491 0.094511 2 0.387695 0.094577 2 0.384377 0.103612 2 0.388398 0.103510 2 0.383908 0.112297 1 0.388090 0.111742 1
0 0.357887 0.079365 0.010417 0.050265 0.361293 0.063194 2 0.361658 0.062253 2 0.360779 0.062351 2 0.362074 0.062586 1 0.359914 0.062769 2 0.362070 0.067602 2 0.359320 0.068003 2 0.362506 0.073266 1 0.358265 0.074374 2 0.362784 0.077704 1 0.359354 0.079523 2 0.361753 0.079179 2 0.360000 0.079451 2 0.361520 0.087960 2 0.360201 0.088378 2 0.360681 0.095419 2 0.358595 0.095636 2
0 0.091890 0.111111 0.017113 0.029101 0.093250 0.100098 2 0.093309 0.099253 1 0.092779 0.099181 2 0.092909 0.099819 1 0.091453 0.099687 2 0.092529 0.105049 2 0.090827 0.105178 2 0.094530 0.110869 2 0.092681 0.112045 2 0.096925 0.112546 2 0.095240 0.114997 2 0.092849 0.118358 2 0.091675 0.118812 2 0.094098 0.126362 2 0.093303 0.127080 2 0.094132 0.130947 1 0.093271 0.130944 1
0 0.210938 0.113095 0.012649 0.046296 0.208127 0.098690 1 0.208180 0.097782 1 0.208272 0.097681 1 0.208507 0.098006 2 0.210077 0.097654 2 0.208823 0.102973 2 0.211092 0.102337 2 0.208430 0.108806 2 0.211756 0.108104 2 0.208420 0.113748 1 0.211299 0.112160 1 0.209601 0.114013 2 0.211297 0.113673 2 0.209987 0.122369 2 0.212021 0.121814 2 0.210319 0.130898 2 0.213329 0.130067 2
0 0.647693 0.200397 0.017113 0.085979 0.650747 0.169964 1 0.650047 0.168553 1 0.650507 0.168589 1 0.646601 0.169665 1 0.649766 0.169999 2 0.645307 0.177975 2 0.650021 0.178874 2 0.644376 0.186570 2 0.652817 0.187702 2 0.648342 0.189177 1 0.657403 0.186753 2 0.646481 0.198615 2 0.649283 0.199269 2 0.647885 0.214741 2 0.649868 0.215161 2 0.644938 0.226299 2 0.646426 0.228620 2
0 0.946429 0.298280 0.032738 0.130952 0.948993 0.248190 2 0.949383 0.246054 2 0.947899 0.245923 2 0.949050 0.246971 1 0.944594 0.246428 2 0.949696 0.257777 2 0.940021 0.257924 2 0.950612 0.271992 2 0.936486 0.274242 2 0.949719 0.283686 2 0.939435 0.286566 2 0.946385 0.287443 2 0.939679 0.287439 2 0.945534 0.309704 2 0.935882 0.310482 2 0.941550 0.330791 2 0.932976 0.333062 2
0 0.906622 0.335979 0.036458 0.129630 0.916535 0.278770 1 0.915491 0.276489 1 0.915959 0.276730 1 0.909996 0.278309 1 0.914193 0.279401 2 0.906758 0.290791 2 0.914279 0.293640 2 0.906068 0.307049 1 0.914120 0.313827 2 0.910331 0.319545 1 0.916104 0.329001 2 0.905142 0.322582 2 0.910697 0.323847 2 0.903916 0.348183 2 0.910471 0.350282 2 0.899934 0.370629 2 0.907823 0.376178 2
0 0.822545 0.185847 0.021577 0.067460 0.819166 0.185208 2 0.820269 0.183888 2 0.818421 0.183451 2 0.821527 0.183894 2 0.816803 0.182775 2 0.822438 0.191745 2 0.813766 0.190352 2 0.823015 0.202997 2 0.810771 0.200729 2 0.820760 0.210896 2 0.811593 0.209972 2 0.819311 0.212884 2 0.813754 0.212096 2 0.816828 0.225725 2 0.812908 0.224961 2 0.815729 0.230999 1 0.812438 0.231077 1
0 0.530506 0.066138 0.008929 0.031746 0.531316 0.057292 2 0.531607 0.056773 1 0.531074 0.056714 2 0.531940 0.057060 1 0.530724 0.056924 2 0.532186 0.060199 2 0.530008 0.059826 2 0.532585 0.064027 2 0.529075 0.062880 2 0.532369 0.067556 2 0.528682 0.064639 2 0.531576 0.067038 2 0.530152 0.066914 2 0.531831 0.073032 2 0.530249 0.073003 2 0.532282 0.079061 2 0.530507 0.078711 2
0 0.915179 0.244048 0.026786 0.099206 0.905976 0.209143 1 0.905049 0.206883 1 0.905915 0.207172 1 0.900772 0.205717 1 0.904853 0.207014 2 0.897823 0.214577 2 0.904426 0.216824 2 0.897000 0.227365 1 0.904253 0.231181 2 0.899015 0.237215 1 0.904130 0.240971 2 0.896577 0.240573 2 0.900693 0.241337 2 0.896577 0.256925 1 0.898068 0.258322 2 0.896577 0.273333 1 0.896577 0.275539 1
0 0.870908 0.161376 0.015625 0.031746 0.878003 0.141986 1 0.878404 0.141003 1 0.877652 0.141200 1 0.879700 0.140249 1 0.877802 0.140734 1 0.880870 0.141133 1 0.877222 0.141316 1 0.880390 0.144508 1 0.875670 0.144642 1 0.878521 0.147094 1 0.874678 0.148459 1 0.879535 0.148431 2 0.877124 0.148235 2 0.878971 0.161516 2 0.877124 0.161452 2 0.879000 0.174741 2 0.877512 0.174212 2
