0 0.577567 0.278108 0.007812 0.029762 0.578642 0.268479 1 0.578581 0.267860 1 0.578771 0.267938 1 0.577859 0.267994 2 0.579348 0.268233 1 0.577092 0.270918 2 0.579425 0.271376 2 0.576625 0.274128 2 0.579557 0.274871 2 0.577579 0.275233 1 0.579021 0.276082 1 0.577194 0.278170 2 0.578830 0.278419 2 0.577200 0.284674 2 0.578737 0.285068 2 0.577070 0.291122 2 0.578535 0.291094 2
0 0.521949 0.542989 0.011905 0.048942 0.520759 0.537015 2 0.521173 0.536239 2 0.520382 0.536174 2 0.522072 0.535125 2 0.520015 0.534797 2 0.523546 0.538509 2 0.519563 0.535792 2 0.522913 0.547028 2 0.516731 0.539203 2 0.521561 0.551168 2 0.515933 0.543785 2 0.521941 0.548856 2 0.519266 0.547206 2 0.520075 0.556050 2 0.516676 0.554269 2 0.519581 0.563711 2 0.515496 0.562863 2
0 0.474888 0.505291 0.015253 0.044974 0.476087 0.499336 2 0.476524 0.498639 2 0.475829 0.498541 2 0.477240 0.498545 2 0.475500 0.498296 2 0.478109 0.501816 2 0.475005 0.500260 2 0.478357 0.507184 2 0.472566 0.502475 2 0.476604 0.510706 2 0.470929 0.505197 2 0.477242 0.509707 2 0.475191 0.508554 2 0.474299 0.512341 2 0.471429 0.511697 2 0.475194 0.516987 2 0.472723 0.516715 2
0 0.587426 0.300926 0.006696 0.027778 0.589072 0.293337 1 0.588830 0.292801 1 0.589070 0.292791 1 0.587514 0.292902 2 0.588922 0.293078 2 0.586523 0.295681 2 0.589029 0.296149 2 0.585802 0.299380 2 0.589735 0.300528 2 0.586619 0.299825 1 0.590737 0.300257 2 0.586719 0.303729 2 0.588415 0.303948 2 0.586743 0.308973 1 0.588790 0.308937 1 0.586777 0.311667 1 0.588771 0.311661 1
0 0.093936 0.651124 0.011533 0.045635 0.094228 0.638067 2 0.094486 0.636916 2 0.093524 0.637562 2 0.095151 0.636640 2 0.092653 0.638285 2 0.097101 0.639898 2 0.091488 0.642320 2 0.100157 0.640125 2 0.088632 0.646601 2 0.098507 0.645207 2 0.091488 0.649741 2 0.097524 0.653872 2 0.094087 0.654999 2 0.099397 0.664189 2 0.095784 0.663790 2 0.100494 0.674162 2 0.098139 0.671116 2
0 0.105469 0.664352 0.015253 0.045635 0.103829 0.649595 1 0.103738 0.648866 1 0.103985 0.648703 1 0.102646 0.649695 2 0.105348 0.649132 2 0.102119 0.654970 2 0.107225 0.653955 2 0.101859 0.661093 2 0.109498 0.659387 2 0.103644 0.660893 1 0.108700 0.659844 2 0.104399 0.666868 2 0.107939 0.666488 2 0.105153 0.675768 2 0.108819 0.674717 2 0.106063 0.682763 2 0.110106 0.682715 2
0 0.096912 0.594907 0.012277 0.040344 0.095970 0.578863 2 0.096552 0.577999 2 0.095545 0.578040 2 0.097604 0.578324 2 0.095166 0.578602 2 0.099447 0.582484 2 0.094137 0.584254 2 0.101693 0.587315 2 0.092891 0.590451 2 0.101594 0.592638 2 0.093435 0.596598 2 0.099988 0.595571 2 0.096855 0.596767 2 0.100201 0.603410 2 0.098770 0.606481 2 0.101465 0.609430 2 0.102068 0.614222 2
0 0.721912 0.761905 0.018229 0.048942 0.723391 0.746200 2 0.723800 0.745297 2 0.723360 0.745109 1 0.724975 0.745566 2 0.724261 0.745067 1 0.725745 0.750946 2 0.724683 0.749778 2 0.725927 0.759068 2 0.723772 0.756534 1 0.724403 0.764786 2 0.721867 0.761937 1 0.724449 0.762501 2 0.723970 0.761646 2 0.723124 0.769021 2 0.723300 0.768400 2 0.723180 0.777881 2 0.723786 0.777585 2
0 0.782924 0.734788 0.012277 0.038360 0.784646 0.725915 2 0.785131 0.724971 2 0.784188 0.725056 2 0.785779 0.724055 2 0.783269 0.724185 2 0.786552 0.727542 2 0.781646 0.726597 2 0.786871 0.734168 2 0.778139 0.728822 2 0.784564 0.736567 2 0.780651 0.725785 2 0.784272 0.738787 2 0.781103 0.738202 2 0.782103 0.744596 2 0.778847 0.744742 2 0.780426 0.754558 2 0.777830 0.754989 2
0 0.788132 0.755291 0.013765 0.050265 0.784739 0.726314 2 0.785185 0.725362 2 0.784273 0.725503 2 0.785687 0.724429 2 0.783198 0.724512 2 0.786507 0.728207 2 0.781797 0.726569 2 0.786658 0.734386 2 0.779104 0.728192 2 0.783995 0.736760 2 0.780136 0.729955 2 0.784254 0.739110 2 0.781232 0.738141 2 0.781941 0.746715 2 0.779610 0.746042 2 0.780938 0.755759 2 0.778927 0.755184 2
0 0.863467 0.547619 0.010417 0.044974 0.863972 0.533508 1 0.864040 0.532611 1 0.864337 0.532841 1 0.863593 0.533053 2 0.865930 0.533439 2 0.862186 0.537767 2 0.866857 0.538527 2 0.860244 0.543662 2 0.867478 0.545354 2 0.859221 0.548570 2 0.867120 0.551490 2 0.862267 0.548951 2 0.865184 0.549138 2 0.861546 0.555881 2 0.862795 0.556522 2 0.861676 0.563345 2 0.861362 0.563672 2
0 0.856027 0.544974 0.015625 0.051587 0.858006 0.528894 1 0.857677 0.527769 1 0.858035 0.528137 1 0.855878 0.527498 2 0.858251 0.528704 2 0.853817 0.531621 2 0.858176 0.534223 2 0.851222 0.536322 2 0.858128 0.541087 2 0.849344 0.540623 2 0.858125 0.545879 2 0.852427 0.543324 2 0.855159 0.544573 2 0.852231 0.550843 2 0.853433 0.553819 2 0.850952 0.558666 2 0.850556 0.561120 2
0 0.263021 0.775794 0.013393 0.048942 0.264826 0.760736 1 0.264824 0.760055 1 0.264981 0.759726 1 0.264049 0.759807 1 0.266003 0.758931 2 0.263363 0.762750 2 0.267003 0.761674 2 0.262679 0.769535 2 0.269499 0.766136 2 0.262243 0.774278 2 0.270504 0.770749 2 0.264636 0.773137 2 0.267339 0.772929 2 0.263573 0.780383 2 0.268782 0.781871 2 0.263597 0.788269 2 0.270856 0.791677 2
0 0.261905 0.754630 0.012649 0.055556 0.262803 0.757620 1 0.262937 0.756952 1 0.263092 0.756659 1 0.262961 0.757665 2 0.265209 0.756672 2 0.262779 0.762498 2 0.266854 0.760710 2 0.262515 0.769584 2 0.269600 0.765201 2 0.261911 0.775289 2 0.270054 0.768858 2 0.264448 0.773352 2 0.267469 0.772611 2 0.263391 0.780580 2 0.268724 0.780727 2 0.263519 0.787044 2 0.270461 0.788081 2
0 0.288318 0.662698 0.012649 0.039683 0.287719 0.645786 2 0.287813 0.644684 2 0.287250 0.645097 1 0.288805 0.642761 2 0.287596 0.643901 1 0.291696 0.645287 2 0.287022 0.646235 2 0.294832 0.649731 2 0.286818 0.653014 2 0.295640 0.656172 2 0.287083 0.660076 2 0.291612 0.659912 2 0.288973 0.660047 2 0.290262 0.670398 2 0.290137 0.669192 2 0.291355 0.678570 2 0.294918 0.673793 2
0 0.284598 0.649140 0.009673 0.041667 0.287793 0.645217 1 0.287810 0.644274 1 0.287552 0.644510 1 0.288188 0.642858 1 0.287822 0.643447 1 0.290370 0.645163 2 0.287627 0.645877 2 0.290727 0.652382 1 0.286612 0.653255 2 0.289703 0.660631 1 0.286695 0.660749 2 0.290632 0.660282 2 0.288903 0.660459 2 0.290167 0.671115 2 0.289268 0.671004 2 0.290272 0.675771 1 0.290299 0.676252 2
0 0.202381 0.590939 0.013393 0.048280 0.199453 0.577094 1 0.199538 0.576451 1 0.199804 0.576066 1 0.199553 0.576912 2 0.201698 0.575814 2 0.199390 0.582229 2 0.203643 0.579756 2 0.198010 0.588449 2 0.205650 0.585049 2 0.197350 0.588987 2 0.206321 0.590941 2 0.201932 0.593699 2 0.204372 0.592376 2 0.202523 0.602596 2 0.203233 0.600065 2 0.206221 0.609363 2 0.204410 0.607648 2
0 0.317336 0.749339 0.017113 0.044974 0.318507 0.733504 1 0.318491 0.732588 1 0.318691 0.732619 1 0.317923 0.733512 2 0.320617 0.733097 2 0.317133 0.739578 2 0.322384 0.737314 2 0.314528 0.742300 2 0.324121 0.736099 2 0.314552 0.738846 2 0.322106 0.733472 2 0.319021 0.753639 2 0.322579 0.752635 2 0.316529 0.757818 2 0.321242 0.755995 2 0.315662 0.766340 2 0.321686 0.763078 2
0 0.599330 0.848545 0.015625 0.050265 0.605080 0.834864 1 0.604707 0.833672 1 0.604974 0.834006 1 0.602132 0.833913 2 0.604982 0.835125 2 0.599679 0.838865 2 0.605382 0.841744 2 0.597590 0.842616 2 0.608414 0.847314 2 0.600944 0.840265 1 0.608973 0.845198 1 0.598847 0.854139 2 0.602583 0.855526 2 0.597667 0.862462 2 0.601361 0.865816 2 0.595380 0.870917 2 0.599912 0.874195 2
0 0.446057 0.435847 0.008929 0.035714 0.449873 0.424252 1 0.450039 0.423755 1 0.449621 0.423531 2 0.449868 0.423753 1 0.448719 0.423171 2 0.449832 0.426808 2 0.446995 0.425629 2 0.450339 0.431420 2 0.445381 0.430102 2 0.450754 0.431998 2 0.445336 0.434630 2 0.448776 0.436579 2 0.446816 0.436090 2 0.448670 0.444034 2 0.446019 0.443448 2 0.448320 0.451499 2 0.445177 0.450606 2
