0 0.018645 0.960317 0.022584 0.075630 0.011968 0.944343 2 0.012710 0.942840 2 0.011338 0.942867 1 0.015616 0.941127 2 0.011619 0.941478 1 0.021745 0.947148 2 0.009878 0.947942 2 0.022450 0.962475 2 0.009532 0.963495 2 0.015647 0.970373 2 0.012669 0.972302 2 0.021960 0.974316 2 0.013719 0.974237 2 0.020540 0.987565 2 0.013659 0.987197 2 0.023484 0.996411 1 0.016370 0.997236 1
0 0.283351 0.640523 0.022584 0.059757 0.283824 0.622051 2 0.284453 0.620416 2 0.282876 0.621114 2 0.285711 0.619357 2 0.281582 0.620993 2 0.288445 0.623937 2 0.280100 0.627240 2 0.292586 0.629740 2 0.277488 0.637409 2 0.291329 0.639566 2 0.279915 0.645671 2 0.289583 0.642037 2 0.284624 0.643645 2 0.288086 0.655713 2 0.285628 0.657018 2 0.287367 0.669959 2 0.286100 0.669628 2
0 0.589023 0.437908 0.013130 0.046685 0.590217 0.424369 1 0.590194 0.423326 1 0.590379 0.423373 1 0.589263 0.423793 2 0.591887 0.423592 2 0.587921 0.429947 2 0.592987 0.428687 2 0.586013 0.434781 2 0.596395 0.433877 2 0.587491 0.432791 2 0.595482 0.433924 2 0.588527 0.443997 2 0.591891 0.443223 2 0.589211 0.452106 2 0.593107 0.449157 2 0.587351 0.460097 2 0.592663 0.454869 2
0 0.360819 0.281513 0.012605 0.047619 0.360290 0.265261 2 0.360474 0.264340 1 0.359926 0.264325 2 0.360260 0.263872 1 0.358904 0.263893 2 0.359684 0.267706 2 0.357606 0.268543 2 0.359953 0.274533 2 0.356712 0.275306 2 0.361674 0.279942 2 0.358527 0.281364 2 0.359079 0.280873 2 0.357443 0.281862 2 0.361236 0.287996 2 0.357750 0.291583 2 0.361392 0.295591 2 0.356588 0.300615 2
0 0.594013 0.352941 0.016807 0.054155 0.594007 0.335595 2 0.594454 0.334675 2 0.593972 0.334503 1 0.595824 0.335046 2 0.594923 0.334607 1 0.595794 0.340381 2 0.595531 0.339064 2 0.592826 0.344751 2 0.592451 0.343604 2 0.592315 0.344438 2 0.592685 0.344407 2 0.595479 0.351398 2 0.595378 0.350476 2 0.594291 0.358408 2 0.594575 0.356121 2 0.594546 0.365210 2 0.594664 0.363173 2
0 0.133666 0.300654 0.016282 0.054155 0.134272 0.282037 1 0.133864 0.281348 1 0.134166 0.281154 1 0.131912 0.282639 2 0.134186 0.282339 2 0.131657 0.288628 2 0.136105 0.288203 2 0.130002 0.293631 2 0.138182 0.294208 2 0.130571 0.291409 2 0.139832 0.298614 2 0.133877 0.302530 2 0.136680 0.302295 2 0.135328 0.313041 2 0.137229 0.312005 2 0.136757 0.321451 2 0.138453 0.323598 2
0 0.189601 0.264239 0.013655 0.046685 0.194345 0.246868 2 0.194150 0.245982 1 0.193892 0.246139 2 0.193280 0.246568 1 0.192629 0.247085 2 0.194113 0.251035 2 0.192644 0.252519 2 0.196749 0.254457 2 0.194864 0.256904 2 0.195355 0.253701 2 0.195829 0.254012 2 0.195504 0.262760 2 0.194497 0.263513 2 0.196224 0.271461 2 0.195577 0.272188 2 0.196796 0.280699 2 0.196302 0.281543 2
0 0.236870 0.298319 0.014706 0.028945 0.241028 0.286274 1 0.240742 0.285591 1 0.241157 0.285550 1 0.239698 0.285745 2 0.241628 0.285770 2 0.238957 0.289497 2 0.241770 0.289887 2 0.238449 0.295347 2 0.242128 0.296947 2 0.240093 0.297178 1 0.243215 0.300966 2 0.240360 0.300091 2 0.242177 0.300728 2 0.245407 0.293477 2 0.246437 0.293975 2 0.245190 0.300610 1 0.245543 0.301417 2
0 0.220063 0.260037 0.017857 0.055089 0.219992 0.243022 1 0.219645 0.242226 1 0.219765 0.242170 1 0.218110 0.242871 1 0.218871 0.242872 2 0.218290 0.247407 2 0.218686 0.247389 2 0.221292 0.251243 1 0.221147 0.250339 2 0.222102 0.250235 1 0.221699 0.247743 2 0.219049 0.260464 2 0.219337 0.260657 2 0.220147 0.269622 2 0.220202 0.269850 2 0.220723 0.278248 2 0.220842 0.278448 2
0 0.250788 0.281979 0.013130 0.056022 0.244227 0.247495 1 0.244266 0.246625 1 0.244575 0.246467 1 0.244026 0.247167 2 0.246531 0.246673 2 0.243288 0.252955 2 0.247954 0.251946 2 0.242510 0.260628 2 0.249677 0.259325 2 0.242692 0.263837 2 0.250408 0.263867 2 0.244720 0.266275 2 0.247731 0.265803 2 0.246254 0.277085 2 0.248211 0.276519 2 0.247503 0.286919 2 0.248102 0.286511 2
0 0.244485 0.263772 0.015231 0.055089 0.244527 0.247452 1 0.244571 0.246564 1 0.244833 0.246396 1 0.244189 0.246979 2 0.246570 0.246477 2 0.243369 0.252268 2 0.248067 0.251760 2 0.242253 0.257991 2 0.249666 0.258059 2 0.241942 0.262318 2 0.250505 0.263094 2 0.244834 0.264485 2 0.247850 0.264228 2 0.246047 0.274859 2 0.248021 0.274067 2 0.247356 0.282550 2 0.248179 0.282209 2
0 0.334821 0.281513 0.012080 0.049486 0.338280 0.259067 2 0.338701 0.258261 2 0.337853 0.258231 2 0.339067 0.258801 2 0.337110 0.258630 2 0.340415 0.262754 2 0.336446 0.263530 2 0.341741 0.266853 2 0.336234 0.269557 2 0.339733 0.264782 2 0.337172 0.274435 2 0.340459 0.274720 2 0.338119 0.275138 2 0.339990 0.283088 2 0.340418 0.284829 2 0.338079 0.290194 2 0.341153 0.294711 2
0 0.359506 0.226424 0.014181 0.032680 0.369223 0.206608 1 0.369223 0.205841 1 0.369139 0.205842 1 0.368944 0.206013 1 0.369041 0.206042 2 0.368408 0.210158 1 0.368075 0.210389 2 0.367926 0.217815 1 0.367089 0.218297 2 0.368765 0.222868 1 0.368200 0.223589 2 0.368868 0.224538 2 0.368701 0.224886 2 0.368773 0.235350 1 0.368524 0.236018 2 0.368507 0.245177 1 0.368297 0.245255 2
0 0.371324 0.216620 0.012605 0.039216 0.371140 0.204855 2 0.371334 0.204039 2 0.370682 0.204095 2 0.371467 0.204357 1 0.369714 0.204534 2 0.371671 0.208531 2 0.368591 0.209651 2 0.373342 0.211178 2 0.369490 0.214499 2 0.375903 0.213061 2 0.371952 0.215771 2 0.371607 0.217887 2 0.369404 0.218931 2 0.374873 0.220470 2 0.372263 0.221743 2 0.374883 0.227734 2 0.371829 0.228324 2
0 0.596113 0.190009 0.013655 0.040149 0.594456 0.178102 2 0.594642 0.177484 2 0.594751 0.177493 1 0.595324 0.177847 2 0.596163 0.177752 1 0.595439 0.181176 2 0.596710 0.181213 2 0.593727 0.185340 2 0.595321 0.186011 1 0.591835 0.187098 2 0.593419 0.188302 1 0.595759 0.191952 2 0.596489 0.191727 2 0.593977 0.199131 2 0.594316 0.198801 2 0.595093 0.206907 2 0.594631 0.206611 2
0 0.403624 0.119514 0.014181 0.039216 0.405289 0.110480 2 0.405636 0.109765 2 0.405044 0.109867 2 0.406423 0.109761 2 0.404895 0.110081 1 0.407544 0.113346 2 0.404421 0.113957 2 0.408742 0.118077 2 0.403531 0.117772 2 0.408500 0.120229 2 0.404222 0.119928 2 0.406984 0.122368 2 0.404880 0.122832 2 0.407291 0.128932 2 0.405064 0.130777 2 0.408047 0.135582 2 0.405061 0.138260 2
0 0.644958 0.188609 0.011555 0.042951 0.644834 0.176360 1 0.644914 0.175605 1 0.645025 0.175610 1 0.645360 0.175724 2 0.646525 0.175697 1 0.645587 0.179232 2 0.647333 0.179495 2 0.644559 0.183583 2 0.646895 0.184358 1 0.643939 0.183882 2 0.645271 0.184667 1 0.645129 0.188756 2 0.646346 0.188652 2 0.644081 0.195772 2 0.645158 0.196090 2 0.643769 0.202920 2 0.645039 0.203716 2
0 0.198529 0.154062 0.009454 0.033613 0.199757 0.141798 2 0.200137 0.141159 2 0.199407 0.141206 2 0.200820 0.141292 2 0.198953 0.141404 2 0.201799 0.144404 2 0.198468 0.144831 2 0.202364 0.147680 2 0.198202 0.148288 2 0.199869 0.147665 2 0.200762 0.148213 2 0.202106 0.154111 2 0.199765 0.154498 2 0.202499 0.161261 2 0.200259 0.162159 2 0.203090 0.167727 2 0.200484 0.169094 2
0 0.206933 0.156396 0.009454 0.038282 0.207458 0.141912 2 0.207827 0.141196 2 0.207080 0.141240 2 0.208472 0.141387 2 0.206631 0.141526 2 0.209756 0.144934 2 0.205938 0.145339 2 0.211360 0.148997 2 0.205483 0.149857 2 0.210683 0.153848 2 0.205583 0.154496 2 0.209609 0.155955 2 0.206998 0.156155 2 0.210315 0.163962 2 0.206923 0.164053 2 0.210590 0.171573 2 0.207491 0.171477 2
0 0.569065 0.691410 0.019433 0.049486 0.569111 0.672626 1 0.569050 0.671224 1 0.569636 0.671310 1 0.568041 0.671988 2 0.571892 0.672029 2 0.566561 0.679923 2 0.573259 0.680248 2 0.563545 0.684731 2 0.576401 0.683827 2 0.563751 0.678152 2 0.575427 0.677294 2 0.567545 0.698871 2 0.571537 0.699128 2 0.567779 0.707727 2 0.569813 0.709505 2 0.568137 0.717659 2 0.568805 0.720300 2
0 0.270746 0.101774 0.008929 0.039216 0.268581 0.098873 1 0.268618 0.098243 1 0.268711 0.098253 1 0.268604 0.098620 2 0.269785 0.098558 2 0.268337 0.102145 2 0.270425 0.102010 2 0.267974 0.106006 2 0.271109 0.106085 2 0.268284 0.109119 2 0.271011 0.109479 2 0.268936 0.109303 2 0.270405 0.109249 2 0.269194 0.115085 2 0.270796 0.115018 2 0.269199 0.120981 2 0.271122 0.120498 2
0 0.247111 0.099440 0.020483 0.036415 0.245581 0.087110 1 0.245853 0.086435 1 0.245499 0.086402 1 0.246115 0.087233 1 0.245764 0.087081 2 0.246403 0.091777 2 0.245234 0.091665 2 0.247325 0.095982 2 0.244327 0.096003 2 0.247940 0.099674 2 0.243732 0.100258 2 0.246963 0.100577 2 0.246347 0.100695 2 0.247240 0.107363 2 0.246682 0.107469 2 0.247944 0.113638 2 0.247798 0.113223 2
