0 0.087054 0.510582 0.035714 0.126984 0.080769 0.462977 2 0.082176 0.460067 2 0.080506 0.460396 2 0.086756 0.460108 2 0.081904 0.461166 1 0.093264 0.472419 2 0.080035 0.475341 2 0.102926 0.482751 2 0.073378 0.484615 2 0.098326 0.493894 2 0.078633 0.494288 2 0.093765 0.507934 2 0.085772 0.509974 2 0.097343 0.528348 2 0.089469 0.534415 2 0.100563 0.547621 2 0.095007 0.556256 2
0 0.042783 0.585979 0.036458 0.126984 0.033710 0.548558 2 0.036227 0.546163 2 0.033789 0.545748 2 0.041416 0.548705 2 0.033993 0.547980 1 0.045692 0.559707 2 0.033970 0.564921 2 0.054117 0.574177 2 0.033971 0.579516 2 0.046951 0.586292 2 0.034961 0.594188 2 0.050339 0.592714 2 0.041548 0.596405 2 0.057182 0.604365 2 0.039733 0.616335 2 0.065236 0.615112 2 0.043765 0.638096 2
0 0.015997 0.487434 0.031994 0.170635 0.001824 0.514107 2 0.003436 0.510428 2 0.000141 0.511020 2 0.007062 0.510565 2 0.000000 0.512488 1 0.012908 0.524434 2 0.000000 0.530327 2 0.018793 0.541310 2 0.001333 0.551444 2 0.010326 0.546528 2 0.011749 0.548404 2 0.019212 0.572010 2 0.008688 0.575721 2 0.027953 0.595912 2 0.015347 0.601509 1 0.029635 0.601435 1 0.017633 0.605159 1
0 0.757812 0.187831 0.015625 0.074074 0.747918 0.201027 2 0.748276 0.199484 2 0.747480 0.199432 2 0.748589 0.199851 1 0.747024 0.200007 1 0.748325 0.205601 2 0.747024 0.208113 2 0.750037 0.215449 2 0.747247 0.221067 2 0.752331 0.219581 2 0.751062 0.228594 2 0.749457 0.223900 2 0.747828 0.226254 2 0.755592 0.230809 2 0.751889 0.236747 2 0.753341 0.231573 1 0.752591 0.238530 1
0 0.893601 0.242063 0.025298 0.095238 0.901533 0.210300 1 0.900820 0.207993 1 0.901456 0.208407 1 0.896295 0.205897 1 0.900743 0.207182 2 0.892454 0.213404 2 0.900411 0.215056 2 0.888806 0.223442 2 0.901262 0.226130 2 0.889899 0.232059 1 0.900096 0.235578 1 0.891027 0.239596 2 0.896394 0.240331 2 0.890406 0.257994 2 0.895330 0.258781 2 0.886685 0.275354 2 0.892211 0.275657 2
0 0.828125 0.692460 0.055060 0.228836 0.827853 0.603800 1 0.828149 0.599776 1 0.829593 0.601140 1 0.829003 0.603936 2 0.840120 0.606362 1 0.828173 0.630553 2 0.842449 0.632938 2 0.825623 0.660613 2 0.837460 0.652470 2 0.812423 0.667084 2 0.819581 0.649864 2 0.823395 0.693251 2 0.835875 0.694105 2 0.806612 0.722639 2 0.834563 0.734721 2 0.806019 0.769932 2 0.847255 0.777800 2
0 0.952009 0.234788 0.024554 0.088624 0.948935 0.204933 2 0.949610 0.203454 2 0.949195 0.203328 1 0.952495 0.204441 2 0.952984 0.204085 1 0.953017 0.213365 2 0.954525 0.212626 2 0.954730 0.225926 2 0.951804 0.224494 2 0.950257 0.226354 2 0.944879 0.231138 2 0.953643 0.237062 2 0.956252 0.236411 2 0.944991 0.253052 2 0.956270 0.254854 2 0.944228 0.273353 2 0.961180 0.270234 2
0 0.294271 0.126323 0.012649 0.062169 0.294632 0.100218 2 0.295131 0.098951 2 0.294041 0.098999 2 0.295834 0.099551 2 0.293195 0.099659 2 0.297315 0.106525 2 0.292123 0.106641 2 0.299212 0.114318 2 0.290534 0.113491 2 0.299723 0.121392 2 0.289224 0.118839 2 0.296758 0.121028 2 0.293416 0.121126 2 0.297268 0.132420 2 0.293744 0.132491 2 0.297388 0.142794 2 0.294319 0.142961 2
0 0.161458 0.089286 0.016369 0.048942 0.160571 0.105378 1 0.160597 0.104615 1 0.160902 0.104382 1 0.160867 0.104988 2 0.163349 0.104258 2 0.161191 0.109821 2 0.165372 0.108802 2 0.160493 0.114967 2 0.166727 0.114364 2 0.161260 0.114142 1 0.166342 0.116603 1 0.162677 0.120235 2 0.165593 0.119558 2 0.162157 0.122520 1 0.165986 0.122520 1 0.162077 0.122172 1 0.166104 0.122520 1
0 0.982143 0.306878 0.031250 0.124339 0.993832 0.276427 2 0.993588 0.274101 1 0.993188 0.274232 2 0.991984 0.274136 1 0.990284 0.274915 2 0.990950 0.282969 2 0.984746 0.286943 2 0.997489 0.290334 2 0.983947 0.304816 2 0.999268 0.293648 2 0.985366 0.317785 2 0.982048 0.310305 2 0.977125 0.311780 2 0.987802 0.330936 2 0.976476 0.335075 2 0.984802 0.355008 2 0.968915 0.358304 2
0 0.500372 0.335979 0.024554 0.119048 0.495444 0.284813 2 0.496613 0.282758 2 0.495156 0.282750 2 0.499923 0.283926 2 0.497359 0.283798 1 0.501862 0.295671 2 0.498667 0.295558 2 0.504999 0.313094 2 0.498268 0.309525 2 0.499762 0.325753 2 0.495443 0.308287 2 0.500316 0.329634 2 0.499451 0.329205 2 0.494999 0.353734 2 0.501078 0.354299 2 0.494447 0.379806 2 0.505553 0.377932 2
0 0.612723 0.158730 0.014137 0.055556 0.607976 0.138987 1 0.607964 0.138121 1 0.608431 0.137674 1 0.608528 0.137350 2 0.611243 0.136049 1 0.608860 0.140460 2 0.613911 0.138235 2 0.608695 0.147887 2 0.617492 0.144232 2 0.609634 0.150961 2 0.618061 0.149524 2 0.613632 0.150166 2 0.616569 0.149152 2 0.613480 0.161951 2 0.614092 0.160684 2 0.615454 0.174491 2 0.613703 0.173133 2
0 0.558036 0.423280 0.029762 0.153439 0.553786 0.358404 2 0.554685 0.355611 2 0.554845 0.355837 1 0.556884 0.358907 2 0.561132 0.358607 1 0.555754 0.377776 2 0.564634 0.377666 2 0.555297 0.400662 2 0.567629 0.399789 2 0.551196 0.415484 2 0.565628 0.417393 2 0.555865 0.420323 2 0.562352 0.419904 2 0.548681 0.447320 2 0.557548 0.449908 2 0.546009 0.480703 2 0.556528 0.481473 2
0 0.456101 0.394180 0.029762 0.134921 0.459126 0.342066 1 0.458886 0.339387 1 0.459708 0.339749 1 0.455329 0.340631 2 0.462647 0.341766 2 0.450477 0.355903 2 0.463640 0.358029 2 0.446785 0.373078 2 0.465960 0.378467 2 0.448469 0.388113 2 0.467899 0.392464 2 0.451868 0.393691 2 0.460655 0.394564 2 0.452615 0.420096 2 0.460032 0.420438 2 0.453699 0.447239 2 0.459047 0.444541 2
0 0.392113 0.338624 0.031250 0.116402 0.385141 0.290189 1 0.384948 0.287858 1 0.385326 0.287583 1 0.382565 0.290852 2 0.389024 0.289279 2 0.381376 0.308075 2 0.393645 0.303875 2 0.382040 0.327647 2 0.399097 0.319159 2 0.386496 0.334097 2 0.395733 0.323186 2 0.386954 0.340392 2 0.395695 0.338969 2 0.389354 0.365616 2 0.399506 0.361281 2 0.389216 0.390502 2 0.401287 0.385261 2
0 0.251488 0.413360 0.031250 0.138889 0.262429 0.337020 2 0.261260 0.334925 1 0.261781 0.334696 2 0.255747 0.337385 1 0.259580 0.337455 2 0.252739 0.352330 2 0.261845 0.352669 2 0.253355 0.370811 2 0.263476 0.372354 2 0.259337 0.376897 1 0.267912 0.387221 2 0.256033 0.388472 2 0.262790 0.389079 2 0.260397 0.415204 2 0.269443 0.415501 2 0.262017 0.439559 2 0.271285 0.445219 2
0 0.339658 0.348545 0.020089 0.109788 0.343636 0.304246 1 0.342552 0.301808 1 0.343060 0.302062 2 0.337873 0.302739 1 0.340534 0.304098 2 0.334764 0.314503 2 0.339766 0.316546 2 0.333197 0.332026 1 0.340203 0.336431 2 0.335151 0.345366 1 0.342380 0.351599 2 0.333737 0.340914 2 0.336959 0.342069 2 0.337871 0.368591 2 0.339437 0.369525 2 0.337444 0.392185 2 0.337002 0.393697 2
0 0.433036 0.277116 0.023810 0.067460 0.432838 0.260494 2 0.433973 0.258155 2 0.432270 0.258471 2 0.437013 0.258511 2 0.433130 0.259149 1 0.439681 0.270659 2 0.435367 0.271717 2 0.444884 0.286912 2 0.435482 0.288663 2 0.444457 0.302793 2 0.432417 0.302994 2 0.439681 0.304430 2 0.436840 0.304353 2 0.441169 0.322544 1 0.436569 0.321667 1 0.443031 0.322071 1 0.436642 0.321546 1
0 0.425967 0.430556 0.029018 0.141534 0.420940 0.371215 1 0.421106 0.368773 1 0.421787 0.369046 1 0.419847 0.371012 2 0.426716 0.370676 2 0.417866 0.387329 2 0.429153 0.384811 2 0.414789 0.404900 2 0.430790 0.403680 2 0.412578 0.421003 2 0.428794 0.417994 1 0.420295 0.424732 2 0.427973 0.422771 2 0.417532 0.452723 2 0.425331 0.444984 2 0.418861 0.482008 2 0.426580 0.469041 2
0 0.395833 0.338624 0.029762 0.126984 0.384636 0.290584 1 0.384595 0.288205 1 0.384885 0.287892 1 0.382741 0.290805 2 0.388736 0.289240 2 0.381533 0.307486 2 0.392778 0.303396 2 0.381980 0.327064 2 0.399058 0.318424 2 0.386004 0.333136 2 0.396039 0.322546 2 0.387338 0.339649 2 0.395271 0.338274 2 0.389942 0.365451 2 0.398939 0.361448 2 0.390066 0.391204 2 0.401683 0.385053 2
0 0.226190 0.303571 0.025298 0.107143 0.226770 0.261211 2 0.227589 0.259202 2 0.225677 0.259765 2 0.229247 0.258448 2 0.224240 0.259758 2 0.233266 0.267703 2 0.223051 0.267972 2 0.237006 0.280321 2 0.219334 0.277354 2 0.231602 0.280127 2 0.221381 0.280609 2 0.233320 0.297150 2 0.226322 0.297356 2 0.235665 0.319831 2 0.227413 0.320602 2 0.239752 0.340885 2 0.228374 0.342107 2
0 0.521205 0.181217 0.020089 0.079365 0.526615 0.145394 1 0.526409 0.143729 1 0.526741 0.143981 1 0.524163 0.144688 2 0.527895 0.145473 2 0.521605 0.153781 2 0.528602 0.155413 2 0.519323 0.164935 2 0.529023 0.167264 2 0.518654 0.174361 2 0.529570 0.177201 2 0.521374 0.173312 2 0.526403 0.174074 2 0.519583 0.189949 2 0.525923 0.192194 2 0.518454 0.206529 2 0.524881 0.208633 2
0 0.868676 0.220238 0.024554 0.093915 0.871829 0.188889 2 0.872806 0.187015 2 0.870948 0.187186 2 0.873910 0.186836 2 0.869478 0.187090 2 0.876222 0.196116 2 0.866493 0.195564 2 0.880782 0.205291 2 0.864221 0.205615 2 0.878420 0.216022 2 0.862718 0.214953 2 0.871927 0.221249 2 0.866210 0.219907 2 0.865750 0.238339 2 0.865305 0.234070 2 0.864960 0.253534 2 0.869993 0.245391 2
0 0.449033 0.236111 0.021577 0.096561 0.445958 0.200067 2 0.446884 0.197845 2 0.445283 0.198126 2 0.449048 0.197854 2 0.445131 0.198473 1 0.451750 0.207936 2 0.445171 0.207433 2 0.452842 0.221381 2 0.444524 0.218961 2 0.447573 0.218570 2 0.444333 0.218812 2 0.450154 0.232763 2 0.445448 0.232131 2 0.449870 0.253428 2 0.444225 0.252443 2 0.451274 0.274487 2 0.445549 0.272487 2
0 0.732515 0.232143 0.020089 0.080688 0.732363 0.202701 2 0.732701 0.200768 2 0.731554 0.200454 2 0.732171 0.201412 1 0.729212 0.200474 2 0.731667 0.210335 2 0.725275 0.208772 2 0.732155 0.224253 2 0.724384 0.222249 2 0.734763 0.230910 2 0.729364 0.230604 2 0.730110 0.229641 2 0.725411 0.230323 2 0.741082 0.236900 2 0.732846 0.237600 2 0.736597 0.257177 2 0.732794 0.257506 2
0 0.750744 0.234788 0.023810 0.080688 0.747460 0.203524 2 0.748063 0.201830 2 0.746607 0.201508 2 0.748008 0.201781 1 0.744275 0.200890 2 0.747278 0.207701 2 0.742506 0.209063 2 0.750322 0.217240 2 0.747276 0.221435 2 0.752808 0.220374 2 0.751950 0.228586 2 0.748098 0.226465 2 0.744789 0.228526 2 0.755154 0.232120 2 0.751848 0.237221 2 0.752627 0.249347 2 0.752279 0.256300 2
0 0.834821 0.661376 0.044643 0.198413 0.826936 0.604256 1 0.827371 0.600187 1 0.828579 0.601750 1 0.828380 0.604384 2 0.839631 0.607463 1 0.827333 0.629269 2 0.843432 0.634142 2 0.825181 0.656607 2 0.836253 0.659960 2 0.811618 0.661109 2 0.819757 0.655113 2 0.821585 0.692005 2 0.835335 0.693143 2 0.805049 0.726476 2 0.835399 0.735764 2 0.807597 0.773227 2 0.847530 0.779025 2
0 0.513765 0.289021 0.023065 0.064815 0.514463 0.262168 2 0.515242 0.260944 1 0.513786 0.260738 2 0.515869 0.257812 1 0.512025 0.257437 2 0.516684 0.255524 2 0.508362 0.256619 2 0.521098 0.264344 2 0.506241 0.268724 2 0.517875 0.269279 2 0.511413 0.271045 2 0.514502 0.272166 2 0.508832 0.273078 2 0.520201 0.274699 2 0.507787 0.275704 2 0.518809 0.296214 2 0.509509 0.296202 2
0 0.503720 0.259259 0.023810 0.068783 0.513606 0.262664 1 0.514359 0.261433 1 0.513046 0.261128 1 0.515675 0.259082 1 0.512274 0.258298 1 0.517346 0.258858 2 0.509218 0.256940 2 0.514794 0.272221 2 0.506640 0.268827 2 0.508064 0.270771 2 0.509366 0.271511 2 0.517757 0.271136 2 0.511826 0.270618 2 0.517329 0.274212 2 0.506375 0.274567 2 0.517351 0.294725 2 0.510088 0.293807 2
0 0.470982 0.144180 0.017857 0.066138 0.475289 0.119569 2 0.475308 0.118305 1 0.474654 0.118412 2 0.475167 0.118905 1 0.473114 0.119111 2 0.474887 0.126247 2 0.471443 0.126110 2 0.474862 0.134686 2 0.470428 0.134693 2 0.475217 0.140535 2 0.472658 0.140079 2 0.474137 0.142181 2 0.470869 0.142285 2 0.477362 0.154484 2 0.468478 0.154979 2 0.476464 0.168285 2 0.462902 0.167287 2
0 0.176339 0.281085 0.014881 0.051587 0.177632 0.263831 2 0.177875 0.262505 2 0.178207 0.262401 1 0.179289 0.263061 2 0.180716 0.262662 1 0.180404 0.271215 2 0.180624 0.270860 2 0.180275 0.278580 2 0.179880 0.278912 1 0.177908 0.281596 2 0.178104 0.282151 1 0.180924 0.286955 2 0.180945 0.286686 2 0.182019 0.294917 2 0.180690 0.294669 2 0.183772 0.303626 2 0.181545 0.302735 2
0 0.109375 0.282407 0.026786 0.054233 0.111964 0.269697 2 0.112470 0.267870 2 0.110695 0.268489 2 0.113485 0.267031 1 0.108282 0.268696 2 0.114797 0.273323 2 0.106401 0.274639 2 0.119565 0.279289 2 0.103116 0.282692 2 0.118896 0.279701 2 0.101581 0.292453 2 0.113701 0.285737 2 0.107524 0.286165 2 0.117937 0.284106 2 0.104032 0.284985 2 0.120708 0.296723 2 0.101523 0.293936 2
0 0.581473 0.127646 0.012649 0.070106 0.582990 0.102149 2 0.583484 0.101006 2 0.582417 0.100923 2 0.583846 0.101222 1 0.581302 0.100949 2 0.584627 0.107553 2 0.579597 0.107174 2 0.585499 0.115218 2 0.577906 0.115327 2 0.585272 0.119734 2 0.578365 0.122711 2 0.583714 0.124534 2 0.580262 0.124420 2 0.583673 0.138126 2 0.579601 0.138023 2 0.583699 0.151351 2 0.578792 0.151263 2
0 0.162574 0.115079 0.012649 0.039683 0.161950 0.106258 1 0.161869 0.105556 1 0.162248 0.105369 1 0.161555 0.105983 2 0.163956 0.105504 1 0.161090 0.110421 2 0.165335 0.109487 2 0.160425 0.115047 2 0.166474 0.114473 2 0.161023 0.116114 1 0.166375 0.117256 1 0.162575 0.120121 2 0.165372 0.119574 2 0.163750 0.127583 2 0.165861 0.126207 2 0.164332 0.134305 2 0.165737 0.132915 2
0 0.385789 0.094577 0.014137 0.051587 0.386404 0.078177 1 0.386074 0.077253 1 0.386378 0.077243 1 0.384071 0.077544 2 0.386254 0.077705 2 0.383138 0.082651 2 0.386324 0.082671 2 0.381643 0.088107 2 0.387400 0.087450 2 0.382559 0.090587 1 0.389008 0.086545 2 0.383296 0.094848 2 0.385532 0.094821 2 0.383542 0.103127 2 0.386553 0.102458 2 0.382869 0.111021 1 0.386718 0.111189 1
0 0.357887 0.080688 0.010417 0.050265 0.362374 0.064723 2 0.362480 0.063796 1 0.361854 0.063932 2 0.362298 0.064029 1 0.360652 0.064389 2 0.362911 0.068621 2 0.359798 0.069252 2 0.363788 0.073926 2 0.358752 0.075409 2 0.363570 0.076902 2 0.360233 0.080338 2 0.362932 0.079522 2 0.360881 0.079837 2 0.362464 0.087148 2 0.360903 0.087383 2 0.361905 0.094596 2 0.360141 0.095074 2
0 0.211682 0.113757 0.012649 0.044974 0.209404 0.100090 1 0.209447 0.099170 1 0.209589 0.099154 1 0.209614 0.099621 2 0.211284 0.099444 1 0.209600 0.104618 2 0.212566 0.104176 2 0.209661 0.110632 2 0.213625 0.109912 2 0.209966 0.115910 2 0.213315 0.114879 1 0.210819 0.114914 2 0.212902 0.114715 2 0.211378 0.123965 2 0.213515 0.123719 2 0.211969 0.133102 2 0.214395 0.132503 2
0 0.642113 0.199074 0.016369 0.085979 0.644463 0.172058 2 0.644051 0.170682 1 0.644139 0.170678 2 0.641972 0.171048 1 0.642798 0.171219 2 0.640920 0.178438 2 0.641197 0.179190 2 0.641775 0.189506 1 0.642865 0.190783 2 0.646664 0.193631 1 0.647965 0.192843 2 0.641567 0.200124 2 0.641314 0.200993 2 0.644397 0.215173 2 0.641416 0.216769 2 0.642802 0.229268 2 0.638186 0.231098 2
0 0.937500 0.292989 0.032738 0.130952 0.942003 0.247805 2 0.942400 0.245401 2 0.940733 0.245462 2 0.941676 0.246665 1 0.937710 0.246892 2 0.942894 0.257039 2 0.933416 0.259770 2 0.943834 0.271485 2 0.929720 0.276487 2 0.943385 0.282075 2 0.931840 0.290976 2 0.940375 0.285867 2 0.934043 0.287865 2 0.941512 0.304794 2 0.932538 0.310582 2 0.934403 0.321994 2 0.929768 0.330878 2
0 0.910342 0.330688 0.036458 0.129630 0.917804 0.281116 1 0.916775 0.278427 1 0.917451 0.278884 1 0.910615 0.279533 1 0.916209 0.280960 2 0.908089 0.292081 2 0.915847 0.294983 2 0.907043 0.309556 1 0.916217 0.312813 2 0.912323 0.322507 1 0.918751 0.328507 2 0.905980 0.321831 2 0.912268 0.323464 2 0.903332 0.347268 2 0.914379 0.350688 2 0.897281 0.368415 2 0.913926 0.376974 2
0 0.815104 0.185847 0.021577 0.067460 0.818060 0.203241 2 0.818973 0.201878 2 0.817548 0.201411 2 0.819645 0.199982 2 0.815936 0.198933 2 0.818756 0.203127 2 0.812343 0.201666 2 0.818440 0.215036 2 0.808825 0.213027 2 0.818541 0.224708 2 0.811385 0.221838 2 0.812886 0.213424 2 0.808776 0.212950 2 0.814617 0.221947 2 0.810260 0.222245 2 0.811756 0.229173 1 0.808035 0.230437 1
0 0.911458 0.245370 0.028274 0.107143 0.912184 0.207665 2 0.913236 0.206024 2 0.911337 0.205544 2 0.914075 0.206880 2 0.909461 0.205634 2 0.915489 0.214310 2 0.906167 0.214589 2 0.921427 0.222160 2 0.902775 0.226017 2 0.916237 0.228790 2 0.904984 0.234286 2 0.911159 0.239623 2 0.905481 0.239364 2 0.910256 0.259114 2 0.904154 0.258763 2 0.906595 0.277550 2 0.903377 0.278483 2
