0 0.422991 0.914021 0.079613 0.166667 0.416892 0.854825 1 0.416229 0.850756 1 0.417963 0.850636 1 0.410714 0.853117 2 0.423406 0.853017 2 0.406291 0.875812 2 0.427200 0.878620 2 0.403644 0.894902 2 0.438863 0.906814 2 0.415303 0.885735 1 0.458006 0.922258 2 0.410160 0.934377 2 0.424266 0.935411 2 0.406382 0.982225 2 0.423097 0.985509 2 0.401329 1.000000 1 0.421223 1.000000 1
0 0.146205 0.726852 0.023065 0.099206 0.143537 0.690280 2 0.144339 0.688133 2 0.143211 0.687351 2 0.148190 0.686858 2 0.146106 0.684912 1 0.148774 0.698540 2 0.150351 0.692744 2 0.150084 0.713524 2 0.150623 0.699473 1 0.144748 0.713188 2 0.146167 0.703738 1 0.150455 0.725295 2 0.152072 0.722990 2 0.151281 0.740205 2 0.155074 0.739848 2 0.152711 0.757885 2 0.155162 0.754400 2
0 0.153646 0.666667 0.037946 0.134921 0.156031 0.611412 1 0.156175 0.608642 1 0.156708 0.608242 1 0.157114 0.607472 2 0.161850 0.606026 1 0.157885 0.620594 2 0.165165 0.615905 2 0.156104 0.640867 2 0.161425 0.630342 2 0.146898 0.643697 2 0.150818 0.636533 1 0.162810 0.654091 2 0.167862 0.651952 2 0.164459 0.684542 2 0.167490 0.681624 2 0.168943 0.712591 2 0.169189 0.706715 2
0 0.388765 0.390873 0.029018 0.048942 0.390258 0.374868 2 0.390651 0.373553 2 0.390679 0.373877 1 0.392496 0.374193 2 0.393998 0.374484 1 0.392425 0.381101 2 0.396321 0.380524 2 0.386618 0.394775 2 0.390514 0.393617 2 0.383696 0.402324 2 0.385052 0.404538 2 0.394827 0.405591 2 0.397230 0.404767 2 0.391442 0.422565 2 0.392767 0.421403 1 0.390870 0.421232 1 0.390423 0.420609 1
0 0.617932 0.644841 0.040923 0.165344 0.618729 0.579168 2 0.620227 0.575769 2 0.616630 0.576854 2 0.623035 0.576016 2 0.613884 0.578262 2 0.627454 0.595462 2 0.609406 0.594907 2 0.631687 0.616039 2 0.605406 0.619455 2 0.632886 0.636464 2 0.608303 0.639910 2 0.625414 0.642916 2 0.613153 0.641795 2 0.625300 0.677639 2 0.611837 0.668501 2 0.627239 0.709524 2 0.611003 0.689851 2
0 0.270833 0.429894 0.025298 0.084656 0.267314 0.399087 2 0.267364 0.397119 2 0.266843 0.397057 1 0.269374 0.394160 2 0.270001 0.393953 1 0.273377 0.398600 2 0.275965 0.399571 2 0.277629 0.405977 2 0.275366 0.410705 2 0.274091 0.409545 2 0.271546 0.417595 2 0.279753 0.426962 2 0.282907 0.426734 2 0.272236 0.441020 2 0.282860 0.440903 2 0.270384 0.458330 2 0.284176 0.459359 2
0 0.273810 0.441799 0.017857 0.060847 0.267569 0.401008 1 0.267700 0.399514 1 0.267343 0.400026 1 0.269446 0.399594 1 0.268882 0.400510 1 0.273305 0.401745 2 0.271363 0.404126 2 0.273628 0.407622 2 0.271340 0.414929 2 0.272213 0.412489 2 0.272069 0.418499 2 0.280519 0.416356 2 0.278293 0.417112 2 0.281351 0.434149 2 0.275225 0.432723 2 0.283297 0.452508 2 0.273901 0.452683 2
0 0.297619 0.417328 0.025298 0.062169 0.293706 0.399662 2 0.293861 0.398291 2 0.293926 0.398074 1 0.295766 0.396833 2 0.297537 0.395941 1 0.297564 0.400555 2 0.301186 0.399230 2 0.293195 0.411095 2 0.297391 0.409980 1 0.289790 0.415582 2 0.292220 0.415656 1 0.305287 0.420215 2 0.307833 0.419012 2 0.294684 0.418048 2 0.298479 0.415896 2 0.297195 0.437212 2 0.301136 0.434979 2
0 0.286458 0.394180 0.019345 0.079365 0.283654 0.362905 1 0.283972 0.361201 1 0.284438 0.361202 1 0.285664 0.362150 2 0.289266 0.361719 1 0.285551 0.371800 2 0.293231 0.371197 2 0.282702 0.382817 2 0.295338 0.383570 2 0.285011 0.385559 2 0.294274 0.390376 1 0.288537 0.397266 2 0.293342 0.396668 2 0.289283 0.417010 2 0.291604 0.415712 2 0.292333 0.436349 2 0.292551 0.436018 2
0 0.586310 0.304233 0.020833 0.050265 0.585311 0.293423 2 0.586226 0.291362 2 0.584173 0.291656 2 0.587746 0.292208 2 0.582685 0.293065 2 0.590264 0.301611 2 0.581304 0.302999 2 0.593614 0.310022 2 0.579347 0.312930 2 0.593119 0.311790 2 0.581115 0.313395 2 0.589007 0.324026 2 0.582760 0.324162 2 0.586668 0.331334 2 0.576335 0.331349 2 0.588122 0.338170 1 0.579738 0.337899 1
0 0.537574 0.385582 0.023065 0.091270 0.535594 0.350989 2 0.536787 0.349330 2 0.534674 0.349179 2 0.538613 0.349496 2 0.533331 0.348690 2 0.539859 0.358169 2 0.531570 0.353321 2 0.538103 0.365377 2 0.527011 0.348689 2 0.531616 0.357406 2 0.526101 0.339024 2 0.540186 0.379409 2 0.534302 0.378003 2 0.540007 0.396654 2 0.533207 0.396704 2 0.541549 0.416528 2 0.533537 0.415688 1
0 0.384673 0.375661 0.011905 0.055556 0.389079 0.357417 2 0.389637 0.356332 2 0.388565 0.356130 2 0.390015 0.356317 1 0.387332 0.355496 2 0.389134 0.361649 2 0.385783 0.360434 2 0.389427 0.368214 2 0.383030 0.366050 2 0.390677 0.371681 2 0.386849 0.370169 2 0.388944 0.377107 2 0.386806 0.376992 2 0.388009 0.390804 2 0.386286 0.391110 2 0.384821 0.404631 2 0.382803 0.405045 2
0 0.559524 0.353175 0.020833 0.100529 0.561911 0.319694 2 0.562783 0.317892 2 0.560916 0.317994 2 0.563839 0.318644 2 0.559329 0.318671 2 0.565784 0.328261 2 0.556832 0.328051 2 0.568386 0.338688 2 0.552874 0.338917 2 0.569227 0.347226 2 0.554406 0.347393 2 0.564288 0.354164 2 0.558918 0.354123 2 0.561926 0.374247 2 0.559208 0.372969 2 0.560623 0.391257 2 0.561158 0.388967 2
0 0.535342 0.226190 0.012649 0.042328 0.535987 0.215228 2 0.536582 0.214047 2 0.535378 0.214172 2 0.537610 0.213982 2 0.534627 0.214275 2 0.539058 0.219531 2 0.533807 0.219848 2 0.540422 0.228402 2 0.533085 0.228632 2 0.540191 0.238297 2 0.533480 0.237914 2 0.538430 0.232682 2 0.534993 0.232804 2 0.538489 0.244407 2 0.535037 0.244522 2 0.539096 0.252022 2 0.535631 0.252126 2
