0 0.586682 0.676918 0.008929 0.040344 0.585768 0.664813 1 0.585681 0.663884 1 0.585941 0.663628 1 0.586378 0.662987 2 0.588348 0.662466 1 0.586776 0.666811 2 0.590279 0.666255 2 0.585707 0.673427 2 0.590813 0.672874 2 0.584632 0.678347 2 0.589255 0.677041 1 0.586910 0.678947 2 0.589466 0.678490 2 0.586348 0.686738 2 0.589053 0.687352 2 0.585579 0.694192 2 0.588948 0.695068 2
0 0.070871 0.951389 0.012277 0.049603 0.068516 0.937161 2 0.068857 0.935608 2 0.067878 0.936390 2 0.070547 0.933650 2 0.067968 0.935687 1 0.074811 0.936955 2 0.069020 0.940132 2 0.077928 0.943890 2 0.069087 0.946893 2 0.078882 0.949215 2 0.069274 0.951940 1 0.074626 0.952426 2 0.070715 0.953811 2 0.075178 0.962014 2 0.071610 0.965776 2 0.076635 0.970299 2 0.072819 0.977249 2
0 0.038690 0.833003 0.012649 0.045635 0.043997 0.814307 2 0.044536 0.813433 2 0.043464 0.812963 2 0.044766 0.814424 1 0.042107 0.813379 2 0.044328 0.820194 2 0.039939 0.819987 2 0.044879 0.826531 1 0.039060 0.828039 2 0.045229 0.824556 1 0.042713 0.826308 2 0.044404 0.834870 2 0.041303 0.835211 2 0.045976 0.844578 2 0.041974 0.845317 2 0.045876 0.854151 2 0.042150 0.855258 2
0 0.057664 0.778439 0.009673 0.046296 0.058534 0.763547 1 0.058241 0.762621 1 0.058644 0.762558 1 0.056493 0.763078 2 0.059026 0.763011 2 0.055804 0.768765 2 0.059038 0.768501 2 0.054336 0.775553 2 0.058656 0.774856 2 0.055364 0.777599 2 0.056371 0.777072 2 0.056992 0.780453 2 0.059251 0.780316 2 0.057004 0.789957 2 0.058927 0.789633 2 0.056785 0.797946 2 0.058970 0.798180 2
0 0.160714 0.707341 0.010417 0.036376 0.159694 0.697869 2 0.160107 0.696992 2 0.159130 0.697163 2 0.160700 0.697487 2 0.158433 0.697850 2 0.161453 0.702252 2 0.158261 0.702242 2 0.162838 0.708705 2 0.156524 0.706797 2 0.162998 0.711928 2 0.156401 0.705369 2 0.160506 0.715727 2 0.158503 0.715560 2 0.159335 0.725163 2 0.157317 0.725003 2 0.159261 0.731087 1 0.156782 0.730774 1
0 0.206845 0.754299 0.012649 0.035053 0.210750 0.730344 1 0.211157 0.730159 1 0.210283 0.730159 1 0.212025 0.730159 1 0.209725 0.730159 1 0.212963 0.731398 2 0.209151 0.731193 2 0.213897 0.735522 2 0.208214 0.734747 2 0.214158 0.739229 2 0.208068 0.739005 2 0.212152 0.739104 2 0.209590 0.738943 2 0.211966 0.745197 2 0.209359 0.745032 2 0.212393 0.751250 2 0.209166 0.750692 2
0 0.210193 0.815146 0.012649 0.041667 0.211877 0.800140 2 0.212393 0.799324 2 0.211650 0.799289 2 0.213405 0.799156 2 0.211590 0.799057 1 0.214921 0.802658 2 0.210379 0.801739 2 0.215259 0.808051 2 0.208380 0.807055 2 0.213754 0.812599 2 0.206287 0.811528 2 0.214658 0.813445 2 0.211478 0.812579 2 0.214433 0.823207 2 0.209457 0.819770 2 0.215220 0.832401 2 0.211262 0.826835 2
0 0.179874 0.834325 0.010789 0.041667 0.180966 0.819043 2 0.181500 0.818039 2 0.180422 0.818074 2 0.182300 0.818182 2 0.179696 0.818192 2 0.183443 0.822584 2 0.178705 0.822418 2 0.183912 0.829084 2 0.176788 0.827239 2 0.182455 0.824389 2 0.175751 0.832428 2 0.183466 0.834443 2 0.180419 0.834690 2 0.182758 0.838906 2 0.180004 0.842287 2 0.180893 0.848371 2 0.180028 0.853517 2
0 0.253162 0.640212 0.007068 0.034392 0.253774 0.629331 1 0.253722 0.628604 1 0.253851 0.628603 1 0.252849 0.629118 2 0.254448 0.629112 2 0.251756 0.633748 2 0.254722 0.633673 2 0.250454 0.639010 2 0.255371 0.639562 2 0.250961 0.642528 2 0.256480 0.642379 2 0.252391 0.643129 2 0.254504 0.643102 2 0.252759 0.650477 2 0.255796 0.649690 2 0.252892 0.657871 2 0.256726 0.656485 2
0 0.236235 0.633267 0.009673 0.031085 0.235770 0.621494 1 0.235480 0.620855 1 0.235683 0.620825 1 0.233960 0.621530 1 0.235401 0.621411 2 0.233228 0.626128 2 0.236227 0.625445 2 0.234350 0.630674 1 0.237499 0.629564 2 0.235165 0.631803 1 0.237295 0.631151 2 0.234378 0.634813 2 0.236670 0.634556 2 0.235644 0.638070 2 0.239410 0.636579 2 0.234923 0.644271 2 0.239162 0.642774 2
0 0.421689 0.622685 0.008557 0.025794 0.422912 0.613072 2 0.422565 0.612563 1 0.422877 0.612524 2 0.421126 0.612981 1 0.422326 0.613060 2 0.420559 0.616000 2 0.421506 0.615834 2 0.422047 0.620582 2 0.423370 0.619420 2 0.423860 0.621760 1 0.424804 0.619414 2 0.420599 0.624684 2 0.421164 0.625089 2 0.424627 0.626899 2 0.424966 0.627489 2 0.424803 0.633912 2 0.425184 0.633956 2
0 0.439918 0.668320 0.007812 0.037698 0.442249 0.652839 2 0.442233 0.652113 1 0.441933 0.652127 2 0.441798 0.652634 1 0.441171 0.652666 2 0.441895 0.657026 2 0.440468 0.657047 2 0.442564 0.662484 1 0.440220 0.662918 2 0.443084 0.667201 1 0.441354 0.667679 2 0.441977 0.667292 2 0.441047 0.667392 2 0.442190 0.674887 2 0.441523 0.674783 2 0.440904 0.681732 2 0.440468 0.681438 2
0 0.005208 0.512897 0.006696 0.025794 0.004220 0.503441 1 0.004276 0.502959 1 0.004437 0.502840 1 0.004685 0.503093 2 0.005805 0.502795 1 0.004749 0.505735 2 0.006782 0.505434 2 0.003645 0.509064 2 0.007564 0.509311 1 0.002801 0.508886 2 0.007540 0.512338 1 0.005899 0.513165 2 0.007125 0.512992 2 0.005633 0.517793 2 0.006597 0.517944 2 0.007378 0.522051 2 0.008219 0.522398 2
0 0.511719 0.654101 0.007812 0.026455 0.512792 0.643012 1 0.512731 0.642489 1 0.512596 0.642489 1 0.512232 0.642834 1 0.512024 0.642908 2 0.512352 0.646038 2 0.511012 0.646275 2 0.513216 0.650468 2 0.511923 0.650618 2 0.514577 0.652765 2 0.514295 0.652964 2 0.512531 0.655387 2 0.511399 0.655855 2 0.514052 0.660340 1 0.512100 0.661650 2 0.513502 0.663713 1 0.511225 0.664743 1
0 0.549479 0.709656 0.007440 0.038360 0.550849 0.695036 2 0.551296 0.694309 2 0.550514 0.694348 2 0.552115 0.694715 2 0.550171 0.694814 2 0.553152 0.699272 2 0.549623 0.699152 2 0.553886 0.704550 2 0.548923 0.704013 2 0.553487 0.709083 2 0.548869 0.708484 2 0.552238 0.710081 2 0.549833 0.709921 2 0.552409 0.718468 2 0.549706 0.718175 2 0.552847 0.725834 2 0.549713 0.725659 2
0 0.541109 0.688823 0.007068 0.044312 0.540094 0.672010 2 0.540414 0.671200 2 0.540322 0.671198 1 0.541530 0.671888 2 0.541379 0.671796 1 0.542335 0.676854 2 0.541108 0.676425 2 0.541113 0.682458 2 0.540398 0.681872 1 0.539468 0.685698 2 0.539562 0.686195 1 0.542390 0.687064 2 0.541364 0.686735 2 0.542046 0.696001 2 0.540252 0.695239 2 0.542310 0.705349 2 0.540564 0.704023 2
0 0.614769 0.671958 0.007068 0.033069 0.616543 0.661506 2 0.616404 0.660805 1 0.616293 0.660779 2 0.615578 0.661048 1 0.615334 0.661084 2 0.615144 0.664621 2 0.614234 0.664881 2 0.615349 0.669923 1 0.614403 0.670530 2 0.617053 0.670477 1 0.616973 0.670826 2 0.615186 0.674403 2 0.614437 0.674816 2 0.616267 0.681232 2 0.614245 0.682050 2 0.615109 0.688053 2 0.613206 0.688728 2
0 0.571987 0.666336 0.006324 0.035053 0.573597 0.660836 1 0.573527 0.660204 1 0.573718 0.660209 1 0.572711 0.660753 2 0.574431 0.660877 2 0.571600 0.664687 2 0.574932 0.665284 2 0.570426 0.669835 2 0.575058 0.670393 2 0.570607 0.672828 2 0.574683 0.673363 2 0.571775 0.674262 2 0.574089 0.674601 2 0.571404 0.680404 2 0.573805 0.682009 2 0.571382 0.686547 2 0.573461 0.688794 2
0 0.575521 0.654431 0.007440 0.036376 0.572901 0.660795 1 0.572947 0.660154 1 0.573177 0.660321 1 0.572599 0.660675 2 0.574411 0.660969 2 0.571579 0.664681 2 0.574993 0.665270 2 0.570563 0.669234 2 0.575375 0.670502 2 0.571214 0.672063 2 0.575421 0.674313 2 0.571832 0.674774 2 0.574077 0.675029 2 0.571443 0.678790 1 0.573595 0.679383 1 0.571858 0.679781 1 0.573188 0.679894 1
0 0.725074 0.511574 0.005952 0.024471 0.726099 0.501642 1 0.726195 0.501197 1 0.726224 0.501274 1 0.726361 0.501448 1 0.726888 0.501542 1 0.726232 0.503577 2 0.727001 0.503720 2 0.725319 0.505848 2 0.726814 0.506277 1 0.724121 0.506518 2 0.726200 0.507688 1 0.725947 0.508945 2 0.726400 0.508922 2 0.725415 0.513034 2 0.725755 0.513090 2 0.725460 0.517461 2 0.725798 0.517351 2
0 0.742374 0.565807 0.007812 0.020503 0.742264 0.560242 1 0.742323 0.559763 1 0.742465 0.559884 1 0.742362 0.560105 2 0.743620 0.560203 2 0.742022 0.562748 2 0.744188 0.562682 2 0.740634 0.565587 2 0.743798 0.565186 2 0.739241 0.565711 2 0.741833 0.565295 1 0.742215 0.569938 2 0.743740 0.569827 2 0.740719 0.574660 2 0.742797 0.574772 2 0.740905 0.579112 2 0.743368 0.578830 1
0 0.480841 0.678571 0.006324 0.037037 0.485024 0.672368 1 0.484997 0.671657 1 0.484995 0.671735 1 0.484532 0.672408 1 0.485086 0.672502 1 0.483908 0.676317 2 0.484688 0.676458 2 0.482459 0.680900 1 0.483641 0.681576 2 0.482888 0.683919 1 0.483953 0.684686 1 0.483975 0.685071 2 0.484466 0.685088 2 0.482931 0.693674 2 0.483084 0.693814 2 0.480191 0.700864 2 0.480151 0.700840 2
0 0.499070 0.663029 0.007068 0.032407 0.500820 0.653266 2 0.500698 0.652593 1 0.500535 0.652560 2 0.499994 0.653193 1 0.499671 0.653115 2 0.500123 0.656713 2 0.498848 0.656963 2 0.500967 0.661367 2 0.500066 0.662324 2 0.502313 0.659750 2 0.501981 0.659297 2 0.500409 0.665797 2 0.499413 0.666039 2 0.501064 0.673689 2 0.499486 0.673865 2 0.498667 0.680059 2 0.497888 0.680211 2
0 0.508743 0.681217 0.008557 0.038360 0.511331 0.667827 2 0.510972 0.667155 1 0.511158 0.667243 2 0.509690 0.667188 1 0.510223 0.667461 2 0.509112 0.671367 2 0.509659 0.671606 2 0.510582 0.676992 1 0.510958 0.677644 2 0.511885 0.678742 1 0.512322 0.678294 2 0.509837 0.683016 2 0.510012 0.683225 2 0.510699 0.691128 2 0.509882 0.690923 2 0.510427 0.698252 2 0.507481 0.696737 2
0 0.329427 0.665344 0.007068 0.031746 0.327551 0.660098 1 0.327567 0.659464 1 0.327855 0.659434 1 0.327833 0.659689 2 0.329275 0.659469 1 0.329204 0.663049 2 0.329753 0.662564 2 0.327473 0.667923 2 0.327788 0.667639 1 0.324908 0.669511 2 0.325760 0.669334 1 0.329487 0.673799 2 0.329690 0.672935 2 0.326062 0.677887 2 0.325918 0.675845 2 0.327856 0.685240 2 0.327595 0.684504 1
0 0.541481 0.598545 0.007068 0.026455 0.542129 0.592867 1 0.541903 0.592228 1 0.542122 0.592268 1 0.540572 0.592218 1 0.542004 0.592387 2 0.539477 0.595498 2 0.541989 0.595597 2 0.538890 0.599460 2 0.543243 0.599301 2 0.539368 0.602255 1 0.543689 0.600917 2 0.539517 0.603514 2 0.541210 0.603737 2 0.541479 0.606194 2 0.543698 0.606152 2 0.540193 0.611339 2 0.542824 0.611044 2
0 0.155878 0.663690 0.008929 0.035053 0.160115 0.657352 2 0.160361 0.656802 1 0.159819 0.656663 2 0.160245 0.656727 1 0.158899 0.656433 2 0.159129 0.658563 2 0.157604 0.658027 2 0.159760 0.659585 2 0.157486 0.659529 2 0.160377 0.660209 2 0.159630 0.660412 2 0.156536 0.662935 2 0.155458 0.662904 2 0.159781 0.665864 2 0.159183 0.665442 2 0.158692 0.673363 2 0.157495 0.672270 2
0 0.619606 0.609458 0.007068 0.025794 0.620305 0.597767 1 0.620245 0.597183 1 0.620439 0.597292 1 0.619453 0.597400 2 0.621114 0.597651 2 0.618532 0.600452 2 0.621621 0.601204 2 0.617473 0.604409 2 0.622039 0.606075 2 0.616465 0.608641 2 0.622177 0.610262 2 0.618165 0.608913 2 0.620453 0.609175 2 0.617235 0.610742 2 0.620840 0.610904 2 0.616567 0.613699 1 0.620556 0.613963 1
0 0.587240 0.594246 0.007068 0.025794 0.588903 0.588882 2 0.588630 0.588153 1 0.588770 0.588246 2 0.587203 0.588011 1 0.587926 0.588302 2 0.585948 0.590927 2 0.587768 0.591368 2 0.587844 0.594073 2 0.589534 0.594777 2 0.590472 0.596399 1 0.591457 0.596480 2 0.585562 0.599488 2 0.586907 0.599926 2 0.587052 0.603519 2 0.588895 0.603951 2 0.586053 0.608871 2 0.587829 0.608816 2
0 0.552827 0.593915 0.006696 0.031746 0.554153 0.584192 2 0.553920 0.583599 1 0.554137 0.583576 2 0.552678 0.583556 1 0.553547 0.583552 2 0.551804 0.585915 2 0.552709 0.586146 2 0.553321 0.589297 1 0.554156 0.589325 2 0.554670 0.588070 1 0.554857 0.587012 2 0.552189 0.593919 2 0.552787 0.594469 2 0.554871 0.597751 2 0.555891 0.598688 2 0.553857 0.603236 2 0.554945 0.603681 2
0 0.635789 0.589286 0.007440 0.025132 0.636318 0.580781 1 0.636053 0.580133 1 0.636239 0.580226 1 0.634519 0.580100 1 0.635718 0.580423 2 0.633473 0.582933 2 0.635479 0.583224 2 0.633156 0.586255 2 0.637085 0.586397 2 0.634000 0.587106 1 0.638997 0.586624 2 0.633476 0.591053 2 0.634862 0.591476 2 0.635299 0.593780 2 0.637665 0.593931 2 0.634489 0.599555 1 0.637396 0.599419 2
0 0.455915 0.623347 0.010789 0.032407 0.456854 0.610020 1 0.456522 0.609458 1 0.456805 0.609382 1 0.454978 0.610066 1 0.456454 0.609993 2 0.454656 0.613699 2 0.456570 0.613549 2 0.456641 0.617544 1 0.458876 0.616511 2 0.459173 0.619216 1 0.460568 0.618592 2 0.454393 0.622715 2 0.455687 0.622958 2 0.457130 0.626262 2 0.458605 0.627032 2 0.456083 0.631947 2 0.457447 0.634136 2
0 0.618490 0.822421 0.013765 0.037698 0.616807 0.812926 2 0.616880 0.811887 2 0.616652 0.812140 1 0.618166 0.810182 2 0.617628 0.810860 1 0.620584 0.813024 2 0.618662 0.812695 2 0.620263 0.821187 2 0.617196 0.818806 2 0.616646 0.822160 2 0.615026 0.820758 2 0.620314 0.826708 2 0.618894 0.826068 2 0.619356 0.835945 2 0.616899 0.835511 2 0.620545 0.841881 2 0.617793 0.841325 2
0 0.604353 0.705357 0.010045 0.039021 0.603821 0.690552 1 0.603952 0.689680 1 0.604123 0.689824 1 0.603853 0.690356 2 0.605660 0.690440 2 0.602859 0.695525 2 0.606436 0.695361 2 0.601821 0.701023 2 0.607640 0.698282 2 0.601968 0.704986 2 0.608001 0.694748 2 0.603389 0.706802 2 0.605687 0.706869 2 0.603525 0.714730 2 0.605200 0.714804 2 0.603840 0.723436 2 0.605119 0.722745 2
0 0.647879 0.820437 0.012277 0.054894 0.647969 0.796967 1 0.648088 0.795918 1 0.648310 0.795970 1 0.647995 0.796422 2 0.650546 0.796384 2 0.646867 0.802828 2 0.652204 0.802589 2 0.645344 0.810972 2 0.653269 0.810837 2 0.644337 0.816923 2 0.653597 0.817923 2 0.647626 0.818596 2 0.651219 0.818357 2 0.647650 0.828928 2 0.651284 0.828794 2 0.648307 0.838875 2 0.651203 0.838506 2
0 0.809710 0.937500 0.014509 0.060185 0.810368 0.917880 1 0.810461 0.916803 1 0.810728 0.917079 1 0.809322 0.917496 2 0.812679 0.918079 2 0.806431 0.922501 2 0.813769 0.924838 2 0.804716 0.926180 2 0.816049 0.926903 2 0.808421 0.923117 1 0.815655 0.922010 1 0.806993 0.939624 2 0.811959 0.941436 2 0.805350 0.942733 2 0.810743 0.949707 2 0.804356 0.954570 2 0.809102 0.962713 2
0 0.938058 0.819114 0.010789 0.046958 0.939212 0.801733 2 0.939449 0.800804 2 0.938546 0.800681 2 0.939338 0.801688 1 0.936699 0.801580 2 0.939912 0.807389 2 0.934796 0.808061 2 0.940962 0.813679 2 0.934191 0.814914 2 0.939951 0.815319 1 0.936858 0.816116 2 0.938249 0.819357 2 0.934750 0.819789 2 0.939127 0.827121 2 0.935728 0.828757 2 0.938681 0.837426 2 0.935181 0.840715 2
0 0.944940 0.818783 0.008929 0.047619 0.944197 0.801947 2 0.944589 0.800929 1 0.943677 0.801003 2 0.944947 0.800807 1 0.942789 0.800894 2 0.945879 0.805297 2 0.941818 0.804997 2 0.946941 0.812163 2 0.939959 0.810030 2 0.947092 0.819819 2 0.940395 0.814646 2 0.944510 0.818122 2 0.942091 0.817991 2 0.942961 0.828396 2 0.941669 0.828918 2 0.942247 0.838482 2 0.942211 0.839597 2
0 0.923549 0.791997 0.008557 0.049603 0.924350 0.774096 2 0.924807 0.773088 2 0.923794 0.773168 2 0.925419 0.773542 2 0.922901 0.773804 2 0.925423 0.778186 2 0.921704 0.778814 2 0.925746 0.784391 2 0.921533 0.785819 2 0.926210 0.787597 2 0.923829 0.789853 2 0.924803 0.788819 2 0.922361 0.789398 2 0.926031 0.798394 2 0.923792 0.799775 2 0.926805 0.811901 2 0.925049 0.812645 2
0 0.914435 0.794312 0.008929 0.044974 0.915668 0.781998 2 0.916337 0.780963 2 0.915188 0.780735 2 0.917018 0.780050 1 0.913867 0.779374 2 0.917255 0.784913 2 0.911584 0.783918 2 0.917891 0.791247 2 0.909533 0.790702 2 0.917569 0.795403 2 0.909483 0.794189 2 0.915755 0.797418 2 0.911883 0.796850 2 0.915247 0.806241 2 0.910797 0.804742 2 0.915456 0.814234 2 0.910134 0.812035 2
0 0.721354 0.677579 0.007440 0.039021 0.720539 0.663927 2 0.720912 0.663187 2 0.720670 0.663161 1 0.722105 0.663971 2 0.721739 0.663810 1 0.722426 0.668783 2 0.722382 0.668325 2 0.721587 0.675414 2 0.721665 0.674586 1 0.719785 0.677510 2 0.719979 0.677161 1 0.721793 0.679161 2 0.721821 0.678723 2 0.721205 0.686830 2 0.721288 0.686252 2 0.721462 0.695651 2 0.721674 0.695068 2
0 0.843006 0.693783 0.007440 0.035714 0.843036 0.683357 2 0.843254 0.682566 2 0.843131 0.682614 1 0.844086 0.682581 2 0.844195 0.682651 1 0.844010 0.686346 2 0.844832 0.686296 2 0.842706 0.691455 2 0.843326 0.691344 1 0.839832 0.691149 2 0.840582 0.691324 1 0.843521 0.696109 2 0.844131 0.695950 2 0.843188 0.703937 2 0.843772 0.704192 2 0.843613 0.712309 2 0.843849 0.711977 2
0 0.828497 0.696098 0.008929 0.040344 0.829102 0.684060 1 0.829158 0.683152 1 0.829394 0.683277 1 0.828618 0.683537 2 0.830981 0.683709 2 0.827199 0.688429 2 0.831857 0.688801 2 0.826067 0.694989 2 0.832566 0.695462 2 0.825948 0.699270 2 0.832063 0.700537 2 0.827481 0.702053 2 0.830698 0.702291 2 0.827336 0.711271 2 0.830454 0.712195 2 0.827367 0.718275 1 0.829977 0.718582 1
0 0.833333 0.689153 0.006696 0.035714 0.830283 0.684457 1 0.830084 0.683540 1 0.830331 0.683623 1 0.829024 0.683717 1 0.830808 0.684039 2 0.828869 0.688420 1 0.831262 0.689016 2 0.829830 0.694688 1 0.832402 0.695673 2 0.830260 0.699447 1 0.831736 0.700089 2 0.828869 0.702072 1 0.830217 0.702225 2 0.829037 0.710882 1 0.830655 0.711030 2 0.829093 0.713542 1 0.830680 0.713542 1
0 0.602307 0.755622 0.007440 0.037698 0.600593 0.745164 2 0.600795 0.744322 2 0.600471 0.744421 1 0.601816 0.743770 2 0.601212 0.743988 1 0.603222 0.747384 2 0.601763 0.746948 2 0.602527 0.753598 2 0.601125 0.752734 1 0.600368 0.754233 2 0.600586 0.753914 1 0.603214 0.759341 2 0.602180 0.758939 2 0.603353 0.768040 2 0.602317 0.766961 2 0.603279 0.776402 2 0.602550 0.774835 2
0 0.813802 0.641204 0.007068 0.035053 0.814024 0.628054 1 0.813954 0.627284 1 0.814248 0.627382 1 0.813066 0.627688 1 0.815065 0.627984 1 0.811831 0.631664 2 0.815227 0.632328 2 0.810867 0.636396 2 0.815561 0.637463 2 0.811086 0.641015 1 0.815742 0.642179 1 0.811763 0.641744 2 0.814088 0.642049 2 0.811609 0.649333 2 0.813868 0.650187 2 0.811063 0.656688 2 0.813117 0.657370 2
0 0.819010 0.641204 0.007068 0.035053 0.819685 0.627917 1 0.819680 0.627177 1 0.819846 0.627237 1 0.819180 0.627523 1 0.820790 0.627620 1 0.818364 0.631538 2 0.821574 0.631717 2 0.817562 0.636670 2 0.822163 0.636641 2 0.817660 0.640947 2 0.821327 0.639743 2 0.818492 0.641368 2 0.820668 0.641388 2 0.818482 0.648821 2 0.820310 0.648961 2 0.818681 0.656235 2 0.820242 0.656466 2
0 0.858817 0.613757 0.007068 0.035714 0.858826 0.601111 1 0.858874 0.600464 1 0.859117 0.600498 1 0.858902 0.600672 2 0.860730 0.600615 1 0.858287 0.603994 2 0.861906 0.604137 2 0.857612 0.608709 2 0.862787 0.608980 2 0.857466 0.612762 2 0.862724 0.612426 2 0.858777 0.613326 2 0.861142 0.613382 2 0.858946 0.619704 2 0.860649 0.620236 2 0.859304 0.626018 2 0.860112 0.626785 2
0 0.840588 0.607804 0.005580 0.035714 0.840057 0.600099 2 0.840266 0.599456 2 0.840188 0.599454 1 0.841174 0.599848 2 0.841374 0.599773 1 0.842099 0.603518 2 0.841641 0.603241 2 0.842506 0.608548 2 0.841067 0.607557 1 0.842549 0.613298 2 0.840462 0.609480 1 0.841193 0.613428 2 0.840980 0.613069 2 0.840979 0.620238 2 0.840801 0.619812 2 0.840659 0.626654 2 0.840869 0.626584 2
0 0.847098 0.613757 0.008185 0.029101 0.848299 0.600653 1 0.848151 0.599947 1 0.848300 0.600039 1 0.847093 0.600232 2 0.848736 0.600440 2 0.846329 0.604194 2 0.849545 0.604331 2 0.845747 0.608730 2 0.850405 0.608937 2 0.846147 0.611259 2 0.849918 0.612465 2 0.846487 0.613479 2 0.848781 0.613457 2 0.845821 0.620656 2 0.848452 0.620645 2 0.845269 0.627759 2 0.848116 0.627930 2
0 0.859933 0.598876 0.008557 0.029762 0.859846 0.600621 1 0.859833 0.599968 1 0.860164 0.600098 1 0.859485 0.600260 2 0.861527 0.600468 1 0.858674 0.603844 2 0.862293 0.604166 2 0.857766 0.608644 2 0.863068 0.608931 2 0.857587 0.612340 2 0.862786 0.611920 2 0.858975 0.613110 2 0.861355 0.613217 2 0.858834 0.618925 2 0.860976 0.619270 2 0.859044 0.619688 1 0.860585 0.619688 1
0 0.859375 0.601190 0.005208 0.031746 0.859292 0.600942 1 0.859299 0.600323 1 0.859546 0.600334 1 0.859072 0.600534 2 0.860887 0.600482 1 0.858437 0.603841 2 0.861926 0.603853 2 0.857756 0.608743 2 0.862649 0.608702 2 0.857526 0.612795 2 0.862496 0.612609 1 0.858887 0.613385 2 0.861222 0.613374 2 0.858880 0.620177 2 0.860922 0.620488 2 0.859096 0.622490 1 0.860539 0.622892 1
