0 0.928571 0.318122 0.028274 0.099206 0.942894 0.289022 2 0.942928 0.287083 1 0.942256 0.286576 2 0.940843 0.287356 1 0.938649 0.286048 2 0.939975 0.297063 2 0.932874 0.296127 2 0.939247 0.311111 2 0.926548 0.309680 2 0.941965 0.314611 2 0.926859 0.323856 2 0.936284 0.324907 2 0.931650 0.325040 2 0.933990 0.346888 2 0.929287 0.350950 2 0.926545 0.363727 2 0.923179 0.373117 2
0 0.698289 0.147487 0.011161 0.046296 0.699886 0.133431 2 0.700111 0.132544 2 0.699412 0.132580 2 0.700224 0.133001 1 0.698349 0.133059 2 0.700584 0.138848 2 0.697438 0.139026 2 0.701041 0.145698 2 0.696844 0.146147 2 0.700715 0.151407 1 0.697933 0.151638 2 0.700390 0.151640 2 0.698044 0.151801 2 0.700925 0.160276 2 0.697570 0.160575 2 0.701231 0.167845 2 0.695901 0.168257 2
0 0.347098 0.152778 0.017113 0.054233 0.346255 0.133928 2 0.346676 0.132653 2 0.345527 0.132791 2 0.347097 0.133276 1 0.344166 0.133460 2 0.348425 0.140234 2 0.342972 0.140320 2 0.350436 0.148472 2 0.341491 0.147670 2 0.349475 0.156662 2 0.345180 0.152195 2 0.347689 0.155345 2 0.344389 0.155580 2 0.347865 0.167415 2 0.346322 0.167507 2 0.347508 0.180667 2 0.346996 0.181495 2
0 0.377232 0.177249 0.013393 0.052910 0.379109 0.164668 1 0.378849 0.163606 1 0.378903 0.163662 1 0.377406 0.163470 1 0.377974 0.163683 2 0.376627 0.168213 2 0.377128 0.168519 2 0.376319 0.173879 1 0.376176 0.174621 2 0.376513 0.177993 1 0.375330 0.179729 2 0.376347 0.180722 2 0.376677 0.180927 2 0.376630 0.189208 2 0.376470 0.189333 2 0.374193 0.196357 2 0.373625 0.196399 2
0 0.934524 0.278439 0.023810 0.064815 0.943408 0.287997 2 0.943066 0.286153 1 0.942666 0.286128 2 0.940399 0.286320 1 0.938845 0.286633 2 0.940214 0.295996 2 0.932750 0.295995 2 0.938962 0.309122 2 0.926732 0.309644 2 0.941229 0.316506 2 0.926070 0.320540 2 0.936615 0.320085 2 0.931373 0.320549 2 0.937906 0.317149 1 0.929999 0.317180 1 0.935593 0.317937 1 0.927968 0.317374 1
0 0.539807 0.484127 0.037946 0.148148 0.547778 0.427529 2 0.549223 0.424694 2 0.546339 0.424540 2 0.550626 0.424103 1 0.542585 0.423038 2 0.550142 0.439160 2 0.537295 0.437007 2 0.553064 0.458020 2 0.532838 0.458119 2 0.550803 0.444608 2 0.540146 0.454032 2 0.547327 0.478535 2 0.538359 0.477852 2 0.547550 0.514669 2 0.538082 0.513083 2 0.546991 0.545135 2 0.531266 0.540186 2
0 0.879092 0.269180 0.020089 0.101852 0.882734 0.232096 2 0.884015 0.230261 2 0.881992 0.229934 2 0.885933 0.231993 2 0.881142 0.231059 2 0.887498 0.243910 2 0.877917 0.242113 2 0.889407 0.257404 2 0.873169 0.254699 2 0.885793 0.260782 2 0.875321 0.262099 2 0.882776 0.270042 2 0.876868 0.269029 2 0.878910 0.292786 2 0.875420 0.291674 2 0.876349 0.314566 2 0.875763 0.312194 2
0 0.678199 0.187831 0.017113 0.066138 0.682663 0.165959 1 0.682638 0.164527 1 0.682945 0.164840 1 0.681481 0.165280 2 0.684703 0.165807 2 0.679923 0.172696 2 0.685549 0.173288 2 0.676679 0.181309 2 0.684412 0.181909 1 0.673903 0.188539 2 0.681155 0.186461 1 0.679277 0.191702 2 0.683130 0.191781 2 0.677610 0.207001 2 0.681414 0.207556 2 0.676717 0.222837 2 0.680169 0.223101 2
0 0.719122 0.751984 0.048363 0.239418 0.708873 0.657385 1 0.710356 0.653126 1 0.710709 0.653464 1 0.713564 0.658136 2 0.721617 0.657140 1 0.711052 0.687394 2 0.729993 0.685813 2 0.712862 0.726611 2 0.733053 0.720869 2 0.706142 0.749867 2 0.723668 0.738856 2 0.715046 0.757986 2 0.728611 0.757033 2 0.708954 0.804806 2 0.723701 0.806342 2 0.711649 0.857100 2 0.721926 0.856307 2
0 0.380580 0.533069 0.039435 0.150794 0.381309 0.484907 2 0.382977 0.480414 2 0.379224 0.481126 2 0.385203 0.477499 2 0.376079 0.478700 2 0.388741 0.491913 2 0.372395 0.488204 2 0.396149 0.511882 2 0.367285 0.500174 2 0.389638 0.529544 2 0.370023 0.517982 2 0.385101 0.536376 2 0.374324 0.534064 2 0.385790 0.568354 2 0.366792 0.562553 2 0.384450 0.597529 2 0.374368 0.583164 2
0 0.482887 0.442460 0.043155 0.144180 0.489346 0.390209 2 0.490917 0.387247 2 0.487601 0.387772 2 0.490552 0.389190 1 0.484364 0.389265 2 0.488945 0.403533 2 0.482183 0.404325 2 0.491445 0.419819 2 0.477847 0.424426 2 0.498330 0.430901 2 0.477200 0.447441 2 0.484145 0.445389 2 0.482437 0.445979 2 0.476946 0.472131 2 0.490556 0.473794 2 0.468497 0.498393 2 0.496439 0.504602 2
0 0.180804 0.486772 0.032738 0.166667 0.185710 0.424203 2 0.185151 0.420920 1 0.184349 0.421282 2 0.181116 0.423193 1 0.179786 0.423990 2 0.179435 0.442138 2 0.177956 0.442339 2 0.180642 0.466473 1 0.174015 0.465020 2 0.184030 0.482354 2 0.179788 0.484010 2 0.181235 0.485049 2 0.181380 0.486245 2 0.183318 0.516176 2 0.188880 0.517293 2 0.182757 0.546514 2 0.192035 0.550757 2
0 0.322173 0.469577 0.028274 0.145503 0.329120 0.426499 2 0.329658 0.422894 2 0.327318 0.423142 2 0.329046 0.423852 1 0.322651 0.424370 2 0.331268 0.437313 2 0.318851 0.441659 2 0.333811 0.456479 2 0.317950 0.464470 2 0.336659 0.476131 2 0.319833 0.485364 2 0.331625 0.472091 2 0.323440 0.475253 2 0.334868 0.502024 2 0.325509 0.510658 2 0.330083 0.524974 2 0.327256 0.541012 2
0 0.423735 0.466270 0.031994 0.080688 0.422680 0.411161 1 0.423654 0.410053 1 0.420984 0.410053 1 0.425658 0.410053 1 0.418530 0.411215 1 0.428981 0.411470 1 0.415466 0.410668 1 0.432740 0.413224 1 0.411688 0.411284 1 0.434094 0.422804 1 0.413102 0.412617 1 0.426250 0.429785 2 0.417567 0.429026 2 0.424744 0.464454 2 0.418392 0.459478 2 0.424593 0.495556 2 0.420643 0.484129 2
0 0.264137 0.550265 0.032738 0.169312 0.269271 0.489429 2 0.269397 0.485159 2 0.266438 0.487368 2 0.269600 0.486642 1 0.261645 0.491494 2 0.271957 0.508241 2 0.257150 0.509813 2 0.275093 0.527041 2 0.254586 0.536856 2 0.274909 0.527405 2 0.258048 0.551451 2 0.273050 0.556727 2 0.262193 0.556398 2 0.273207 0.592248 2 0.256627 0.585794 2 0.272664 0.625871 2 0.253778 0.603866 2
0 0.543527 0.722884 0.043899 0.226190 0.533290 0.631285 1 0.534010 0.627394 1 0.535233 0.627564 1 0.534627 0.630592 2 0.546262 0.628644 2 0.530263 0.659582 2 0.554311 0.650047 2 0.527013 0.687459 2 0.560152 0.675214 2 0.528847 0.668429 2 0.548456 0.671064 1 0.541713 0.720246 2 0.556354 0.714955 2 0.540808 0.767822 2 0.547078 0.752529 2 0.550306 0.814118 2 0.541219 0.784277 2
0 0.367932 0.416005 0.030506 0.130952 0.371381 0.368152 2 0.372677 0.365133 2 0.369692 0.365380 2 0.373620 0.365925 2 0.366267 0.366193 2 0.376506 0.380517 2 0.362677 0.381840 2 0.379198 0.398173 2 0.358244 0.399623 2 0.380796 0.413465 2 0.356298 0.417136 2 0.371709 0.421179 2 0.363495 0.421487 2 0.367388 0.448099 2 0.364134 0.450036 2 0.361675 0.470817 2 0.365430 0.477911 2
0 0.215402 0.367063 0.027530 0.128307 0.215423 0.325232 2 0.216490 0.322813 2 0.214156 0.323442 2 0.218728 0.321845 2 0.212671 0.323322 2 0.223199 0.331936 2 0.211201 0.332581 2 0.227581 0.346216 2 0.207551 0.343761 2 0.220884 0.346908 2 0.210815 0.346760 2 0.223665 0.365940 2 0.215449 0.366234 2 0.225789 0.392150 2 0.216307 0.393153 2 0.229221 0.417532 2 0.217366 0.418202 2
0 0.353051 0.325397 0.023065 0.105820 0.358122 0.286239 2 0.358659 0.283950 2 0.356628 0.284257 2 0.359010 0.285212 1 0.353519 0.285818 2 0.361537 0.298968 2 0.351249 0.298589 2 0.365605 0.313593 2 0.347438 0.310679 2 0.365921 0.326765 2 0.344079 0.319737 2 0.360495 0.330106 2 0.353257 0.329890 2 0.364113 0.352379 2 0.352368 0.351845 2 0.368492 0.373254 2 0.352885 0.373218 2
0 0.558408 0.216931 0.018601 0.084656 0.562742 0.185183 1 0.562522 0.183413 1 0.562728 0.183502 1 0.559950 0.184277 2 0.563949 0.184471 2 0.557702 0.194715 2 0.565335 0.194908 2 0.556591 0.207160 2 0.567208 0.207660 2 0.559455 0.212455 2 0.568290 0.217044 2 0.558799 0.217865 2 0.564365 0.218135 2 0.558588 0.236009 2 0.565654 0.236745 2 0.557928 0.253982 2 0.566088 0.255224 2
0 0.904762 0.332672 0.032738 0.128307 0.920101 0.294598 2 0.919044 0.291721 1 0.919682 0.292277 2 0.914203 0.290343 1 0.917011 0.292418 2 0.909855 0.301407 2 0.912971 0.304513 2 0.910130 0.318314 2 0.909140 0.325047 2 0.914912 0.327718 2 0.906949 0.342704 2 0.901299 0.336623 2 0.903079 0.337909 2 0.903692 0.361414 2 0.900479 0.366514 2 0.901654 0.385690 2 0.893545 0.390494 2
0 0.798363 0.290344 0.020833 0.083333 0.810697 0.261117 2 0.811081 0.259382 2 0.810057 0.258984 2 0.810369 0.259248 1 0.807317 0.258049 2 0.809615 0.268538 2 0.802534 0.266784 2 0.809234 0.282443 2 0.799501 0.280214 2 0.809862 0.290704 2 0.805240 0.290195 2 0.806550 0.290720 2 0.801930 0.290951 2 0.812500 0.299711 2 0.810005 0.299730 2 0.808817 0.320520 2 0.808149 0.321797 2
0 0.821057 0.283730 0.023065 0.080688 0.829354 0.258248 2 0.828961 0.256763 1 0.828853 0.256653 2 0.826859 0.257398 1 0.826775 0.257459 2 0.827027 0.265439 2 0.822803 0.266939 2 0.829583 0.278336 2 0.826697 0.282756 2 0.833126 0.287851 2 0.832124 0.290383 2 0.827872 0.288005 2 0.824812 0.290079 2 0.836238 0.296524 2 0.833110 0.299510 2 0.834565 0.317613 2 0.834161 0.319271 2
0 0.550595 0.341931 0.025298 0.067460 0.553105 0.330005 2 0.554362 0.328370 2 0.552257 0.327657 2 0.555768 0.324743 2 0.550819 0.323175 2 0.557326 0.322666 2 0.546351 0.321964 2 0.561720 0.335196 2 0.540996 0.335613 2 0.557564 0.338852 2 0.548219 0.339799 2 0.555025 0.339453 2 0.548114 0.339763 2 0.559403 0.342198 2 0.543370 0.343843 2 0.555850 0.365453 2 0.548532 0.367052 2
0 0.579985 0.170635 0.014137 0.060847 0.584611 0.149444 2 0.584801 0.148094 2 0.584108 0.148144 2 0.584411 0.147938 1 0.582619 0.147960 2 0.584059 0.155071 2 0.580912 0.154459 2 0.584113 0.164036 2 0.578767 0.162338 2 0.585075 0.170533 2 0.582107 0.167948 2 0.582578 0.172462 2 0.580575 0.172332 2 0.582070 0.185590 2 0.580270 0.185811 2 0.581395 0.200318 2 0.578953 0.200728 2
0 0.132812 0.337963 0.021577 0.054233 0.131532 0.324126 2 0.131765 0.322443 2 0.131136 0.323148 1 0.133585 0.320940 2 0.132205 0.322411 1 0.137023 0.326034 2 0.133931 0.326334 2 0.140187 0.336156 2 0.134125 0.335242 2 0.141502 0.346540 2 0.133646 0.344551 2 0.139106 0.341118 2 0.137144 0.340890 2 0.138623 0.350237 2 0.135650 0.348591 2 0.140951 0.362043 2 0.138374 0.358490 2
0 0.098586 0.333995 0.031994 0.062169 0.099088 0.319880 2 0.099405 0.318010 2 0.097816 0.318442 2 0.099852 0.317779 1 0.094829 0.319262 2 0.100845 0.324471 2 0.092007 0.327619 2 0.106400 0.331051 2 0.088046 0.337997 2 0.104729 0.333189 2 0.085492 0.346849 2 0.100316 0.340184 2 0.093841 0.341834 2 0.104997 0.338795 2 0.089175 0.342794 2 0.107941 0.352907 2 0.087735 0.353770 2
0 0.626860 0.159392 0.014137 0.067460 0.632329 0.128936 2 0.632610 0.127668 2 0.631702 0.127685 2 0.632645 0.127887 1 0.630328 0.127923 2 0.633428 0.135332 2 0.628471 0.134965 2 0.633844 0.144421 2 0.626450 0.143556 2 0.634231 0.153163 2 0.627566 0.152404 2 0.632542 0.153891 2 0.628734 0.153748 2 0.633182 0.167382 2 0.626967 0.167548 2 0.633580 0.180394 2 0.625182 0.180625 2
0 0.184524 0.137566 0.016369 0.047619 0.181927 0.118227 1 0.182000 0.117175 1 0.182264 0.117213 1 0.181927 0.117973 2 0.184459 0.117834 2 0.181148 0.124628 2 0.186360 0.124213 2 0.180186 0.131490 2 0.188756 0.130646 2 0.179702 0.136180 2 0.189575 0.135675 2 0.182818 0.139168 2 0.186190 0.138961 2 0.183460 0.149516 2 0.186328 0.149346 2 0.184385 0.160068 2 0.186644 0.159745 2
0 0.798735 0.193122 0.018601 0.052910 0.800272 0.175359 1 0.800027 0.174225 1 0.800517 0.174372 1 0.798131 0.174965 2 0.801621 0.175326 2 0.796637 0.181359 2 0.801825 0.182107 2 0.794508 0.188509 2 0.803138 0.190050 2 0.795029 0.195823 2 0.803531 0.195346 2 0.796483 0.197003 2 0.799883 0.197283 2 0.796540 0.207773 2 0.799083 0.208080 2 0.794440 0.218191 2 0.797217 0.218530 2
0 0.419271 0.117063 0.014137 0.051587 0.417545 0.098713 1 0.417590 0.097695 1 0.417812 0.097497 1 0.417375 0.098212 2 0.419942 0.097517 2 0.416545 0.104902 2 0.421684 0.103135 2 0.415663 0.111905 2 0.423834 0.108223 2 0.416866 0.114590 2 0.424756 0.112984 1 0.418646 0.118810 2 0.422066 0.118155 2 0.419444 0.129174 2 0.422568 0.128416 2 0.420202 0.139104 2 0.422904 0.137805 2
0 0.235491 0.135582 0.012649 0.046296 0.236170 0.121302 1 0.236162 0.120416 1 0.236301 0.120449 1 0.235951 0.120958 2 0.237770 0.120893 2 0.235721 0.125796 2 0.238893 0.125407 2 0.235154 0.130487 2 0.240251 0.130013 2 0.235627 0.133065 1 0.239833 0.132080 1 0.236911 0.135762 2 0.239157 0.135531 2 0.236989 0.144351 2 0.239846 0.143606 2 0.237033 0.152831 2 0.241011 0.151381 2
0 0.762277 0.236111 0.018601 0.083333 0.772135 0.206700 2 0.772195 0.205282 2 0.771047 0.205264 2 0.770992 0.207010 1 0.768217 0.206966 2 0.768671 0.215928 2 0.767349 0.215731 2 0.768996 0.228541 1 0.766315 0.229001 2 0.771739 0.234200 1 0.768960 0.236753 2 0.767684 0.238947 2 0.766945 0.239144 2 0.768532 0.254721 2 0.767413 0.255486 2 0.764797 0.271451 2 0.763203 0.272198 2
0 0.984375 0.424603 0.029762 0.148148 0.995450 0.373407 1 0.995741 0.370419 1 0.995753 0.371180 1 0.993667 0.372125 2 0.998895 0.373391 2 0.988490 0.387513 2 0.999430 0.389766 2 0.982827 0.406263 2 0.996676 0.410316 1 0.985491 0.417023 2 0.993428 0.418225 1 0.986227 0.425809 2 0.995333 0.426913 2 0.982743 0.454296 2 0.996203 0.457473 2 0.977385 0.482341 2 0.991633 0.485420 2
0 0.966518 0.248677 0.023810 0.066138 0.970334 0.218661 2 0.970913 0.217735 2 0.969733 0.217486 2 0.971513 0.218458 1 0.968263 0.217921 2 0.970806 0.226121 2 0.965704 0.225155 2 0.971000 0.235936 2 0.963888 0.234887 2 0.970187 0.236908 2 0.967933 0.236408 2 0.968292 0.246706 2 0.963634 0.246384 2 0.971842 0.260936 2 0.961263 0.261250 2 0.972690 0.275024 2 0.954850 0.274105 2
0 0.610863 0.107804 0.011905 0.041005 0.613508 0.092973 1 0.613541 0.092092 1 0.613802 0.092186 1 0.613353 0.092494 2 0.615376 0.092537 2 0.612739 0.096859 2 0.615697 0.097017 2 0.611257 0.102420 2 0.615998 0.102772 2 0.610304 0.105252 2 0.615304 0.104425 1 0.612705 0.107435 2 0.614679 0.107429 2 0.612072 0.115881 2 0.613975 0.116075 2 0.611529 0.124976 2 0.613752 0.124775 2
0 0.606027 0.089286 0.011161 0.033069 0.608266 0.066652 1 0.608595 0.066138 1 0.608257 0.066138 1 0.610227 0.066138 1 0.609617 0.066379 1 0.611520 0.070650 2 0.609293 0.070739 2 0.609339 0.076832 2 0.606480 0.076992 2 0.606733 0.076104 2 0.607570 0.076022 2 0.610785 0.087542 2 0.609125 0.087322 2 0.610536 0.098307 2 0.608706 0.097951 2 0.610274 0.106511 1 0.608117 0.106117 1
0 0.918527 0.197751 0.020089 0.038360 0.922536 0.187542 2 0.923260 0.185812 2 0.921640 0.186018 2 0.924549 0.186112 2 0.920502 0.186614 2 0.926665 0.192116 2 0.919538 0.191652 2 0.925617 0.201533 2 0.918409 0.200602 2 0.919155 0.206677 2 0.916863 0.205794 2 0.926178 0.209525 2 0.920593 0.208465 2 0.927512 0.211576 2 0.913634 0.208655 2 0.925007 0.219086 2 0.914630 0.214465 2
0 0.944568 0.203704 0.018601 0.034392 0.946140 0.209632 2 0.947512 0.207590 2 0.945315 0.207387 2 0.950120 0.208701 2 0.944490 0.208007 2 0.953439 0.221700 2 0.942486 0.220899 2 0.955213 0.226914 1 0.941361 0.226914 1 0.952024 0.222349 1 0.942797 0.225550 1 0.951870 0.226914 1 0.944839 0.226914 1 0.949409 0.223600 1 0.945142 0.220816 1 0.947398 0.226370 1 0.946609 0.224802 1
