0 0.660189 0.780112 0.021008 0.055089 0.666039 0.763591 1 0.665106 0.762093 1 0.665773 0.762355 1 0.660202 0.762454 2 0.664340 0.763597 2 0.656075 0.769864 2 0.665866 0.771961 2 0.653580 0.781015 2 0.667076 0.785548 2 0.654697 0.773035 1 0.666805 0.787501 1 0.656031 0.792469 2 0.662867 0.793833 2 0.657376 0.798873 1 0.665358 0.799524 1 0.656155 0.806391 1 0.662662 0.807237 1
0 0.628151 0.724556 0.019958 0.057890 0.628207 0.703220 2 0.628902 0.702060 2 0.628296 0.701978 1 0.631007 0.703046 2 0.629712 0.702695 1 0.631997 0.711145 2 0.628885 0.708954 2 0.632634 0.720370 2 0.626371 0.713822 2 0.630369 0.726600 2 0.623801 0.717151 2 0.629711 0.725871 2 0.628307 0.724545 2 0.626765 0.736797 2 0.628719 0.736196 2 0.626092 0.749839 2 0.630897 0.747436 2
0 0.673057 0.734360 0.021534 0.066293 0.674153 0.710721 1 0.674378 0.709523 1 0.674714 0.708875 1 0.676002 0.710578 2 0.678389 0.708581 1 0.676750 0.720788 2 0.680125 0.713987 2 0.675620 0.734217 2 0.680656 0.717281 1 0.672886 0.741943 2 0.679178 0.723382 1 0.675880 0.739995 2 0.678419 0.736607 2 0.674286 0.752444 2 0.678044 0.750719 2 0.674053 0.764085 1 0.678819 0.762290 1
0 0.653624 0.709150 0.016282 0.062558 0.655506 0.688324 2 0.656123 0.687823 2 0.655755 0.687364 1 0.657353 0.689707 2 0.656371 0.688082 1 0.658223 0.697387 2 0.655473 0.691256 2 0.657080 0.704418 2 0.651401 0.685679 2 0.655198 0.706267 2 0.650457 0.679954 2 0.656443 0.709275 2 0.653924 0.706462 2 0.657038 0.720376 2 0.650929 0.716234 2 0.658551 0.731690 2 0.648340 0.728330 2
0 0.672269 0.626050 0.023109 0.055089 0.668625 0.613188 2 0.668283 0.611653 1 0.668483 0.611874 2 0.666096 0.610356 1 0.667191 0.611264 2 0.663797 0.614663 2 0.665767 0.617746 2 0.666620 0.618297 2 0.667115 0.626604 2 0.671586 0.618461 1 0.670718 0.627183 2 0.663451 0.630892 2 0.664984 0.633184 2 0.671416 0.632436 2 0.673162 0.634889 2 0.672609 0.646531 2 0.673960 0.648220 2
0 0.401261 0.553221 0.014706 0.058824 0.400102 0.534896 1 0.400197 0.533798 1 0.400521 0.533674 1 0.400788 0.534179 2 0.403105 0.533634 1 0.400987 0.540091 2 0.404397 0.539225 2 0.400168 0.546988 2 0.405945 0.546151 2 0.399409 0.551553 2 0.406388 0.552269 1 0.402391 0.553878 2 0.404517 0.553448 2 0.402627 0.564223 2 0.403834 0.563949 2 0.402673 0.572771 2 0.403613 0.572302 2
0 0.413078 0.546218 0.012080 0.050420 0.413210 0.531888 1 0.413426 0.531050 1 0.413652 0.530952 1 0.414149 0.531510 2 0.415706 0.531101 1 0.414453 0.536226 2 0.416832 0.535652 2 0.413697 0.543281 2 0.416004 0.541816 1 0.411930 0.547641 2 0.413696 0.545784 1 0.415152 0.547645 2 0.416677 0.547088 2 0.411591 0.554533 2 0.412858 0.554480 2 0.414960 0.562048 2 0.415459 0.562292 2
0 0.074580 0.371148 0.017857 0.055089 0.073369 0.354466 1 0.073363 0.353481 1 0.073653 0.353264 1 0.073767 0.353455 2 0.076160 0.352642 1 0.074778 0.358254 2 0.078379 0.356668 2 0.072783 0.366556 2 0.077515 0.364174 1 0.068769 0.367897 2 0.073303 0.367041 1 0.078189 0.371892 2 0.080659 0.371133 2 0.077638 0.380903 2 0.080001 0.379445 2 0.080034 0.390470 2 0.082353 0.389636 2
0 0.471901 0.233427 0.013130 0.044818 0.473009 0.220935 1 0.472841 0.220188 1 0.472877 0.220158 1 0.472206 0.220525 1 0.472456 0.220440 2 0.472607 0.225838 2 0.472911 0.225750 2 0.475193 0.231023 2 0.475020 0.231075 2 0.476961 0.233575 2 0.476986 0.233288 2 0.473240 0.237719 2 0.472887 0.237670 2 0.474559 0.246244 2 0.471522 0.246062 2 0.477385 0.253647 2 0.469821 0.253999 2
0 0.394170 0.331466 0.012080 0.044818 0.393453 0.315763 1 0.393626 0.314879 1 0.393721 0.314842 1 0.394256 0.315603 2 0.395910 0.315276 1 0.394400 0.320333 2 0.397262 0.320544 2 0.393943 0.327486 2 0.397836 0.327628 2 0.392294 0.332711 2 0.395578 0.333418 1 0.396471 0.331593 2 0.398578 0.331743 2 0.393194 0.338972 2 0.396337 0.340984 2 0.393635 0.348128 2 0.397687 0.350241 2
0 0.290966 0.218487 0.007353 0.041083 0.289624 0.204926 1 0.289769 0.204218 1 0.289692 0.204212 1 0.290498 0.204402 2 0.290752 0.204355 1 0.291701 0.207878 2 0.291286 0.207662 2 0.291739 0.211251 2 0.290755 0.211061 1 0.290099 0.209841 2 0.290276 0.210646 1 0.292234 0.216959 2 0.291878 0.216781 2 0.292750 0.224250 2 0.292470 0.223930 2 0.293810 0.230374 2 0.293444 0.230427 2
0 0.921744 0.673203 0.022059 0.069094 0.925066 0.651977 2 0.925952 0.650793 2 0.924638 0.650624 2 0.927297 0.651899 2 0.924025 0.651476 1 0.927564 0.660195 2 0.922699 0.658948 2 0.927410 0.671236 2 0.919290 0.667741 2 0.923324 0.677975 2 0.917736 0.676134 2 0.923141 0.677424 2 0.919940 0.676222 2 0.919476 0.688214 2 0.916908 0.687432 2 0.918989 0.701741 2 0.915187 0.701148 2
0 0.473739 0.065826 0.010504 0.025210 0.474563 0.059707 2 0.474910 0.059060 2 0.474214 0.059136 2 0.475550 0.059129 2 0.473852 0.059325 2 0.476978 0.062360 2 0.472997 0.062834 2 0.478446 0.066553 2 0.471424 0.066032 2 0.477354 0.071059 2 0.472955 0.062204 2 0.475950 0.073338 2 0.473352 0.073483 2 0.475605 0.080811 2 0.473383 0.080604 2 0.475584 0.082499 1 0.473246 0.082510 1
0 0.326155 0.765173 0.019958 0.071895 0.327725 0.743226 1 0.327904 0.741827 1 0.328390 0.741828 1 0.328754 0.742232 2 0.332237 0.741986 1 0.327443 0.749530 2 0.334438 0.749099 2 0.323280 0.756958 2 0.335580 0.757414 2 0.321120 0.758034 2 0.333667 0.759654 1 0.328098 0.766337 2 0.332619 0.765838 2 0.327272 0.777604 2 0.331110 0.777306 2 0.327941 0.790302 2 0.331584 0.788875 2
0 0.347426 0.763305 0.023634 0.070028 0.349245 0.739613 1 0.348728 0.738431 1 0.349585 0.738356 1 0.345679 0.739676 2 0.350637 0.739652 2 0.343712 0.747543 2 0.352272 0.747524 2 0.342911 0.756522 2 0.353569 0.755585 2 0.344924 0.757048 1 0.351874 0.753795 1 0.346149 0.766204 2 0.351700 0.766463 2 0.348611 0.778205 2 0.351273 0.778151 2 0.350661 0.788355 2 0.350586 0.789409 2
0 0.403099 0.300187 0.015231 0.045752 0.396866 0.270674 1 0.397267 0.269631 1 0.396855 0.269721 1 0.398849 0.269575 2 0.397929 0.269720 1 0.400996 0.275185 2 0.397582 0.274977 2 0.401525 0.285495 2 0.395767 0.284208 2 0.400002 0.293536 2 0.393926 0.291552 2 0.400116 0.293331 2 0.397773 0.292913 2 0.400224 0.305631 2 0.397023 0.305147 2 0.401127 0.317323 2 0.397344 0.317241 2
0 0.695378 0.961251 0.014706 0.045752 0.693011 0.950888 1 0.693047 0.949681 1 0.693872 0.949645 1 0.693430 0.951529 2 0.698368 0.950879 2 0.692491 0.960306 2 0.701780 0.959427 2 0.688316 0.964050 2 0.703306 0.963194 2 0.687625 0.955854 2 0.699760 0.955061 1 0.692874 0.982538 2 0.699179 0.981499 2 0.688474 0.984001 2 0.695969 0.982759 2 0.688688 0.989844 1 0.696729 0.989653 1
0 0.494485 0.130252 0.009979 0.040149 0.495658 0.119891 2 0.496013 0.119188 2 0.495421 0.119227 2 0.496764 0.119359 2 0.495228 0.119450 1 0.497524 0.123476 2 0.495094 0.123486 2 0.498088 0.128982 2 0.494704 0.127816 2 0.498032 0.134336 2 0.494324 0.130298 2 0.497069 0.133247 2 0.495090 0.133218 2 0.497904 0.140002 2 0.493984 0.140116 2 0.498635 0.146822 2 0.492382 0.147222 2
0 0.512080 0.256769 0.013655 0.046685 0.511972 0.242031 2 0.512089 0.241168 2 0.511994 0.241139 1 0.512886 0.241335 2 0.514014 0.241207 1 0.513162 0.245790 2 0.515066 0.245527 2 0.512146 0.251422 2 0.515850 0.252098 1 0.511096 0.254838 2 0.513964 0.255512 1 0.513051 0.257277 2 0.514902 0.256975 2 0.510746 0.265511 2 0.515833 0.265385 2 0.508768 0.275213 2 0.518062 0.272940 2
0 0.616334 0.188142 0.007878 0.028945 0.617919 0.168067 1 0.618212 0.168067 1 0.617589 0.168067 1 0.618845 0.168067 1 0.617307 0.168067 1 0.620003 0.168852 2 0.616586 0.168885 1 0.620898 0.173549 2 0.616051 0.173373 2 0.620004 0.179425 2 0.616578 0.177951 2 0.619416 0.180034 2 0.617154 0.179940 2 0.618834 0.189816 2 0.617095 0.189577 2 0.618397 0.199065 2 0.616939 0.198409 2
0 0.373687 0.640056 0.020483 0.055089 0.373102 0.625998 2 0.372878 0.624531 1 0.372464 0.625216 2 0.372234 0.623544 1 0.370998 0.625215 2 0.372481 0.625823 2 0.370314 0.629906 2 0.377113 0.627916 2 0.372488 0.638496 2 0.381542 0.629874 2 0.377737 0.641996 2 0.371996 0.642513 2 0.370279 0.645043 2 0.378613 0.647991 2 0.376497 0.650866 2 0.373620 0.657813 2 0.371183 0.659305 2
0 0.402048 0.265173 0.012080 0.048553 0.399533 0.246921 2 0.399357 0.245957 1 0.399243 0.246013 2 0.398051 0.246567 1 0.398450 0.246715 2 0.397453 0.252174 2 0.398427 0.252281 2 0.398389 0.259856 1 0.398560 0.259653 2 0.399340 0.265572 1 0.399318 0.265293 2 0.397926 0.266743 2 0.398970 0.266952 2 0.398031 0.278548 2 0.400842 0.278635 2 0.397099 0.290136 2 0.400947 0.290585 2
0 0.080620 0.357610 0.015231 0.044818 0.072385 0.355415 1 0.072463 0.354209 1 0.072708 0.354018 1 0.073671 0.353662 2 0.075567 0.352882 1 0.075490 0.358300 2 0.078056 0.356902 2 0.072213 0.367246 2 0.075560 0.365158 1 0.070378 0.367206 2 0.071576 0.366282 1 0.078828 0.375659 2 0.080592 0.374366 2 0.072491 0.376697 2 0.075076 0.374897 1 0.074442 0.384119 1 0.077661 0.384486 1
