0 0.037202 0.943122 0.013393 0.052910 0.039298 0.907814 1 0.038999 0.906810 1 0.038809 0.907204 1 0.037503 0.906085 1 0.037015 0.906849 1 0.035351 0.906826 1 0.036553 0.908787 1 0.034689 0.912722 1 0.035296 0.911651 2 0.040120 0.917406 1 0.040789 0.915987 2 0.035756 0.923424 2 0.035868 0.925367 2 0.037937 0.939226 2 0.035741 0.945679 2 0.040791 0.955642 2 0.030430 0.963582 2
0 0.127046 0.854167 0.011533 0.044312 0.125917 0.840070 1 0.125997 0.839096 1 0.126098 0.839135 1 0.126296 0.839368 2 0.128531 0.839109 2 0.126037 0.844880 2 0.130091 0.844015 2 0.125156 0.851427 2 0.131424 0.851066 2 0.125883 0.856286 2 0.130492 0.855630 1 0.126534 0.858745 2 0.129714 0.858044 2 0.123967 0.867935 2 0.129474 0.866140 2 0.122263 0.878735 2 0.130505 0.875108 2
0 0.148438 0.951058 0.012649 0.035714 0.147520 0.941768 2 0.148290 0.940177 2 0.146911 0.940486 2 0.150448 0.940740 2 0.146950 0.941296 1 0.153710 0.948402 2 0.145864 0.949934 2 0.155637 0.962994 2 0.143340 0.968718 2 0.153266 0.952686 2 0.149387 0.955767 2 0.153896 0.971315 2 0.148717 0.971540 2 0.152930 0.970946 1 0.148171 0.968356 1 0.151601 0.974268 1 0.148010 0.970976 1
0 0.155878 0.948082 0.008929 0.048280 0.155106 0.932538 2 0.155657 0.931436 2 0.154516 0.931653 2 0.156642 0.931800 2 0.153853 0.932274 2 0.158050 0.937625 2 0.153137 0.937269 2 0.156900 0.945882 2 0.151982 0.943467 1 0.153623 0.952302 2 0.152626 0.949639 1 0.157479 0.950253 2 0.154207 0.950266 2 0.157545 0.961663 2 0.155481 0.962108 2 0.158417 0.972816 2 0.157097 0.973254 2
0 0.225074 0.782077 0.008185 0.033730 0.225646 0.769821 1 0.225689 0.768990 1 0.225758 0.768989 1 0.225210 0.769326 2 0.226952 0.769220 2 0.224226 0.774130 2 0.228114 0.774190 2 0.222429 0.779143 2 0.229472 0.780449 2 0.223089 0.783514 2 0.229538 0.783283 2 0.225258 0.785650 2 0.227941 0.785593 2 0.225879 0.793929 2 0.228861 0.792608 2 0.226317 0.801508 2 0.229963 0.799669 2
0 0.208705 0.791005 0.009673 0.031746 0.208067 0.784172 2 0.208132 0.783256 2 0.207648 0.783314 2 0.207571 0.783141 1 0.206390 0.783309 2 0.205948 0.787291 2 0.205871 0.788137 2 0.207391 0.792833 2 0.207839 0.794570 2 0.210496 0.794036 2 0.211166 0.794903 2 0.206282 0.798511 2 0.206174 0.799661 2 0.210669 0.800863 2 0.211608 0.802938 2 0.209219 0.809294 2 0.209780 0.810566 2
0 0.166667 0.773810 0.008185 0.026455 0.171230 0.774311 2 0.172116 0.771838 2 0.169957 0.771307 2 0.172247 0.773369 1 0.167295 0.772650 2 0.170742 0.784496 1 0.165595 0.784540 2 0.169291 0.783833 1 0.163664 0.784119 1 0.164808 0.780855 1 0.162756 0.780867 1 0.169167 0.786856 1 0.165968 0.787413 1 0.171189 0.782935 1 0.165639 0.784843 1 0.167273 0.787269 1 0.168483 0.788558 1
0 0.582403 0.828042 0.008557 0.038360 0.584952 0.812770 2 0.585007 0.812095 2 0.584607 0.812123 2 0.584729 0.812511 1 0.583717 0.812527 2 0.585080 0.816787 2 0.582691 0.816284 2 0.585916 0.822368 2 0.581223 0.820150 2 0.586829 0.827322 2 0.582518 0.821084 2 0.585167 0.827514 2 0.583713 0.827583 2 0.585334 0.835863 2 0.584317 0.836102 2 0.585915 0.843778 2 0.584848 0.843803 2
0 0.640625 0.915013 0.007440 0.037698 0.642114 0.905122 2 0.642598 0.904298 2 0.641792 0.904044 2 0.642817 0.903648 1 0.640542 0.902825 2 0.643117 0.907937 2 0.638232 0.907052 2 0.644047 0.914879 2 0.636889 0.913926 2 0.644005 0.917514 2 0.638382 0.919753 2 0.642051 0.921061 2 0.638777 0.920909 2 0.641848 0.931214 2 0.638561 0.931153 2 0.641618 0.937948 2 0.637922 0.938516 2
0 0.351004 0.574405 0.004092 0.021825 0.351980 0.567442 1 0.351931 0.566952 1 0.351994 0.566908 1 0.351304 0.567031 1 0.351847 0.566979 2 0.350597 0.569689 2 0.351078 0.569597 2 0.349232 0.572804 2 0.349747 0.572634 2 0.349392 0.575369 2 0.349738 0.575516 2 0.350789 0.576210 2 0.351134 0.576293 2 0.350759 0.580841 2 0.350807 0.581025 2 0.350231 0.585799 2 0.350370 0.585810 2
0 0.291295 0.651124 0.006696 0.028439 0.290237 0.639421 2 0.290551 0.638748 2 0.290007 0.638855 2 0.291247 0.639056 2 0.289877 0.639289 1 0.292592 0.642445 2 0.289745 0.642619 2 0.293158 0.646726 2 0.289067 0.646285 1 0.291453 0.646098 2 0.289115 0.645171 1 0.292866 0.650901 2 0.290792 0.650935 2 0.293196 0.657094 2 0.290021 0.657030 2 0.293970 0.664269 2 0.290709 0.664438 2
0 0.578125 0.895172 0.008929 0.049603 0.578351 0.878406 2 0.578981 0.877565 2 0.578038 0.877422 2 0.580076 0.878045 2 0.577656 0.877726 1 0.581206 0.883674 2 0.576571 0.883321 2 0.582719 0.890041 2 0.575839 0.889724 2 0.581379 0.895065 2 0.575739 0.895573 2 0.580019 0.897747 2 0.576850 0.897414 2 0.580122 0.908008 2 0.576461 0.907550 2 0.580396 0.917458 2 0.576277 0.916925 2
0 0.569010 0.861111 0.007068 0.041005 0.569284 0.844939 2 0.569807 0.843936 2 0.568968 0.843908 2 0.570794 0.844292 2 0.568819 0.844188 1 0.571942 0.850148 2 0.568222 0.849122 2 0.572195 0.856886 2 0.567014 0.856038 2 0.571165 0.853556 2 0.566723 0.861245 2 0.570291 0.863612 2 0.567761 0.862822 2 0.569797 0.874629 2 0.567194 0.873151 2 0.569847 0.885097 2 0.567789 0.883356 2
0 0.781622 0.911045 0.009673 0.050926 0.783883 0.890485 2 0.784156 0.889542 2 0.783355 0.889538 2 0.784186 0.889676 1 0.782015 0.889494 2 0.784501 0.894810 2 0.780450 0.894742 2 0.785454 0.901322 2 0.779407 0.902146 2 0.786453 0.907113 2 0.779561 0.909219 2 0.784407 0.908990 2 0.781568 0.909117 2 0.784381 0.918875 2 0.781290 0.919246 2 0.783345 0.927778 2 0.779427 0.928205 2
0 0.604167 0.843915 0.006696 0.039683 0.605967 0.829211 1 0.605701 0.828314 1 0.605953 0.828381 1 0.603781 0.828592 2 0.605995 0.828906 2 0.602291 0.833192 2 0.606238 0.833969 2 0.601379 0.839269 2 0.607073 0.840458 2 0.601983 0.843812 2 0.606603 0.843994 2 0.603044 0.845155 2 0.605788 0.845687 2 0.603085 0.854537 2 0.605840 0.855430 2 0.602718 0.863348 2 0.605517 0.864192 2
0 0.607143 0.818783 0.007440 0.035714 0.606918 0.806575 2 0.607433 0.805534 2 0.606386 0.805629 2 0.608241 0.805306 2 0.605602 0.805557 2 0.609637 0.810072 2 0.604555 0.810663 2 0.611800 0.815327 2 0.603890 0.816500 2 0.610835 0.816294 2 0.604934 0.815544 2 0.609143 0.824143 2 0.605826 0.824310 2 0.608939 0.834755 2 0.605699 0.834582 2 0.609366 0.842944 1 0.606289 0.842141 2
0 0.770461 0.624008 0.005952 0.024471 0.771963 0.617547 2 0.772219 0.617080 2 0.771729 0.617104 2 0.772624 0.617121 2 0.771478 0.617187 2 0.773074 0.619529 2 0.771132 0.619429 2 0.773348 0.622338 2 0.769963 0.621432 2 0.772668 0.624732 2 0.770066 0.621789 2 0.772398 0.624811 2 0.771212 0.624680 2 0.771602 0.627359 2 0.771002 0.627366 2 0.771886 0.628631 1 0.771384 0.628829 1
0 0.797991 0.700728 0.007440 0.019180 0.796040 0.697402 1 0.795912 0.696784 1 0.796124 0.696854 1 0.794993 0.697004 2 0.796302 0.697262 2 0.794252 0.700399 2 0.796232 0.700690 2 0.793811 0.705448 2 0.796554 0.705532 2 0.794313 0.709386 1 0.796841 0.709629 1 0.794072 0.709348 2 0.795405 0.709485 2 0.794189 0.712278 1 0.795157 0.712578 1 0.794157 0.713583 1 0.794983 0.713583 1
0 0.614025 0.837963 0.012277 0.041005 0.617424 0.821393 2 0.617001 0.820559 1 0.617183 0.820684 2 0.615509 0.820901 1 0.616091 0.821393 2 0.614828 0.826101 2 0.615150 0.826727 2 0.614889 0.832897 1 0.615287 0.833950 2 0.616070 0.837725 1 0.616265 0.838930 2 0.614768 0.838717 2 0.614699 0.839145 2 0.615973 0.846755 2 0.613909 0.847566 2 0.615445 0.855443 2 0.611224 0.855649 2
0 0.662388 0.828373 0.007812 0.041667 0.663968 0.814943 1 0.663809 0.814041 1 0.663831 0.814069 1 0.662870 0.814072 1 0.663374 0.814281 2 0.662415 0.818442 2 0.662913 0.818774 2 0.661955 0.824052 1 0.662224 0.824681 2 0.663161 0.826267 1 0.663870 0.826749 2 0.662138 0.827837 2 0.662530 0.827986 2 0.661680 0.835419 2 0.661744 0.835580 2 0.660486 0.841867 2 0.660511 0.842384 2
0 0.633371 0.862434 0.009301 0.043651 0.634097 0.847715 2 0.634472 0.846583 2 0.633522 0.846865 2 0.635045 0.846389 2 0.632685 0.846966 2 0.636355 0.851311 2 0.631801 0.851790 2 0.637440 0.857573 2 0.631244 0.858819 2 0.638423 0.864299 2 0.631507 0.864506 2 0.636116 0.865477 2 0.633057 0.865582 2 0.636119 0.876084 2 0.632524 0.875047 2 0.635743 0.886380 2 0.633001 0.884190 2
0 0.228795 0.812831 0.009673 0.041005 0.228810 0.797192 1 0.228847 0.796270 1 0.229065 0.796340 1 0.229338 0.796759 2 0.231585 0.796597 1 0.229450 0.801636 2 0.232887 0.801124 2 0.226969 0.806581 2 0.233090 0.807257 1 0.224624 0.807530 2 0.229941 0.809378 1 0.230301 0.813668 2 0.232845 0.813092 2 0.227207 0.821290 2 0.231361 0.820286 2 0.225488 0.831170 2 0.232361 0.828566 2
0 0.704241 0.843254 0.008929 0.047619 0.706468 0.824512 2 0.706443 0.823740 1 0.706299 0.823825 2 0.705211 0.824344 1 0.705926 0.824265 2 0.705314 0.828239 2 0.705355 0.828279 2 0.706492 0.832788 2 0.705941 0.833502 2 0.707972 0.833674 2 0.706934 0.835976 2 0.705230 0.840721 2 0.705892 0.840674 2 0.703056 0.850288 2 0.707521 0.849771 2 0.700083 0.859333 2 0.708858 0.860093 2
0 0.814174 0.720899 0.007068 0.026455 0.815204 0.711436 1 0.815045 0.710701 1 0.815278 0.710800 1 0.813923 0.710756 2 0.815626 0.711081 2 0.812791 0.714500 2 0.815932 0.714987 2 0.812002 0.718740 2 0.817051 0.719214 2 0.812236 0.722349 1 0.816870 0.722538 2 0.812885 0.723404 2 0.814991 0.723649 2 0.812908 0.729136 2 0.814732 0.729568 2 0.812817 0.734727 1 0.814478 0.734519 1
0 0.086124 0.780093 0.012277 0.036376 0.087039 0.765394 1 0.086742 0.764731 1 0.087025 0.764570 1 0.085066 0.764861 1 0.086513 0.764606 2 0.084256 0.768335 2 0.085932 0.768253 2 0.085946 0.773827 1 0.087640 0.773893 2 0.088684 0.775649 1 0.089586 0.776070 2 0.083836 0.779746 2 0.084980 0.780074 2 0.087698 0.783143 2 0.089105 0.783493 2 0.086553 0.791637 2 0.088115 0.793149 2
0 0.207589 0.796958 0.011905 0.038360 0.207958 0.784012 2 0.208010 0.783147 2 0.207541 0.783149 2 0.207304 0.783262 1 0.206266 0.783249 2 0.205805 0.786981 2 0.205479 0.787778 2 0.207689 0.792384 2 0.207765 0.794431 2 0.210819 0.794273 2 0.211126 0.795305 2 0.205972 0.798127 2 0.205696 0.799373 2 0.211045 0.800616 2 0.211249 0.802852 2 0.209789 0.809431 2 0.209966 0.810880 2
0 0.955543 0.886574 0.010045 0.044312 0.951927 0.868536 2 0.952280 0.867689 2 0.951316 0.867555 2 0.952291 0.868391 1 0.949700 0.868045 2 0.952832 0.873189 2 0.948780 0.873276 2 0.955049 0.876905 2 0.948661 0.880815 1 0.954246 0.871727 2 0.948975 0.888024 1 0.951834 0.886856 2 0.949363 0.886659 2 0.950209 0.896948 2 0.949282 0.896235 2 0.950254 0.906329 2 0.950063 0.906078 2
0 0.964472 0.884590 0.010045 0.052249 0.966096 0.867077 2 0.966683 0.866228 2 0.965640 0.866038 2 0.967065 0.866244 1 0.964425 0.865448 2 0.968157 0.870822 2 0.962769 0.869089 2 0.968700 0.878106 2 0.959097 0.870258 2 0.968626 0.883694 2 0.960254 0.875214 2 0.965569 0.883983 2 0.962447 0.883513 2 0.963628 0.892626 2 0.963201 0.894418 2 0.961639 0.899484 2 0.963351 0.906171 2
0 0.835565 0.716931 0.006696 0.031746 0.837302 0.708652 1 0.836982 0.707878 1 0.837303 0.707929 2 0.835328 0.707159 1 0.836521 0.707449 2 0.834266 0.709351 2 0.835434 0.710094 2 0.835957 0.712278 1 0.837267 0.714012 2 0.838271 0.713058 1 0.838740 0.715657 2 0.834110 0.718343 2 0.834883 0.718993 2 0.835693 0.723658 2 0.836028 0.724705 2 0.835715 0.729440 2 0.836125 0.729796 2
0 0.577753 0.953704 0.011161 0.044974 0.579067 0.936372 1 0.578990 0.935463 1 0.579119 0.935623 1 0.577558 0.935755 2 0.580335 0.936147 2 0.575339 0.940422 2 0.581695 0.941178 2 0.573015 0.942693 2 0.582138 0.947118 2 0.575010 0.938307 2 0.580010 0.943699 1 0.575909 0.956242 2 0.580489 0.956153 2 0.574679 0.966106 2 0.580574 0.963988 2 0.573629 0.976206 2 0.579829 0.971988 2
0 0.688058 0.736442 0.010789 0.032407 0.689610 0.724892 1 0.689400 0.724198 1 0.689624 0.724390 1 0.687878 0.724493 2 0.689826 0.725070 2 0.686205 0.728236 2 0.690068 0.729172 2 0.684888 0.731667 2 0.691627 0.733800 2 0.684718 0.734549 1 0.693179 0.736043 2 0.685804 0.739128 2 0.688493 0.739656 2 0.687429 0.738385 2 0.692050 0.738179 2 0.686119 0.746286 2 0.690681 0.745121 2
0 0.587798 0.832672 0.010417 0.039683 0.585039 0.813321 2 0.585165 0.812608 2 0.584687 0.812567 2 0.584935 0.812918 1 0.583751 0.812779 2 0.585242 0.817135 2 0.582810 0.816560 2 0.586182 0.822441 2 0.581740 0.820316 2 0.586809 0.827001 2 0.582250 0.822875 2 0.585310 0.827806 2 0.583831 0.827821 2 0.585555 0.836162 2 0.584572 0.836377 2 0.586286 0.843658 2 0.585593 0.843882 2
0 0.723772 0.910053 0.010045 0.042328 0.725834 0.897526 2 0.726129 0.896554 2 0.725759 0.896100 2 0.725521 0.895854 1 0.724580 0.894782 2 0.723707 0.900237 2 0.721759 0.900245 2 0.723473 0.906958 2 0.721183 0.909085 2 0.725724 0.907622 2 0.724851 0.908996 2 0.723089 0.913272 2 0.721678 0.913884 2 0.724370 0.922939 2 0.722516 0.923970 2 0.724363 0.929324 1 0.721920 0.930187 1
0 0.791853 0.907077 0.011533 0.054894 0.793990 0.884450 2 0.794309 0.883453 2 0.793343 0.883595 2 0.794621 0.884078 1 0.791955 0.884232 2 0.794346 0.891297 2 0.790294 0.890927 2 0.794533 0.899520 2 0.789275 0.899876 2 0.795544 0.906157 2 0.792804 0.906729 2 0.793530 0.906604 2 0.790496 0.906522 2 0.793502 0.917697 2 0.789248 0.916910 2 0.793089 0.928623 2 0.785277 0.925830 2
0 0.673177 0.846230 0.013021 0.040344 0.676549 0.826851 2 0.676819 0.826069 1 0.676310 0.825780 2 0.675997 0.826236 1 0.675124 0.825457 2 0.674514 0.829427 2 0.674165 0.829402 2 0.674795 0.835379 2 0.673292 0.836143 2 0.676471 0.834507 2 0.673358 0.843714 2 0.672900 0.840093 2 0.673161 0.840466 2 0.672796 0.849409 2 0.675886 0.851872 2 0.670543 0.858391 2 0.675605 0.864313 2
0 0.784970 0.856151 0.006696 0.054894 0.784415 0.836579 2 0.784669 0.835653 2 0.784784 0.835649 1 0.785642 0.836438 2 0.786546 0.836325 1 0.786279 0.842219 2 0.786757 0.841847 2 0.785333 0.849590 2 0.785601 0.848820 1 0.782815 0.850088 2 0.783223 0.849341 1 0.785335 0.854745 2 0.785705 0.854308 2 0.784946 0.864758 2 0.785171 0.864419 2 0.784872 0.875385 2 0.785480 0.874912 2
0 0.941592 0.883929 0.006696 0.045635 0.941396 0.868696 2 0.941859 0.867746 2 0.941200 0.867787 2 0.943086 0.867994 2 0.941589 0.868070 1 0.943302 0.873274 2 0.942048 0.872771 2 0.942326 0.880411 2 0.941279 0.879199 1 0.940277 0.883381 2 0.940299 0.883666 1 0.942312 0.886612 2 0.941468 0.886190 2 0.941854 0.897053 2 0.941256 0.896661 2 0.942068 0.907347 2 0.941267 0.906311 2
0 0.923549 0.886574 0.008557 0.041667 0.924277 0.871214 1 0.924311 0.870055 1 0.924557 0.870193 1 0.923393 0.870412 2 0.926383 0.870721 2 0.921447 0.876525 2 0.927439 0.877229 2 0.919729 0.883291 2 0.928697 0.885270 2 0.921926 0.885195 1 0.926916 0.887236 1 0.921707 0.892493 2 0.925963 0.892691 2 0.921690 0.903905 2 0.927086 0.903857 2 0.921773 0.912149 2 0.928245 0.910909 2
0 0.921875 0.879630 0.007440 0.046296 0.924703 0.871039 1 0.924636 0.870001 1 0.924894 0.870074 1 0.923188 0.870527 2 0.926149 0.870769 2 0.921174 0.876465 2 0.926928 0.877021 2 0.919539 0.882732 2 0.927083 0.883925 1 0.922195 0.881664 1 0.926140 0.885485 1 0.921944 0.892664 2 0.926106 0.893035 2 0.921470 0.903996 2 0.926836 0.905029 2 0.921318 0.911264 2 0.927043 0.911822 1
0 0.890997 0.804563 0.008929 0.039021 0.895669 0.787651 1 0.895554 0.786662 1 0.895806 0.786993 1 0.894150 0.786657 2 0.896302 0.787551 2 0.892277 0.790842 2 0.896045 0.792594 2 0.890221 0.796212 2 0.895981 0.799505 2 0.889266 0.801912 2 0.895782 0.804026 2 0.890997 0.803009 2 0.893595 0.803775 2 0.890246 0.811584 2 0.893354 0.813173 2 0.889628 0.820453 2 0.892836 0.821496 2
0 0.899182 0.801257 0.008185 0.041667 0.900708 0.785583 1 0.900668 0.784644 1 0.900889 0.784767 1 0.899877 0.784923 2 0.902269 0.785134 2 0.898950 0.789629 2 0.902877 0.790396 2 0.897689 0.795681 2 0.903548 0.796952 2 0.897070 0.801642 2 0.902640 0.800119 2 0.898994 0.802485 2 0.901793 0.802794 2 0.898080 0.811456 2 0.901242 0.812433 2 0.896486 0.820067 2 0.900283 0.821063 2
0 0.929688 0.807870 0.009673 0.045635 0.930210 0.791187 2 0.930757 0.790291 2 0.929991 0.790167 1 0.931815 0.790616 2 0.930012 0.790289 1 0.932867 0.795750 2 0.928847 0.795068 2 0.934054 0.803359 2 0.927002 0.799081 2 0.934414 0.809409 2 0.927533 0.795848 2 0.931836 0.807669 2 0.929390 0.807559 2 0.930725 0.816903 2 0.929174 0.817129 2 0.930658 0.825791 2 0.930380 0.825724 2
0 0.920387 0.763558 0.006696 0.033730 0.920846 0.748939 1 0.920911 0.748147 1 0.921122 0.748170 1 0.921458 0.748527 2 0.922746 0.748428 1 0.921570 0.752712 2 0.923047 0.752282 2 0.920117 0.757391 2 0.921094 0.756732 1 0.920110 0.756348 2 0.920720 0.755879 1 0.921526 0.763590 2 0.922548 0.763287 2 0.921082 0.771875 2 0.921946 0.771673 2 0.920864 0.780203 2 0.921747 0.780235 2
0 0.928757 0.762897 0.007812 0.035053 0.929175 0.749713 1 0.929405 0.749021 1 0.929524 0.749212 1 0.929981 0.749677 2 0.931350 0.749849 1 0.929326 0.753846 2 0.932349 0.754022 2 0.928883 0.759380 2 0.932495 0.759295 2 0.927525 0.761386 2 0.931349 0.761923 2 0.928971 0.764693 2 0.931131 0.764628 2 0.926665 0.771944 2 0.929678 0.772772 2 0.927174 0.780913 2 0.929776 0.781056 2
0 0.904390 0.723545 0.008185 0.030423 0.899057 0.710075 1 0.899101 0.709385 1 0.899163 0.709411 1 0.899559 0.709700 2 0.900310 0.709682 1 0.900353 0.713489 2 0.900945 0.713364 2 0.901008 0.718873 2 0.901541 0.718687 1 0.900569 0.722732 1 0.900782 0.722297 1 0.899924 0.723189 2 0.900349 0.722887 2 0.899729 0.730357 2 0.899826 0.730157 2 0.899500 0.736593 2 0.899786 0.736646 2
0 0.915923 0.726521 0.008185 0.041667 0.911802 0.717155 1 0.911689 0.716417 1 0.911949 0.716440 1 0.910983 0.716848 1 0.912694 0.716938 1 0.910566 0.720912 2 0.913294 0.721069 2 0.911008 0.724848 1 0.914312 0.724976 2 0.911599 0.728702 1 0.914032 0.728819 2 0.910734 0.730190 2 0.912607 0.730173 2 0.910953 0.737743 2 0.912595 0.737790 2 0.910925 0.744538 2 0.912506 0.744829 2
