0 0.241815 0.527778 0.004464 0.025132 0.241234 0.519221 2 0.241428 0.518742 2 0.241008 0.518800 2 0.241752 0.518534 2 0.240805 0.518670 2 0.242533 0.520451 2 0.240534 0.520384 2 0.243286 0.523692 2 0.240053 0.522970 2 0.243454 0.527161 2 0.239757 0.525422 2 0.242230 0.527021 2 0.240929 0.526960 2 0.242468 0.531454 2 0.240673 0.531346 2 0.242484 0.535669 2 0.241267 0.535554 2
0 0.246652 0.856151 0.010417 0.025794 0.247720 0.846257 1 0.247496 0.845506 1 0.247781 0.845665 1 0.245996 0.845627 2 0.248038 0.846183 2 0.244304 0.849312 2 0.248527 0.850446 2 0.243127 0.852368 2 0.250114 0.855148 2 0.244333 0.851846 1 0.251792 0.853503 2 0.244439 0.861009 2 0.247334 0.861571 2 0.246286 0.859031 2 0.250475 0.858663 2 0.245862 0.868539 2 0.249578 0.867608 2
0 0.574963 0.925926 0.010789 0.027778 0.573544 0.915089 1 0.573527 0.914401 1 0.573779 0.914582 1 0.573122 0.914945 2 0.575379 0.915055 2 0.571933 0.919472 2 0.576942 0.919259 2 0.570522 0.924287 2 0.577994 0.922637 2 0.570153 0.929612 1 0.577350 0.925678 1 0.572500 0.931985 2 0.576144 0.931879 2 0.570273 0.926644 2 0.576044 0.926897 2 0.570357 0.937476 2 0.575839 0.937310 2
0 0.805804 0.530754 0.005952 0.024471 0.806005 0.520793 1 0.806029 0.520253 1 0.806191 0.520272 1 0.806125 0.520395 2 0.807316 0.520301 2 0.806008 0.523252 2 0.807972 0.523094 2 0.805133 0.526611 2 0.808306 0.526733 2 0.803809 0.527837 2 0.807761 0.529081 1 0.806011 0.529977 2 0.807281 0.529793 2 0.805668 0.534281 2 0.806661 0.534094 2 0.805810 0.538338 2 0.806604 0.538190 2
0 0.832589 0.544643 0.006696 0.024471 0.833090 0.533940 1 0.833050 0.533443 1 0.833215 0.533535 1 0.832522 0.533548 2 0.833730 0.533766 2 0.831868 0.535935 2 0.833944 0.536423 2 0.831004 0.538714 2 0.834689 0.539721 2 0.830661 0.539388 2 0.834985 0.542189 2 0.832012 0.542278 2 0.833285 0.542561 2 0.832035 0.546221 2 0.832747 0.546666 2 0.832324 0.549846 2 0.832559 0.549984 2
0 0.719866 0.371362 0.004464 0.017857 0.720254 0.366104 2 0.720384 0.365825 2 0.720122 0.365809 2 0.720515 0.365953 1 0.719910 0.365900 2 0.720776 0.367456 2 0.719514 0.367532 2 0.721443 0.368742 2 0.718911 0.369106 2 0.720805 0.368626 2 0.719320 0.369094 2 0.720538 0.371394 2 0.719800 0.371420 2 0.720213 0.374570 2 0.719910 0.374631 2 0.719979 0.377802 2 0.719850 0.377845 2
0 0.622582 0.341270 0.004092 0.015873 0.623711 0.334474 1 0.623854 0.334160 1 0.623580 0.334143 1 0.624000 0.334291 1 0.623373 0.334256 2 0.624037 0.336177 2 0.622925 0.336099 2 0.624276 0.338221 2 0.622323 0.337917 2 0.624308 0.340075 2 0.622296 0.339552 2 0.623566 0.340066 2 0.622867 0.340082 2 0.623526 0.342838 2 0.622902 0.343103 2 0.623583 0.345564 2 0.622865 0.345674 2
0 0.977493 0.687169 0.007068 0.031746 0.978511 0.675822 1 0.978539 0.675214 1 0.978643 0.675195 1 0.978869 0.675125 2 0.980044 0.675023 1 0.979103 0.677970 2 0.980854 0.678111 2 0.978335 0.682490 2 0.980705 0.682419 1 0.977048 0.682728 2 0.979402 0.683535 1 0.978605 0.685641 2 0.980014 0.685622 2 0.976364 0.689887 2 0.979046 0.691353 2 0.975587 0.695486 2 0.979407 0.697468 2
0 0.989583 0.685847 0.008929 0.034392 0.989893 0.674347 1 0.989962 0.673671 1 0.990229 0.673809 1 0.990011 0.674005 2 0.991687 0.674123 2 0.989623 0.677837 2 0.992347 0.677742 2 0.988443 0.681593 2 0.994258 0.681327 2 0.987220 0.683941 2 0.994939 0.683976 2 0.989058 0.686400 2 0.990536 0.686120 2 0.988478 0.691521 2 0.988898 0.691174 2 0.988750 0.696773 2 0.988222 0.696096 2
0 0.761533 0.409392 0.006696 0.018519 0.762336 0.404394 1 0.762189 0.404042 1 0.762353 0.404040 1 0.761437 0.404154 1 0.762382 0.404234 2 0.761095 0.406031 2 0.762401 0.406189 2 0.760806 0.408331 2 0.762855 0.408540 2 0.761091 0.410247 1 0.762936 0.410343 2 0.761298 0.410533 2 0.762178 0.410618 2 0.761460 0.413476 2 0.762128 0.413556 2 0.761224 0.416336 2 0.762013 0.416580 2
0 0.745350 0.406085 0.005580 0.021164 0.746294 0.400105 2 0.746300 0.399714 1 0.746171 0.399689 2 0.746044 0.399737 1 0.745761 0.399701 2 0.746002 0.401817 2 0.745346 0.401795 2 0.746288 0.404189 2 0.745012 0.404139 2 0.746255 0.405952 2 0.745022 0.406366 2 0.745856 0.406189 2 0.745485 0.406228 2 0.745653 0.409063 2 0.745373 0.409213 2 0.745358 0.412083 2 0.745199 0.412240 2
0 0.517857 0.321098 0.004464 0.011243 0.518164 0.318237 1 0.518117 0.318039 1 0.518180 0.318041 1 0.517741 0.318097 2 0.518292 0.318141 2 0.517395 0.319127 2 0.518535 0.319244 2 0.517104 0.320436 2 0.518904 0.320137 2 0.517199 0.321558 1 0.518845 0.320906 1 0.517530 0.322083 2 0.518301 0.322205 2 0.517659 0.323710 2 0.518476 0.324251 2 0.517749 0.325671 2 0.518469 0.326554 2
0 0.603237 0.749669 0.010789 0.031085 0.604118 0.739657 2 0.604361 0.739157 1 0.603859 0.739232 1 0.604766 0.738132 2 0.603508 0.738224 2 0.605745 0.738959 2 0.602632 0.738195 2 0.606589 0.743226 2 0.601922 0.742582 2 0.605113 0.745368 2 0.603026 0.744690 2 0.605316 0.747110 2 0.603007 0.746463 2 0.606214 0.754100 2 0.601590 0.751365 2 0.606608 0.762063 2 0.601734 0.757458 2
0 0.615141 0.719907 0.008557 0.029762 0.617982 0.707976 1 0.617842 0.707213 1 0.618077 0.707309 1 0.616936 0.706375 2 0.618444 0.706676 2 0.615846 0.708641 2 0.618618 0.709447 2 0.614587 0.711821 2 0.618901 0.713862 2 0.614750 0.714232 1 0.618852 0.717666 1 0.615948 0.718566 2 0.617735 0.718993 2 0.616190 0.725087 2 0.617328 0.725752 2 0.616189 0.731874 2 0.616773 0.732237 2
