0 0.947545 0.235450 0.015625 0.079365 0.954391 0.198430 2 0.955213 0.196754 1 0.953755 0.196621 2 0.956106 0.198652 1 0.952635 0.198244 2 0.955018 0.211678 2 0.951001 0.210301 2 0.955685 0.226185 2 0.948111 0.223394 2 0.955325 0.239536 2 0.947285 0.237668 2 0.951366 0.235479 2 0.948178 0.234534 2 0.951286 0.252619 2 0.944902 0.251602 2 0.952477 0.268549 2 0.940246 0.265604 2
0 0.945312 0.317460 0.031994 0.103175 0.961979 0.283547 2 0.961383 0.280709 1 0.961644 0.281064 2 0.956647 0.278499 1 0.958825 0.279926 2 0.950617 0.287115 2 0.955888 0.291076 2 0.946583 0.301032 2 0.952549 0.309048 2 0.951442 0.312771 2 0.958275 0.319155 2 0.945098 0.315442 2 0.949122 0.317395 2 0.944343 0.338233 2 0.949984 0.342412 2 0.939424 0.356964 2 0.946482 0.363836 2
0 0.356771 0.156085 0.017113 0.060847 0.356754 0.134634 2 0.356914 0.133485 1 0.356100 0.133635 2 0.356739 0.133824 1 0.354378 0.134020 2 0.356227 0.140453 2 0.353160 0.140464 2 0.357395 0.147798 2 0.353208 0.148878 2 0.359518 0.149530 2 0.358030 0.150529 2 0.356683 0.155665 2 0.354325 0.155945 2 0.357336 0.168796 2 0.354905 0.168426 2 0.357410 0.181114 2 0.351502 0.179275 2
0 0.188988 0.105159 0.016369 0.048942 0.185771 0.123550 1 0.185846 0.122613 1 0.186185 0.122726 1 0.185576 0.123180 2 0.188399 0.123061 2 0.184542 0.129180 2 0.189794 0.128913 2 0.183768 0.136463 2 0.190883 0.136024 2 0.183774 0.137691 1 0.189942 0.137936 1 0.185581 0.138393 1 0.189297 0.138393 1 0.184086 0.134516 1 0.189050 0.134672 1 0.184029 0.138344 1 0.188373 0.138190 1
0 0.561756 0.505952 0.037202 0.152116 0.566943 0.455793 2 0.568844 0.452931 2 0.565435 0.452744 2 0.571312 0.451508 2 0.562285 0.450620 2 0.571538 0.464974 2 0.557261 0.464143 2 0.573543 0.481392 2 0.551392 0.483085 2 0.576716 0.499278 2 0.547751 0.500854 2 0.568198 0.506161 2 0.558542 0.505862 2 0.568378 0.541763 2 0.558511 0.540605 2 0.566474 0.573158 2 0.553067 0.569750 2
0 0.854911 0.277116 0.020833 0.104497 0.860277 0.239689 2 0.861557 0.237734 2 0.859125 0.237705 2 0.863287 0.239116 2 0.857443 0.238935 2 0.864511 0.251427 2 0.855062 0.249299 2 0.865749 0.264626 2 0.852396 0.260332 2 0.860442 0.269531 2 0.852341 0.262938 2 0.858712 0.277314 2 0.853048 0.275269 2 0.853696 0.299940 2 0.853118 0.295495 2 0.851478 0.322363 2 0.854746 0.314949 2
0 0.678199 0.193122 0.017113 0.068783 0.680995 0.166357 1 0.680679 0.165323 1 0.681010 0.165495 1 0.678401 0.166679 2 0.681768 0.166807 2 0.676382 0.174516 2 0.683035 0.171416 2 0.674404 0.182667 2 0.685841 0.164509 2 0.674076 0.192571 2 0.686468 0.154996 2 0.677017 0.191942 2 0.681562 0.191154 2 0.675447 0.207417 2 0.681536 0.209212 2 0.673822 0.223013 2 0.681398 0.224088 2
0 0.716518 0.732804 0.047619 0.232804 0.717393 0.636477 2 0.719008 0.632958 2 0.719133 0.633428 1 0.723191 0.639993 2 0.729224 0.639066 1 0.720046 0.668591 2 0.733872 0.662460 2 0.714513 0.702189 2 0.723681 0.683201 2 0.709725 0.694844 2 0.709577 0.671974 2 0.719883 0.734676 2 0.730515 0.731427 2 0.707546 0.779132 2 0.723306 0.777244 2 0.706979 0.835704 2 0.722516 0.828728 2
0 0.361235 0.561508 0.048363 0.160053 0.367867 0.513559 2 0.369790 0.509172 2 0.365738 0.509555 2 0.372593 0.507187 2 0.362032 0.507829 2 0.374762 0.525042 2 0.356108 0.521937 2 0.378497 0.545523 2 0.349222 0.539204 2 0.373151 0.562300 2 0.348697 0.558998 2 0.369307 0.567650 2 0.355869 0.565710 2 0.376257 0.599595 2 0.348892 0.594575 2 0.375966 0.628921 2 0.349019 0.615324 2
0 0.567336 0.433862 0.033482 0.142857 0.567213 0.455163 2 0.569188 0.452406 2 0.565692 0.451989 2 0.571343 0.451086 2 0.562370 0.450125 2 0.572403 0.462943 2 0.557330 0.463212 2 0.574928 0.481041 2 0.552202 0.482329 2 0.577202 0.499318 2 0.547889 0.501950 2 0.569555 0.501250 2 0.559284 0.501765 2 0.571808 0.527913 2 0.559317 0.528785 2 0.572547 0.530285 1 0.558224 0.531464 1
0 0.168527 0.471561 0.027530 0.165344 0.166285 0.414594 2 0.166627 0.411402 2 0.164671 0.411732 2 0.165719 0.412759 1 0.160682 0.413507 2 0.166302 0.429971 2 0.159148 0.432244 2 0.167278 0.451430 1 0.156491 0.454284 2 0.167626 0.469268 1 0.157794 0.475863 2 0.166611 0.472381 2 0.162058 0.473878 2 0.166399 0.501815 2 0.163117 0.505765 2 0.165617 0.527132 2 0.162403 0.536531 2
0 0.333333 0.484788 0.031250 0.149471 0.338491 0.434557 2 0.340178 0.431183 2 0.336974 0.431221 2 0.342737 0.430543 2 0.334515 0.430544 2 0.345000 0.444889 2 0.331879 0.446090 2 0.347698 0.465355 2 0.330662 0.468861 2 0.348357 0.484981 2 0.336184 0.487250 2 0.343080 0.481191 2 0.334200 0.481953 2 0.343393 0.514969 2 0.333648 0.515431 2 0.342162 0.542277 2 0.331828 0.543418 2
0 0.438988 0.474206 0.038690 0.154762 0.437572 0.419220 2 0.438764 0.416318 1 0.436284 0.416629 2 0.440134 0.414522 1 0.433896 0.414898 2 0.441390 0.427330 2 0.428445 0.427628 2 0.444850 0.444787 2 0.427208 0.446855 2 0.442099 0.438934 2 0.433845 0.431687 2 0.440857 0.468916 2 0.431911 0.469202 2 0.439011 0.504378 2 0.432120 0.501659 2 0.437346 0.533840 2 0.426951 0.523359 2
0 0.308036 0.582672 0.038690 0.175926 0.320790 0.519843 2 0.320539 0.516151 2 0.319044 0.516642 2 0.317511 0.518592 1 0.313518 0.519900 2 0.318998 0.534418 2 0.307901 0.541536 2 0.319831 0.551626 2 0.304547 0.572201 2 0.326750 0.566891 2 0.304269 0.603313 2 0.312518 0.578363 2 0.306046 0.582166 2 0.319712 0.609222 2 0.318827 0.615221 2 0.302982 0.628295 2 0.314056 0.644126 2
0 0.565104 0.731481 0.049851 0.214286 0.544424 0.655558 1 0.544255 0.650963 1 0.545211 0.650091 1 0.544954 0.653406 2 0.555299 0.649530 2 0.549420 0.679527 2 0.563132 0.671853 2 0.551108 0.720178 2 0.564043 0.705864 2 0.546851 0.726387 2 0.550103 0.721701 1 0.567493 0.734843 2 0.577355 0.732009 2 0.560505 0.780352 2 0.572880 0.778519 2 0.556109 0.823236 2 0.571262 0.819903 2
0 0.398065 0.439815 0.031250 0.144180 0.399962 0.387565 2 0.401645 0.384211 2 0.398317 0.384691 2 0.401982 0.385582 2 0.395268 0.385819 2 0.404460 0.400251 2 0.392840 0.403119 2 0.408812 0.414334 2 0.386711 0.421204 2 0.412067 0.431861 2 0.383557 0.441811 2 0.398022 0.443839 2 0.393104 0.444446 2 0.390977 0.471449 2 0.400912 0.472208 2 0.380169 0.494859 2 0.406157 0.505407 2
0 0.218750 0.362434 0.025298 0.129630 0.214782 0.323001 2 0.215760 0.320440 2 0.213431 0.321171 2 0.217641 0.318778 2 0.211404 0.320554 2 0.221989 0.328624 2 0.210232 0.329986 2 0.227323 0.343019 2 0.207141 0.342446 2 0.220987 0.344137 2 0.208825 0.344871 2 0.222361 0.363042 2 0.214461 0.363552 2 0.224518 0.388401 2 0.215443 0.389212 2 0.228370 0.413570 2 0.216683 0.414063 2
0 0.322173 0.329365 0.025298 0.111111 0.327315 0.290451 2 0.328154 0.288395 2 0.326098 0.288652 2 0.329276 0.289061 2 0.323728 0.289621 2 0.331500 0.301713 2 0.321865 0.302305 2 0.335191 0.316309 2 0.318841 0.313971 2 0.334652 0.331340 2 0.314628 0.325273 2 0.330597 0.333598 2 0.323512 0.333841 2 0.332456 0.356760 2 0.321602 0.357925 2 0.336305 0.376470 2 0.318565 0.378284 2
0 0.414062 0.316138 0.015625 0.100529 0.414289 0.282324 1 0.415234 0.280341 1 0.413990 0.280159 1 0.416738 0.280567 1 0.414154 0.280129 1 0.416702 0.290877 2 0.412093 0.290556 2 0.413265 0.303427 2 0.408775 0.303294 2 0.409575 0.295270 2 0.409847 0.294395 2 0.415560 0.319718 2 0.412015 0.319529 2 0.414592 0.342111 2 0.410437 0.341987 2 0.415163 0.363236 2 0.409385 0.362484 2
0 0.561756 0.216931 0.019345 0.082011 0.560801 0.182895 1 0.560731 0.181129 1 0.560954 0.181397 1 0.558984 0.182361 2 0.563130 0.182960 2 0.556798 0.191385 2 0.564579 0.193757 2 0.552164 0.195138 2 0.564878 0.204507 2 0.551264 0.190830 2 0.561691 0.204426 1 0.557336 0.216036 2 0.562734 0.216769 2 0.556601 0.234107 2 0.563147 0.234515 2 0.554844 0.252302 2 0.563453 0.252802 2
0 0.901786 0.326720 0.029762 0.116402 0.906593 0.280819 1 0.905789 0.278408 1 0.906225 0.278868 1 0.899778 0.279245 2 0.905764 0.280575 2 0.894917 0.292237 2 0.907875 0.294100 2 0.890269 0.309214 2 0.912388 0.311962 2 0.890304 0.324205 2 0.913624 0.323814 2 0.894678 0.329838 2 0.903728 0.330701 2 0.892594 0.355016 2 0.904348 0.354856 2 0.890779 0.378773 2 0.904983 0.378887 2
0 0.423363 0.308862 0.020833 0.120370 0.418298 0.261658 2 0.419529 0.259226 2 0.417549 0.259577 2 0.422565 0.259783 2 0.417421 0.260595 1 0.426548 0.272209 2 0.417492 0.272841 2 0.430006 0.288418 2 0.415923 0.288389 2 0.424826 0.294745 2 0.416505 0.293708 2 0.424668 0.302256 2 0.418690 0.301918 2 0.424682 0.326341 2 0.419397 0.325380 2 0.426111 0.348829 2 0.419812 0.348770 2
0 0.800595 0.287037 0.020833 0.084656 0.806314 0.257306 2 0.806872 0.255408 2 0.805635 0.254807 2 0.806406 0.255479 1 0.803079 0.253846 2 0.804310 0.265141 2 0.798451 0.263197 2 0.803355 0.280013 2 0.795083 0.277076 2 0.805638 0.286680 2 0.800917 0.285746 2 0.801740 0.287258 2 0.797690 0.287936 2 0.810621 0.295882 2 0.806154 0.298345 2 0.805862 0.316092 2 0.803178 0.319756 2
0 0.822173 0.280423 0.020833 0.082011 0.825319 0.255652 2 0.825247 0.253653 2 0.824444 0.253734 2 0.823933 0.253653 1 0.821168 0.253879 2 0.823479 0.261950 2 0.817330 0.263392 2 0.826303 0.275930 2 0.822187 0.279681 2 0.830181 0.284837 2 0.827945 0.288337 2 0.823532 0.284615 2 0.819194 0.286874 2 0.832583 0.293393 2 0.829216 0.296835 2 0.830080 0.315850 2 0.830893 0.317831 2
0 0.548735 0.341931 0.023065 0.064815 0.549005 0.326087 2 0.550207 0.324574 2 0.548132 0.324017 2 0.551913 0.321236 2 0.546894 0.320144 2 0.553452 0.319111 2 0.543024 0.318987 2 0.557744 0.331434 2 0.539032 0.332622 2 0.553236 0.335684 2 0.546256 0.335215 2 0.551363 0.336814 2 0.544565 0.337293 2 0.556719 0.338854 2 0.540729 0.340666 2 0.554059 0.362497 2 0.544838 0.363394 2
0 0.124256 0.344577 0.020833 0.043651 0.119674 0.338097 2 0.119825 0.336874 2 0.119716 0.336902 1 0.121229 0.336243 2 0.121441 0.336049 1 0.124011 0.340325 2 0.122908 0.339480 2 0.124607 0.349399 2 0.120926 0.346304 2 0.123044 0.355248 2 0.118401 0.352140 2 0.129566 0.350137 2 0.128920 0.349556 2 0.124563 0.355554 2 0.124144 0.354749 2 0.128176 0.362451 2 0.128435 0.361688 2
0 0.095238 0.331349 0.032738 0.056878 0.097811 0.317637 2 0.098212 0.315501 2 0.096137 0.316412 2 0.099033 0.315389 1 0.093159 0.318180 2 0.100735 0.322047 2 0.090297 0.326691 2 0.106515 0.329611 2 0.085742 0.339617 2 0.105173 0.332516 2 0.084202 0.352665 2 0.099344 0.337815 2 0.091928 0.340079 2 0.104163 0.333489 2 0.087022 0.339049 2 0.106772 0.350838 2 0.086048 0.352248 2
0 0.638765 0.158069 0.015625 0.067460 0.641724 0.127848 2 0.641730 0.126573 1 0.641176 0.126564 2 0.640958 0.126951 1 0.639423 0.126931 2 0.641193 0.134104 2 0.637094 0.134179 2 0.640304 0.141819 2 0.635342 0.142141 2 0.641223 0.142721 1 0.636180 0.147803 2 0.640618 0.152510 2 0.637485 0.152874 2 0.640894 0.165542 2 0.636390 0.167165 2 0.639784 0.178200 2 0.634251 0.180942 2
0 0.187500 0.138228 0.016369 0.046296 0.186172 0.124225 1 0.186154 0.123199 1 0.186439 0.123141 1 0.185666 0.123754 2 0.188260 0.123343 2 0.184772 0.129961 2 0.189784 0.128928 2 0.183786 0.138027 2 0.191084 0.135880 2 0.183974 0.144646 2 0.190985 0.140575 1 0.186912 0.143840 2 0.190264 0.143510 2 0.187849 0.155343 2 0.190658 0.154328 2 0.188867 0.166136 2 0.190999 0.164435 2
0 0.794271 0.190476 0.018601 0.052910 0.797079 0.172707 1 0.796694 0.171342 1 0.797053 0.171536 1 0.793912 0.171666 2 0.797105 0.172278 2 0.792361 0.178267 2 0.796776 0.179249 2 0.790846 0.184932 2 0.798458 0.186279 2 0.792731 0.185886 1 0.800784 0.185147 1 0.792078 0.194276 2 0.795262 0.194788 2 0.791585 0.204895 2 0.796328 0.205144 2 0.788854 0.215411 2 0.795865 0.215793 2
0 0.427455 0.121032 0.014137 0.051587 0.431102 0.105335 1 0.430888 0.104523 1 0.430969 0.104712 1 0.428731 0.104965 1 0.430806 0.105377 2 0.427324 0.108339 2 0.430795 0.109191 2 0.428589 0.111048 2 0.434309 0.112427 2 0.432227 0.112125 1 0.436113 0.113601 2 0.425620 0.120707 2 0.428488 0.121133 2 0.425251 0.129155 2 0.431884 0.129867 2 0.421081 0.138136 2 0.431640 0.139433 2
0 0.796131 0.229497 0.019345 0.083333 0.806462 0.256175 2 0.806912 0.254654 2 0.805769 0.253915 2 0.806018 0.255142 1 0.803152 0.253408 2 0.804279 0.265330 2 0.798608 0.262690 2 0.804164 0.280243 2 0.795401 0.277518 2 0.805208 0.284077 2 0.801225 0.284522 2 0.800785 0.285973 2 0.796678 0.285433 2 0.804437 0.284804 1 0.797804 0.284364 1 0.801750 0.286541 1 0.795206 0.285850 1
0 0.987723 0.396825 0.023065 0.148148 0.999598 0.350762 1 0.999905 0.348383 1 0.999587 0.348679 1 0.999134 0.349077 1 1.000000 0.349738 1 0.996955 0.359515 2 0.999238 0.360400 1 0.992759 0.372803 1 0.994155 0.373656 1 0.995342 0.382290 1 0.995612 0.383375 1 0.995782 0.392687 2 0.997903 0.393240 2 0.992356 0.420287 2 0.998151 0.422529 2 0.988138 0.445621 2 0.996234 0.447739 2
0 0.973214 0.243386 0.023810 0.066138 0.967343 0.198138 1 0.967734 0.197340 1 0.966849 0.197322 1 0.968627 0.198208 1 0.965623 0.198254 1 0.969711 0.198409 1 0.963952 0.198222 1 0.969118 0.201710 1 0.962930 0.201143 1 0.967005 0.210238 1 0.963233 0.208385 1 0.968876 0.197090 1 0.964909 0.197090 1 0.968280 0.204562 2 0.965011 0.204457 2 0.967106 0.220488 2 0.965336 0.219913 2
0 0.914807 0.197751 0.020089 0.038360 0.918357 0.185824 2 0.919177 0.184180 2 0.917638 0.184340 2 0.920534 0.184652 2 0.916875 0.185019 2 0.922788 0.190484 2 0.915805 0.190831 2 0.923513 0.199728 2 0.913969 0.199107 2 0.916687 0.204739 2 0.912355 0.206152 2 0.921207 0.205311 2 0.916610 0.204715 2 0.920253 0.200723 2 0.911016 0.200433 2 0.914176 0.208328 2 0.911666 0.208414 2
0 0.955729 0.203042 0.020089 0.033069 0.954283 0.199487 2 0.955050 0.197943 2 0.953464 0.198247 2 0.956658 0.196437 2 0.952698 0.197186 1 0.958816 0.199809 2 0.951885 0.200324 2 0.960197 0.207598 2 0.948798 0.206733 2 0.956661 0.210993 2 0.948277 0.211159 2 0.957540 0.213200 2 0.953218 0.212936 2 0.954898 0.216664 2 0.949513 0.217350 2 0.953179 0.221909 1 0.950481 0.222716 1
