0 0.625000 0.466270 0.026786 0.162698 0.623965 0.398392 2 0.625193 0.396153 2 0.625552 0.396893 1 0.627309 0.400529 2 0.632756 0.401446 1 0.622308 0.417442 2 0.636885 0.419960 2 0.616855 0.437577 2 0.638771 0.441422 2 0.611104 0.454898 2 0.637225 0.456274 2 0.621433 0.461825 2 0.631658 0.462709 2 0.615566 0.489173 2 0.629287 0.493391 2 0.615845 0.519633 2 0.629345 0.521719 2
0 0.834449 0.591270 0.049851 0.190476 0.842693 0.532185 2 0.845886 0.530004 2 0.842058 0.526476 2 0.848425 0.526905 2 0.838910 0.518402 2 0.851250 0.536468 2 0.830364 0.530465 2 0.854984 0.564979 2 0.821335 0.554591 2 0.855569 0.587741 2 0.815195 0.578983 2 0.841502 0.587406 2 0.827758 0.584723 2 0.840371 0.625052 2 0.825470 0.625283 2 0.838151 0.643138 2 0.825001 0.661314 2
0 0.552455 0.462963 0.040923 0.164021 0.546606 0.400955 1 0.547219 0.397911 1 0.547564 0.398202 1 0.548092 0.400715 2 0.554215 0.400593 2 0.545713 0.421126 2 0.558114 0.420360 2 0.543415 0.444184 2 0.562113 0.443871 2 0.538247 0.461277 2 0.564367 0.462175 2 0.546561 0.467223 2 0.555445 0.466675 2 0.544891 0.499346 2 0.557265 0.499022 2 0.544294 0.533675 2 0.557786 0.530087 2
0 0.327009 0.515212 0.037946 0.175926 0.325803 0.451681 1 0.324677 0.448437 1 0.325842 0.448437 1 0.317852 0.450455 2 0.327310 0.451326 2 0.314193 0.469666 2 0.328818 0.472815 2 0.313688 0.491011 2 0.333453 0.498037 2 0.319193 0.501429 1 0.337381 0.518382 2 0.317691 0.515254 2 0.328117 0.517295 2 0.319610 0.546025 2 0.330546 0.550656 2 0.320589 0.575851 2 0.333160 0.583818 2
0 0.392113 0.376984 0.034226 0.140212 0.386398 0.318304 2 0.387064 0.315555 2 0.387154 0.315461 1 0.390989 0.316920 2 0.392883 0.316393 1 0.394257 0.334173 2 0.393729 0.330290 2 0.397588 0.354284 2 0.384979 0.341086 2 0.388196 0.362467 2 0.373984 0.347415 2 0.395207 0.371924 2 0.396956 0.369608 2 0.388019 0.400081 2 0.398634 0.399388 2 0.386585 0.433274 2 0.402556 0.427299 2
0 0.331101 0.373016 0.035714 0.134921 0.326117 0.324960 1 0.325893 0.323055 1 0.325429 0.323382 1 0.324807 0.325818 1 0.325902 0.325988 2 0.326635 0.335961 2 0.329892 0.335508 2 0.335624 0.333669 2 0.336319 0.330924 2 0.333421 0.329876 2 0.332873 0.330100 2 0.331407 0.368258 2 0.333554 0.368277 2 0.333477 0.397480 2 0.337543 0.398293 2 0.328738 0.421745 2 0.331817 0.421944 2
0 0.448289 0.400794 0.030506 0.140212 0.444735 0.353392 2 0.445395 0.350964 2 0.445059 0.351120 1 0.448516 0.352685 2 0.451001 0.352660 1 0.448572 0.368541 2 0.453942 0.364812 2 0.445981 0.388647 2 0.449419 0.382710 1 0.441426 0.382737 2 0.442136 0.379235 1 0.447953 0.405767 2 0.453306 0.403371 2 0.443864 0.434090 2 0.458427 0.429048 2 0.444869 0.463922 2 0.466476 0.450136 2
0 0.292039 0.420635 0.030506 0.156085 0.293928 0.366093 1 0.292463 0.363935 1 0.293915 0.363967 1 0.287037 0.365397 1 0.292888 0.366500 2 0.283756 0.381761 2 0.292344 0.385347 2 0.284874 0.401719 2 0.296473 0.404648 2 0.293997 0.410408 1 0.303427 0.413762 2 0.287699 0.421786 2 0.291935 0.425167 2 0.298085 0.443798 2 0.295616 0.453929 2 0.304855 0.468405 2 0.289112 0.482184 2
0 0.134673 0.371693 0.032738 0.124339 0.133830 0.321465 2 0.134180 0.318859 2 0.132217 0.319721 2 0.134609 0.319654 1 0.128576 0.321538 2 0.138227 0.333168 2 0.126000 0.335798 2 0.144187 0.346009 2 0.123222 0.351706 2 0.139640 0.352466 2 0.126925 0.369233 2 0.139780 0.368308 2 0.131345 0.370023 2 0.142533 0.392710 2 0.132109 0.396375 2 0.147986 0.417918 2 0.133435 0.421916 2
0 0.405506 0.300265 0.019345 0.105820 0.392113 0.316885 1 0.392113 0.314757 1 0.392646 0.314472 1 0.392113 0.317371 2 0.396425 0.316115 1 0.394361 0.333786 2 0.397677 0.331788 2 0.398081 0.353281 2 0.399999 0.349163 1 0.392113 0.361996 2 0.395661 0.356344 1 0.396845 0.366275 2 0.398970 0.364557 2 0.392113 0.368106 1 0.393283 0.365452 1 0.394995 0.372777 1 0.395389 0.370686 1
0 0.538318 0.203042 0.018601 0.083333 0.536578 0.171168 1 0.536766 0.169413 1 0.536965 0.169634 1 0.536584 0.170557 2 0.540470 0.170740 2 0.535156 0.180538 2 0.542524 0.181422 2 0.532820 0.190889 2 0.544234 0.194550 2 0.531730 0.201289 2 0.544188 0.204998 2 0.535362 0.203704 2 0.540806 0.203853 2 0.533276 0.221018 2 0.541175 0.221429 2 0.531392 0.238281 2 0.541927 0.237808 2
0 0.956473 0.282407 0.034970 0.117725 0.961532 0.287617 1 0.960502 0.285777 1 0.961829 0.285608 1 0.955937 0.287589 2 0.963156 0.287531 2 0.954444 0.300643 2 0.965582 0.299600 2 0.954637 0.318606 2 0.969486 0.314730 2 0.956990 0.331512 2 0.972320 0.326169 2 0.955645 0.333133 2 0.963050 0.332192 2 0.953243 0.356070 2 0.959359 0.355232 2 0.953513 0.362015 1 0.957632 0.363284 1
0 0.787574 0.274471 0.021577 0.088624 0.791547 0.242826 2 0.791535 0.240915 2 0.790618 0.240803 2 0.790432 0.241704 1 0.787371 0.241282 2 0.789135 0.252446 2 0.783743 0.250513 2 0.789519 0.267086 2 0.780593 0.263354 2 0.792286 0.274942 2 0.786737 0.272033 2 0.786600 0.273742 2 0.782726 0.274130 2 0.795968 0.282543 2 0.790963 0.283798 2 0.790828 0.301614 2 0.785825 0.302898 2
0 0.809524 0.268519 0.025298 0.084656 0.809527 0.241621 2 0.809404 0.239914 2 0.808605 0.240022 2 0.808075 0.240796 1 0.805197 0.241292 2 0.808219 0.248024 2 0.802117 0.251519 2 0.811152 0.261211 2 0.806874 0.264392 2 0.814911 0.269169 2 0.812594 0.272788 2 0.808637 0.270321 2 0.804278 0.273995 2 0.816042 0.274211 2 0.812193 0.285335 2 0.813435 0.291755 2 0.812998 0.307202 2
0 0.968006 0.934524 0.058036 0.123016 0.980871 0.917729 2 0.985470 0.912899 2 0.978322 0.909578 2 0.990016 0.915740 2 0.972339 0.907733 2 0.988486 0.948128 2 0.963427 0.932769 2 0.976179 0.987554 2 0.953584 0.963512 2 0.957690 0.985966 2 0.949401 0.980876 2 0.974025 0.993150 2 0.957064 0.984231 2 0.966892 0.985108 1 0.946187 0.975467 1 0.958366 0.991622 1 0.951704 0.988179 1
0 0.538690 0.320767 0.029762 0.080688 0.539443 0.293815 2 0.540341 0.292138 2 0.538552 0.292421 2 0.542185 0.289407 2 0.537221 0.290118 2 0.545930 0.292185 2 0.535298 0.294024 2 0.551074 0.300013 2 0.533228 0.303612 2 0.547761 0.310296 2 0.535031 0.312789 2 0.544614 0.314379 2 0.537095 0.314868 2 0.545896 0.332656 2 0.534793 0.333819 2 0.546814 0.351366 2 0.532080 0.353604 2
0 0.097470 0.319444 0.017857 0.062169 0.092232 0.301770 2 0.092691 0.299719 2 0.091418 0.300505 2 0.094881 0.296288 2 0.091388 0.298590 1 0.098285 0.298473 2 0.092345 0.302916 2 0.101731 0.307096 2 0.091340 0.316687 2 0.098864 0.310720 2 0.087967 0.330445 2 0.099996 0.314657 2 0.095853 0.316513 2 0.103933 0.322387 2 0.095089 0.324219 2 0.105190 0.338239 2 0.095331 0.338140 2
0 0.607887 0.140212 0.013393 0.068783 0.608218 0.118571 2 0.608704 0.117234 2 0.607506 0.117259 2 0.609043 0.117742 1 0.606268 0.117743 2 0.609744 0.124405 2 0.604674 0.124969 2 0.610685 0.133284 2 0.603863 0.134344 2 0.611413 0.141651 2 0.604959 0.142542 2 0.609413 0.142046 2 0.606044 0.142646 2 0.609665 0.154348 2 0.605730 0.155968 2 0.608100 0.167358 2 0.605605 0.169067 2
0 0.215402 0.218254 0.017113 0.037037 0.215888 0.216111 1 0.216306 0.215418 1 0.215326 0.215616 1 0.217050 0.214105 1 0.214494 0.214549 2 0.218604 0.214829 2 0.213442 0.214938 2 0.219482 0.222456 2 0.212518 0.221759 2 0.218306 0.227559 2 0.212916 0.227353 2 0.218070 0.222279 2 0.214602 0.222225 2 0.217734 0.224770 2 0.213292 0.224980 2 0.217194 0.231673 2 0.212469 0.231899 2
0 0.177455 0.134259 0.014137 0.056878 0.182703 0.119831 1 0.182416 0.119019 1 0.182710 0.118946 1 0.181078 0.120022 1 0.182971 0.119808 2 0.180845 0.126248 2 0.182599 0.125430 2 0.182692 0.130879 1 0.185507 0.128871 2 0.185170 0.129179 1 0.185654 0.125518 1 0.181647 0.139686 2 0.182330 0.139703 2 0.185080 0.149367 2 0.184421 0.149443 2 0.183222 0.159238 2 0.180226 0.157788 2
0 0.776042 0.181217 0.016369 0.060847 0.774737 0.163513 1 0.774913 0.162487 1 0.775242 0.162501 1 0.775231 0.163299 2 0.778083 0.163041 2 0.774658 0.169636 2 0.779228 0.168684 2 0.772286 0.175366 2 0.780970 0.173945 2 0.772616 0.173933 2 0.779427 0.177161 2 0.775445 0.183205 2 0.778423 0.182693 2 0.775053 0.193861 2 0.777684 0.193743 2 0.774927 0.204646 2 0.778603 0.203905 2
0 0.411086 0.116402 0.017113 0.055556 0.410280 0.094883 1 0.410348 0.093826 1 0.410543 0.093875 1 0.409971 0.094356 2 0.412501 0.094304 2 0.409098 0.100490 2 0.413780 0.099989 2 0.408065 0.107230 2 0.415420 0.106014 2 0.408484 0.109694 2 0.414323 0.109673 2 0.409694 0.115200 2 0.412764 0.114879 2 0.409464 0.126366 2 0.411953 0.126208 2 0.410007 0.137155 2 0.412253 0.136285 2
0 0.831845 0.176587 0.014881 0.051587 0.832217 0.159091 2 0.832730 0.158154 2 0.832139 0.158180 1 0.833939 0.159152 2 0.832752 0.159212 1 0.835556 0.165491 2 0.832015 0.165941 2 0.837264 0.171864 2 0.831383 0.173301 2 0.835899 0.177985 2 0.830758 0.179948 2 0.833618 0.180812 2 0.831464 0.180635 2 0.832353 0.190148 2 0.831267 0.189848 2 0.831792 0.198829 2 0.831619 0.198519 2
0 0.958333 0.320767 0.041667 0.136243 0.962228 0.288129 1 0.961236 0.285969 1 0.962316 0.286123 1 0.956497 0.287360 2 0.963557 0.287830 2 0.954429 0.300150 2 0.965698 0.299528 2 0.953564 0.317391 2 0.970683 0.314945 2 0.955843 0.328084 2 0.972518 0.325502 2 0.955013 0.333823 2 0.962698 0.332967 2 0.951571 0.360005 2 0.959763 0.358527 2 0.948470 0.384720 2 0.957329 0.383324 2
0 0.744420 0.140212 0.017113 0.052910 0.751707 0.116762 2 0.752152 0.115827 2 0.751113 0.115563 2 0.752380 0.116747 1 0.749704 0.116144 2 0.752497 0.123621 2 0.747103 0.122441 2 0.753290 0.130872 2 0.743767 0.129449 2 0.752705 0.132611 2 0.742660 0.138111 2 0.749781 0.140424 2 0.746249 0.139832 2 0.748762 0.152350 2 0.744876 0.152457 2 0.747894 0.161300 1 0.743778 0.160806 2
0 0.955729 0.171958 0.020089 0.066138 0.952353 0.158226 2 0.952342 0.156662 2 0.952499 0.156432 1 0.953818 0.154866 2 0.955579 0.154180 1 0.955112 0.161445 2 0.960145 0.159911 2 0.953502 0.171365 2 0.963382 0.167676 2 0.951543 0.179315 2 0.961213 0.173644 2 0.955209 0.180887 2 0.958242 0.179554 2 0.953296 0.193394 2 0.954024 0.192355 2 0.954433 0.206855 2 0.953112 0.207445 2
0 0.905878 0.187831 0.020089 0.039683 0.905538 0.177913 2 0.906208 0.176109 2 0.904800 0.176424 2 0.907387 0.175928 2 0.903993 0.176656 2 0.908970 0.181137 2 0.902446 0.181493 2 0.907626 0.190700 2 0.900028 0.189801 2 0.901951 0.195021 2 0.900506 0.193732 2 0.907571 0.196485 2 0.903136 0.196269 2 0.907302 0.192868 2 0.898290 0.193249 2 0.900825 0.199516 1 0.898911 0.198859 1
0 0.941592 0.192460 0.020089 0.033069 0.939627 0.187112 2 0.940351 0.185356 2 0.938838 0.185681 2 0.941766 0.184718 2 0.937976 0.185448 2 0.944130 0.190384 2 0.936634 0.190660 2 0.944744 0.199815 2 0.934301 0.198815 2 0.939895 0.199998 2 0.935069 0.202221 2 0.942835 0.205280 2 0.937820 0.205153 2 0.943211 0.204803 2 0.934354 0.205427 2 0.939974 0.212902 1 0.935219 0.213350 1
