0 0.457961 0.875000 0.043899 0.160053 0.455982 0.822098 2 0.458101 0.818213 2 0.454004 0.817437 2 0.459689 0.818287 2 0.449725 0.816196 2 0.464901 0.834241 2 0.445784 0.837398 2 0.469029 0.858312 2 0.439220 0.862852 2 0.472705 0.883296 2 0.440415 0.887746 2 0.461667 0.885085 2 0.449568 0.887514 2 0.464114 0.915244 2 0.451217 0.924797 2 0.457343 0.927782 2 0.453590 0.956624 2
0 0.318824 0.561508 0.015625 0.064815 0.315005 0.523679 2 0.314970 0.522176 1 0.314469 0.522251 2 0.313795 0.521951 1 0.312866 0.522205 2 0.313403 0.528768 2 0.311678 0.529664 2 0.314902 0.537786 1 0.311485 0.540994 2 0.316840 0.541309 1 0.313493 0.550893 2 0.313893 0.550308 2 0.312736 0.551006 2 0.314093 0.568285 2 0.312505 0.569144 2 0.314035 0.585874 2 0.311577 0.586753 2
0 0.311384 0.552910 0.014137 0.089947 0.314706 0.522140 1 0.314803 0.520613 1 0.314081 0.520661 2 0.313967 0.520730 1 0.312670 0.520903 2 0.314136 0.527943 2 0.311611 0.528447 2 0.315313 0.537608 1 0.311577 0.539104 2 0.317128 0.542176 1 0.313274 0.549043 2 0.314340 0.549262 2 0.312715 0.549706 2 0.314653 0.567159 2 0.312882 0.568005 2 0.313242 0.586286 2 0.311531 0.588095 2
0 0.331845 0.556217 0.014881 0.062169 0.330325 0.536287 1 0.330278 0.534978 1 0.330694 0.534908 1 0.329522 0.535906 2 0.333041 0.535606 2 0.328938 0.544038 2 0.334352 0.543577 2 0.328102 0.552071 2 0.336234 0.551003 2 0.329179 0.556381 1 0.334114 0.554128 2 0.331019 0.560219 2 0.334724 0.560058 2 0.332227 0.572220 2 0.335170 0.572156 2 0.332621 0.583336 2 0.336197 0.583350 2
0 0.334821 0.479497 0.014881 0.051587 0.333268 0.465810 1 0.333116 0.464965 1 0.333584 0.464802 1 0.332351 0.466170 2 0.335472 0.465494 2 0.332767 0.472680 2 0.336960 0.470919 2 0.331982 0.479586 2 0.339292 0.475278 2 0.331091 0.485094 2 0.338941 0.477587 2 0.334730 0.485791 2 0.337420 0.484945 2 0.335076 0.494432 2 0.337243 0.493221 2 0.334794 0.502069 2 0.337502 0.501879 2
0 0.399926 0.525794 0.029018 0.059524 0.387271 0.489875 2 0.387684 0.488512 2 0.387140 0.488538 2 0.389695 0.487817 2 0.388555 0.487799 1 0.391351 0.491852 2 0.390640 0.491422 2 0.386807 0.498571 2 0.386780 0.497281 2 0.384035 0.498245 2 0.384648 0.498609 2 0.395931 0.508523 2 0.395239 0.507843 2 0.387457 0.499974 2 0.387307 0.499129 2 0.390579 0.512952 2 0.390708 0.512999 2
0 0.469494 0.445767 0.019345 0.084656 0.471161 0.411376 1 0.470974 0.409561 1 0.471551 0.409548 1 0.469181 0.410941 2 0.473838 0.410836 2 0.467515 0.422132 2 0.475880 0.421909 2 0.466055 0.434049 2 0.477597 0.434516 2 0.468680 0.439222 2 0.476839 0.442123 2 0.469526 0.444397 2 0.475078 0.444231 2 0.470634 0.462867 2 0.474257 0.462124 2 0.471695 0.479825 2 0.473885 0.479682 2
0 0.386533 0.494709 0.023065 0.037037 0.387217 0.489956 2 0.387748 0.488602 2 0.386979 0.488822 2 0.389779 0.488018 2 0.388167 0.488356 1 0.390830 0.492406 2 0.390380 0.492114 2 0.386404 0.497931 2 0.385737 0.496394 2 0.383514 0.497748 2 0.383780 0.497392 2 0.395754 0.508074 2 0.395362 0.507533 2 0.387497 0.500640 2 0.388014 0.499626 2 0.391157 0.513083 2 0.391184 0.512114 2
0 0.393973 0.488757 0.018601 0.038360 0.387443 0.489191 2 0.388133 0.487855 2 0.387043 0.487990 2 0.390030 0.487710 2 0.387596 0.487777 1 0.391022 0.492817 2 0.388909 0.492650 2 0.387681 0.499473 2 0.385332 0.499204 2 0.386127 0.499412 2 0.385847 0.503344 2 0.396515 0.507786 2 0.395036 0.507567 2 0.387697 0.499929 2 0.387781 0.499627 2 0.390496 0.511830 2 0.390337 0.511420 2
0 0.396949 0.470899 0.021577 0.039683 0.387067 0.489053 2 0.387809 0.487585 2 0.386821 0.487555 2 0.390128 0.487151 2 0.387817 0.486851 1 0.391443 0.493187 2 0.389388 0.492665 2 0.390053 0.497895 1 0.386540 0.496655 1 0.386503 0.496583 1 0.384898 0.495268 1 0.394775 0.497933 1 0.393515 0.497933 1 0.389417 0.495196 1 0.389894 0.494400 1 0.390687 0.497086 1 0.391210 0.497238 1
0 0.516741 0.470899 0.026042 0.084656 0.512929 0.439391 2 0.514030 0.437763 2 0.512152 0.437440 2 0.515796 0.438230 2 0.510996 0.437679 2 0.518608 0.446161 2 0.508808 0.446580 2 0.521469 0.455844 2 0.506593 0.457113 2 0.522366 0.468091 2 0.506963 0.466952 2 0.518979 0.469834 2 0.511733 0.470373 2 0.522841 0.484559 2 0.508992 0.484907 2 0.527266 0.498644 2 0.513226 0.499827 2
0 0.488095 0.470238 0.016369 0.085979 0.488437 0.440091 2 0.489356 0.438042 2 0.487277 0.438706 2 0.491240 0.438404 2 0.486093 0.439977 2 0.494360 0.448377 2 0.485490 0.449464 2 0.495736 0.459184 2 0.486231 0.457856 2 0.493423 0.460405 2 0.490858 0.458923 2 0.492939 0.472684 2 0.486806 0.473059 2 0.492414 0.488217 2 0.487080 0.489822 2 0.491637 0.502706 2 0.486830 0.505232 2
0 0.438988 0.349206 0.014881 0.066138 0.436102 0.358112 2 0.436786 0.356568 2 0.435439 0.356744 2 0.438338 0.356233 2 0.435107 0.356728 1 0.440350 0.363279 2 0.434460 0.362913 2 0.441277 0.373074 2 0.431563 0.369483 2 0.439885 0.381832 2 0.430070 0.370095 2 0.439830 0.380614 2 0.436199 0.380372 2 0.438587 0.390862 2 0.436372 0.391308 2 0.439341 0.395503 1 0.438034 0.395503 1
0 0.566220 0.333995 0.013393 0.064815 0.567822 0.307308 2 0.568443 0.306022 2 0.567177 0.306162 2 0.569440 0.305676 2 0.566212 0.305870 2 0.570625 0.311636 2 0.564659 0.310829 2 0.571888 0.318767 2 0.563343 0.319010 2 0.570304 0.325201 2 0.564211 0.324964 2 0.569654 0.326667 2 0.565443 0.325954 2 0.570331 0.337975 2 0.564150 0.334157 2 0.570674 0.350190 2 0.563914 0.342961 2
0 0.427083 0.387566 0.011905 0.050265 0.429132 0.364963 2 0.429521 0.363915 2 0.429100 0.364041 1 0.431356 0.363890 2 0.430323 0.364231 1 0.432893 0.368717 2 0.430624 0.369025 2 0.431542 0.375973 2 0.429359 0.375815 2 0.428368 0.380543 2 0.427868 0.379234 2 0.432544 0.384916 2 0.430919 0.384847 2 0.431793 0.396498 2 0.430240 0.396858 2 0.431573 0.407744 2 0.430127 0.407879 2
0 0.431920 0.380952 0.011161 0.052910 0.435684 0.358923 2 0.436318 0.357219 2 0.435326 0.357334 2 0.438169 0.356120 2 0.435758 0.356376 1 0.439023 0.362589 2 0.436177 0.362737 2 0.438727 0.372224 1 0.435438 0.371846 1 0.437732 0.377969 1 0.434899 0.377439 1 0.439205 0.378979 1 0.437498 0.379000 2 0.438736 0.389672 2 0.437804 0.389855 2 0.439034 0.402270 2 0.438965 0.401819 2
0 0.352307 0.488757 0.014137 0.056878 0.348852 0.472380 1 0.348761 0.471003 1 0.349162 0.470456 1 0.349118 0.471267 2 0.352379 0.469582 2 0.350081 0.480042 2 0.354973 0.475609 2 0.348459 0.488624 2 0.357830 0.478032 2 0.347218 0.488405 2 0.354934 0.476689 1 0.352960 0.495384 2 0.356068 0.493442 2 0.353622 0.506408 2 0.355448 0.505047 2 0.353501 0.516721 2 0.356377 0.515906 2
