0 0.523438 0.544312 0.011905 0.048942 0.521850 0.538101 2 0.522286 0.537200 2 0.521497 0.537160 2 0.523196 0.536206 2 0.521208 0.535975 1 0.524648 0.539294 2 0.520818 0.537225 2 0.524078 0.546184 2 0.518248 0.539638 2 0.522875 0.550345 2 0.516736 0.543735 2 0.523239 0.549808 2 0.520706 0.548538 2 0.521691 0.556670 2 0.519005 0.555021 2 0.521213 0.563658 2 0.519126 0.562905 2
0 0.476749 0.502646 0.015253 0.044974 0.475964 0.502224 2 0.476311 0.501483 2 0.475666 0.501537 1 0.477175 0.500771 2 0.475520 0.500886 1 0.478409 0.502976 2 0.475537 0.502174 2 0.479049 0.507623 2 0.474031 0.504883 2 0.477854 0.511077 2 0.472328 0.506441 2 0.477517 0.510385 2 0.475623 0.509477 2 0.475404 0.513077 2 0.472808 0.511652 2 0.475182 0.517540 1 0.472787 0.515932 1
0 0.576823 0.310516 0.006324 0.027116 0.578361 0.303311 1 0.578304 0.302821 1 0.578409 0.302876 1 0.577758 0.302606 2 0.578860 0.302824 2 0.576938 0.304612 2 0.579199 0.305024 2 0.575783 0.307610 2 0.579564 0.308425 2 0.575970 0.309528 2 0.579336 0.310836 2 0.577081 0.311393 2 0.578584 0.311568 2 0.577029 0.315934 2 0.578290 0.316367 2 0.576774 0.320441 2 0.577775 0.320554 2
0 0.094308 0.625992 0.011533 0.045635 0.093697 0.612511 2 0.093967 0.611360 2 0.093058 0.611928 2 0.094622 0.611242 2 0.092439 0.612765 2 0.096974 0.614527 2 0.092006 0.617060 2 0.100395 0.617322 2 0.088750 0.618275 2 0.098708 0.620249 2 0.090585 0.623167 2 0.097461 0.627475 2 0.094526 0.629234 2 0.098923 0.633540 2 0.095621 0.639769 2 0.099202 0.641018 2 0.097739 0.649652 2
0 0.109747 0.681878 0.015625 0.050265 0.107432 0.667927 1 0.107357 0.667291 1 0.107514 0.667130 1 0.106744 0.668105 2 0.108976 0.667443 2 0.106076 0.673787 2 0.111244 0.671248 2 0.105211 0.678304 2 0.113318 0.676983 2 0.105501 0.672712 2 0.112960 0.678051 2 0.109089 0.686125 2 0.112487 0.684584 2 0.110190 0.695444 2 0.113511 0.690001 2 0.111950 0.704493 2 0.114251 0.696739 2
0 0.094680 0.575066 0.012277 0.040344 0.094291 0.560724 2 0.094713 0.559667 2 0.093942 0.559938 2 0.095902 0.558953 2 0.093840 0.559678 1 0.097825 0.562631 2 0.092905 0.562938 2 0.100278 0.567359 2 0.092068 0.568077 2 0.099992 0.573349 2 0.092043 0.573737 2 0.097914 0.575088 2 0.094530 0.575148 2 0.099166 0.583624 2 0.093814 0.582406 2 0.100495 0.592146 2 0.096149 0.587879 2
0 0.755952 0.777778 0.019345 0.052910 0.756031 0.760906 2 0.756553 0.760014 2 0.755866 0.760026 2 0.758039 0.760195 2 0.756123 0.760207 1 0.759414 0.765233 2 0.756037 0.764854 2 0.760368 0.771823 2 0.754980 0.770713 2 0.759787 0.778444 2 0.753885 0.773570 2 0.757859 0.778179 2 0.755457 0.777526 2 0.757082 0.787705 2 0.753754 0.786280 2 0.757058 0.797427 2 0.752132 0.795902 2
0 0.789993 0.720899 0.012277 0.038360 0.789955 0.713434 2 0.790409 0.712575 2 0.789487 0.712498 2 0.790905 0.712384 2 0.788573 0.712114 2 0.791608 0.716100 2 0.787190 0.714362 2 0.791781 0.723159 2 0.784339 0.717558 2 0.788899 0.726645 2 0.786387 0.715033 2 0.790073 0.726400 2 0.787056 0.725395 2 0.790000 0.732198 2 0.784738 0.731073 2 0.789260 0.742062 2 0.784593 0.740952 2
0 0.789435 0.743056 0.014137 0.048280 0.792439 0.726439 2 0.793139 0.725848 2 0.792207 0.725500 2 0.794308 0.726777 2 0.791961 0.725892 2 0.795440 0.731966 2 0.790607 0.730216 2 0.796662 0.738171 2 0.788524 0.734599 2 0.795676 0.740722 2 0.787406 0.740385 2 0.792719 0.744125 2 0.789542 0.742998 2 0.791685 0.752633 2 0.788400 0.751161 2 0.790666 0.759667 2 0.787576 0.758934 2
0 0.861979 0.574735 0.010417 0.044974 0.861272 0.561251 1 0.861356 0.560265 1 0.861641 0.560596 1 0.860946 0.560692 2 0.863227 0.561324 2 0.859371 0.565502 2 0.864014 0.566878 2 0.857146 0.571593 2 0.864257 0.574185 2 0.855472 0.577320 2 0.863761 0.580014 2 0.858738 0.577125 2 0.861692 0.577624 2 0.858075 0.584161 2 0.859642 0.585425 2 0.857694 0.592133 2 0.857808 0.593192 2
0 0.851935 0.572751 0.015625 0.054233 0.851489 0.554131 1 0.851611 0.553221 1 0.852064 0.553595 1 0.851453 0.553991 2 0.854138 0.554715 2 0.849986 0.558467 2 0.854519 0.560661 2 0.847665 0.563416 2 0.854359 0.567408 2 0.845704 0.567721 2 0.854326 0.572124 2 0.849065 0.570292 2 0.851949 0.571364 2 0.849038 0.577379 2 0.850919 0.579906 2 0.848396 0.584710 2 0.848934 0.587646 2
0 0.275298 0.809854 0.013393 0.048280 0.273416 0.794562 1 0.273348 0.793739 1 0.273581 0.793556 1 0.272340 0.794407 2 0.274845 0.793793 2 0.271286 0.800466 2 0.276383 0.798789 2 0.270690 0.805929 2 0.279196 0.805698 2 0.272602 0.807222 2 0.281219 0.809545 2 0.273690 0.812191 2 0.277079 0.811190 2 0.275191 0.821197 2 0.278092 0.816546 2 0.276689 0.830671 2 0.279363 0.824308 2
0 0.286830 0.785053 0.016369 0.055556 0.284521 0.766600 1 0.284526 0.765632 1 0.284681 0.765331 1 0.284131 0.766574 2 0.286487 0.765567 2 0.283908 0.774613 2 0.288386 0.770861 2 0.283348 0.782282 2 0.290193 0.771599 2 0.283543 0.787641 2 0.288718 0.770012 2 0.285733 0.786686 2 0.288728 0.785028 2 0.287167 0.794879 2 0.289344 0.792332 2 0.288325 0.802519 2 0.290441 0.799527 2
0 0.308594 0.625661 0.012277 0.039683 0.307835 0.612983 2 0.308039 0.611782 2 0.307181 0.612378 2 0.308791 0.611929 2 0.307043 0.613306 2 0.311402 0.617670 2 0.307255 0.617950 2 0.314228 0.623020 2 0.307519 0.623905 1 0.313808 0.630792 2 0.307007 0.627175 1 0.311115 0.631744 2 0.308732 0.631247 2 0.310001 0.642019 2 0.310182 0.638221 2 0.310632 0.649428 2 0.314325 0.641638 2
0 0.301525 0.622024 0.009301 0.041667 0.299314 0.607896 2 0.299692 0.607047 2 0.299175 0.607105 1 0.300806 0.606776 2 0.299451 0.606951 1 0.303127 0.610345 2 0.299297 0.610742 2 0.305629 0.616325 2 0.298418 0.612316 2 0.304325 0.621805 2 0.298399 0.608720 2 0.303311 0.622831 2 0.300621 0.623297 2 0.304432 0.630631 2 0.300389 0.632675 2 0.305309 0.638386 2 0.300717 0.642056 2
0 0.224516 0.611442 0.013765 0.048280 0.221465 0.595112 1 0.221661 0.594485 1 0.221788 0.594180 1 0.222292 0.595159 2 0.224160 0.594139 2 0.222087 0.600418 2 0.226558 0.597463 2 0.221772 0.606516 2 0.227303 0.598366 2 0.221065 0.601937 2 0.224364 0.596859 1 0.223891 0.611302 2 0.227004 0.610124 2 0.223488 0.616458 2 0.226759 0.616897 2 0.225445 0.624360 2 0.227565 0.625640 2
0 0.324219 0.804894 0.020461 0.044974 0.326027 0.787124 1 0.325796 0.786480 1 0.325908 0.786425 1 0.323751 0.787911 2 0.326423 0.787428 2 0.322820 0.793410 2 0.328688 0.791187 2 0.319988 0.794812 2 0.330302 0.787945 2 0.320819 0.789947 2 0.328241 0.784501 2 0.324171 0.809401 2 0.328452 0.808343 2 0.321164 0.812112 2 0.328316 0.810298 2 0.319613 0.825116 2 0.328987 0.825385 2
0 0.598214 0.854497 0.015625 0.050265 0.602499 0.839621 1 0.602386 0.838392 1 0.602650 0.838799 1 0.600786 0.838558 2 0.603642 0.839769 2 0.598129 0.843830 2 0.604133 0.846705 2 0.595911 0.848950 2 0.605314 0.855524 2 0.596782 0.852433 1 0.606152 0.861504 2 0.596911 0.859451 2 0.600888 0.860637 2 0.596319 0.869630 2 0.599925 0.871508 2 0.595045 0.880575 2 0.597603 0.881310 2
0 0.446987 0.435847 0.009301 0.037037 0.447156 0.424387 2 0.447482 0.423733 2 0.446808 0.423826 2 0.447963 0.423261 2 0.446253 0.423401 2 0.448976 0.426207 2 0.445396 0.426086 2 0.449767 0.431847 2 0.444735 0.431081 2 0.449263 0.437443 2 0.444955 0.436508 2 0.448668 0.436673 2 0.446226 0.436645 2 0.449027 0.444276 2 0.446214 0.443995 2 0.449137 0.451601 2 0.446056 0.451128 2
0 0.449777 0.383598 0.010417 0.039683 0.452027 0.371327 1 0.451648 0.370657 1 0.452027 0.370606 1 0.450077 0.370837 1 0.451879 0.370938 2 0.449221 0.374943 2 0.452094 0.375174 2 0.448894 0.379834 2 0.453061 0.379698 2 0.449541 0.383313 2 0.454203 0.382598 2 0.450054 0.384135 2 0.451688 0.384375 2 0.451055 0.390656 2 0.450734 0.391437 2 0.451931 0.396036 2 0.449306 0.397308 2
