0 0.556920 0.564815 0.018601 0.097884 0.552018 0.529048 1 0.551155 0.527239 1 0.551988 0.527101 1 0.547159 0.528072 1 0.551422 0.528208 2 0.545156 0.537662 2 0.550622 0.538628 2 0.548053 0.548240 1 0.553505 0.550509 2 0.554324 0.547009 1 0.556478 0.548527 2 0.547409 0.562497 2 0.551058 0.563464 2 0.550132 0.582717 2 0.551894 0.584209 2 0.550033 0.602810 2 0.550426 0.604014 2
0 0.553943 0.541005 0.033482 0.071429 0.552021 0.528224 1 0.551091 0.526640 1 0.552072 0.526538 1 0.547179 0.527261 1 0.551596 0.527634 2 0.544990 0.536318 2 0.550071 0.537301 2 0.548216 0.547038 2 0.552777 0.547495 2 0.554987 0.545719 1 0.556663 0.547189 2 0.547436 0.561587 2 0.550371 0.563185 2 0.553894 0.578220 2 0.552142 0.582767 2 0.555171 0.585437 1 0.550263 0.588933 1
0 0.404390 0.419974 0.011161 0.046296 0.399566 0.406477 1 0.399806 0.405490 1 0.399534 0.405568 1 0.400763 0.405463 2 0.400436 0.405617 1 0.402253 0.410336 2 0.400636 0.410259 2 0.402766 0.415765 2 0.399124 0.415087 2 0.399998 0.417228 2 0.398152 0.416396 1 0.401951 0.422073 2 0.401001 0.421815 2 0.401909 0.430427 2 0.401308 0.430113 2 0.402233 0.438559 2 0.401824 0.438452 2
0 0.528274 0.491402 0.014881 0.075397 0.526264 0.484365 1 0.525617 0.482964 1 0.526189 0.482928 1 0.522240 0.483529 2 0.525926 0.483771 2 0.519853 0.491783 2 0.527314 0.491830 2 0.518420 0.501707 2 0.529078 0.502103 2 0.518440 0.510481 2 0.528860 0.509003 1 0.521165 0.511485 2 0.526385 0.511411 2 0.522081 0.527850 2 0.527748 0.526614 2 0.522849 0.541089 2 0.528284 0.539808 2
0 0.539062 0.483466 0.017113 0.075397 0.537001 0.461648 2 0.537725 0.460254 2 0.536393 0.460242 2 0.538979 0.459718 2 0.535527 0.459716 2 0.541133 0.465794 2 0.533678 0.466745 2 0.544864 0.470275 2 0.531292 0.473213 2 0.542835 0.476170 2 0.532378 0.477911 2 0.539905 0.484414 2 0.534941 0.484838 2 0.540364 0.496521 1 0.535289 0.496342 1 0.541245 0.503150 1 0.534471 0.502453 1
0 0.459449 0.526455 0.017113 0.089947 0.460429 0.496325 1 0.459953 0.494737 1 0.460517 0.494593 1 0.456839 0.495572 2 0.461016 0.495359 2 0.454369 0.504689 2 0.462400 0.504388 2 0.452731 0.517487 2 0.464899 0.515384 2 0.453074 0.526644 2 0.465178 0.520014 2 0.456038 0.525536 2 0.461251 0.525699 2 0.457597 0.544262 2 0.461149 0.544489 2 0.458598 0.561453 2 0.460256 0.562393 2
0 0.486979 0.550926 0.023065 0.099206 0.489506 0.516177 1 0.488610 0.514377 1 0.489356 0.514283 1 0.484068 0.515244 2 0.489161 0.515474 2 0.480806 0.526823 2 0.491111 0.526479 2 0.478993 0.540960 2 0.493480 0.540890 2 0.481325 0.549282 2 0.493450 0.551368 2 0.483240 0.554021 2 0.490242 0.553805 2 0.484380 0.574094 2 0.490120 0.572500 2 0.485428 0.593255 2 0.489572 0.591422 2
0 0.486235 0.525794 0.018601 0.096561 0.488974 0.516365 1 0.488336 0.514534 1 0.488988 0.514474 1 0.484374 0.515530 2 0.489360 0.515797 2 0.481107 0.527044 2 0.490888 0.526777 2 0.478995 0.540119 2 0.493246 0.539938 2 0.481289 0.546989 2 0.493225 0.550469 2 0.483358 0.553642 2 0.489897 0.553626 2 0.485174 0.575151 2 0.489706 0.574118 2 0.486523 0.592078 2 0.489245 0.590013 2
0 0.501488 0.517857 0.014881 0.067460 0.491808 0.490780 1 0.491797 0.488983 1 0.491542 0.489110 1 0.491298 0.490226 1 0.491822 0.490521 1 0.492297 0.501172 1 0.492967 0.501508 2 0.495732 0.514627 1 0.495553 0.514998 2 0.496104 0.525804 1 0.496018 0.525624 2 0.491509 0.528404 1 0.492020 0.528128 2 0.491718 0.549981 1 0.492024 0.549129 2 0.491642 0.564047 1 0.491823 0.564000 1
0 0.523065 0.511905 0.016369 0.076720 0.526187 0.484319 1 0.525615 0.482983 1 0.526191 0.482943 1 0.522382 0.483689 2 0.526214 0.483847 2 0.520167 0.491963 2 0.527295 0.491771 2 0.518269 0.502325 2 0.528579 0.501137 2 0.517680 0.512240 2 0.529527 0.508117 1 0.521427 0.511391 2 0.526425 0.511371 2 0.521868 0.526268 2 0.527539 0.526124 2 0.522631 0.539693 2 0.528289 0.540026 2
0 0.463542 0.509921 0.014881 0.078042 0.460581 0.495179 1 0.460043 0.493572 1 0.460787 0.493666 1 0.456901 0.494551 1 0.461338 0.494978 2 0.454744 0.503653 2 0.462356 0.503910 2 0.453339 0.514960 2 0.464527 0.514239 2 0.453125 0.522992 1 0.465001 0.520642 2 0.456392 0.525480 2 0.461359 0.525716 2 0.457924 0.545539 2 0.461352 0.545482 2 0.458744 0.562106 2 0.460970 0.562147 2
0 0.440848 0.508598 0.017113 0.088624 0.440584 0.476768 1 0.440094 0.475193 1 0.440492 0.475090 1 0.437085 0.476169 2 0.440956 0.476059 2 0.435390 0.486561 2 0.442994 0.485747 2 0.435154 0.498648 2 0.444972 0.496866 2 0.436970 0.507731 2 0.442990 0.505576 2 0.437122 0.507823 2 0.442419 0.507487 2 0.438908 0.525724 2 0.442770 0.524672 2 0.440327 0.542794 2 0.443085 0.542427 2
0 0.785342 0.818122 0.037946 0.175926 0.795412 0.758560 2 0.795450 0.755404 2 0.794310 0.754848 2 0.792336 0.756767 1 0.788484 0.755129 2 0.795834 0.771439 2 0.779191 0.773517 2 0.798686 0.792662 2 0.774055 0.794755 2 0.802985 0.812260 2 0.774900 0.817759 2 0.792115 0.819732 2 0.782105 0.822109 2 0.789339 0.850794 2 0.783769 0.860548 2 0.777897 0.870332 2 0.787070 0.893670 2
0 0.758929 0.783730 0.031250 0.149471 0.761271 0.725578 2 0.762504 0.723122 2 0.759663 0.722983 2 0.764042 0.724133 2 0.756502 0.723552 2 0.765348 0.739214 2 0.751735 0.736966 2 0.769113 0.755698 2 0.747787 0.754062 2 0.772488 0.770353 2 0.746498 0.769051 2 0.762729 0.778237 2 0.753349 0.777168 2 0.763134 0.809731 2 0.750861 0.807141 2 0.764632 0.842226 2 0.750886 0.835162 2
0 0.731399 0.785053 0.031250 0.107143 0.727153 0.750244 2 0.728728 0.748097 2 0.725764 0.747646 2 0.730836 0.749540 2 0.723816 0.748483 2 0.732385 0.760508 2 0.722372 0.760792 2 0.737926 0.767579 2 0.720638 0.772234 2 0.744000 0.769880 2 0.721776 0.785250 2 0.730287 0.788512 2 0.723933 0.788804 2 0.730965 0.804820 2 0.723115 0.806967 2 0.728703 0.816217 2 0.723417 0.821910 2
0 0.613839 0.587963 0.016369 0.104497 0.610322 0.551502 1 0.610611 0.549603 1 0.610898 0.549456 1 0.611748 0.550816 2 0.614732 0.549901 1 0.613570 0.562763 2 0.616992 0.559347 2 0.615345 0.576545 2 0.620711 0.566309 2 0.613758 0.581737 2 0.618071 0.571752 1 0.613977 0.590645 2 0.615887 0.588978 2 0.615209 0.613592 2 0.614917 0.612256 2 0.616349 0.634162 2 0.614889 0.632813 2
