0 0.949405 0.309524 0.029762 0.100529 0.961717 0.256618 1 0.960877 0.254580 1 0.961480 0.254956 1 0.955835 0.254529 1 0.959952 0.256300 2 0.950869 0.263980 2 0.958319 0.267855 2 0.947442 0.276771 2 0.955447 0.284459 2 0.950743 0.285735 2 0.957745 0.291027 2 0.948012 0.292781 2 0.953073 0.294581 2 0.945976 0.313978 2 0.950465 0.317316 2 0.944039 0.333377 2 0.946998 0.336641 2
0 0.334077 0.154101 0.014881 0.067460 0.334846 0.128217 2 0.335376 0.126815 2 0.334256 0.126841 2 0.336021 0.127665 1 0.333355 0.127626 2 0.336813 0.135271 2 0.332460 0.135164 2 0.336577 0.145974 2 0.332104 0.143495 2 0.331588 0.152905 2 0.333783 0.142614 2 0.337151 0.151522 2 0.334178 0.151820 2 0.337312 0.165258 2 0.335082 0.165755 2 0.337860 0.178970 2 0.335982 0.178988 2
0 0.909226 0.262566 0.023810 0.064815 0.916418 0.263574 1 0.915434 0.261094 1 0.916475 0.261400 1 0.909501 0.260619 2 0.915736 0.262050 2 0.903942 0.272405 2 0.915891 0.275401 2 0.899982 0.287596 2 0.917553 0.294832 2 0.902098 0.293740 1 0.917674 0.304523 1 0.902957 0.304862 2 0.911277 0.306217 2 0.904352 0.304384 1 0.914422 0.304552 1 0.903134 0.306465 1 0.912895 0.306465 1
0 0.560640 0.494048 0.034970 0.146825 0.565121 0.430941 2 0.566592 0.428304 2 0.563636 0.428446 2 0.568337 0.426875 1 0.559957 0.426939 2 0.568233 0.438415 2 0.555475 0.439371 2 0.568847 0.454299 2 0.549851 0.459157 2 0.570068 0.470479 2 0.549699 0.479194 2 0.564480 0.472495 2 0.555342 0.473072 2 0.566854 0.503885 2 0.554484 0.504639 2 0.571295 0.532869 2 0.550757 0.534002 2
0 0.810268 0.292328 0.022321 0.108466 0.809237 0.250283 2 0.810400 0.247878 2 0.808469 0.247970 2 0.812799 0.246320 2 0.807942 0.246354 1 0.816060 0.255979 2 0.806185 0.254524 2 0.818149 0.273044 2 0.802308 0.265325 2 0.814811 0.280001 2 0.803145 0.265898 2 0.811989 0.282880 2 0.805769 0.281695 2 0.806933 0.301372 2 0.802398 0.300627 2 0.805912 0.326060 2 0.802755 0.325906 2
0 0.675223 0.189153 0.017113 0.068783 0.674357 0.160996 1 0.674380 0.159573 1 0.674570 0.159827 1 0.673013 0.160534 2 0.676609 0.160834 2 0.671067 0.168214 2 0.677998 0.168937 2 0.668272 0.176599 2 0.679026 0.178392 2 0.669796 0.181585 2 0.677283 0.183273 2 0.671257 0.187171 2 0.676228 0.187473 2 0.669762 0.201739 2 0.676356 0.202320 2 0.667764 0.216186 2 0.676500 0.216986 2
0 0.700521 0.610450 0.052827 0.205026 0.695547 0.528227 2 0.697538 0.526364 2 0.696758 0.526131 1 0.701780 0.534595 2 0.704087 0.533634 1 0.699135 0.557751 2 0.706806 0.557688 2 0.694171 0.589837 2 0.701369 0.582181 2 0.687608 0.574873 2 0.689851 0.571656 2 0.700100 0.616020 2 0.707323 0.617265 2 0.692135 0.647605 2 0.711528 0.659504 2 0.692237 0.688974 2 0.719182 0.700859 2
0 0.360491 0.517196 0.033482 0.164021 0.363617 0.516461 2 0.363716 0.512734 2 0.361891 0.512724 2 0.361310 0.513759 1 0.356889 0.513944 2 0.358472 0.536195 2 0.352819 0.538237 2 0.359361 0.563776 2 0.351084 0.572223 2 0.365893 0.580720 2 0.358474 0.597998 2 0.359956 0.590691 2 0.356061 0.593045 2 0.363697 0.623688 2 0.358324 0.627912 2 0.359484 0.629079 1 0.352029 0.630002 1
0 0.594122 0.406085 0.034970 0.145503 0.594696 0.358331 2 0.596502 0.355835 2 0.593619 0.355347 2 0.599571 0.356052 2 0.591960 0.355045 2 0.602967 0.370988 2 0.589230 0.369620 2 0.605345 0.390630 2 0.585447 0.384678 2 0.604940 0.408327 2 0.582364 0.399854 2 0.599022 0.409514 2 0.588997 0.408697 2 0.601001 0.435267 2 0.585021 0.435230 2 0.602795 0.458476 2 0.582329 0.461543 2
0 0.182292 0.436508 0.026786 0.150794 0.185282 0.379939 2 0.185330 0.376687 2 0.183333 0.377271 2 0.183415 0.378498 1 0.178433 0.379699 2 0.180443 0.396282 2 0.178492 0.396507 2 0.180971 0.419151 1 0.175283 0.417330 2 0.183547 0.438235 1 0.177066 0.437551 2 0.181946 0.437432 2 0.181352 0.438305 2 0.183241 0.464266 2 0.185927 0.465263 2 0.181217 0.493311 2 0.184277 0.494277 2
0 0.332217 0.458995 0.033482 0.137566 0.338066 0.410595 2 0.338332 0.407084 2 0.336214 0.408114 2 0.337696 0.406493 1 0.331522 0.409177 2 0.338113 0.417843 2 0.328593 0.425508 2 0.339758 0.434453 2 0.328314 0.448048 2 0.342430 0.451670 2 0.331516 0.468906 2 0.338908 0.454162 2 0.332106 0.459150 2 0.342979 0.481679 2 0.333635 0.493194 2 0.343293 0.507648 2 0.333122 0.522652 2
0 0.479539 0.500661 0.033482 0.152116 0.489271 0.454116 2 0.490981 0.451203 2 0.487666 0.451037 2 0.492965 0.449474 1 0.483863 0.448942 2 0.495016 0.460774 2 0.477706 0.461700 2 0.499910 0.477550 2 0.470535 0.481045 2 0.501334 0.496496 2 0.469916 0.501719 2 0.490563 0.498070 2 0.479168 0.498959 2 0.493308 0.528578 2 0.481043 0.531695 2 0.495485 0.560608 2 0.480878 0.566356 2
0 0.359747 0.588624 0.034970 0.171958 0.363790 0.517855 2 0.363470 0.514235 1 0.362191 0.514117 2 0.359756 0.516120 1 0.357051 0.516000 2 0.355562 0.537684 2 0.353884 0.539206 2 0.359126 0.565168 2 0.351106 0.572856 2 0.365281 0.583524 2 0.359221 0.598175 2 0.355847 0.589279 2 0.355716 0.591259 2 0.359776 0.622534 2 0.362638 0.625179 2 0.351233 0.655409 2 0.354113 0.657646 2
0 0.523810 0.662037 0.050595 0.210317 0.521246 0.578861 1 0.519838 0.575083 1 0.521286 0.574873 1 0.512550 0.578114 2 0.523240 0.577556 2 0.510360 0.605026 2 0.529051 0.601105 2 0.507468 0.637228 2 0.535787 0.630518 2 0.505275 0.658247 2 0.529451 0.644975 2 0.515989 0.661727 2 0.528187 0.659006 2 0.515794 0.703558 2 0.523475 0.693215 2 0.522634 0.746954 2 0.527231 0.735010 2
0 0.506696 0.403439 0.026786 0.140212 0.511275 0.350822 2 0.511703 0.347793 2 0.509521 0.348478 2 0.509772 0.348903 1 0.505646 0.349965 2 0.505068 0.364972 2 0.506178 0.365029 2 0.506507 0.385129 1 0.502227 0.387220 2 0.511153 0.397404 1 0.501004 0.405559 2 0.505442 0.405133 2 0.507457 0.405544 2 0.505759 0.433187 2 0.514211 0.431405 2 0.501777 0.462231 2 0.510330 0.457776 2
0 0.220238 0.353836 0.025298 0.128307 0.218667 0.307950 2 0.219653 0.305368 2 0.217384 0.306008 2 0.221694 0.304164 2 0.215678 0.305715 2 0.226040 0.314921 2 0.214786 0.315566 2 0.230762 0.329146 2 0.210848 0.326613 2 0.225199 0.329527 2 0.213168 0.329695 2 0.226230 0.347785 2 0.218612 0.348006 2 0.228180 0.373185 2 0.219234 0.374358 2 0.231880 0.396359 2 0.220247 0.398028 2
0 0.274182 0.327381 0.036458 0.112434 0.267353 0.284525 2 0.268694 0.281903 2 0.266207 0.282358 2 0.271246 0.282910 2 0.265617 0.284227 1 0.272686 0.296212 2 0.269200 0.297068 2 0.275807 0.313391 2 0.269667 0.310308 2 0.275013 0.328480 2 0.266120 0.316004 2 0.272612 0.327223 2 0.270678 0.327103 2 0.270006 0.350673 2 0.270083 0.350929 2 0.276717 0.369610 2 0.276199 0.370298 2
0 0.410714 0.307540 0.019345 0.099206 0.409405 0.270798 2 0.410842 0.269046 2 0.408904 0.268602 2 0.413137 0.270512 2 0.408525 0.269415 1 0.413890 0.281255 2 0.406201 0.280031 2 0.414699 0.292868 2 0.402554 0.290743 2 0.409895 0.286180 2 0.403886 0.289080 2 0.411590 0.307840 2 0.406394 0.307486 2 0.411947 0.327827 2 0.406799 0.328125 2 0.412978 0.348624 2 0.406799 0.349103 2
0 0.558408 0.212963 0.018601 0.084656 0.557095 0.176016 1 0.556870 0.174366 1 0.557219 0.174544 1 0.554155 0.175321 2 0.558310 0.175802 2 0.551167 0.184827 2 0.558797 0.185789 2 0.548365 0.196618 2 0.559537 0.198636 2 0.546951 0.206179 2 0.560405 0.208871 2 0.551660 0.207195 2 0.557088 0.207903 2 0.551704 0.225380 2 0.558640 0.226709 2 0.551371 0.243414 2 0.558706 0.243961 2
0 0.905506 0.304894 0.034226 0.112434 0.917236 0.263094 1 0.916552 0.260447 1 0.916871 0.261030 1 0.910354 0.260332 2 0.915911 0.261985 2 0.905033 0.271973 2 0.916594 0.275942 2 0.899763 0.287132 2 0.917242 0.295071 2 0.900790 0.302019 2 0.918964 0.306616 2 0.903146 0.307975 2 0.911730 0.309506 2 0.898373 0.330805 2 0.911972 0.332489 2 0.891287 0.351658 2 0.909069 0.356306 2
0 0.420759 0.292989 0.023065 0.107143 0.409219 0.270607 2 0.410795 0.268804 2 0.408786 0.268227 2 0.413346 0.271256 2 0.408516 0.269776 1 0.413867 0.283526 2 0.406938 0.281729 2 0.413779 0.295875 2 0.405569 0.293828 1 0.410331 0.289414 2 0.406929 0.294234 1 0.411965 0.308851 2 0.407097 0.308132 2 0.412408 0.327622 2 0.407245 0.326940 2 0.413305 0.348068 2 0.407839 0.347982 2
0 0.794643 0.281085 0.020833 0.085979 0.795619 0.247175 2 0.796154 0.245450 2 0.794872 0.245156 2 0.795408 0.245684 1 0.792087 0.244804 2 0.793228 0.255216 2 0.788579 0.254260 2 0.792194 0.268247 1 0.785457 0.267288 2 0.793925 0.274636 2 0.789572 0.275165 2 0.789819 0.277077 2 0.787171 0.276972 2 0.787385 0.293291 2 0.788101 0.293245 2 0.785441 0.308470 2 0.787622 0.309079 2
0 0.495908 0.191138 0.017113 0.043651 0.501899 0.191361 2 0.502227 0.190484 2 0.501985 0.190272 2 0.502252 0.189573 2 0.501777 0.189218 2 0.500852 0.192706 2 0.499167 0.192209 2 0.499262 0.200247 2 0.496513 0.200662 2 0.500507 0.203198 2 0.497589 0.203462 2 0.493766 0.196459 2 0.492555 0.195725 2 0.492127 0.200493 2 0.491193 0.199370 2 0.490291 0.196307 1 0.489357 0.194882 2
0 0.968378 0.935185 0.060268 0.124339 0.980075 0.912403 2 0.984595 0.907135 2 0.977412 0.904650 2 0.989703 0.909800 2 0.972035 0.903475 2 0.990367 0.942524 2 0.963914 0.928552 2 0.979287 0.981787 2 0.953902 0.957439 2 0.960963 0.987427 2 0.951397 0.977511 2 0.977144 0.992099 2 0.958920 0.983789 2 0.969090 0.992356 1 0.946922 0.981746 1 0.964383 1.000000 1 0.955323 0.995089 1
0 0.544271 0.333333 0.023065 0.063492 0.545035 0.313622 2 0.546121 0.311923 1 0.544025 0.311665 2 0.547211 0.308858 1 0.542148 0.308439 2 0.548333 0.307249 2 0.537784 0.307726 2 0.552479 0.319502 2 0.534702 0.321183 2 0.548466 0.323556 2 0.541122 0.324103 2 0.546550 0.327411 2 0.539535 0.328323 2 0.552150 0.327414 2 0.535276 0.329761 2 0.550129 0.351816 2 0.540844 0.351757 2
0 0.527530 0.302249 0.020833 0.083333 0.525798 0.272187 2 0.526673 0.270441 2 0.524897 0.270540 2 0.527926 0.269719 2 0.523335 0.269884 2 0.529545 0.277305 2 0.520773 0.277605 2 0.531249 0.288487 2 0.519143 0.289129 2 0.530325 0.298533 2 0.523160 0.297899 2 0.528149 0.302290 2 0.522178 0.302509 2 0.528030 0.320238 2 0.521693 0.320766 2 0.527876 0.335779 2 0.521305 0.335900 2
0 0.127604 0.340608 0.023065 0.041005 0.126576 0.332819 2 0.126623 0.331533 2 0.126928 0.331490 1 0.128370 0.330665 2 0.129554 0.330273 1 0.131905 0.334664 2 0.130035 0.333930 2 0.129494 0.342671 2 0.127511 0.341062 2 0.125506 0.343653 2 0.124960 0.343202 2 0.136905 0.347470 2 0.135254 0.346803 2 0.131496 0.340821 2 0.128253 0.340265 2 0.134562 0.350454 2 0.133014 0.350405 2
0 0.097470 0.322751 0.031250 0.055556 0.103714 0.306109 2 0.104182 0.304346 2 0.102418 0.304640 2 0.104805 0.304019 1 0.099358 0.305060 2 0.106018 0.310314 2 0.096680 0.313411 2 0.111613 0.316396 2 0.092415 0.325973 2 0.109209 0.319162 2 0.091084 0.340039 2 0.105438 0.325135 2 0.098760 0.326576 2 0.109437 0.322907 2 0.094286 0.324382 2 0.111608 0.338375 2 0.091204 0.336932 2
0 0.192708 0.138228 0.016369 0.046296 0.191569 0.117639 1 0.191594 0.116622 1 0.192015 0.116500 1 0.192011 0.117095 2 0.194877 0.116438 2 0.191794 0.122614 2 0.197177 0.121304 2 0.188067 0.128100 2 0.201130 0.124909 2 0.185868 0.129574 2 0.201564 0.125860 2 0.195027 0.136997 2 0.198054 0.136608 2 0.196294 0.147372 2 0.197824 0.147103 2 0.196959 0.157569 2 0.198832 0.157507 2
0 0.786830 0.185185 0.018601 0.052910 0.788271 0.166358 1 0.787854 0.165211 1 0.788339 0.165318 1 0.785466 0.165823 2 0.788775 0.166336 2 0.784154 0.171973 2 0.788986 0.173058 2 0.783528 0.178319 2 0.791391 0.179956 2 0.786985 0.177637 1 0.793564 0.178565 2 0.783654 0.187686 2 0.786856 0.188056 2 0.783396 0.197920 2 0.786094 0.198587 2 0.781587 0.208192 2 0.784836 0.209627 2
0 0.140253 0.115079 0.015625 0.029101 0.140122 0.114584 2 0.140730 0.112967 2 0.139380 0.113199 2 0.141919 0.113231 2 0.138458 0.113705 2 0.143451 0.121318 2 0.138350 0.121374 2 0.146985 0.129845 2 0.139563 0.128594 2 0.143454 0.129851 2 0.144031 0.129372 2 0.142739 0.133598 1 0.139308 0.133790 1 0.144674 0.127975 1 0.140900 0.129150 1 0.144337 0.129561 1 0.141801 0.130573 1
0 0.828869 0.224206 0.019345 0.083333 0.832600 0.191520 1 0.831774 0.190159 1 0.832497 0.190179 1 0.828656 0.191119 1 0.832164 0.191620 2 0.827171 0.199915 2 0.833169 0.200292 2 0.827971 0.207337 1 0.836608 0.207665 2 0.832684 0.205220 1 0.837766 0.206802 2 0.828079 0.220932 2 0.831532 0.220953 2 0.829453 0.237195 2 0.829377 0.237282 2 0.829844 0.251570 2 0.825706 0.251646 2
0 0.969494 0.232143 0.023810 0.067460 0.957487 0.185185 1 0.957925 0.185185 1 0.957024 0.185185 1 0.958939 0.185185 1 0.956069 0.185185 1 0.960325 0.185954 1 0.954240 0.185710 1 0.959143 0.191270 1 0.953477 0.190078 1 0.956428 0.201056 1 0.954488 0.200490 1 0.958845 0.185915 1 0.954653 0.185678 1 0.957098 0.197230 2 0.953890 0.197130 2 0.955878 0.213392 2 0.954827 0.212319 2
0 0.600074 0.105159 0.011161 0.041005 0.601888 0.090007 1 0.601912 0.089125 1 0.602148 0.089142 1 0.601755 0.089446 2 0.603517 0.089350 1 0.601521 0.094103 2 0.603876 0.094034 2 0.601268 0.100423 2 0.604200 0.100552 1 0.601590 0.105579 1 0.604143 0.105753 1 0.601706 0.106102 2 0.603297 0.106037 2 0.601551 0.115050 2 0.602628 0.115147 2 0.601874 0.123113 2 0.602728 0.123225 2
0 0.907366 0.191138 0.020089 0.038360 0.908975 0.179282 2 0.909609 0.177864 2 0.908172 0.177926 2 0.910572 0.178363 2 0.907150 0.178436 2 0.912289 0.184077 2 0.906441 0.183185 2 0.912036 0.193232 2 0.905220 0.190249 2 0.906641 0.197811 2 0.905697 0.193803 2 0.911286 0.196118 2 0.907178 0.195119 2 0.910752 0.194275 2 0.903274 0.193222 2 0.905058 0.202086 2 0.902272 0.201315 2
0 0.949033 0.197751 0.020089 0.033069 0.944770 0.189353 2 0.945198 0.187579 2 0.944099 0.188135 2 0.946133 0.186444 2 0.943546 0.187711 2 0.949136 0.191425 2 0.943053 0.191347 2 0.949459 0.201104 2 0.940018 0.197947 2 0.944286 0.203072 2 0.938435 0.200385 2 0.947915 0.205524 2 0.944036 0.204557 2 0.944565 0.205425 2 0.938407 0.204285 2 0.941700 0.211224 2 0.941570 0.209683 2
0 0.935640 0.197090 0.018601 0.034392 0.944965 0.189033 2 0.945496 0.187219 2 0.944399 0.187448 2 0.946047 0.186522 1 0.943709 0.187013 2 0.947963 0.191063 2 0.943098 0.190773 2 0.947764 0.199790 2 0.940797 0.196936 2 0.943189 0.202138 2 0.938790 0.199727 2 0.946784 0.203730 2 0.943592 0.202862 2 0.944588 0.204760 2 0.937521 0.203673 2 0.941071 0.209447 2 0.942324 0.209192 2
