0 0.531622 0.957672 0.045387 0.079365 0.519660 0.928391 2 0.521953 0.923380 2 0.516510 0.923238 2 0.523803 0.921919 1 0.510386 0.922097 2 0.517685 0.940257 2 0.510072 0.945648 2 0.524720 0.967665 1 0.527239 0.976438 2 0.533287 0.968760 1 0.538706 0.967691 2 0.521210 0.991488 1 0.515382 0.997454 2 0.539114 0.974884 1 0.534615 0.988065 1 0.534974 0.992739 1 0.530568 1.000000 1
0 0.587054 0.898148 0.050595 0.201058 0.577575 0.818499 2 0.580109 0.815201 2 0.577601 0.814734 2 0.587184 0.818157 2 0.579420 0.816894 1 0.596369 0.841457 2 0.574514 0.839249 2 0.607742 0.871138 2 0.570164 0.867094 2 0.596848 0.892797 2 0.568213 0.897516 2 0.590003 0.905363 2 0.575105 0.902482 2 0.588775 0.950987 2 0.568440 0.946091 2 0.585001 0.993021 2 0.561980 0.987464 2
0 0.523438 0.879630 0.076637 0.145503 0.503119 0.823901 2 0.504715 0.819542 2 0.500500 0.820627 2 0.506338 0.816607 1 0.495178 0.819347 2 0.508468 0.830219 2 0.490841 0.834918 2 0.515489 0.853674 2 0.490557 0.861948 2 0.524326 0.866877 2 0.500369 0.869831 2 0.512089 0.872801 2 0.501078 0.877897 2 0.527909 0.888158 2 0.521102 0.892166 2 0.540804 0.920115 2 0.537254 0.920459 2
0 0.210565 0.648810 0.035714 0.123016 0.213197 0.601251 2 0.213833 0.598842 2 0.211603 0.599175 2 0.214509 0.600621 1 0.208334 0.601255 2 0.216656 0.614470 2 0.204819 0.613860 2 0.219573 0.626440 2 0.197811 0.623782 2 0.217765 0.629157 2 0.197176 0.628464 2 0.216957 0.646016 2 0.208372 0.646056 2 0.220195 0.669572 2 0.203947 0.669820 2 0.223892 0.695732 2 0.203309 0.693638 2
0 0.516369 0.652116 0.038690 0.148148 0.503540 0.596066 2 0.504849 0.593046 2 0.502674 0.593781 2 0.508652 0.592480 2 0.502805 0.594464 1 0.513523 0.604480 2 0.501893 0.608235 2 0.519871 0.615554 2 0.499753 0.624370 2 0.524572 0.624635 2 0.503530 0.633615 2 0.513139 0.642166 2 0.504229 0.643880 2 0.519601 0.671035 2 0.502364 0.672007 2 0.522892 0.702768 2 0.499096 0.702342 2
0 0.501116 0.652116 0.033482 0.113757 0.503846 0.595192 2 0.505131 0.592244 2 0.502828 0.593115 2 0.508995 0.591572 2 0.502314 0.593899 1 0.513559 0.603687 2 0.501362 0.608048 2 0.519542 0.614793 2 0.498964 0.622137 2 0.523723 0.625389 2 0.503313 0.633088 2 0.512588 0.641014 2 0.503445 0.643511 2 0.519077 0.667975 2 0.502732 0.672885 2 0.521468 0.696757 2 0.497774 0.702557 2
0 0.442336 0.529101 0.021577 0.089947 0.441917 0.497799 1 0.441920 0.496185 1 0.442539 0.496310 1 0.440549 0.497760 2 0.445460 0.497790 2 0.438440 0.508187 2 0.446887 0.507747 2 0.436374 0.519872 2 0.449056 0.519858 2 0.435658 0.529119 2 0.450210 0.528622 2 0.439629 0.530157 2 0.445210 0.529703 2 0.439791 0.549078 2 0.444453 0.547485 2 0.439940 0.567493 2 0.443406 0.564410 2
0 0.484375 0.567460 0.020833 0.105820 0.483719 0.528166 1 0.482944 0.526322 1 0.483647 0.526309 1 0.478888 0.527674 2 0.483750 0.527819 2 0.476264 0.539836 2 0.485879 0.539139 2 0.475109 0.554178 2 0.487878 0.551717 2 0.476037 0.564320 2 0.486558 0.560912 1 0.478466 0.567654 2 0.484968 0.567488 2 0.479828 0.589512 2 0.484919 0.588790 2 0.480882 0.609320 2 0.483994 0.608878 2
0 0.468378 0.532407 0.023065 0.093915 0.461884 0.496326 1 0.462177 0.494588 1 0.462488 0.494443 1 0.463698 0.494743 2 0.467555 0.494158 1 0.462461 0.504383 2 0.471908 0.502936 2 0.459988 0.517493 2 0.475069 0.515579 2 0.460849 0.526450 2 0.476928 0.526068 2 0.465617 0.531575 2 0.472163 0.530814 2 0.465155 0.551857 2 0.472951 0.550966 2 0.466226 0.571628 2 0.474266 0.568855 2
0 0.500744 0.539683 0.014881 0.076720 0.502490 0.513376 1 0.501886 0.512125 1 0.502224 0.512127 1 0.498700 0.513259 1 0.501335 0.513395 2 0.496380 0.521959 2 0.502425 0.520891 2 0.495349 0.531234 2 0.504094 0.526153 2 0.496416 0.535704 2 0.504799 0.526211 2 0.498070 0.541522 2 0.502201 0.541366 2 0.499018 0.555806 2 0.503230 0.555127 2 0.499582 0.569959 2 0.503390 0.569153 2
0 0.488467 0.521825 0.017113 0.088624 0.483709 0.528394 1 0.482979 0.526716 1 0.483629 0.526654 1 0.479092 0.527907 2 0.483780 0.528127 2 0.476935 0.539560 2 0.485907 0.539557 2 0.476935 0.553300 1 0.487493 0.553224 2 0.476935 0.564007 1 0.486868 0.564985 1 0.478284 0.567697 2 0.484674 0.567688 2 0.478704 0.583125 1 0.485524 0.582324 1 0.479252 0.583333 1 0.484999 0.583333 1
0 0.463914 0.501323 0.015625 0.082011 0.462415 0.497007 1 0.462423 0.495341 1 0.462972 0.494939 1 0.463090 0.495185 2 0.467850 0.494030 1 0.462360 0.504297 2 0.472069 0.502373 2 0.460198 0.517564 2 0.474283 0.515242 2 0.461870 0.525283 2 0.473878 0.524251 1 0.465707 0.532458 2 0.472466 0.531492 2 0.465870 0.552565 2 0.473406 0.551556 2 0.466131 0.557726 1 0.473649 0.557726 1
0 0.450521 0.494709 0.018601 0.084656 0.442842 0.496810 1 0.442604 0.495323 1 0.443281 0.495390 1 0.440618 0.496770 2 0.445367 0.496999 2 0.439035 0.506387 2 0.446605 0.506845 2 0.437664 0.517376 2 0.448950 0.518088 2 0.437998 0.525141 1 0.449845 0.527798 2 0.439917 0.528361 2 0.444950 0.528494 2 0.439787 0.546067 2 0.444345 0.546767 2 0.439420 0.551193 1 0.443160 0.552249 1
0 0.363095 0.437831 0.016369 0.060847 0.364621 0.419185 2 0.364752 0.418112 1 0.364187 0.418204 2 0.364119 0.418000 1 0.362863 0.417995 2 0.363669 0.422781 2 0.361804 0.422838 2 0.364906 0.429845 2 0.360915 0.429894 2 0.365075 0.434333 2 0.362148 0.434504 2 0.363405 0.437968 2 0.362557 0.438108 2 0.361855 0.449625 2 0.363671 0.449785 2 0.359666 0.462069 2 0.362801 0.462393 2
0 0.559896 0.433201 0.011161 0.046296 0.562120 0.420455 1 0.561685 0.419486 1 0.562033 0.419635 1 0.559816 0.419348 1 0.561524 0.420086 2 0.558806 0.422879 2 0.561631 0.425416 2 0.558966 0.422478 2 0.562008 0.431225 2 0.560404 0.420091 2 0.563468 0.434362 2 0.559107 0.434305 2 0.561026 0.435193 2 0.559104 0.442223 2 0.560340 0.442385 2 0.558920 0.449697 2 0.559385 0.450189 2
0 0.523810 0.449735 0.010417 0.039683 0.520494 0.438723 1 0.520548 0.437943 1 0.520766 0.437855 1 0.521002 0.438267 2 0.522531 0.437816 2 0.522040 0.442511 2 0.523552 0.441825 2 0.523963 0.448541 2 0.525296 0.447173 2 0.523092 0.454540 2 0.524614 0.451713 1 0.523510 0.452155 2 0.524554 0.451716 2 0.523059 0.459395 2 0.523566 0.458966 2 0.523718 0.466724 2 0.523975 0.466161 2
