0 0.645461 0.876984 0.037946 0.187831 0.647197 0.816218 2 0.649197 0.811547 2 0.644648 0.810461 2 0.648843 0.812843 1 0.639688 0.810751 2 0.642240 0.825244 2 0.639162 0.833548 2 0.651600 0.848901 2 0.652911 0.853484 2 0.657341 0.848140 2 0.661124 0.851586 2 0.645262 0.881369 2 0.642457 0.890315 2 0.659011 0.900367 2 0.645305 0.936272 2 0.645921 0.930626 2 0.643194 0.978655 2
0 0.684524 0.807540 0.041667 0.189153 0.687262 0.741041 2 0.689616 0.737832 2 0.685467 0.737243 2 0.692836 0.739891 2 0.682665 0.738236 2 0.695161 0.760949 2 0.676283 0.756989 2 0.698224 0.787090 2 0.669512 0.780544 2 0.698353 0.814001 2 0.670536 0.806189 2 0.689051 0.813809 2 0.676510 0.811818 2 0.687778 0.852072 2 0.672270 0.847186 2 0.685003 0.886053 2 0.671484 0.876517 2
0 0.624628 0.779762 0.052827 0.117725 0.647360 0.815317 2 0.649218 0.811277 2 0.644784 0.811084 2 0.650086 0.810724 1 0.639816 0.810836 2 0.642646 0.826952 2 0.639772 0.830968 2 0.649610 0.846283 2 0.651999 0.853766 2 0.656128 0.844905 2 0.661458 0.851970 2 0.641187 0.858766 1 0.638919 0.861111 1 0.658039 0.844660 1 0.657958 0.855707 1 0.654114 0.854690 1 0.653464 0.861111 1
0 0.364211 0.480820 0.017113 0.056878 0.362768 0.460875 2 0.363575 0.459512 2 0.362008 0.459588 2 0.364922 0.460414 2 0.361003 0.460710 2 0.366238 0.467461 2 0.360053 0.467798 2 0.367946 0.475193 2 0.357264 0.474866 2 0.363774 0.475427 2 0.357232 0.474393 2 0.365357 0.485186 2 0.360968 0.485178 2 0.366738 0.495806 2 0.358329 0.496211 2 0.367738 0.510293 2 0.358573 0.510066 2
0 0.578497 0.617063 0.030506 0.125661 0.582711 0.576535 2 0.582150 0.574396 1 0.582684 0.574351 2 0.579184 0.573703 1 0.580911 0.573773 2 0.580397 0.581539 2 0.572854 0.583783 2 0.583516 0.593989 2 0.570251 0.596498 2 0.590773 0.598173 2 0.576914 0.605672 2 0.579090 0.612505 2 0.573234 0.615442 2 0.584349 0.631291 2 0.571947 0.642354 2 0.579905 0.649516 2 0.567790 0.664567 2
0 0.569568 0.621032 0.030506 0.104497 0.570936 0.583732 2 0.571267 0.581737 1 0.570520 0.581286 2 0.569545 0.580886 1 0.567913 0.579483 2 0.568896 0.587983 2 0.562909 0.587892 2 0.569766 0.599665 1 0.558771 0.603031 2 0.571191 0.603642 1 0.564493 0.608292 2 0.567394 0.616454 2 0.563906 0.616862 2 0.567171 0.641749 2 0.568038 0.641416 2 0.560698 0.660114 2 0.565370 0.663455 2
0 0.493304 0.564815 0.022321 0.100529 0.493194 0.531504 1 0.492791 0.529635 1 0.493641 0.529471 1 0.490248 0.531412 2 0.496020 0.530878 2 0.488382 0.543689 2 0.498759 0.542200 2 0.487069 0.558405 2 0.501655 0.554690 2 0.486666 0.568291 2 0.500933 0.564035 2 0.491164 0.567444 2 0.497998 0.566813 2 0.492575 0.589012 2 0.497285 0.588013 2 0.493784 0.608836 2 0.496136 0.608655 2
0 0.521205 0.607143 0.027530 0.116402 0.526421 0.563838 1 0.525403 0.561842 1 0.526372 0.561632 1 0.520237 0.562910 2 0.526492 0.563108 2 0.516431 0.575525 2 0.528551 0.576412 2 0.513697 0.592298 2 0.531286 0.592616 2 0.512885 0.605982 2 0.533163 0.605160 2 0.518142 0.608420 2 0.526154 0.609113 2 0.519310 0.630178 2 0.525264 0.633041 2 0.520587 0.651410 2 0.523520 0.656661 2
0 0.522321 0.556878 0.022321 0.095238 0.525870 0.563917 1 0.525166 0.561902 1 0.525945 0.561941 1 0.520966 0.562743 2 0.526687 0.563257 2 0.516983 0.576102 2 0.528372 0.576375 2 0.513767 0.592740 2 0.531576 0.592479 2 0.513496 0.606358 2 0.533213 0.605023 2 0.518661 0.609143 2 0.526053 0.609384 2 0.518695 0.622685 1 0.525707 0.622685 1 0.519838 0.620231 1 0.523717 0.619230 1
0 0.546875 0.545635 0.013393 0.078042 0.548932 0.517954 1 0.548666 0.516375 1 0.548971 0.516449 1 0.546396 0.516783 1 0.549154 0.517020 2 0.544825 0.524992 2 0.548754 0.525268 2 0.543178 0.536016 2 0.548266 0.536394 2 0.543707 0.545558 1 0.548157 0.546015 1 0.545118 0.545639 2 0.547961 0.545878 2 0.544571 0.560388 2 0.547813 0.560516 2 0.543194 0.575599 2 0.547117 0.575512 2
0 0.478051 0.565476 0.020089 0.099206 0.482773 0.533302 1 0.481930 0.531487 1 0.482471 0.531465 1 0.477299 0.532313 1 0.481137 0.532692 2 0.473906 0.542707 2 0.482000 0.543737 2 0.472269 0.556844 2 0.484380 0.557639 2 0.473900 0.567477 2 0.486373 0.567641 2 0.474811 0.568298 2 0.480244 0.569128 2 0.475592 0.585985 2 0.480210 0.587860 2 0.475164 0.602107 2 0.478701 0.606155 2
0 0.505208 0.530423 0.014881 0.087302 0.505777 0.499565 1 0.505767 0.497806 1 0.506091 0.497921 1 0.504361 0.498904 2 0.508500 0.498859 2 0.502850 0.509178 2 0.510627 0.509014 2 0.501699 0.522166 2 0.511721 0.521319 2 0.503321 0.532193 2 0.509494 0.530107 2 0.504434 0.531834 2 0.509769 0.531904 2 0.504653 0.550437 2 0.508859 0.550715 2 0.505677 0.567210 2 0.508719 0.568076 2
0 0.488839 0.522487 0.017857 0.082011 0.482955 0.533471 1 0.482017 0.531589 1 0.482708 0.531647 1 0.478320 0.532063 1 0.481482 0.532731 2 0.476935 0.542809 2 0.482563 0.543961 2 0.478499 0.555977 1 0.484454 0.558297 2 0.481795 0.565781 1 0.486259 0.567817 2 0.476935 0.568092 1 0.480483 0.568370 2 0.477076 0.579365 1 0.480412 0.579365 1 0.477909 0.579365 1 0.480174 0.579365 1
0 0.458333 0.428571 0.014881 0.052910 0.457514 0.412481 2 0.457950 0.411647 2 0.457347 0.411636 2 0.459014 0.411406 2 0.457505 0.411384 1 0.459988 0.415735 2 0.457840 0.415887 2 0.460983 0.422758 2 0.457189 0.422944 2 0.460171 0.428828 2 0.456851 0.428319 2 0.459774 0.428587 2 0.458013 0.428506 2 0.460245 0.438933 2 0.456642 0.438866 2 0.463017 0.448026 2 0.455577 0.448640 2
0 0.777902 0.919312 0.057292 0.156085 0.786409 0.870711 2 0.789820 0.866448 2 0.784610 0.865789 2 0.795463 0.871780 2 0.782958 0.868912 2 0.798290 0.903710 2 0.786424 0.894507 2 0.799921 0.936214 2 0.790518 0.928388 2 0.801257 0.941977 2 0.795360 0.943846 2 0.792863 0.962632 2 0.781956 0.954651 2 0.790057 0.991248 2 0.760805 0.969513 2 0.797136 1.000000 2 0.759446 0.994456 1
