0 0.665179 0.913360 0.040179 0.167989 0.671057 0.862105 2 0.673058 0.857447 2 0.668278 0.856594 2 0.673435 0.858273 1 0.663197 0.856363 2 0.666292 0.874787 2 0.663575 0.879707 2 0.674095 0.899508 2 0.676870 0.905991 2 0.680162 0.896347 2 0.685331 0.899602 2 0.668530 0.935271 2 0.665609 0.941417 2 0.682428 0.957677 2 0.671476 0.978806 2 0.672010 0.978236 1 0.662851 1.000000 2
0 0.708333 0.851190 0.044643 0.202381 0.707782 0.774737 2 0.710228 0.771209 2 0.705909 0.771041 2 0.714158 0.773485 2 0.703640 0.772898 2 0.718594 0.795731 2 0.698350 0.794255 2 0.722011 0.823861 2 0.691801 0.819909 2 0.721916 0.853997 2 0.690894 0.849070 2 0.713194 0.855109 2 0.699719 0.854070 2 0.710431 0.895663 2 0.694241 0.893949 2 0.707093 0.934468 2 0.692279 0.931499 2
0 0.646205 0.820106 0.069196 0.126984 0.671102 0.861900 2 0.673415 0.857254 2 0.668267 0.856831 2 0.674580 0.856063 1 0.663281 0.856091 2 0.663688 0.873302 2 0.665169 0.880008 2 0.672806 0.893054 2 0.678065 0.904159 2 0.681788 0.892654 2 0.687434 0.898833 2 0.662147 0.904529 1 0.663252 0.908730 1 0.686159 0.886408 1 0.690198 0.903637 1 0.683434 0.899844 1 0.686262 0.908730 1
0 0.353423 0.513228 0.019345 0.071429 0.353954 0.485905 2 0.354718 0.484431 2 0.353224 0.484398 2 0.356109 0.485422 2 0.352273 0.485323 2 0.358107 0.493323 2 0.350948 0.492378 2 0.360390 0.501681 2 0.346923 0.497898 2 0.355520 0.503284 2 0.346935 0.498876 2 0.357687 0.512329 2 0.352388 0.512015 2 0.359304 0.526424 2 0.348063 0.526713 2 0.360996 0.542839 2 0.348251 0.542067 2
0 0.589286 0.632275 0.032738 0.126984 0.585933 0.583996 2 0.587202 0.581775 2 0.584619 0.581529 2 0.588916 0.582471 2 0.582046 0.582121 2 0.589061 0.592417 2 0.579582 0.595793 2 0.595464 0.601216 2 0.580628 0.608981 2 0.601967 0.609891 2 0.587939 0.619827 2 0.588519 0.627073 2 0.581136 0.630143 2 0.595130 0.650077 2 0.580074 0.659464 2 0.595917 0.670500 2 0.574387 0.682926 2
0 0.578497 0.634259 0.030506 0.104497 0.586121 0.584505 2 0.587546 0.582224 2 0.584768 0.581829 2 0.589324 0.582890 2 0.582221 0.582208 2 0.589864 0.593044 2 0.579192 0.595804 2 0.596074 0.603412 2 0.579997 0.609563 2 0.596768 0.614229 2 0.587063 0.620914 2 0.588395 0.628933 2 0.580417 0.631370 2 0.595392 0.650747 2 0.580240 0.659063 2 0.592730 0.672821 2 0.575194 0.683786 2
0 0.500744 0.562169 0.022321 0.100529 0.502996 0.524681 1 0.502449 0.522815 1 0.503267 0.522858 1 0.499087 0.524579 2 0.504598 0.524728 2 0.496297 0.536764 2 0.506028 0.536360 2 0.494621 0.550309 2 0.508837 0.550326 2 0.494393 0.561281 2 0.510379 0.561716 2 0.498250 0.561050 2 0.504803 0.560796 2 0.498752 0.582451 2 0.504661 0.580964 2 0.498832 0.602968 2 0.503477 0.600187 2
0 0.533110 0.602513 0.030506 0.112434 0.534235 0.557888 1 0.533613 0.555839 1 0.534257 0.555859 1 0.529502 0.557207 2 0.535390 0.557626 2 0.525667 0.570964 2 0.537685 0.570797 2 0.523692 0.586420 2 0.540028 0.588381 2 0.526561 0.595807 2 0.540290 0.602167 2 0.527991 0.603024 2 0.536281 0.602665 2 0.529058 0.626958 2 0.536673 0.624114 2 0.530118 0.650588 2 0.535699 0.645642 2
0 0.532738 0.554233 0.023810 0.095238 0.534534 0.557882 1 0.533785 0.556001 1 0.534655 0.555960 1 0.529456 0.557365 2 0.535613 0.557707 2 0.525943 0.570855 2 0.537637 0.571127 2 0.523744 0.586680 2 0.540226 0.588357 2 0.527061 0.593476 2 0.540205 0.603038 2 0.528072 0.604013 2 0.535902 0.604203 2 0.528732 0.619957 1 0.536156 0.619957 1 0.529693 0.617935 1 0.534332 0.617879 1
0 0.558036 0.546958 0.013393 0.078042 0.561014 0.520238 1 0.560783 0.518786 1 0.561264 0.518804 1 0.559143 0.519530 1 0.562746 0.519565 2 0.558372 0.527890 2 0.563539 0.527779 2 0.557752 0.538500 2 0.564660 0.538452 2 0.557694 0.548795 1 0.565177 0.548254 2 0.559509 0.548221 2 0.563080 0.548121 2 0.559960 0.563948 2 0.563170 0.563239 2 0.560415 0.578231 2 0.563507 0.577655 2
0 0.486235 0.560185 0.020089 0.099206 0.488525 0.526452 1 0.488540 0.524684 1 0.489090 0.524842 1 0.486889 0.525809 2 0.491705 0.526029 2 0.483928 0.536040 2 0.492903 0.536460 2 0.481907 0.548039 2 0.494126 0.548961 2 0.484110 0.555393 1 0.493372 0.558214 1 0.485159 0.559142 2 0.491305 0.559498 2 0.485619 0.576859 2 0.491099 0.577509 2 0.485921 0.594952 2 0.490366 0.594189 2
0 0.509673 0.524471 0.016369 0.085979 0.502960 0.524460 1 0.502432 0.522681 1 0.503335 0.522750 1 0.499622 0.524348 1 0.504834 0.524677 2 0.498512 0.535886 2 0.506099 0.536686 2 0.498574 0.548049 1 0.508191 0.550414 2 0.501186 0.557223 1 0.510028 0.561261 2 0.499175 0.559930 2 0.504592 0.560085 2 0.499284 0.579770 1 0.504320 0.579519 2 0.499771 0.584573 1 0.503818 0.584573 1
0 0.492560 0.519841 0.017857 0.082011 0.501614 0.524545 1 0.501427 0.522807 1 0.502187 0.522915 1 0.499206 0.524191 2 0.503752 0.524454 1 0.496129 0.535368 2 0.503877 0.535469 2 0.493815 0.549268 2 0.503968 0.548226 1 0.493897 0.560862 2 0.503769 0.556729 1 0.498212 0.559400 2 0.503319 0.559842 2 0.499312 0.575117 2 0.503311 0.576393 1 0.499987 0.576720 1 0.501961 0.576674 1
0 0.434152 0.434524 0.017113 0.054233 0.433185 0.415489 1 0.433198 0.414522 1 0.433441 0.414281 1 0.433421 0.413864 2 0.435560 0.413321 2 0.433163 0.418540 2 0.436936 0.417711 2 0.431374 0.426053 2 0.437895 0.425109 2 0.429666 0.430833 2 0.437486 0.431573 1 0.434169 0.432735 2 0.436679 0.432377 2 0.434033 0.443209 2 0.436232 0.443564 2 0.436153 0.453621 2 0.438242 0.453608 2
