0 0.247582 0.504299 0.004836 0.020503 0.247322 0.495401 1 0.247346 0.494976 1 0.247461 0.494963 1 0.247082 0.495233 2 0.248186 0.495144 2 0.246578 0.497891 2 0.248911 0.497763 2 0.245946 0.500989 2 0.249624 0.500313 2 0.246085 0.503110 2 0.249824 0.503030 2 0.247231 0.503814 2 0.248709 0.503802 2 0.247315 0.507734 2 0.248199 0.508155 2 0.248267 0.511184 2 0.248566 0.512124 2
0 0.578311 0.955688 0.010789 0.027778 0.579945 0.948114 1 0.579894 0.947239 1 0.580165 0.947327 1 0.578857 0.947816 2 0.581375 0.947879 2 0.577302 0.953450 2 0.582745 0.953036 2 0.576242 0.959603 2 0.584451 0.956918 2 0.575864 0.965083 2 0.582829 0.960189 2 0.577787 0.967017 2 0.581536 0.966936 2 0.577914 0.972650 2 0.582278 0.973200 2 0.578245 0.973888 1 0.582314 0.974190 1
0 0.504278 0.446098 0.004092 0.019180 0.504493 0.442166 2 0.504701 0.441720 2 0.504311 0.441676 2 0.504973 0.441873 2 0.504019 0.441749 2 0.505301 0.444527 2 0.503561 0.444278 2 0.505732 0.447749 2 0.503169 0.447161 2 0.505219 0.449897 2 0.503860 0.448994 2 0.505065 0.450079 2 0.503983 0.450039 2 0.505101 0.454429 2 0.504501 0.454301 2 0.505485 0.458148 2 0.505177 0.457901 2
0 0.527716 0.491071 0.004836 0.017857 0.528093 0.490397 1 0.528106 0.489941 1 0.528224 0.490070 1 0.527596 0.490110 2 0.528786 0.490375 2 0.526603 0.492441 2 0.529112 0.492994 2 0.525735 0.495460 2 0.529452 0.496393 2 0.525700 0.497786 1 0.529328 0.497876 1 0.526752 0.498779 2 0.528490 0.499069 2 0.526550 0.502532 1 0.528688 0.502902 1 0.526528 0.503231 1 0.528544 0.503196 1
0 0.517113 0.437831 0.005208 0.014550 0.517796 0.436976 2 0.517993 0.436546 2 0.517594 0.436569 2 0.518325 0.436733 2 0.517357 0.436785 2 0.518945 0.439191 2 0.516876 0.439244 2 0.519713 0.442355 2 0.516320 0.442310 2 0.519290 0.444743 2 0.516593 0.444794 2 0.518662 0.445459 2 0.517226 0.445492 2 0.518936 0.446682 1 0.516746 0.446820 1 0.519145 0.446742 1 0.516753 0.446705 1
0 0.814174 0.517526 0.006324 0.024471 0.814142 0.512222 1 0.814161 0.511687 1 0.814315 0.511767 1 0.814067 0.511919 2 0.815224 0.512033 2 0.814044 0.514781 2 0.815527 0.515043 2 0.813484 0.518089 2 0.815243 0.518662 1 0.812693 0.518959 2 0.814182 0.519813 1 0.813756 0.521939 2 0.814794 0.521953 2 0.813274 0.526106 2 0.814385 0.526370 1 0.813315 0.527446 1 0.814429 0.528028 1
0 0.835565 0.533399 0.006696 0.024471 0.835823 0.527221 1 0.835811 0.526781 1 0.835999 0.526851 1 0.835476 0.527037 2 0.836786 0.527172 2 0.834734 0.529507 2 0.837172 0.529819 2 0.833735 0.532279 2 0.837645 0.533086 2 0.833294 0.533303 1 0.837873 0.535583 2 0.834889 0.535890 2 0.836486 0.536017 2 0.834828 0.535077 2 0.835994 0.535364 2 0.834580 0.539781 2 0.835039 0.539853 2
0 0.718378 0.362765 0.004464 0.017857 0.718628 0.359443 1 0.718753 0.359133 1 0.718498 0.359168 1 0.718955 0.359239 1 0.718400 0.359330 1 0.719438 0.360631 2 0.718208 0.360895 2 0.720280 0.361814 2 0.717838 0.362295 2 0.719430 0.362540 2 0.718333 0.362826 2 0.719311 0.364698 2 0.718576 0.364773 2 0.718952 0.367841 2 0.718537 0.367980 2 0.718808 0.371016 2 0.718696 0.371142 2
0 0.986979 0.682209 0.009673 0.032407 0.987146 0.672114 1 0.987240 0.671560 1 0.987419 0.671704 1 0.987488 0.672005 2 0.988879 0.672209 1 0.987045 0.675143 2 0.989404 0.675841 2 0.986317 0.679645 2 0.989011 0.679997 1 0.985287 0.679984 2 0.987853 0.680286 1 0.986652 0.683768 2 0.988464 0.684070 2 0.983620 0.685986 2 0.987118 0.688002 2 0.983480 0.692469 2 0.987751 0.694429 2
0 0.996094 0.679894 0.005580 0.034392 0.996361 0.670205 1 0.996421 0.669525 1 0.996637 0.669647 1 0.996224 0.670008 2 0.997987 0.670159 2 0.995684 0.673870 2 0.998788 0.674271 2 0.994887 0.678638 2 0.999435 0.679079 2 0.993996 0.682353 2 0.999202 0.682743 2 0.995311 0.683311 2 0.997309 0.683387 2 0.994804 0.688914 2 0.996146 0.689679 2 0.994914 0.693344 2 0.995572 0.694659 2
0 0.750558 0.397156 0.005580 0.019180 0.752052 0.390989 1 0.751822 0.390578 1 0.752029 0.390595 1 0.750850 0.390702 1 0.751754 0.390863 2 0.750450 0.393051 2 0.751397 0.393200 2 0.750310 0.395904 1 0.751674 0.396118 2 0.750767 0.398157 1 0.751784 0.398301 2 0.750586 0.398137 2 0.751137 0.398260 2 0.751163 0.401281 2 0.751030 0.401297 2 0.750711 0.402998 2 0.750071 0.402749 2
0 0.739583 0.393519 0.005952 0.021164 0.740939 0.387383 1 0.740908 0.387038 1 0.740853 0.387028 1 0.740565 0.387107 1 0.740567 0.387128 2 0.740486 0.388898 2 0.740221 0.388931 2 0.740722 0.391175 2 0.739959 0.391149 2 0.740855 0.392986 2 0.740097 0.392885 2 0.740310 0.393155 2 0.740178 0.393197 2 0.740185 0.396112 2 0.740038 0.396266 2 0.739912 0.399424 2 0.739797 0.399609 2
0 0.497954 0.302579 0.003348 0.016534 0.498101 0.300978 2 0.498231 0.300709 1 0.497963 0.300717 1 0.498422 0.300797 2 0.497803 0.300823 2 0.498692 0.302205 2 0.497641 0.302336 2 0.499081 0.303599 2 0.497488 0.303887 2 0.498828 0.305056 2 0.497760 0.305182 2 0.498600 0.305495 2 0.497918 0.305570 2 0.498580 0.307991 2 0.498038 0.308085 2 0.498674 0.310298 2 0.498056 0.310395 2
0 0.601004 0.731151 0.010789 0.031085 0.600009 0.721137 2 0.600268 0.720575 2 0.599728 0.720619 2 0.600710 0.719688 2 0.599338 0.719720 2 0.601585 0.720961 2 0.598513 0.720249 2 0.602346 0.724826 2 0.597832 0.724226 2 0.601283 0.726266 2 0.598716 0.725709 2 0.601191 0.728537 2 0.598922 0.727991 2 0.602188 0.734759 2 0.597587 0.732544 2 0.602393 0.742993 2 0.597551 0.739188 2
0 0.616257 0.718585 0.008557 0.029762 0.615893 0.707921 1 0.615925 0.707280 1 0.615965 0.707300 1 0.616164 0.707462 2 0.616964 0.707427 2 0.617073 0.710993 2 0.617757 0.710932 2 0.617912 0.716306 2 0.618392 0.716241 1 0.617284 0.721514 2 0.617576 0.720882 1 0.616879 0.720381 2 0.617382 0.720117 2 0.616639 0.726986 2 0.616982 0.726632 2 0.617613 0.732459 2 0.618122 0.732710 2
