0 0.553571 0.559524 0.017857 0.095238 0.549989 0.525562 1 0.549237 0.523907 1 0.549974 0.523716 1 0.545583 0.524677 1 0.549737 0.524791 2 0.543479 0.533951 2 0.549265 0.534816 2 0.543582 0.544946 1 0.551847 0.546844 2 0.549570 0.544002 1 0.554592 0.545404 2 0.546521 0.558738 2 0.550153 0.559549 2 0.549239 0.579180 2 0.550157 0.580380 2 0.549372 0.598287 2 0.548830 0.599306 2
0 0.550223 0.538360 0.033482 0.071429 0.549812 0.524420 1 0.549036 0.522899 1 0.549911 0.522765 1 0.545745 0.523942 1 0.549840 0.524084 2 0.544129 0.533240 2 0.548715 0.533796 2 0.547929 0.543621 2 0.551652 0.545081 2 0.552883 0.543114 1 0.554706 0.545841 2 0.545485 0.555947 2 0.548460 0.556950 2 0.551918 0.566572 2 0.553276 0.568623 2 0.550758 0.582799 1 0.550312 0.583652 2
0 0.528274 0.489418 0.014881 0.071429 0.529575 0.465176 2 0.529943 0.463886 2 0.528895 0.463883 2 0.529904 0.463468 1 0.526877 0.463385 2 0.530535 0.469104 2 0.524602 0.470174 2 0.531828 0.476861 2 0.524617 0.480500 2 0.531924 0.477157 2 0.529702 0.485416 2 0.530506 0.486665 2 0.526382 0.487728 2 0.531348 0.498095 1 0.527580 0.499451 1 0.531248 0.505494 1 0.526444 0.507522 1
0 0.539062 0.482143 0.017113 0.075397 0.536713 0.462244 2 0.537389 0.460667 2 0.536083 0.460722 2 0.538392 0.459287 2 0.535199 0.459463 2 0.540233 0.464272 2 0.533813 0.464598 2 0.544471 0.469452 2 0.531479 0.471232 2 0.541264 0.473358 2 0.531603 0.477297 2 0.538599 0.480326 2 0.534471 0.480154 2 0.540306 0.484724 1 0.534237 0.483765 1 0.539111 0.485440 1 0.534068 0.483439 1
0 0.455729 0.529101 0.017113 0.089947 0.452979 0.498051 1 0.452672 0.496425 1 0.453159 0.496478 1 0.450086 0.497449 2 0.454509 0.497301 2 0.448151 0.506723 2 0.456194 0.505386 2 0.447026 0.518303 2 0.460150 0.511572 2 0.447511 0.525880 1 0.459377 0.510699 2 0.450414 0.527342 2 0.455572 0.527156 2 0.451155 0.545807 2 0.454929 0.545280 2 0.451480 0.564128 2 0.454139 0.562809 2
0 0.486979 0.553571 0.023065 0.099206 0.490012 0.519355 1 0.489268 0.517529 1 0.489799 0.517508 1 0.485015 0.518421 2 0.489668 0.518712 2 0.482004 0.529423 2 0.492012 0.530180 2 0.480237 0.544194 2 0.494329 0.544434 2 0.479958 0.555671 2 0.494493 0.557048 2 0.483540 0.556433 2 0.490389 0.557109 2 0.483825 0.574488 2 0.490161 0.576509 2 0.484709 0.590180 2 0.489413 0.594297 2
0 0.486235 0.527116 0.018601 0.096561 0.490801 0.518569 1 0.489974 0.516747 1 0.490503 0.516787 1 0.485490 0.517793 2 0.489700 0.518384 2 0.482244 0.528735 2 0.491755 0.529538 2 0.479993 0.542969 2 0.494412 0.543450 2 0.479287 0.554969 2 0.494172 0.555997 2 0.483682 0.555819 2 0.490077 0.556285 2 0.484125 0.575571 2 0.489267 0.576213 2 0.485347 0.591311 2 0.488868 0.592614 2
0 0.505208 0.519180 0.014881 0.067460 0.504994 0.493759 2 0.505642 0.492568 2 0.504727 0.492529 2 0.507219 0.492997 2 0.505076 0.492969 1 0.508874 0.499385 2 0.504628 0.499484 2 0.510484 0.508451 2 0.503336 0.507361 2 0.510716 0.517304 2 0.503224 0.509541 2 0.507728 0.516392 2 0.505137 0.516392 2 0.507619 0.528900 2 0.505660 0.529121 2 0.507366 0.541152 2 0.506521 0.541644 2
0 0.520833 0.515873 0.016369 0.076720 0.522565 0.486426 1 0.522430 0.485093 1 0.522770 0.485044 1 0.520763 0.485958 2 0.524012 0.485820 2 0.518763 0.493753 2 0.525239 0.493575 2 0.517515 0.503210 2 0.527510 0.501899 2 0.517900 0.510077 2 0.527597 0.503600 1 0.520408 0.513861 2 0.524806 0.513885 2 0.521068 0.529018 2 0.525934 0.528952 2 0.521423 0.544252 2 0.526515 0.543738 2
0 0.460565 0.511243 0.014881 0.078042 0.452383 0.496592 1 0.451873 0.494920 1 0.452336 0.495036 1 0.450149 0.494747 1 0.452822 0.495020 1 0.450689 0.500874 1 0.455025 0.501342 2 0.456135 0.508178 1 0.460293 0.508368 2 0.457914 0.511364 1 0.459518 0.511365 2 0.452228 0.525295 2 0.455224 0.525256 2 0.452055 0.548327 1 0.454517 0.548007 2 0.451901 0.563321 1 0.453965 0.563772 2
0 0.439360 0.511243 0.017113 0.088624 0.440142 0.480005 1 0.439613 0.478451 1 0.439996 0.478417 1 0.436385 0.479480 2 0.440305 0.479492 2 0.434600 0.489485 2 0.442550 0.488978 2 0.434516 0.501921 2 0.444540 0.500322 2 0.437204 0.510712 2 0.442717 0.510432 2 0.436369 0.510038 2 0.442019 0.509986 2 0.437183 0.527465 2 0.442203 0.527443 2 0.437527 0.543944 2 0.441806 0.545200 2
0 0.761533 0.782407 0.036458 0.162698 0.766028 0.719407 2 0.766305 0.716326 2 0.764330 0.716834 2 0.765585 0.716343 1 0.759531 0.717333 2 0.768255 0.729966 2 0.752109 0.731748 2 0.771173 0.746895 2 0.749882 0.754461 2 0.770942 0.765723 2 0.754745 0.772761 2 0.767547 0.774966 2 0.756312 0.776202 2 0.769372 0.808380 2 0.754035 0.807715 2 0.767539 0.841582 2 0.755609 0.836588 2
0 0.736607 0.748016 0.029762 0.136243 0.741281 0.695642 2 0.742516 0.693251 2 0.739674 0.693308 2 0.744278 0.694111 2 0.737082 0.693963 2 0.745731 0.710257 2 0.732732 0.706581 2 0.748604 0.727953 2 0.727738 0.722950 2 0.749017 0.742171 2 0.723801 0.737669 2 0.742075 0.748139 2 0.733258 0.745744 2 0.741326 0.777303 2 0.730885 0.771132 2 0.740289 0.803017 2 0.729219 0.789505 2
0 0.713170 0.752646 0.030506 0.103175 0.707608 0.721557 2 0.708943 0.719200 2 0.706204 0.719558 2 0.711141 0.719227 2 0.704459 0.720037 2 0.712217 0.729779 2 0.703176 0.730379 2 0.714459 0.736183 2 0.700953 0.740942 2 0.717442 0.738766 2 0.702988 0.750072 2 0.711229 0.754673 2 0.705124 0.754798 2 0.711934 0.771876 2 0.704202 0.769455 2 0.713089 0.789733 2 0.703632 0.784319 2
0 0.610863 0.583995 0.013393 0.101852 0.607485 0.546611 1 0.607845 0.544770 1 0.608108 0.544584 1 0.609248 0.546458 2 0.611584 0.545787 1 0.611370 0.558474 2 0.612077 0.556799 2 0.612099 0.573604 2 0.611721 0.570352 1 0.610660 0.579585 2 0.610458 0.577211 1 0.611148 0.585167 2 0.611633 0.584168 2 0.611812 0.607547 2 0.611438 0.606970 2 0.612312 0.627356 2 0.612436 0.627276 2
