0 0.561756 0.570767 0.017857 0.101852 0.564676 0.533022 1 0.563956 0.531171 1 0.564703 0.531131 1 0.560031 0.532290 1 0.564436 0.532501 2 0.558084 0.542030 2 0.563237 0.543091 2 0.561498 0.552555 2 0.566379 0.554919 2 0.567671 0.551680 1 0.569090 0.553009 2 0.559679 0.567978 2 0.563103 0.569081 2 0.562200 0.590011 2 0.563818 0.591805 2 0.561926 0.611159 2 0.562243 0.612021 2
0 0.559896 0.544974 0.033482 0.071429 0.564628 0.532133 1 0.563763 0.530399 1 0.564689 0.530322 1 0.559831 0.531316 1 0.564349 0.531599 2 0.557787 0.541327 2 0.562995 0.542051 2 0.561413 0.551842 2 0.565736 0.553098 2 0.567209 0.552194 1 0.568512 0.553029 2 0.559588 0.567032 2 0.563004 0.568069 2 0.563689 0.585294 2 0.564745 0.587468 2 0.562265 0.591108 1 0.561883 0.591407 1
0 0.408854 0.421296 0.011161 0.046296 0.409827 0.407199 2 0.409979 0.406060 2 0.409589 0.406330 1 0.411276 0.405320 2 0.410444 0.406082 1 0.412479 0.409610 2 0.411811 0.409894 2 0.410908 0.414580 2 0.410469 0.414489 1 0.408911 0.415544 2 0.409123 0.415639 1 0.412409 0.421110 2 0.411944 0.420970 2 0.412256 0.429053 2 0.411851 0.428990 2 0.412935 0.436865 2 0.412339 0.436520 2
0 0.539435 0.484788 0.013393 0.059524 0.542064 0.467326 2 0.542754 0.465945 2 0.541298 0.465944 2 0.543514 0.466113 2 0.539796 0.465997 2 0.543781 0.473394 2 0.538060 0.473404 2 0.544508 0.482825 2 0.537616 0.483278 2 0.544482 0.487709 2 0.542794 0.488324 2 0.542417 0.493037 2 0.538471 0.493092 2 0.541659 0.509110 2 0.538225 0.509403 2 0.540779 0.524235 2 0.536676 0.524595 2
0 0.470610 0.522487 0.018601 0.089947 0.473616 0.491691 1 0.473075 0.490124 1 0.473807 0.490134 1 0.469899 0.491230 2 0.474522 0.491499 2 0.467360 0.500958 2 0.475491 0.500896 2 0.465219 0.511835 2 0.476926 0.510004 2 0.464738 0.522221 2 0.476944 0.515453 2 0.469185 0.520362 2 0.474699 0.520506 2 0.469589 0.538353 2 0.474361 0.539063 2 0.470295 0.555818 2 0.474305 0.555955 2
0 0.498884 0.549603 0.023065 0.099206 0.502449 0.512045 1 0.501632 0.510298 1 0.502113 0.510330 1 0.496998 0.511708 2 0.501446 0.512205 2 0.493616 0.523096 2 0.502928 0.523393 2 0.491731 0.536692 2 0.506114 0.535534 2 0.493885 0.542039 1 0.507451 0.533035 2 0.495710 0.550270 2 0.501949 0.550669 2 0.497056 0.569569 2 0.502475 0.568420 2 0.498160 0.588583 2 0.502485 0.586323 2
0 0.491443 0.522487 0.020089 0.095238 0.502070 0.511914 1 0.501311 0.510220 1 0.501817 0.510110 1 0.496929 0.511481 2 0.501122 0.511566 2 0.493620 0.522916 2 0.502764 0.522417 2 0.491404 0.535394 2 0.504695 0.535517 2 0.493680 0.540555 2 0.504893 0.543563 1 0.495680 0.549828 2 0.502054 0.549715 2 0.496746 0.569469 2 0.503498 0.567880 2 0.497480 0.586205 2 0.503603 0.584443 2
0 0.505952 0.515212 0.014881 0.067460 0.502180 0.510846 1 0.501294 0.509604 1 0.501841 0.509494 1 0.497241 0.511412 1 0.500765 0.511508 2 0.495536 0.521348 2 0.502407 0.521469 2 0.496946 0.534528 1 0.505318 0.535013 2 0.501134 0.542445 1 0.506999 0.542933 2 0.496144 0.549072 2 0.501019 0.549151 2 0.496222 0.562004 1 0.501420 0.561365 1 0.496949 0.561930 1 0.500861 0.562004 1
0 0.526786 0.505291 0.016369 0.076720 0.525023 0.477883 1 0.525003 0.476504 1 0.525424 0.476514 1 0.524330 0.477354 2 0.527993 0.477182 2 0.523233 0.485885 2 0.530103 0.485304 2 0.522035 0.496466 2 0.531762 0.495830 2 0.521941 0.505659 2 0.531209 0.503733 2 0.524751 0.504263 2 0.529514 0.503708 2 0.524629 0.518832 2 0.529424 0.517717 2 0.525340 0.532895 2 0.529794 0.531397 2
0 0.472470 0.505952 0.014881 0.078042 0.472432 0.491978 1 0.472086 0.490393 1 0.472715 0.490431 1 0.469566 0.491802 2 0.474053 0.491833 2 0.467437 0.501717 2 0.475236 0.501197 2 0.465325 0.512929 2 0.477457 0.511852 2 0.464769 0.522375 2 0.477512 0.519577 2 0.469246 0.521266 2 0.474496 0.521087 2 0.469716 0.539527 2 0.474573 0.538207 2 0.470314 0.555496 2 0.474668 0.553044 2
0 0.452009 0.504630 0.017113 0.088624 0.453471 0.473487 1 0.453263 0.471890 1 0.453594 0.471938 1 0.451162 0.472894 2 0.455021 0.472863 2 0.449288 0.482487 2 0.457021 0.482087 2 0.448636 0.494334 2 0.458467 0.493946 2 0.450607 0.503997 2 0.455784 0.503137 2 0.450939 0.502657 2 0.456140 0.502569 2 0.452203 0.520581 2 0.455246 0.519641 2 0.453344 0.538172 2 0.454302 0.536723 2
0 0.837426 0.884259 0.045387 0.175926 0.848939 0.821936 2 0.849453 0.818065 2 0.847028 0.818373 2 0.847651 0.818360 1 0.840316 0.818718 2 0.853147 0.834283 2 0.832030 0.837780 2 0.858306 0.861322 2 0.824341 0.860970 2 0.862425 0.887753 2 0.821908 0.886243 2 0.847526 0.891785 2 0.835096 0.894478 2 0.843101 0.927846 2 0.838699 0.937851 2 0.833668 0.955976 2 0.843667 0.979428 2
0 0.805804 0.839286 0.037202 0.160053 0.812488 0.785608 2 0.813900 0.782776 2 0.811212 0.782618 2 0.814737 0.779505 1 0.807094 0.778962 2 0.816164 0.789449 2 0.799360 0.790547 2 0.824114 0.792898 2 0.794896 0.812034 2 0.821171 0.788741 2 0.793422 0.830577 2 0.811933 0.839235 2 0.800465 0.838254 2 0.813515 0.877463 2 0.799461 0.869900 2 0.815833 0.913281 2 0.797955 0.899739 2
0 0.769717 0.844577 0.033482 0.109788 0.774459 0.813475 2 0.775908 0.810033 2 0.772528 0.811121 2 0.778076 0.807228 2 0.769559 0.809306 2 0.777706 0.819368 2 0.766970 0.818420 2 0.781967 0.828272 2 0.765556 0.832534 2 0.788050 0.833372 2 0.768650 0.845007 2 0.774684 0.851005 2 0.767555 0.849851 2 0.774399 0.874060 2 0.765017 0.867067 2 0.774571 0.895469 2 0.764038 0.877114 2
0 0.623140 0.597884 0.029018 0.108466 0.625291 0.559481 2 0.625855 0.557522 2 0.625911 0.557502 1 0.627951 0.558323 2 0.629457 0.557343 1 0.629129 0.571978 2 0.632180 0.565871 2 0.628368 0.585016 2 0.637828 0.573532 2 0.628209 0.588174 2 0.634692 0.581452 2 0.629614 0.599256 2 0.630132 0.595112 2 0.628007 0.618310 2 0.621179 0.608106 2 0.630094 0.642283 2 0.617709 0.626213 2
