0 0.470982 0.536376 0.022321 0.112434 0.474607 0.536027 1 0.473825 0.533646 1 0.474955 0.533671 1 0.469133 0.534912 2 0.476002 0.535270 2 0.465575 0.550079 2 0.477346 0.550411 2 0.463283 0.568883 2 0.480509 0.568742 2 0.463343 0.583698 2 0.482305 0.583239 2 0.467795 0.584909 2 0.475271 0.585344 2 0.469770 0.609066 2 0.474182 0.609490 2 0.472251 0.614615 1 0.472971 0.614790 1
0 0.471726 0.583333 0.028274 0.126984 0.474419 0.536277 1 0.473634 0.533878 1 0.474612 0.533873 1 0.469033 0.534976 2 0.475781 0.535266 2 0.465600 0.549526 2 0.477487 0.549999 2 0.463464 0.567409 2 0.480184 0.568201 2 0.463609 0.582326 2 0.481845 0.582464 2 0.467963 0.584041 2 0.475627 0.584482 2 0.469849 0.608090 2 0.474020 0.608638 2 0.471336 0.631099 2 0.471779 0.631693 2
0 0.492932 0.533730 0.026042 0.112434 0.488710 0.495898 1 0.488961 0.493762 1 0.489274 0.493802 1 0.489623 0.493843 2 0.494511 0.493436 2 0.487266 0.505344 2 0.498463 0.503860 2 0.484828 0.518529 2 0.502537 0.519178 2 0.487884 0.523569 2 0.504576 0.531429 2 0.489301 0.535913 2 0.497156 0.534973 2 0.488585 0.559867 2 0.498039 0.557075 2 0.489037 0.582447 2 0.499279 0.575903 2
0 0.550967 0.542989 0.018601 0.091270 0.547374 0.514287 1 0.547347 0.512824 1 0.547789 0.512488 1 0.547068 0.513873 2 0.551597 0.512508 2 0.547241 0.522782 2 0.554997 0.519793 2 0.546027 0.531071 2 0.556571 0.523448 2 0.547497 0.527848 2 0.554390 0.523783 1 0.549993 0.544583 2 0.555214 0.543432 2 0.549653 0.561067 2 0.554353 0.561053 2 0.549501 0.576129 2 0.554248 0.578822 2
0 0.511905 0.540344 0.022321 0.101852 0.517687 0.505309 1 0.517096 0.503457 1 0.517842 0.503498 1 0.513630 0.504317 2 0.518699 0.504829 2 0.510659 0.515135 2 0.520092 0.516205 2 0.508660 0.529232 2 0.521968 0.530054 2 0.507569 0.540334 2 0.523496 0.541639 2 0.511303 0.542021 2 0.517537 0.542612 2 0.511545 0.559929 2 0.516515 0.562581 2 0.512480 0.578050 2 0.515298 0.581970 2
0 0.587426 0.492725 0.018601 0.085979 0.588058 0.462079 1 0.588393 0.460599 1 0.588763 0.460894 1 0.587944 0.462013 2 0.592397 0.462288 2 0.585728 0.471083 2 0.593646 0.471598 2 0.583817 0.483108 2 0.594221 0.483129 2 0.584760 0.492897 2 0.591722 0.487883 1 0.586363 0.494169 2 0.592136 0.494366 2 0.584666 0.511857 2 0.592082 0.512500 2 0.584554 0.530630 2 0.592586 0.529666 2
0 0.572545 0.488095 0.020089 0.092593 0.577510 0.455954 1 0.577108 0.454194 1 0.577629 0.454241 1 0.574321 0.454814 2 0.578586 0.455221 2 0.571787 0.464448 2 0.579839 0.465444 2 0.570351 0.476828 2 0.581329 0.478404 2 0.569793 0.488492 2 0.582235 0.489473 2 0.572749 0.486944 2 0.578303 0.487412 2 0.573209 0.506233 2 0.578243 0.507371 2 0.572849 0.524780 2 0.576593 0.526135 2
0 0.833333 0.472884 0.013393 0.059524 0.837380 0.457129 2 0.837530 0.455917 1 0.837084 0.455749 2 0.836902 0.455484 1 0.835864 0.455236 2 0.836989 0.460695 2 0.833596 0.461494 2 0.838684 0.465732 2 0.833284 0.470002 2 0.837394 0.463276 1 0.834871 0.475189 2 0.835683 0.476885 2 0.833313 0.477055 2 0.834672 0.486711 2 0.831654 0.487078 2 0.833897 0.497273 2 0.830877 0.497567 2
0 0.125372 0.589286 0.039435 0.101852 0.111160 0.577361 2 0.112046 0.574948 2 0.109540 0.575143 2 0.112238 0.575446 1 0.106659 0.575518 2 0.108732 0.587007 2 0.107675 0.587866 2 0.107989 0.604159 2 0.105551 0.607166 2 0.111674 0.619954 1 0.106267 0.626360 2 0.113063 0.616980 2 0.112404 0.618922 2 0.122320 0.631603 2 0.125904 0.633773 2 0.114589 0.653343 2 0.114968 0.655154 2
0 0.111235 0.608466 0.027530 0.121693 0.111068 0.577285 2 0.112146 0.574883 2 0.109594 0.574950 2 0.111920 0.575709 1 0.106677 0.574977 2 0.107331 0.586702 2 0.107073 0.587167 2 0.108947 0.603067 1 0.105426 0.607058 2 0.114534 0.616915 2 0.106546 0.624654 2 0.111050 0.616878 2 0.111688 0.618570 2 0.115698 0.633689 2 0.124664 0.635160 2 0.105294 0.652693 2 0.115406 0.653759 2
0 0.069940 0.755952 0.066964 0.183862 0.062696 0.700668 1 0.060923 0.696560 1 0.062547 0.697089 1 0.051297 0.697707 1 0.060571 0.699337 2 0.044746 0.715453 2 0.060808 0.720888 2 0.059307 0.734436 2 0.076767 0.742834 2 0.074532 0.741688 2 0.092196 0.746325 2 0.046626 0.776204 2 0.058545 0.781450 2 0.064907 0.777179 2 0.088542 0.785908 2 0.058218 0.822703 2 0.084976 0.833228 2
0 0.715030 0.430556 0.014881 0.051587 0.718828 0.412559 1 0.718935 0.411587 1 0.718977 0.411849 1 0.717647 0.412216 2 0.720595 0.412600 2 0.715528 0.417845 2 0.722012 0.418580 2 0.713555 0.423325 2 0.723225 0.425704 2 0.713782 0.425446 1 0.722877 0.426322 1 0.715661 0.432399 2 0.720720 0.432560 2 0.713818 0.438424 2 0.723419 0.437471 2 0.712241 0.450705 2 0.723825 0.448937 2
0 0.877232 0.445767 0.011905 0.055556 0.880949 0.430921 1 0.880762 0.429594 1 0.881044 0.429547 2 0.878947 0.428856 1 0.880694 0.428905 2 0.877522 0.434554 2 0.878124 0.434871 2 0.877461 0.443373 1 0.878295 0.444154 2 0.880012 0.447967 1 0.880472 0.449172 2 0.877466 0.451180 2 0.877932 0.451720 2 0.877665 0.462069 2 0.877668 0.463293 2 0.876745 0.474593 2 0.877307 0.474177 2
0 0.882812 0.468915 0.011161 0.054233 0.881499 0.449030 2 0.881978 0.448203 2 0.881853 0.448217 1 0.883351 0.449639 2 0.883377 0.449484 1 0.884727 0.455530 2 0.883030 0.454795 2 0.881843 0.462577 2 0.881261 0.461180 1 0.879882 0.453488 2 0.880330 0.454360 1 0.883137 0.473112 2 0.881706 0.472198 2 0.879801 0.478789 2 0.878839 0.477456 1 0.882329 0.485653 1 0.882268 0.485631 1
