0 0.245722 0.508267 0.004836 0.020503 0.245557 0.501306 2 0.245710 0.500861 1 0.245393 0.500891 1 0.245963 0.500719 1 0.245276 0.500781 2 0.246636 0.502723 2 0.244937 0.502695 2 0.247588 0.505654 2 0.244333 0.505379 2 0.247616 0.508200 2 0.244241 0.508357 2 0.246307 0.508946 2 0.245303 0.508937 2 0.246236 0.513234 2 0.245679 0.513276 2 0.246509 0.517613 2 0.246357 0.517673 2
0 0.236235 0.878638 0.010417 0.025794 0.235258 0.869470 1 0.235277 0.868860 1 0.235374 0.868872 1 0.234664 0.869340 2 0.236879 0.869106 2 0.233517 0.873074 2 0.238361 0.872961 2 0.232421 0.876097 2 0.239618 0.877359 2 0.233747 0.873817 2 0.239322 0.875665 1 0.234038 0.884473 2 0.237774 0.884299 2 0.232512 0.887432 2 0.239386 0.886496 2 0.230654 0.895511 2 0.239232 0.894486 2
0 0.577195 0.945106 0.010789 0.027778 0.579783 0.935415 1 0.579741 0.934740 1 0.579985 0.934781 1 0.578686 0.935422 2 0.581040 0.935295 2 0.576847 0.940537 2 0.582347 0.939505 2 0.575932 0.945692 2 0.584113 0.940994 2 0.576223 0.951365 1 0.583001 0.940381 1 0.577432 0.953723 2 0.581301 0.953429 2 0.577620 0.949566 2 0.582383 0.948945 2 0.578641 0.960931 2 0.582208 0.959353 2
0 0.528832 0.487434 0.004836 0.017196 0.529741 0.484007 1 0.529688 0.483513 1 0.529834 0.483552 1 0.529010 0.483766 2 0.530279 0.483852 2 0.528168 0.486754 2 0.530724 0.486787 2 0.527556 0.490360 2 0.531234 0.490357 2 0.528077 0.492804 1 0.530862 0.493261 2 0.528562 0.493815 2 0.530237 0.493857 2 0.528953 0.498543 2 0.530055 0.498462 2 0.529223 0.499246 1 0.529753 0.499110 1
0 0.517857 0.431217 0.005208 0.014550 0.518069 0.428583 1 0.518088 0.428262 1 0.518150 0.428287 1 0.517875 0.428327 2 0.518761 0.428311 2 0.517368 0.430179 2 0.519314 0.430368 2 0.516921 0.432573 2 0.519827 0.433242 2 0.517228 0.433902 2 0.519838 0.435742 2 0.517546 0.434040 2 0.519056 0.434133 2 0.516850 0.433371 2 0.519592 0.433580 2 0.516850 0.435975 1 0.520038 0.436332 2
0 0.811570 0.521495 0.006324 0.024471 0.811590 0.512981 1 0.811633 0.512491 1 0.811792 0.512501 1 0.811730 0.512672 2 0.812917 0.512551 2 0.811694 0.515294 2 0.813759 0.515245 2 0.811022 0.518807 2 0.814276 0.518597 2 0.810058 0.520545 2 0.814049 0.521439 1 0.811661 0.522227 2 0.813023 0.522102 2 0.810472 0.524918 2 0.811940 0.525289 2 0.811022 0.526804 2 0.812311 0.527945 1
0 0.834449 0.536706 0.006696 0.024471 0.834966 0.527572 1 0.834967 0.527098 1 0.835109 0.527218 1 0.834491 0.527264 2 0.835850 0.527525 2 0.833718 0.529686 2 0.836384 0.530442 2 0.832897 0.533208 2 0.836939 0.534169 2 0.832139 0.535171 2 0.836365 0.537285 2 0.833779 0.537148 2 0.835691 0.537527 2 0.832140 0.536954 2 0.835097 0.538217 2 0.832752 0.540585 1 0.835645 0.541898 1
0 0.718378 0.364087 0.004464 0.017857 0.718884 0.359402 1 0.718930 0.359109 1 0.718956 0.359099 1 0.718926 0.359298 2 0.719581 0.359217 2 0.718768 0.360860 2 0.720029 0.360793 2 0.718467 0.362430 2 0.720841 0.361937 2 0.718806 0.363005 1 0.720300 0.362146 2 0.719055 0.364789 2 0.719892 0.364776 2 0.718935 0.367852 2 0.719709 0.368194 2 0.718670 0.371018 2 0.719777 0.371482 2
0 0.621838 0.330026 0.004092 0.015873 0.622773 0.323734 1 0.622763 0.323475 1 0.622795 0.323473 1 0.622532 0.323552 2 0.623146 0.323530 2 0.622312 0.324957 2 0.623465 0.324891 2 0.622091 0.326747 2 0.623856 0.326523 2 0.622278 0.327966 1 0.623619 0.327757 2 0.622459 0.328415 2 0.623292 0.328387 2 0.622389 0.331085 2 0.623439 0.331104 2 0.622245 0.333718 2 0.623533 0.333769 2
0 0.984003 0.683862 0.008929 0.031746 0.984559 0.671610 1 0.984667 0.671072 1 0.984937 0.671159 1 0.984975 0.671651 2 0.986513 0.671679 2 0.984769 0.674968 2 0.986684 0.675013 2 0.983745 0.678782 2 0.987073 0.679576 2 0.983021 0.678397 2 0.987486 0.682837 2 0.984276 0.682621 2 0.985502 0.682467 2 0.982657 0.687221 2 0.983983 0.687342 2 0.982724 0.692606 2 0.984286 0.692333 2
0 0.994234 0.681878 0.006324 0.034392 0.993755 0.669608 1 0.993837 0.668936 1 0.994035 0.669005 1 0.993860 0.669413 2 0.995462 0.669369 2 0.993608 0.673341 2 0.996402 0.673347 2 0.992612 0.678114 2 0.996818 0.678190 2 0.991513 0.682231 2 0.996203 0.681701 2 0.993562 0.682231 2 0.995366 0.681984 2 0.992291 0.687193 2 0.993547 0.686838 2 0.992656 0.692960 2 0.993407 0.693047 2
0 0.754278 0.399140 0.005580 0.019180 0.756501 0.393352 1 0.756275 0.392994 1 0.756464 0.393016 1 0.755374 0.392928 1 0.756031 0.393104 2 0.754743 0.394832 2 0.755624 0.394994 2 0.754381 0.397619 1 0.755989 0.397542 2 0.754667 0.399281 1 0.756436 0.397764 2 0.755007 0.399618 2 0.755323 0.399790 2 0.755793 0.402614 2 0.754722 0.402794 2 0.756088 0.405704 2 0.753362 0.405300 2
0 0.760045 0.387897 0.006696 0.019180 0.759663 0.382181 2 0.759887 0.381842 1 0.759497 0.381780 2 0.760193 0.381746 1 0.759235 0.381581 2 0.760421 0.382923 2 0.758785 0.382928 2 0.761110 0.384181 2 0.758147 0.384464 2 0.760736 0.385883 2 0.759005 0.385843 2 0.759898 0.387395 2 0.758908 0.387382 2 0.759428 0.390907 2 0.758607 0.390970 2 0.758893 0.394732 2 0.758425 0.394969 2
0 0.741443 0.396164 0.005952 0.021164 0.742605 0.389036 1 0.742576 0.388666 1 0.742575 0.388655 1 0.742258 0.388703 1 0.742516 0.388708 2 0.742257 0.390624 2 0.742234 0.390629 2 0.742558 0.393105 2 0.742255 0.393090 2 0.742719 0.395340 2 0.742432 0.395273 2 0.742057 0.395368 2 0.742067 0.395372 2 0.741936 0.398369 2 0.741859 0.398455 2 0.741759 0.401498 2 0.741720 0.401521 2
0 0.499442 0.304563 0.003348 0.016534 0.499547 0.300605 1 0.499538 0.300365 1 0.499595 0.300366 1 0.499349 0.300462 2 0.499920 0.300471 2 0.499114 0.301788 2 0.500167 0.301822 2 0.498918 0.303195 2 0.500383 0.303367 2 0.499123 0.304263 1 0.500248 0.304896 2 0.499285 0.304825 2 0.499985 0.304820 2 0.499302 0.306973 2 0.499768 0.306922 2 0.499418 0.309043 2 0.499677 0.308956 2
0 0.601749 0.735119 0.010789 0.031085 0.601338 0.725363 2 0.601586 0.724804 2 0.601062 0.724889 2 0.602088 0.723890 2 0.600733 0.724024 2 0.603072 0.725013 2 0.600056 0.724358 2 0.604049 0.728320 2 0.599477 0.728262 2 0.603076 0.730306 2 0.600116 0.730204 2 0.602747 0.732547 2 0.600495 0.731938 2 0.603657 0.739313 2 0.599085 0.736501 2 0.604085 0.747607 2 0.599020 0.742701 2
0 0.613281 0.717923 0.008557 0.029762 0.613822 0.705939 1 0.613784 0.705391 1 0.614085 0.705374 1 0.613417 0.705751 2 0.615231 0.705550 2 0.612980 0.708832 2 0.615678 0.708386 2 0.611872 0.711663 2 0.615680 0.710629 1 0.612158 0.713307 2 0.614772 0.710622 1 0.613587 0.716482 2 0.615287 0.716268 2 0.613563 0.721789 2 0.614573 0.721434 2 0.613268 0.726436 2 0.613992 0.726195 2
