0 0.649926 0.888228 0.037946 0.189153 0.651145 0.826671 2 0.653314 0.821875 2 0.648608 0.820844 2 0.652917 0.822201 1 0.643461 0.820592 2 0.644238 0.835271 2 0.644034 0.845082 2 0.653327 0.859988 2 0.656183 0.865803 2 0.660908 0.855558 2 0.664325 0.859506 2 0.647838 0.892088 2 0.647088 0.901903 2 0.661668 0.911914 2 0.650044 0.950745 2 0.654016 0.939098 2 0.647789 0.991929 2
0 0.689360 0.815476 0.043899 0.191799 0.691624 0.748333 2 0.693902 0.745074 2 0.689844 0.744365 2 0.696806 0.747292 2 0.686945 0.745366 2 0.699742 0.768487 2 0.680353 0.764800 2 0.702467 0.796628 2 0.674006 0.789042 2 0.702464 0.822765 2 0.674395 0.816928 2 0.693545 0.823239 2 0.680633 0.821615 2 0.691981 0.862537 2 0.676144 0.860502 2 0.688421 0.898369 2 0.676220 0.894679 2
0 0.629092 0.788360 0.057292 0.121693 0.651257 0.825401 2 0.653255 0.821249 2 0.648617 0.820977 2 0.653999 0.820331 1 0.643443 0.820573 2 0.644721 0.835430 2 0.644946 0.843254 2 0.652629 0.852641 2 0.658195 0.866678 2 0.660304 0.853645 2 0.665716 0.861166 2 0.643561 0.867910 1 0.643490 0.873016 1 0.661561 0.851284 1 0.664614 0.866924 1 0.658662 0.858274 1 0.658780 0.872399 1
0 0.361979 0.486111 0.018601 0.059524 0.360600 0.464790 2 0.361362 0.463412 2 0.359834 0.463551 2 0.362606 0.464019 2 0.358822 0.464378 2 0.363897 0.471641 2 0.357493 0.472193 2 0.365595 0.479818 2 0.354459 0.480950 2 0.366252 0.486403 2 0.354995 0.490373 2 0.363433 0.489535 2 0.359143 0.490075 2 0.364534 0.501984 2 0.358308 0.503173 2 0.365567 0.515598 2 0.358359 0.516370 2
0 0.579985 0.622354 0.030506 0.128307 0.582939 0.578248 2 0.582628 0.576140 1 0.582670 0.575855 2 0.580152 0.575995 1 0.580699 0.575400 2 0.580442 0.584178 2 0.573786 0.585115 2 0.583876 0.597179 2 0.571220 0.597230 2 0.591490 0.601833 2 0.577366 0.605811 2 0.579573 0.616172 2 0.574389 0.618576 2 0.585266 0.637565 2 0.572563 0.647552 2 0.580708 0.659686 2 0.568512 0.672789 2
0 0.571057 0.623677 0.030506 0.104497 0.583043 0.578524 2 0.582690 0.576429 1 0.583085 0.576186 2 0.580200 0.575372 1 0.581215 0.574896 2 0.579939 0.584405 2 0.573054 0.585514 2 0.584029 0.596767 2 0.570601 0.598639 2 0.589911 0.599319 2 0.577193 0.606323 2 0.579294 0.617796 2 0.573647 0.620016 2 0.585082 0.638933 2 0.572649 0.647713 2 0.582126 0.661436 2 0.567016 0.670819 2
0 0.494792 0.564815 0.022321 0.100529 0.496318 0.529921 1 0.495674 0.528071 1 0.496454 0.528066 1 0.492118 0.530117 2 0.497491 0.530182 2 0.489803 0.542770 2 0.499431 0.541720 2 0.488581 0.556176 2 0.502459 0.555002 2 0.488760 0.565929 2 0.503632 0.565890 2 0.492422 0.566501 2 0.499009 0.565881 2 0.492936 0.589461 2 0.499413 0.586584 2 0.493990 0.610052 2 0.499891 0.605905 2
0 0.523065 0.606481 0.028274 0.115079 0.525957 0.562153 1 0.524941 0.560082 1 0.525631 0.560057 1 0.519627 0.561556 2 0.525267 0.561927 2 0.515674 0.575588 2 0.527998 0.575326 2 0.513989 0.592327 2 0.530819 0.592254 2 0.516642 0.603062 2 0.532344 0.605985 2 0.518215 0.608215 2 0.526610 0.608224 2 0.519646 0.630891 2 0.526767 0.629359 2 0.521008 0.653234 2 0.525498 0.651410 2
0 0.523065 0.558201 0.022321 0.095238 0.525872 0.562402 1 0.524877 0.560533 1 0.525690 0.560379 1 0.519790 0.561958 2 0.525408 0.562091 2 0.516106 0.575616 2 0.527921 0.575261 2 0.513913 0.592277 2 0.531100 0.591441 2 0.516172 0.603784 2 0.532047 0.605659 2 0.518629 0.608485 2 0.526770 0.608425 2 0.518631 0.624008 1 0.527835 0.624008 1 0.519179 0.623301 1 0.526999 0.623223 1
0 0.479539 0.565476 0.020089 0.099206 0.482257 0.531432 2 0.481353 0.529558 1 0.481743 0.529688 2 0.476994 0.530535 1 0.480176 0.531106 2 0.473984 0.541553 2 0.482416 0.541813 2 0.472811 0.554941 2 0.485500 0.554343 2 0.473032 0.566994 2 0.486753 0.564534 2 0.476120 0.566640 2 0.481782 0.566973 2 0.477981 0.584126 2 0.482671 0.583820 2 0.478062 0.602243 2 0.481480 0.602407 2
0 0.505952 0.529762 0.014881 0.085979 0.506048 0.500398 1 0.505870 0.498692 1 0.506237 0.498704 1 0.503849 0.499709 2 0.507896 0.499574 2 0.502238 0.510131 2 0.510002 0.509785 2 0.501442 0.522948 2 0.511572 0.522161 2 0.502649 0.532933 2 0.510212 0.532148 2 0.504162 0.532796 2 0.509490 0.532760 2 0.505030 0.551362 2 0.509376 0.551130 2 0.505607 0.568344 2 0.508664 0.568772 2
0 0.489583 0.522487 0.017857 0.082011 0.482390 0.531777 2 0.481716 0.530228 1 0.481770 0.530239 2 0.479030 0.531574 1 0.480003 0.531947 2 0.477679 0.541772 1 0.482208 0.542389 2 0.480287 0.554500 1 0.485184 0.556168 2 0.483714 0.564849 1 0.486889 0.567261 2 0.478106 0.567055 1 0.481396 0.567125 2 0.478852 0.579365 1 0.482221 0.579365 1 0.479092 0.579365 1 0.482085 0.579365 1
0 0.454241 0.429894 0.015625 0.052910 0.452625 0.411672 2 0.452978 0.410719 2 0.452555 0.410708 1 0.454069 0.410664 2 0.453239 0.410750 1 0.455427 0.415422 2 0.453328 0.415711 2 0.456415 0.422980 2 0.452326 0.423327 2 0.455939 0.429743 2 0.451269 0.428319 2 0.455133 0.429263 2 0.453824 0.429191 2 0.453950 0.438964 2 0.453109 0.438816 2 0.455456 0.449317 2 0.455091 0.448818 2
0 0.786830 0.925265 0.055804 0.144180 0.793633 0.880944 2 0.797046 0.876872 2 0.791718 0.876467 2 0.802663 0.882583 2 0.790102 0.880402 2 0.804348 0.914379 2 0.794343 0.905580 2 0.808207 0.951050 2 0.798790 0.939058 2 0.808228 0.956475 2 0.803695 0.956827 1 0.799056 0.977334 2 0.789927 0.970063 2 0.790687 0.996987 2 0.766847 0.981497 1 0.799543 1.000000 1 0.766898 0.998444 1
