0 0.440848 0.808201 0.036458 0.166667 0.439825 0.744349 2 0.441591 0.740805 2 0.437897 0.740696 2 0.443319 0.740528 2 0.434232 0.740233 2 0.447917 0.753658 2 0.430504 0.757340 2 0.451564 0.774141 2 0.425072 0.778428 2 0.453822 0.796624 2 0.426097 0.801217 2 0.445581 0.798916 2 0.434322 0.801580 2 0.448632 0.825906 2 0.435326 0.835409 2 0.444195 0.841110 2 0.438188 0.863287 2
0 0.324033 0.559524 0.015625 0.063492 0.325250 0.534628 1 0.325338 0.533303 1 0.326108 0.533580 1 0.324763 0.534741 2 0.329065 0.535015 2 0.322926 0.542228 2 0.329318 0.543002 2 0.319684 0.547981 2 0.328296 0.550250 2 0.318333 0.547005 1 0.324487 0.549771 1 0.323753 0.560391 2 0.327807 0.560786 2 0.324891 0.574183 2 0.327184 0.574365 2 0.324966 0.587949 2 0.326399 0.587147 2
0 0.316592 0.550265 0.014137 0.089947 0.319246 0.517810 2 0.318681 0.515993 1 0.318987 0.516090 2 0.316007 0.516111 1 0.317594 0.516573 2 0.316043 0.524986 2 0.315682 0.525920 2 0.317464 0.535856 1 0.314970 0.537789 2 0.319106 0.544445 1 0.317122 0.545681 2 0.316154 0.547041 2 0.315960 0.547648 2 0.317399 0.564658 2 0.316195 0.564773 2 0.316421 0.582645 2 0.315040 0.583520 2
0 0.335193 0.554233 0.012649 0.060847 0.334249 0.532654 2 0.334916 0.531298 2 0.333543 0.531547 2 0.336307 0.531947 2 0.332987 0.532546 2 0.338430 0.538967 2 0.333194 0.540024 2 0.341579 0.545956 2 0.332921 0.547729 2 0.339595 0.550743 2 0.333042 0.550572 2 0.338696 0.554843 2 0.335337 0.555230 2 0.338926 0.567327 2 0.336177 0.567117 2 0.339547 0.578554 2 0.336919 0.577698 2
0 0.336682 0.492063 0.014137 0.052910 0.333642 0.473236 1 0.333592 0.472089 1 0.333904 0.471910 1 0.334445 0.471775 2 0.336714 0.471139 1 0.335252 0.477230 2 0.339194 0.475837 2 0.334580 0.484368 2 0.341529 0.481877 2 0.334146 0.489991 2 0.341790 0.487531 2 0.337683 0.489778 2 0.340292 0.489099 2 0.337735 0.498749 2 0.340066 0.498074 2 0.337234 0.507865 2 0.340288 0.506885 2
0 0.402158 0.528439 0.027530 0.059524 0.404656 0.509076 2 0.405359 0.506974 2 0.403686 0.507334 2 0.407405 0.505339 2 0.403566 0.506082 1 0.409727 0.511954 2 0.405234 0.511288 2 0.402133 0.521452 2 0.400074 0.519023 2 0.395606 0.523009 2 0.395834 0.522739 2 0.412750 0.534189 2 0.409711 0.532835 2 0.401575 0.525196 2 0.400989 0.522489 2 0.400425 0.543365 2 0.401812 0.541163 2
0 0.468750 0.465608 0.019345 0.084656 0.472341 0.422530 1 0.472174 0.420779 1 0.472651 0.420717 1 0.470375 0.421879 2 0.474513 0.421713 2 0.468491 0.432704 2 0.475979 0.432426 2 0.466316 0.445173 2 0.478000 0.444811 2 0.467737 0.452660 2 0.478058 0.455056 2 0.469865 0.455715 2 0.474777 0.455611 2 0.471057 0.472845 2 0.474399 0.473293 2 0.471346 0.488750 2 0.474049 0.490262 2
0 0.391369 0.492725 0.022321 0.035714 0.389483 0.486847 2 0.390066 0.485505 2 0.389142 0.485850 2 0.391939 0.485811 2 0.390085 0.486350 1 0.393117 0.490527 2 0.392590 0.490853 2 0.388701 0.495706 2 0.388537 0.496558 1 0.387199 0.493882 2 0.387217 0.498112 1 0.397381 0.506243 2 0.396910 0.505768 2 0.388761 0.497718 2 0.389542 0.496378 2 0.391647 0.509342 2 0.392029 0.509623 2
0 0.393973 0.494048 0.018601 0.038360 0.389624 0.486693 2 0.390322 0.485196 2 0.389115 0.485695 2 0.392083 0.485296 2 0.389417 0.486265 1 0.393118 0.489780 2 0.391080 0.491565 2 0.389962 0.496023 2 0.388296 0.500039 2 0.388259 0.493692 2 0.387769 0.501273 2 0.398155 0.505555 2 0.396671 0.505914 2 0.388996 0.496871 2 0.388484 0.496816 2 0.390749 0.508983 2 0.390729 0.508681 2
0 0.401414 0.476190 0.021577 0.039683 0.389749 0.486483 2 0.390197 0.484983 2 0.389611 0.485154 1 0.392176 0.484611 2 0.391276 0.484712 1 0.393495 0.489701 2 0.393703 0.489673 2 0.389013 0.493333 2 0.390210 0.493770 1 0.388178 0.492379 2 0.388455 0.494375 1 0.396645 0.502412 2 0.396627 0.501623 1 0.388671 0.497203 1 0.389172 0.495592 1 0.389713 0.502458 1 0.390360 0.502905 1
0 0.472098 0.456349 0.017113 0.079365 0.472551 0.425357 1 0.472315 0.423734 1 0.472804 0.423784 1 0.470119 0.424785 2 0.474369 0.424965 2 0.468051 0.434215 2 0.475925 0.434782 2 0.466249 0.445088 2 0.478038 0.446080 2 0.468331 0.450165 2 0.478112 0.454748 2 0.469801 0.455502 2 0.475012 0.456005 2 0.470671 0.472119 2 0.474492 0.473248 2 0.471212 0.488458 2 0.474084 0.490349 2
0 0.519717 0.459656 0.024554 0.085979 0.512872 0.425452 2 0.513891 0.423691 2 0.512160 0.423830 2 0.515853 0.423208 2 0.511563 0.423761 2 0.518817 0.428605 2 0.509690 0.430294 2 0.522615 0.437077 2 0.507567 0.441214 2 0.522853 0.447202 2 0.509423 0.447854 2 0.520326 0.451118 2 0.513909 0.452072 2 0.523560 0.465556 2 0.510626 0.465849 2 0.527010 0.482360 2 0.515438 0.481443 2
0 0.487351 0.459656 0.017857 0.083333 0.475446 0.419907 1 0.475446 0.418243 1 0.475446 0.418194 1 0.475446 0.419726 1 0.475446 0.419610 1 0.476289 0.430832 2 0.476132 0.430342 1 0.478351 0.444909 2 0.477578 0.444578 1 0.477989 0.455620 2 0.476940 0.455736 1 0.475738 0.456286 2 0.475676 0.455821 1 0.475446 0.473917 2 0.475446 0.473631 1 0.475613 0.489733 2 0.475899 0.489209 1
0 0.439732 0.353175 0.014881 0.066138 0.446232 0.346238 2 0.446981 0.344815 2 0.446058 0.344816 2 0.449373 0.344995 2 0.446861 0.345034 1 0.450149 0.351942 2 0.446386 0.351665 2 0.450149 0.362210 2 0.445599 0.360900 1 0.449497 0.371776 1 0.445848 0.366996 1 0.449975 0.369416 2 0.447370 0.369405 2 0.449559 0.377570 2 0.447934 0.378330 2 0.450143 0.386574 1 0.449750 0.385857 1
0 0.561012 0.315476 0.013393 0.064815 0.562424 0.287790 2 0.563090 0.286473 2 0.561751 0.286664 2 0.564247 0.286175 2 0.560860 0.286572 2 0.565409 0.291943 2 0.559918 0.291892 2 0.566781 0.299236 2 0.558756 0.298476 2 0.565966 0.305077 2 0.559853 0.301433 2 0.564812 0.306324 2 0.561123 0.306349 2 0.565247 0.316677 2 0.561298 0.315837 2 0.565649 0.327067 2 0.561593 0.324634 2
0 0.356027 0.494048 0.014137 0.059524 0.351597 0.470788 1 0.351673 0.469598 1 0.351957 0.469344 1 0.351714 0.470596 2 0.354666 0.469679 2 0.351534 0.479113 2 0.356637 0.476389 2 0.350637 0.486938 2 0.359036 0.483064 2 0.351068 0.490704 1 0.358050 0.486483 1 0.354057 0.494323 2 0.357502 0.492716 2 0.354467 0.505852 2 0.357746 0.501800 2 0.355458 0.516305 2 0.359442 0.510556 2
