0 0.122111 0.877218 0.019433 0.066293 0.119604 0.853057 1 0.119212 0.852110 1 0.119939 0.851471 1 0.117242 0.853343 2 0.121493 0.851764 2 0.116595 0.861747 2 0.124982 0.859527 2 0.115733 0.872030 2 0.130335 0.867049 2 0.116040 0.880992 2 0.132920 0.877464 2 0.122105 0.882258 2 0.127101 0.881600 2 0.126083 0.893633 2 0.128748 0.892959 2 0.129228 0.902388 2 0.128340 0.906204 2
0 0.127363 0.816527 0.015231 0.062558 0.128094 0.793204 1 0.127908 0.791958 1 0.128288 0.791881 1 0.126035 0.792800 2 0.129569 0.792485 2 0.123866 0.800291 2 0.131691 0.799544 2 0.121286 0.809272 2 0.136100 0.801374 2 0.123754 0.814233 2 0.133794 0.795279 2 0.127724 0.818905 2 0.132388 0.819591 2 0.132505 0.828737 2 0.134144 0.831097 2 0.133720 0.842456 2 0.133727 0.845740 2
0 0.076418 0.850140 0.015231 0.070028 0.073363 0.831048 2 0.073288 0.829437 1 0.072733 0.829728 2 0.072056 0.829990 1 0.070416 0.830625 2 0.072809 0.836097 2 0.069296 0.839908 2 0.076316 0.835986 2 0.070245 0.850651 2 0.078856 0.831766 2 0.073669 0.857138 2 0.074197 0.856016 2 0.072708 0.857970 2 0.075057 0.864840 2 0.078844 0.865978 2 0.072941 0.870027 2 0.082840 0.873679 2
0 0.116071 0.624650 0.017857 0.061625 0.115606 0.581723 1 0.116133 0.581699 1 0.114626 0.581699 1 0.117466 0.581699 1 0.113923 0.581699 1 0.121182 0.581699 1 0.113563 0.585008 2 0.126865 0.591649 1 0.113343 0.596810 2 0.126445 0.611868 1 0.113654 0.600758 2 0.125943 0.607168 2 0.121322 0.609089 2 0.124572 0.624737 2 0.123015 0.627279 2 0.123180 0.643453 1 0.123446 0.645770 2
0 0.143645 0.827731 0.014181 0.066293 0.141479 0.801369 1 0.140898 0.800189 1 0.141500 0.799985 1 0.137812 0.801596 2 0.142093 0.801116 2 0.136589 0.810949 2 0.144071 0.808967 2 0.136410 0.819117 2 0.147619 0.820019 2 0.139275 0.821324 1 0.147403 0.821251 2 0.139411 0.828460 2 0.144701 0.827015 2 0.143284 0.839289 2 0.149160 0.830494 2 0.144065 0.854307 2 0.150630 0.843171 2
0 0.214286 0.508870 0.011555 0.054155 0.212243 0.490759 2 0.212767 0.489419 2 0.211601 0.489872 2 0.214050 0.489455 2 0.211181 0.490602 2 0.216596 0.495353 2 0.210823 0.496749 2 0.218881 0.503138 2 0.210696 0.504283 2 0.217562 0.509382 2 0.211394 0.510323 2 0.216952 0.510262 2 0.213089 0.510993 2 0.218327 0.520299 2 0.214147 0.521479 2 0.219198 0.529019 2 0.215595 0.529884 2
0 0.225578 0.497199 0.009979 0.051354 0.223222 0.483654 2 0.223585 0.482449 2 0.222800 0.482614 2 0.224391 0.481923 2 0.222485 0.482221 1 0.226072 0.486486 2 0.223059 0.487078 2 0.228255 0.493782 2 0.223525 0.494574 1 0.227339 0.499687 2 0.225016 0.499979 1 0.227481 0.499344 2 0.225470 0.499618 2 0.227095 0.507364 2 0.224977 0.507612 2 0.228224 0.516725 2 0.225736 0.517672 2
0 0.188813 0.437442 0.018382 0.042017 0.179797 0.418555 2 0.180707 0.415794 1 0.178830 0.415993 1 0.182543 0.414378 1 0.178838 0.414647 1 0.183451 0.422205 2 0.181316 0.421632 1 0.184619 0.444594 2 0.183988 0.444657 1 0.188393 0.436018 2 0.189323 0.436397 1 0.181721 0.458824 2 0.180182 0.458354 1 0.188939 0.458474 1 0.184269 0.456426 1 0.186048 0.462154 1 0.186213 0.461894 1
0 0.340599 0.834267 0.014181 0.060691 0.340695 0.810728 2 0.341639 0.809376 2 0.339958 0.809476 2 0.343389 0.809342 2 0.339104 0.809766 2 0.345101 0.814900 2 0.338515 0.815913 2 0.347227 0.820603 2 0.336744 0.822735 2 0.344680 0.827955 2 0.336062 0.831548 2 0.344624 0.831120 2 0.340487 0.831384 2 0.344840 0.843045 2 0.341258 0.843277 2 0.346103 0.853410 2 0.343071 0.854056 2
0 0.359506 0.831466 0.013130 0.060691 0.357920 0.809346 2 0.358501 0.807945 2 0.357160 0.808212 2 0.360237 0.806042 2 0.356968 0.806724 1 0.363449 0.810131 2 0.356250 0.809789 2 0.365507 0.820255 2 0.354082 0.817290 2 0.365605 0.830961 2 0.355113 0.825327 2 0.361929 0.827030 2 0.357639 0.826728 2 0.360075 0.840427 2 0.358497 0.839942 2 0.360074 0.853304 2 0.360571 0.852407 2
