0 0.278274 0.899471 0.038690 0.113757 0.282742 0.861764 2 0.284513 0.858017 2 0.280300 0.858555 2 0.287205 0.858265 2 0.276119 0.859545 2 0.292001 0.874757 2 0.274801 0.876842 2 0.293173 0.899845 2 0.271350 0.892867 2 0.290977 0.907806 2 0.272638 0.896482 2 0.288975 0.905231 2 0.276559 0.906875 2 0.292532 0.915727 2 0.274385 0.926235 2 0.291617 0.926760 2 0.268760 0.949463 2
0 0.268973 0.880952 0.034970 0.076720 0.263006 0.866004 2 0.265102 0.862267 2 0.261935 0.862051 2 0.270782 0.861737 2 0.262493 0.861286 1 0.275455 0.880102 2 0.264578 0.880949 2 0.276876 0.912032 1 0.265213 0.911315 1 0.269328 0.931386 1 0.263451 0.928090 1 0.273235 0.930313 1 0.266008 0.929500 1 0.268812 0.933862 1 0.262652 0.933862 1 0.271667 0.933862 1 0.264334 0.933862 1
0 0.541667 0.520503 0.041667 0.191799 0.541467 0.443170 2 0.543265 0.439782 2 0.539430 0.439904 2 0.545819 0.441882 2 0.536560 0.442015 2 0.550968 0.462893 2 0.532045 0.462386 2 0.554524 0.490354 2 0.528908 0.488321 2 0.557081 0.517917 2 0.528154 0.512978 2 0.546282 0.517700 2 0.533662 0.517138 2 0.545127 0.555491 2 0.531233 0.555246 2 0.542739 0.589820 2 0.532992 0.590818 2
0 0.591146 0.500661 0.030506 0.167989 0.594663 0.439243 2 0.595374 0.435994 2 0.592888 0.436063 2 0.595153 0.437646 1 0.588093 0.437428 2 0.597497 0.454709 2 0.583091 0.455635 2 0.602725 0.473162 2 0.579597 0.474422 2 0.601994 0.471846 2 0.590167 0.473536 2 0.594524 0.498294 2 0.584991 0.499489 2 0.593864 0.528445 2 0.584521 0.532241 2 0.592503 0.554254 2 0.584957 0.562537 2
0 0.648810 0.527778 0.020833 0.084656 0.642727 0.489253 2 0.644034 0.486920 2 0.641658 0.487269 2 0.646564 0.486664 2 0.640644 0.487556 2 0.649425 0.496068 2 0.639972 0.497933 2 0.652425 0.507002 2 0.639114 0.509310 2 0.651957 0.516663 2 0.639885 0.509038 2 0.648261 0.522200 2 0.641909 0.522768 2 0.648801 0.539148 2 0.641293 0.538688 2 0.649098 0.555044 2 0.642008 0.554782 2
0 0.635417 0.504630 0.034226 0.115079 0.642137 0.425743 1 0.643659 0.424603 1 0.640515 0.424603 1 0.646681 0.424603 1 0.638831 0.424603 1 0.652134 0.433656 2 0.635602 0.435416 2 0.654364 0.456330 2 0.632231 0.457697 2 0.649641 0.472374 2 0.635341 0.474721 2 0.649054 0.475925 2 0.637781 0.476676 2 0.648438 0.501925 1 0.637666 0.504425 1 0.649329 0.522473 1 0.635984 0.526707 1
0 0.644345 0.486111 0.034226 0.149471 0.643194 0.425435 2 0.644767 0.422275 2 0.641444 0.422812 2 0.647430 0.421646 2 0.638778 0.422948 2 0.652118 0.433924 2 0.635853 0.435928 2 0.654735 0.455085 2 0.633205 0.457321 2 0.651546 0.472617 2 0.637229 0.474128 2 0.649251 0.472849 2 0.638100 0.473684 2 0.649253 0.497572 1 0.634954 0.499382 1 0.649511 0.518788 1 0.635261 0.522107 1
0 0.915551 0.579365 0.061756 0.148148 0.921898 0.520807 1 0.923010 0.518554 2 0.924714 0.519534 1 0.924986 0.524523 2 0.934476 0.525432 1 0.919582 0.541345 2 0.938383 0.544141 2 0.903294 0.550580 2 0.943525 0.554499 2 0.893859 0.551427 2 0.938142 0.547717 1 0.917367 0.597151 2 0.928836 0.596605 2 0.895204 0.591464 2 0.909430 0.593420 2 0.900478 0.633694 2 0.916674 0.632243 2
0 0.908854 0.576720 0.034970 0.119048 0.921278 0.520393 2 0.922858 0.518416 2 0.923143 0.519058 1 0.925372 0.524497 2 0.928990 0.524804 1 0.919703 0.541536 2 0.933036 0.544097 2 0.905262 0.550137 2 0.922213 0.556136 1 0.894437 0.550781 2 0.908694 0.548171 1 0.914815 0.589238 2 0.923562 0.588039 2 0.892518 0.591938 2 0.903363 0.590799 2 0.900361 0.630740 2 0.906751 0.632382 2
0 0.853795 0.412698 0.031994 0.134921 0.858711 0.363981 2 0.860021 0.361403 2 0.857350 0.361066 2 0.860939 0.362743 2 0.854392 0.361410 2 0.863408 0.377581 2 0.850480 0.376723 2 0.864055 0.395496 2 0.845608 0.396122 2 0.863374 0.410239 2 0.845528 0.413158 2 0.858842 0.414270 2 0.851093 0.413455 2 0.856127 0.439442 2 0.852513 0.437175 2 0.847228 0.458698 2 0.850291 0.461547 2
0 0.828125 0.407407 0.034226 0.145503 0.833907 0.358212 2 0.835469 0.355706 2 0.833003 0.354474 2 0.836032 0.355530 2 0.830121 0.352018 2 0.837887 0.369054 2 0.824547 0.364870 2 0.839853 0.388971 2 0.815331 0.371766 2 0.840733 0.404600 2 0.821009 0.360958 2 0.832916 0.411393 2 0.824768 0.410328 2 0.827842 0.441590 2 0.822814 0.441531 2 0.824365 0.458286 2 0.823602 0.466472 2
0 0.497768 0.378968 0.028274 0.083333 0.496100 0.350752 2 0.497292 0.348255 2 0.495387 0.348425 2 0.500638 0.348612 2 0.496637 0.348585 1 0.501094 0.361555 2 0.501775 0.359254 2 0.496296 0.379777 2 0.497812 0.375974 1 0.490313 0.386863 2 0.491530 0.383964 1 0.502086 0.392010 2 0.502649 0.389102 2 0.487436 0.390148 2 0.490752 0.383883 2 0.492090 0.413116 2 0.493677 0.405407 2
0 0.617560 0.286376 0.023810 0.104497 0.616721 0.244289 2 0.617670 0.242602 2 0.615764 0.242360 2 0.618677 0.244203 2 0.614084 0.243608 2 0.621231 0.254949 2 0.611848 0.255801 2 0.622409 0.269257 2 0.609330 0.269325 2 0.623804 0.281963 2 0.608654 0.282609 2 0.618909 0.281603 2 0.612932 0.282259 2 0.617836 0.299619 2 0.613452 0.303511 2 0.615699 0.312912 2 0.614235 0.323024 2
0 0.446057 0.292989 0.020089 0.062169 0.446286 0.268337 2 0.447105 0.266707 2 0.445383 0.266797 2 0.448421 0.267431 2 0.444278 0.267581 2 0.450564 0.273993 2 0.443528 0.274235 2 0.452130 0.278888 2 0.441103 0.281529 2 0.453646 0.279615 2 0.439913 0.289973 2 0.449123 0.288318 2 0.444695 0.288106 2 0.450171 0.303664 2 0.446439 0.302594 2 0.448114 0.317584 2 0.446573 0.318747 2
0 0.431176 0.270503 0.017113 0.038360 0.432104 0.259427 2 0.432643 0.258211 2 0.431647 0.258437 2 0.433872 0.258122 2 0.431283 0.258533 1 0.435220 0.264366 2 0.431339 0.263764 2 0.434366 0.272904 2 0.428756 0.270066 2 0.430297 0.273502 2 0.427921 0.274477 2 0.434233 0.277742 2 0.431784 0.276816 2 0.427826 0.277179 2 0.426823 0.276697 2 0.427493 0.283557 2 0.427115 0.283066 2
0 0.511161 0.253968 0.013393 0.082011 0.513205 0.222113 2 0.513736 0.220417 2 0.512229 0.220595 2 0.513880 0.221137 1 0.510474 0.221476 2 0.513133 0.230155 2 0.510150 0.230473 2 0.512835 0.241222 1 0.509621 0.241351 2 0.514004 0.249639 2 0.512496 0.249769 2 0.512747 0.250891 2 0.510965 0.251184 2 0.511726 0.267201 2 0.510979 0.267943 2 0.510563 0.281931 2 0.510269 0.283010 2
0 0.560268 0.245370 0.014881 0.080688 0.560325 0.216643 2 0.561247 0.215155 2 0.559811 0.215157 2 0.562901 0.216091 2 0.559320 0.216114 2 0.564499 0.224837 2 0.557851 0.224736 2 0.565780 0.235839 2 0.555916 0.234613 2 0.564617 0.244629 2 0.555158 0.241665 2 0.562353 0.244461 2 0.557856 0.244235 2 0.562057 0.261326 2 0.557222 0.260909 2 0.562345 0.276217 2 0.557288 0.275667 2
0 0.548363 0.248677 0.013393 0.052910 0.555209 0.212245 1 0.555602 0.211640 1 0.555252 0.211640 1 0.556359 0.211720 1 0.556264 0.211744 1 0.556469 0.219673 1 0.556024 0.219502 2 0.553941 0.231571 2 0.554030 0.230502 2 0.549190 0.231967 2 0.549568 0.231400 2 0.557041 0.242408 2 0.556656 0.242307 2 0.557163 0.257991 2 0.556660 0.258302 2 0.556818 0.273958 1 0.556834 0.273744 1
