0 0.551339 0.378968 0.031250 0.123016 0.544582 0.338633 2 0.545705 0.336907 2 0.544796 0.336277 1 0.549837 0.336364 2 0.546831 0.334834 1 0.555882 0.348883 2 0.550057 0.347254 2 0.558538 0.364034 2 0.551070 0.366509 2 0.557747 0.384387 2 0.548955 0.379951 2 0.555686 0.386970 2 0.549820 0.383784 2 0.553529 0.411654 2 0.540381 0.399780 2 0.566969 0.428724 2 0.539239 0.421083 2
0 0.659598 0.181878 0.023065 0.072751 0.664171 0.155869 1 0.664015 0.154456 1 0.664363 0.154683 1 0.662078 0.154829 2 0.665366 0.155392 2 0.659627 0.161986 2 0.665947 0.163320 2 0.657150 0.171184 2 0.666398 0.174012 2 0.656323 0.178874 2 0.666244 0.180880 2 0.659037 0.180696 2 0.663211 0.181265 2 0.658318 0.195740 2 0.661937 0.196860 2 0.657775 0.210741 2 0.660386 0.211633 2
0 0.598958 0.401455 0.026786 0.141534 0.592867 0.343529 2 0.593431 0.340810 2 0.593230 0.340879 1 0.596107 0.342851 2 0.597765 0.342942 1 0.598773 0.360390 2 0.597284 0.359004 2 0.600396 0.381834 2 0.599310 0.377599 1 0.592417 0.384604 2 0.592699 0.380382 2 0.594281 0.396903 2 0.594146 0.395186 2 0.585813 0.420466 2 0.591242 0.420879 2 0.583318 0.445903 2 0.598207 0.438838 2
0 0.450149 0.485450 0.038690 0.158730 0.453559 0.429506 1 0.453748 0.426303 1 0.454115 0.427028 1 0.450739 0.428950 2 0.458977 0.429933 2 0.446273 0.447955 2 0.461763 0.449723 2 0.443793 0.468008 2 0.465908 0.471955 2 0.449239 0.470743 1 0.466841 0.473910 2 0.447630 0.491534 2 0.459250 0.492592 2 0.444929 0.523136 2 0.463033 0.524130 2 0.443844 0.552428 2 0.467049 0.551650 2
0 0.427455 0.408730 0.027530 0.145503 0.439926 0.355994 1 0.438523 0.353268 1 0.439477 0.353448 1 0.430883 0.355155 2 0.437793 0.356336 2 0.425611 0.370967 2 0.438573 0.373338 2 0.422968 0.389029 2 0.442685 0.394586 2 0.426801 0.405315 2 0.444460 0.406932 2 0.426567 0.410690 2 0.436041 0.411889 2 0.427827 0.440544 2 0.440791 0.440635 2 0.424305 0.468491 2 0.441062 0.468784 2
0 0.471726 0.476190 0.035714 0.156085 0.472258 0.411629 1 0.471832 0.408672 1 0.472681 0.408642 1 0.467862 0.410542 2 0.476163 0.410477 2 0.464331 0.427891 2 0.479831 0.428532 2 0.463121 0.449969 2 0.484030 0.449418 2 0.465221 0.465414 1 0.486349 0.464567 2 0.466237 0.468699 2 0.477244 0.469108 2 0.464963 0.501159 2 0.478089 0.503772 2 0.464388 0.530154 2 0.477170 0.536294 2
0 0.297619 0.414683 0.026786 0.128307 0.299512 0.360041 2 0.298505 0.357668 1 0.298657 0.357708 2 0.293445 0.360677 1 0.295485 0.361335 2 0.290597 0.375744 2 0.294260 0.376711 2 0.290584 0.394565 1 0.293787 0.397673 2 0.296841 0.407795 1 0.298843 0.413991 2 0.290230 0.408117 2 0.293219 0.409133 2 0.294511 0.438836 2 0.299045 0.439283 2 0.293336 0.467297 2 0.299455 0.469857 2
0 0.498512 0.374339 0.040179 0.121693 0.512330 0.339320 2 0.511538 0.336620 1 0.511605 0.337162 2 0.505337 0.335643 1 0.508176 0.337686 2 0.499267 0.343774 2 0.505789 0.349242 2 0.503231 0.356464 2 0.509715 0.364397 2 0.510494 0.351281 2 0.513266 0.351182 2 0.488068 0.371582 2 0.493208 0.374428 2 0.486330 0.394071 2 0.495551 0.401116 2 0.477157 0.410121 2 0.487949 0.418265 2
0 0.365699 0.443122 0.037946 0.153439 0.386451 0.343947 2 0.386565 0.340974 2 0.385202 0.341375 2 0.384781 0.340361 1 0.381158 0.341388 2 0.382494 0.353990 2 0.378171 0.355310 2 0.380750 0.372868 1 0.372584 0.373303 2 0.383959 0.390939 2 0.375385 0.391433 2 0.381382 0.393565 2 0.378782 0.394987 2 0.382507 0.421006 2 0.380357 0.423675 2 0.383402 0.448059 2 0.381404 0.451905 2
0 0.134301 0.370370 0.036458 0.126984 0.129980 0.321094 2 0.131220 0.318675 2 0.128725 0.318882 2 0.133369 0.319105 2 0.126828 0.319900 2 0.137762 0.331646 2 0.124655 0.335476 2 0.144240 0.343838 2 0.123709 0.353447 2 0.140492 0.351376 2 0.125111 0.370932 2 0.139682 0.366336 2 0.130757 0.368598 2 0.143043 0.391994 2 0.132444 0.395443 2 0.147837 0.416942 2 0.134417 0.420854 2
0 0.312500 0.327381 0.022321 0.109788 0.311336 0.287276 2 0.312805 0.285406 2 0.311015 0.285116 1 0.315989 0.286667 2 0.312152 0.285842 1 0.315147 0.297131 2 0.312651 0.295158 2 0.310868 0.307857 2 0.308926 0.306034 1 0.307264 0.304215 2 0.307162 0.305584 1 0.313323 0.324304 2 0.311639 0.323108 2 0.311542 0.346326 2 0.310785 0.343845 2 0.316006 0.367525 2 0.313892 0.363829 2
0 0.535342 0.199074 0.021577 0.091270 0.539894 0.220678 2 0.539275 0.218650 1 0.539439 0.218931 2 0.535648 0.217497 1 0.536831 0.218432 2 0.532178 0.225971 2 0.535362 0.227813 2 0.532643 0.237409 2 0.535313 0.242451 2 0.536956 0.242431 1 0.536631 0.254434 2 0.532419 0.252402 2 0.535006 0.253849 2 0.532872 0.261181 1 0.537425 0.261181 1 0.531732 0.261181 1 0.536138 0.261181 1
0 0.972098 0.292989 0.034970 0.117725 0.984553 0.251137 2 0.984700 0.248940 1 0.983797 0.248632 2 0.983142 0.248245 1 0.979643 0.247142 2 0.982222 0.262127 2 0.970548 0.257267 2 0.983679 0.277273 2 0.963358 0.270364 2 0.984218 0.290654 2 0.966186 0.279980 2 0.976487 0.295751 2 0.968413 0.293226 2 0.973885 0.321271 2 0.964401 0.313907 2 0.971959 0.341685 2 0.960135 0.326306 2
0 0.789807 0.275794 0.024554 0.099206 0.792140 0.241212 2 0.792176 0.239353 2 0.791256 0.238934 2 0.790899 0.240613 1 0.788134 0.239600 2 0.789882 0.250624 2 0.783477 0.248773 2 0.790465 0.264485 2 0.780981 0.263204 2 0.793366 0.271818 2 0.787672 0.270586 2 0.788047 0.271916 2 0.783222 0.272597 2 0.801731 0.279778 2 0.792581 0.279633 2 0.797623 0.301521 2 0.790792 0.300861 2
0 0.808408 0.269841 0.024554 0.089947 0.812751 0.239297 2 0.812078 0.237413 1 0.811979 0.237699 2 0.809258 0.238430 1 0.808938 0.239755 2 0.807443 0.245083 2 0.805071 0.249709 2 0.810419 0.260569 2 0.807746 0.264106 2 0.814497 0.268295 2 0.812787 0.272812 2 0.806913 0.267237 2 0.805128 0.272069 2 0.818002 0.267897 2 0.814234 0.282972 2 0.812243 0.286193 2 0.813783 0.303400 2
0 0.846726 0.876984 0.058036 0.222222 0.855485 0.806311 2 0.858207 0.801302 2 0.852551 0.800832 2 0.861233 0.802448 2 0.846666 0.800767 2 0.862891 0.828254 2 0.841602 0.826257 2 0.870248 0.859317 2 0.845532 0.858538 2 0.868544 0.881900 2 0.855150 0.880502 2 0.856328 0.893195 2 0.841301 0.891992 2 0.855757 0.936030 2 0.836231 0.933623 2 0.850655 0.974253 2 0.830694 0.970085 2
0 0.538318 0.325397 0.026042 0.108466 0.543782 0.336900 2 0.544842 0.334691 2 0.544159 0.334644 1 0.548512 0.335590 2 0.546934 0.335246 1 0.554464 0.347497 2 0.548190 0.347580 2 0.555978 0.367135 2 0.550807 0.366608 2 0.555978 0.385244 1 0.549428 0.376967 1 0.553690 0.385232 2 0.548290 0.383837 2 0.552471 0.399884 1 0.540020 0.396133 1 0.554781 0.399884 1 0.541559 0.399884 1
0 0.520089 0.296296 0.025298 0.084656 0.536038 0.238095 1 0.535688 0.238095 1 0.535859 0.238095 1 0.534246 0.238095 1 0.534812 0.238095 1 0.532650 0.238095 1 0.534138 0.238095 1 0.532034 0.242684 1 0.534682 0.243365 2 0.533597 0.251632 2 0.536000 0.253339 2 0.533313 0.251910 2 0.533462 0.252390 2 0.535455 0.267999 2 0.532490 0.268771 2 0.534870 0.283391 2 0.527247 0.282798 2
0 0.480655 0.157407 0.017857 0.063492 0.479012 0.137156 2 0.479583 0.135981 2 0.478571 0.136000 2 0.480537 0.135884 2 0.478151 0.135967 2 0.481993 0.141569 2 0.477125 0.141919 2 0.485259 0.147048 2 0.475153 0.146338 2 0.483816 0.149709 2 0.476330 0.142664 2 0.480829 0.157148 2 0.477574 0.157279 2 0.481443 0.169131 2 0.476796 0.169543 2 0.482211 0.182135 2 0.475990 0.182211 2
0 0.095238 0.315476 0.017857 0.067460 0.100891 0.300978 2 0.101752 0.299306 2 0.099865 0.299355 2 0.102874 0.299514 2 0.098109 0.299888 2 0.103552 0.306720 2 0.095193 0.307050 2 0.106718 0.315300 2 0.090724 0.315305 2 0.104538 0.317891 2 0.088095 0.326805 2 0.100810 0.324251 2 0.095521 0.324653 2 0.104451 0.320348 2 0.095725 0.322970 2 0.104091 0.336809 2 0.097738 0.337803 2
0 0.624256 0.138228 0.014881 0.072751 0.626563 0.113486 2 0.626943 0.112433 2 0.625973 0.112353 2 0.627320 0.113289 1 0.624847 0.113015 2 0.627995 0.120568 2 0.623473 0.119294 2 0.628437 0.128730 2 0.621734 0.124153 2 0.629092 0.133889 2 0.625099 0.124726 2 0.626582 0.137979 2 0.623099 0.137527 2 0.627653 0.150665 2 0.621860 0.150661 2 0.628520 0.163914 2 0.620253 0.164639 2
0 0.188244 0.170635 0.016369 0.034392 0.186761 0.161020 1 0.186814 0.160329 1 0.187117 0.160238 1 0.187128 0.160599 2 0.189038 0.160289 2 0.186725 0.164590 2 0.190038 0.164160 2 0.186348 0.169841 2 0.190856 0.168819 2 0.186015 0.172424 2 0.190590 0.170963 1 0.187987 0.172871 2 0.190197 0.172773 2 0.188879 0.177581 2 0.190733 0.178123 2 0.190092 0.184192 2 0.191293 0.184453 2
0 0.147693 0.121032 0.015625 0.048942 0.152704 0.107205 1 0.151976 0.106033 1 0.152655 0.106109 1 0.148905 0.106185 1 0.151724 0.106692 2 0.147468 0.111596 2 0.150859 0.112282 2 0.149203 0.117907 1 0.153739 0.118385 2 0.152660 0.118259 1 0.155116 0.115912 1 0.148061 0.127329 2 0.150362 0.128178 2 0.151084 0.127268 2 0.152756 0.128217 2 0.150769 0.137873 2 0.152244 0.137503 2
0 0.809152 0.212302 0.017113 0.062169 0.811902 0.239589 1 0.810770 0.238044 1 0.811590 0.238284 2 0.805660 0.238340 1 0.809354 0.239478 2 0.802228 0.246682 2 0.809461 0.247616 2 0.799688 0.255167 1 0.810709 0.255167 1 0.800777 0.254065 1 0.811897 0.253116 1 0.802862 0.255167 1 0.807691 0.255167 1 0.803708 0.247846 1 0.808646 0.248054 1 0.802769 0.254236 1 0.807551 0.254086 1
0 0.436384 0.112434 0.012649 0.055556 0.435621 0.095456 1 0.435674 0.094305 1 0.435894 0.094442 1 0.435359 0.094891 2 0.437817 0.094969 2 0.434331 0.101166 2 0.439164 0.101016 2 0.432945 0.107454 2 0.440465 0.108091 2 0.433111 0.110248 2 0.440920 0.114096 2 0.435305 0.115182 2 0.438575 0.115022 2 0.434890 0.125981 2 0.438321 0.125567 2 0.435141 0.136604 2 0.438410 0.135628 2
0 0.397693 0.095238 0.012649 0.052910 0.398603 0.077526 2 0.399001 0.076598 2 0.398096 0.076607 2 0.399493 0.077065 1 0.397284 0.077055 2 0.400043 0.082510 2 0.396289 0.082353 2 0.400755 0.088382 2 0.394662 0.087777 2 0.400765 0.093599 2 0.395206 0.092465 2 0.399476 0.093480 2 0.397065 0.093556 2 0.399586 0.101872 2 0.397293 0.102165 2 0.399632 0.110507 2 0.397057 0.110648 2
0 0.135789 0.104497 0.014137 0.050265 0.136313 0.089217 1 0.136365 0.088313 1 0.136623 0.088241 1 0.136588 0.088457 2 0.138830 0.088099 1 0.136322 0.092967 2 0.140651 0.092574 2 0.135612 0.099836 2 0.142239 0.098970 2 0.135179 0.105538 2 0.142039 0.103294 1 0.138078 0.105865 2 0.140957 0.105705 2 0.138223 0.115558 2 0.140791 0.115698 2 0.139175 0.124802 2 0.141346 0.125238 2
0 0.801339 0.164683 0.014881 0.048942 0.804622 0.149908 2 0.804016 0.148606 1 0.804433 0.148979 2 0.801479 0.148100 1 0.803477 0.149480 2 0.799681 0.152091 2 0.803583 0.155526 2 0.800156 0.152606 2 0.804954 0.161320 2 0.803698 0.152754 2 0.806829 0.158129 2 0.798556 0.167099 2 0.801052 0.168305 2 0.798969 0.175940 2 0.800103 0.176471 2 0.798374 0.183228 2 0.798627 0.183548 2
0 0.255580 0.108466 0.012649 0.034392 0.260692 0.084713 1 0.260657 0.084656 1 0.260448 0.084656 1 0.260276 0.084656 1 0.260137 0.084656 1 0.259917 0.084656 1 0.259737 0.084656 1 0.257876 0.089302 1 0.258096 0.089334 1 0.258519 0.096034 1 0.258856 0.095594 1 0.260737 0.094142 2 0.260586 0.094407 2 0.260803 0.106384 2 0.260725 0.106674 2 0.260115 0.123133 2 0.259946 0.123765 2
0 0.970610 0.287037 0.027530 0.103175 0.983735 0.250573 2 0.984197 0.248512 2 0.982772 0.248181 2 0.983715 0.248359 1 0.978769 0.246942 2 0.982347 0.262441 2 0.970689 0.257082 2 0.983098 0.276801 2 0.963693 0.269734 2 0.984093 0.290523 2 0.966162 0.279659 2 0.976767 0.294790 2 0.968776 0.292153 2 0.973746 0.320632 2 0.964407 0.312712 2 0.971877 0.341666 2 0.960101 0.324570 2
0 0.979167 0.263228 0.037202 0.129630 0.984171 0.250469 2 0.984505 0.248409 2 0.983293 0.248047 2 0.983689 0.248431 1 0.979255 0.246884 2 0.982483 0.262513 2 0.971008 0.257061 2 0.983966 0.277004 2 0.963607 0.270087 2 0.984282 0.290704 2 0.966948 0.280182 2 0.976663 0.295216 2 0.968797 0.292385 2 0.973517 0.321516 2 0.964198 0.313031 2 0.971812 0.342158 2 0.959788 0.325203 2
0 0.553943 0.085979 0.008185 0.037037 0.554702 0.075371 1 0.554614 0.074639 1 0.554845 0.074662 1 0.553758 0.075073 2 0.555568 0.075130 2 0.553156 0.079364 2 0.555977 0.079298 2 0.551896 0.083422 2 0.557936 0.082354 2 0.551621 0.085716 1 0.558543 0.082313 2 0.553516 0.088344 2 0.555311 0.088314 2 0.553382 0.094013 2 0.555320 0.094185 2 0.552876 0.098757 2 0.555598 0.099035 2
0 0.465774 0.209656 0.017857 0.078042 0.467175 0.179156 2 0.467630 0.177558 2 0.466267 0.177683 2 0.467842 0.178691 1 0.464476 0.178795 2 0.469123 0.187718 2 0.462835 0.188739 2 0.471074 0.196778 2 0.461979 0.200867 2 0.470675 0.194943 2 0.467025 0.200290 2 0.468810 0.209974 2 0.464857 0.210591 2 0.468265 0.227058 2 0.466882 0.227482 2 0.465565 0.240710 2 0.465459 0.242302 2
0 0.742932 0.133598 0.017113 0.052910 0.747632 0.114524 2 0.748148 0.113580 2 0.747053 0.113485 2 0.748839 0.114352 2 0.745982 0.114111 2 0.749645 0.120500 2 0.744307 0.120492 2 0.750540 0.127180 2 0.743243 0.127746 2 0.750776 0.130217 2 0.745623 0.130821 2 0.748644 0.135045 2 0.745030 0.135214 2 0.747938 0.146627 2 0.744365 0.146966 2 0.747526 0.157159 2 0.743503 0.157269 2
0 0.955729 0.174603 0.020089 0.063492 0.953014 0.156605 2 0.953067 0.155078 2 0.953246 0.154979 1 0.954919 0.154059 2 0.956516 0.153762 1 0.955932 0.161372 2 0.959843 0.159669 2 0.953631 0.174712 2 0.958498 0.170519 1 0.951470 0.184308 2 0.953879 0.178933 1 0.955126 0.180835 2 0.957842 0.179336 2 0.952695 0.192877 2 0.954148 0.191715 2 0.953540 0.207462 2 0.953835 0.206297 2
0 0.905134 0.185847 0.020089 0.043651 0.904558 0.175281 2 0.905301 0.173707 2 0.904147 0.173857 2 0.906926 0.174018 2 0.903905 0.174270 1 0.908852 0.180336 2 0.902630 0.180146 2 0.907262 0.190085 2 0.900973 0.188499 2 0.901476 0.194568 2 0.900440 0.194252 2 0.907050 0.197143 2 0.902679 0.196546 2 0.905949 0.190069 2 0.897935 0.189712 2 0.902087 0.199100 2 0.898420 0.198828 2
0 0.940848 0.193122 0.018601 0.034392 0.941203 0.181893 2 0.942146 0.180357 2 0.940812 0.180257 2 0.943753 0.180712 2 0.940626 0.180284 1 0.944893 0.186542 2 0.940299 0.184606 2 0.945051 0.196119 2 0.937254 0.190531 2 0.939130 0.197971 2 0.935315 0.194217 2 0.943695 0.199240 2 0.940852 0.197588 2 0.940676 0.199316 2 0.935111 0.198074 2 0.936938 0.202335 2 0.937150 0.201849 2
0 0.925967 0.189815 0.018601 0.035714 0.925513 0.186272 2 0.926340 0.184270 2 0.924670 0.184720 2 0.927964 0.183128 2 0.923659 0.184312 2 0.930315 0.189572 2 0.922813 0.190904 2 0.930946 0.197251 2 0.921306 0.196963 2 0.926354 0.196620 2 0.921316 0.196393 2 0.929372 0.204639 2 0.924248 0.204895 2 0.927963 0.200789 1 0.920798 0.202333 1 0.928549 0.201731 1 0.924186 0.203533 1
