0 0.913318 0.646825 0.061756 0.142857 0.925199 0.596099 1 0.925502 0.593402 1 0.927544 0.594589 1 0.923773 0.598763 2 0.935839 0.600491 2 0.917357 0.615782 2 0.940611 0.621354 2 0.904699 0.615165 2 0.942322 0.630752 1 0.913428 0.601194 2 0.931074 0.611349 1 0.914729 0.671699 2 0.929667 0.671997 2 0.896112 0.665464 2 0.911865 0.663007 2 0.904745 0.703110 2 0.920336 0.699111 2
0 0.909226 0.642196 0.034226 0.117725 0.923158 0.595871 1 0.923812 0.593042 1 0.925370 0.593488 1 0.924104 0.598279 2 0.932736 0.598504 1 0.919279 0.617557 2 0.933036 0.619862 2 0.904230 0.613878 2 0.921495 0.621342 1 0.913869 0.602192 2 0.918026 0.606232 1 0.916937 0.669616 2 0.927689 0.668600 2 0.896824 0.667236 2 0.911145 0.664605 2 0.903755 0.699449 2 0.917534 0.702060 2
0 0.457217 0.748016 0.045387 0.162698 0.454692 0.694539 2 0.457161 0.689656 2 0.452348 0.690415 2 0.462927 0.688546 2 0.452564 0.689079 1 0.465520 0.713515 2 0.461957 0.702215 2 0.457541 0.749623 2 0.455888 0.733812 2 0.442193 0.764198 2 0.446695 0.751374 2 0.465463 0.767277 2 0.463457 0.756359 2 0.438285 0.764657 2 0.442630 0.733329 2 0.447686 0.812408 2 0.450393 0.769201 2
0 0.681920 0.542328 0.040923 0.179894 0.683066 0.474742 2 0.685133 0.471853 2 0.681322 0.471270 2 0.687186 0.474668 2 0.678356 0.472948 2 0.691696 0.492380 2 0.673881 0.493733 2 0.693667 0.516456 2 0.663848 0.512413 2 0.696247 0.537017 2 0.670625 0.531174 2 0.686771 0.540137 2 0.676761 0.542343 2 0.680395 0.570236 2 0.679781 0.581665 2 0.671358 0.588245 2 0.680698 0.615785 2
0 0.357143 0.455688 0.028274 0.104497 0.351831 0.424354 1 0.352115 0.422426 1 0.351883 0.422095 1 0.354168 0.421277 2 0.354708 0.420407 1 0.358410 0.429820 2 0.356710 0.426940 2 0.359244 0.444623 2 0.355298 0.438684 2 0.354476 0.449769 2 0.351442 0.439625 2 0.360121 0.455865 2 0.359060 0.453644 2 0.358467 0.478151 2 0.356987 0.473712 2 0.361691 0.497477 2 0.360404 0.493225 2
0 0.349330 0.368386 0.020089 0.048942 0.349102 0.354151 2 0.349809 0.352455 2 0.347989 0.352455 2 0.350674 0.353206 1 0.346161 0.353091 2 0.352440 0.362030 2 0.345477 0.360632 2 0.353196 0.372976 2 0.342681 0.369945 2 0.353244 0.377994 2 0.340861 0.376311 2 0.351482 0.377573 2 0.346582 0.376508 2 0.352083 0.378572 2 0.342452 0.376674 2 0.351075 0.386118 2 0.342586 0.385472 2
0 0.456845 0.372354 0.017857 0.107143 0.458430 0.333077 2 0.459092 0.330961 2 0.457053 0.331432 2 0.459760 0.332203 1 0.454865 0.333207 2 0.460399 0.343645 2 0.453906 0.344605 2 0.460449 0.358098 2 0.451551 0.359425 2 0.461829 0.370208 2 0.452693 0.373573 2 0.459663 0.373400 2 0.455534 0.373948 2 0.458354 0.394734 2 0.455613 0.396326 2 0.457124 0.413903 2 0.455553 0.415952 2
0 0.483631 0.355159 0.022321 0.112434 0.483833 0.313172 2 0.484661 0.311222 2 0.482726 0.311316 2 0.485210 0.312106 1 0.480667 0.312376 2 0.485519 0.322363 2 0.478819 0.323489 2 0.485465 0.334501 2 0.475994 0.335684 2 0.484197 0.337157 2 0.475027 0.337110 2 0.485200 0.350686 2 0.480629 0.351626 2 0.487143 0.373944 2 0.481685 0.376212 2 0.489595 0.396049 2 0.483219 0.399286 2
0 0.523810 0.361111 0.019345 0.108466 0.524403 0.320088 2 0.525460 0.318002 2 0.523403 0.318190 2 0.527420 0.319492 2 0.522172 0.319899 2 0.529527 0.332462 2 0.520379 0.332198 2 0.531427 0.346957 2 0.517011 0.345537 2 0.531739 0.359540 2 0.517884 0.356269 2 0.526950 0.358147 2 0.520860 0.357889 2 0.526706 0.380981 2 0.520268 0.380692 2 0.527537 0.402785 2 0.519594 0.402006 2
0 0.537574 0.351852 0.017113 0.097884 0.536169 0.313289 2 0.537065 0.311305 2 0.534993 0.311417 2 0.538257 0.312721 2 0.533144 0.312751 2 0.540460 0.322895 2 0.531031 0.323083 2 0.543690 0.333385 2 0.529457 0.334762 1 0.540301 0.339251 2 0.533388 0.341378 1 0.538988 0.348480 2 0.532749 0.348767 2 0.539480 0.370396 2 0.532535 0.371173 2 0.537335 0.391718 2 0.532001 0.391992 2
0 0.562500 0.292328 0.017857 0.063492 0.561235 0.273145 2 0.562021 0.271275 2 0.560373 0.271328 2 0.563202 0.270884 2 0.559221 0.271155 2 0.564995 0.277008 2 0.557484 0.277754 2 0.567939 0.284462 2 0.556352 0.286803 2 0.566793 0.290674 2 0.557082 0.294043 2 0.564078 0.294350 2 0.558785 0.294614 2 0.567592 0.303510 2 0.555205 0.304231 2 0.566615 0.317263 2 0.558089 0.316942 2
