0 0.241443 0.529101 0.004464 0.025132 0.240968 0.520145 2 0.241142 0.519683 2 0.240717 0.519772 2 0.241448 0.519727 2 0.240403 0.519935 2 0.242283 0.522067 2 0.240186 0.522272 2 0.243005 0.524973 2 0.239671 0.524879 2 0.242940 0.527832 2 0.239564 0.527483 2 0.241997 0.528412 2 0.240564 0.528447 2 0.242086 0.532761 2 0.240304 0.532936 2 0.242324 0.537160 2 0.240185 0.537848 2
0 0.247024 0.855489 0.010417 0.025794 0.248554 0.846108 1 0.248336 0.845360 1 0.248577 0.845528 1 0.246640 0.845322 2 0.248546 0.845886 2 0.244926 0.848905 2 0.248722 0.849608 2 0.243585 0.854048 2 0.250448 0.854260 2 0.243803 0.858124 1 0.252014 0.853766 2 0.245276 0.860155 2 0.247913 0.860582 2 0.245859 0.862908 2 0.249884 0.862743 2 0.245892 0.869750 1 0.249997 0.868580 2
0 0.574963 0.925265 0.010789 0.027778 0.573700 0.914483 1 0.573680 0.913810 1 0.573901 0.913956 1 0.573150 0.914268 2 0.575339 0.914301 2 0.571870 0.918819 2 0.576901 0.918382 2 0.570833 0.923472 2 0.577727 0.922660 2 0.569958 0.923128 1 0.577002 0.923373 1 0.572112 0.930994 2 0.575813 0.930682 2 0.570203 0.927916 2 0.576280 0.927149 2 0.570283 0.938125 2 0.575716 0.936565 2
0 0.805432 0.531415 0.005952 0.024471 0.805514 0.521098 1 0.805553 0.520562 1 0.805745 0.520577 1 0.805799 0.520852 2 0.807133 0.520705 2 0.805838 0.523875 2 0.807603 0.523406 2 0.804969 0.527273 2 0.807701 0.525645 1 0.803950 0.528051 2 0.806741 0.524193 1 0.805538 0.530669 2 0.806776 0.530360 2 0.804786 0.534974 2 0.806323 0.534906 2 0.804207 0.539357 2 0.806381 0.539174 2
0 0.832589 0.544643 0.006696 0.024471 0.832944 0.534722 1 0.832902 0.534226 1 0.833067 0.534311 1 0.832319 0.534396 2 0.833520 0.534608 2 0.831653 0.536945 2 0.833620 0.537285 2 0.830904 0.539388 2 0.834475 0.540054 2 0.831134 0.539946 2 0.834895 0.542252 2 0.831812 0.543288 2 0.832974 0.543490 2 0.832053 0.547598 2 0.832434 0.547894 2 0.832463 0.550070 1 0.832300 0.550058 1
0 0.719866 0.372024 0.004464 0.017857 0.720270 0.366783 2 0.720417 0.366487 2 0.720129 0.366466 2 0.720573 0.366619 1 0.719917 0.366560 2 0.720792 0.368253 2 0.719496 0.368348 2 0.721409 0.369767 2 0.719000 0.370059 2 0.721046 0.370378 2 0.719654 0.370001 2 0.720529 0.372239 2 0.719763 0.372309 2 0.720179 0.375325 2 0.719850 0.375439 2 0.720026 0.378599 2 0.719870 0.378641 2
0 0.977121 0.687169 0.007068 0.031746 0.978337 0.676677 1 0.978383 0.676039 1 0.978438 0.676027 1 0.978689 0.675885 2 0.979533 0.675793 1 0.979101 0.678799 2 0.979988 0.678650 2 0.978159 0.682770 2 0.979783 0.682687 1 0.977159 0.682988 2 0.978778 0.683691 1 0.978719 0.686526 2 0.979452 0.686260 2 0.977015 0.691144 2 0.978654 0.691146 2 0.976530 0.695969 2 0.979474 0.696100 2
0 0.989211 0.685847 0.008929 0.034392 0.989282 0.674307 1 0.989410 0.673670 1 0.989734 0.673839 1 0.989838 0.674245 2 0.991505 0.674480 1 0.989264 0.677858 2 0.992078 0.678692 2 0.987995 0.681796 2 0.992756 0.683463 2 0.986799 0.684690 2 0.992745 0.687415 2 0.988675 0.686559 2 0.990426 0.686849 2 0.987968 0.691427 2 0.989224 0.692548 2 0.988248 0.696935 2 0.988923 0.698156 2
0 0.761905 0.410714 0.006696 0.018519 0.762591 0.405372 1 0.762474 0.404997 1 0.762623 0.405010 1 0.761787 0.405039 2 0.762704 0.405155 2 0.761299 0.406955 2 0.762663 0.407085 2 0.760818 0.409412 2 0.763102 0.409420 2 0.760988 0.411325 1 0.763353 0.411332 2 0.761384 0.411643 2 0.762274 0.411724 2 0.761500 0.414561 2 0.762146 0.414751 2 0.761309 0.417480 2 0.761949 0.417598 2
0 0.745536 0.406746 0.005952 0.021164 0.745818 0.400688 1 0.745866 0.400346 1 0.745812 0.400340 1 0.745858 0.400495 1 0.746015 0.400462 2 0.745995 0.402443 2 0.745913 0.402401 2 0.746196 0.404765 2 0.745863 0.404731 2 0.746086 0.406480 2 0.745816 0.406577 2 0.745839 0.406874 2 0.745818 0.406816 2 0.745592 0.409994 2 0.745544 0.410006 2 0.745339 0.413084 2 0.745367 0.413061 2
0 0.603237 0.750992 0.010789 0.031085 0.604151 0.739920 2 0.604398 0.739353 2 0.603873 0.739433 1 0.604852 0.738709 2 0.603530 0.738819 2 0.605875 0.740122 2 0.602623 0.739459 2 0.606807 0.743944 2 0.601900 0.743822 2 0.605399 0.745992 2 0.602998 0.745892 2 0.605646 0.748184 2 0.603221 0.747633 2 0.606315 0.754941 2 0.601540 0.752277 2 0.606821 0.763434 2 0.601919 0.758517 2
0 0.615141 0.720569 0.008557 0.029762 0.617501 0.707302 1 0.617478 0.706776 1 0.617706 0.706879 1 0.616904 0.706931 2 0.618414 0.707123 2 0.615917 0.709430 2 0.618564 0.709951 2 0.614554 0.711784 2 0.618540 0.712919 2 0.614786 0.712548 1 0.618284 0.714637 1 0.616287 0.717182 2 0.618036 0.717508 2 0.616091 0.720694 2 0.617845 0.721008 2 0.616199 0.725293 2 0.617763 0.725193 2
