0 0.545015 0.589947 0.040923 0.206349 0.541512 0.506070 2 0.543642 0.502531 2 0.539455 0.502458 2 0.546751 0.504787 2 0.536596 0.504704 2 0.553324 0.525850 2 0.533185 0.528798 2 0.557472 0.555707 2 0.529336 0.556570 2 0.562312 0.587310 2 0.528420 0.583451 2 0.549920 0.586075 2 0.536461 0.588032 2 0.549352 0.624782 2 0.535766 0.632352 2 0.547390 0.655911 2 0.535558 0.673830 2
0 0.602307 0.564815 0.034970 0.179894 0.606971 0.503312 2 0.607977 0.499716 2 0.605034 0.500239 2 0.608279 0.499168 1 0.600140 0.499945 2 0.608370 0.516445 2 0.593033 0.516842 2 0.613332 0.532996 2 0.593156 0.541306 2 0.615009 0.532637 2 0.605790 0.538136 2 0.605866 0.566286 2 0.594978 0.566088 2 0.606204 0.602649 2 0.593388 0.596440 2 0.607240 0.637762 2 0.593001 0.621923 2
0 0.664435 0.595238 0.020833 0.092593 0.660734 0.549448 2 0.661978 0.547601 2 0.659668 0.547308 2 0.663823 0.549443 2 0.658234 0.548600 2 0.665801 0.561514 2 0.655829 0.559976 2 0.669070 0.574896 2 0.653633 0.568424 2 0.666507 0.583888 2 0.657496 0.561783 2 0.663950 0.591099 2 0.657163 0.590833 2 0.663939 0.611473 2 0.656765 0.610686 2 0.664429 0.629237 2 0.657247 0.627016 2
0 0.649182 0.572751 0.031994 0.124339 0.656169 0.486772 1 0.657571 0.486772 1 0.654862 0.486772 1 0.660221 0.486772 1 0.653027 0.486772 1 0.665546 0.491032 2 0.647554 0.491016 2 0.668737 0.512806 2 0.644310 0.513644 2 0.664585 0.533147 2 0.648358 0.532950 2 0.662412 0.535608 2 0.650277 0.535774 2 0.662282 0.564520 1 0.650843 0.565017 1 0.662444 0.587985 1 0.650236 0.588480 1
0 0.658110 0.550926 0.037946 0.160053 0.655891 0.478865 2 0.657560 0.475334 2 0.653971 0.475975 2 0.660343 0.474735 2 0.650934 0.476200 2 0.665850 0.489321 2 0.647480 0.491933 2 0.669507 0.512318 2 0.644053 0.515484 2 0.666839 0.532640 2 0.647626 0.532434 2 0.663390 0.535276 2 0.650891 0.536504 2 0.663522 0.568244 1 0.648615 0.570062 1 0.664852 0.597733 1 0.649087 0.600955 1
0 0.915923 0.603836 0.062500 0.149471 0.923013 0.552837 1 0.923864 0.550382 1 0.925274 0.551300 1 0.925311 0.555307 2 0.934486 0.556203 1 0.917819 0.572608 2 0.940858 0.575237 2 0.902864 0.579469 2 0.941907 0.587972 1 0.892595 0.577923 2 0.932639 0.580118 1 0.915985 0.625927 2 0.930529 0.624749 2 0.889714 0.618329 2 0.908164 0.617225 2 0.902488 0.663103 2 0.917903 0.655476 2
0 0.907366 0.600529 0.034970 0.119048 0.922249 0.551230 1 0.923650 0.549160 2 0.924468 0.550205 1 0.925612 0.555488 2 0.931048 0.556639 1 0.919327 0.570751 2 0.931548 0.574735 2 0.904103 0.578336 2 0.920934 0.588274 1 0.894959 0.576822 2 0.906871 0.579511 1 0.916213 0.624331 2 0.925828 0.624031 2 0.896139 0.616573 2 0.907314 0.615618 1 0.899337 0.661541 2 0.908004 0.660139 2
0 0.887649 0.462302 0.032738 0.138889 0.889077 0.407919 2 0.890469 0.405745 2 0.887817 0.405330 2 0.892074 0.406758 2 0.884933 0.405344 2 0.892916 0.423211 2 0.879641 0.420623 2 0.893405 0.441866 2 0.875776 0.442171 2 0.894202 0.459073 2 0.875520 0.462289 2 0.889045 0.460846 2 0.879569 0.459197 2 0.889128 0.488632 2 0.877217 0.482963 2 0.888813 0.518009 2 0.871963 0.509145 2
0 0.856399 0.459656 0.037202 0.157407 0.861671 0.401532 2 0.863326 0.398809 2 0.860535 0.397933 2 0.864408 0.397593 2 0.857318 0.394966 2 0.865370 0.410663 2 0.849214 0.405478 2 0.867017 0.430892 2 0.840648 0.413584 2 0.865996 0.446186 2 0.848708 0.404675 2 0.859827 0.455747 2 0.848924 0.454429 2 0.861022 0.487487 2 0.847213 0.485678 2 0.857585 0.517479 2 0.845551 0.515786 2
0 0.498140 0.409392 0.029018 0.085979 0.495863 0.380207 2 0.497064 0.377560 2 0.494573 0.378012 2 0.499855 0.377273 2 0.494753 0.377926 1 0.500840 0.389841 2 0.500925 0.387251 2 0.497352 0.409137 2 0.498693 0.403629 1 0.490779 0.414254 2 0.493011 0.408951 1 0.502563 0.420778 2 0.502898 0.417520 2 0.486842 0.418240 2 0.491608 0.410601 2 0.491701 0.443377 2 0.494848 0.433638 2
0 0.624256 0.307540 0.023810 0.109788 0.624221 0.265280 2 0.625223 0.263577 2 0.623259 0.263295 2 0.626461 0.264993 2 0.621455 0.264238 2 0.627695 0.277038 2 0.618300 0.276504 2 0.629191 0.290741 2 0.616318 0.291241 2 0.629840 0.303055 2 0.618125 0.303612 2 0.626213 0.304639 2 0.619773 0.304547 2 0.626022 0.324496 2 0.618555 0.324340 2 0.626435 0.344002 2 0.618320 0.343515 2
0 0.447173 0.307540 0.020833 0.067460 0.447533 0.281872 2 0.447925 0.280587 2 0.446802 0.280711 2 0.448266 0.280973 1 0.445471 0.281183 2 0.449755 0.288156 2 0.443545 0.288492 2 0.452472 0.295370 2 0.441620 0.298540 2 0.455281 0.295452 2 0.442134 0.308866 2 0.449913 0.308048 2 0.445756 0.308459 2 0.451012 0.321349 2 0.445837 0.322167 2 0.452264 0.335568 2 0.446391 0.336122 2
0 0.431176 0.283730 0.017113 0.041005 0.431435 0.272492 2 0.432020 0.271113 2 0.430649 0.271361 2 0.433073 0.270736 2 0.429657 0.271309 2 0.434440 0.276238 2 0.429378 0.275984 2 0.435449 0.283695 2 0.427374 0.283020 2 0.435856 0.289091 2 0.426042 0.290070 2 0.433526 0.288787 2 0.429884 0.288341 2 0.435211 0.290315 2 0.427313 0.289087 2 0.435363 0.296806 2 0.426563 0.295300 2
0 0.511161 0.267857 0.013393 0.083333 0.513209 0.237186 2 0.513880 0.235701 2 0.512447 0.235740 2 0.514508 0.236429 1 0.511285 0.236461 2 0.514289 0.244687 2 0.510924 0.244947 2 0.514604 0.255248 1 0.509873 0.255167 2 0.514716 0.265158 1 0.511132 0.265666 2 0.513597 0.266606 2 0.511555 0.266762 2 0.512088 0.282519 2 0.511017 0.283234 2 0.511436 0.297028 2 0.510572 0.298654 2
0 0.561756 0.258598 0.014881 0.080688 0.562292 0.230580 2 0.563222 0.228662 2 0.561452 0.228952 2 0.565026 0.228997 2 0.560509 0.229657 2 0.566799 0.239090 2 0.559895 0.239328 2 0.567971 0.251075 2 0.558293 0.250417 2 0.566835 0.260605 2 0.558045 0.259175 2 0.564690 0.259312 2 0.560061 0.259053 2 0.563941 0.276265 2 0.559235 0.276050 2 0.564477 0.291870 2 0.559015 0.291717 2
0 0.552083 0.265873 0.013393 0.052910 0.551253 0.247531 2 0.551831 0.246458 2 0.550850 0.246541 2 0.552948 0.247377 2 0.550535 0.247549 1 0.554460 0.253506 2 0.549688 0.253676 2 0.555808 0.260183 2 0.548675 0.260228 2 0.553997 0.262778 2 0.549843 0.262254 2 0.553478 0.266457 2 0.550333 0.266371 2 0.553300 0.276706 2 0.550140 0.276507 2 0.552768 0.287240 2 0.550257 0.287068 2
