0 0.587984 0.697751 0.007812 0.039683 0.588464 0.682810 1 0.588606 0.682024 1 0.588735 0.682081 1 0.589090 0.682447 2 0.590649 0.682410 1 0.588693 0.687160 2 0.592143 0.686956 2 0.587844 0.693594 2 0.592495 0.693066 1 0.586411 0.698492 2 0.591230 0.696560 1 0.588884 0.699355 2 0.591221 0.699089 2 0.588203 0.706898 2 0.590317 0.706888 2 0.588886 0.715229 2 0.590237 0.714760 2
0 0.034226 0.858466 0.012649 0.046296 0.036411 0.841437 2 0.036847 0.840511 2 0.036059 0.840073 2 0.036734 0.840608 1 0.034782 0.839627 2 0.035839 0.845208 2 0.031951 0.845858 2 0.036461 0.850199 2 0.031119 0.854641 2 0.038288 0.849339 2 0.034968 0.852877 2 0.036588 0.860162 2 0.033770 0.861104 2 0.038358 0.870525 2 0.034132 0.871901 2 0.038766 0.879921 2 0.034289 0.880886 2
0 0.167039 0.717262 0.010417 0.036376 0.165388 0.710318 2 0.165878 0.709409 2 0.165242 0.709402 1 0.166991 0.709943 2 0.165514 0.709892 1 0.168587 0.714619 2 0.164790 0.715007 2 0.171205 0.719067 2 0.163881 0.720826 2 0.171832 0.722933 2 0.163413 0.726287 2 0.168121 0.728722 2 0.165454 0.728781 2 0.169048 0.736803 2 0.163863 0.736652 2 0.168553 0.741485 1 0.163325 0.741095 1
0 0.203497 0.780093 0.012649 0.035053 0.204748 0.762880 2 0.205397 0.761753 2 0.204119 0.761912 2 0.206501 0.763537 2 0.203460 0.763740 2 0.207737 0.772038 2 0.202350 0.771480 2 0.209147 0.780835 2 0.200231 0.777962 2 0.209902 0.787207 2 0.203625 0.779734 2 0.206056 0.788170 2 0.202312 0.788064 2 0.206802 0.797189 2 0.201158 0.797280 2 0.206028 0.798669 1 0.200261 0.798817 1
0 0.177083 0.876653 0.014137 0.044312 0.178079 0.865507 2 0.178621 0.864500 2 0.177882 0.864813 2 0.180068 0.864390 2 0.178069 0.865097 1 0.181517 0.868313 2 0.177389 0.868641 2 0.181700 0.874439 2 0.177159 0.874237 2 0.178954 0.878372 2 0.177901 0.870369 2 0.181352 0.880663 2 0.178344 0.880418 2 0.179153 0.889371 2 0.175792 0.887090 2 0.180662 0.899775 2 0.178089 0.894220 2
0 0.137649 0.921958 0.011905 0.043651 0.138172 0.907650 2 0.138803 0.906456 2 0.137554 0.906523 2 0.139932 0.905934 2 0.136810 0.906042 2 0.141564 0.910850 2 0.136007 0.909964 2 0.141636 0.918953 2 0.133798 0.916595 2 0.140048 0.913781 2 0.132337 0.923259 2 0.141034 0.925670 2 0.137149 0.925277 2 0.140687 0.932655 2 0.135704 0.933807 2 0.140614 0.938326 1 0.135658 0.940607 1
0 0.254650 0.655423 0.007068 0.034392 0.253434 0.646942 2 0.253632 0.646237 2 0.253427 0.646237 1 0.253990 0.646632 2 0.253810 0.646560 2 0.255087 0.650607 2 0.253078 0.650547 2 0.256669 0.654532 2 0.251576 0.654729 2 0.256909 0.657410 2 0.251708 0.658927 2 0.255116 0.659711 2 0.253826 0.659719 2 0.256117 0.666466 2 0.253835 0.666362 2 0.256366 0.673701 2 0.254095 0.673822 2
0 0.408296 0.650794 0.008557 0.031746 0.409920 0.641478 2 0.409621 0.640695 1 0.409837 0.640804 2 0.408067 0.640617 1 0.409292 0.641060 2 0.406705 0.644137 2 0.408781 0.644872 2 0.408019 0.648385 2 0.409722 0.649447 2 0.411072 0.650603 2 0.411925 0.651008 2 0.406238 0.653804 2 0.407680 0.654544 2 0.409361 0.657444 2 0.410864 0.658631 2 0.408460 0.664507 2 0.409491 0.665305 2
0 0.234375 0.652116 0.009673 0.031746 0.235242 0.643631 2 0.235252 0.642875 1 0.234985 0.642739 2 0.234405 0.642689 1 0.233952 0.642471 2 0.232423 0.646380 2 0.233689 0.646732 2 0.232457 0.650606 1 0.234144 0.652592 2 0.235800 0.650926 1 0.236291 0.654760 2 0.233532 0.656114 2 0.234366 0.656951 2 0.238244 0.656359 2 0.239363 0.657091 2 0.237854 0.664205 2 0.237997 0.664606 2
0 0.454055 0.637897 0.008557 0.025794 0.455406 0.630898 2 0.455071 0.630273 1 0.455362 0.630259 2 0.453616 0.630368 1 0.454722 0.630544 2 0.452671 0.633471 2 0.453944 0.633727 2 0.454582 0.637303 2 0.456051 0.637151 2 0.457280 0.638055 1 0.458083 0.637977 2 0.452452 0.642130 2 0.453224 0.642774 2 0.456731 0.643288 2 0.457147 0.644566 2 0.457157 0.650855 2 0.457441 0.651763 2
0 0.460565 0.690476 0.008185 0.038360 0.463935 0.677608 2 0.464003 0.676811 1 0.463655 0.676815 2 0.463408 0.676708 1 0.462844 0.676754 2 0.462584 0.680093 2 0.462068 0.680917 2 0.463212 0.685019 2 0.461498 0.687529 2 0.464089 0.687754 2 0.463023 0.691674 2 0.461059 0.690739 2 0.460871 0.691252 2 0.461799 0.697573 2 0.462440 0.699072 2 0.459085 0.703296 2 0.459732 0.705881 2
0 0.553013 0.680886 0.007812 0.025794 0.557908 0.675369 1 0.557773 0.674832 1 0.557811 0.674741 2 0.556849 0.674937 1 0.557121 0.674813 2 0.556429 0.678110 2 0.555604 0.678098 2 0.557259 0.682771 1 0.556136 0.683113 2 0.558269 0.684764 1 0.558214 0.685019 2 0.556382 0.687483 2 0.555801 0.687906 2 0.558325 0.692814 1 0.558177 0.693349 2 0.557482 0.696448 1 0.557492 0.696200 1
0 0.327753 0.507275 0.003720 0.021164 0.328836 0.499675 1 0.328697 0.499201 1 0.328838 0.499199 1 0.327816 0.499317 1 0.328821 0.499346 2 0.327340 0.501800 2 0.328959 0.501696 2 0.326967 0.505038 2 0.329473 0.504679 2 0.327072 0.507831 2 0.329635 0.506989 2 0.327807 0.507556 2 0.328908 0.507591 2 0.328382 0.512183 2 0.329420 0.511882 2 0.328595 0.516582 2 0.329737 0.516305 2
0 0.553571 0.725529 0.007440 0.038360 0.554667 0.719843 2 0.555123 0.719051 2 0.554273 0.719033 2 0.555869 0.719340 2 0.553807 0.719316 2 0.556957 0.724079 2 0.553092 0.723891 2 0.557916 0.730014 2 0.552458 0.729534 2 0.557567 0.734893 2 0.552131 0.734643 2 0.556084 0.735954 2 0.553479 0.735765 2 0.556275 0.745024 2 0.553370 0.744729 2 0.556621 0.751511 2 0.553426 0.751268 2
0 0.542969 0.705357 0.007068 0.044312 0.540112 0.694625 1 0.540334 0.693809 1 0.540168 0.693854 1 0.541313 0.694037 2 0.541181 0.694087 1 0.542821 0.698277 2 0.541485 0.698120 2 0.541851 0.703617 2 0.540922 0.703667 1 0.540717 0.698666 2 0.540605 0.699934 1 0.543005 0.709546 2 0.541852 0.709257 2 0.543054 0.719322 2 0.541237 0.718640 2 0.544547 0.728065 2 0.542389 0.728048 2
0 0.636905 0.698082 0.008185 0.032407 0.638357 0.686997 2 0.638286 0.686380 1 0.638068 0.686327 2 0.637617 0.686873 1 0.637154 0.686800 2 0.637463 0.690224 2 0.636414 0.690729 2 0.637785 0.695339 1 0.637135 0.695997 2 0.638820 0.694467 1 0.639105 0.695188 2 0.637455 0.700612 2 0.636495 0.701080 2 0.638289 0.706921 2 0.636075 0.708584 2 0.636939 0.713727 2 0.634685 0.716651 2
0 0.575335 0.684193 0.006324 0.035053 0.576796 0.685038 1 0.576819 0.684352 1 0.577068 0.684555 1 0.576120 0.684834 2 0.578206 0.685261 2 0.574966 0.688661 2 0.578728 0.689547 2 0.573977 0.693989 2 0.579171 0.694867 2 0.574116 0.697072 2 0.578574 0.697464 1 0.575372 0.699053 2 0.577973 0.699583 2 0.574907 0.704520 2 0.577730 0.705861 2 0.575175 0.707054 1 0.577581 0.708297 1
0 0.579985 0.679563 0.007440 0.036376 0.577283 0.685755 1 0.577154 0.685066 1 0.577469 0.685221 1 0.576223 0.685301 2 0.578288 0.685673 2 0.575078 0.689116 2 0.578866 0.689886 2 0.574777 0.694170 1 0.579581 0.695546 2 0.575078 0.698038 1 0.579272 0.698989 2 0.575107 0.699237 2 0.577705 0.699610 2 0.575262 0.703661 1 0.577973 0.704214 2 0.575394 0.704644 1 0.577551 0.705026 1
0 0.729911 0.527447 0.005952 0.024471 0.732379 0.521350 1 0.732458 0.520856 1 0.732494 0.520893 1 0.732408 0.521109 1 0.732874 0.521173 1 0.732199 0.523700 2 0.732398 0.523788 2 0.731117 0.526333 2 0.731236 0.526312 2 0.729457 0.528181 2 0.729592 0.528072 2 0.731606 0.529471 2 0.731717 0.529438 2 0.731380 0.533894 2 0.731287 0.533980 2 0.731250 0.538877 2 0.731230 0.538789 2
0 0.500558 0.692791 0.006324 0.036376 0.504492 0.688453 2 0.504198 0.687586 1 0.504381 0.687691 2 0.502448 0.687857 1 0.503512 0.688126 2 0.501968 0.691822 2 0.502285 0.692551 2 0.502051 0.697695 1 0.501700 0.698742 2 0.503425 0.701684 1 0.502106 0.704219 2 0.501787 0.703072 2 0.502459 0.703607 2 0.501288 0.709975 2 0.503929 0.711030 2 0.498097 0.714539 2 0.503701 0.716971 2
0 0.518043 0.679563 0.007068 0.032407 0.519497 0.676482 2 0.519490 0.675834 1 0.519254 0.675729 2 0.518844 0.676036 1 0.518363 0.675835 2 0.518310 0.679274 2 0.518061 0.679438 2 0.519782 0.682893 1 0.519837 0.683380 2 0.520526 0.681106 1 0.521003 0.680783 2 0.518302 0.687982 2 0.518107 0.688139 2 0.518353 0.693972 2 0.518190 0.694274 2 0.517721 0.698642 1 0.517534 0.698862 2
0 0.529576 0.698413 0.008557 0.038360 0.532225 0.690310 1 0.531927 0.689469 1 0.532228 0.689466 2 0.530166 0.688889 1 0.531784 0.689103 2 0.528353 0.692386 2 0.531130 0.693074 2 0.528890 0.697901 1 0.531525 0.700130 2 0.531686 0.700519 1 0.533475 0.702706 2 0.528690 0.704173 2 0.530673 0.704631 2 0.529940 0.711839 2 0.531564 0.712056 2 0.529420 0.719370 2 0.530310 0.718756 2
0 0.301525 0.681878 0.007068 0.031746 0.298277 0.679782 1 0.298331 0.679085 1 0.298603 0.679026 1 0.298732 0.679484 2 0.300335 0.679087 1 0.299611 0.683715 2 0.301465 0.682774 2 0.298526 0.690342 2 0.299863 0.688343 2 0.296954 0.692249 2 0.297203 0.689383 1 0.300915 0.694198 2 0.302136 0.693286 2 0.297079 0.696129 2 0.298023 0.694808 2 0.298324 0.702715 1 0.298638 0.702336 1
0 0.553013 0.683862 0.006324 0.033069 0.557292 0.675236 1 0.557257 0.674599 1 0.557292 0.674556 1 0.556453 0.674700 1 0.556969 0.674779 2 0.556279 0.678000 2 0.555801 0.678369 2 0.556608 0.682411 1 0.555806 0.683508 2 0.557178 0.683602 1 0.557292 0.685184 2 0.556073 0.687797 2 0.555761 0.688154 2 0.557009 0.693862 1 0.556720 0.694353 2 0.556796 0.700121 1 0.556704 0.700178 1
0 0.572731 0.609788 0.007068 0.026455 0.574302 0.609043 1 0.574090 0.608468 1 0.574252 0.608525 1 0.572806 0.608406 2 0.574100 0.608596 2 0.571871 0.611302 2 0.574517 0.611478 2 0.571051 0.614970 2 0.575684 0.614920 2 0.570853 0.618338 2 0.575266 0.618243 2 0.572092 0.618603 2 0.573999 0.618712 2 0.571655 0.621773 1 0.574646 0.621849 1 0.571235 0.622853 1 0.574881 0.622882 1
0 0.228795 0.667659 0.008929 0.035053 0.228712 0.660956 1 0.228461 0.660362 1 0.228636 0.660333 1 0.227358 0.660572 1 0.228156 0.660551 2 0.226997 0.663446 2 0.227889 0.663673 2 0.228876 0.667181 2 0.229783 0.667656 2 0.230736 0.667764 1 0.231505 0.668350 2 0.227472 0.672081 2 0.228044 0.672592 2 0.230821 0.676230 2 0.232072 0.676943 2 0.229589 0.681874 2 0.231203 0.682962 2
0 0.647135 0.620040 0.007068 0.025794 0.648552 0.612204 1 0.648372 0.611491 1 0.648554 0.611603 1 0.646983 0.611417 2 0.648567 0.611801 2 0.645849 0.614366 2 0.648935 0.615418 2 0.645079 0.617753 2 0.649638 0.619787 2 0.644800 0.621326 1 0.649822 0.623620 2 0.645580 0.622820 2 0.647798 0.623386 2 0.645689 0.626035 2 0.648848 0.626467 2 0.645242 0.629480 1 0.648494 0.630241 1
0 0.619606 0.613426 0.007068 0.025794 0.621107 0.606034 2 0.620917 0.605419 1 0.621012 0.605373 2 0.619885 0.605411 1 0.620369 0.605342 2 0.619487 0.608309 2 0.619941 0.608271 2 0.621649 0.612023 1 0.622008 0.611913 2 0.623263 0.614312 1 0.623637 0.613690 2 0.619993 0.616460 2 0.620301 0.616748 2 0.622031 0.621194 2 0.622196 0.621371 2 0.621835 0.626977 1 0.622115 0.626671 2
0 0.585193 0.611111 0.006696 0.031746 0.586448 0.604154 2 0.586344 0.603567 1 0.586469 0.603511 2 0.585446 0.603060 1 0.585989 0.602951 2 0.584441 0.605065 2 0.584868 0.605254 2 0.585851 0.608689 2 0.586438 0.609210 2 0.587555 0.609107 2 0.588436 0.609372 2 0.584463 0.612999 2 0.584702 0.613597 2 0.587855 0.613699 2 0.588650 0.614663 2 0.586909 0.620373 2 0.587681 0.620677 2
0 0.486421 0.639220 0.010789 0.032407 0.489200 0.626948 2 0.488914 0.626304 1 0.489009 0.626350 2 0.487680 0.626853 1 0.488433 0.627104 2 0.486584 0.630980 2 0.488559 0.631228 2 0.488387 0.635540 1 0.490620 0.635655 2 0.491609 0.637197 1 0.492209 0.637594 2 0.486396 0.639879 2 0.487727 0.640330 2 0.489682 0.640285 2 0.491118 0.641202 2 0.488187 0.646848 2 0.489113 0.647338 2
0 0.624070 0.850860 0.013765 0.037698 0.622149 0.843427 2 0.622522 0.842124 2 0.621755 0.842314 1 0.624241 0.840700 2 0.622177 0.841265 1 0.626625 0.844804 2 0.622463 0.845566 2 0.627352 0.851325 2 0.620055 0.852556 2 0.626915 0.858964 2 0.618861 0.854192 2 0.625144 0.859690 2 0.622542 0.859353 2 0.623660 0.865165 2 0.620743 0.864115 2 0.623074 0.871194 2 0.620396 0.870479 2
0 0.603609 0.718585 0.010045 0.039021 0.604806 0.702913 1 0.604815 0.702119 1 0.605010 0.702211 1 0.604273 0.702935 2 0.606319 0.703013 2 0.603489 0.707920 2 0.607118 0.707984 2 0.601628 0.711012 2 0.608304 0.712526 2 0.601787 0.707043 2 0.606787 0.711647 2 0.604125 0.718924 2 0.606358 0.718824 2 0.604713 0.727602 2 0.605875 0.727130 2 0.604882 0.736745 2 0.605693 0.735896 2
0 0.601749 0.699405 0.009301 0.040344 0.602702 0.688858 2 0.603104 0.688023 2 0.602298 0.688008 2 0.603490 0.687981 2 0.601446 0.687831 2 0.604034 0.692316 2 0.600273 0.692433 2 0.604557 0.697646 2 0.599402 0.698403 2 0.604047 0.701345 2 0.601008 0.702142 2 0.603521 0.702555 2 0.601143 0.702742 2 0.603453 0.710950 2 0.601819 0.710868 2 0.603169 0.719464 2 0.601864 0.719708 2
0 0.181548 0.660714 0.011161 0.033069 0.183830 0.648276 2 0.183741 0.647612 1 0.183477 0.647586 2 0.182986 0.648018 1 0.182184 0.648095 2 0.182179 0.651584 2 0.180939 0.652262 2 0.182752 0.657359 2 0.181490 0.659390 2 0.185285 0.659201 2 0.184828 0.660556 2 0.181345 0.661660 2 0.180440 0.662580 2 0.185251 0.661335 1 0.184538 0.662433 2 0.184087 0.667068 1 0.183305 0.667796 1
0 0.648996 0.833003 0.013021 0.054894 0.647050 0.810324 1 0.647156 0.809265 1 0.647443 0.809304 1 0.647248 0.809727 2 0.649983 0.809540 2 0.646383 0.815846 2 0.651764 0.815592 2 0.645531 0.824240 2 0.653272 0.823228 2 0.644774 0.831961 2 0.653680 0.829254 2 0.647168 0.831290 2 0.650840 0.831214 2 0.646784 0.841724 2 0.650532 0.842412 2 0.647585 0.851223 2 0.650684 0.851719 2
0 0.815290 0.959325 0.014509 0.058862 0.818694 0.941666 1 0.818457 0.940333 1 0.818764 0.940596 1 0.816077 0.940500 2 0.819488 0.941265 2 0.813277 0.946417 2 0.820215 0.947761 2 0.811189 0.949438 2 0.823638 0.951096 2 0.813757 0.949161 1 0.822127 0.948307 1 0.813368 0.963901 2 0.817856 0.964541 2 0.812780 0.975221 2 0.816471 0.976386 2 0.811746 0.987501 2 0.815735 0.986896 2
0 0.962984 0.865741 0.010789 0.046296 0.967649 0.848875 2 0.967939 0.847644 2 0.967051 0.847379 2 0.967214 0.848740 1 0.964907 0.848002 2 0.968668 0.854786 2 0.963119 0.854780 2 0.968451 0.862208 1 0.961250 0.861452 2 0.967557 0.863974 2 0.960501 0.865029 2 0.965911 0.867796 2 0.962542 0.867648 2 0.965101 0.876827 2 0.964178 0.877719 2 0.959775 0.881451 2 0.964056 0.889405 2
0 0.970982 0.866402 0.008929 0.047619 0.972250 0.849197 2 0.972769 0.848260 2 0.971745 0.848163 2 0.973054 0.848555 1 0.970623 0.848136 2 0.973836 0.853400 2 0.969126 0.853062 2 0.974611 0.860077 2 0.968151 0.859337 2 0.974853 0.865972 2 0.968402 0.864951 2 0.972490 0.866717 2 0.969675 0.866589 2 0.971174 0.877180 2 0.970458 0.877369 2 0.969169 0.887427 2 0.971024 0.889190 2
0 0.948103 0.838955 0.008557 0.049603 0.950907 0.824006 2 0.951397 0.823049 2 0.950439 0.822796 2 0.951692 0.822642 1 0.948879 0.821903 2 0.951331 0.827176 2 0.946993 0.825857 2 0.951053 0.833567 2 0.946673 0.832481 2 0.949846 0.834789 2 0.949975 0.836080 2 0.949761 0.839337 2 0.946383 0.838535 2 0.949970 0.851704 2 0.944955 0.849792 2 0.949903 0.863348 2 0.942914 0.861301 2
0 0.939174 0.841601 0.010045 0.045635 0.943665 0.827218 2 0.944053 0.826427 1 0.943285 0.826216 2 0.944165 0.825920 1 0.941827 0.825083 2 0.943925 0.830941 2 0.938925 0.828388 2 0.945345 0.836039 2 0.936573 0.834409 2 0.945910 0.835409 1 0.935737 0.841247 2 0.942204 0.844609 2 0.938665 0.843169 2 0.942093 0.854371 2 0.937188 0.850217 2 0.941491 0.863239 2 0.933727 0.855804 2
0 0.726749 0.702712 0.007068 0.039021 0.727599 0.688776 2 0.727927 0.687991 2 0.727780 0.688002 1 0.728954 0.688767 2 0.728850 0.688685 1 0.728988 0.693648 2 0.729170 0.693302 2 0.728087 0.699596 2 0.728289 0.698951 1 0.726221 0.702689 2 0.726516 0.702231 1 0.728179 0.704330 2 0.728310 0.704014 2 0.728118 0.712822 2 0.728132 0.712539 2 0.728117 0.720769 2 0.728104 0.720099 2
0 0.850818 0.717262 0.007440 0.036376 0.852298 0.709551 1 0.852459 0.708782 2 0.852473 0.708811 1 0.853184 0.708843 2 0.853704 0.708850 1 0.853388 0.712642 2 0.854111 0.712432 2 0.851989 0.717667 2 0.852576 0.717167 1 0.849041 0.717522 2 0.849607 0.717326 1 0.853110 0.722813 2 0.853616 0.722561 2 0.852722 0.730733 2 0.853016 0.730704 2 0.853141 0.739389 2 0.853261 0.738808 2
0 0.834821 0.714286 0.008929 0.039683 0.839529 0.711194 1 0.839431 0.710236 1 0.839711 0.710457 1 0.838111 0.710303 2 0.840325 0.710839 2 0.836277 0.714814 2 0.840605 0.715691 2 0.835398 0.721678 2 0.840774 0.722523 1 0.835230 0.727617 2 0.840655 0.727689 1 0.836425 0.728443 2 0.839356 0.729066 2 0.836438 0.737404 2 0.839212 0.738676 1 0.836656 0.742063 1 0.838586 0.742063 1
0 0.839472 0.710317 0.007068 0.035714 0.839702 0.711120 1 0.839594 0.710306 1 0.839879 0.710519 1 0.838183 0.710492 2 0.840532 0.711023 2 0.836281 0.714588 2 0.840953 0.715587 2 0.835207 0.719953 2 0.842299 0.720138 2 0.836600 0.720931 1 0.841645 0.715988 1 0.836572 0.727737 2 0.839578 0.728410 2 0.836738 0.734289 1 0.839303 0.734675 1 0.836999 0.734675 1 0.838442 0.734675 1
0 0.602493 0.785053 0.008557 0.037037 0.601907 0.776186 2 0.602226 0.775206 2 0.601473 0.775485 2 0.603258 0.774020 2 0.601285 0.774787 1 0.605526 0.777254 2 0.601265 0.777898 2 0.607081 0.783804 2 0.600896 0.783706 2 0.606357 0.791642 2 0.600870 0.789464 2 0.604709 0.790997 2 0.601939 0.791115 2 0.604874 0.798405 2 0.602892 0.798426 2 0.605605 0.804580 2 0.603911 0.804729 2
0 0.819382 0.662368 0.007068 0.035053 0.821492 0.652545 1 0.821392 0.651733 1 0.821728 0.651860 1 0.820520 0.652135 2 0.822627 0.652384 2 0.819516 0.656471 2 0.822840 0.656883 2 0.818547 0.661660 2 0.823412 0.662181 2 0.818330 0.665951 1 0.823304 0.666026 1 0.819635 0.666094 2 0.821831 0.666330 2 0.819570 0.673522 2 0.821515 0.674002 2 0.819281 0.680879 2 0.821094 0.681000 2
0 0.825707 0.662368 0.007068 0.035053 0.822495 0.653493 1 0.822368 0.652823 1 0.822503 0.652861 1 0.821710 0.653220 1 0.822758 0.653406 1 0.821502 0.656919 1 0.823108 0.657260 2 0.821943 0.661705 1 0.823731 0.662249 2 0.822201 0.665810 1 0.823650 0.666194 2 0.821259 0.666861 2 0.822325 0.666879 2 0.821347 0.674852 2 0.821821 0.674871 2 0.821235 0.681764 1 0.821377 0.682025 2
0 0.864769 0.627646 0.007068 0.035714 0.867690 0.619578 1 0.867625 0.618885 1 0.867924 0.618923 1 0.866901 0.618996 2 0.868848 0.619090 1 0.865996 0.622271 2 0.869333 0.622676 2 0.865198 0.627588 2 0.869420 0.627650 1 0.865075 0.631423 2 0.869358 0.631262 1 0.866241 0.631804 2 0.868531 0.632113 2 0.866086 0.637784 2 0.868250 0.639130 2 0.866251 0.643517 2 0.867988 0.645355 2
0 0.852679 0.634259 0.008185 0.030423 0.853396 0.624878 1 0.853459 0.624128 1 0.853656 0.624148 1 0.853626 0.624456 2 0.855241 0.624330 1 0.853279 0.628542 2 0.856094 0.628390 2 0.852574 0.633350 2 0.856795 0.633487 2 0.852849 0.636055 2 0.856002 0.636786 2 0.853645 0.637849 2 0.855577 0.637759 2 0.853649 0.644376 2 0.855298 0.644338 2 0.853785 0.651051 2 0.855605 0.650808 2
0 0.862537 0.616071 0.008557 0.029762 0.867808 0.619519 1 0.867769 0.618851 1 0.867856 0.618882 1 0.867019 0.618978 1 0.868039 0.619106 1 0.866001 0.622303 2 0.867753 0.622402 1 0.865257 0.627670 2 0.866769 0.627611 1 0.865084 0.631947 2 0.866189 0.632019 1 0.866427 0.631897 2 0.867698 0.632146 2 0.866312 0.636884 1 0.867645 0.636884 1 0.866183 0.636884 1 0.867465 0.636884 1
0 0.861421 0.617725 0.005580 0.031746 0.861018 0.615873 1 0.861029 0.615318 1 0.861122 0.615359 1 0.860726 0.615531 2 0.862005 0.615501 2 0.860377 0.618202 2 0.862474 0.618145 2 0.859106 0.621152 2 0.863886 0.621005 2 0.859423 0.623095 2 0.863934 0.623938 2 0.860866 0.624370 2 0.862299 0.624393 2 0.860486 0.629131 2 0.862495 0.629362 2 0.859829 0.634366 2 0.863343 0.634642 2
