0 0.524182 0.544312 0.011905 0.048942 0.522250 0.536234 2 0.522722 0.535472 2 0.521987 0.535143 2 0.524041 0.534646 2 0.522070 0.533842 1 0.525565 0.538508 2 0.521523 0.534968 2 0.524702 0.546333 2 0.518975 0.538358 2 0.523383 0.550363 2 0.518024 0.542064 2 0.523983 0.547905 2 0.521121 0.545757 2 0.523670 0.552880 2 0.518621 0.549477 2 0.523907 0.556337 1 0.518585 0.552996 1
0 0.477865 0.501323 0.015253 0.044974 0.475767 0.500985 2 0.476160 0.500271 2 0.475443 0.500319 2 0.476995 0.499818 2 0.475179 0.499892 1 0.478162 0.502313 2 0.475083 0.501123 2 0.478707 0.507447 2 0.473765 0.503828 2 0.477300 0.511047 2 0.472454 0.505359 2 0.477605 0.509577 2 0.475606 0.508539 2 0.475540 0.512985 2 0.473177 0.511740 2 0.475538 0.516969 1 0.473667 0.515683 1
0 0.570499 0.316799 0.006324 0.027778 0.574362 0.305634 1 0.573963 0.304833 1 0.574290 0.304937 1 0.572057 0.304685 2 0.573683 0.305217 2 0.570749 0.308241 2 0.573533 0.309299 2 0.569818 0.312675 2 0.574298 0.314462 2 0.570347 0.314985 1 0.574610 0.315102 1 0.570626 0.318504 2 0.572532 0.319172 2 0.572547 0.315327 2 0.574777 0.315675 2 0.571696 0.322009 1 0.573564 0.322219 1
0 0.093936 0.604828 0.011533 0.045635 0.092724 0.592564 2 0.093005 0.591514 2 0.092178 0.591872 2 0.093346 0.590699 1 0.091391 0.591719 2 0.095685 0.592395 2 0.090888 0.595584 2 0.099546 0.594543 2 0.089744 0.599268 2 0.098952 0.599981 2 0.089090 0.603635 2 0.096230 0.606529 2 0.093403 0.608256 2 0.097478 0.614469 2 0.095132 0.619027 2 0.097509 0.621439 2 0.097356 0.629054 2
0 0.114955 0.697090 0.015625 0.050265 0.111615 0.684168 1 0.111547 0.683416 1 0.111726 0.683087 1 0.110636 0.684261 2 0.112945 0.683436 2 0.110113 0.689990 2 0.115192 0.688723 2 0.108176 0.694698 2 0.117768 0.693138 2 0.108834 0.690915 2 0.116066 0.693303 2 0.113349 0.703181 2 0.116436 0.702606 2 0.115073 0.712498 2 0.116693 0.711307 2 0.116719 0.720673 2 0.117437 0.721219 2
0 0.091704 0.562500 0.012277 0.040344 0.090783 0.545675 2 0.091215 0.544731 2 0.090242 0.544900 2 0.091902 0.544791 2 0.089537 0.545314 2 0.093377 0.548645 2 0.088485 0.550554 2 0.095366 0.552303 2 0.087120 0.556845 2 0.094976 0.554967 2 0.088115 0.560937 2 0.094074 0.561276 2 0.090972 0.562401 2 0.094762 0.569090 2 0.091907 0.571267 2 0.094971 0.576447 2 0.093119 0.579147 2
0 0.775670 0.788360 0.019345 0.054233 0.777090 0.771072 2 0.777522 0.770024 2 0.776810 0.770083 2 0.779281 0.770163 2 0.777680 0.770371 1 0.780477 0.775383 2 0.778402 0.774553 2 0.780701 0.783484 2 0.777227 0.779580 2 0.779969 0.790756 2 0.775514 0.781799 2 0.779570 0.788179 2 0.778615 0.787574 2 0.778551 0.796527 2 0.779482 0.796651 2 0.777474 0.805568 2 0.780316 0.805050 2
0 0.796689 0.710317 0.012277 0.038360 0.795542 0.716459 2 0.796108 0.715746 2 0.795163 0.715537 2 0.796973 0.716228 2 0.794593 0.715695 2 0.798018 0.721618 2 0.793150 0.719999 2 0.798794 0.728160 2 0.791427 0.724621 2 0.798436 0.731049 2 0.790270 0.731012 2 0.796215 0.733939 2 0.792851 0.733073 2 0.796652 0.736109 1 0.792428 0.734971 1 0.796450 0.735432 1 0.791737 0.734284 1
0 0.790737 0.733796 0.014509 0.045635 0.795532 0.716564 2 0.796155 0.715901 2 0.795181 0.715608 2 0.797029 0.716270 2 0.794598 0.715474 2 0.798119 0.721149 2 0.793396 0.719629 2 0.799370 0.727107 2 0.791390 0.723643 2 0.798583 0.730349 2 0.790391 0.730616 2 0.795619 0.733553 2 0.792579 0.732591 2 0.794469 0.741563 2 0.791734 0.740603 2 0.793041 0.748353 2 0.790108 0.748873 2
0 0.861979 0.590939 0.010417 0.045635 0.862385 0.576598 1 0.862526 0.575582 1 0.862830 0.576021 1 0.862533 0.576127 2 0.864853 0.576964 2 0.861399 0.580872 2 0.865768 0.582682 2 0.859151 0.587318 2 0.865774 0.589422 2 0.856744 0.591963 2 0.865300 0.593642 2 0.860340 0.593126 2 0.863292 0.593838 2 0.857738 0.597005 2 0.860947 0.600026 2 0.857249 0.604105 2 0.860211 0.607763 2
0 0.850818 0.589947 0.015625 0.054233 0.853287 0.571283 1 0.853286 0.570282 1 0.853582 0.570715 1 0.852341 0.570647 2 0.854857 0.571734 2 0.850513 0.574961 2 0.855301 0.577491 2 0.847890 0.579813 2 0.855386 0.583987 2 0.845920 0.583773 2 0.855064 0.589388 2 0.849229 0.587287 2 0.852261 0.588448 2 0.848224 0.593588 2 0.850383 0.597009 2 0.847879 0.600805 2 0.848655 0.604816 2
0 0.276042 0.837632 0.014881 0.050926 0.272046 0.821043 1 0.272071 0.820202 1 0.272321 0.820047 1 0.271506 0.820971 2 0.274159 0.820474 2 0.270324 0.826872 2 0.276082 0.826178 2 0.269794 0.833410 2 0.278157 0.833459 2 0.271690 0.833998 2 0.280127 0.837471 2 0.272983 0.839445 2 0.276764 0.839197 2 0.274499 0.848618 2 0.277572 0.847727 2 0.276003 0.857779 2 0.277535 0.857055 2
0 0.293899 0.810185 0.016369 0.055556 0.293720 0.792680 1 0.293691 0.791982 1 0.293871 0.791427 1 0.292621 0.793401 2 0.295124 0.792017 2 0.292338 0.800065 2 0.297238 0.797983 2 0.292018 0.809794 2 0.299838 0.800934 2 0.291786 0.816748 2 0.299564 0.800033 2 0.294333 0.813637 2 0.297590 0.813133 2 0.295632 0.821189 2 0.298581 0.823080 2 0.296554 0.827030 2 0.299285 0.833580 2
0 0.323103 0.604497 0.012277 0.039683 0.321491 0.597038 1 0.321517 0.596179 2 0.321266 0.596228 1 0.322585 0.595572 2 0.322323 0.595801 1 0.325411 0.599538 2 0.321520 0.598576 2 0.327661 0.605213 2 0.321429 0.604531 2 0.328376 0.611045 2 0.321178 0.606795 1 0.324900 0.612618 2 0.322635 0.611785 2 0.324185 0.622232 2 0.323334 0.618945 2 0.324630 0.628788 2 0.327442 0.621269 2
0 0.314918 0.603505 0.009301 0.041667 0.310344 0.589934 2 0.310741 0.588880 2 0.310120 0.589134 1 0.312088 0.588883 2 0.310579 0.589434 1 0.314510 0.593564 2 0.310718 0.593379 2 0.316128 0.600806 2 0.310153 0.596674 2 0.315165 0.606799 2 0.309154 0.593063 2 0.314274 0.606061 2 0.311701 0.605788 2 0.314899 0.613993 2 0.311379 0.613614 2 0.315786 0.621365 2 0.312955 0.621070 2
0 0.237723 0.623016 0.015625 0.048942 0.234705 0.607953 1 0.234727 0.607243 1 0.235038 0.606894 1 0.234756 0.607343 2 0.237071 0.606421 2 0.234690 0.611879 2 0.238791 0.610135 2 0.233469 0.616454 2 0.240632 0.614601 2 0.233696 0.612843 2 0.241709 0.618630 2 0.236326 0.623655 2 0.238740 0.622711 2 0.236974 0.630979 2 0.238076 0.629812 2 0.239081 0.636856 2 0.238594 0.637039 2
0 0.322917 0.861772 0.020833 0.047619 0.323620 0.845513 1 0.323468 0.844587 1 0.323687 0.844571 1 0.321898 0.845463 2 0.324771 0.845257 2 0.320154 0.851619 2 0.326564 0.851344 2 0.318478 0.850783 2 0.329794 0.851819 2 0.320113 0.845976 2 0.329163 0.847784 2 0.321147 0.869889 2 0.325744 0.869605 2 0.320453 0.862238 2 0.327999 0.860179 2 0.318569 0.876289 2 0.326541 0.873470 2
0 0.596540 0.861111 0.015997 0.051587 0.600844 0.844274 1 0.600609 0.843015 1 0.601005 0.843399 1 0.598705 0.843060 2 0.601703 0.844325 2 0.596216 0.848329 2 0.601792 0.851016 2 0.594322 0.854486 2 0.602858 0.860329 2 0.595409 0.859075 1 0.602490 0.866630 1 0.595071 0.864444 2 0.598617 0.865573 2 0.595354 0.875251 2 0.597439 0.877552 2 0.595348 0.886252 2 0.596169 0.887456 2
0 0.445685 0.434193 0.008929 0.036376 0.446849 0.422223 2 0.447137 0.421554 2 0.446528 0.421609 2 0.447542 0.421416 2 0.446078 0.421522 2 0.448519 0.424773 2 0.445297 0.424803 2 0.449816 0.430009 2 0.444890 0.429891 2 0.449378 0.435392 2 0.444852 0.434841 2 0.448373 0.435763 2 0.446189 0.435807 2 0.449034 0.443600 2 0.446548 0.443280 2 0.449611 0.450957 2 0.447065 0.450146 2
0 0.444568 0.379630 0.010417 0.039683 0.445482 0.372661 1 0.445112 0.371987 1 0.445442 0.371983 1 0.443519 0.371809 1 0.445115 0.372097 2 0.442164 0.375071 2 0.445224 0.375733 2 0.441301 0.379455 2 0.446325 0.380282 2 0.442237 0.382667 1 0.447594 0.383201 2 0.442831 0.384264 2 0.444598 0.384720 2 0.444282 0.390442 2 0.444202 0.391551 2 0.444751 0.396618 2 0.442840 0.397904 2
