0 0.558408 0.566799 0.018601 0.099206 0.552907 0.529227 1 0.552059 0.527418 1 0.552955 0.527284 1 0.548217 0.528584 1 0.552793 0.528856 2 0.546649 0.538645 2 0.551993 0.539659 2 0.549454 0.549154 1 0.554268 0.551839 2 0.555548 0.550427 1 0.557815 0.556768 2 0.546782 0.564148 2 0.550425 0.564932 2 0.549870 0.584384 2 0.552058 0.586152 2 0.550075 0.603686 2 0.551327 0.606786 2
0 0.555432 0.542328 0.033482 0.071429 0.553577 0.528975 1 0.552618 0.527093 1 0.553639 0.527102 1 0.548485 0.527848 1 0.553209 0.528455 2 0.546319 0.538040 2 0.551659 0.539050 2 0.549957 0.548957 1 0.554852 0.550870 2 0.555516 0.547905 1 0.557732 0.549582 2 0.547414 0.563790 2 0.550877 0.565204 2 0.556419 0.568808 2 0.558602 0.570681 2 0.555095 0.586160 1 0.555628 0.586073 2
0 0.405134 0.419974 0.011161 0.046296 0.399760 0.407508 2 0.399901 0.406531 2 0.399670 0.406684 1 0.400680 0.405904 2 0.400214 0.406331 1 0.402931 0.409350 2 0.400409 0.409806 2 0.403559 0.414913 2 0.399686 0.415660 2 0.401021 0.415688 2 0.399609 0.417391 1 0.403409 0.421262 2 0.401654 0.421083 2 0.401438 0.427376 2 0.399365 0.426655 2 0.403127 0.437592 2 0.401924 0.436829 2
0 0.529390 0.491402 0.014137 0.072751 0.525235 0.483106 1 0.524577 0.481688 1 0.525161 0.481711 1 0.521631 0.482302 1 0.524911 0.482703 2 0.520158 0.490003 2 0.525950 0.490915 2 0.520685 0.499018 1 0.528291 0.500640 2 0.523151 0.504889 1 0.529003 0.505398 2 0.520910 0.509154 2 0.524769 0.509501 2 0.521864 0.523981 2 0.524163 0.524075 2 0.522057 0.536579 1 0.523002 0.537892 2
0 0.539807 0.484788 0.017113 0.075397 0.538564 0.460104 1 0.538419 0.458784 1 0.538794 0.458803 1 0.536917 0.459396 2 0.540570 0.459380 2 0.534892 0.467267 2 0.542282 0.466476 2 0.533025 0.474575 2 0.544822 0.469388 2 0.533739 0.477022 1 0.542013 0.464925 2 0.536332 0.484589 2 0.541325 0.484436 2 0.536460 0.495071 1 0.541965 0.495650 1 0.536459 0.501150 1 0.541643 0.500842 1
0 0.462054 0.525132 0.017857 0.089947 0.459751 0.494954 1 0.459548 0.493272 1 0.460114 0.493197 1 0.457647 0.494473 2 0.462066 0.494152 2 0.455634 0.504728 2 0.463849 0.503921 2 0.453882 0.516969 2 0.465990 0.514375 2 0.453944 0.526480 2 0.465961 0.522612 2 0.457741 0.524937 2 0.463117 0.524816 2 0.459087 0.542714 2 0.462932 0.542888 2 0.460067 0.559411 2 0.462093 0.559788 2
0 0.489211 0.549603 0.023065 0.099206 0.493393 0.514600 1 0.492519 0.512868 1 0.493068 0.512783 1 0.487687 0.514376 2 0.492213 0.514646 2 0.484114 0.525941 2 0.494110 0.526668 2 0.482098 0.540369 2 0.496860 0.540590 2 0.482895 0.551866 2 0.497142 0.552823 2 0.485629 0.553038 2 0.492418 0.553712 2 0.486030 0.570614 2 0.492004 0.572310 2 0.486542 0.586527 2 0.491089 0.590209 2
0 0.486235 0.524471 0.018601 0.096561 0.493135 0.513820 1 0.492356 0.512179 1 0.492945 0.512221 1 0.487594 0.513958 2 0.492416 0.514446 2 0.484186 0.525191 2 0.493810 0.525911 2 0.481864 0.539630 2 0.496234 0.540051 2 0.483434 0.550130 2 0.497203 0.551558 2 0.485370 0.552005 2 0.491946 0.552680 2 0.485710 0.570709 2 0.492251 0.571579 2 0.486255 0.586197 2 0.491933 0.588418 2
0 0.500000 0.517857 0.014881 0.067460 0.491606 0.513541 1 0.491378 0.511955 1 0.491468 0.512038 1 0.490083 0.513809 1 0.491959 0.514082 2 0.490754 0.525853 1 0.493766 0.526363 2 0.495159 0.540095 1 0.496997 0.540959 2 0.496151 0.550205 1 0.497524 0.550940 2 0.490473 0.554520 1 0.492561 0.554327 2 0.490512 0.564649 1 0.492581 0.564649 1 0.491451 0.564445 1 0.492788 0.564649 1
0 0.523065 0.510582 0.016369 0.076720 0.525735 0.483431 1 0.525011 0.482057 1 0.525540 0.481980 1 0.521571 0.482326 2 0.524760 0.482466 2 0.519077 0.489889 2 0.526010 0.489932 2 0.517517 0.498787 2 0.527964 0.499005 2 0.519125 0.503384 2 0.528993 0.505033 2 0.520785 0.507838 2 0.525199 0.508030 2 0.522081 0.521954 2 0.524216 0.521774 2 0.523284 0.535286 2 0.523222 0.535595 2
0 0.466518 0.508598 0.014881 0.078042 0.460016 0.494526 1 0.459715 0.492898 1 0.460307 0.492920 1 0.457841 0.494394 2 0.462121 0.494326 2 0.456450 0.504623 2 0.463763 0.504397 2 0.456101 0.515861 1 0.465839 0.515243 2 0.456892 0.522706 1 0.465546 0.522452 2 0.458106 0.525693 2 0.462980 0.525699 2 0.458989 0.545172 2 0.462604 0.545240 2 0.459850 0.560498 2 0.462183 0.561034 2
0 0.442336 0.507275 0.017113 0.088624 0.441365 0.476463 1 0.441041 0.474949 1 0.441461 0.474882 1 0.438732 0.476120 2 0.442770 0.475908 2 0.437162 0.485872 2 0.444887 0.485067 2 0.437264 0.497586 2 0.446437 0.496720 2 0.439083 0.505650 2 0.444773 0.505691 2 0.438709 0.506836 2 0.444027 0.506396 2 0.439947 0.525267 2 0.443797 0.523512 2 0.440878 0.542730 2 0.442811 0.541001 2
0 0.796503 0.833333 0.040923 0.179894 0.804693 0.771683 2 0.804974 0.768338 1 0.803164 0.768129 2 0.803012 0.768139 1 0.797856 0.767727 2 0.804327 0.780911 2 0.789129 0.783718 2 0.803653 0.802050 2 0.786680 0.811247 2 0.804426 0.824537 2 0.787381 0.835725 2 0.803636 0.831456 2 0.793081 0.833646 2 0.806954 0.866504 2 0.790788 0.869765 2 0.799149 0.898560 2 0.792385 0.903501 2
0 0.769717 0.798280 0.031994 0.154762 0.777228 0.739365 2 0.778118 0.736763 2 0.775711 0.736748 2 0.778279 0.736935 1 0.771526 0.736152 2 0.778691 0.753264 2 0.764405 0.749041 2 0.781659 0.773589 2 0.759311 0.768228 2 0.782409 0.793567 2 0.756935 0.785256 2 0.775926 0.793254 2 0.766235 0.790989 2 0.774678 0.826368 2 0.764564 0.818498 2 0.772604 0.855730 2 0.760603 0.839341 2
0 0.740699 0.798280 0.031994 0.107143 0.738145 0.766462 2 0.739748 0.764221 2 0.737096 0.764039 2 0.742384 0.764055 2 0.735615 0.763528 2 0.743100 0.777107 2 0.732762 0.774925 2 0.745324 0.788095 2 0.729930 0.789723 2 0.742531 0.790966 2 0.728307 0.804109 2 0.740075 0.806356 2 0.733057 0.804406 2 0.739906 0.827539 2 0.731274 0.820880 2 0.738914 0.840865 2 0.728710 0.828063 2
0 0.615327 0.590608 0.016369 0.104497 0.612559 0.553516 1 0.612746 0.551657 1 0.613302 0.551258 1 0.613927 0.553110 2 0.617223 0.551917 1 0.617303 0.565758 2 0.616957 0.562620 2 0.618176 0.581262 2 0.617278 0.575583 1 0.616808 0.587408 2 0.616201 0.584093 1 0.616453 0.592498 2 0.616041 0.590601 2 0.616910 0.614682 2 0.615048 0.612795 2 0.618135 0.634696 2 0.617174 0.633718 2
