0 0.485863 0.794974 0.058036 0.193122 0.478687 0.725081 2 0.480028 0.720557 2 0.477500 0.721674 2 0.485103 0.715691 2 0.477805 0.718860 1 0.496091 0.730864 2 0.477553 0.734305 2 0.504189 0.751559 2 0.471547 0.750896 2 0.506563 0.765300 2 0.466278 0.757002 2 0.492694 0.788289 2 0.477974 0.789107 2 0.500746 0.829415 2 0.471397 0.831320 2 0.508772 0.867773 2 0.467651 0.872771 2
0 0.476935 0.771825 0.049107 0.128307 0.478583 0.727429 2 0.479632 0.723122 2 0.477444 0.724464 2 0.484890 0.717423 2 0.478908 0.720905 1 0.495487 0.730491 2 0.478395 0.734206 2 0.504359 0.750580 2 0.472724 0.754022 2 0.505797 0.764676 2 0.466674 0.757556 2 0.491309 0.788199 2 0.478915 0.788218 2 0.494686 0.831502 2 0.472927 0.829929 2 0.496806 0.861111 2 0.468502 0.860099 2
0 0.438988 0.556217 0.022321 0.104497 0.440054 0.518635 1 0.439750 0.516492 1 0.440496 0.516652 1 0.436662 0.517856 2 0.442505 0.518286 2 0.433528 0.529748 2 0.443554 0.530747 2 0.430824 0.542774 2 0.445617 0.545728 2 0.431528 0.554214 2 0.446194 0.554983 2 0.434982 0.554017 2 0.441747 0.554553 2 0.435953 0.576821 2 0.441755 0.576553 2 0.436928 0.599657 2 0.441822 0.597977 2
0 0.484747 0.600529 0.021577 0.119048 0.491987 0.553854 1 0.491166 0.551825 1 0.491663 0.551755 1 0.486223 0.553124 2 0.491089 0.553598 2 0.481468 0.565908 2 0.493240 0.566981 2 0.479239 0.580877 2 0.495972 0.582350 2 0.482125 0.589845 2 0.496083 0.587839 2 0.483119 0.599064 2 0.491179 0.599612 2 0.483679 0.621767 2 0.491400 0.622671 2 0.483963 0.644628 2 0.490162 0.645481 2
0 0.452381 0.554894 0.025298 0.104497 0.450588 0.514008 1 0.450837 0.511731 1 0.451246 0.511832 1 0.452014 0.512269 2 0.456682 0.511948 2 0.451101 0.523643 2 0.460844 0.522944 2 0.449271 0.538592 2 0.461677 0.536622 2 0.447304 0.549232 2 0.457665 0.543932 1 0.452897 0.552239 2 0.459783 0.551784 2 0.450564 0.575821 2 0.457617 0.576425 2 0.451743 0.599014 2 0.457889 0.598679 2
0 0.495908 0.559524 0.017113 0.079365 0.491631 0.553644 1 0.490712 0.551898 1 0.491465 0.551943 1 0.486204 0.553405 1 0.491015 0.553883 2 0.484375 0.565713 2 0.493082 0.566605 2 0.484375 0.580329 1 0.495968 0.581633 2 0.485948 0.589117 1 0.495763 0.589254 2 0.485122 0.595936 2 0.491211 0.596176 2 0.485152 0.613420 1 0.491081 0.612766 2 0.485645 0.614811 1 0.490351 0.614811 1
0 0.475818 0.550265 0.017113 0.092593 0.486676 0.553173 1 0.486890 0.551130 1 0.486840 0.551148 1 0.485266 0.552561 2 0.487351 0.552546 1 0.481061 0.565545 2 0.487351 0.565423 1 0.478439 0.581321 2 0.487171 0.582049 1 0.480778 0.590256 2 0.487351 0.594409 1 0.482518 0.599534 2 0.487225 0.600105 1 0.483244 0.614543 2 0.487351 0.614873 1 0.483183 0.614873 1 0.486092 0.613042 1
0 0.460565 0.500000 0.017857 0.082011 0.451162 0.514718 1 0.451073 0.512891 1 0.451710 0.512902 1 0.451341 0.513221 2 0.456368 0.512692 2 0.451351 0.523678 2 0.460532 0.523016 2 0.449805 0.538021 2 0.461788 0.537829 2 0.449468 0.541363 1 0.458604 0.542606 1 0.453395 0.552671 2 0.459806 0.552137 2 0.452176 0.556878 1 0.460336 0.556878 1 0.451911 0.556878 1 0.459373 0.556878 1
0 0.437872 0.444444 0.015625 0.060847 0.440033 0.423705 1 0.439843 0.422451 1 0.440076 0.422505 1 0.437992 0.421725 2 0.440792 0.421854 2 0.436213 0.427451 2 0.441406 0.427298 2 0.435042 0.437459 2 0.442725 0.436433 2 0.435881 0.445714 2 0.441547 0.443021 2 0.436875 0.444332 2 0.440650 0.444395 2 0.437449 0.457216 2 0.441968 0.457185 2 0.437284 0.471424 2 0.442505 0.470551 2
0 0.604539 0.445106 0.011161 0.046296 0.607115 0.432333 2 0.607126 0.431338 1 0.606853 0.431270 2 0.606418 0.431251 1 0.605882 0.431125 2 0.606704 0.436070 2 0.604309 0.435963 2 0.607866 0.442037 2 0.603498 0.442384 2 0.608312 0.446108 2 0.604062 0.447883 2 0.605886 0.448638 2 0.604201 0.448636 2 0.606595 0.457488 2 0.603418 0.457460 2 0.606373 0.466136 2 0.603229 0.466236 2
0 0.561384 0.471561 0.012649 0.046296 0.558207 0.458729 2 0.558529 0.457717 2 0.557808 0.457995 2 0.559341 0.457244 2 0.557560 0.457895 1 0.561009 0.460550 2 0.558362 0.461128 2 0.562883 0.465718 2 0.558226 0.465620 2 0.561181 0.468486 2 0.556702 0.467293 2 0.562596 0.470230 2 0.560705 0.470343 2 0.563018 0.479077 2 0.559972 0.478709 2 0.564724 0.487719 2 0.560561 0.487037 2
0 0.623512 0.423280 0.008929 0.042328 0.621683 0.415373 1 0.621886 0.414672 1 0.621547 0.414636 1 0.621948 0.414922 1 0.621578 0.414799 2 0.621783 0.418789 2 0.621421 0.418594 2 0.621907 0.423434 2 0.621034 0.422883 2 0.620868 0.427279 2 0.620862 0.427141 2 0.622007 0.428611 2 0.621878 0.428636 2 0.622071 0.436079 2 0.622512 0.436384 2 0.622252 0.444004 2 0.622811 0.444048 2
