0 0.575149 0.882275 0.069940 0.230159 0.570663 0.803688 2 0.573669 0.797473 2 0.567593 0.797825 2 0.577915 0.795205 2 0.562483 0.795542 2 0.585714 0.827377 2 0.554839 0.825729 2 0.595056 0.870267 2 0.548705 0.864284 2 0.599120 0.908352 2 0.548024 0.903900 2 0.578170 0.916327 2 0.558220 0.915436 2 0.575092 0.975296 2 0.557840 0.975496 2 0.572927 1.000000 1 0.558425 1.000000 1
0 0.652158 0.845899 0.049851 0.257937 0.654803 0.747104 2 0.657228 0.741283 2 0.651517 0.741925 2 0.660136 0.742965 2 0.646202 0.744610 2 0.664515 0.772010 2 0.641107 0.775727 2 0.670323 0.800221 2 0.638903 0.811212 2 0.670195 0.801539 2 0.656256 0.809421 2 0.657702 0.846876 2 0.642811 0.847516 2 0.651145 0.896755 2 0.642167 0.895989 2 0.646249 0.932911 2 0.646514 0.932631 2
0 0.750000 0.890212 0.035714 0.103175 0.745273 0.849314 2 0.747966 0.849348 2 0.745808 0.846015 2 0.750393 0.857434 2 0.745957 0.848641 1 0.750333 0.875396 2 0.736782 0.859162 2 0.755772 0.893248 2 0.732702 0.849311 2 0.751223 0.896543 2 0.736523 0.841538 2 0.743103 0.914736 2 0.734096 0.909232 2 0.744476 0.942809 2 0.735073 0.941739 2 0.741477 0.959605 1 0.734361 0.961087 1
0 0.717262 0.860450 0.049107 0.183862 0.720697 0.781689 2 0.723690 0.778526 2 0.718885 0.776574 2 0.727619 0.782136 2 0.715309 0.777861 2 0.730430 0.806834 2 0.706340 0.804275 2 0.736083 0.837014 2 0.699418 0.838447 2 0.732499 0.857107 2 0.707553 0.864829 2 0.725136 0.868132 2 0.709044 0.867354 2 0.725645 0.909912 2 0.707381 0.911339 2 0.725809 0.953395 2 0.709361 0.956783 2
0 0.730283 0.794974 0.057292 0.198413 0.721288 0.783041 2 0.724154 0.779530 2 0.719045 0.777803 2 0.727436 0.782329 2 0.714457 0.778452 2 0.730532 0.807388 2 0.706065 0.804324 2 0.736710 0.838906 2 0.698929 0.839793 2 0.733227 0.864407 2 0.707280 0.864691 2 0.725341 0.871897 2 0.708888 0.870351 2 0.725470 0.915901 2 0.705869 0.913086 2 0.727610 0.933862 1 0.708465 0.933862 1
0 0.913690 0.646164 0.061012 0.152116 0.923092 0.591975 1 0.923856 0.589799 1 0.926004 0.590890 1 0.924743 0.596056 2 0.936139 0.597034 1 0.918990 0.613582 2 0.940738 0.616147 2 0.905917 0.622049 2 0.940543 0.626622 1 0.903491 0.606594 2 0.930118 0.607241 1 0.917559 0.665261 2 0.931647 0.664795 2 0.894279 0.659851 2 0.911680 0.661791 2 0.902380 0.700599 2 0.919272 0.699275 2
0 0.904390 0.638889 0.034970 0.119048 0.922896 0.592088 2 0.924366 0.589499 2 0.924681 0.589739 1 0.926072 0.594806 2 0.928571 0.594369 1 0.920338 0.614119 2 0.928571 0.614495 1 0.904485 0.622443 2 0.914628 0.624786 1 0.902810 0.603789 2 0.909334 0.606787 1 0.919371 0.668358 2 0.926392 0.666974 2 0.897039 0.662371 2 0.910302 0.660663 1 0.900577 0.702522 2 0.913193 0.701790 2
0 0.977307 0.643519 0.040923 0.210317 0.994364 0.569409 2 0.996566 0.565123 2 0.992862 0.563189 2 0.997350 0.563181 1 0.988141 0.557908 2 0.998831 0.580951 2 0.978604 0.571532 2 0.998558 0.614025 2 0.962532 0.581615 2 0.999575 0.631254 2 0.973437 0.568620 2 0.989748 0.642725 2 0.976020 0.639470 2 0.992513 0.684292 2 0.971019 0.684159 2 0.980905 0.708371 2 0.970975 0.721042 2
0 0.487351 0.505291 0.035714 0.111111 0.485337 0.472011 2 0.486504 0.468754 2 0.484157 0.469213 2 0.490198 0.467870 2 0.485777 0.468410 1 0.491692 0.483425 2 0.494135 0.480452 2 0.487619 0.506129 2 0.490707 0.500561 1 0.479024 0.515105 2 0.481370 0.506440 1 0.493457 0.521023 2 0.495486 0.516944 2 0.473918 0.518975 2 0.480612 0.509237 2 0.480774 0.549081 2 0.485136 0.536110 2
0 0.640253 0.375000 0.023065 0.128307 0.641179 0.327360 2 0.642340 0.325411 2 0.639945 0.325194 2 0.643864 0.327001 2 0.637655 0.326312 2 0.644971 0.341235 2 0.633951 0.339809 2 0.646603 0.357014 2 0.631583 0.357976 2 0.647467 0.372315 2 0.632845 0.372600 2 0.643403 0.373553 2 0.635668 0.372652 2 0.643149 0.398352 2 0.633367 0.394511 2 0.644364 0.421348 2 0.632254 0.413790 2
0 0.427455 0.361111 0.024554 0.087302 0.425833 0.332638 2 0.426566 0.331082 2 0.425131 0.331207 2 0.427965 0.330090 2 0.424293 0.330558 1 0.430699 0.335964 2 0.423317 0.337077 2 0.433107 0.344617 2 0.421212 0.346483 2 0.432336 0.346803 2 0.419335 0.356498 2 0.429649 0.358239 2 0.424768 0.358620 2 0.429898 0.373399 2 0.425724 0.375029 2 0.431423 0.386374 2 0.426748 0.390417 2
0 0.408854 0.315476 0.017113 0.048942 0.409991 0.302626 2 0.410562 0.301398 2 0.409410 0.301647 2 0.411769 0.300970 2 0.408730 0.301459 2 0.412877 0.307230 2 0.408939 0.306164 2 0.412927 0.314953 2 0.407707 0.310895 2 0.409839 0.317325 2 0.406286 0.312895 2 0.411676 0.319432 2 0.408804 0.318333 2 0.410044 0.323417 2 0.405752 0.321871 2 0.410226 0.330183 2 0.403921 0.327953 2
0 0.498512 0.303571 0.013393 0.091270 0.502901 0.271563 2 0.502499 0.270011 1 0.502317 0.270077 2 0.500466 0.271123 1 0.500189 0.271407 2 0.500209 0.280681 2 0.498119 0.280791 2 0.499959 0.293386 1 0.496888 0.292520 2 0.501089 0.305140 1 0.498497 0.303562 2 0.500718 0.305202 2 0.499402 0.305608 2 0.500408 0.322823 2 0.498930 0.323742 2 0.498891 0.339513 2 0.498194 0.340834 2
0 0.522321 0.292989 0.017857 0.093915 0.523008 0.258681 2 0.523748 0.256969 2 0.521989 0.256957 2 0.524240 0.258044 1 0.519956 0.257934 2 0.524149 0.267576 2 0.517981 0.267626 2 0.524045 0.277857 2 0.515623 0.278812 2 0.523832 0.285309 2 0.515860 0.288559 2 0.523589 0.290840 2 0.519354 0.291191 2 0.525070 0.310979 2 0.520399 0.311813 2 0.526112 0.329686 2 0.520343 0.330748 2
0 0.555060 0.296958 0.017857 0.088624 0.557016 0.263968 2 0.557983 0.262492 2 0.556212 0.262297 2 0.559489 0.264373 2 0.555023 0.263796 2 0.560992 0.275163 2 0.552881 0.273119 2 0.562594 0.286637 2 0.549526 0.280668 2 0.561688 0.296427 2 0.549890 0.289570 2 0.558107 0.295805 2 0.552631 0.294860 2 0.557715 0.314524 2 0.551100 0.314275 2 0.557937 0.332969 2 0.550706 0.332699 2
0 0.560268 0.287698 0.017857 0.072751 0.556824 0.263698 2 0.557850 0.262141 2 0.556047 0.262029 2 0.559447 0.263964 2 0.555001 0.263680 2 0.561019 0.275253 2 0.553027 0.274413 2 0.562290 0.287629 2 0.551073 0.285896 2 0.561101 0.297637 2 0.550614 0.296264 2 0.558249 0.297005 2 0.552803 0.296345 2 0.557554 0.315920 2 0.551120 0.315157 2 0.557659 0.334036 2 0.550736 0.332572 2
