0 0.583147 0.273479 0.007812 0.029762 0.583677 0.281406 2 0.584128 0.280789 2 0.583502 0.280653 2 0.584958 0.281328 2 0.583437 0.280960 1 0.585592 0.285840 2 0.582727 0.285242 2 0.586319 0.291338 2 0.581669 0.290075 2 0.585662 0.293181 2 0.581045 0.292456 2 0.584863 0.294039 1 0.582952 0.293731 2 0.584863 0.292743 1 0.582650 0.292500 1 0.584597 0.294302 1 0.582485 0.294174 1
0 0.521205 0.542989 0.011905 0.048942 0.519931 0.535394 2 0.520418 0.534504 2 0.519523 0.534470 2 0.521340 0.533281 2 0.519075 0.533076 2 0.522910 0.536478 2 0.518267 0.534416 2 0.522187 0.544194 2 0.515561 0.538045 2 0.519947 0.547812 2 0.514621 0.541547 2 0.519654 0.547699 2 0.516688 0.546178 2 0.518329 0.555936 2 0.515489 0.553829 2 0.516086 0.564928 2 0.514341 0.564200 2
0 0.473772 0.506614 0.015253 0.044974 0.471353 0.501034 2 0.471652 0.500387 2 0.471148 0.500357 2 0.472535 0.499776 2 0.471180 0.499734 1 0.473710 0.502419 2 0.470954 0.500936 2 0.474025 0.507368 2 0.468963 0.502823 2 0.472509 0.511150 2 0.466587 0.505658 2 0.473219 0.509597 2 0.471370 0.508635 2 0.473104 0.514453 2 0.470235 0.513690 2 0.473544 0.519060 1 0.470212 0.518132 1
0 0.592448 0.297288 0.005580 0.027116 0.595094 0.286627 1 0.594918 0.286054 1 0.595098 0.286080 1 0.593762 0.285901 2 0.595205 0.286118 2 0.592729 0.288548 2 0.595458 0.288887 2 0.591923 0.292305 2 0.595978 0.293204 2 0.592721 0.292891 1 0.595914 0.295548 1 0.593065 0.297106 2 0.594968 0.297293 2 0.592893 0.303424 2 0.594950 0.303593 2 0.592788 0.307863 1 0.594711 0.307567 1
0 0.093936 0.654431 0.011533 0.045635 0.094733 0.641800 1 0.094456 0.641084 1 0.094496 0.641104 1 0.093407 0.641446 1 0.093542 0.641708 2 0.094196 0.645864 2 0.091594 0.647290 2 0.094884 0.650447 2 0.089400 0.654088 2 0.096547 0.650181 2 0.092576 0.657323 2 0.095752 0.658994 2 0.093878 0.660349 2 0.097744 0.666092 2 0.094158 0.669170 2 0.099376 0.673135 2 0.094815 0.677691 2
0 0.102865 0.662698 0.015253 0.044974 0.100943 0.647687 1 0.100721 0.646917 1 0.101074 0.646649 1 0.099352 0.647592 2 0.102235 0.646927 2 0.098730 0.653530 2 0.103973 0.651805 2 0.098694 0.660102 2 0.106305 0.657151 2 0.101219 0.661244 1 0.105650 0.660516 2 0.101391 0.665453 2 0.105051 0.664697 2 0.102862 0.673752 2 0.106257 0.671983 2 0.104391 0.681327 2 0.108122 0.680009 2
0 0.099144 0.607474 0.012277 0.040344 0.098797 0.592940 2 0.099239 0.591848 2 0.098213 0.592240 2 0.100003 0.591160 2 0.097510 0.592244 2 0.102018 0.594182 2 0.096558 0.596967 2 0.104196 0.599556 2 0.094945 0.602453 2 0.104171 0.605532 2 0.096118 0.608191 2 0.102706 0.607497 2 0.099433 0.609435 2 0.103293 0.614241 2 0.100965 0.619725 2 0.103456 0.621915 2 0.103310 0.629645 2
0 0.706287 0.749008 0.014509 0.053571 0.703684 0.730787 2 0.703887 0.729838 2 0.703720 0.729759 1 0.705175 0.729954 2 0.705451 0.729776 1 0.706554 0.735051 2 0.705887 0.734122 2 0.707146 0.742488 2 0.704584 0.739432 2 0.706658 0.748101 2 0.703029 0.741472 2 0.705451 0.746133 2 0.705659 0.745481 2 0.702823 0.754059 2 0.706101 0.754312 2 0.701933 0.763374 2 0.708549 0.762896 2
0 0.782924 0.740079 0.012277 0.038360 0.783733 0.729212 2 0.784234 0.728361 2 0.783218 0.728434 2 0.784826 0.727434 1 0.782082 0.727410 2 0.785551 0.730015 2 0.780302 0.728686 2 0.786101 0.734713 2 0.778075 0.732892 2 0.784748 0.738627 2 0.779347 0.739393 2 0.783812 0.739900 2 0.780388 0.738916 2 0.782420 0.749276 2 0.779218 0.746542 2 0.781206 0.759632 2 0.778594 0.755498 2
0 0.787388 0.761243 0.013765 0.050265 0.783157 0.730265 2 0.783760 0.729497 1 0.782697 0.729358 1 0.784607 0.728037 1 0.781724 0.727587 1 0.785323 0.729401 2 0.780142 0.728161 2 0.786133 0.735174 2 0.778324 0.733541 2 0.784687 0.738827 2 0.779040 0.739365 2 0.783509 0.740823 2 0.780224 0.739946 2 0.781923 0.750814 2 0.779390 0.748739 2 0.780755 0.760823 2 0.778970 0.758198 2
0 0.867188 0.532407 0.010417 0.044974 0.865716 0.516473 1 0.865759 0.515577 1 0.866002 0.515872 1 0.865339 0.515813 2 0.867579 0.516383 2 0.864030 0.520255 2 0.868808 0.521330 2 0.862744 0.526632 2 0.869424 0.528080 2 0.861253 0.532550 2 0.869386 0.534479 2 0.863706 0.532584 2 0.866912 0.532942 2 0.861846 0.539093 2 0.864708 0.540803 2 0.861634 0.545367 2 0.863328 0.547055 2
0 0.861793 0.525794 0.015253 0.044974 0.864136 0.511811 1 0.863874 0.510784 1 0.864157 0.511050 1 0.861979 0.510517 2 0.863955 0.511471 2 0.859850 0.514738 2 0.863366 0.516846 2 0.857779 0.520101 2 0.862833 0.523449 2 0.857615 0.524459 2 0.862499 0.527938 1 0.858421 0.525816 2 0.860751 0.527010 2 0.858451 0.532533 2 0.860309 0.534455 2 0.858094 0.540675 2 0.859167 0.541600 2
0 0.246652 0.757275 0.013393 0.048942 0.247675 0.745090 1 0.247934 0.744223 1 0.247251 0.744547 1 0.248392 0.742519 1 0.246481 0.743465 1 0.249398 0.742574 2 0.245452 0.745273 2 0.251531 0.746506 2 0.245230 0.753294 2 0.252274 0.751675 2 0.245417 0.759611 2 0.249883 0.753660 2 0.246968 0.754978 2 0.251045 0.761447 2 0.245904 0.762405 2 0.253415 0.769291 2 0.246810 0.768767 2
0 0.242374 0.738757 0.012277 0.055556 0.238678 0.718602 1 0.238849 0.717682 1 0.239285 0.717322 1 0.239739 0.718687 2 0.242306 0.717296 1 0.239805 0.725753 2 0.244168 0.721926 2 0.237697 0.732787 2 0.246520 0.724133 2 0.234718 0.734562 2 0.245837 0.725804 2 0.242529 0.736057 2 0.245078 0.734413 2 0.242923 0.742661 2 0.244115 0.740700 2 0.243966 0.748974 2 0.244647 0.746443 2
0 0.274182 0.684524 0.012649 0.043651 0.273521 0.667219 2 0.273955 0.666101 2 0.273006 0.666435 2 0.274943 0.664615 2 0.272463 0.665376 1 0.276681 0.668098 2 0.272275 0.668456 2 0.279282 0.674450 2 0.271764 0.674695 2 0.279681 0.679264 2 0.271698 0.681407 2 0.276195 0.683461 2 0.273136 0.683345 2 0.275726 0.693740 2 0.272170 0.692825 2 0.277464 0.702934 2 0.272184 0.700981 2
0 0.279018 0.663690 0.009673 0.041667 0.277346 0.656610 2 0.277698 0.655542 2 0.277200 0.655647 1 0.279109 0.654893 2 0.277737 0.655141 1 0.281693 0.658521 2 0.278388 0.659063 2 0.284908 0.664334 2 0.279108 0.664929 2 0.282668 0.668528 2 0.278840 0.668537 2 0.282506 0.669932 2 0.280114 0.669991 2 0.282962 0.679122 2 0.279638 0.678997 2 0.284558 0.687306 2 0.280743 0.687132 2
0 0.192336 0.574074 0.013393 0.048942 0.188318 0.559729 1 0.188336 0.559029 1 0.188601 0.558775 1 0.187988 0.559768 2 0.190290 0.558905 2 0.187750 0.564893 2 0.192151 0.563107 2 0.187268 0.571065 2 0.194359 0.568385 2 0.186949 0.574724 2 0.195080 0.574407 2 0.190308 0.576350 2 0.193023 0.575574 2 0.191681 0.585303 2 0.192895 0.583331 2 0.194215 0.590887 2 0.194139 0.589385 2
0 0.311570 0.723545 0.016741 0.044974 0.312270 0.710303 1 0.312295 0.709593 1 0.312486 0.709489 1 0.311838 0.710771 2 0.314548 0.710033 2 0.311219 0.716935 2 0.316368 0.713669 2 0.308762 0.721227 2 0.317575 0.711978 2 0.308598 0.715659 2 0.315314 0.709088 2 0.313094 0.730942 2 0.316751 0.729529 2 0.310367 0.737445 2 0.315990 0.735976 2 0.310088 0.747435 2 0.317390 0.745302 2
0 0.319940 0.666667 0.015625 0.051587 0.318885 0.658903 2 0.319374 0.657794 2 0.318328 0.658031 2 0.320019 0.656239 1 0.317104 0.657043 2 0.319985 0.656970 2 0.315690 0.661256 2 0.322953 0.660218 2 0.314557 0.669652 2 0.325627 0.662827 2 0.317632 0.672970 2 0.318770 0.669483 2 0.315516 0.672166 2 0.322655 0.676112 2 0.314636 0.682427 2 0.323525 0.684840 2 0.312454 0.693036 2
0 0.280878 0.741733 0.017857 0.066799 0.280257 0.730359 2 0.280858 0.729297 2 0.279767 0.729222 2 0.281969 0.727981 2 0.279213 0.727785 1 0.283768 0.730812 2 0.278640 0.729191 2 0.284251 0.739547 2 0.276602 0.734845 2 0.282113 0.746473 2 0.274890 0.740285 2 0.284709 0.742847 2 0.281093 0.741848 2 0.284129 0.752929 2 0.277735 0.750935 2 0.286484 0.763551 2 0.280035 0.760986 2
0 0.599330 0.848545 0.015625 0.050265 0.604989 0.832644 1 0.604510 0.831448 1 0.604826 0.831733 1 0.601805 0.831400 2 0.604439 0.832592 2 0.599361 0.835910 2 0.605017 0.839254 2 0.597304 0.839806 2 0.607583 0.845394 2 0.600269 0.837067 1 0.608366 0.842362 1 0.598423 0.851660 2 0.602080 0.853233 2 0.596823 0.859566 2 0.600164 0.863888 2 0.594866 0.867429 2 0.598409 0.872890 2
0 0.444382 0.430556 0.008557 0.035714 0.443353 0.420711 2 0.443576 0.419893 2 0.443029 0.420182 2 0.444327 0.418964 2 0.442911 0.419660 1 0.446020 0.421889 2 0.442834 0.422054 2 0.447488 0.427351 2 0.442585 0.426772 2 0.446437 0.431810 2 0.442205 0.431557 2 0.445737 0.432333 2 0.443630 0.432234 2 0.446218 0.439913 2 0.444282 0.439263 2 0.447057 0.447748 2 0.444949 0.446245 2
0 0.470238 0.367725 0.010417 0.039683 0.470958 0.357879 1 0.470584 0.357132 1 0.470874 0.357140 1 0.468895 0.357068 1 0.470319 0.357248 2 0.467511 0.360724 2 0.470538 0.360951 2 0.466827 0.365444 2 0.472061 0.365447 2 0.467453 0.368388 1 0.473258 0.367897 2 0.468061 0.369699 2 0.469865 0.369930 2 0.469017 0.376472 2 0.469349 0.376942 2 0.469181 0.383182 2 0.468379 0.383626 2
