0 0.154390 0.947090 0.057292 0.103175 0.152087 0.918734 1 0.152181 0.916448 1 0.153947 0.914863 1 0.153233 0.916074 2 0.162397 0.911984 2 0.154524 0.931688 2 0.172040 0.924817 2 0.146333 0.950037 2 0.180704 0.937945 2 0.137419 0.959715 2 0.174993 0.948285 2 0.156930 0.984101 2 0.169333 0.978609 2 0.135603 0.968196 2 0.151732 0.963960 2 0.134630 0.997363 2 0.159471 0.999891 2
0 0.834821 0.663360 0.050595 0.128307 0.838676 0.618748 1 0.839231 0.616380 1 0.840647 0.616839 1 0.840405 0.619051 2 0.849506 0.619539 1 0.835611 0.633182 2 0.854813 0.635793 2 0.824140 0.641551 2 0.854346 0.648497 1 0.818662 0.638608 2 0.845068 0.643590 1 0.835880 0.682420 2 0.848544 0.681832 2 0.816267 0.675328 2 0.832993 0.676743 2 0.826688 0.712730 2 0.842025 0.711043 2
0 0.444568 0.437169 0.017113 0.064815 0.446496 0.392857 1 0.447247 0.392857 1 0.445500 0.392857 1 0.448739 0.392857 1 0.443708 0.392857 1 0.451792 0.393216 1 0.441459 0.393423 1 0.454481 0.404589 2 0.439845 0.404849 2 0.449698 0.404218 2 0.441762 0.407126 2 0.450493 0.416628 2 0.443127 0.416372 2 0.450237 0.439217 2 0.442215 0.439260 2 0.450312 0.463028 2 0.439727 0.463433 2
0 0.443452 0.416667 0.020833 0.095238 0.447132 0.378986 2 0.448108 0.377071 2 0.445825 0.377404 2 0.449846 0.378784 2 0.444051 0.379623 2 0.452101 0.390749 2 0.442289 0.391296 2 0.454750 0.404414 2 0.440014 0.404865 2 0.450745 0.404728 2 0.444448 0.405709 2 0.450686 0.418757 2 0.443958 0.418869 2 0.450814 0.440000 2 0.442867 0.440545 2 0.450021 0.461989 2 0.440565 0.460936 2
0 0.419643 0.362434 0.016369 0.079365 0.423322 0.329919 1 0.422794 0.328594 1 0.422820 0.328707 1 0.419938 0.329860 1 0.421713 0.330185 2 0.418460 0.337568 2 0.423097 0.337096 2 0.418660 0.339976 2 0.427837 0.337080 2 0.421158 0.332973 2 0.424791 0.331189 2 0.420058 0.357009 2 0.423138 0.357139 2 0.421719 0.372156 2 0.424968 0.372181 2 0.420546 0.389265 2 0.425526 0.388680 2
0 0.440476 0.340608 0.025298 0.078042 0.444549 0.312061 1 0.443961 0.310535 1 0.444655 0.310538 1 0.440699 0.311177 2 0.444935 0.311463 2 0.438802 0.320038 2 0.444956 0.319922 2 0.437230 0.331228 2 0.448585 0.328448 2 0.437098 0.340130 2 0.453401 0.332328 2 0.439693 0.340489 2 0.443641 0.340675 2 0.440438 0.355259 2 0.444075 0.355865 2 0.439481 0.370847 2 0.443307 0.371391 2
0 0.475074 0.388889 0.027530 0.092593 0.478087 0.351222 2 0.478774 0.349398 2 0.477799 0.349553 1 0.481418 0.349017 2 0.479320 0.349429 1 0.483121 0.356197 2 0.481714 0.355742 2 0.477942 0.365305 2 0.478097 0.364220 2 0.472766 0.369652 2 0.473932 0.368414 2 0.485746 0.379716 2 0.484433 0.379068 2 0.484890 0.397685 2 0.482730 0.395312 2 0.486111 0.411486 2 0.483081 0.409275 2
0 0.312128 0.355820 0.014137 0.055556 0.314815 0.337257 1 0.315174 0.336347 1 0.314694 0.336349 1 0.316017 0.336716 2 0.315196 0.336653 1 0.316996 0.341349 2 0.314849 0.341409 2 0.317931 0.347253 2 0.314121 0.347387 2 0.317978 0.350360 2 0.314858 0.350424 2 0.317081 0.352484 2 0.315649 0.352594 2 0.317429 0.361587 2 0.315753 0.361927 2 0.316941 0.371060 2 0.315151 0.371411 2
0 0.311384 0.337302 0.017113 0.066138 0.314503 0.337434 1 0.314626 0.336546 1 0.314845 0.336452 1 0.314835 0.337005 2 0.316918 0.336603 2 0.314623 0.341908 2 0.317712 0.341332 2 0.313936 0.348143 2 0.318724 0.347607 2 0.313785 0.350268 1 0.318425 0.350435 1 0.315527 0.353699 2 0.317526 0.353422 2 0.315932 0.362281 2 0.317310 0.362159 2 0.315651 0.371426 2 0.316764 0.371114 2
0 0.409598 0.259259 0.018601 0.031746 0.414451 0.250869 2 0.414680 0.250042 2 0.414306 0.250059 2 0.415862 0.249813 2 0.415277 0.249748 1 0.416656 0.253684 2 0.415903 0.253376 2 0.416266 0.259302 2 0.413587 0.257869 2 0.416041 0.264423 2 0.411435 0.260854 2 0.416733 0.264080 2 0.416708 0.263656 2 0.411784 0.261619 2 0.413830 0.262215 2 0.409318 0.270476 2 0.412609 0.270710 2
0 0.513765 0.263228 0.017113 0.066138 0.513519 0.242289 2 0.514104 0.240902 2 0.512824 0.241137 2 0.515063 0.240583 2 0.511961 0.241156 2 0.517406 0.247152 2 0.510919 0.247956 2 0.519622 0.255824 2 0.508866 0.256310 2 0.519351 0.264854 2 0.508156 0.265644 2 0.516386 0.265843 2 0.512255 0.266142 2 0.516544 0.277920 2 0.512650 0.278524 2 0.516097 0.288518 2 0.512869 0.290087 2
