0 0.558036 0.565476 0.017857 0.099206 0.552736 0.529667 1 0.551858 0.527823 1 0.552780 0.527721 1 0.548150 0.528809 1 0.552450 0.529030 2 0.547136 0.538850 2 0.551566 0.539613 2 0.551353 0.549660 1 0.554265 0.553434 2 0.555887 0.550639 1 0.557350 0.564309 2 0.547456 0.564442 2 0.550526 0.565074 2 0.551086 0.583381 2 0.552821 0.584728 2 0.550619 0.603549 2 0.551264 0.605837 2
0 0.555432 0.542328 0.033482 0.071429 0.552911 0.528704 1 0.551976 0.527004 1 0.552941 0.526955 1 0.548173 0.527929 1 0.552512 0.528255 2 0.546912 0.537964 2 0.550982 0.538526 2 0.551538 0.549029 2 0.554247 0.549559 2 0.556079 0.546276 1 0.556904 0.547534 2 0.548703 0.565269 2 0.551228 0.566264 2 0.552968 0.584352 2 0.552718 0.587113 2 0.552307 0.590213 1 0.550425 0.591043 1
0 0.528274 0.492725 0.014881 0.075397 0.525771 0.483175 1 0.525068 0.481685 1 0.525663 0.481686 1 0.521467 0.482195 1 0.525029 0.482605 2 0.519031 0.490294 2 0.525948 0.490927 2 0.518032 0.500143 1 0.527950 0.500486 2 0.519474 0.508739 1 0.529129 0.505425 1 0.520525 0.511015 2 0.525103 0.511447 2 0.522157 0.526099 2 0.525059 0.526238 2 0.523099 0.539191 2 0.524850 0.539686 2
0 0.460565 0.526455 0.017857 0.089947 0.459984 0.496335 1 0.459712 0.494653 1 0.460258 0.494616 1 0.457519 0.495950 2 0.461817 0.495758 2 0.455363 0.506086 2 0.463771 0.505598 2 0.453623 0.518586 2 0.465992 0.517563 2 0.453589 0.528041 2 0.465680 0.528477 2 0.457291 0.525723 2 0.462725 0.525647 2 0.458682 0.544525 2 0.462004 0.544559 2 0.459857 0.561138 2 0.460775 0.561621 2
0 0.487723 0.550926 0.023065 0.099206 0.491512 0.515816 1 0.490733 0.514007 1 0.490928 0.514031 1 0.486269 0.515434 2 0.489558 0.515736 2 0.482434 0.527373 2 0.492153 0.527006 2 0.480284 0.540459 2 0.495289 0.540704 2 0.482950 0.546136 2 0.495415 0.547196 2 0.484465 0.554311 2 0.490979 0.554114 2 0.485382 0.574302 2 0.490895 0.571641 2 0.486146 0.593382 2 0.490068 0.590063 2
0 0.486235 0.524471 0.018601 0.096561 0.491429 0.515982 1 0.490651 0.514128 1 0.490965 0.514072 1 0.486051 0.515534 2 0.489747 0.515670 2 0.482644 0.527150 2 0.492026 0.526699 2 0.480438 0.540685 2 0.495303 0.539654 2 0.483275 0.546542 2 0.494485 0.545620 2 0.484789 0.553436 2 0.491064 0.553402 2 0.485755 0.574575 2 0.490933 0.572636 2 0.486975 0.589605 2 0.490752 0.587973 2
0 0.500744 0.517857 0.014881 0.067460 0.500370 0.493848 2 0.500869 0.492463 2 0.499596 0.492671 2 0.501486 0.492443 1 0.498227 0.492929 2 0.502620 0.498252 2 0.497189 0.498876 2 0.503687 0.504115 2 0.496105 0.507351 2 0.501979 0.500675 2 0.497177 0.516683 2 0.501666 0.516385 2 0.497874 0.516640 2 0.502427 0.530624 2 0.497454 0.530912 2 0.502531 0.543913 2 0.497111 0.544140 2
0 0.523065 0.510582 0.016369 0.076720 0.525610 0.483426 1 0.524932 0.481891 1 0.525433 0.481945 1 0.521408 0.482132 2 0.524689 0.482484 2 0.519020 0.490427 2 0.525833 0.490213 2 0.517293 0.499655 2 0.528446 0.499552 2 0.517986 0.504845 1 0.529867 0.504788 2 0.520905 0.509579 2 0.525328 0.509501 2 0.522007 0.524684 2 0.525321 0.522602 2 0.523187 0.538778 2 0.525392 0.535988 2
0 0.465030 0.508598 0.014881 0.078042 0.460540 0.495861 1 0.460145 0.494252 1 0.460776 0.494288 1 0.457763 0.495362 2 0.461973 0.495392 2 0.456156 0.504947 2 0.463087 0.504624 2 0.455219 0.516258 2 0.464907 0.515324 2 0.455714 0.522037 1 0.465091 0.521112 2 0.458083 0.525388 2 0.462587 0.525394 2 0.458764 0.544582 2 0.461964 0.544221 2 0.459429 0.560867 2 0.461230 0.560266 2
0 0.441592 0.508598 0.017113 0.088624 0.440083 0.477210 1 0.439786 0.475629 1 0.440162 0.475534 1 0.437647 0.476550 2 0.441625 0.476211 2 0.436209 0.486283 2 0.444018 0.485203 2 0.436435 0.498424 2 0.445832 0.497124 2 0.438747 0.506978 2 0.443716 0.505693 2 0.438411 0.506768 2 0.443809 0.506226 2 0.439658 0.525569 2 0.443701 0.523386 2 0.440733 0.543116 2 0.443107 0.540500 2
0 0.791667 0.826720 0.040179 0.177249 0.799645 0.766277 2 0.800012 0.762590 2 0.797928 0.762206 2 0.797972 0.763312 1 0.791774 0.762396 2 0.800911 0.776491 2 0.785644 0.780976 2 0.801156 0.796708 2 0.781040 0.804488 2 0.801926 0.820050 2 0.780532 0.829182 2 0.798565 0.826848 2 0.788656 0.829962 2 0.801398 0.857710 2 0.788814 0.867613 2 0.790136 0.873074 2 0.790794 0.898549 2
0 0.765253 0.792989 0.031994 0.152116 0.786960 0.762754 1 0.787202 0.759480 1 0.786655 0.759676 1 0.786229 0.760073 1 0.786274 0.760575 1 0.784756 0.778024 1 0.783874 0.778492 2 0.782347 0.804037 1 0.780938 0.803558 2 0.782918 0.828109 1 0.781590 0.828986 2 0.786298 0.826933 1 0.785836 0.827732 2 0.787183 0.861261 1 0.786491 0.862640 2 0.786635 0.891198 1 0.786555 0.891005 1
0 0.736979 0.792989 0.031994 0.107143 0.732666 0.762704 2 0.734291 0.760254 2 0.731352 0.760163 2 0.737152 0.759417 2 0.729739 0.759095 2 0.738221 0.771044 2 0.727906 0.769762 2 0.742860 0.778807 2 0.726836 0.782192 2 0.748466 0.782755 2 0.728632 0.792195 2 0.735403 0.799045 2 0.728501 0.798043 2 0.735933 0.818198 2 0.727436 0.813785 2 0.737049 0.836108 2 0.726190 0.827414 2
0 0.614583 0.589286 0.016369 0.104497 0.611318 0.552208 1 0.611545 0.550424 1 0.612012 0.550203 1 0.612397 0.552133 2 0.616041 0.550977 1 0.614456 0.564142 2 0.618037 0.560460 2 0.616862 0.577043 2 0.622324 0.566569 2 0.615419 0.584270 2 0.619583 0.574586 1 0.614892 0.591811 2 0.616933 0.590006 2 0.616188 0.614405 2 0.616032 0.612904 2 0.617660 0.634439 2 0.617003 0.633379 2
