0 0.629092 0.383598 0.048363 0.126984 0.620068 0.333970 1 0.620583 0.331674 1 0.621042 0.331558 1 0.622202 0.333664 2 0.627532 0.332769 2 0.620691 0.348879 2 0.632664 0.346459 2 0.616790 0.362854 2 0.640988 0.355007 2 0.611598 0.371873 2 0.651060 0.363587 2 0.625666 0.388438 2 0.633303 0.387638 2 0.622718 0.413529 2 0.633346 0.414475 2 0.626616 0.440401 2 0.638527 0.439996 2
0 0.663318 0.182540 0.020089 0.071429 0.665751 0.154050 1 0.665873 0.152704 1 0.666154 0.152992 1 0.665085 0.153589 2 0.668565 0.153878 2 0.663168 0.160716 2 0.669874 0.161374 2 0.661159 0.170136 2 0.671734 0.170465 2 0.660490 0.177363 2 0.671777 0.178533 2 0.662854 0.178576 2 0.667567 0.178947 2 0.660438 0.193409 2 0.666977 0.195331 2 0.658442 0.208483 2 0.665934 0.210308 2
0 0.706473 0.449735 0.030506 0.166667 0.695707 0.387488 1 0.695985 0.384639 1 0.696692 0.384451 1 0.695785 0.387032 2 0.702486 0.385782 2 0.697931 0.404703 2 0.706308 0.402383 2 0.701635 0.424336 2 0.711920 0.423530 2 0.697256 0.432295 2 0.704092 0.429393 1 0.705546 0.447446 2 0.711146 0.445915 2 0.707595 0.484847 2 0.710500 0.477965 2 0.717023 0.519444 2 0.718977 0.509058 2
0 0.537946 0.388228 0.031250 0.115079 0.546189 0.343728 1 0.545137 0.340953 1 0.546128 0.341463 1 0.538836 0.342074 2 0.546486 0.344102 2 0.534892 0.356430 2 0.547385 0.361590 2 0.530652 0.371735 2 0.549174 0.381219 2 0.531498 0.385574 2 0.551399 0.394771 2 0.534393 0.388518 2 0.543414 0.391252 2 0.536334 0.403326 2 0.547992 0.407076 2 0.532834 0.424060 2 0.546492 0.430801 2
0 0.406994 0.417989 0.028274 0.150794 0.418570 0.365322 1 0.417252 0.362584 1 0.418157 0.362568 1 0.409705 0.364071 1 0.415606 0.364923 2 0.404505 0.378099 2 0.414004 0.381221 2 0.397229 0.390152 2 0.416623 0.400366 2 0.399836 0.395064 2 0.422147 0.409783 2 0.406082 0.419477 2 0.412743 0.421194 2 0.407477 0.452210 2 0.417345 0.453169 2 0.404040 0.481407 2 0.420149 0.484961 2
0 0.475446 0.501323 0.032738 0.164021 0.467653 0.438044 1 0.467349 0.435223 1 0.468083 0.434735 1 0.464348 0.437755 2 0.472601 0.436231 2 0.462460 0.457424 2 0.477431 0.454932 2 0.461703 0.481935 2 0.481359 0.476423 2 0.461629 0.499127 2 0.486497 0.495893 2 0.468213 0.499953 2 0.478910 0.499250 2 0.468707 0.531718 2 0.482036 0.531656 2 0.469142 0.563439 2 0.482577 0.566759 2
0 0.331473 0.429894 0.026042 0.134921 0.335849 0.379334 2 0.336108 0.376539 1 0.335048 0.376231 2 0.333884 0.376252 1 0.331353 0.375335 2 0.333543 0.384834 2 0.326941 0.386807 2 0.337817 0.401502 2 0.331181 0.400513 2 0.342331 0.414712 2 0.334082 0.387766 2 0.334378 0.416505 2 0.330444 0.418831 2 0.335061 0.446686 2 0.334315 0.450743 2 0.331168 0.473972 2 0.338634 0.480138 2
0 0.615327 0.339286 0.029762 0.104497 0.620166 0.334857 1 0.620368 0.332400 1 0.621190 0.332346 1 0.621394 0.333909 2 0.628445 0.332847 2 0.620842 0.347335 2 0.632836 0.346369 2 0.615641 0.360016 2 0.636161 0.362654 2 0.612561 0.370574 2 0.635978 0.377243 1 0.625720 0.388549 2 0.634230 0.387911 2 0.620880 0.409664 1 0.635078 0.408264 1 0.618706 0.410714 1 0.636161 0.408124 1
0 0.357887 0.387566 0.026786 0.140212 0.361667 0.342889 2 0.361637 0.340017 1 0.360479 0.340127 2 0.359421 0.340919 1 0.356642 0.341230 2 0.357462 0.353230 2 0.354810 0.355049 2 0.361521 0.368428 2 0.358000 0.370619 2 0.367364 0.372430 2 0.363067 0.363277 2 0.355430 0.387431 2 0.353666 0.388694 2 0.356715 0.419660 2 0.355346 0.421721 2 0.353727 0.446766 2 0.352096 0.449710 2
0 0.309896 0.461640 0.037946 0.164021 0.313937 0.400532 2 0.312578 0.397538 1 0.312798 0.398072 2 0.308073 0.399931 1 0.309609 0.402221 2 0.306499 0.417150 2 0.306260 0.421026 2 0.305994 0.439771 1 0.305521 0.445799 2 0.308245 0.456477 1 0.307654 0.468926 2 0.304417 0.461878 2 0.303031 0.464473 2 0.312804 0.488680 2 0.299828 0.497596 2 0.311219 0.520468 2 0.295818 0.530091 2
0 0.133929 0.370370 0.037202 0.126984 0.130667 0.328760 2 0.131781 0.326372 2 0.129496 0.326637 2 0.133564 0.323399 2 0.127219 0.324114 2 0.137529 0.331275 2 0.124620 0.333472 2 0.143763 0.344136 2 0.122239 0.349547 2 0.138790 0.351339 2 0.124994 0.367140 2 0.138982 0.365999 2 0.130231 0.367379 2 0.142426 0.391343 2 0.132118 0.394174 2 0.147612 0.416798 2 0.133695 0.420710 2
0 0.268601 0.335317 0.022321 0.109788 0.265854 0.294222 2 0.267376 0.292638 2 0.266164 0.292213 2 0.270241 0.294544 2 0.266960 0.293561 1 0.270310 0.305002 2 0.265922 0.304340 2 0.265899 0.312212 2 0.262634 0.311458 1 0.263966 0.305998 2 0.264049 0.311033 1 0.269145 0.333685 2 0.264250 0.333558 2 0.272685 0.358592 2 0.260467 0.359197 2 0.281402 0.378395 2 0.260426 0.382736 2
0 0.547247 0.199735 0.021577 0.092593 0.549707 0.171411 1 0.549946 0.169691 1 0.549974 0.170098 1 0.548605 0.170791 2 0.552655 0.171543 2 0.545791 0.179924 2 0.553384 0.181551 2 0.542496 0.191208 2 0.556634 0.193445 2 0.541208 0.203760 2 0.558556 0.203847 2 0.545009 0.202281 2 0.550675 0.203028 2 0.541382 0.219049 2 0.551927 0.221397 2 0.538465 0.236095 2 0.553739 0.236752 2
0 0.943452 0.303571 0.037202 0.123016 0.946786 0.259858 1 0.946659 0.257258 1 0.947652 0.258194 1 0.944410 0.257950 2 0.951423 0.259642 2 0.939627 0.270996 2 0.954333 0.273428 2 0.933259 0.286817 2 0.958646 0.286083 2 0.927351 0.300649 2 0.960267 0.284846 2 0.938156 0.307564 2 0.947013 0.308645 2 0.936923 0.330814 2 0.942974 0.333946 2 0.935674 0.354680 2 0.937307 0.356950 2
0 0.790179 0.275794 0.025298 0.101852 0.791341 0.240090 2 0.791281 0.238382 2 0.790644 0.238212 2 0.789971 0.239195 1 0.787781 0.238785 2 0.788763 0.248897 2 0.783433 0.248105 2 0.788117 0.262029 2 0.780349 0.261676 2 0.790742 0.270837 2 0.785570 0.270472 2 0.786594 0.269911 2 0.782797 0.270628 2 0.794846 0.279563 2 0.790610 0.280295 2 0.792592 0.300643 2 0.788572 0.301495 2
0 0.808408 0.269841 0.024554 0.092593 0.809685 0.239936 2 0.809700 0.238101 2 0.808925 0.238068 2 0.808571 0.238318 1 0.806146 0.238507 2 0.808010 0.245155 2 0.802547 0.248495 2 0.810732 0.258310 2 0.806580 0.262034 2 0.813754 0.265960 2 0.812061 0.270661 2 0.808061 0.266937 2 0.804228 0.270691 2 0.816039 0.270775 2 0.812333 0.282219 2 0.812783 0.287551 2 0.813835 0.301960 2
0 0.847470 0.877646 0.059524 0.226190 0.861808 0.806614 2 0.864987 0.802456 2 0.859226 0.801067 2 0.868517 0.805096 2 0.853801 0.801169 2 0.870252 0.831131 2 0.846548 0.825651 2 0.871063 0.861182 2 0.841189 0.854797 2 0.868368 0.879754 2 0.848397 0.879005 2 0.860435 0.889483 2 0.844180 0.886239 2 0.855915 0.930499 2 0.836829 0.924664 2 0.848589 0.969697 2 0.829334 0.967399 2
0 0.538318 0.325397 0.026042 0.108466 0.543745 0.343753 1 0.543118 0.341185 1 0.544367 0.341724 1 0.538451 0.342240 2 0.546355 0.343741 2 0.534454 0.356608 2 0.546920 0.360801 2 0.531033 0.371740 2 0.548614 0.381996 2 0.531720 0.386460 2 0.550045 0.394831 2 0.533912 0.392447 2 0.542735 0.394514 2 0.535947 0.394193 1 0.548439 0.394881 1 0.533873 0.397141 1 0.546890 0.398115 1
0 0.520461 0.297619 0.026042 0.089947 0.515402 0.272696 2 0.516288 0.270785 2 0.514444 0.271186 2 0.517972 0.269390 2 0.513270 0.270268 2 0.520572 0.276612 2 0.511514 0.277070 2 0.523013 0.287192 2 0.509243 0.287213 2 0.521205 0.294655 2 0.512234 0.293534 2 0.519629 0.301699 2 0.513736 0.301792 2 0.519482 0.320711 2 0.514557 0.319977 2 0.519679 0.339251 2 0.514595 0.337479 2
0 0.488095 0.157407 0.017857 0.063492 0.491821 0.186259 2 0.492340 0.184965 2 0.490813 0.184904 2 0.492688 0.186105 1 0.488726 0.185990 2 0.493470 0.195485 2 0.487411 0.195607 2 0.495147 0.200929 1 0.486672 0.201058 1 0.494266 0.198654 1 0.489414 0.197762 1 0.492875 0.201058 1 0.488911 0.201058 1 0.493324 0.198484 1 0.491284 0.198987 1 0.492564 0.201058 1 0.489748 0.201058 1
0 0.095238 0.314153 0.017857 0.067460 0.094989 0.294223 2 0.095466 0.292051 2 0.093510 0.292848 2 0.096069 0.292204 1 0.091331 0.294329 2 0.097239 0.298836 2 0.091663 0.302654 2 0.101786 0.304567 2 0.090436 0.313510 2 0.102667 0.307158 2 0.088031 0.325068 2 0.098092 0.316770 2 0.094715 0.318711 2 0.101744 0.322820 2 0.096024 0.326119 2 0.101958 0.335045 2 0.097801 0.337501 2
0 0.642113 0.141534 0.013393 0.071429 0.645421 0.115591 2 0.645374 0.114429 1 0.644893 0.114482 2 0.644662 0.115680 1 0.643869 0.115640 2 0.645138 0.123253 2 0.643353 0.121830 2 0.647548 0.127655 2 0.643529 0.122211 2 0.648371 0.126205 2 0.644504 0.118598 2 0.643912 0.140368 2 0.642816 0.139851 2 0.643853 0.153690 2 0.643473 0.153727 2 0.640092 0.165190 2 0.640002 0.165031 2
0 0.182292 0.160053 0.016369 0.034392 0.180427 0.151028 1 0.180454 0.150239 1 0.180721 0.150194 1 0.180620 0.150431 2 0.182606 0.150118 2 0.180299 0.154653 2 0.183806 0.154293 2 0.180189 0.160067 2 0.184917 0.159424 2 0.180958 0.164506 1 0.184799 0.163020 1 0.181402 0.163201 2 0.183951 0.163120 2 0.181536 0.168308 2 0.184644 0.168418 2 0.181766 0.173124 2 0.185238 0.173113 2
0 0.803943 0.216270 0.017113 0.062169 0.809183 0.239790 2 0.809013 0.238436 1 0.808540 0.238413 2 0.807673 0.238565 1 0.805818 0.238663 2 0.808703 0.246320 2 0.801216 0.246899 2 0.810903 0.256681 2 0.799318 0.258091 2 0.812124 0.258438 1 0.803665 0.258295 1 0.807036 0.259135 1 0.801997 0.259135 1 0.809770 0.251972 1 0.805111 0.254068 1 0.808112 0.258473 1 0.804480 0.259135 1
0 0.442708 0.108466 0.013393 0.052910 0.435116 0.101912 2 0.435540 0.100917 2 0.435142 0.101004 1 0.437014 0.101544 2 0.436046 0.101701 1 0.438510 0.107465 2 0.436196 0.107212 2 0.438788 0.115113 2 0.435653 0.114037 1 0.435652 0.119346 2 0.434947 0.118920 1 0.437753 0.120727 2 0.436160 0.120300 2 0.437152 0.130958 2 0.435880 0.130422 2 0.438827 0.139937 2 0.437027 0.139242 2
0 0.397693 0.096561 0.012649 0.052910 0.395655 0.077084 2 0.396058 0.075988 2 0.395135 0.076165 2 0.396841 0.076466 2 0.394513 0.076867 2 0.398229 0.081937 2 0.394155 0.082632 2 0.399902 0.087897 2 0.393670 0.088988 2 0.400239 0.093743 2 0.393994 0.094906 2 0.398775 0.092738 2 0.396026 0.093175 2 0.399732 0.100277 2 0.396504 0.100780 2 0.400323 0.108869 2 0.396890 0.109418 2
0 0.134301 0.104497 0.014137 0.050265 0.130536 0.089171 1 0.130608 0.088172 1 0.130827 0.088067 1 0.131379 0.088023 2 0.133007 0.087530 1 0.132352 0.092505 2 0.134976 0.091658 2 0.132208 0.099501 2 0.136020 0.098412 2 0.131382 0.105807 2 0.134191 0.104336 1 0.134677 0.104715 2 0.136227 0.104197 2 0.135530 0.114437 2 0.135150 0.113261 2 0.138419 0.122578 2 0.136625 0.121947 2
0 0.790923 0.160714 0.014881 0.048942 0.790370 0.146608 1 0.790468 0.145560 1 0.790891 0.145545 1 0.790694 0.146214 2 0.793333 0.145955 2 0.790484 0.152342 2 0.794072 0.152195 2 0.789121 0.159333 2 0.793838 0.160194 2 0.788367 0.160395 2 0.792917 0.165042 1 0.790368 0.166206 2 0.792807 0.165950 2 0.789371 0.174889 2 0.791358 0.174747 2 0.789576 0.181863 2 0.791308 0.182022 2
0 0.721354 0.146164 0.012649 0.048942 0.725486 0.129271 1 0.724999 0.128186 1 0.725291 0.128260 1 0.722782 0.128469 1 0.724189 0.128887 2 0.721698 0.134214 2 0.723225 0.134676 2 0.721815 0.141868 1 0.723111 0.142784 2 0.723177 0.147044 1 0.724363 0.149365 2 0.721693 0.148375 2 0.722651 0.148739 2 0.722095 0.159013 2 0.722443 0.159449 2 0.720528 0.167303 2 0.720258 0.167578 2
0 0.434896 0.122354 0.014137 0.062169 0.434913 0.102230 2 0.435296 0.101151 2 0.434980 0.101194 1 0.436966 0.101683 2 0.436376 0.101814 1 0.438340 0.107731 2 0.436659 0.107752 2 0.438650 0.115069 2 0.435694 0.114940 1 0.435638 0.119100 2 0.434897 0.119110 1 0.437579 0.122212 2 0.436593 0.121936 2 0.436420 0.132036 2 0.436243 0.132183 2 0.436906 0.141188 2 0.437245 0.140655 2
0 0.572545 0.279762 0.014137 0.056878 0.574883 0.263561 2 0.575973 0.262120 2 0.574198 0.261660 2 0.577629 0.262933 2 0.573046 0.261780 2 0.579035 0.272157 2 0.570481 0.271694 2 0.580897 0.280960 2 0.569782 0.283211 2 0.580052 0.279831 1 0.575874 0.284488 1 0.578123 0.291192 2 0.572251 0.291309 2 0.579967 0.290301 1 0.573590 0.289360 1 0.578875 0.294104 1 0.572666 0.293143 1
0 0.490327 0.220238 0.017857 0.078042 0.491724 0.186245 2 0.492235 0.184768 2 0.490707 0.184791 2 0.492670 0.186315 1 0.488776 0.186374 2 0.493230 0.195676 2 0.487159 0.195991 2 0.494070 0.207193 2 0.485994 0.208412 2 0.494353 0.208662 2 0.490926 0.209077 2 0.492511 0.217791 2 0.487921 0.218225 2 0.494880 0.234610 2 0.486741 0.235248 2 0.496399 0.253061 2 0.486017 0.254042 2
0 0.739955 0.133598 0.017113 0.052910 0.742780 0.112045 2 0.743507 0.110989 2 0.742159 0.110997 2 0.744337 0.112042 2 0.741363 0.112101 2 0.744525 0.118582 2 0.740452 0.118369 2 0.744180 0.126083 2 0.739359 0.125346 2 0.742208 0.126395 2 0.738430 0.125602 2 0.742996 0.132503 2 0.740633 0.132185 2 0.740742 0.143948 2 0.741404 0.143383 2 0.741336 0.154845 2 0.744663 0.153360 2
0 0.990699 0.290344 0.017113 0.123016 0.992460 0.262594 1 0.992846 0.260546 1 0.992262 0.260619 1 0.994894 0.259007 2 0.994046 0.259457 1 0.996567 0.264754 2 0.995756 0.264993 2 0.990350 0.267962 2 0.989273 0.269256 2 0.983713 0.270622 2 0.983903 0.271506 2 0.995376 0.291669 2 0.994794 0.290643 2 0.990278 0.307048 2 0.990627 0.304900 2 0.992050 0.325924 2 0.992712 0.325201 2
0 0.955729 0.174603 0.020089 0.063492 0.952907 0.156704 2 0.952982 0.155082 2 0.953132 0.155180 1 0.954400 0.153954 2 0.956022 0.153888 1 0.955312 0.161147 2 0.958600 0.159957 2 0.953174 0.174274 2 0.956779 0.171585 1 0.951361 0.183548 2 0.952579 0.179762 1 0.954277 0.180489 2 0.956552 0.179245 2 0.951382 0.192025 2 0.952515 0.190676 2 0.951558 0.206348 2 0.951680 0.205217 2
0 0.904762 0.185185 0.020833 0.044974 0.903473 0.175202 2 0.904163 0.173691 2 0.903315 0.173843 1 0.905769 0.173980 2 0.903568 0.174153 1 0.908482 0.179773 2 0.902540 0.179522 2 0.907895 0.188829 2 0.900344 0.186827 2 0.901842 0.192972 2 0.900122 0.192364 2 0.906924 0.193741 2 0.902733 0.192815 2 0.905456 0.191108 2 0.897400 0.189990 2 0.900742 0.196811 2 0.897721 0.197419 2
0 0.940848 0.193783 0.018601 0.035714 0.940315 0.181267 2 0.940951 0.179909 2 0.940168 0.179999 2 0.942382 0.179944 2 0.940368 0.180111 1 0.944728 0.185535 2 0.939694 0.184468 2 0.944622 0.195461 2 0.936822 0.190583 2 0.939056 0.197138 2 0.934313 0.193966 2 0.943107 0.198588 2 0.939749 0.197122 2 0.937758 0.197748 2 0.932806 0.196979 2 0.937739 0.204815 2 0.937507 0.204727 2
0 0.925967 0.189815 0.018601 0.035714 0.925658 0.176453 2 0.926465 0.175184 2 0.925661 0.175135 2 0.928571 0.176169 2 0.926410 0.175854 1 0.930579 0.183278 2 0.926419 0.183198 2 0.931021 0.191742 2 0.925738 0.191015 2 0.926071 0.196320 2 0.923339 0.194332 2 0.929822 0.198018 2 0.926993 0.197040 2 0.924970 0.196802 2 0.921749 0.195137 2 0.924636 0.202654 1 0.923097 0.201821 1
