0 0.239890 0.463072 0.020221 0.045098 0.237690 0.452113 1 0.237558 0.451438 1 0.238228 0.451063 1 0.237463 0.452028 2 0.240316 0.450649 2 0.238837 0.459186 2 0.242096 0.455684 2 0.239584 0.468913 2 0.244750 0.459026 2 0.237338 0.475068 2 0.246210 0.461944 2 0.241854 0.473315 2 0.242970 0.471834 2 0.244173 0.483218 2 0.240524 0.481306 2 0.249673 0.490819 2 0.238338 0.491046 2
0 0.432721 0.412418 0.015441 0.043137 0.442912 0.387951 2 0.443026 0.387107 1 0.442495 0.387122 2 0.442738 0.387113 1 0.441205 0.387179 2 0.443239 0.391458 2 0.439492 0.392179 2 0.443382 0.397395 1 0.438881 0.399399 2 0.443382 0.404233 1 0.439388 0.405579 2 0.443382 0.404857 2 0.440953 0.405323 2 0.443382 0.413488 2 0.441198 0.413896 2 0.443382 0.421685 2 0.441286 0.422362 2
0 0.441912 0.403595 0.010294 0.051634 0.442494 0.388063 2 0.442758 0.387139 1 0.441961 0.387261 2 0.442986 0.387126 1 0.440924 0.387422 2 0.444352 0.390915 2 0.439691 0.391674 2 0.446313 0.395362 2 0.438986 0.398454 2 0.444175 0.392025 2 0.439041 0.404920 2 0.444305 0.403866 2 0.441174 0.404198 2 0.444584 0.412613 2 0.441290 0.413167 2 0.444320 0.421395 2 0.441482 0.421637 2
0 0.455147 0.400980 0.010294 0.046405 0.455410 0.388924 2 0.455758 0.387958 2 0.454821 0.388263 2 0.456326 0.387872 2 0.453939 0.388452 2 0.457608 0.392168 2 0.453313 0.392104 2 0.458584 0.398106 2 0.454224 0.395401 2 0.458663 0.403803 2 0.456338 0.394499 2 0.457086 0.405120 2 0.454028 0.405064 2 0.456980 0.414546 2 0.453900 0.414142 2 0.456444 0.422884 2 0.453666 0.421883 2
0 0.375000 0.388889 0.009559 0.033987 0.378714 0.378371 2 0.378682 0.377602 1 0.378267 0.377487 2 0.378021 0.378127 1 0.376662 0.377964 2 0.377960 0.382630 2 0.374437 0.383255 2 0.379150 0.390093 2 0.374922 0.392600 2 0.380522 0.393713 1 0.379157 0.395313 2 0.378449 0.395445 2 0.376075 0.396512 2 0.381618 0.398621 1 0.380326 0.399479 2 0.380472 0.407983 1 0.379655 0.407533 1
0 0.258272 0.225163 0.012132 0.028105 0.260043 0.218385 2 0.260669 0.217898 2 0.259687 0.217439 2 0.261343 0.218886 2 0.258917 0.217926 2 0.260849 0.222959 2 0.257168 0.222722 2 0.262441 0.228347 2 0.256367 0.229903 2 0.262300 0.230492 2 0.259336 0.231250 2 0.258174 0.233156 2 0.255929 0.233358 2 0.261680 0.229439 2 0.260514 0.229782 2 0.259941 0.238718 2 0.259787 0.239359 2
0 0.566728 0.337255 0.012132 0.048366 0.568902 0.319229 1 0.568682 0.318360 1 0.568931 0.318431 1 0.566950 0.318729 2 0.569256 0.319128 2 0.565074 0.323571 2 0.569468 0.324357 2 0.563548 0.329430 2 0.570195 0.331376 2 0.563942 0.334695 2 0.571012 0.336251 2 0.565456 0.335480 2 0.568497 0.335896 2 0.565739 0.344666 2 0.569118 0.345007 2 0.565878 0.354300 2 0.569170 0.353712 2
0 0.278676 0.162745 0.009559 0.043137 0.277226 0.148633 1 0.277181 0.147864 1 0.277348 0.147762 1 0.276805 0.148174 2 0.278750 0.147735 2 0.276634 0.152466 2 0.280080 0.151641 2 0.277092 0.158118 2 0.281427 0.157456 2 0.278361 0.162328 2 0.280409 0.162174 2 0.278361 0.162209 2 0.280830 0.161893 2 0.279279 0.170318 2 0.281830 0.169110 2 0.279874 0.178545 2 0.282585 0.176888 2
0 0.290257 0.157190 0.009191 0.042484 0.291926 0.142755 1 0.291603 0.142033 1 0.291854 0.142011 1 0.289798 0.142318 2 0.291854 0.142562 2 0.288886 0.145857 2 0.292528 0.147054 2 0.287284 0.147024 2 0.293557 0.152084 2 0.288141 0.146205 2 0.292883 0.153128 1 0.289858 0.156612 2 0.292316 0.157013 2 0.291173 0.165495 2 0.293418 0.164199 2 0.291451 0.173050 2 0.294272 0.171989 2
0 0.745221 0.453595 0.012500 0.043137 0.748016 0.439948 2 0.748715 0.439307 2 0.747754 0.438799 2 0.749537 0.439636 2 0.747189 0.438322 2 0.749679 0.443998 2 0.745340 0.441844 2 0.748668 0.449605 2 0.742718 0.445897 2 0.746655 0.451712 2 0.743117 0.451981 2 0.746765 0.456119 2 0.743850 0.454955 2 0.744244 0.465409 2 0.741655 0.464274 2 0.742984 0.472224 2 0.740757 0.472068 2
0 0.461949 0.062092 0.008456 0.033987 0.462580 0.049455 1 0.462587 0.048838 1 0.462715 0.048899 1 0.462180 0.049308 2 0.463614 0.049349 2 0.461442 0.053170 2 0.464569 0.053115 2 0.460545 0.057744 2 0.465417 0.057796 2 0.460322 0.061167 2 0.465083 0.061168 2 0.462150 0.062140 2 0.464148 0.062079 2 0.462593 0.068881 2 0.463843 0.068543 2 0.463411 0.075401 2 0.463749 0.074933 2
0 0.531250 0.261111 0.010294 0.039869 0.532529 0.247750 2 0.532918 0.247022 2 0.532171 0.246942 2 0.533256 0.247029 2 0.531435 0.246820 2 0.533783 0.250813 2 0.530211 0.250787 2 0.534119 0.256407 1 0.528931 0.255794 2 0.533882 0.261420 1 0.528379 0.261239 2 0.532828 0.261804 2 0.530557 0.261860 2 0.532733 0.270067 2 0.530993 0.270771 2 0.532157 0.276435 2 0.531337 0.278290 2
0 0.536765 0.260131 0.010294 0.037908 0.537370 0.245864 2 0.537777 0.245090 2 0.536916 0.245130 2 0.538346 0.245428 2 0.536297 0.245546 2 0.539922 0.249630 2 0.535301 0.250332 2 0.540750 0.255827 2 0.534436 0.256259 2 0.541233 0.261615 2 0.534213 0.262347 2 0.539044 0.262458 2 0.536002 0.262888 2 0.539020 0.270475 2 0.536126 0.272185 2 0.538021 0.276076 2 0.536265 0.279783 2
0 0.529412 0.202941 0.009559 0.045098 0.527641 0.189680 1 0.527658 0.188860 1 0.527755 0.188825 1 0.527468 0.189061 2 0.529452 0.188798 2 0.527199 0.193736 2 0.531147 0.193242 2 0.527000 0.199549 2 0.532615 0.198301 2 0.528054 0.203360 1 0.531620 0.203258 1 0.527889 0.205421 2 0.530727 0.205216 2 0.527489 0.213286 2 0.530785 0.213681 2 0.527257 0.220959 2 0.531097 0.221940 2
