0 0.544271 0.621693 0.039435 0.211640 0.542172 0.534655 2 0.544169 0.530809 2 0.539980 0.530821 2 0.546809 0.532647 2 0.536580 0.532876 2 0.554093 0.553326 2 0.532480 0.557214 2 0.556712 0.583486 2 0.528845 0.585714 2 0.560260 0.612385 2 0.527703 0.614581 2 0.550860 0.614044 2 0.536300 0.616591 2 0.551760 0.650265 2 0.535826 0.660896 2 0.548928 0.677417 2 0.538187 0.701531 2
0 0.608259 0.593915 0.036458 0.185185 0.614452 0.530989 2 0.615547 0.527360 2 0.612654 0.527445 2 0.615666 0.526564 1 0.607420 0.526232 2 0.615746 0.544335 2 0.599322 0.543430 2 0.620429 0.563685 2 0.599200 0.568864 2 0.620574 0.560371 2 0.611962 0.565711 2 0.612643 0.593163 2 0.600969 0.592490 2 0.612342 0.631458 2 0.598976 0.625766 2 0.612582 0.666066 2 0.597717 0.652703 2
0 0.670759 0.621693 0.020089 0.095238 0.668711 0.584655 2 0.670035 0.582498 2 0.667577 0.582289 2 0.672005 0.583506 2 0.666057 0.582835 2 0.673928 0.594903 2 0.663910 0.593319 2 0.676381 0.607819 2 0.661570 0.599601 2 0.675391 0.619462 2 0.664563 0.591295 2 0.671437 0.622486 2 0.664581 0.622046 2 0.672260 0.642986 2 0.663817 0.642042 2 0.671068 0.659616 2 0.663046 0.658473 2
0 0.654762 0.600529 0.031250 0.126984 0.662245 0.512025 1 0.663654 0.511905 1 0.660898 0.511905 1 0.666236 0.511905 1 0.658792 0.511905 1 0.671704 0.517192 2 0.652844 0.516729 2 0.674505 0.541563 2 0.647830 0.539964 2 0.670378 0.564294 2 0.653361 0.554257 2 0.667984 0.562896 2 0.655175 0.562737 2 0.667888 0.588806 1 0.654047 0.588787 1 0.668133 0.613644 1 0.653042 0.614102 1
0 0.663318 0.576720 0.039435 0.164021 0.662342 0.503797 2 0.664188 0.500153 2 0.660378 0.500617 2 0.667153 0.499582 2 0.657164 0.500619 2 0.672372 0.515213 2 0.652653 0.517530 2 0.675205 0.540244 2 0.647773 0.543006 2 0.672651 0.564030 2 0.653559 0.560611 2 0.669296 0.563603 2 0.655833 0.564996 2 0.670467 0.596300 1 0.653525 0.598636 1 0.671558 0.625991 1 0.653515 0.630021 1
0 0.916667 0.617063 0.062500 0.146825 0.924093 0.563520 1 0.924985 0.560980 1 0.926201 0.561901 1 0.927083 0.566096 2 0.935607 0.566996 1 0.920036 0.583696 2 0.942529 0.586946 2 0.906641 0.589493 2 0.943672 0.600222 1 0.895044 0.590093 2 0.933636 0.585899 1 0.917193 0.641943 2 0.931630 0.640791 2 0.890651 0.625964 2 0.910136 0.623196 2 0.903481 0.675810 2 0.919078 0.664702 2
0 0.907366 0.611111 0.034970 0.119048 0.923602 0.563201 1 0.924927 0.560861 1 0.925499 0.561925 1 0.926037 0.566026 2 0.930645 0.567563 1 0.919426 0.580954 2 0.931548 0.583682 2 0.901750 0.589550 2 0.914594 0.595185 1 0.891999 0.591608 2 0.901544 0.591114 1 0.916093 0.633567 2 0.924162 0.632576 2 0.895854 0.630125 2 0.905114 0.627580 2 0.901689 0.672241 2 0.909011 0.668814 2
0 0.902530 0.482804 0.032738 0.140212 0.904064 0.429034 2 0.905355 0.426450 2 0.902493 0.426487 2 0.907084 0.426892 2 0.899212 0.426482 2 0.907731 0.445107 2 0.893787 0.442181 2 0.908215 0.463659 2 0.889662 0.465224 2 0.908411 0.479319 2 0.889119 0.484914 2 0.903774 0.485336 2 0.893583 0.482944 2 0.902778 0.515228 2 0.889937 0.506590 2 0.902256 0.543926 2 0.882663 0.527610 2
0 0.867932 0.481481 0.037946 0.161376 0.874860 0.421721 2 0.876643 0.419375 2 0.873726 0.418160 2 0.877747 0.419226 2 0.870024 0.415633 2 0.877592 0.434774 2 0.861285 0.427166 2 0.878353 0.456921 2 0.853247 0.436352 2 0.878452 0.475305 2 0.860862 0.425006 2 0.871599 0.480805 2 0.860167 0.477977 2 0.871226 0.516278 2 0.856921 0.509217 2 0.871496 0.546807 2 0.854900 0.536679 2
0 0.498140 0.423280 0.029018 0.087302 0.496004 0.393404 2 0.497316 0.390806 2 0.494625 0.391119 2 0.500103 0.390869 2 0.494313 0.391228 1 0.501923 0.404051 2 0.498861 0.400857 2 0.497471 0.423681 2 0.495746 0.417878 1 0.490717 0.431443 2 0.491219 0.427242 1 0.503441 0.434140 2 0.501576 0.430457 2 0.487030 0.433112 2 0.489984 0.423885 2 0.491904 0.458576 2 0.495153 0.447356 2
0 0.626860 0.316138 0.023065 0.111111 0.627895 0.275408 2 0.628913 0.273663 2 0.626818 0.273508 2 0.630155 0.275151 2 0.624979 0.274672 2 0.631163 0.287143 2 0.621858 0.286446 2 0.632239 0.301142 2 0.619995 0.301910 2 0.632833 0.313945 2 0.620169 0.315316 2 0.629622 0.315144 2 0.623332 0.314700 2 0.628218 0.335670 2 0.621450 0.334195 2 0.627458 0.355647 2 0.621057 0.352096 2
0 0.448289 0.314153 0.021577 0.070106 0.447485 0.292147 1 0.447449 0.290903 1 0.447384 0.290876 1 0.446341 0.290873 1 0.447661 0.290826 2 0.444981 0.296679 2 0.448289 0.296821 2 0.444778 0.304543 2 0.450553 0.304748 2 0.448725 0.304859 2 0.452906 0.305057 2 0.446540 0.315174 2 0.448736 0.315477 2 0.447467 0.328606 2 0.449628 0.329267 2 0.447783 0.342824 2 0.450291 0.343645 2
0 0.428199 0.289021 0.017113 0.041005 0.430394 0.276988 2 0.430846 0.275870 2 0.429850 0.276123 2 0.431730 0.275425 2 0.429290 0.275844 2 0.432947 0.280745 2 0.429437 0.280404 2 0.432954 0.289024 2 0.427855 0.286630 2 0.429091 0.290574 2 0.427013 0.287959 2 0.432341 0.292172 2 0.430242 0.291441 2 0.427868 0.291420 2 0.427200 0.290758 2 0.425237 0.299980 2 0.424924 0.299167 2
0 0.511905 0.273148 0.013393 0.083333 0.513922 0.243054 2 0.514500 0.241533 2 0.513059 0.241602 2 0.514810 0.242439 1 0.511479 0.242491 2 0.514422 0.251066 2 0.510960 0.251245 2 0.514354 0.262139 1 0.509611 0.261913 2 0.514740 0.272298 1 0.511396 0.272383 2 0.513962 0.273294 2 0.511869 0.273465 2 0.512117 0.289574 2 0.511167 0.290166 2 0.511482 0.303839 2 0.510795 0.305470 2
0 0.562128 0.263889 0.015625 0.080688 0.563235 0.237068 2 0.564073 0.235185 2 0.562549 0.235609 2 0.565956 0.235382 2 0.561995 0.236415 1 0.567955 0.244979 2 0.561558 0.245358 2 0.569418 0.256622 2 0.559840 0.255495 2 0.568118 0.265720 2 0.558584 0.264920 2 0.565335 0.265608 2 0.560947 0.265336 2 0.564970 0.282704 2 0.559951 0.282490 2 0.565736 0.298178 2 0.559260 0.297524 2
0 0.553571 0.272487 0.013393 0.052910 0.552211 0.254392 2 0.552882 0.253179 2 0.551672 0.253384 2 0.554332 0.253706 2 0.551158 0.254161 2 0.555591 0.260228 2 0.550507 0.260438 2 0.557319 0.267352 2 0.549022 0.267218 2 0.556022 0.270268 2 0.552036 0.269960 2 0.555368 0.273893 2 0.551959 0.273865 2 0.554729 0.284462 2 0.551663 0.284443 2 0.554442 0.294895 2 0.550830 0.294153 2
