0 0.666295 0.914683 0.040923 0.165344 0.672771 0.864542 2 0.674681 0.860307 2 0.669941 0.859882 2 0.674882 0.861184 1 0.664571 0.859902 2 0.666692 0.879149 2 0.666044 0.882751 2 0.675081 0.902576 2 0.679135 0.911509 2 0.681972 0.900587 2 0.687511 0.903177 2 0.667674 0.941337 2 0.666839 0.945920 2 0.680509 0.955838 2 0.681472 0.966514 2 0.671144 0.988943 1 0.667884 0.995664 1
0 0.709077 0.854497 0.043155 0.203704 0.709557 0.777959 2 0.712083 0.774285 2 0.707657 0.774033 2 0.716291 0.776012 2 0.705263 0.775361 2 0.720564 0.797591 2 0.700153 0.795346 2 0.723687 0.826946 2 0.693825 0.822333 2 0.724557 0.855108 2 0.692641 0.851018 2 0.714752 0.854030 2 0.701252 0.852570 2 0.713099 0.896162 2 0.696329 0.894202 2 0.708643 0.935569 2 0.695144 0.932292 2
0 0.647321 0.822090 0.069940 0.125661 0.673044 0.864520 2 0.675100 0.860132 2 0.670025 0.859817 2 0.676195 0.859982 1 0.664388 0.860062 2 0.667316 0.877251 2 0.665498 0.882564 2 0.675754 0.897039 2 0.677990 0.906504 2 0.683568 0.896744 2 0.688034 0.901560 2 0.667414 0.907460 1 0.666146 0.910053 1 0.690613 0.893722 1 0.693116 0.907890 1 0.687122 0.907444 1 0.688587 0.910053 1
0 0.353051 0.515212 0.020089 0.072751 0.352010 0.488423 2 0.352833 0.486938 2 0.351752 0.487073 2 0.354808 0.487526 2 0.351836 0.487917 1 0.356808 0.494840 2 0.351194 0.495268 2 0.360001 0.502921 2 0.347895 0.501572 2 0.356029 0.505489 2 0.347498 0.501730 2 0.356940 0.514271 2 0.353125 0.514507 2 0.358543 0.529449 2 0.352210 0.530059 2 0.360341 0.546275 2 0.352725 0.545983 2
0 0.590030 0.632937 0.032738 0.125661 0.586947 0.585770 2 0.588241 0.583347 2 0.585609 0.583251 2 0.590048 0.583922 2 0.583365 0.583852 2 0.590727 0.594047 2 0.580727 0.597005 2 0.596644 0.603168 2 0.581190 0.610782 2 0.602584 0.610487 2 0.588626 0.621660 2 0.589688 0.629169 2 0.582199 0.631721 2 0.596139 0.652698 2 0.580972 0.660014 2 0.594070 0.675397 2 0.575700 0.684443 2
0 0.579241 0.635582 0.030506 0.104497 0.577873 0.599519 2 0.578116 0.597326 1 0.577530 0.596865 2 0.576202 0.596471 1 0.574816 0.595105 2 0.578282 0.603088 2 0.569483 0.605118 2 0.580817 0.616379 1 0.569531 0.622584 2 0.578516 0.615548 1 0.577177 0.619270 2 0.578659 0.634000 2 0.573037 0.635378 2 0.578931 0.657606 2 0.578051 0.659454 2 0.570466 0.675972 2 0.576690 0.685141 2
0 0.500744 0.560847 0.022321 0.100529 0.503701 0.523691 1 0.503193 0.521768 1 0.503913 0.521845 1 0.499878 0.523454 2 0.505188 0.523707 2 0.497398 0.535401 2 0.506746 0.535577 2 0.496193 0.549498 2 0.509191 0.549390 2 0.497010 0.559797 2 0.510143 0.557870 2 0.499248 0.559490 2 0.505650 0.559620 2 0.499671 0.581172 2 0.505677 0.580854 2 0.499507 0.600469 2 0.504578 0.600143 2
0 0.534598 0.601190 0.030506 0.112434 0.535083 0.558791 1 0.534846 0.556632 1 0.535365 0.556742 1 0.531913 0.557797 2 0.537735 0.558188 2 0.527993 0.571410 2 0.540010 0.571473 2 0.525261 0.586866 2 0.541792 0.588573 2 0.527504 0.597783 2 0.542055 0.601998 2 0.529788 0.602906 2 0.538005 0.602691 2 0.530342 0.626509 2 0.537716 0.624817 2 0.531303 0.650288 2 0.536440 0.646429 2
0 0.533482 0.554233 0.023810 0.095238 0.536133 0.558417 1 0.535693 0.556418 1 0.536436 0.556519 1 0.532087 0.557709 2 0.538152 0.558212 2 0.528462 0.571146 2 0.539894 0.571812 2 0.525138 0.586735 2 0.542227 0.588498 2 0.527687 0.596651 2 0.542085 0.602885 2 0.530077 0.603231 2 0.537696 0.603596 2 0.530257 0.619957 1 0.537589 0.619957 1 0.531047 0.617910 1 0.536239 0.617786 1
0 0.558036 0.546958 0.013393 0.078042 0.561794 0.520995 1 0.561564 0.519500 1 0.562079 0.519604 1 0.559949 0.520221 1 0.563707 0.520526 2 0.558558 0.528811 2 0.564364 0.529150 2 0.558428 0.538610 1 0.565640 0.539495 2 0.559495 0.548436 1 0.566321 0.548963 2 0.559208 0.549037 2 0.563297 0.549091 2 0.559563 0.564089 2 0.563776 0.563778 2 0.559652 0.578045 2 0.563833 0.577066 2
0 0.486979 0.560185 0.020089 0.099206 0.492339 0.527037 1 0.492021 0.525142 1 0.492534 0.525409 1 0.488965 0.525978 2 0.493502 0.526852 2 0.485909 0.536201 2 0.494263 0.537542 2 0.483695 0.548386 2 0.495462 0.550938 2 0.483863 0.559836 2 0.495445 0.560529 2 0.485764 0.560372 2 0.491360 0.560947 2 0.486794 0.578339 2 0.491475 0.578410 2 0.487390 0.595123 2 0.490525 0.594411 2
0 0.509673 0.524471 0.016369 0.085979 0.504032 0.523200 1 0.503461 0.521534 1 0.504249 0.521607 1 0.500307 0.522928 2 0.505427 0.523316 2 0.498560 0.533425 2 0.506930 0.534261 2 0.498512 0.545415 1 0.509127 0.547667 2 0.501033 0.552746 1 0.509775 0.556965 2 0.499844 0.557627 2 0.505730 0.557904 2 0.499659 0.578436 1 0.506103 0.578393 2 0.499897 0.584573 1 0.506056 0.584573 1
0 0.493304 0.519841 0.017857 0.082011 0.494248 0.490598 1 0.493927 0.488940 1 0.494421 0.489023 1 0.491292 0.489725 2 0.495620 0.490072 2 0.489017 0.499367 2 0.496800 0.500605 2 0.487755 0.510164 2 0.498641 0.513558 2 0.490177 0.518080 2 0.498700 0.525375 2 0.489997 0.521863 2 0.495317 0.522685 2 0.491042 0.538691 2 0.495645 0.538973 2 0.491376 0.552665 1 0.494232 0.552522 1
0 0.431920 0.435847 0.017113 0.054233 0.431392 0.415075 2 0.431748 0.414152 2 0.431418 0.414033 1 0.432811 0.413943 2 0.432186 0.413884 1 0.434117 0.418608 2 0.432075 0.419196 2 0.435553 0.425946 2 0.430095 0.426676 2 0.435537 0.433584 2 0.428101 0.432375 2 0.433378 0.433158 2 0.432091 0.433252 2 0.432865 0.443720 2 0.431461 0.444418 2 0.435547 0.452793 2 0.433158 0.454242 2
