0 0.931176 0.737434 0.060268 0.146825 0.942171 0.674149 2 0.944327 0.673777 2 0.943862 0.673074 1 0.946562 0.683862 2 0.949537 0.681219 1 0.938455 0.701200 2 0.954381 0.700777 2 0.920125 0.701855 2 0.940875 0.708507 1 0.909608 0.703403 2 0.923645 0.702023 1 0.936099 0.753876 2 0.947150 0.750961 2 0.907487 0.748646 2 0.926803 0.740660 2 0.920644 0.788642 2 0.937634 0.782289 2
0 0.420759 0.888889 0.037946 0.219577 0.424589 0.802262 2 0.427023 0.797926 2 0.421742 0.798364 2 0.430880 0.801062 2 0.417625 0.802407 2 0.436356 0.826159 2 0.412201 0.830235 2 0.443438 0.853333 2 0.407543 0.864262 2 0.438189 0.860122 2 0.419949 0.868662 2 0.433574 0.895496 2 0.417557 0.897470 2 0.433542 0.948234 2 0.417594 0.950680 2 0.433151 0.991168 2 0.417094 0.992205 2
0 0.392857 0.602513 0.031250 0.141534 0.395627 0.543222 1 0.395732 0.541346 1 0.395471 0.541237 1 0.393836 0.543558 2 0.397171 0.543509 2 0.390290 0.553637 2 0.400662 0.554751 2 0.385997 0.540613 2 0.404378 0.541538 2 0.389438 0.537699 2 0.398315 0.541379 2 0.392575 0.590356 2 0.399003 0.590995 2 0.393417 0.618730 2 0.398058 0.622439 2 0.393374 0.645827 2 0.397606 0.651467 2
0 0.437500 0.554233 0.043155 0.140212 0.434180 0.505437 1 0.433563 0.502895 1 0.434447 0.502961 1 0.429447 0.504179 2 0.436803 0.504724 2 0.426776 0.517595 2 0.438298 0.519561 2 0.425402 0.529795 2 0.443518 0.534926 2 0.429768 0.529709 1 0.451674 0.542681 2 0.428287 0.554868 2 0.436168 0.555713 2 0.427288 0.582171 2 0.436601 0.585122 2 0.423391 0.607368 2 0.434565 0.612880 2
0 0.506324 0.723545 0.045387 0.190476 0.503447 0.639376 2 0.505028 0.635017 2 0.501454 0.635989 2 0.509690 0.633429 2 0.502618 0.635500 1 0.511136 0.650644 2 0.510434 0.646304 2 0.503136 0.670744 2 0.503473 0.652852 2 0.490920 0.677496 2 0.495839 0.654867 2 0.517955 0.699039 2 0.518399 0.696687 2 0.510091 0.739315 2 0.518837 0.734106 2 0.509375 0.776444 2 0.520580 0.765781 2
0 0.139137 0.659392 0.043155 0.133598 0.133149 0.615571 2 0.134302 0.613252 2 0.133362 0.612587 1 0.139551 0.614193 2 0.137482 0.612238 1 0.142281 0.625824 2 0.139916 0.618115 2 0.135419 0.632684 2 0.131222 0.612372 2 0.134032 0.622846 2 0.128484 0.610303 2 0.149721 0.658676 2 0.148078 0.655872 2 0.147496 0.687951 2 0.146722 0.683601 2 0.154303 0.709354 2 0.155085 0.704223 2
0 0.231771 0.480820 0.026042 0.099206 0.228204 0.445989 1 0.228026 0.444488 1 0.228707 0.443453 1 0.229031 0.444276 2 0.232689 0.441659 1 0.233318 0.453184 2 0.234340 0.446941 2 0.234197 0.464557 2 0.231150 0.455340 2 0.227504 0.462191 2 0.227118 0.459516 2 0.237597 0.477354 2 0.238571 0.473898 2 0.237800 0.501194 2 0.238830 0.493881 2 0.240481 0.522028 2 0.241473 0.514641 2
0 0.398810 0.319444 0.022321 0.041005 0.408898 0.302526 2 0.409199 0.301294 1 0.408305 0.301104 2 0.408428 0.302003 1 0.406524 0.301618 2 0.408071 0.310452 2 0.404130 0.309939 2 0.407019 0.319908 2 0.399686 0.319046 2 0.406738 0.325178 1 0.399153 0.326083 2 0.408033 0.334254 2 0.405407 0.334189 2 0.405462 0.345763 1 0.403660 0.345834 1 0.403911 0.342209 1 0.401404 0.342640 1
0 0.557292 0.409392 0.025298 0.112434 0.558927 0.368641 2 0.560005 0.366672 2 0.557768 0.366897 2 0.561821 0.367614 2 0.556303 0.368105 2 0.565286 0.379702 2 0.553646 0.379784 2 0.567665 0.394170 2 0.550067 0.393574 2 0.568119 0.407538 2 0.549235 0.407439 2 0.562690 0.410823 2 0.555108 0.410661 2 0.562286 0.431028 2 0.554856 0.430514 2 0.560423 0.450072 2 0.554284 0.449663 2
0 0.306920 0.347222 0.021577 0.070106 0.302328 0.320042 2 0.302421 0.318677 2 0.302202 0.318958 1 0.304526 0.316934 2 0.304062 0.317564 1 0.308021 0.320279 2 0.307652 0.321539 2 0.311354 0.324798 2 0.308649 0.330050 2 0.308903 0.329908 2 0.306288 0.333073 2 0.314770 0.339298 2 0.313790 0.339319 2 0.314742 0.355351 2 0.311237 0.352409 2 0.316984 0.369098 2 0.307520 0.363811 2
0 0.309896 0.354497 0.015625 0.055556 0.302503 0.319353 2 0.302533 0.317935 2 0.302028 0.318780 1 0.304225 0.316950 2 0.302862 0.318807 1 0.308156 0.320532 2 0.305189 0.323465 2 0.312169 0.325587 2 0.307424 0.332042 2 0.309172 0.330799 2 0.306755 0.334617 2 0.314696 0.338538 2 0.312173 0.339703 2 0.314915 0.351902 2 0.312408 0.351926 2 0.315490 0.366918 2 0.308853 0.364142 2
0 0.327381 0.336640 0.019345 0.056878 0.323711 0.319372 2 0.323962 0.317992 2 0.323469 0.318372 1 0.325548 0.316830 2 0.324775 0.317645 1 0.328222 0.320787 2 0.326942 0.321659 2 0.327192 0.328815 2 0.326270 0.330162 2 0.325818 0.332168 2 0.325076 0.333837 2 0.331339 0.337428 2 0.330306 0.337414 2 0.329291 0.345985 2 0.327807 0.345279 2 0.330860 0.355755 2 0.329335 0.355872 2
0 0.316592 0.327381 0.017113 0.072751 0.312551 0.295826 2 0.312939 0.294107 2 0.312700 0.294120 1 0.315012 0.293928 2 0.316191 0.293485 1 0.315059 0.302704 2 0.320944 0.299387 2 0.313604 0.312342 2 0.325729 0.300402 2 0.310942 0.310955 2 0.322089 0.297895 2 0.317959 0.323550 2 0.321861 0.322333 2 0.316957 0.339625 2 0.321288 0.340356 2 0.319165 0.355493 2 0.324119 0.354515 2
0 0.396577 0.314153 0.016369 0.048942 0.407738 0.304852 1 0.407738 0.303321 1 0.407738 0.303282 1 0.406204 0.303128 1 0.406646 0.303222 2 0.403597 0.310762 2 0.404035 0.310577 2 0.399613 0.320953 1 0.399382 0.319912 2 0.400128 0.327937 1 0.400003 0.327971 2 0.405556 0.334539 2 0.405789 0.335087 2 0.403064 0.345137 1 0.403501 0.346119 1 0.401628 0.343000 1 0.401765 0.341612 1
0 0.520089 0.193122 0.011905 0.039683 0.519882 0.184743 2 0.520373 0.183887 2 0.519379 0.183933 2 0.521066 0.183560 2 0.518634 0.183614 2 0.521947 0.186831 2 0.517723 0.186879 2 0.522711 0.191825 2 0.517193 0.192721 2 0.520814 0.192667 2 0.518434 0.196711 2 0.521335 0.198110 2 0.518565 0.198110 2 0.520997 0.206403 2 0.518652 0.206315 2 0.520682 0.215038 2 0.519046 0.214718 2
