0 0.641807 0.176004 0.014706 0.064426 0.641936 0.151524 1 0.641836 0.150542 1 0.642047 0.150709 1 0.640369 0.150695 2 0.643048 0.151179 2 0.638478 0.155486 2 0.644587 0.156730 2 0.635950 0.160621 2 0.645789 0.162988 2 0.635631 0.162201 2 0.645390 0.167079 1 0.638792 0.168176 2 0.643198 0.168670 2 0.636432 0.172070 2 0.643254 0.173732 2 0.635911 0.178740 2 0.643428 0.181418 2
0 0.745011 0.316993 0.013130 0.060691 0.754202 0.308843 1 0.754202 0.307580 1 0.754202 0.307470 1 0.753902 0.307072 1 0.753708 0.306877 2 0.753989 0.312868 1 0.751251 0.312895 2 0.753416 0.322047 1 0.749677 0.322700 2 0.753781 0.324174 1 0.753706 0.324780 2 0.752412 0.331034 2 0.750571 0.331277 2 0.753355 0.344796 2 0.751937 0.344963 2 0.750985 0.356387 1 0.750214 0.357165 2
0 0.755252 0.321662 0.016807 0.049486 0.755952 0.308741 2 0.756640 0.307512 2 0.755403 0.307043 2 0.756692 0.307296 1 0.753869 0.306177 2 0.754825 0.312296 2 0.750941 0.311944 2 0.754304 0.321397 2 0.749482 0.321404 2 0.756556 0.322448 2 0.754296 0.324354 2 0.752990 0.330093 2 0.750191 0.330948 2 0.757179 0.341070 2 0.751784 0.344329 2 0.754370 0.351970 2 0.750592 0.355626 2
0 0.261817 0.743697 0.020483 0.073763 0.258460 0.718881 1 0.257949 0.717873 1 0.258504 0.717684 1 0.255157 0.720126 1 0.258886 0.719913 2 0.254255 0.728164 2 0.259569 0.729272 2 0.255206 0.737056 2 0.262138 0.740952 2 0.258141 0.742344 1 0.265321 0.750151 2 0.257303 0.746487 2 0.261039 0.747465 2 0.259657 0.759347 2 0.263800 0.760915 2 0.259796 0.772957 2 0.264327 0.777042 2
0 0.266282 0.709617 0.024160 0.095238 0.268241 0.680005 2 0.267426 0.678450 1 0.267584 0.678608 2 0.264310 0.679844 1 0.264747 0.680760 2 0.264018 0.689383 2 0.261305 0.692221 2 0.263888 0.699373 1 0.259632 0.707171 2 0.265025 0.703110 1 0.260433 0.721639 2 0.266190 0.720094 2 0.264172 0.722331 2 0.269164 0.738456 2 0.265006 0.741798 2 0.269423 0.758932 2 0.264657 0.761593 2
0 0.808298 0.752568 0.026261 0.104575 0.812364 0.716017 1 0.812654 0.713999 1 0.813214 0.714541 1 0.812126 0.715808 2 0.817742 0.716310 2 0.808700 0.727608 2 0.820295 0.727782 2 0.805339 0.738948 2 0.821087 0.736652 2 0.809207 0.740252 1 0.815132 0.732580 1 0.807531 0.755675 2 0.815382 0.755818 2 0.805613 0.771220 2 0.812533 0.772599 2 0.805108 0.789457 2 0.811429 0.789685 2
0 0.926471 0.863679 0.033613 0.097106 0.935952 0.835597 2 0.938140 0.834933 2 0.935334 0.832448 2 0.940485 0.838854 2 0.933776 0.832559 2 0.940167 0.849358 2 0.930376 0.838531 2 0.936699 0.862641 2 0.926086 0.847363 2 0.930146 0.857901 2 0.926828 0.850812 2 0.932901 0.867159 2 0.926242 0.860621 2 0.928877 0.883045 2 0.921016 0.870684 2 0.924984 0.903943 2 0.923219 0.895260 2
0 0.950368 0.937908 0.035189 0.105509 0.955545 0.903164 2 0.957392 0.901653 2 0.955523 0.899225 2 0.961836 0.902787 2 0.956672 0.896548 1 0.963158 0.918591 2 0.955384 0.902384 2 0.961487 0.939226 2 0.949806 0.897663 2 0.957503 0.951636 2 0.951793 0.892974 2 0.955356 0.942936 2 0.950196 0.934992 2 0.954327 0.961439 2 0.948276 0.953119 2 0.955070 0.972997 2 0.948053 0.969173 2
0 0.955357 0.901027 0.033613 0.100840 0.955161 0.902565 2 0.956822 0.900904 2 0.955477 0.898929 1 0.961286 0.902701 2 0.957664 0.897343 1 0.963245 0.919588 2 0.956997 0.905036 2 0.961608 0.938607 2 0.952558 0.902266 2 0.957498 0.951902 2 0.951159 0.900781 2 0.954460 0.945099 2 0.950126 0.937281 2 0.952499 0.960493 2 0.947677 0.948721 2 0.953532 0.961721 1 0.947965 0.952604 1
0 0.474002 0.376751 0.017332 0.071895 0.474299 0.353371 2 0.475150 0.351732 2 0.473470 0.351661 2 0.476429 0.351332 2 0.472106 0.351116 2 0.478467 0.358472 2 0.470416 0.358340 2 0.480342 0.367940 2 0.468503 0.367305 2 0.480197 0.375077 2 0.468944 0.375413 2 0.477231 0.377929 2 0.471609 0.377950 2 0.479608 0.388281 2 0.470595 0.388988 2 0.478847 0.400033 2 0.470440 0.402489 2
0 0.597164 0.055089 0.012605 0.031746 0.598629 0.046953 1 0.598586 0.046156 1 0.598775 0.046264 1 0.597684 0.046562 2 0.599671 0.046740 2 0.596067 0.051361 2 0.600585 0.051501 2 0.594671 0.056061 2 0.601328 0.058223 2 0.594792 0.060990 2 0.601018 0.063568 2 0.596212 0.062877 2 0.599278 0.062752 2 0.597430 0.063951 2 0.600177 0.061939 2 0.597007 0.073475 2 0.598764 0.070013 2
0 0.732668 0.388422 0.023109 0.072829 0.729867 0.363038 1 0.729907 0.361815 1 0.730367 0.361740 1 0.730108 0.362538 2 0.733240 0.362224 1 0.730855 0.369865 2 0.734234 0.368900 2 0.729381 0.379773 2 0.732850 0.379015 1 0.725420 0.380000 2 0.728438 0.382905 1 0.730723 0.391719 2 0.732867 0.390699 2 0.729328 0.407883 2 0.730685 0.406753 2 0.731359 0.423869 2 0.731673 0.422606 2
0 0.803571 0.356209 0.016807 0.077498 0.808897 0.333602 2 0.809441 0.332213 2 0.808297 0.331998 2 0.809470 0.331920 1 0.806175 0.331237 2 0.809034 0.339405 2 0.802764 0.338429 2 0.808970 0.349153 1 0.799450 0.347702 2 0.809030 0.355766 1 0.799348 0.356391 2 0.806035 0.359636 2 0.801642 0.359163 2 0.805067 0.374671 2 0.799596 0.374322 2 0.804339 0.389562 2 0.796810 0.389434 2
0 0.674370 0.121382 0.012605 0.050420 0.678878 0.106250 2 0.679131 0.105240 2 0.678273 0.105114 2 0.678824 0.105750 1 0.676498 0.105499 2 0.679325 0.110890 2 0.674689 0.111573 2 0.680090 0.118233 2 0.673064 0.119479 2 0.679606 0.125149 2 0.673557 0.126947 2 0.677987 0.123406 2 0.675135 0.123865 2 0.676782 0.131992 2 0.675666 0.134076 2 0.673789 0.136110 2 0.674725 0.140864 2
0 0.682511 0.119981 0.009979 0.055089 0.683863 0.101345 2 0.684231 0.100474 1 0.683450 0.100287 2 0.684363 0.101155 1 0.682490 0.100639 2 0.684272 0.106842 2 0.680693 0.106075 2 0.684486 0.113492 2 0.679063 0.112780 2 0.685166 0.118874 2 0.679062 0.118886 2 0.682452 0.119357 2 0.680101 0.119044 2 0.681647 0.129253 2 0.679366 0.129124 2 0.680303 0.137812 2 0.678030 0.137359 2
0 0.617647 0.054622 0.012605 0.040149 0.618148 0.041394 2 0.618514 0.040626 1 0.617810 0.040683 1 0.619182 0.040877 2 0.617585 0.040933 2 0.620445 0.045190 2 0.616663 0.045264 2 0.621577 0.050563 2 0.615244 0.051114 2 0.622530 0.055307 2 0.615794 0.055864 2 0.619673 0.056600 2 0.617230 0.056581 2 0.618882 0.064882 2 0.616386 0.064692 2 0.617892 0.072541 2 0.615323 0.072296 2
0 0.627626 0.064893 0.012605 0.040149 0.632610 0.051769 2 0.632976 0.051033 2 0.632175 0.050927 2 0.633240 0.051615 1 0.631346 0.051268 2 0.633407 0.056186 2 0.629877 0.055193 2 0.633937 0.061743 2 0.628154 0.059767 2 0.634240 0.067220 2 0.627281 0.065808 2 0.631717 0.068127 2 0.629511 0.067610 2 0.630901 0.077605 2 0.628924 0.076921 2 0.629593 0.087067 2 0.628709 0.085736 2
