0 0.922619 0.241402 0.020833 0.078042 0.918764 0.207565 2 0.919189 0.204389 2 0.918726 0.205075 1 0.923034 0.202405 2 0.922589 0.204032 1 0.928929 0.217212 2 0.923651 0.218932 2 0.930051 0.246093 2 0.920627 0.247855 2 0.925785 0.267036 2 0.916799 0.265830 2 0.926654 0.263630 2 0.923433 0.263068 2 0.922838 0.290556 1 0.920759 0.290710 1 0.923925 0.294643 1 0.922579 0.294643 1
0 0.926339 0.318122 0.028274 0.099206 0.920828 0.291130 2 0.920170 0.289075 1 0.920342 0.288886 2 0.916234 0.290091 1 0.916758 0.290097 2 0.914805 0.302982 2 0.910746 0.301816 2 0.914286 0.317506 2 0.906994 0.315844 1 0.918039 0.324522 2 0.907476 0.329743 1 0.909663 0.338380 2 0.907137 0.338119 2 0.908675 0.362689 2 0.906994 0.363033 1 0.906994 0.384454 1 0.906994 0.384811 1
0 0.699777 0.148810 0.011161 0.046296 0.701061 0.133576 2 0.701495 0.132592 2 0.700557 0.132603 2 0.701992 0.133062 2 0.699785 0.133039 2 0.702594 0.138865 2 0.698804 0.139055 2 0.703686 0.146971 2 0.698366 0.147486 2 0.703807 0.155384 2 0.699034 0.154808 2 0.702214 0.153154 2 0.699795 0.153350 2 0.702307 0.163595 2 0.700505 0.163805 2 0.701497 0.169577 1 0.700151 0.169436 1
0 0.345610 0.152778 0.017113 0.054233 0.344892 0.134314 2 0.345460 0.133197 2 0.344317 0.133303 2 0.346472 0.133709 2 0.343592 0.133937 2 0.348002 0.140146 2 0.342611 0.140300 2 0.350064 0.146905 2 0.341247 0.146829 2 0.348157 0.150963 2 0.343778 0.151325 2 0.347410 0.154192 2 0.343962 0.154264 2 0.347148 0.166913 2 0.344620 0.167097 2 0.347077 0.180560 2 0.344359 0.180507 2
0 0.325521 0.154101 0.012649 0.056878 0.330028 0.129887 2 0.330419 0.128683 1 0.329479 0.128691 2 0.330782 0.129393 1 0.328582 0.129409 2 0.331919 0.136368 2 0.327199 0.136937 2 0.333148 0.144487 2 0.326746 0.145765 2 0.333338 0.152033 2 0.328029 0.152461 2 0.332115 0.152655 2 0.328924 0.153151 2 0.332661 0.164692 2 0.329127 0.165639 2 0.332837 0.177224 2 0.329626 0.178438 2
0 0.197917 0.107804 0.016369 0.048942 0.197891 0.088636 1 0.197994 0.087925 1 0.198210 0.087868 1 0.198288 0.088729 2 0.200667 0.088451 1 0.197740 0.093665 2 0.201999 0.093086 2 0.196878 0.098438 2 0.202784 0.097351 2 0.196939 0.097172 1 0.201734 0.096124 1 0.198337 0.103740 2 0.201232 0.103441 2 0.198160 0.110285 1 0.201120 0.110113 1 0.198613 0.113534 1 0.200891 0.113330 1
0 0.933036 0.278439 0.023810 0.064815 0.941979 0.287848 2 0.941978 0.285928 2 0.941194 0.285801 2 0.940109 0.285937 1 0.938059 0.285862 2 0.939933 0.295746 2 0.932620 0.294613 2 0.941533 0.306119 2 0.924344 0.305149 2 0.944223 0.308761 2 0.925459 0.317736 2 0.935505 0.321280 2 0.930812 0.321147 2 0.935756 0.317034 1 0.928565 0.317176 1 0.932965 0.319870 1 0.926457 0.319423 1
0 0.537202 0.480820 0.038690 0.146825 0.542636 0.427147 2 0.544255 0.424146 2 0.541260 0.424031 2 0.546547 0.422445 2 0.538455 0.421788 2 0.545733 0.437453 2 0.533181 0.435497 2 0.549270 0.456755 2 0.528545 0.458203 2 0.547557 0.444619 2 0.535888 0.451689 2 0.544663 0.479868 2 0.535170 0.479087 2 0.546723 0.516342 2 0.531644 0.513205 2 0.546502 0.544766 2 0.523509 0.532357 2
0 0.879836 0.267857 0.020089 0.099206 0.883962 0.231073 2 0.885149 0.229258 2 0.883320 0.229053 2 0.887161 0.230306 2 0.882454 0.229916 2 0.889571 0.241841 2 0.879599 0.240984 2 0.891939 0.255133 2 0.875674 0.253381 2 0.887063 0.258336 2 0.878037 0.260661 2 0.884716 0.268796 2 0.878338 0.267625 2 0.881610 0.290057 2 0.876736 0.289355 2 0.879732 0.309316 2 0.877017 0.309540 2
0 0.676711 0.187831 0.017113 0.066138 0.683561 0.165713 1 0.683617 0.164329 1 0.683986 0.164702 1 0.682250 0.165056 2 0.685759 0.165810 2 0.679700 0.172206 2 0.686396 0.173240 2 0.676745 0.181217 2 0.685263 0.181901 1 0.675312 0.188027 2 0.682725 0.187388 1 0.678783 0.191228 2 0.683327 0.191649 2 0.677144 0.206415 2 0.681227 0.208005 2 0.677383 0.222543 2 0.679810 0.223364 2
0 0.713542 0.750000 0.047619 0.240741 0.707919 0.649952 2 0.709654 0.646742 2 0.709970 0.647024 1 0.713168 0.654702 2 0.720710 0.653917 1 0.710540 0.682443 2 0.727172 0.684972 2 0.711855 0.724448 2 0.727187 0.715810 1 0.705789 0.747797 2 0.716423 0.735271 1 0.713719 0.748552 2 0.726482 0.751807 2 0.703640 0.780830 2 0.722632 0.803084 2 0.702389 0.825821 2 0.720896 0.854685 2
0 0.383557 0.527778 0.037946 0.148148 0.384133 0.483293 2 0.385918 0.478791 2 0.381974 0.480026 2 0.388698 0.475039 2 0.379403 0.477253 2 0.391942 0.490699 2 0.375742 0.485105 2 0.398934 0.508899 2 0.371638 0.498086 2 0.392154 0.525907 2 0.373080 0.516810 2 0.387957 0.535771 2 0.377886 0.531646 2 0.386809 0.573289 2 0.375016 0.557809 2 0.384746 0.599363 2 0.382200 0.565826 2
0 0.473586 0.442460 0.042411 0.144180 0.481322 0.386609 2 0.482737 0.383677 2 0.479395 0.384024 2 0.483100 0.385074 1 0.476052 0.385270 2 0.480009 0.400970 2 0.474426 0.400800 2 0.482292 0.419722 2 0.468271 0.421523 2 0.487356 0.434324 2 0.467573 0.442841 2 0.476089 0.441715 2 0.474196 0.442182 2 0.473101 0.469365 2 0.480146 0.471102 2 0.468181 0.499518 2 0.478902 0.500624 2
0 0.183780 0.486111 0.032738 0.165344 0.189712 0.424341 2 0.189231 0.421629 1 0.188281 0.422060 2 0.184265 0.424341 1 0.183923 0.425389 2 0.179934 0.441940 2 0.183608 0.442610 2 0.179586 0.466049 2 0.182054 0.466872 2 0.186268 0.480907 2 0.187683 0.485144 2 0.181462 0.485748 2 0.185566 0.486898 2 0.182541 0.516258 2 0.196362 0.515759 2 0.183556 0.545936 2 0.203390 0.547139 2
0 0.321057 0.468254 0.027530 0.145503 0.329858 0.423628 2 0.329768 0.420497 2 0.328488 0.420869 2 0.327657 0.421308 1 0.323757 0.422235 2 0.330286 0.434287 2 0.319047 0.439655 2 0.332601 0.454421 2 0.315279 0.463138 2 0.335196 0.473151 2 0.316583 0.484710 2 0.330300 0.471248 2 0.323696 0.474945 2 0.328680 0.497302 2 0.326458 0.507990 2 0.323371 0.518095 2 0.328941 0.538487 2
0 0.422991 0.471561 0.031994 0.059524 0.423190 0.431123 1 0.423929 0.429894 1 0.421826 0.429894 1 0.425738 0.429894 1 0.419603 0.430738 1 0.428040 0.429894 1 0.416650 0.429894 1 0.430299 0.430078 1 0.414716 0.429894 1 0.430570 0.433176 1 0.414609 0.434602 1 0.426403 0.431978 2 0.418909 0.431568 2 0.425131 0.460433 2 0.420198 0.457521 2 0.425859 0.492558 2 0.422849 0.482303 2
0 0.263393 0.543651 0.032738 0.166667 0.264301 0.479891 2 0.264688 0.475913 2 0.261827 0.477472 2 0.264939 0.477278 1 0.257288 0.480684 2 0.268367 0.496452 2 0.253145 0.499699 2 0.271071 0.511706 2 0.252025 0.528698 2 0.274078 0.526363 2 0.252453 0.552825 2 0.268920 0.543883 2 0.257919 0.543949 2 0.270021 0.580112 2 0.253285 0.572343 2 0.270977 0.616856 2 0.253704 0.600704 2
0 0.537202 0.712963 0.043155 0.224868 0.531255 0.623093 1 0.531958 0.619554 1 0.533204 0.620080 1 0.531272 0.623483 2 0.542671 0.622307 2 0.525873 0.652412 2 0.549119 0.644111 2 0.522186 0.683677 2 0.554627 0.670243 2 0.520770 0.682497 2 0.545198 0.663695 2 0.535594 0.713200 2 0.549241 0.708468 2 0.535821 0.761788 2 0.539361 0.745296 2 0.548267 0.809990 2 0.532330 0.778080 2
0 0.369048 0.412698 0.031250 0.126984 0.373486 0.365476 2 0.374635 0.362575 2 0.371902 0.362720 2 0.375281 0.363846 1 0.368531 0.363754 2 0.377761 0.379014 2 0.364290 0.378742 2 0.378164 0.395837 2 0.358841 0.393242 2 0.379593 0.412142 2 0.356096 0.410926 2 0.372382 0.418938 2 0.364294 0.418662 2 0.369501 0.445638 2 0.365923 0.447102 2 0.362757 0.468369 2 0.368118 0.475200 2
0 0.215030 0.367725 0.028274 0.126984 0.216318 0.326805 2 0.217379 0.324407 2 0.215128 0.325054 2 0.219573 0.322240 2 0.213566 0.323781 2 0.224319 0.331273 2 0.212040 0.332190 2 0.229273 0.344497 2 0.207882 0.342200 2 0.222290 0.345891 2 0.210424 0.345706 2 0.224367 0.366137 2 0.216116 0.366622 2 0.226302 0.391967 2 0.217284 0.393360 2 0.230126 0.416099 2 0.218137 0.417892 2
0 0.356027 0.324074 0.021577 0.105820 0.363157 0.285875 2 0.363460 0.283633 2 0.361754 0.284070 2 0.363327 0.284592 1 0.358843 0.285641 2 0.366197 0.297201 2 0.355605 0.297515 2 0.368334 0.312396 2 0.351676 0.310800 2 0.369084 0.328118 2 0.348270 0.321562 2 0.365060 0.328602 2 0.357249 0.328785 2 0.368849 0.351553 2 0.355322 0.352100 2 0.370398 0.372727 2 0.354086 0.373242 2
0 0.557664 0.216931 0.018601 0.084656 0.561185 0.184976 1 0.561146 0.183214 1 0.561251 0.183412 1 0.559230 0.184186 2 0.563280 0.184626 2 0.557120 0.193612 2 0.564884 0.195159 2 0.555675 0.202484 2 0.566603 0.208007 2 0.559738 0.202404 1 0.565982 0.208913 2 0.557925 0.216962 2 0.563593 0.217581 2 0.558362 0.236281 2 0.565388 0.236254 2 0.557888 0.255147 2 0.566697 0.254938 2
0 0.905134 0.333333 0.033482 0.129630 0.920366 0.291249 2 0.919930 0.289068 1 0.919698 0.288885 2 0.916928 0.290041 1 0.916493 0.289811 2 0.916079 0.303396 2 0.910567 0.302190 2 0.913586 0.318590 2 0.902583 0.316857 2 0.915424 0.326719 2 0.897868 0.334826 2 0.908626 0.339377 2 0.904722 0.338436 2 0.908816 0.364469 2 0.901938 0.364779 2 0.902548 0.386509 2 0.894219 0.390014 2
0 0.797619 0.290344 0.020833 0.083333 0.810566 0.262256 2 0.811002 0.260541 2 0.810130 0.260035 2 0.810183 0.259856 1 0.807710 0.258369 2 0.808888 0.268570 2 0.802632 0.266456 2 0.808949 0.282901 2 0.799574 0.281022 2 0.810283 0.291641 2 0.805372 0.290164 2 0.806180 0.289911 2 0.802213 0.289980 2 0.811527 0.300470 2 0.808991 0.299351 2 0.808761 0.322447 2 0.807667 0.321059 2
0 0.820685 0.285053 0.023810 0.080688 0.828649 0.258011 2 0.828312 0.256415 1 0.828228 0.256352 2 0.826527 0.257046 1 0.826477 0.257161 2 0.826624 0.265455 2 0.822437 0.267509 2 0.829786 0.278481 2 0.826443 0.283906 2 0.833636 0.286523 2 0.832033 0.290812 2 0.827442 0.287475 2 0.824404 0.290051 2 0.836489 0.295449 2 0.833899 0.300017 2 0.834653 0.317634 2 0.834445 0.320755 2
0 0.550595 0.340608 0.025298 0.067460 0.553277 0.330480 2 0.554461 0.328692 2 0.552343 0.328468 2 0.555887 0.324488 1 0.550912 0.324018 2 0.557510 0.322304 2 0.546576 0.321994 2 0.561881 0.336308 2 0.542501 0.336230 2 0.556784 0.339544 2 0.549383 0.340583 2 0.555229 0.341816 2 0.548047 0.342207 2 0.560913 0.342883 2 0.543122 0.344478 2 0.557526 0.367090 2 0.548343 0.366360 2
0 0.133557 0.337302 0.021577 0.055556 0.135402 0.319812 2 0.135502 0.317813 2 0.134221 0.319304 2 0.136198 0.317256 1 0.133113 0.320884 2 0.138643 0.322371 2 0.134794 0.327202 2 0.142418 0.327441 2 0.136161 0.337177 2 0.143125 0.334037 2 0.137589 0.346667 2 0.140746 0.337796 2 0.138484 0.339779 2 0.140785 0.347246 2 0.139684 0.349335 2 0.142658 0.361672 2 0.142085 0.361595 2
0 0.098586 0.333995 0.031994 0.062169 0.099461 0.319890 2 0.099728 0.318085 2 0.098172 0.318493 2 0.100005 0.318049 1 0.095008 0.319594 2 0.101140 0.324688 2 0.091975 0.328178 2 0.107347 0.332484 2 0.087980 0.339153 2 0.104519 0.334147 2 0.085185 0.349598 2 0.099816 0.342196 2 0.093150 0.344075 2 0.104706 0.336381 2 0.088750 0.341916 2 0.108278 0.353440 2 0.088004 0.356681 2
0 0.625744 0.158730 0.014881 0.068783 0.631778 0.128843 2 0.632037 0.127544 2 0.631152 0.127458 2 0.631909 0.128074 1 0.629550 0.127784 2 0.632621 0.135584 2 0.627254 0.135200 2 0.633041 0.144835 2 0.625447 0.144571 2 0.633358 0.153014 2 0.626467 0.152973 2 0.631677 0.154336 2 0.627819 0.154233 2 0.632132 0.168019 2 0.626297 0.168027 2 0.631695 0.181950 2 0.625602 0.182565 2
0 0.184524 0.137566 0.016369 0.047619 0.181599 0.118943 1 0.181703 0.118010 1 0.181915 0.117970 1 0.181789 0.118917 2 0.184125 0.118592 2 0.181078 0.125134 2 0.186120 0.124911 2 0.180218 0.132212 2 0.188543 0.131522 2 0.180223 0.137194 2 0.189301 0.137539 2 0.182795 0.139332 2 0.186166 0.139404 2 0.183234 0.148981 2 0.186583 0.150132 2 0.183650 0.158412 2 0.186853 0.160285 2
0 0.798735 0.193122 0.018601 0.052910 0.799957 0.175643 1 0.799907 0.174517 1 0.800318 0.174753 1 0.798784 0.175201 2 0.802034 0.175614 2 0.797212 0.181553 2 0.803089 0.181935 2 0.795401 0.188906 2 0.805323 0.187593 2 0.795472 0.192823 2 0.806824 0.185106 2 0.797221 0.196955 2 0.800927 0.197060 2 0.797281 0.206923 2 0.799885 0.206846 2 0.796995 0.217353 2 0.798633 0.216950 2
0 0.419643 0.117063 0.014881 0.051587 0.417220 0.098585 1 0.417250 0.097655 1 0.417473 0.097533 1 0.417376 0.097928 2 0.419683 0.097443 2 0.417120 0.103164 2 0.421399 0.102039 2 0.415554 0.108577 2 0.423968 0.106099 2 0.416522 0.113670 2 0.424861 0.111039 2 0.418829 0.117206 2 0.421503 0.116709 2 0.419582 0.126437 2 0.421377 0.126016 2 0.419812 0.136777 2 0.421771 0.136374 2
0 0.234003 0.135582 0.012649 0.046296 0.235133 0.120868 1 0.235111 0.120026 1 0.235315 0.120034 1 0.235090 0.120622 2 0.236861 0.120476 1 0.235336 0.125547 2 0.237800 0.125057 2 0.235366 0.130488 2 0.239036 0.130467 2 0.235371 0.134486 2 0.238373 0.133325 1 0.236687 0.135999 2 0.238447 0.135636 2 0.236889 0.144053 2 0.238890 0.142524 2 0.237329 0.152420 2 0.240232 0.149755 2
0 0.758185 0.236111 0.017857 0.083333 0.767701 0.206770 2 0.768145 0.205257 2 0.766703 0.205376 2 0.768056 0.206851 1 0.764880 0.206961 2 0.766949 0.215868 2 0.764136 0.215868 2 0.766918 0.227076 1 0.762110 0.227529 2 0.768463 0.231338 1 0.765337 0.233885 2 0.765455 0.238980 2 0.763839 0.239067 2 0.764484 0.255736 2 0.764260 0.256433 2 0.759492 0.269934 2 0.759742 0.271240 2
0 0.984375 0.427249 0.029762 0.148148 0.997803 0.377776 1 0.998042 0.374757 1 0.997729 0.375198 1 0.995630 0.376290 1 0.999414 0.377145 1 0.991077 0.390483 2 0.999430 0.393433 2 0.984383 0.408157 2 0.994796 0.413065 1 0.987680 0.419761 2 0.993572 0.422165 1 0.987868 0.427198 2 0.995212 0.428898 2 0.984448 0.454825 2 0.997329 0.460734 2 0.977716 0.482470 2 0.993848 0.492904 2
0 0.961682 0.246032 0.023065 0.066138 0.965566 0.215877 2 0.966531 0.214649 2 0.965037 0.214170 2 0.967883 0.215376 2 0.964121 0.214270 2 0.967830 0.222653 2 0.961555 0.222209 2 0.968236 0.232378 2 0.960364 0.233500 2 0.968735 0.232265 2 0.965088 0.234190 2 0.964607 0.244274 2 0.959806 0.244105 2 0.966022 0.258521 2 0.959373 0.259612 2 0.961295 0.271924 2 0.954325 0.274106 2
0 0.919271 0.197751 0.020089 0.038360 0.922533 0.187174 2 0.923096 0.185638 2 0.921905 0.185887 2 0.924048 0.185675 2 0.921041 0.186273 2 0.926231 0.192651 2 0.920080 0.193669 2 0.926538 0.202397 2 0.918261 0.202622 2 0.919947 0.206777 2 0.916768 0.206520 2 0.925764 0.210346 2 0.921447 0.210584 2 0.927143 0.216976 1 0.920955 0.217785 1 0.925242 0.222854 1 0.920685 0.223194 1
0 0.956101 0.205026 0.019345 0.031746 0.946294 0.210159 2 0.947614 0.208066 2 0.945533 0.207542 2 0.950210 0.209262 2 0.944744 0.207869 1 0.955108 0.224029 2 0.942708 0.222253 2 0.957297 0.226190 1 0.942708 0.226190 1 0.952607 0.223084 1 0.945000 0.222445 1 0.952490 0.226190 1 0.944026 0.226190 1 0.952089 0.226190 1 0.946382 0.221152 1 0.950771 0.221183 1 0.948856 0.219267 1
0 0.945312 0.205026 0.018601 0.034392 0.946344 0.208817 2 0.947725 0.206534 2 0.945166 0.206552 2 0.950441 0.207883 2 0.944015 0.207694 2 0.954081 0.222863 2 0.942559 0.221879 2 0.956744 0.228237 1 0.940975 0.228237 1 0.955962 0.224455 1 0.942588 0.228237 1 0.952325 0.228237 1 0.945025 0.228237 1 0.950386 0.223722 1 0.946793 0.220092 1 0.949656 0.227292 1 0.947501 0.224516 1
