0 0.708771 0.317927 0.009979 0.045752 0.710322 0.303613 2 0.710684 0.302772 1 0.709884 0.302758 2 0.711055 0.303142 1 0.709101 0.303123 2 0.711776 0.308125 2 0.708062 0.307596 2 0.712596 0.314313 2 0.707160 0.313652 2 0.711213 0.319314 2 0.709407 0.318586 2 0.709855 0.319307 2 0.707515 0.318738 2 0.708614 0.329029 2 0.707501 0.327579 2 0.708564 0.338452 2 0.708000 0.336606 2
0 0.703519 0.380486 0.009979 0.025210 0.707749 0.377913 1 0.707491 0.377084 1 0.707830 0.377335 1 0.705834 0.375598 1 0.707533 0.376439 2 0.703775 0.376987 2 0.706813 0.378283 2 0.702003 0.381884 2 0.707088 0.382733 2 0.701663 0.388459 1 0.707655 0.385434 2 0.702400 0.387045 2 0.704466 0.387884 2 0.703183 0.386331 2 0.705701 0.387890 2 0.702541 0.391585 2 0.704771 0.392255 2
0 0.572742 0.268441 0.009979 0.032680 0.571324 0.258640 1 0.571265 0.257844 1 0.571476 0.257894 1 0.571280 0.257994 2 0.572755 0.258060 2 0.571580 0.262498 2 0.573523 0.262574 2 0.570920 0.268802 2 0.573984 0.269645 2 0.570400 0.272448 2 0.573043 0.274523 1 0.571719 0.273546 2 0.572983 0.273381 2 0.571486 0.281342 2 0.572254 0.281300 2 0.572198 0.288451 2 0.572775 0.288585 2
0 0.488971 0.289449 0.012605 0.031746 0.489342 0.283584 2 0.489625 0.282921 2 0.489021 0.282888 2 0.490022 0.283014 2 0.488502 0.282963 2 0.490745 0.286197 2 0.487530 0.286201 2 0.491648 0.290203 2 0.486881 0.290307 2 0.491211 0.292674 2 0.486939 0.293019 2 0.490362 0.293662 2 0.488005 0.293726 2 0.491845 0.295804 1 0.486699 0.296013 1 0.491859 0.300830 1 0.486588 0.300616 1
0 0.129989 0.429972 0.013130 0.045752 0.129110 0.399223 1 0.129403 0.398693 1 0.128723 0.398693 1 0.129879 0.398693 1 0.128469 0.398693 1 0.131311 0.400324 1 0.128028 0.401092 1 0.132739 0.406603 2 0.127459 0.408251 2 0.131294 0.407333 2 0.129009 0.408400 2 0.131786 0.419407 2 0.129557 0.419788 2 0.132927 0.433797 2 0.130500 0.434225 2 0.134179 0.447443 2 0.131639 0.448764 2
0 0.847426 0.676004 0.020483 0.054155 0.852296 0.660128 2 0.851654 0.658608 1 0.852160 0.658880 2 0.848689 0.658000 1 0.850774 0.659041 2 0.846675 0.663840 2 0.848843 0.665572 2 0.849436 0.676064 1 0.850660 0.679091 2 0.853414 0.682221 1 0.853721 0.684627 2 0.845501 0.682039 2 0.846955 0.683624 2 0.852127 0.684771 2 0.852993 0.686990 2 0.850798 0.701236 2 0.850869 0.701934 2
0 0.439076 0.275910 0.012605 0.027077 0.439326 0.268928 1 0.439290 0.268178 1 0.439417 0.268205 1 0.438688 0.268250 2 0.440555 0.268091 2 0.437828 0.272186 2 0.442271 0.271869 2 0.436534 0.277685 2 0.444077 0.276872 2 0.435333 0.281840 2 0.443511 0.281338 2 0.438553 0.282578 2 0.441660 0.282436 2 0.437684 0.289861 2 0.441816 0.289902 2 0.437614 0.293165 1 0.442266 0.293633 1
0 0.634454 0.451914 0.017857 0.041083 0.636072 0.437968 2 0.636497 0.436911 2 0.636035 0.437059 1 0.637691 0.437345 2 0.636783 0.437560 1 0.639162 0.443463 2 0.637160 0.442710 2 0.639096 0.450089 2 0.634700 0.448138 2 0.635146 0.450103 2 0.631165 0.448522 2 0.637445 0.457615 2 0.636215 0.456356 2 0.634977 0.467349 2 0.634141 0.464364 2 0.635312 0.477359 2 0.634602 0.474089 2
0 0.617910 0.426704 0.017332 0.035481 0.618633 0.416297 2 0.618985 0.415481 2 0.618836 0.415410 1 0.620180 0.416152 2 0.620336 0.415704 1 0.620564 0.421295 2 0.621697 0.420315 2 0.618368 0.425883 2 0.619421 0.424165 1 0.615101 0.425679 2 0.615682 0.423592 1 0.620694 0.432867 2 0.621374 0.431721 2 0.615715 0.435262 2 0.616525 0.433290 2 0.617284 0.441938 2 0.617463 0.440523 2
0 0.632090 0.437908 0.017332 0.037348 0.636742 0.438270 2 0.637248 0.437268 2 0.636344 0.437398 2 0.638236 0.437653 2 0.636113 0.437938 1 0.639627 0.443240 2 0.636067 0.443245 2 0.641536 0.449409 2 0.634296 0.448416 2 0.641442 0.450862 2 0.631246 0.448635 2 0.638307 0.457362 2 0.636026 0.456916 2 0.637266 0.461725 1 0.634888 0.460927 1 0.637345 0.461539 1 0.634513 0.460886 1
0 0.598739 0.885154 0.023109 0.069094 0.601186 0.864973 2 0.602352 0.863668 2 0.600691 0.862709 2 0.603985 0.862692 2 0.599737 0.860131 2 0.605177 0.871653 2 0.598074 0.863977 2 0.605839 0.886247 2 0.593805 0.870010 2 0.601195 0.891177 2 0.591037 0.876487 2 0.600173 0.889829 2 0.595641 0.884921 2 0.595340 0.901774 2 0.590029 0.894853 2 0.594938 0.911957 1 0.590132 0.905355 1
0 0.606618 0.884687 0.017857 0.064426 0.601573 0.864496 2 0.602780 0.863075 2 0.600908 0.862359 2 0.604363 0.862629 2 0.599478 0.860690 2 0.605709 0.872029 2 0.597233 0.867119 2 0.606115 0.886594 2 0.594667 0.875824 1 0.600748 0.892101 2 0.594974 0.888125 1 0.601602 0.891753 2 0.596217 0.888973 2 0.598385 0.899164 2 0.594538 0.896016 2 0.597439 0.915870 2 0.595094 0.913544 1
0 0.520221 0.323063 0.015231 0.046685 0.523758 0.306425 2 0.523826 0.305580 1 0.523411 0.305504 2 0.522985 0.306369 1 0.522287 0.306040 2 0.522803 0.310983 2 0.521915 0.311503 2 0.523281 0.317297 2 0.521417 0.319001 2 0.524784 0.320495 2 0.521834 0.325223 2 0.522438 0.323286 2 0.522323 0.323621 2 0.521718 0.330176 2 0.523795 0.331229 2 0.517786 0.335064 2 0.522867 0.339521 2
