0 0.529390 0.414683 0.030506 0.141534 0.538444 0.358736 2 0.538068 0.356417 1 0.537351 0.356725 2 0.532925 0.357864 1 0.533592 0.358969 2 0.526145 0.370203 2 0.532732 0.373276 2 0.524896 0.389035 1 0.530442 0.396672 2 0.530578 0.402001 1 0.534823 0.414600 2 0.520926 0.411790 2 0.526795 0.413389 2 0.522124 0.439184 2 0.535802 0.441707 2 0.516784 0.466589 2 0.533608 0.473449 2
0 0.664435 0.182540 0.016369 0.068783 0.667947 0.157935 1 0.667422 0.156873 1 0.667805 0.156946 1 0.664563 0.158045 2 0.667761 0.158069 2 0.662906 0.165164 2 0.669265 0.162820 2 0.659381 0.170899 2 0.673550 0.158647 2 0.656763 0.174433 2 0.674415 0.154550 2 0.663682 0.182893 2 0.667773 0.182269 2 0.662774 0.197254 2 0.668078 0.198052 2 0.660074 0.211713 2 0.667810 0.213261 2
0 0.560640 0.495370 0.042411 0.167989 0.566166 0.438039 1 0.566130 0.434601 1 0.566722 0.435039 1 0.562674 0.436100 2 0.570408 0.437221 2 0.557196 0.455384 2 0.573397 0.458952 2 0.552339 0.478358 2 0.575910 0.483762 2 0.555910 0.490355 2 0.572511 0.496455 2 0.557428 0.502786 2 0.568176 0.504702 2 0.558656 0.530474 2 0.566235 0.536998 2 0.558378 0.557707 2 0.562513 0.566901 2
0 0.637277 0.393519 0.030506 0.125661 0.646324 0.353031 2 0.648031 0.350294 2 0.645029 0.349850 2 0.650096 0.350353 2 0.642467 0.349125 2 0.651323 0.364969 2 0.638213 0.362187 2 0.652816 0.380995 2 0.630036 0.371711 2 0.654499 0.393069 2 0.626773 0.386682 2 0.644462 0.394725 2 0.635827 0.393814 2 0.647752 0.417376 2 0.636913 0.418636 2 0.645149 0.434263 2 0.634365 0.438952 2
0 0.373884 0.402116 0.029018 0.148148 0.384542 0.340959 2 0.383990 0.338448 1 0.383351 0.338355 2 0.380350 0.340711 1 0.379092 0.340828 2 0.378666 0.352944 2 0.375981 0.354844 2 0.380735 0.372202 2 0.374701 0.374722 2 0.386253 0.381215 2 0.382263 0.366330 2 0.377315 0.386629 2 0.375887 0.388363 2 0.380590 0.420883 2 0.381481 0.422243 2 0.375879 0.449433 2 0.378527 0.453239 2
0 0.491815 0.546958 0.038690 0.170635 0.494764 0.484011 1 0.494791 0.480522 1 0.495982 0.481133 1 0.492029 0.482251 2 0.501457 0.483776 2 0.486843 0.501159 2 0.504082 0.506057 2 0.481967 0.522783 2 0.507059 0.533491 2 0.478894 0.544315 2 0.510295 0.553707 2 0.487749 0.552292 2 0.498748 0.554608 2 0.490866 0.585657 2 0.497640 0.591217 2 0.493443 0.617113 2 0.494444 0.623979 2
0 0.418527 0.458995 0.029018 0.145503 0.422618 0.404718 2 0.421777 0.402344 1 0.421476 0.402716 2 0.418992 0.404348 1 0.417976 0.405523 2 0.417293 0.422095 2 0.416251 0.423276 2 0.418745 0.443798 2 0.420752 0.445241 2 0.425416 0.455458 2 0.429091 0.457298 2 0.420279 0.458538 2 0.417768 0.460039 2 0.425713 0.488072 2 0.415588 0.491317 2 0.429715 0.516413 2 0.407199 0.516534 2
0 0.686384 0.417328 0.031994 0.138889 0.688451 0.367372 2 0.689897 0.364067 2 0.687171 0.364960 2 0.693521 0.362335 2 0.686274 0.364353 2 0.697025 0.378346 2 0.683716 0.377106 2 0.700964 0.393449 2 0.681752 0.397731 2 0.699960 0.403892 2 0.682988 0.414379 2 0.695645 0.413950 2 0.686410 0.411884 2 0.696538 0.441668 2 0.683794 0.429373 2 0.698199 0.470163 2 0.682676 0.444943 2
0 0.584449 0.398148 0.030506 0.134921 0.589670 0.343984 2 0.590342 0.340829 2 0.588126 0.341658 2 0.590783 0.340290 1 0.584306 0.341777 2 0.593192 0.356118 2 0.579372 0.358228 2 0.596228 0.372827 2 0.578063 0.379455 2 0.594175 0.390640 2 0.584437 0.392745 2 0.592455 0.396004 2 0.582991 0.396833 2 0.591368 0.427193 2 0.582930 0.425085 2 0.590467 0.454218 2 0.580044 0.448759 2
0 0.133929 0.369709 0.038690 0.128307 0.130443 0.317125 2 0.131528 0.314773 2 0.129049 0.314940 2 0.133177 0.315843 2 0.126617 0.316361 2 0.137001 0.328610 2 0.124342 0.331436 2 0.143241 0.340886 2 0.121153 0.347387 2 0.138217 0.346724 2 0.126602 0.347455 2 0.138765 0.363654 2 0.130138 0.365240 2 0.142127 0.390149 2 0.131607 0.391651 2 0.147156 0.414733 2 0.132923 0.417332 2
0 0.169271 0.343915 0.027530 0.111111 0.166323 0.305514 2 0.167675 0.303872 2 0.166632 0.303611 2 0.170399 0.305279 2 0.168447 0.304451 1 0.169352 0.317645 2 0.171574 0.316531 2 0.166666 0.334290 2 0.168755 0.331111 1 0.159792 0.336875 2 0.160283 0.335101 1 0.167830 0.346031 2 0.168628 0.345159 2 0.169173 0.369336 2 0.167551 0.368551 2 0.180701 0.388598 2 0.168696 0.390600 2
0 0.553571 0.207011 0.020833 0.085979 0.555169 0.176166 1 0.555317 0.174448 1 0.555498 0.174557 1 0.554603 0.175381 2 0.558100 0.175536 2 0.552912 0.186306 2 0.560526 0.186323 2 0.551248 0.198392 2 0.563321 0.197906 2 0.551153 0.206626 1 0.563670 0.207794 2 0.554709 0.208568 2 0.559836 0.208539 2 0.554861 0.226300 2 0.560166 0.226573 2 0.558479 0.242974 2 0.562948 0.242985 2
0 0.952381 0.306878 0.037202 0.124339 0.964459 0.262156 1 0.964418 0.259458 1 0.964849 0.260473 1 0.961179 0.260587 2 0.968214 0.262485 2 0.956680 0.274360 2 0.971158 0.277270 2 0.950590 0.292000 2 0.974183 0.293265 2 0.947444 0.305662 2 0.970131 0.294288 2 0.954105 0.311940 2 0.964270 0.312934 2 0.948685 0.333980 2 0.962369 0.336474 2 0.944679 0.358049 2 0.960782 0.360256 2
0 0.790923 0.276455 0.026786 0.105820 0.790216 0.240058 2 0.790379 0.238176 2 0.789360 0.237818 2 0.789487 0.239099 1 0.786342 0.238168 2 0.788743 0.249139 2 0.781684 0.247660 2 0.788585 0.263464 2 0.778708 0.262384 2 0.790835 0.271376 2 0.785021 0.271716 2 0.786828 0.270795 2 0.781621 0.271429 2 0.797966 0.278123 2 0.788676 0.278809 2 0.796182 0.300313 2 0.788089 0.301470 2
0 0.808036 0.271164 0.023810 0.095238 0.808316 0.239127 2 0.808297 0.237477 1 0.807765 0.237325 2 0.807035 0.237855 1 0.805610 0.237736 2 0.806872 0.244956 2 0.801309 0.247337 2 0.809101 0.258971 2 0.805028 0.261921 2 0.813249 0.266817 2 0.810922 0.270487 2 0.806333 0.266628 2 0.802336 0.269798 2 0.814741 0.271372 2 0.810411 0.280605 2 0.812279 0.289721 2 0.812450 0.301110 2
0 0.848214 0.876984 0.061012 0.232804 0.857337 0.798426 2 0.860770 0.794245 2 0.854777 0.792768 2 0.865188 0.796430 2 0.849894 0.792538 2 0.866557 0.823198 2 0.844221 0.817748 2 0.867973 0.856415 2 0.843308 0.849969 2 0.863696 0.875660 2 0.849569 0.871758 2 0.857617 0.881934 2 0.842186 0.878263 2 0.852738 0.923895 2 0.835068 0.917541 2 0.845452 0.964782 2 0.827179 0.959697 2
0 0.538318 0.325397 0.026042 0.108466 0.538514 0.358707 2 0.537625 0.355980 1 0.537206 0.356657 2 0.532430 0.356098 1 0.533049 0.358737 2 0.526255 0.368516 2 0.532201 0.374171 2 0.524711 0.385651 1 0.530513 0.397293 2 0.532480 0.386071 1 0.533538 0.398758 1 0.522702 0.397897 1 0.527041 0.399884 1 0.529026 0.388979 1 0.533673 0.395476 1 0.526105 0.397805 1 0.530069 0.399884 1
0 0.520833 0.300265 0.026786 0.097884 0.517317 0.262522 2 0.518499 0.261014 2 0.516730 0.260726 2 0.520669 0.262135 2 0.516256 0.261456 1 0.523257 0.271867 2 0.512925 0.271078 2 0.528426 0.276689 2 0.507357 0.276701 2 0.527360 0.280373 2 0.510986 0.282234 2 0.521321 0.300640 2 0.514868 0.300450 2 0.521269 0.322773 2 0.515744 0.321960 2 0.522160 0.345396 2 0.516284 0.343387 2
0 0.486235 0.166667 0.017113 0.063492 0.481183 0.172762 2 0.481172 0.171425 2 0.480856 0.171672 1 0.481921 0.169134 2 0.481058 0.169573 1 0.485088 0.168342 2 0.482817 0.169101 2 0.487038 0.175824 2 0.484017 0.178152 2 0.485315 0.177591 2 0.483836 0.185039 2 0.489640 0.169433 2 0.487972 0.169476 2 0.486686 0.179891 2 0.484531 0.179130 2 0.486543 0.190449 2 0.484493 0.190480 2
0 0.094494 0.312831 0.017857 0.070106 0.094588 0.294188 2 0.094974 0.292297 2 0.093320 0.293198 2 0.095520 0.291963 1 0.091189 0.294194 2 0.097418 0.298448 2 0.091070 0.301601 2 0.100248 0.305405 2 0.090371 0.312866 2 0.098178 0.306625 2 0.088459 0.324943 2 0.097426 0.315362 2 0.093223 0.316311 2 0.096464 0.325125 2 0.091546 0.325381 2 0.099175 0.336081 2 0.093014 0.335017 2
0 0.627232 0.139550 0.016369 0.070106 0.627400 0.115282 2 0.628021 0.114154 2 0.626874 0.114021 2 0.628775 0.114496 2 0.626044 0.114157 2 0.629722 0.121483 2 0.624516 0.121047 2 0.630812 0.129780 2 0.622245 0.128428 2 0.630124 0.135992 2 0.621230 0.132638 2 0.628566 0.138857 2 0.625108 0.138631 2 0.628266 0.152026 2 0.624583 0.151779 2 0.628463 0.164309 2 0.623832 0.163965 2
0 0.196057 0.141534 0.017113 0.052910 0.196384 0.124826 1 0.196316 0.123836 1 0.196623 0.123713 1 0.195340 0.124532 2 0.198091 0.124189 2 0.194323 0.130813 2 0.199434 0.130613 2 0.193629 0.138332 2 0.201135 0.138161 2 0.194680 0.144365 2 0.202009 0.145082 2 0.196443 0.145725 2 0.199802 0.145814 2 0.197545 0.157201 2 0.199997 0.157574 2 0.198603 0.167582 2 0.200008 0.168736 2
0 0.789062 0.191138 0.017113 0.062169 0.787235 0.170575 1 0.787326 0.169433 1 0.787704 0.169602 1 0.786720 0.170413 2 0.789738 0.170501 2 0.785549 0.177468 2 0.790376 0.176423 2 0.783565 0.182818 2 0.795053 0.178147 2 0.784114 0.178791 2 0.798687 0.173796 2 0.785306 0.191870 2 0.787972 0.191470 2 0.785349 0.201710 2 0.786939 0.202019 2 0.785029 0.211883 2 0.786550 0.211548 2
0 0.463914 0.114418 0.012649 0.054233 0.463560 0.097801 1 0.463592 0.096819 1 0.463794 0.096842 1 0.463131 0.097270 2 0.465502 0.097093 2 0.462355 0.102838 2 0.467096 0.102551 2 0.461251 0.109994 2 0.468334 0.109457 2 0.461320 0.115277 1 0.467921 0.115255 1 0.463957 0.115611 2 0.467186 0.115540 2 0.463692 0.123994 2 0.466788 0.123844 2 0.464837 0.131778 2 0.467604 0.131903 2
0 0.399926 0.095238 0.012649 0.058201 0.399705 0.077479 2 0.400022 0.076577 1 0.399211 0.076663 2 0.400420 0.077126 1 0.398529 0.077304 2 0.401106 0.082485 2 0.397898 0.082586 2 0.402032 0.088516 2 0.397107 0.088546 2 0.401903 0.092877 2 0.398166 0.092996 2 0.400841 0.094060 2 0.398626 0.094183 2 0.401002 0.102542 2 0.398622 0.102901 2 0.400734 0.111003 2 0.397443 0.111107 2
0 0.146949 0.105820 0.012649 0.044974 0.147012 0.088396 2 0.147464 0.087466 2 0.146485 0.087462 2 0.148031 0.087805 1 0.145732 0.087779 2 0.148830 0.092227 2 0.144404 0.092377 2 0.150287 0.098117 2 0.143670 0.098605 2 0.150830 0.104201 2 0.144429 0.104615 2 0.148821 0.103220 2 0.145994 0.103578 2 0.149583 0.109057 2 0.145938 0.109598 2 0.149008 0.114924 2 0.147288 0.114565 2
0 0.829613 0.174603 0.014881 0.052910 0.830361 0.160691 1 0.830580 0.159656 1 0.830926 0.159761 1 0.830974 0.160822 2 0.833007 0.160883 1 0.829946 0.167548 2 0.832965 0.167911 2 0.826548 0.171361 2 0.829416 0.172012 2 0.823002 0.169181 2 0.826043 0.169624 1 0.829723 0.182880 2 0.831709 0.182960 2 0.828354 0.189901 2 0.830282 0.190574 2 0.828816 0.197322 2 0.830173 0.197773 2
0 0.118304 0.119048 0.016369 0.031746 0.117090 0.113327 2 0.117638 0.112636 2 0.116596 0.112296 2 0.118258 0.113542 1 0.115711 0.112759 2 0.117644 0.117899 2 0.114412 0.117233 2 0.118425 0.123794 2 0.116090 0.124364 2 0.120414 0.125852 2 0.119619 0.127240 2 0.115754 0.127786 2 0.113262 0.127881 2 0.120223 0.128836 2 0.117114 0.128938 2 0.117213 0.132555 1 0.115056 0.132172 1
0 0.242188 0.112434 0.014137 0.044974 0.247589 0.094541 1 0.247460 0.093512 1 0.247786 0.093547 1 0.246323 0.093742 2 0.248401 0.093784 2 0.245478 0.099250 2 0.248572 0.098915 2 0.244326 0.106244 2 0.249081 0.104386 2 0.244152 0.109890 2 0.248695 0.106197 1 0.245636 0.111041 2 0.247591 0.110933 2 0.246140 0.119268 2 0.246941 0.119042 2 0.247243 0.127506 2 0.247522 0.127555 2
0 0.378348 0.128968 0.014137 0.062169 0.375470 0.106431 2 0.376097 0.105430 2 0.375528 0.105403 1 0.378184 0.106563 2 0.376850 0.106552 1 0.379161 0.112983 2 0.376508 0.113218 2 0.379829 0.119379 2 0.375185 0.119959 2 0.377436 0.124715 2 0.375012 0.125917 2 0.378249 0.126378 2 0.377056 0.126466 2 0.376699 0.135832 2 0.378835 0.136383 2 0.376472 0.143054 2 0.381349 0.142141 2
0 0.614583 0.275132 0.013393 0.063492 0.616693 0.252512 2 0.617515 0.251218 2 0.616128 0.250963 2 0.618523 0.251960 1 0.615078 0.251300 1 0.618333 0.259597 2 0.612860 0.258453 2 0.618269 0.268047 2 0.610157 0.264594 2 0.617388 0.270411 2 0.611221 0.261055 2 0.616519 0.276858 2 0.612836 0.276508 2 0.615819 0.290086 2 0.611817 0.289347 2 0.615146 0.303075 2 0.611354 0.300783 2
0 0.960565 0.271164 0.026786 0.105820 0.962853 0.262425 1 0.962977 0.259831 1 0.963793 0.261008 1 0.961022 0.261098 2 0.968144 0.263261 2 0.956719 0.273914 2 0.970663 0.277691 2 0.950413 0.292365 2 0.973036 0.293119 2 0.948056 0.306357 2 0.967842 0.292710 2 0.954501 0.313016 2 0.963799 0.314581 2 0.948179 0.335013 2 0.958015 0.340340 2 0.945382 0.344501 1 0.954509 0.344866 1
0 0.518973 0.097222 0.008185 0.035714 0.519999 0.086666 1 0.520327 0.085956 1 0.519575 0.085910 1 0.520619 0.086260 1 0.518782 0.086172 2 0.520407 0.090268 2 0.517942 0.089953 2 0.521101 0.094590 2 0.516887 0.094260 2 0.520917 0.096126 1 0.517984 0.097947 2 0.519301 0.099433 2 0.517747 0.099374 2 0.519034 0.105943 2 0.517777 0.106338 2 0.518808 0.112703 2 0.517364 0.112480 2
0 0.554315 0.228175 0.017857 0.078042 0.555293 0.196622 2 0.555884 0.194977 2 0.554279 0.194900 2 0.556174 0.196207 1 0.552064 0.195843 2 0.555741 0.205528 2 0.549969 0.205464 2 0.556804 0.215555 2 0.547893 0.218184 2 0.557823 0.215294 2 0.552655 0.219778 2 0.554884 0.227834 2 0.551029 0.227955 2 0.555112 0.248174 2 0.552714 0.247824 2 0.552856 0.267343 2 0.550092 0.266629 2
0 0.738467 0.134921 0.017113 0.052910 0.741329 0.112252 2 0.741494 0.111084 1 0.740575 0.111142 2 0.741198 0.111970 1 0.738665 0.112118 2 0.741897 0.119734 2 0.736342 0.119582 2 0.741676 0.129903 2 0.734231 0.129296 2 0.741800 0.137356 2 0.734716 0.137637 2 0.740477 0.136942 2 0.736832 0.136918 2 0.739116 0.148193 2 0.735667 0.148414 2 0.737406 0.159752 2 0.734712 0.159932 2
0 0.955729 0.174603 0.020089 0.063492 0.952628 0.153817 1 0.952940 0.152347 1 0.952960 0.152591 1 0.954478 0.152518 2 0.956125 0.152790 1 0.954339 0.158171 2 0.958974 0.159177 2 0.949867 0.161137 2 0.961702 0.165676 2 0.951498 0.156471 2 0.960158 0.163271 2 0.952560 0.178171 2 0.955082 0.177843 2 0.950374 0.192001 2 0.950995 0.191305 2 0.950111 0.206492 2 0.950718 0.206937 2
0 0.904762 0.184524 0.020833 0.046296 0.902773 0.170421 2 0.903102 0.169463 2 0.903263 0.169361 1 0.904016 0.170531 2 0.904579 0.169975 1 0.906382 0.178175 2 0.903240 0.176375 2 0.905436 0.188288 2 0.900196 0.184383 2 0.900715 0.194406 2 0.898159 0.191839 2 0.904579 0.193578 2 0.902270 0.191662 2 0.900257 0.191305 2 0.896823 0.187741 2 0.899859 0.196275 2 0.896941 0.194029 2
0 0.940476 0.193783 0.017857 0.035714 0.938028 0.182153 2 0.938855 0.180653 2 0.937428 0.180906 2 0.940435 0.181087 2 0.936851 0.181588 1 0.942794 0.186663 2 0.935894 0.186828 2 0.942379 0.194884 2 0.933245 0.193432 2 0.937877 0.198645 2 0.932868 0.194656 2 0.941524 0.200131 2 0.936889 0.199452 2 0.938384 0.198403 2 0.931276 0.197468 2 0.935502 0.205740 2 0.932592 0.205690 2
0 0.925967 0.189815 0.018601 0.035714 0.938353 0.182121 2 0.938751 0.180716 2 0.937751 0.180620 2 0.938988 0.181433 1 0.936644 0.181327 2 0.938988 0.188649 1 0.935718 0.188047 2 0.938635 0.195892 1 0.932776 0.194576 2 0.935377 0.194087 1 0.933432 0.194870 2 0.937652 0.201935 1 0.935437 0.201257 2 0.934424 0.197493 1 0.930356 0.197070 2 0.933771 0.205898 1 0.933191 0.204718 2
