0 0.553943 0.560185 0.018601 0.096561 0.550163 0.526184 1 0.549401 0.524513 1 0.550069 0.524313 1 0.545863 0.525343 1 0.549345 0.525391 2 0.543778 0.534962 2 0.548756 0.535556 2 0.544931 0.545814 1 0.550908 0.549718 2 0.550925 0.544982 1 0.554141 0.559220 2 0.546015 0.559859 2 0.549302 0.560458 2 0.548575 0.579377 2 0.549989 0.580591 2 0.548889 0.598587 2 0.548929 0.600022 2
0 0.550967 0.539683 0.033482 0.071429 0.549998 0.525131 1 0.549382 0.523496 1 0.550034 0.523576 1 0.545988 0.524410 1 0.549933 0.524909 2 0.543670 0.533478 2 0.548692 0.534658 2 0.546327 0.542936 2 0.551517 0.546323 2 0.552377 0.542073 1 0.554239 0.544550 2 0.545056 0.555433 2 0.548466 0.556797 2 0.550997 0.568723 2 0.553567 0.569980 2 0.550215 0.584661 2 0.552209 0.583276 2
0 0.528274 0.489418 0.014881 0.071429 0.536368 0.461414 2 0.537075 0.460031 2 0.535804 0.459949 2 0.538008 0.459379 1 0.534724 0.459202 2 0.538654 0.465241 2 0.532740 0.465146 2 0.538690 0.474382 1 0.531637 0.474386 2 0.538190 0.478559 1 0.532358 0.478255 2 0.537965 0.482172 2 0.534070 0.482340 2 0.537840 0.488088 1 0.533652 0.488320 1 0.537487 0.490409 1 0.534144 0.490766 1
0 0.539062 0.483466 0.017113 0.075397 0.536409 0.461450 2 0.537076 0.459908 2 0.535731 0.459986 2 0.538050 0.459036 2 0.534647 0.459296 2 0.539735 0.464674 2 0.533099 0.465871 2 0.544094 0.468934 2 0.531319 0.473338 2 0.541176 0.472034 2 0.532134 0.477076 2 0.538653 0.481793 2 0.534240 0.482131 2 0.540981 0.488239 1 0.534881 0.487742 1 0.540263 0.491139 1 0.533948 0.489317 1
0 0.456101 0.529101 0.016369 0.089947 0.453193 0.498018 1 0.452844 0.496425 1 0.453312 0.496370 1 0.450124 0.497955 2 0.454265 0.497551 2 0.447907 0.508174 2 0.456162 0.506277 2 0.445985 0.520962 2 0.459506 0.513011 2 0.446393 0.528926 2 0.460136 0.511806 2 0.450457 0.528396 2 0.455741 0.527952 2 0.451410 0.546906 2 0.455338 0.545576 2 0.451981 0.564355 2 0.454502 0.562868 2
0 0.486979 0.553571 0.023065 0.099206 0.490115 0.518914 1 0.489458 0.517223 1 0.489921 0.517147 1 0.485416 0.518398 2 0.489918 0.518559 2 0.482418 0.529164 2 0.492190 0.529930 2 0.480371 0.543741 2 0.494541 0.543557 2 0.479806 0.555615 2 0.494756 0.556118 2 0.483453 0.556528 2 0.490104 0.557259 2 0.483951 0.574008 2 0.490149 0.576700 2 0.484746 0.588250 2 0.489417 0.593771 2
0 0.486235 0.527116 0.018601 0.096561 0.490412 0.519033 1 0.489671 0.517252 1 0.490304 0.517218 1 0.485391 0.518290 2 0.490063 0.518529 2 0.482334 0.529205 2 0.491898 0.529601 2 0.480267 0.543589 2 0.494513 0.543349 2 0.479640 0.554890 2 0.494991 0.555832 2 0.483629 0.556210 2 0.490046 0.556650 2 0.484178 0.575701 2 0.489966 0.576671 2 0.484734 0.588534 2 0.488754 0.591175 2
0 0.505208 0.519180 0.014881 0.067460 0.503871 0.493433 2 0.504277 0.492210 2 0.504209 0.492111 1 0.505959 0.492606 2 0.506613 0.492302 1 0.506046 0.499196 2 0.508962 0.498869 2 0.506302 0.509035 2 0.510475 0.507886 2 0.505787 0.516979 2 0.511164 0.516903 2 0.506063 0.516622 2 0.508054 0.516321 2 0.505316 0.528280 2 0.507073 0.528924 2 0.506523 0.539767 2 0.507708 0.541081 2
0 0.520833 0.515873 0.016369 0.076720 0.524151 0.486532 1 0.523792 0.485278 1 0.524216 0.485224 1 0.521262 0.486276 2 0.524886 0.486263 2 0.518980 0.494233 2 0.526012 0.493745 2 0.516998 0.503854 2 0.528432 0.502244 2 0.517034 0.510004 2 0.528479 0.501453 1 0.520279 0.513700 2 0.525129 0.513465 2 0.520792 0.529183 2 0.526739 0.527499 2 0.521209 0.544194 2 0.527963 0.541118 2
0 0.460565 0.511243 0.014881 0.078042 0.452950 0.497305 1 0.452958 0.495690 1 0.452612 0.495762 1 0.452136 0.496970 1 0.452857 0.496939 2 0.452198 0.505315 2 0.455211 0.505390 2 0.456456 0.512146 1 0.459808 0.512187 2 0.458289 0.512836 1 0.459154 0.513792 2 0.453023 0.527267 2 0.455196 0.527060 2 0.452373 0.548951 2 0.454824 0.548499 2 0.452052 0.563854 1 0.454281 0.564021 2
0 0.439360 0.511243 0.017113 0.088624 0.439527 0.479389 1 0.439105 0.477829 1 0.439506 0.477758 1 0.436349 0.478867 2 0.440241 0.478797 2 0.434745 0.488996 2 0.442111 0.488423 2 0.434145 0.501025 2 0.443698 0.499790 2 0.436177 0.508262 2 0.443135 0.509015 2 0.436456 0.509742 2 0.441460 0.509588 2 0.437274 0.528064 2 0.440613 0.527900 2 0.437664 0.545444 2 0.439399 0.546138 2
0 0.763021 0.785053 0.036458 0.162698 0.768282 0.722236 2 0.768718 0.719254 2 0.766601 0.719681 2 0.768109 0.719219 1 0.761795 0.719975 2 0.770018 0.733748 2 0.753780 0.734039 2 0.772094 0.751994 2 0.750208 0.756853 2 0.770622 0.766916 2 0.755674 0.774092 2 0.768281 0.778881 2 0.756856 0.779338 2 0.770145 0.812124 2 0.755015 0.809585 2 0.770455 0.847910 2 0.756217 0.839459 2
0 0.738095 0.751323 0.029762 0.137566 0.743069 0.697176 2 0.744412 0.695046 2 0.741623 0.694948 2 0.746156 0.696454 2 0.739074 0.695898 2 0.747068 0.711945 2 0.734540 0.708177 2 0.749249 0.728883 2 0.729693 0.723738 2 0.749400 0.743604 2 0.725928 0.739729 2 0.743653 0.747547 2 0.735323 0.745103 2 0.741907 0.777274 2 0.733468 0.770300 2 0.740584 0.803882 2 0.731371 0.790006 2
0 0.713914 0.755291 0.030506 0.103175 0.734665 0.697335 1 0.735043 0.695060 1 0.734649 0.695083 1 0.734894 0.695459 1 0.735119 0.695497 1 0.733559 0.706287 1 0.733627 0.706262 2 0.729328 0.724164 1 0.729343 0.723383 2 0.725415 0.741734 1 0.725529 0.741547 2 0.733459 0.743517 2 0.733465 0.743605 2 0.732737 0.767012 2 0.732193 0.767638 2 0.731530 0.788293 2 0.731222 0.788071 2
0 0.610863 0.583995 0.013393 0.101852 0.607775 0.547124 1 0.608033 0.545236 1 0.608191 0.545269 1 0.609233 0.546748 2 0.611168 0.546636 1 0.611363 0.558449 2 0.611489 0.557262 2 0.612047 0.574144 2 0.611802 0.570996 1 0.610514 0.578324 2 0.610851 0.575153 1 0.610867 0.585907 2 0.610835 0.585248 2 0.612166 0.608244 2 0.611387 0.607831 2 0.612476 0.628205 2 0.612197 0.627006 2
