0 0.556920 0.378968 0.034970 0.125661 0.552418 0.334798 2 0.552992 0.333141 2 0.553121 0.332880 1 0.556666 0.333411 2 0.557027 0.332302 1 0.561336 0.347965 2 0.561086 0.344730 2 0.565990 0.364239 2 0.562160 0.359424 1 0.564227 0.382685 2 0.557663 0.364178 1 0.563459 0.384547 2 0.561595 0.381202 2 0.561524 0.411448 2 0.553264 0.400408 2 0.570513 0.432009 2 0.543946 0.418752 2
0 0.659970 0.181878 0.022321 0.072751 0.662123 0.155250 1 0.662033 0.153856 1 0.662310 0.154002 1 0.660355 0.154555 2 0.663721 0.154704 2 0.658205 0.162568 2 0.665021 0.162668 2 0.656016 0.173100 2 0.666207 0.173024 2 0.655514 0.181356 2 0.666508 0.181098 2 0.658956 0.182109 2 0.663519 0.182201 2 0.658287 0.196710 2 0.662802 0.197002 2 0.657529 0.211132 2 0.661210 0.211336 2
0 0.611235 0.400794 0.026042 0.140212 0.605241 0.345613 2 0.605980 0.343415 2 0.605992 0.343417 1 0.608234 0.346422 2 0.610948 0.345791 1 0.610933 0.364757 2 0.610221 0.358528 2 0.615262 0.385640 2 0.607056 0.358518 2 0.607158 0.389462 2 0.600769 0.350549 2 0.608657 0.400461 2 0.609834 0.397811 2 0.596452 0.422431 2 0.608291 0.425091 2 0.597596 0.449542 2 0.617669 0.445742 2
0 0.448661 0.485450 0.038690 0.156085 0.451710 0.426201 1 0.451729 0.422995 1 0.452445 0.423573 1 0.448683 0.425246 2 0.457260 0.425933 2 0.444073 0.443512 2 0.460186 0.444607 2 0.441403 0.462145 2 0.464093 0.467485 2 0.446974 0.470306 1 0.465799 0.475291 2 0.446087 0.486554 2 0.457172 0.486823 2 0.444796 0.520077 2 0.456398 0.517806 2 0.443576 0.551382 2 0.455212 0.546261 2
0 0.426339 0.410714 0.026786 0.146825 0.434206 0.358679 1 0.433145 0.355946 1 0.434092 0.355978 1 0.426506 0.357607 2 0.434120 0.358296 2 0.421183 0.374697 2 0.434673 0.375599 2 0.419462 0.394634 2 0.439243 0.399176 2 0.423390 0.407989 2 0.443246 0.415436 2 0.423368 0.415908 2 0.433268 0.416507 2 0.425158 0.445858 2 0.439550 0.444457 2 0.423359 0.475576 2 0.440776 0.471544 2
0 0.471726 0.478175 0.035714 0.157407 0.470818 0.413196 1 0.470763 0.410113 1 0.471484 0.410325 1 0.468324 0.412032 2 0.476352 0.412195 2 0.464789 0.430043 2 0.480248 0.430411 2 0.463525 0.452644 2 0.485108 0.452434 2 0.465985 0.470061 1 0.486065 0.464425 2 0.467191 0.471141 2 0.477883 0.471188 2 0.467478 0.504430 2 0.478279 0.504293 2 0.467827 0.537098 2 0.477326 0.536647 2
0 0.299107 0.416667 0.026786 0.129630 0.302304 0.365099 2 0.301569 0.362228 1 0.301502 0.362443 2 0.296916 0.363326 1 0.297521 0.364022 2 0.294110 0.377014 2 0.295207 0.378138 2 0.295048 0.395910 1 0.294923 0.399442 2 0.299021 0.408324 1 0.298522 0.417080 2 0.293248 0.411385 2 0.294848 0.412307 2 0.295435 0.440902 2 0.300653 0.440568 2 0.294060 0.467434 2 0.304662 0.469334 2
0 0.508557 0.365741 0.040923 0.120370 0.523255 0.326528 1 0.522027 0.323773 1 0.523092 0.324635 1 0.515137 0.323317 1 0.520774 0.326665 2 0.508792 0.331473 2 0.518574 0.339788 2 0.498331 0.340578 2 0.522393 0.353121 2 0.499310 0.351329 2 0.527530 0.359691 2 0.500833 0.361417 2 0.505540 0.365648 2 0.503434 0.383175 2 0.501794 0.392490 2 0.496836 0.401274 2 0.490006 0.415514 2
0 0.360119 0.446429 0.038690 0.154762 0.367538 0.390546 1 0.365832 0.387933 1 0.367750 0.387972 1 0.359045 0.389887 2 0.367606 0.390285 2 0.355810 0.409306 2 0.368040 0.407712 2 0.352573 0.431672 2 0.372988 0.413530 2 0.353233 0.446564 2 0.375490 0.402340 2 0.360567 0.452146 2 0.366555 0.453260 2 0.369095 0.479109 2 0.363349 0.484774 2 0.373038 0.507611 2 0.355497 0.514745 2
0 0.134301 0.370370 0.036458 0.126984 0.129897 0.321074 2 0.131145 0.318639 2 0.128608 0.318838 2 0.133262 0.318990 2 0.126582 0.319716 2 0.137668 0.331661 2 0.124426 0.335147 2 0.144062 0.343823 2 0.123479 0.352347 2 0.139906 0.351357 2 0.125351 0.369580 2 0.139665 0.366291 2 0.130664 0.368373 2 0.142481 0.391709 2 0.132126 0.395084 2 0.147490 0.416520 2 0.134189 0.420676 2
0 0.308780 0.328704 0.022321 0.109788 0.296070 0.264618 2 0.297140 0.261598 2 0.295801 0.262097 1 0.300809 0.261850 2 0.298374 0.262745 1 0.304491 0.276433 2 0.302540 0.276194 2 0.305468 0.297000 2 0.302109 0.294841 1 0.302710 0.310977 2 0.299863 0.308611 1 0.306210 0.315305 2 0.304838 0.314483 2 0.307980 0.343588 2 0.305101 0.340528 2 0.314925 0.368940 2 0.311328 0.367554 2
0 0.536830 0.199074 0.021577 0.091270 0.541642 0.220108 2 0.541236 0.218340 1 0.541090 0.218452 2 0.538262 0.217488 1 0.538376 0.218057 2 0.534053 0.225576 2 0.537892 0.226523 2 0.531959 0.237349 2 0.538215 0.239351 2 0.532273 0.247508 2 0.539689 0.250181 2 0.534175 0.250039 2 0.536795 0.250778 2 0.535264 0.261181 1 0.538475 0.261181 1 0.534786 0.260774 1 0.536294 0.260024 1
0 0.970610 0.294312 0.034970 0.115079 0.985533 0.251755 2 0.985797 0.249689 1 0.984895 0.249100 2 0.984418 0.249295 1 0.980823 0.247322 2 0.983686 0.261884 2 0.972050 0.257717 2 0.985360 0.275866 2 0.964706 0.271647 2 0.986681 0.288485 2 0.968739 0.280919 2 0.977919 0.296669 2 0.969917 0.294682 2 0.974780 0.321936 2 0.964965 0.315684 2 0.972154 0.340520 2 0.960824 0.329312 2
0 0.789807 0.275794 0.024554 0.099206 0.792115 0.240869 2 0.792105 0.239058 2 0.791265 0.238734 2 0.790821 0.240223 1 0.787923 0.239258 2 0.789873 0.250630 2 0.783637 0.248690 2 0.789757 0.264663 2 0.780757 0.263237 2 0.792764 0.272285 2 0.787098 0.271700 2 0.787728 0.271836 2 0.783352 0.272195 2 0.797906 0.279813 2 0.792939 0.279052 2 0.792859 0.301046 2 0.789758 0.300901 2
0 0.808408 0.269841 0.024554 0.089947 0.811352 0.239880 2 0.810873 0.238024 1 0.810729 0.238168 2 0.808715 0.238761 1 0.808435 0.239720 2 0.808661 0.244495 2 0.803227 0.249973 2 0.811285 0.259531 2 0.807218 0.263544 2 0.814527 0.267206 2 0.812762 0.272022 2 0.808860 0.265476 2 0.804906 0.271196 2 0.819280 0.264160 2 0.813019 0.283358 2 0.811905 0.277620 2 0.814460 0.300567 2
0 0.847098 0.877646 0.058780 0.223545 0.856309 0.805253 2 0.859350 0.800615 2 0.853493 0.799768 2 0.862935 0.802210 2 0.848011 0.799680 2 0.864652 0.827872 2 0.842728 0.824433 2 0.870424 0.860572 2 0.845071 0.858255 2 0.867004 0.881686 2 0.853089 0.880351 2 0.857003 0.890051 2 0.841729 0.887835 2 0.855157 0.934156 2 0.837136 0.929158 2 0.849781 0.973999 2 0.830919 0.967513 2
0 0.538318 0.325397 0.026042 0.108466 0.536582 0.284073 2 0.536987 0.281679 2 0.535902 0.282326 1 0.539663 0.278882 2 0.537292 0.280670 1 0.543416 0.287142 2 0.539725 0.286748 2 0.544110 0.304160 2 0.539085 0.300592 1 0.537883 0.301219 2 0.536465 0.298594 2 0.541824 0.316710 2 0.539653 0.315771 2 0.541356 0.339162 2 0.541109 0.337586 2 0.542431 0.361124 2 0.543384 0.356424 2
0 0.520089 0.296296 0.025298 0.084656 0.522632 0.325515 1 0.521242 0.323043 1 0.522850 0.323810 2 0.514500 0.323270 2 0.521836 0.326162 2 0.510410 0.332587 2 0.518544 0.336596 2 0.509496 0.349076 1 0.520596 0.352979 1 0.513790 0.351420 1 0.520454 0.351642 1 0.505345 0.349827 1 0.510618 0.352410 1 0.514703 0.337856 1 0.515624 0.341435 1 0.511884 0.347383 1 0.515693 0.348782 1
0 0.481399 0.157407 0.017857 0.063492 0.480803 0.137151 2 0.481307 0.136115 2 0.480246 0.136099 2 0.482038 0.136517 2 0.479307 0.136440 2 0.483045 0.142357 2 0.478009 0.142456 2 0.486411 0.147228 2 0.476313 0.147928 2 0.485626 0.149138 2 0.477673 0.150138 2 0.481903 0.157471 2 0.478299 0.157535 2 0.482723 0.168706 2 0.476642 0.169024 2 0.483752 0.180310 2 0.474772 0.179952 2
0 0.095238 0.315476 0.017857 0.067460 0.100777 0.301330 2 0.101298 0.299012 2 0.099497 0.299581 2 0.101944 0.298950 1 0.097492 0.300698 2 0.104067 0.306327 2 0.095366 0.308422 2 0.106879 0.315872 2 0.091756 0.318979 2 0.104478 0.318312 2 0.088659 0.328970 2 0.103016 0.324861 2 0.097152 0.325758 2 0.104650 0.321600 2 0.091762 0.324382 2 0.104914 0.337681 2 0.097298 0.338068 2
0 0.625744 0.138228 0.014881 0.072751 0.628561 0.113549 2 0.628942 0.112426 2 0.627913 0.112342 2 0.629088 0.113181 1 0.626541 0.112841 2 0.629442 0.120614 2 0.624884 0.119306 2 0.630025 0.129003 2 0.624118 0.124537 2 0.630610 0.133723 2 0.626646 0.121872 2 0.628516 0.137863 2 0.624971 0.137374 2 0.628864 0.151103 2 0.623388 0.150944 2 0.628456 0.164389 2 0.620642 0.163944 2
0 0.187872 0.169312 0.015625 0.034392 0.188017 0.160292 1 0.187768 0.159599 1 0.188125 0.159517 1 0.186332 0.159789 2 0.188553 0.159639 2 0.185733 0.163548 2 0.189217 0.163471 2 0.185069 0.168221 2 0.190071 0.167926 2 0.186179 0.170068 2 0.190124 0.169713 2 0.186826 0.171706 2 0.189227 0.171775 2 0.187552 0.177038 2 0.189748 0.177086 2 0.187641 0.181736 2 0.189965 0.183248 2
0 0.148438 0.121693 0.015625 0.047619 0.154542 0.108373 2 0.154054 0.107300 1 0.154344 0.107314 2 0.151634 0.107662 1 0.152831 0.108057 2 0.149393 0.112678 2 0.151169 0.113898 2 0.151793 0.118553 1 0.153096 0.120049 2 0.155175 0.118026 1 0.156019 0.118110 2 0.148564 0.126145 2 0.149696 0.127518 2 0.153070 0.129898 2 0.154517 0.132913 2 0.150857 0.138734 2 0.151519 0.140878 2
0 0.808408 0.213624 0.017113 0.062169 0.809778 0.240825 2 0.809478 0.239404 1 0.809610 0.239300 2 0.807434 0.239064 1 0.807695 0.239300 2 0.809218 0.246525 2 0.802402 0.247479 2 0.811777 0.255713 1 0.800481 0.256490 1 0.811184 0.254944 1 0.804088 0.256163 1 0.807849 0.256490 1 0.803157 0.256490 1 0.808666 0.250047 1 0.803532 0.251749 1 0.806214 0.254242 1 0.803963 0.256060 1
0 0.436384 0.112434 0.012649 0.055556 0.434551 0.094956 1 0.434607 0.093941 1 0.434799 0.093987 1 0.434333 0.094554 2 0.436672 0.094528 2 0.433461 0.100654 2 0.438228 0.100362 2 0.432407 0.107757 2 0.439532 0.107953 2 0.432318 0.112025 2 0.439574 0.114379 2 0.434659 0.115245 2 0.437851 0.114964 2 0.434631 0.126381 2 0.437626 0.125714 2 0.435384 0.137740 2 0.437718 0.136475 2
0 0.397693 0.095238 0.012649 0.052910 0.398136 0.077856 2 0.398529 0.076912 1 0.397611 0.076952 2 0.399047 0.077362 1 0.396783 0.077469 2 0.399661 0.082583 2 0.395777 0.082557 2 0.400477 0.088040 2 0.394209 0.087876 2 0.400498 0.092812 2 0.394525 0.093076 2 0.399145 0.092388 2 0.396617 0.092533 2 0.399594 0.100694 2 0.397037 0.101109 2 0.400128 0.109955 2 0.397189 0.109988 2
0 0.135417 0.104497 0.014881 0.050265 0.136793 0.088675 1 0.136823 0.087667 1 0.137083 0.087648 1 0.136811 0.087832 2 0.138827 0.087616 2 0.136631 0.093010 2 0.139872 0.092699 2 0.135134 0.100635 2 0.142054 0.100058 2 0.135384 0.108247 2 0.143105 0.106134 2 0.138250 0.105926 2 0.140121 0.105793 2 0.139062 0.115560 2 0.139498 0.115204 2 0.140234 0.125021 2 0.140325 0.124829 2
0 0.799107 0.163360 0.014881 0.048942 0.800428 0.150227 1 0.800019 0.149187 1 0.800420 0.149326 1 0.797455 0.149318 1 0.800240 0.149911 2 0.796053 0.153409 2 0.799871 0.155683 2 0.794941 0.157570 2 0.800833 0.161780 2 0.795711 0.158769 1 0.801882 0.158348 2 0.795221 0.167040 2 0.798019 0.168214 2 0.796211 0.172862 2 0.800648 0.174847 2 0.792060 0.177613 2 0.798528 0.181686 2
0 0.742188 0.151455 0.012649 0.048942 0.742037 0.136052 2 0.741758 0.134837 1 0.741900 0.134749 2 0.739507 0.133782 1 0.740054 0.133897 2 0.736549 0.138148 2 0.737997 0.139007 2 0.736922 0.147293 1 0.738146 0.149126 2 0.739541 0.152152 1 0.740287 0.152788 2 0.735717 0.154116 2 0.736781 0.155018 2 0.737745 0.163425 2 0.738811 0.164758 2 0.737931 0.173438 2 0.738497 0.173701 2
0 0.969494 0.287037 0.028274 0.103175 0.984438 0.251498 2 0.984954 0.249589 2 0.983604 0.248866 2 0.984151 0.249765 1 0.979424 0.247388 2 0.983300 0.262470 2 0.971656 0.257227 2 0.985929 0.276582 2 0.964914 0.270749 2 0.986925 0.286920 2 0.968422 0.280589 2 0.977875 0.296010 2 0.969973 0.293333 2 0.974406 0.320847 2 0.964617 0.313299 2 0.972042 0.341198 2 0.960530 0.328771 2
0 0.979167 0.263228 0.037202 0.129630 0.984763 0.251587 2 0.985312 0.249460 2 0.984045 0.248680 2 0.984163 0.249387 1 0.979888 0.246988 2 0.983127 0.262014 2 0.971419 0.258131 2 0.984815 0.276133 2 0.964472 0.272151 2 0.986821 0.288791 2 0.968523 0.281128 2 0.977264 0.295396 2 0.969319 0.293617 2 0.974379 0.319895 2 0.964762 0.314596 2 0.971218 0.340577 2 0.960780 0.332354 2
0 0.566220 0.094577 0.010417 0.038360 0.560960 0.085344 1 0.561030 0.084698 1 0.560757 0.084748 1 0.560993 0.084934 1 0.560520 0.085046 2 0.561439 0.088268 2 0.560698 0.088255 2 0.561891 0.092573 2 0.560900 0.092426 1 0.561560 0.095957 2 0.560705 0.095577 1 0.560987 0.096285 2 0.560504 0.096109 2 0.560761 0.102548 2 0.560237 0.102206 2 0.560595 0.107340 2 0.560273 0.107393 1
0 0.553199 0.087302 0.008185 0.037037 0.553969 0.075352 1 0.554292 0.074740 1 0.553704 0.074682 1 0.554690 0.075253 1 0.553395 0.075143 1 0.555198 0.079031 2 0.552716 0.079057 2 0.556628 0.082169 2 0.551876 0.083303 2 0.555806 0.080548 2 0.551606 0.087158 2 0.554421 0.087631 2 0.552808 0.087608 2 0.554508 0.093702 2 0.552834 0.093797 2 0.554755 0.099180 2 0.552598 0.099095 2
0 0.467262 0.210979 0.017857 0.078042 0.469130 0.179562 2 0.469449 0.177607 2 0.468179 0.177646 2 0.469174 0.178481 1 0.466272 0.178547 2 0.469630 0.186560 2 0.464789 0.188026 2 0.470184 0.196757 2 0.464286 0.200613 2 0.472632 0.194971 2 0.470057 0.197515 2 0.470267 0.208507 2 0.466962 0.209756 2 0.472558 0.224858 2 0.467472 0.227093 2 0.468700 0.238660 2 0.467654 0.242973 2
0 0.742932 0.133598 0.017113 0.052910 0.748129 0.114467 2 0.748365 0.113409 2 0.747506 0.113461 2 0.748419 0.114003 1 0.746014 0.114016 2 0.749320 0.120621 2 0.744232 0.120604 2 0.750204 0.128254 2 0.742692 0.128866 2 0.750665 0.131350 2 0.745245 0.131541 2 0.748466 0.136179 2 0.745064 0.136283 2 0.748098 0.148452 2 0.745040 0.148274 2 0.747549 0.159539 2 0.744152 0.159486 2
0 0.955729 0.174603 0.020089 0.063492 0.952768 0.156616 2 0.952892 0.155059 2 0.953086 0.155079 1 0.955102 0.154095 2 0.956731 0.154009 1 0.955873 0.161316 2 0.959972 0.159776 2 0.953793 0.175049 2 0.958512 0.170561 1 0.951929 0.184577 2 0.953683 0.179267 1 0.954844 0.181233 2 0.957682 0.179850 2 0.951875 0.192930 2 0.953617 0.192481 2 0.953271 0.206935 2 0.953527 0.205789 2
0 0.905134 0.185847 0.020089 0.043651 0.904918 0.175656 2 0.905706 0.174052 2 0.904330 0.174126 2 0.907088 0.174387 2 0.903697 0.174534 1 0.908571 0.180119 2 0.902455 0.180610 2 0.908012 0.189251 2 0.901070 0.189557 2 0.902553 0.192982 2 0.901632 0.191888 2 0.907418 0.194439 2 0.903142 0.194180 2 0.907030 0.190332 2 0.898879 0.190122 2 0.901276 0.197626 2 0.898283 0.197370 2
0 0.940848 0.193122 0.018601 0.034392 0.939963 0.181447 2 0.941012 0.179868 2 0.939750 0.179888 2 0.943156 0.180766 2 0.940140 0.180572 1 0.945032 0.186794 2 0.939250 0.185557 2 0.945543 0.196199 2 0.935957 0.192295 2 0.940053 0.197984 2 0.934956 0.195014 2 0.943422 0.200214 2 0.939744 0.198795 2 0.940218 0.200496 2 0.933817 0.198915 2 0.937792 0.204006 2 0.938265 0.203115 2
