0 0.022693 0.533730 0.039435 0.144180 0.023872 0.482372 2 0.025417 0.479006 2 0.021912 0.479856 2 0.028191 0.479152 2 0.019727 0.481547 2 0.032892 0.490162 2 0.017525 0.495411 2 0.041738 0.494145 2 0.009174 0.504359 2 0.037747 0.507767 2 0.016625 0.514546 2 0.034453 0.527823 2 0.025797 0.531123 2 0.036811 0.551646 2 0.030429 0.556855 2 0.035832 0.576229 2 0.036866 0.581011 2
0 0.693824 0.225529 0.021577 0.083333 0.696630 0.198792 1 0.696018 0.197271 1 0.696528 0.197571 2 0.693513 0.197098 1 0.695478 0.197810 2 0.692679 0.205574 2 0.693632 0.206793 2 0.693773 0.215038 2 0.693516 0.218145 2 0.698921 0.217141 2 0.699023 0.217992 2 0.692213 0.227968 2 0.692450 0.228635 2 0.693628 0.242713 2 0.692225 0.242915 2 0.692942 0.258708 2 0.686700 0.259288 2
0 0.706101 0.240079 0.016369 0.043651 0.709522 0.230203 1 0.709008 0.228783 1 0.709609 0.229127 1 0.705892 0.228491 2 0.709182 0.229595 2 0.703659 0.234805 2 0.708098 0.236662 2 0.700495 0.242682 2 0.709435 0.245174 2 0.700151 0.250950 1 0.710549 0.250439 2 0.702911 0.251102 2 0.706090 0.252313 2 0.705700 0.241898 2 0.711376 0.242702 2 0.703965 0.252315 1 0.710988 0.252827 1
0 0.920759 0.287698 0.026042 0.107143 0.925478 0.246618 2 0.926705 0.245123 2 0.924686 0.243887 2 0.927116 0.246593 1 0.921874 0.243344 2 0.925728 0.257401 2 0.915940 0.253313 2 0.927409 0.268603 2 0.909605 0.262918 2 0.927490 0.267483 2 0.911238 0.267618 2 0.920595 0.286862 2 0.913739 0.285414 2 0.920859 0.307859 2 0.910191 0.307165 2 0.919164 0.326161 2 0.906800 0.326018 2
0 0.671875 0.146164 0.013393 0.048942 0.675480 0.125093 2 0.675686 0.123935 1 0.674918 0.123983 2 0.675360 0.124041 1 0.673369 0.124284 2 0.675009 0.130131 2 0.671625 0.130180 2 0.674497 0.137272 1 0.669643 0.137305 2 0.673894 0.142128 1 0.670866 0.143285 2 0.672884 0.144558 2 0.670681 0.144535 2 0.671839 0.153802 2 0.670153 0.154123 2 0.671384 0.163822 2 0.670106 0.163967 2
0 0.268229 0.140873 0.017113 0.054233 0.265417 0.103269 1 0.265885 0.103175 1 0.264877 0.103175 1 0.266469 0.103175 1 0.264194 0.103175 1 0.268089 0.107132 2 0.263038 0.107440 2 0.269733 0.113894 2 0.261588 0.114923 2 0.266975 0.116112 2 0.262047 0.122571 2 0.266643 0.123372 2 0.263515 0.123382 2 0.266361 0.136241 2 0.264718 0.136243 2 0.266509 0.148594 2 0.265638 0.148835 2
0 0.280878 0.146825 0.012649 0.039683 0.276082 0.133425 2 0.276163 0.132423 2 0.276026 0.132557 1 0.277323 0.131929 2 0.276997 0.132209 1 0.280153 0.135993 2 0.278291 0.136693 2 0.282140 0.141586 2 0.278926 0.142789 2 0.281961 0.147589 2 0.278738 0.147931 2 0.281213 0.145488 2 0.279767 0.145515 2 0.281766 0.151992 2 0.279355 0.151725 2 0.283116 0.157046 2 0.279267 0.158635 2
0 0.134673 0.109127 0.016369 0.048942 0.131908 0.128703 1 0.131820 0.127546 1 0.132279 0.127598 1 0.131176 0.128430 2 0.134177 0.128307 2 0.130373 0.136106 2 0.136168 0.136208 2 0.129634 0.142173 1 0.138239 0.141536 1 0.129501 0.141546 1 0.137658 0.137806 1 0.131835 0.142361 1 0.135617 0.142361 1 0.131200 0.138202 1 0.135168 0.138645 1 0.131720 0.141346 1 0.134300 0.142361 1
0 0.603795 0.449074 0.040923 0.149471 0.611223 0.389844 2 0.613310 0.387168 2 0.609884 0.386400 2 0.615884 0.386121 2 0.606931 0.384118 2 0.617868 0.397579 2 0.602630 0.396529 2 0.621359 0.417145 2 0.599411 0.416523 2 0.623340 0.436491 2 0.596770 0.437292 2 0.613977 0.432585 2 0.603324 0.431974 2 0.614918 0.464676 2 0.599080 0.464171 2 0.613741 0.493271 2 0.594646 0.495860 2
0 0.898065 0.271825 0.025298 0.056878 0.903759 0.255115 2 0.905038 0.254043 2 0.903240 0.252928 2 0.906667 0.254067 2 0.901685 0.251736 2 0.906457 0.260485 2 0.897213 0.258676 2 0.909522 0.274932 2 0.895863 0.274534 2 0.907734 0.284024 2 0.902302 0.283050 2 0.898525 0.277894 2 0.891814 0.277195 2 0.906700 0.269910 2 0.894906 0.269737 2 0.903762 0.283347 2 0.891260 0.284808 2
0 0.635789 0.187169 0.015625 0.072751 0.639463 0.157970 1 0.639121 0.156710 1 0.639586 0.156969 1 0.636814 0.156937 2 0.640182 0.157811 2 0.634551 0.163504 2 0.640200 0.165065 2 0.632558 0.172539 2 0.641087 0.175145 2 0.633610 0.181601 1 0.640108 0.182127 2 0.632766 0.182501 2 0.636066 0.183128 2 0.634232 0.198629 2 0.634385 0.199685 2 0.634698 0.214045 2 0.630800 0.214810 2
0 0.755952 0.494048 0.031250 0.178571 0.747099 0.424781 2 0.748330 0.421383 2 0.748074 0.421383 1 0.753727 0.423491 2 0.756683 0.422621 1 0.753044 0.443620 2 0.764385 0.441231 2 0.750222 0.474404 2 0.765637 0.464599 1 0.746617 0.498483 2 0.759338 0.483028 1 0.752773 0.491646 2 0.761362 0.490343 2 0.744424 0.522463 2 0.757070 0.525831 2 0.744891 0.557900 2 0.760472 0.560174 2
0 0.529018 0.539683 0.043155 0.150794 0.543353 0.491069 2 0.545119 0.487567 2 0.541779 0.487624 2 0.546799 0.484969 1 0.537148 0.485529 2 0.543172 0.492982 2 0.529945 0.499926 2 0.539525 0.503823 2 0.523132 0.522134 2 0.534919 0.515423 2 0.528890 0.542908 2 0.530198 0.519681 2 0.520213 0.523520 2 0.539443 0.545430 2 0.525337 0.556279 2 0.534981 0.571848 2 0.514022 0.589800 2
0 0.460193 0.473545 0.040923 0.156085 0.471166 0.410147 2 0.471337 0.406359 2 0.469350 0.407351 2 0.467946 0.406825 1 0.463592 0.408889 2 0.464336 0.420778 2 0.461888 0.427254 2 0.465126 0.443233 2 0.456794 0.452609 2 0.470466 0.459256 2 0.456061 0.476467 2 0.459721 0.467439 2 0.460028 0.471373 2 0.454926 0.494319 2 0.464177 0.506555 2 0.446154 0.519710 2 0.464205 0.542952 2
0 0.326265 0.680556 0.049851 0.228836 0.323433 0.583877 1 0.320793 0.581326 1 0.322773 0.580337 1 0.310438 0.587214 2 0.321032 0.585104 2 0.307420 0.615697 2 0.329531 0.607310 2 0.302052 0.646707 2 0.338024 0.631318 2 0.298349 0.668812 2 0.342126 0.656989 2 0.317373 0.671595 2 0.331377 0.666999 2 0.319328 0.713359 2 0.327629 0.699185 2 0.328228 0.753523 2 0.330225 0.743492 2
0 0.415179 0.539021 0.031250 0.175926 0.423232 0.478023 2 0.423169 0.473890 1 0.421623 0.474337 2 0.420644 0.472503 1 0.415700 0.473864 2 0.417568 0.486963 2 0.412343 0.492606 2 0.418944 0.506508 2 0.411924 0.521374 2 0.422331 0.525089 2 0.417224 0.540822 2 0.415824 0.529188 2 0.412460 0.532415 2 0.417503 0.565699 2 0.414586 0.571083 2 0.415441 0.598189 2 0.412613 0.605556 2
0 0.652158 0.526455 0.057292 0.153439 0.644593 0.478018 2 0.647169 0.475818 2 0.643654 0.473937 2 0.651695 0.475135 2 0.641434 0.471343 1 0.657046 0.486708 2 0.638340 0.485656 2 0.663053 0.503789 2 0.629505 0.500143 2 0.665609 0.527198 2 0.626426 0.522364 2 0.652315 0.526694 2 0.638379 0.526449 2 0.659861 0.555078 2 0.632766 0.558809 2 0.666415 0.570382 2 0.628334 0.589271 2
0 0.616071 0.602513 0.078869 0.175926 0.588043 0.540808 1 0.588279 0.537915 1 0.588334 0.536440 1 0.587911 0.540767 2 0.596671 0.536077 2 0.589085 0.560932 2 0.603767 0.552870 2 0.578733 0.590658 2 0.608878 0.571795 2 0.568805 0.596548 2 0.597947 0.587478 2 0.608081 0.600459 2 0.620533 0.597982 2 0.593056 0.622449 2 0.624790 0.625604 2 0.587635 0.657741 2 0.640719 0.662342 2
0 0.837798 0.601852 0.052083 0.203704 0.834797 0.523715 2 0.837139 0.520430 2 0.834944 0.518936 2 0.844332 0.522035 2 0.837840 0.518672 1 0.851691 0.542692 2 0.831151 0.535684 2 0.855994 0.571002 2 0.827868 0.559638 2 0.856550 0.598155 2 0.823947 0.584164 2 0.845549 0.598008 2 0.832543 0.593828 2 0.840963 0.641250 2 0.831013 0.631538 2 0.836460 0.680427 2 0.838817 0.663674 2
0 0.492932 0.472884 0.042411 0.165344 0.502239 0.411127 2 0.503963 0.407310 2 0.500476 0.407717 2 0.506437 0.405232 2 0.496845 0.405995 2 0.509632 0.423555 2 0.492972 0.423250 2 0.513415 0.443828 2 0.485101 0.439348 2 0.515404 0.464176 2 0.477217 0.458593 2 0.508260 0.469560 2 0.496086 0.469345 2 0.514842 0.502166 2 0.493607 0.501271 2 0.518185 0.528696 2 0.486729 0.527811 2
0 0.349330 0.343254 0.029018 0.125661 0.341335 0.289530 2 0.342804 0.287532 2 0.340701 0.287289 2 0.346114 0.287920 2 0.340597 0.287504 1 0.348973 0.300810 2 0.345472 0.301185 2 0.353168 0.316546 2 0.347403 0.315596 1 0.344532 0.318127 2 0.341038 0.318201 1 0.350577 0.335335 2 0.347135 0.334825 2 0.352581 0.359698 2 0.345771 0.359280 2 0.364050 0.378201 2 0.343382 0.382626 2
0 0.572917 0.311508 0.020833 0.117725 0.571376 0.261379 2 0.572711 0.259238 2 0.571853 0.259017 1 0.576350 0.260681 2 0.574649 0.259899 1 0.575872 0.274698 2 0.578025 0.272669 2 0.574306 0.293147 2 0.575862 0.287185 1 0.571714 0.307878 2 0.571246 0.294487 1 0.575678 0.307301 2 0.576161 0.305607 2 0.575418 0.331264 2 0.570765 0.327346 2 0.582366 0.351357 2 0.569128 0.347222 2
0 0.630580 0.306878 0.021577 0.108466 0.629442 0.264020 2 0.630637 0.262840 2 0.629673 0.262263 1 0.633625 0.264423 2 0.630642 0.263400 1 0.635399 0.274525 2 0.628610 0.273130 2 0.633371 0.289500 2 0.624835 0.286032 2 0.627578 0.285305 2 0.624726 0.289509 2 0.630584 0.302882 2 0.625275 0.301978 2 0.627107 0.324060 2 0.623244 0.325392 2 0.634474 0.339800 2 0.626797 0.343559 2
0 0.604911 0.292989 0.020833 0.120370 0.602303 0.239553 2 0.603116 0.237461 2 0.603146 0.237359 1 0.605792 0.238615 2 0.606399 0.238110 1 0.606679 0.253085 2 0.609794 0.251989 2 0.606007 0.272984 2 0.610588 0.268352 1 0.604226 0.289657 2 0.606502 0.275692 1 0.606914 0.283566 2 0.607539 0.282471 2 0.608979 0.310185 2 0.602540 0.308098 2 0.616521 0.332437 2 0.597865 0.332253 2
0 0.802083 0.277778 0.020833 0.087302 0.803168 0.243554 2 0.803796 0.241463 2 0.802253 0.241177 2 0.803573 0.241286 1 0.799418 0.240153 2 0.801144 0.251813 2 0.796601 0.250054 2 0.800949 0.266144 1 0.793711 0.264183 2 0.804530 0.271975 2 0.799779 0.274091 2 0.799035 0.275601 2 0.796021 0.275999 2 0.805612 0.287804 2 0.803102 0.288454 2 0.799800 0.307242 2 0.797564 0.308679 2
0 0.825149 0.274471 0.026786 0.083333 0.821735 0.242974 2 0.822256 0.240830 2 0.820704 0.241054 2 0.822213 0.240269 1 0.817910 0.240576 2 0.821510 0.248573 2 0.815175 0.249587 2 0.824977 0.261658 2 0.819681 0.264365 2 0.829426 0.268986 2 0.825857 0.273261 2 0.821129 0.271645 2 0.816814 0.273503 2 0.828872 0.281443 2 0.826265 0.284613 2 0.827005 0.303939 2 0.827346 0.305547 2
0 0.545387 0.347884 0.023810 0.076720 0.548303 0.325667 2 0.549357 0.323745 1 0.547318 0.323366 2 0.550201 0.320555 1 0.545734 0.319900 2 0.551444 0.318069 2 0.540867 0.318221 2 0.556305 0.331595 2 0.536452 0.333864 2 0.552206 0.335321 2 0.544151 0.336317 2 0.548222 0.338668 2 0.541265 0.339340 2 0.556757 0.338774 2 0.536570 0.340235 2 0.551418 0.364658 2 0.543317 0.363868 2
0 0.513393 0.334656 0.029762 0.058201 0.520729 0.321619 1 0.520871 0.319894 1 0.520733 0.320005 1 0.520019 0.317101 1 0.520088 0.317828 2 0.517382 0.316920 2 0.516686 0.317634 2 0.514119 0.324588 1 0.513011 0.325729 2 0.513396 0.329586 1 0.512485 0.330642 2 0.507355 0.319031 2 0.506816 0.319055 2 0.510634 0.335479 2 0.510575 0.336175 2 0.509335 0.353655 2 0.509643 0.354474 2
0 0.463170 0.171296 0.018601 0.070106 0.462524 0.136797 2 0.463215 0.135554 2 0.462138 0.135628 2 0.464720 0.136004 2 0.461888 0.136113 1 0.466410 0.142451 2 0.461045 0.142167 2 0.466473 0.151386 2 0.461001 0.148912 2 0.462805 0.153340 2 0.463654 0.147918 2 0.465822 0.158750 2 0.461833 0.158714 2 0.465801 0.174510 2 0.461532 0.174711 2 0.467004 0.188847 2 0.461142 0.189031 2
0 0.133185 0.351852 0.017857 0.068783 0.131595 0.332287 2 0.132673 0.330361 2 0.130469 0.330618 2 0.134786 0.330761 2 0.129272 0.331410 2 0.136819 0.339692 2 0.129606 0.340531 2 0.138883 0.349318 2 0.130319 0.350638 2 0.138506 0.354818 2 0.131251 0.358761 2 0.137375 0.357102 2 0.132396 0.357554 2 0.139173 0.366171 2 0.133467 0.366792 2 0.140298 0.377637 2 0.133633 0.378837 2
0 0.045387 0.357143 0.037202 0.063492 0.049772 0.334593 2 0.050692 0.332359 2 0.048180 0.333054 2 0.052352 0.332311 2 0.045751 0.334446 2 0.054506 0.340114 2 0.042600 0.344490 2 0.060525 0.348841 2 0.037249 0.359898 2 0.061293 0.348938 2 0.036786 0.373995 2 0.054365 0.357648 2 0.046408 0.360214 2 0.058206 0.353830 2 0.043289 0.359610 2 0.062430 0.370618 2 0.045971 0.372925 2
0 0.603423 0.150132 0.016369 0.072751 0.603201 0.120097 2 0.603680 0.118665 2 0.602461 0.118700 2 0.603947 0.119008 1 0.600981 0.118974 2 0.604534 0.125631 2 0.599642 0.125786 2 0.605361 0.133365 2 0.598471 0.133239 2 0.605059 0.130323 2 0.599804 0.130596 2 0.604843 0.144963 2 0.601393 0.145353 2 0.605799 0.158973 2 0.600800 0.159903 2 0.605715 0.172395 2 0.601164 0.173761 2
0 0.132440 0.153439 0.014881 0.058201 0.132387 0.129089 1 0.132320 0.128007 1 0.132615 0.127922 1 0.131251 0.129055 2 0.134205 0.128771 2 0.130415 0.136656 2 0.135858 0.136182 2 0.129652 0.143584 2 0.138155 0.143097 2 0.130469 0.149758 2 0.138891 0.148949 2 0.132905 0.151113 2 0.136672 0.151013 2 0.134285 0.161450 2 0.138305 0.160492 2 0.135648 0.169948 2 0.140090 0.169092 2
0 0.796503 0.181878 0.014137 0.054233 0.797252 0.163720 1 0.797392 0.162651 1 0.797754 0.162837 1 0.797598 0.163663 2 0.799876 0.163840 1 0.797389 0.170508 2 0.800790 0.170858 2 0.796181 0.178313 2 0.801162 0.178833 2 0.794109 0.181953 2 0.799081 0.181723 1 0.796943 0.185754 2 0.798992 0.185640 2 0.796501 0.197277 2 0.797212 0.197448 2 0.798480 0.208447 2 0.797521 0.208985 2
0 0.388765 0.118386 0.014137 0.051587 0.387618 0.094250 1 0.387892 0.093228 1 0.388199 0.093351 1 0.388157 0.094294 2 0.390775 0.094268 2 0.387115 0.100723 2 0.392372 0.100955 2 0.386276 0.109104 2 0.392897 0.107839 2 0.385570 0.115785 2 0.391658 0.112421 1 0.387843 0.116762 2 0.391342 0.116916 2 0.386911 0.126190 2 0.389887 0.128017 2 0.389043 0.134349 2 0.390680 0.137028 2
0 0.352679 0.093254 0.010417 0.051587 0.352978 0.076872 2 0.353418 0.075799 2 0.352451 0.075952 2 0.354190 0.076356 2 0.351833 0.076690 2 0.355524 0.082253 2 0.351253 0.082713 2 0.356771 0.088475 2 0.350594 0.089357 2 0.357129 0.094245 2 0.350919 0.095261 2 0.355496 0.094591 2 0.352611 0.094830 2 0.356167 0.102641 2 0.352734 0.102823 2 0.356391 0.111211 2 0.352907 0.111519 2
0 0.183780 0.134921 0.016369 0.050265 0.184762 0.111090 2 0.184878 0.110238 1 0.184459 0.109901 2 0.184132 0.110603 1 0.183094 0.109903 2 0.183393 0.115956 2 0.180972 0.115168 2 0.183120 0.120224 2 0.180668 0.119116 2 0.182386 0.116358 2 0.182384 0.115738 2 0.183906 0.129292 2 0.182059 0.129536 2 0.185156 0.138813 2 0.182925 0.139386 2 0.186590 0.149212 2 0.183969 0.148820 2
0 0.574405 0.255952 0.017857 0.091270 0.571448 0.261245 2 0.572871 0.259070 2 0.571626 0.258997 2 0.576834 0.260894 2 0.574564 0.260236 1 0.575862 0.274467 2 0.579176 0.272565 2 0.573969 0.293123 2 0.578083 0.288496 1 0.571734 0.308157 2 0.573567 0.302100 1 0.575203 0.307241 2 0.577775 0.305771 2 0.573433 0.318783 1 0.577604 0.318478 1 0.574640 0.318783 1 0.577356 0.317327 1
0 0.965774 0.320767 0.032738 0.130952 0.971398 0.272083 2 0.973482 0.269428 2 0.970239 0.268713 2 0.976618 0.271009 2 0.968670 0.269065 2 0.976934 0.287221 2 0.966001 0.281676 2 0.976849 0.305515 2 0.959711 0.290535 2 0.975113 0.320053 2 0.961195 0.287548 2 0.969739 0.318581 2 0.962484 0.315531 2 0.967400 0.344358 2 0.959670 0.338545 2 0.965495 0.367858 2 0.958290 0.360554 2
0 0.742932 0.365079 0.030506 0.134921 0.753932 0.319896 2 0.752998 0.317265 1 0.752983 0.317613 2 0.749379 0.317497 1 0.749160 0.318779 2 0.746323 0.330560 2 0.746298 0.332852 2 0.746983 0.351890 2 0.748031 0.356166 2 0.754429 0.364471 2 0.755200 0.371077 2 0.744736 0.366444 2 0.743538 0.368227 2 0.749451 0.390563 2 0.739602 0.394834 2 0.748938 0.416188 2 0.733404 0.419287 2
0 0.738839 0.236772 0.028274 0.066138 0.738697 0.197119 2 0.738842 0.195474 2 0.737864 0.195598 2 0.737792 0.195118 1 0.735508 0.195582 2 0.734297 0.203330 2 0.733571 0.203641 2 0.733899 0.211917 2 0.734064 0.212917 2 0.739484 0.212677 2 0.739673 0.212565 2 0.731078 0.225641 2 0.729357 0.226259 2 0.735472 0.238891 2 0.726756 0.240667 2 0.735351 0.255023 2 0.720329 0.254090 2
0 0.548735 0.097884 0.014137 0.037037 0.544517 0.092667 2 0.544947 0.091370 2 0.544307 0.091763 1 0.546587 0.091069 2 0.545022 0.091869 1 0.549649 0.096108 2 0.545192 0.096378 2 0.550488 0.105965 2 0.544147 0.104451 2 0.548590 0.110747 2 0.544362 0.109565 2 0.549551 0.109919 2 0.546642 0.109573 2 0.547371 0.108155 2 0.543758 0.107881 1 0.547448 0.110768 1 0.547074 0.111286 1
0 0.526414 0.084656 0.014137 0.034392 0.523990 0.060847 1 0.523943 0.060847 1 0.523605 0.060847 1 0.524207 0.060847 1 0.523973 0.060847 1 0.525633 0.060847 1 0.525434 0.060847 1 0.527688 0.068485 2 0.526932 0.068982 2 0.525755 0.079004 2 0.525944 0.078771 2 0.522375 0.078286 2 0.522340 0.078137 2 0.527205 0.080601 2 0.526979 0.079889 2 0.527314 0.096303 2 0.527056 0.096904 2
0 0.973958 0.290344 0.023810 0.115079 0.970757 0.271302 2 0.972804 0.268654 2 0.969629 0.267885 2 0.976007 0.270406 2 0.968333 0.268337 2 0.976883 0.287597 2 0.965098 0.282123 2 0.976777 0.306662 2 0.960236 0.293694 2 0.975326 0.321477 2 0.961419 0.295674 2 0.970085 0.319054 2 0.962558 0.316147 2 0.967301 0.343757 2 0.962384 0.339312 2 0.964676 0.363518 2 0.962318 0.357718 2
