0 0.091890 0.501323 0.034970 0.126984 0.090952 0.459624 2 0.092555 0.456950 2 0.089314 0.456848 2 0.094831 0.458211 2 0.086926 0.458309 2 0.098596 0.469459 2 0.085566 0.472628 2 0.107934 0.478131 2 0.079524 0.479834 2 0.103685 0.489786 2 0.084861 0.487404 2 0.099538 0.503071 2 0.091528 0.505612 2 0.102613 0.520343 2 0.092037 0.529663 2 0.104614 0.537947 2 0.096450 0.553755 2
0 0.053571 0.572751 0.035714 0.121693 0.043579 0.530874 2 0.045766 0.528228 2 0.043498 0.528352 2 0.051400 0.529934 2 0.044540 0.530096 1 0.054367 0.542732 2 0.043223 0.544363 2 0.051872 0.554655 2 0.044017 0.562500 2 0.044373 0.551084 2 0.046262 0.573976 2 0.059056 0.576345 2 0.050392 0.577467 2 0.062689 0.595967 2 0.050518 0.596613 2 0.067993 0.616582 2 0.054777 0.616993 2
0 0.015997 0.487434 0.031994 0.170635 0.010727 0.434290 2 0.012512 0.430482 2 0.008313 0.430853 2 0.015084 0.431499 2 0.004287 0.432253 2 0.021907 0.451143 2 0.000889 0.452905 2 0.031028 0.473785 2 0.000000 0.478861 1 0.037602 0.490001 2 0.001409 0.500033 1 0.021383 0.503042 2 0.007183 0.504710 2 0.026087 0.536457 2 0.008207 0.538082 2 0.031150 0.570483 2 0.011316 0.573655 2
0 0.750744 0.187831 0.014881 0.074074 0.747881 0.206444 2 0.748387 0.204696 2 0.747019 0.204798 2 0.748480 0.203888 1 0.744699 0.204007 2 0.748379 0.210364 2 0.742682 0.212113 2 0.751226 0.220600 2 0.746902 0.224728 2 0.753255 0.227587 2 0.752127 0.231659 2 0.749685 0.229521 2 0.745715 0.231507 2 0.754942 0.234540 2 0.752106 0.238040 2 0.752821 0.235053 1 0.752467 0.237890 1
0 0.893601 0.242725 0.025298 0.093915 0.900535 0.215635 1 0.899884 0.213467 1 0.900332 0.213826 1 0.895572 0.211593 1 0.898994 0.212946 2 0.890607 0.218187 2 0.898446 0.220009 2 0.887384 0.228501 2 0.898247 0.231764 2 0.889323 0.236317 1 0.897029 0.237520 2 0.888494 0.242393 2 0.894021 0.243186 2 0.889740 0.261407 2 0.895685 0.261465 2 0.886059 0.280728 2 0.891755 0.278681 2
0 0.858631 0.726190 0.074405 0.248677 0.857199 0.621664 1 0.857938 0.617837 1 0.859664 0.618814 1 0.858162 0.623152 2 0.871036 0.624152 2 0.852498 0.649498 2 0.876816 0.654102 2 0.841617 0.684376 2 0.878392 0.686133 2 0.831050 0.701789 2 0.870978 0.691395 2 0.852515 0.716549 2 0.869286 0.718674 2 0.839481 0.745664 2 0.861586 0.757303 2 0.838845 0.792545 2 0.863286 0.806719 2
0 0.960193 0.240079 0.023065 0.088624 0.959968 0.206035 2 0.961013 0.204592 2 0.960199 0.204643 1 0.963911 0.206184 2 0.961460 0.206276 1 0.966379 0.215254 2 0.960411 0.215552 2 0.968703 0.225791 2 0.959482 0.225972 2 0.967319 0.234910 2 0.957539 0.235707 2 0.964087 0.238941 2 0.959866 0.238619 2 0.963834 0.257468 2 0.958966 0.256921 2 0.965952 0.275410 2 0.960496 0.275008 2
0 0.317336 0.138228 0.017113 0.056878 0.310021 0.117117 2 0.310473 0.115931 2 0.309576 0.116177 2 0.311472 0.115771 2 0.309325 0.116356 2 0.313423 0.120620 2 0.308889 0.121682 2 0.314732 0.127011 2 0.308537 0.128971 2 0.312494 0.132611 2 0.308853 0.134264 2 0.314303 0.135010 2 0.311256 0.135546 2 0.314977 0.145978 2 0.311860 0.146462 2 0.315004 0.155542 2 0.312756 0.155700 2
0 0.292411 0.123016 0.013393 0.058201 0.293838 0.101369 2 0.294360 0.100193 2 0.293348 0.100229 2 0.295296 0.100667 2 0.292836 0.100749 2 0.296972 0.107571 2 0.291871 0.107601 2 0.298312 0.115977 2 0.291033 0.115739 2 0.298200 0.123924 2 0.291473 0.123095 2 0.296325 0.122596 2 0.292998 0.122602 2 0.296224 0.133489 2 0.293324 0.133457 2 0.296506 0.143578 2 0.293972 0.143730 2
0 0.296875 0.145503 0.011905 0.039683 0.294911 0.146197 1 0.295038 0.145393 1 0.295239 0.145536 1 0.294875 0.145597 2 0.296886 0.145786 2 0.293485 0.149482 2 0.297597 0.149752 2 0.291962 0.154566 2 0.298456 0.154585 2 0.292054 0.159135 1 0.298203 0.156841 1 0.293706 0.160646 2 0.296532 0.160724 2 0.293075 0.168440 2 0.296375 0.168812 2 0.292799 0.173138 1 0.296106 0.172493 1
0 0.982887 0.305556 0.031250 0.124339 0.997171 0.279237 2 0.997360 0.277542 1 0.996465 0.277427 2 0.996533 0.277405 1 0.993239 0.277031 2 0.994194 0.288197 2 0.986465 0.287310 2 0.992978 0.303014 2 0.985834 0.304053 2 0.991932 0.316891 2 0.990235 0.317678 2 0.987728 0.315306 2 0.981341 0.315096 2 0.990855 0.336189 2 0.981421 0.335836 2 0.988127 0.355482 2 0.971878 0.350250 2
0 0.507440 0.336640 0.023810 0.120370 0.500343 0.285054 2 0.501351 0.283241 2 0.500655 0.283189 1 0.504461 0.285162 2 0.503230 0.284849 1 0.506782 0.297691 2 0.503810 0.296579 2 0.509525 0.315084 2 0.501457 0.307865 2 0.502476 0.324083 2 0.496544 0.307230 2 0.506089 0.332333 2 0.504245 0.331664 2 0.505534 0.357102 2 0.504349 0.357286 2 0.506298 0.381653 2 0.503155 0.380729 2
0 0.816220 0.226852 0.016369 0.056878 0.818529 0.218207 2 0.819218 0.217040 2 0.818326 0.216298 2 0.819365 0.214345 1 0.816620 0.213001 2 0.818875 0.213986 2 0.812069 0.215353 2 0.820762 0.225024 2 0.811188 0.230318 2 0.820707 0.232158 2 0.814443 0.237559 2 0.812800 0.220555 2 0.807841 0.221588 2 0.818954 0.225358 2 0.809508 0.227973 2 0.818213 0.242165 2 0.808257 0.247458 2
0 0.612723 0.156746 0.014137 0.059524 0.612060 0.137269 1 0.611991 0.136139 1 0.612468 0.136137 1 0.612604 0.135185 2 0.615332 0.135265 1 0.612853 0.138980 2 0.617350 0.139781 2 0.611611 0.146105 2 0.618307 0.149557 2 0.610378 0.153357 2 0.617151 0.156842 1 0.613862 0.155481 2 0.616643 0.155438 2 0.613298 0.167884 2 0.614461 0.168005 2 0.615370 0.181097 2 0.614812 0.180676 2
0 0.550223 0.419312 0.029018 0.156085 0.548479 0.363088 1 0.549089 0.360173 1 0.549411 0.360764 1 0.548771 0.363256 2 0.555702 0.363866 2 0.545871 0.381951 2 0.558079 0.383662 2 0.543359 0.404775 2 0.560155 0.407336 2 0.541429 0.421041 2 0.556711 0.421127 2 0.545349 0.424256 2 0.554684 0.424999 2 0.540059 0.450835 2 0.554759 0.454451 2 0.536580 0.480810 2 0.555842 0.482346 2
0 0.459821 0.388889 0.031250 0.132275 0.464003 0.345713 1 0.463730 0.343004 1 0.464397 0.343667 1 0.459768 0.343861 2 0.466727 0.345918 2 0.453869 0.357652 2 0.467095 0.361996 2 0.448402 0.371856 2 0.469422 0.382971 2 0.448026 0.386066 2 0.472368 0.398314 2 0.453193 0.395810 2 0.462094 0.397516 2 0.451960 0.420800 2 0.461509 0.423000 2 0.451174 0.448125 2 0.459973 0.446682 2
0 0.396577 0.338624 0.031250 0.113757 0.392652 0.294715 1 0.392307 0.292653 1 0.392698 0.292589 1 0.388854 0.295002 2 0.395186 0.294362 2 0.386673 0.309096 2 0.398743 0.307483 2 0.389293 0.323047 1 0.405820 0.317723 2 0.396499 0.318650 1 0.406731 0.312900 2 0.392697 0.341455 2 0.401477 0.341549 2 0.393181 0.365737 2 0.405660 0.365757 2 0.391435 0.391432 2 0.406656 0.390562 2
0 0.258929 0.402778 0.031250 0.136243 0.266007 0.339580 2 0.264957 0.337412 1 0.265252 0.337327 2 0.259705 0.340159 1 0.263120 0.340194 2 0.256799 0.356479 2 0.266234 0.356060 2 0.257390 0.377543 2 0.268929 0.375574 2 0.260987 0.388310 2 0.273236 0.390780 2 0.261212 0.392661 2 0.268306 0.392924 2 0.262610 0.418249 2 0.272617 0.418184 2 0.263783 0.443385 2 0.274536 0.447765 2
0 0.344494 0.347884 0.020833 0.116402 0.349375 0.308361 2 0.348360 0.306504 1 0.348867 0.306604 2 0.344532 0.307475 1 0.346909 0.308558 2 0.341377 0.319609 2 0.346522 0.321466 2 0.339453 0.335829 2 0.348748 0.338206 2 0.345300 0.345004 1 0.353660 0.348406 2 0.341977 0.347046 2 0.344294 0.348506 2 0.348039 0.370629 2 0.345180 0.374220 2 0.352545 0.394311 2 0.341819 0.398605 2
0 0.436756 0.288360 0.023810 0.082011 0.440851 0.264823 2 0.442146 0.262905 2 0.440682 0.262520 2 0.445319 0.264185 2 0.441597 0.263223 1 0.447796 0.276863 2 0.442213 0.275844 2 0.449786 0.296282 2 0.442229 0.293012 2 0.445365 0.310796 2 0.439010 0.303104 2 0.447071 0.308836 2 0.443132 0.307810 2 0.446653 0.332462 2 0.441840 0.330502 2 0.449001 0.345155 1 0.442521 0.344633 1
0 0.427455 0.427910 0.026042 0.144180 0.423767 0.375840 1 0.423944 0.373327 1 0.424300 0.373455 1 0.422241 0.376122 2 0.428948 0.375531 2 0.421449 0.394005 2 0.433432 0.391817 2 0.420852 0.417231 2 0.435584 0.409780 2 0.419737 0.433999 2 0.430218 0.417964 2 0.423325 0.433526 2 0.432139 0.432198 2 0.420304 0.462060 2 0.431459 0.461434 2 0.420383 0.488357 2 0.432182 0.490328 2
0 0.401786 0.341270 0.029762 0.126984 0.392695 0.294409 1 0.392334 0.292325 1 0.392554 0.292117 1 0.388791 0.295015 1 0.394304 0.293918 2 0.387319 0.309146 2 0.397855 0.306942 2 0.390219 0.323660 2 0.405597 0.318682 2 0.395665 0.322507 1 0.407088 0.318402 2 0.392910 0.341253 2 0.400820 0.340939 2 0.393745 0.366751 2 0.407042 0.365120 2 0.391449 0.391699 2 0.409214 0.390584 2
0 0.231771 0.300265 0.024554 0.108466 0.231526 0.265228 2 0.232328 0.262804 2 0.230470 0.263509 2 0.234150 0.260876 2 0.229216 0.262475 2 0.237935 0.270118 2 0.228633 0.270045 2 0.241937 0.283266 2 0.225489 0.278743 2 0.236416 0.283435 2 0.226054 0.282924 2 0.237974 0.300879 2 0.231562 0.300739 2 0.239342 0.323034 2 0.230348 0.323676 2 0.241228 0.345895 2 0.229907 0.345371 2
0 0.518973 0.181878 0.020089 0.078042 0.522608 0.151844 1 0.522650 0.150305 1 0.522704 0.150481 1 0.521061 0.151248 2 0.524482 0.151542 2 0.519005 0.160137 2 0.525872 0.160950 2 0.516663 0.170905 2 0.527109 0.172294 2 0.516607 0.179405 2 0.526463 0.180928 2 0.518681 0.181104 2 0.523871 0.181382 2 0.517078 0.195752 2 0.525342 0.196989 2 0.514497 0.210904 2 0.525178 0.212996 2
0 0.880952 0.218254 0.023810 0.095238 0.881940 0.190386 2 0.882949 0.188326 2 0.881017 0.188338 2 0.884461 0.187921 2 0.879881 0.188180 2 0.887987 0.197841 2 0.877904 0.198021 2 0.893708 0.210050 2 0.874203 0.209597 2 0.892654 0.219042 2 0.869061 0.217769 2 0.885922 0.225483 2 0.879945 0.224975 2 0.884818 0.242139 2 0.879499 0.240895 2 0.886300 0.253813 2 0.884120 0.251987 2
0 0.453869 0.236111 0.020833 0.096561 0.441121 0.264519 2 0.442515 0.262682 2 0.440872 0.262291 2 0.445653 0.264828 2 0.441704 0.263706 1 0.448016 0.278255 2 0.441336 0.276647 2 0.450607 0.298495 2 0.441244 0.294167 1 0.446391 0.302827 2 0.440434 0.296128 1 0.446481 0.302625 1 0.441791 0.301793 1 0.448155 0.298717 1 0.442720 0.297954 1 0.447666 0.302680 1 0.441950 0.302827 1
0 0.732515 0.232804 0.021577 0.079365 0.733027 0.205245 2 0.733144 0.203620 2 0.732333 0.203447 2 0.732324 0.203964 1 0.729735 0.203365 2 0.731768 0.212706 2 0.726388 0.211792 2 0.732658 0.224389 2 0.723903 0.224588 2 0.734796 0.230776 2 0.729488 0.230743 2 0.730391 0.232287 2 0.726790 0.232961 2 0.738419 0.238702 2 0.735264 0.238373 2 0.735136 0.258808 2 0.732642 0.258656 2
0 0.750372 0.235450 0.024554 0.082011 0.747893 0.205880 2 0.748446 0.204183 2 0.747153 0.204113 2 0.748499 0.203720 1 0.745009 0.203367 2 0.747967 0.210792 2 0.742668 0.211714 2 0.751113 0.220831 2 0.747067 0.224002 2 0.753730 0.227948 2 0.751893 0.231567 2 0.748762 0.230843 2 0.745186 0.232421 2 0.754775 0.237812 2 0.752826 0.240489 2 0.753424 0.256905 2 0.753837 0.258678 2
0 0.294643 0.153439 0.011905 0.029101 0.295073 0.145904 1 0.295267 0.145159 1 0.295218 0.145222 1 0.295148 0.145503 2 0.296213 0.145535 2 0.293661 0.149529 2 0.296989 0.149769 2 0.291749 0.154453 2 0.298472 0.155331 2 0.292404 0.157968 2 0.298649 0.159075 2 0.293956 0.160923 2 0.296074 0.161019 2 0.294195 0.168682 2 0.296079 0.168672 2 0.294189 0.172228 1 0.296099 0.171634 1
0 0.834821 0.661376 0.044643 0.198413 0.855541 0.622869 1 0.856417 0.618732 1 0.857672 0.619400 1 0.856977 0.623837 2 0.866071 0.624489 1 0.851715 0.651879 2 0.866071 0.654906 1 0.843310 0.687086 2 0.862666 0.687510 1 0.830335 0.704946 2 0.854320 0.705106 1 0.852334 0.716977 2 0.866071 0.719095 2 0.838801 0.747917 2 0.863020 0.761669 2 0.839892 0.789932 2 0.865273 0.800265 2
0 0.514509 0.285714 0.023065 0.066138 0.500769 0.284307 2 0.502122 0.283107 2 0.501134 0.282755 1 0.505718 0.286028 2 0.503174 0.284829 1 0.507297 0.297424 2 0.504038 0.295682 2 0.509519 0.315947 2 0.503907 0.312078 2 0.502242 0.326240 2 0.500773 0.323315 2 0.505829 0.327483 2 0.503625 0.326067 2 0.505555 0.331845 1 0.503663 0.330952 1 0.507288 0.331845 1 0.503642 0.330549 1
0 0.504836 0.257275 0.024554 0.067460 0.515381 0.264028 2 0.516369 0.262772 2 0.514735 0.262417 2 0.517692 0.260154 1 0.513479 0.259237 2 0.518528 0.261156 2 0.509267 0.260736 2 0.521515 0.269309 2 0.506013 0.269824 2 0.520471 0.271718 2 0.510535 0.272660 2 0.516107 0.275950 2 0.510492 0.276756 2 0.521188 0.276284 2 0.517466 0.277790 2 0.518547 0.296293 2 0.517942 0.297174 2
0 0.466890 0.144180 0.017113 0.066138 0.467393 0.120707 2 0.467472 0.119621 2 0.466753 0.119830 2 0.467417 0.120341 1 0.465174 0.120920 2 0.467963 0.126485 2 0.463868 0.128295 2 0.468554 0.134487 2 0.464138 0.136059 2 0.468918 0.140578 2 0.466666 0.135892 2 0.467937 0.141160 2 0.464538 0.142481 2 0.469943 0.151895 2 0.463704 0.155271 2 0.471253 0.162352 2 0.461393 0.166716 2
0 0.176339 0.282407 0.014881 0.051587 0.178705 0.268422 2 0.178921 0.267009 2 0.179213 0.266892 1 0.180330 0.267738 2 0.181844 0.267213 1 0.182478 0.276512 2 0.181715 0.275575 2 0.181986 0.284984 2 0.180518 0.283296 1 0.178746 0.286722 2 0.178053 0.284988 1 0.182602 0.291405 2 0.182054 0.290664 2 0.182977 0.300227 2 0.181970 0.299372 2 0.182613 0.308945 2 0.182297 0.308824 2
0 0.108631 0.283730 0.028274 0.054233 0.112228 0.273976 2 0.112901 0.271997 2 0.110902 0.272638 2 0.114079 0.270794 1 0.108543 0.272561 2 0.115862 0.276994 2 0.105875 0.279869 2 0.121336 0.286583 2 0.102731 0.292050 2 0.122546 0.298100 2 0.103087 0.303421 2 0.114169 0.291854 2 0.107359 0.293356 2 0.116969 0.286241 2 0.104092 0.289179 2 0.118875 0.300513 2 0.103495 0.300298 2
0 0.581473 0.126323 0.012649 0.070106 0.582576 0.103147 2 0.582938 0.101912 2 0.581944 0.101941 2 0.583057 0.102422 1 0.580806 0.102486 2 0.584159 0.108813 2 0.579156 0.108970 2 0.585239 0.116866 2 0.577437 0.116467 2 0.584477 0.123862 2 0.578182 0.123715 2 0.582871 0.125376 2 0.579609 0.125611 2 0.583400 0.137503 2 0.579598 0.138815 2 0.582030 0.149711 2 0.579571 0.151749 2
0 0.163318 0.119709 0.014137 0.041005 0.164655 0.106811 1 0.164365 0.105980 1 0.164775 0.105883 1 0.162664 0.106503 2 0.165334 0.106367 1 0.161839 0.111394 2 0.166053 0.110681 2 0.161113 0.115630 2 0.168642 0.112467 2 0.162187 0.116700 1 0.169050 0.111469 1 0.163289 0.122779 2 0.166050 0.122767 2 0.165202 0.133324 2 0.167558 0.133047 2 0.166182 0.142811 2 0.169176 0.142598 2
0 0.385789 0.097222 0.014137 0.051587 0.383899 0.081448 1 0.383847 0.080688 1 0.384051 0.080722 1 0.382867 0.081162 2 0.385099 0.081058 2 0.381960 0.085917 2 0.386482 0.085672 2 0.381252 0.091695 2 0.387862 0.091281 2 0.381944 0.097111 1 0.387248 0.096286 2 0.382809 0.097790 2 0.386028 0.097719 2 0.382806 0.104020 2 0.386923 0.103444 2 0.382933 0.111570 1 0.386910 0.111366 1
0 0.357887 0.082011 0.010417 0.050265 0.361869 0.067996 2 0.362136 0.067041 2 0.361404 0.067209 2 0.362463 0.066982 1 0.360643 0.067352 2 0.363268 0.071532 2 0.359994 0.071984 2 0.363885 0.076847 2 0.359010 0.077356 2 0.363672 0.081461 2 0.359691 0.082645 2 0.362919 0.081658 2 0.360812 0.081907 2 0.362729 0.088544 2 0.360985 0.088923 2 0.362348 0.094418 2 0.360602 0.095051 2
0 0.210565 0.115079 0.011905 0.044974 0.210259 0.103115 1 0.210300 0.102267 1 0.210352 0.102208 1 0.210308 0.102473 2 0.211516 0.102228 2 0.210954 0.106846 2 0.212166 0.106492 2 0.211317 0.111753 2 0.213156 0.111471 2 0.211156 0.112133 1 0.212518 0.112603 1 0.211626 0.117754 2 0.212526 0.117550 2 0.212207 0.126430 2 0.213369 0.126072 2 0.212486 0.134518 2 0.214545 0.134600 2
0 0.638021 0.201058 0.015625 0.087302 0.640242 0.174032 1 0.639457 0.172798 1 0.640148 0.172746 1 0.635982 0.173915 1 0.639898 0.174285 2 0.635202 0.180549 2 0.640326 0.182708 2 0.636467 0.188533 2 0.642924 0.192720 2 0.641003 0.192611 1 0.644513 0.197339 2 0.635366 0.202219 2 0.638952 0.203296 2 0.636059 0.216468 2 0.638793 0.219269 2 0.633413 0.227936 2 0.636998 0.234491 2
0 0.930804 0.292989 0.032738 0.130952 0.940034 0.249392 2 0.940239 0.247191 2 0.938876 0.247333 2 0.939228 0.248513 1 0.935468 0.248767 2 0.939054 0.260035 2 0.931582 0.260979 2 0.940022 0.273540 2 0.926133 0.276259 2 0.944170 0.283156 2 0.930826 0.283114 2 0.933872 0.289519 2 0.929229 0.289917 2 0.930388 0.310929 2 0.926914 0.311773 2 0.927628 0.331766 2 0.925708 0.334237 2
0 0.914807 0.330688 0.036458 0.129630 0.939732 0.249667 2 0.939732 0.247219 1 0.938833 0.247217 2 0.938560 0.248547 1 0.935525 0.248735 2 0.938063 0.262152 2 0.930696 0.261792 2 0.937241 0.277089 1 0.924784 0.276352 2 0.937926 0.281336 1 0.926862 0.282813 2 0.932817 0.288410 2 0.928111 0.288295 2 0.930642 0.311005 2 0.927051 0.311952 2 0.927841 0.332137 2 0.925348 0.333237 2
0 0.807664 0.185847 0.021577 0.067460 0.810196 0.167262 1 0.809717 0.165624 1 0.810196 0.165969 1 0.806812 0.163846 1 0.809520 0.165328 2 0.802877 0.168021 2 0.806845 0.171360 2 0.798885 0.174517 2 0.807486 0.183320 2 0.800115 0.180690 1 0.809520 0.190947 2 0.798417 0.185762 2 0.800597 0.187322 2 0.801744 0.198667 2 0.801707 0.201404 2 0.798538 0.213193 2 0.797240 0.213895 2
0 0.909970 0.246693 0.029762 0.112434 0.915563 0.209485 2 0.916611 0.208092 2 0.914767 0.207437 2 0.917253 0.209466 2 0.912698 0.207674 2 0.917570 0.218232 2 0.908847 0.215326 2 0.922011 0.225051 2 0.903085 0.220280 2 0.917301 0.230009 2 0.904203 0.232429 2 0.911518 0.242312 2 0.906394 0.240613 2 0.909162 0.262630 2 0.905626 0.261188 2 0.906503 0.280812 2 0.905178 0.280277 2
0 0.869420 0.160053 0.014137 0.031746 0.876137 0.138889 1 0.876620 0.138889 1 0.875668 0.138889 1 0.877801 0.138889 1 0.875456 0.138889 1 0.878542 0.138889 1 0.874623 0.138889 1 0.876933 0.142955 1 0.872585 0.142900 2 0.874458 0.149070 1 0.871536 0.150236 2 0.877600 0.149957 2 0.874995 0.149841 2 0.877083 0.164637 2 0.874722 0.164288 2 0.876771 0.177928 2 0.875469 0.176600 2
