0 0.248884 0.826720 0.033482 0.150794 0.247329 0.771312 1 0.247520 0.768521 1 0.248528 0.767890 1 0.250173 0.768108 2 0.256333 0.766083 1 0.250609 0.782069 2 0.261403 0.778034 2 0.247210 0.805325 2 0.260457 0.798731 1 0.242040 0.820427 2 0.252800 0.816602 1 0.254104 0.820761 2 0.261249 0.818908 2 0.256541 0.848320 2 0.259497 0.847318 2 0.259374 0.876460 2 0.259786 0.874547 2
0 0.251116 0.806217 0.034970 0.144180 0.246742 0.772000 1 0.246825 0.769448 1 0.248376 0.768759 1 0.249534 0.770543 2 0.257267 0.768001 1 0.251175 0.784660 2 0.261159 0.780370 2 0.246571 0.806138 2 0.262463 0.800269 2 0.242044 0.821998 2 0.258827 0.819005 1 0.253131 0.820551 2 0.259537 0.818113 2 0.253713 0.844717 2 0.257145 0.842315 2 0.254791 0.866085 2 0.258145 0.865519 2
0 0.294643 0.571429 0.016369 0.071429 0.293863 0.541894 2 0.294970 0.540393 2 0.293217 0.540077 2 0.296799 0.540419 2 0.292484 0.539688 1 0.297826 0.547649 2 0.292406 0.547514 2 0.300744 0.555016 2 0.291914 0.556009 1 0.296280 0.554976 2 0.292107 0.556393 2 0.298788 0.566993 2 0.295521 0.566984 2 0.298683 0.581679 2 0.297729 0.581152 2 0.299354 0.595838 2 0.298822 0.594826 2
0 0.287946 0.556217 0.014881 0.088624 0.290178 0.524701 2 0.291095 0.523031 2 0.289136 0.522980 2 0.291932 0.523434 2 0.287578 0.523118 2 0.291379 0.531070 2 0.287333 0.531150 2 0.292739 0.541913 1 0.286641 0.542713 2 0.293357 0.549541 1 0.288024 0.553896 2 0.291019 0.552604 2 0.288569 0.552986 2 0.291233 0.569816 2 0.290939 0.570968 2 0.287378 0.585232 2 0.287371 0.587126 2
0 0.317708 0.474206 0.014881 0.054233 0.316734 0.454537 1 0.316763 0.453640 1 0.317152 0.453523 1 0.316771 0.454794 2 0.319835 0.454097 2 0.316906 0.461242 2 0.321717 0.459399 2 0.316727 0.467921 2 0.324134 0.463251 2 0.316478 0.473542 1 0.322306 0.464598 2 0.318704 0.474171 2 0.321906 0.473197 2 0.318342 0.483880 2 0.320981 0.482616 2 0.317849 0.493195 2 0.320775 0.491794 2
0 0.382440 0.529101 0.031250 0.060847 0.384084 0.512162 2 0.385067 0.510380 2 0.383299 0.510637 2 0.387675 0.509902 2 0.383448 0.510299 1 0.390921 0.517536 2 0.384677 0.516843 2 0.394048 0.528602 2 0.379500 0.522778 2 0.392236 0.539887 2 0.374201 0.528963 2 0.391478 0.538884 2 0.388196 0.537496 2 0.380451 0.531420 2 0.380245 0.530294 2 0.379841 0.551336 2 0.381252 0.550622 2
0 0.458333 0.416667 0.019345 0.084656 0.455515 0.386064 1 0.455741 0.384561 1 0.456101 0.384632 1 0.455407 0.385695 2 0.459267 0.385575 2 0.453369 0.394747 2 0.461118 0.394392 2 0.451571 0.404839 2 0.462614 0.404782 2 0.452430 0.413133 2 0.462342 0.411990 1 0.454924 0.415266 2 0.460179 0.414929 2 0.455048 0.432204 2 0.459971 0.431434 2 0.455413 0.448870 2 0.459502 0.446652 2
0 0.370536 0.501984 0.023810 0.041005 0.370397 0.487281 2 0.371486 0.485740 2 0.369328 0.486016 2 0.372885 0.486958 2 0.368047 0.487529 2 0.373609 0.492846 2 0.369372 0.494306 2 0.368395 0.499231 2 0.366998 0.502373 2 0.367047 0.498121 2 0.366755 0.500302 2 0.378899 0.510239 2 0.375728 0.510450 2 0.369462 0.500708 2 0.367773 0.499444 2 0.373144 0.512823 2 0.372152 0.513266 2
0 0.376860 0.487434 0.018601 0.038360 0.370240 0.487557 2 0.371368 0.486097 2 0.369464 0.486168 2 0.373235 0.487264 2 0.368666 0.487206 1 0.374449 0.494648 2 0.369436 0.495073 2 0.372768 0.505133 2 0.367271 0.505653 2 0.368320 0.500702 2 0.366924 0.501407 2 0.378047 0.511133 2 0.374732 0.510999 2 0.369990 0.502028 1 0.368832 0.501459 1 0.372668 0.509787 1 0.372436 0.510323 1
0 0.380580 0.472222 0.021577 0.039683 0.370510 0.487231 2 0.371501 0.485525 2 0.369540 0.485814 2 0.373125 0.486336 2 0.368749 0.486799 2 0.374050 0.494610 2 0.371533 0.494387 2 0.372317 0.499256 1 0.369947 0.499047 1 0.368356 0.496589 1 0.367941 0.494906 1 0.377452 0.499256 1 0.375804 0.499256 1 0.371433 0.496760 1 0.371744 0.494431 1 0.373867 0.498091 1 0.373740 0.497818 1
0 0.498512 0.511905 0.031250 0.100529 0.495881 0.474989 2 0.497123 0.472481 2 0.494713 0.472677 2 0.499166 0.473119 2 0.493398 0.473679 2 0.502200 0.483382 2 0.491872 0.484748 2 0.506204 0.495780 2 0.490296 0.498763 2 0.507462 0.509586 2 0.490510 0.511956 2 0.503319 0.511955 2 0.495800 0.512852 2 0.508947 0.532155 2 0.492742 0.533000 2 0.511555 0.551908 2 0.496694 0.552133 2
0 0.462426 0.515873 0.018601 0.105820 0.462540 0.477746 2 0.463768 0.475671 2 0.461485 0.475920 2 0.466097 0.476545 2 0.460271 0.477331 2 0.469297 0.487616 2 0.459640 0.489194 2 0.471297 0.500800 2 0.460730 0.500278 2 0.465519 0.501112 2 0.464413 0.500138 2 0.468193 0.514909 2 0.461373 0.515713 2 0.468474 0.532049 2 0.461803 0.535842 2 0.468739 0.546806 2 0.461808 0.553212 2
0 0.427827 0.349206 0.014881 0.066138 0.433916 0.340703 2 0.434672 0.339134 2 0.433294 0.339455 2 0.436359 0.338992 2 0.432878 0.339929 1 0.438244 0.346076 2 0.432079 0.347690 2 0.438244 0.356052 1 0.430994 0.358275 2 0.438244 0.366739 1 0.430743 0.368710 2 0.437781 0.366199 2 0.433715 0.366810 2 0.437086 0.381686 2 0.434001 0.382427 2 0.436868 0.391527 2 0.434817 0.392281 2
0 0.527158 0.554894 0.020089 0.056878 0.530470 0.529183 2 0.531442 0.526925 2 0.528895 0.527314 2 0.532698 0.526768 1 0.526244 0.527668 2 0.533924 0.535538 2 0.525284 0.535376 2 0.537334 0.547106 2 0.521128 0.540341 2 0.536945 0.554587 2 0.522838 0.536075 2 0.533281 0.557658 2 0.527627 0.558145 2 0.536533 0.570423 2 0.527371 0.572922 2 0.538738 0.581775 2 0.528784 0.584953 2
0 0.528646 0.554894 0.031994 0.107143 0.506831 0.488950 1 0.506810 0.487409 1 0.506758 0.487301 1 0.506696 0.487636 1 0.506989 0.487577 1 0.506885 0.494117 2 0.507562 0.494008 1 0.509160 0.507547 2 0.509756 0.507054 1 0.508069 0.510683 2 0.508504 0.510228 1 0.507024 0.514769 2 0.507326 0.514811 1 0.508953 0.533331 2 0.509047 0.533883 1 0.512354 0.552251 2 0.512063 0.552213 1
0 0.578125 0.388228 0.016369 0.062169 0.578370 0.365779 2 0.579207 0.364440 2 0.577668 0.364429 2 0.580693 0.364242 2 0.576684 0.364129 2 0.582687 0.371830 2 0.574838 0.371475 2 0.583986 0.381402 2 0.572872 0.382096 2 0.582544 0.390183 2 0.573530 0.389690 2 0.581180 0.389941 2 0.575895 0.389391 2 0.580635 0.401757 2 0.574554 0.399108 2 0.580300 0.415038 2 0.572811 0.411209 2
0 0.423363 0.226190 0.013393 0.044974 0.423937 0.210860 1 0.423856 0.210227 1 0.424071 0.210107 1 0.423305 0.210077 2 0.424975 0.209751 2 0.422878 0.213108 2 0.425957 0.212466 2 0.422379 0.218080 2 0.427559 0.217174 2 0.422322 0.222970 2 0.427347 0.222524 2 0.423733 0.222882 2 0.425684 0.222523 2 0.424178 0.228733 2 0.425277 0.228169 2 0.424825 0.232607 2 0.425398 0.232216 2
0 0.402530 0.404101 0.019345 0.070106 0.404721 0.379431 2 0.405307 0.377769 2 0.404067 0.377968 2 0.407166 0.376460 2 0.404020 0.377066 1 0.409474 0.383603 2 0.404014 0.382633 2 0.409312 0.394601 2 0.401985 0.390712 1 0.407296 0.403155 2 0.402471 0.398010 1 0.408152 0.401720 2 0.404798 0.401031 2 0.406745 0.412593 2 0.405208 0.412141 2 0.407350 0.425209 2 0.406900 0.424119 2
0 0.335938 0.492725 0.014137 0.059524 0.332872 0.471064 1 0.332863 0.469769 1 0.333277 0.469395 1 0.333344 0.470130 2 0.336539 0.468984 2 0.333854 0.478081 2 0.338758 0.475791 2 0.333497 0.487505 2 0.341142 0.483271 2 0.332886 0.496611 2 0.340937 0.491267 2 0.335488 0.494016 2 0.338856 0.492788 2 0.335552 0.504748 2 0.338406 0.503923 2 0.335829 0.514291 2 0.339073 0.514000 2
