0 0.560268 0.568783 0.017857 0.100529 0.557630 0.531464 1 0.556940 0.529621 1 0.557692 0.529515 1 0.553217 0.530652 1 0.557690 0.530628 2 0.551549 0.540646 2 0.556739 0.541205 2 0.554328 0.551873 1 0.559758 0.553382 2 0.561012 0.552505 1 0.562898 0.554439 2 0.554218 0.566816 2 0.557591 0.567720 2 0.556177 0.588019 2 0.557714 0.589463 2 0.555348 0.607872 2 0.556096 0.608779 2
0 0.557664 0.543651 0.033482 0.071429 0.577713 0.514853 1 0.577870 0.513175 1 0.577888 0.512991 1 0.576794 0.513274 1 0.578528 0.512900 1 0.574811 0.522792 2 0.576822 0.522473 1 0.571586 0.539165 2 0.572573 0.538927 1 0.571713 0.550612 2 0.571598 0.550131 1 0.576543 0.552471 2 0.578067 0.552781 2 0.576111 0.573093 2 0.577041 0.573961 1 0.576980 0.592365 2 0.577177 0.591897 1
0 0.405134 0.419974 0.011161 0.046296 0.404048 0.409147 2 0.404259 0.408195 2 0.403937 0.408295 1 0.405122 0.408252 2 0.404645 0.408444 1 0.406484 0.412846 2 0.405217 0.412987 2 0.406102 0.418111 2 0.404523 0.418709 1 0.404294 0.420009 2 0.404198 0.421800 1 0.406634 0.423614 2 0.405789 0.423492 2 0.406677 0.431154 2 0.405974 0.430760 2 0.407240 0.437736 2 0.406860 0.438104 2
0 0.534970 0.488095 0.013393 0.066138 0.535866 0.466523 2 0.536559 0.465308 2 0.535159 0.465160 2 0.537281 0.465679 1 0.533681 0.465112 2 0.537711 0.472482 2 0.531243 0.471697 2 0.538190 0.480890 2 0.530090 0.481525 2 0.537254 0.478628 2 0.536127 0.486875 2 0.536819 0.491641 2 0.532536 0.491689 2 0.535977 0.507156 2 0.532433 0.507468 2 0.534535 0.521830 2 0.531494 0.521815 2
0 0.544271 0.486111 0.017113 0.075397 0.544389 0.460091 1 0.544057 0.458880 1 0.544551 0.459022 1 0.542212 0.459381 2 0.545846 0.459663 2 0.540502 0.466280 2 0.546383 0.466379 2 0.538925 0.476090 2 0.547143 0.475343 2 0.538915 0.483614 2 0.546543 0.481696 1 0.541631 0.483446 2 0.545563 0.483614 2 0.541554 0.491931 1 0.545391 0.492236 1 0.542135 0.493697 1 0.545261 0.493986 1
0 0.467262 0.523810 0.017857 0.089947 0.466206 0.494594 1 0.465585 0.493026 1 0.466377 0.492963 1 0.462375 0.494810 2 0.467056 0.494846 2 0.460142 0.505077 2 0.468236 0.504486 2 0.458698 0.516215 2 0.470497 0.516420 2 0.459559 0.523892 2 0.471963 0.528620 2 0.462133 0.522748 2 0.467424 0.522467 2 0.463505 0.542824 2 0.467111 0.541377 2 0.464442 0.560102 2 0.466163 0.558066 2
0 0.494420 0.549603 0.023065 0.099206 0.497402 0.513062 2 0.496398 0.511638 1 0.496962 0.511429 1 0.491957 0.513395 2 0.495655 0.513459 2 0.488644 0.524283 2 0.498115 0.524352 2 0.486518 0.538548 2 0.501368 0.537398 2 0.486962 0.550227 2 0.502426 0.548338 2 0.490675 0.551315 2 0.496903 0.551527 2 0.491998 0.569753 2 0.496465 0.570853 2 0.493145 0.587454 2 0.495562 0.590623 2
0 0.488095 0.523148 0.019345 0.096561 0.497276 0.512469 1 0.496344 0.510837 1 0.496952 0.510610 1 0.492010 0.512654 2 0.495873 0.512547 2 0.489074 0.524590 2 0.498175 0.524413 2 0.486921 0.538572 2 0.500845 0.538562 2 0.486964 0.549894 2 0.501179 0.551113 2 0.490825 0.551280 2 0.496890 0.551259 2 0.492151 0.570979 2 0.496808 0.570824 2 0.492880 0.585693 2 0.495755 0.587622 2
0 0.502976 0.516534 0.014881 0.067460 0.496974 0.510990 1 0.496299 0.509223 1 0.496468 0.509161 1 0.493372 0.511073 1 0.495280 0.511156 2 0.493420 0.523950 1 0.497428 0.524321 2 0.498446 0.537172 1 0.501821 0.538656 2 0.501480 0.546993 1 0.503127 0.548746 2 0.493054 0.552479 1 0.496036 0.552342 2 0.492667 0.563327 1 0.496456 0.563327 1 0.493430 0.563327 1 0.496529 0.563327 1
0 0.524554 0.507937 0.016369 0.076720 0.535577 0.466297 2 0.535714 0.465019 1 0.534993 0.464890 2 0.535461 0.465645 1 0.533487 0.465476 2 0.535023 0.472468 1 0.531203 0.472182 2 0.533917 0.481970 1 0.529656 0.481482 2 0.533055 0.485355 1 0.534846 0.485681 2 0.534704 0.491895 2 0.532016 0.492007 2 0.533881 0.507291 1 0.531386 0.507878 2 0.532497 0.521003 1 0.530877 0.521205 2
0 0.469494 0.507275 0.014881 0.078042 0.464711 0.496869 1 0.464317 0.495505 1 0.464962 0.495356 1 0.462154 0.497103 2 0.466193 0.496838 2 0.460558 0.506109 2 0.467665 0.505299 2 0.459656 0.517164 2 0.470471 0.516194 2 0.459816 0.524802 1 0.471638 0.527337 2 0.462616 0.524040 2 0.467278 0.523649 2 0.463366 0.544006 2 0.467066 0.543140 2 0.464114 0.557883 2 0.466368 0.556992 2
0 0.447545 0.505952 0.017113 0.088624 0.447035 0.473380 1 0.446815 0.471789 1 0.447172 0.471832 1 0.444649 0.472748 2 0.448581 0.472853 2 0.442879 0.482453 2 0.450086 0.482560 2 0.442282 0.494555 2 0.451344 0.494399 2 0.443821 0.505029 2 0.449594 0.503198 2 0.443798 0.503462 2 0.448781 0.503549 2 0.444616 0.521579 2 0.448078 0.521678 2 0.444940 0.539497 2 0.447017 0.539565 2
0 0.819568 0.864418 0.043899 0.186508 0.830148 0.795671 2 0.830074 0.792598 2 0.828535 0.793085 2 0.828516 0.792150 1 0.822322 0.792538 2 0.829121 0.811023 2 0.811409 0.808643 2 0.832455 0.833395 2 0.805534 0.834922 2 0.834298 0.859988 2 0.806308 0.860678 2 0.826902 0.863248 2 0.814441 0.862251 2 0.826491 0.904187 2 0.810531 0.896537 2 0.822752 0.935295 2 0.802144 0.913934 2
0 0.787946 0.820106 0.034226 0.158730 0.794280 0.760350 2 0.795337 0.757533 2 0.792767 0.757307 2 0.795061 0.758278 1 0.788174 0.757374 2 0.797239 0.771579 2 0.782212 0.772263 2 0.801127 0.789545 2 0.778195 0.791713 2 0.800391 0.805327 2 0.776245 0.810764 2 0.793249 0.817120 2 0.784088 0.817351 2 0.789067 0.850312 2 0.784690 0.851503 2 0.784764 0.877535 2 0.788103 0.883080 2
0 0.757068 0.820767 0.031994 0.107143 0.756725 0.787858 2 0.758231 0.785313 2 0.755213 0.785037 2 0.759444 0.785721 2 0.752224 0.784891 2 0.760154 0.796921 2 0.749449 0.799006 2 0.763955 0.805346 2 0.747071 0.813131 2 0.770972 0.810328 2 0.745975 0.826845 2 0.757964 0.826288 2 0.751735 0.827790 2 0.755452 0.843513 2 0.752536 0.847568 2 0.751615 0.859281 2 0.753358 0.867690 2
0 0.618676 0.592593 0.024554 0.105820 0.618886 0.556711 1 0.619036 0.554882 1 0.619647 0.554676 1 0.619302 0.556452 2 0.623211 0.555125 1 0.621746 0.568770 2 0.624872 0.562946 2 0.623211 0.578399 2 0.631137 0.569223 2 0.621171 0.581185 2 0.628361 0.576315 2 0.621694 0.596381 2 0.622264 0.592088 2 0.621329 0.615870 2 0.613496 0.604759 2 0.623595 0.638426 2 0.614109 0.623264 2
