0 0.953125 0.303571 0.028274 0.099206 0.939872 0.251867 1 0.938933 0.249429 1 0.939726 0.249834 1 0.934877 0.249847 1 0.939102 0.251297 2 0.933780 0.261999 1 0.939928 0.264808 2 0.935486 0.276208 1 0.942989 0.280142 2 0.937638 0.278018 1 0.943052 0.279778 2 0.933780 0.295708 1 0.935893 0.296586 2 0.933780 0.316206 1 0.934066 0.317985 2 0.933780 0.334206 1 0.933780 0.338936 1
0 0.340030 0.155423 0.013393 0.064815 0.336841 0.130940 2 0.337523 0.129681 2 0.336424 0.129708 1 0.338881 0.130946 2 0.336203 0.130916 1 0.340773 0.138478 2 0.335227 0.138142 2 0.342430 0.146528 2 0.334041 0.144920 2 0.339860 0.142676 2 0.336115 0.139897 2 0.340582 0.155379 2 0.336641 0.155266 2 0.341602 0.169737 2 0.336379 0.169549 2 0.342582 0.183741 2 0.336554 0.183594 2
0 0.181548 0.094577 0.016369 0.048942 0.179366 0.085785 2 0.179723 0.084825 2 0.178839 0.085042 2 0.180320 0.085287 1 0.178275 0.085803 2 0.181496 0.090173 2 0.177864 0.090946 2 0.183033 0.094701 2 0.177580 0.096462 2 0.182371 0.097005 2 0.178467 0.099821 2 0.182071 0.101721 2 0.179791 0.102146 2 0.182193 0.110899 2 0.180927 0.111172 2 0.182612 0.118939 2 0.181937 0.118576 2
0 0.532738 0.458995 0.028274 0.145503 0.527135 0.400525 2 0.529059 0.397780 2 0.525681 0.397604 2 0.532095 0.397850 2 0.523558 0.397657 2 0.536556 0.409110 2 0.521493 0.412237 2 0.540335 0.426146 2 0.519079 0.430705 2 0.541546 0.445639 2 0.516995 0.451028 2 0.535579 0.443961 2 0.525233 0.445748 2 0.537240 0.473332 2 0.524525 0.479685 2 0.536921 0.496465 2 0.523082 0.511019 2
0 0.780134 0.302249 0.021577 0.112434 0.783583 0.259970 2 0.784783 0.257985 2 0.782512 0.257583 2 0.785943 0.259649 2 0.780269 0.258424 2 0.787504 0.272999 2 0.775938 0.270548 2 0.791198 0.287395 2 0.771018 0.284182 2 0.787464 0.287807 2 0.775529 0.288599 2 0.781495 0.302553 2 0.774639 0.300894 2 0.777768 0.328444 2 0.775742 0.325859 2 0.773867 0.349287 2 0.775303 0.346722 2
0 0.672247 0.186508 0.017113 0.068783 0.669057 0.156764 1 0.669094 0.155535 1 0.669482 0.155608 1 0.668337 0.156337 2 0.671572 0.156261 2 0.667221 0.162815 2 0.672437 0.162623 2 0.664471 0.171204 2 0.671081 0.170937 1 0.665308 0.177482 2 0.668909 0.176537 1 0.668126 0.180601 2 0.671582 0.180450 2 0.667604 0.196460 2 0.669777 0.196135 2 0.667252 0.210507 2 0.668859 0.210633 2
0 0.655878 0.539683 0.039435 0.182540 0.641875 0.468719 1 0.642681 0.464978 1 0.643517 0.465123 1 0.644810 0.467540 2 0.652480 0.467121 2 0.640966 0.491571 2 0.657942 0.489605 2 0.634775 0.512106 2 0.663005 0.516113 2 0.636924 0.496405 2 0.663034 0.537387 2 0.642820 0.542982 2 0.653707 0.541103 2 0.640161 0.576280 2 0.647619 0.574243 2 0.640209 0.613630 2 0.644557 0.608097 2
0 0.372768 0.495370 0.023810 0.162698 0.370172 0.465445 2 0.369740 0.462229 1 0.368808 0.461930 2 0.366772 0.464527 1 0.364127 0.464351 2 0.364575 0.483410 2 0.359174 0.484726 2 0.365539 0.505828 2 0.359818 0.513719 2 0.369534 0.511322 2 0.368664 0.534536 2 0.365435 0.530389 2 0.361051 0.532430 2 0.373084 0.559413 2 0.361674 0.564693 2 0.371328 0.591788 2 0.360705 0.596274 2
0 0.513393 0.431878 0.034226 0.144180 0.527390 0.400554 2 0.529252 0.397404 2 0.525753 0.397679 2 0.532298 0.397345 2 0.523507 0.398264 2 0.535982 0.409856 2 0.521017 0.412783 2 0.537202 0.426186 1 0.518405 0.430972 2 0.534588 0.439126 1 0.516688 0.450708 2 0.535118 0.446178 2 0.524968 0.447498 2 0.535192 0.477823 2 0.523620 0.480190 2 0.534995 0.504663 2 0.523846 0.509256 2
0 0.186384 0.423280 0.029018 0.142857 0.187012 0.373111 2 0.186992 0.370129 2 0.185258 0.370791 2 0.184581 0.371876 1 0.180513 0.373331 2 0.181366 0.388532 2 0.180243 0.389041 2 0.179993 0.411018 1 0.176023 0.409371 2 0.182960 0.427095 1 0.178683 0.429443 2 0.182587 0.429433 2 0.182852 0.430426 2 0.183220 0.457313 2 0.188358 0.458279 2 0.182990 0.485031 2 0.190417 0.487379 2
0 0.319196 0.435847 0.022321 0.138889 0.317765 0.389369 2 0.318494 0.385514 2 0.315626 0.386881 2 0.319127 0.385368 1 0.312189 0.388636 2 0.321104 0.397123 2 0.311979 0.403518 2 0.321500 0.416701 2 0.311921 0.426019 2 0.325023 0.435861 2 0.314714 0.444903 2 0.320910 0.432103 2 0.314859 0.435602 2 0.322471 0.461492 2 0.316070 0.470519 2 0.319560 0.486965 2 0.317028 0.501834 2
0 0.458705 0.486111 0.055804 0.146825 0.458262 0.431243 2 0.459939 0.428346 2 0.456628 0.428146 2 0.462224 0.427588 2 0.453594 0.426876 2 0.464366 0.440289 2 0.448079 0.439931 2 0.470525 0.455060 2 0.439796 0.457121 2 0.474786 0.477737 2 0.436847 0.480951 2 0.459171 0.480575 2 0.448299 0.480370 2 0.460874 0.509279 2 0.444352 0.510368 2 0.457124 0.540459 2 0.439506 0.541577 2
0 0.363839 0.534392 0.028274 0.177249 0.370157 0.465510 2 0.369989 0.462430 1 0.368463 0.462136 2 0.367078 0.464784 1 0.363308 0.464695 2 0.364984 0.482885 2 0.358206 0.485801 2 0.365830 0.507584 2 0.359176 0.516368 2 0.371152 0.521081 2 0.369173 0.533256 2 0.365465 0.531173 2 0.360294 0.534200 2 0.373383 0.560789 2 0.363186 0.567787 2 0.370709 0.592540 2 0.361393 0.601086 2
0 0.497768 0.626984 0.049107 0.214286 0.500563 0.548766 1 0.500160 0.544459 1 0.500545 0.545199 1 0.493035 0.546275 2 0.502669 0.548326 2 0.484862 0.570563 2 0.501758 0.572427 2 0.477949 0.598469 2 0.505885 0.603714 2 0.483399 0.615993 2 0.514809 0.597836 2 0.485842 0.628962 2 0.497978 0.629455 2 0.485419 0.673192 2 0.502681 0.665075 2 0.481812 0.719806 2 0.503775 0.700159 2
0 0.503348 0.396825 0.026042 0.129630 0.508736 0.372186 2 0.510357 0.369068 2 0.507303 0.369607 2 0.513709 0.369027 2 0.506273 0.370160 2 0.517898 0.383400 2 0.506791 0.383715 2 0.520252 0.405141 2 0.505651 0.400624 2 0.517560 0.427806 2 0.501854 0.414853 2 0.517959 0.421036 2 0.510562 0.420599 2 0.516426 0.451968 2 0.509526 0.450710 2 0.516946 0.477734 2 0.509631 0.477842 2
0 0.221354 0.348545 0.024554 0.125661 0.220408 0.301352 2 0.221567 0.299214 2 0.219215 0.299367 2 0.223552 0.300351 2 0.217454 0.300896 2 0.227027 0.312683 2 0.215054 0.313995 2 0.231411 0.326138 2 0.211859 0.328201 2 0.226867 0.331441 2 0.215646 0.332563 2 0.225821 0.344940 2 0.217531 0.345398 2 0.226945 0.369446 2 0.215666 0.370470 2 0.229556 0.393534 2 0.215867 0.394740 2
0 0.224330 0.333333 0.029018 0.116402 0.220720 0.301127 2 0.221856 0.299177 2 0.219635 0.299165 2 0.223784 0.300588 2 0.218026 0.300732 2 0.227255 0.313135 2 0.215326 0.314318 2 0.231714 0.326134 2 0.212255 0.329143 2 0.226329 0.330148 2 0.215401 0.332523 2 0.226017 0.346091 2 0.217698 0.346485 2 0.227286 0.370017 2 0.216052 0.370770 2 0.229968 0.394956 2 0.215630 0.395730 2
0 0.408854 0.303571 0.020089 0.099206 0.409536 0.268322 2 0.410822 0.266443 2 0.408730 0.266083 2 0.412668 0.267493 2 0.407559 0.266751 2 0.413416 0.277774 2 0.405490 0.277737 2 0.413301 0.287398 2 0.402109 0.291072 2 0.407869 0.281816 2 0.403008 0.299831 2 0.411403 0.303046 2 0.406021 0.302890 2 0.411488 0.324201 2 0.405760 0.324213 2 0.411659 0.344940 2 0.405393 0.345581 2
0 0.556176 0.210317 0.018601 0.087302 0.557869 0.174541 1 0.557302 0.172975 1 0.557791 0.173134 1 0.553583 0.174276 2 0.557709 0.174949 2 0.550931 0.183622 2 0.558103 0.185023 2 0.548011 0.193962 2 0.558807 0.197099 2 0.546642 0.203229 2 0.560238 0.206288 2 0.551077 0.206375 2 0.556134 0.207063 2 0.550753 0.224596 2 0.557321 0.225214 2 0.549846 0.242029 2 0.557549 0.243478 2
0 0.926711 0.295635 0.029018 0.115079 0.938285 0.251865 1 0.937696 0.249377 1 0.938252 0.250081 1 0.932458 0.249643 2 0.938742 0.251666 2 0.927099 0.260796 2 0.940206 0.265040 2 0.921820 0.275726 2 0.942359 0.279831 2 0.921103 0.289097 2 0.938142 0.279333 2 0.924221 0.296608 2 0.933216 0.298744 2 0.922118 0.316108 2 0.932282 0.320147 2 0.919306 0.336914 2 0.929743 0.340940 2
0 0.790923 0.276455 0.020833 0.087302 0.783197 0.259733 2 0.784552 0.258099 2 0.782147 0.257356 2 0.785926 0.259756 2 0.779964 0.257913 2 0.787449 0.272200 2 0.777464 0.269211 2 0.790757 0.286424 2 0.776786 0.280969 1 0.784490 0.287933 2 0.776816 0.287166 1 0.782221 0.300849 2 0.776786 0.298878 2 0.779320 0.322339 2 0.776786 0.320342 1 0.778442 0.331484 1 0.776786 0.330947 1
0 0.813616 0.275794 0.024554 0.083333 0.812104 0.243415 2 0.812047 0.241607 2 0.811306 0.241463 2 0.810602 0.241928 1 0.807998 0.241714 2 0.810186 0.249337 2 0.804202 0.251479 2 0.813388 0.262516 2 0.808706 0.265272 2 0.817189 0.270721 2 0.814226 0.274178 2 0.810330 0.271388 2 0.806094 0.274371 2 0.818315 0.277037 2 0.814281 0.285198 2 0.815409 0.295098 2 0.815279 0.305648 2
0 0.533110 0.185847 0.017113 0.046296 0.542212 0.171821 2 0.542866 0.170377 2 0.541384 0.170633 2 0.543766 0.170347 1 0.540236 0.170984 2 0.543330 0.176006 2 0.540107 0.177303 2 0.543320 0.183080 1 0.539678 0.186137 2 0.543407 0.182854 1 0.542680 0.183808 2 0.543011 0.188623 2 0.541024 0.189447 2 0.544380 0.196224 2 0.544011 0.196785 2 0.543960 0.208897 1 0.543403 0.208939 2
0 0.967634 0.931878 0.061756 0.133598 0.966575 0.900349 2 0.971398 0.897303 2 0.966164 0.892965 2 0.978817 0.902391 2 0.964597 0.891632 1 0.979396 0.931104 2 0.955245 0.916115 2 0.968786 0.972458 2 0.945436 0.948362 2 0.950110 0.974508 2 0.940682 0.973453 2 0.963942 0.993499 2 0.947214 0.984965 2 0.955252 0.986745 1 0.937675 0.978717 1 0.951349 0.995149 1 0.942798 0.999804 1
0 0.542039 0.328042 0.023065 0.063492 0.541891 0.310652 2 0.542767 0.308429 1 0.540673 0.308737 1 0.543955 0.305496 1 0.538831 0.306296 2 0.546363 0.305269 2 0.535388 0.305908 2 0.550411 0.318194 2 0.532086 0.318161 2 0.545849 0.320488 2 0.538645 0.320687 2 0.544774 0.323061 2 0.537373 0.323829 2 0.550019 0.322841 2 0.532663 0.325139 2 0.546716 0.348038 2 0.537631 0.348180 2
0 0.525298 0.299603 0.020833 0.083333 0.524046 0.270868 2 0.524941 0.268917 2 0.523118 0.268953 2 0.526026 0.267762 2 0.521518 0.267820 2 0.527104 0.273958 2 0.519188 0.274684 2 0.529738 0.285314 2 0.515646 0.285789 2 0.527642 0.293093 2 0.520114 0.292117 2 0.525931 0.297013 2 0.520657 0.297952 2 0.529341 0.309796 2 0.519459 0.312668 2 0.528372 0.322006 1 0.519679 0.325235 1
0 0.555804 0.173942 0.017857 0.056878 0.553881 0.172964 1 0.553991 0.171836 1 0.554441 0.172070 1 0.552928 0.174189 2 0.556661 0.174299 2 0.550537 0.184049 2 0.557966 0.184446 2 0.547871 0.195270 2 0.559183 0.196632 2 0.546360 0.203419 2 0.559878 0.204891 2 0.551338 0.207366 2 0.556177 0.207597 2 0.550870 0.212963 1 0.556338 0.212963 1 0.550825 0.212963 1 0.555085 0.212350 1
0 0.127976 0.338624 0.020833 0.042328 0.125162 0.330014 2 0.125362 0.328884 2 0.125422 0.328223 1 0.127250 0.327890 2 0.127960 0.326040 1 0.129788 0.332941 2 0.130151 0.329426 2 0.127527 0.340707 2 0.127494 0.336012 2 0.123237 0.342947 2 0.124171 0.340156 2 0.135161 0.345090 2 0.135346 0.342711 2 0.128255 0.342580 2 0.128614 0.337798 2 0.132276 0.349850 2 0.132553 0.345744 2
0 0.098958 0.317460 0.031250 0.055556 0.097897 0.305025 2 0.099069 0.303403 2 0.097252 0.303505 2 0.101877 0.303042 2 0.096622 0.303474 1 0.105069 0.308396 2 0.095388 0.310472 2 0.110702 0.315596 2 0.091331 0.320930 2 0.106839 0.317492 2 0.088860 0.331913 2 0.106187 0.322648 2 0.099412 0.323278 2 0.107630 0.322172 2 0.093956 0.323005 2 0.110828 0.336613 2 0.093830 0.337001 2
0 0.151042 0.169312 0.010417 0.029101 0.150032 0.165313 2 0.150519 0.164129 2 0.149446 0.164245 2 0.151364 0.163597 2 0.148687 0.163830 2 0.152996 0.168517 2 0.148189 0.169176 2 0.154283 0.176160 2 0.148355 0.177624 2 0.153696 0.181095 2 0.150442 0.180777 2 0.152597 0.181924 2 0.149420 0.182177 2 0.152774 0.184457 1 0.149775 0.184146 1 0.152420 0.182930 1 0.150513 0.183139 1
0 0.191964 0.136905 0.017857 0.046296 0.191724 0.113328 1 0.191694 0.112449 1 0.191954 0.112251 1 0.191102 0.113018 2 0.193560 0.112400 2 0.190658 0.118657 2 0.194883 0.117435 2 0.190690 0.126240 2 0.196087 0.123010 2 0.191038 0.130830 1 0.195369 0.125416 1 0.193451 0.132397 2 0.196343 0.132049 2 0.194873 0.143640 2 0.197733 0.143016 2 0.196267 0.154236 2 0.198948 0.153559 2
0 0.784598 0.185185 0.018601 0.052910 0.786221 0.164957 1 0.785981 0.163788 1 0.786357 0.164018 1 0.783967 0.164351 2 0.786947 0.165088 2 0.782145 0.170505 2 0.786999 0.171737 2 0.780074 0.177316 2 0.787088 0.180410 2 0.780107 0.184637 2 0.786897 0.187022 2 0.781034 0.185908 2 0.784276 0.186283 2 0.781698 0.197702 2 0.784139 0.197373 2 0.781161 0.209404 2 0.782961 0.208739 2
0 0.406994 0.091270 0.013393 0.042328 0.407192 0.076515 2 0.407591 0.075583 2 0.406681 0.075677 2 0.408152 0.076123 2 0.405971 0.076280 2 0.409150 0.080997 2 0.405298 0.081131 2 0.409963 0.086216 2 0.405008 0.086251 2 0.410129 0.089690 2 0.405733 0.089458 2 0.408763 0.091796 2 0.406222 0.091865 2 0.408373 0.100979 2 0.406231 0.101039 2 0.407970 0.110605 2 0.406354 0.110795 2
0 0.855655 0.217593 0.019345 0.083333 0.861438 0.185339 1 0.860962 0.183763 1 0.861334 0.183934 1 0.858122 0.184211 1 0.860974 0.184755 2 0.856691 0.192683 2 0.859942 0.193583 2 0.857126 0.203391 1 0.860291 0.205651 2 0.861306 0.207345 1 0.863166 0.210320 2 0.855726 0.214925 2 0.858265 0.215297 2 0.855196 0.230880 2 0.859190 0.231041 2 0.852566 0.246252 2 0.857626 0.246868 2
0 0.963914 0.227513 0.023065 0.068783 0.954428 0.180435 1 0.954794 0.179894 1 0.954094 0.179894 1 0.955784 0.180267 1 0.953597 0.180368 1 0.956727 0.181578 1 0.952625 0.181390 1 0.958218 0.180983 1 0.950625 0.181028 1 0.958871 0.180955 1 0.950452 0.181856 1 0.955660 0.181973 2 0.952997 0.181745 2 0.954541 0.195847 2 0.952705 0.195538 2 0.953546 0.210884 2 0.952635 0.209817 2
0 0.584077 0.105159 0.011905 0.043651 0.585868 0.089389 1 0.585964 0.088601 1 0.586078 0.088635 1 0.586069 0.089159 1 0.587328 0.089065 1 0.586075 0.093543 2 0.587212 0.093274 2 0.585318 0.099148 2 0.586053 0.098872 2 0.585309 0.104665 2 0.585320 0.104578 2 0.586396 0.103946 2 0.587300 0.103816 2 0.585938 0.110904 2 0.587222 0.110649 2 0.585411 0.116652 2 0.587320 0.116191 2
0 0.906622 0.189815 0.020089 0.038360 0.908288 0.178402 2 0.909095 0.176699 2 0.907449 0.176742 2 0.909980 0.176932 1 0.906003 0.176994 2 0.910345 0.183938 2 0.904712 0.182933 2 0.908005 0.193602 2 0.902347 0.190629 2 0.902657 0.196378 2 0.901609 0.194728 2 0.908563 0.196762 2 0.904610 0.195943 2 0.907509 0.193639 2 0.901153 0.192770 2 0.902765 0.200704 2 0.899699 0.199640 2
0 0.943824 0.193783 0.020089 0.033069 0.940949 0.187597 2 0.941791 0.185957 2 0.940493 0.186018 2 0.943203 0.186420 2 0.940168 0.186422 1 0.945634 0.191966 2 0.939395 0.191540 2 0.946602 0.200608 2 0.936075 0.198350 2 0.942393 0.202322 2 0.936344 0.199468 2 0.944601 0.203747 2 0.940612 0.202883 2 0.942739 0.202633 2 0.935058 0.201237 2 0.939721 0.208845 2 0.939643 0.209200 2
0 0.929688 0.194444 0.018601 0.034392 0.940767 0.188082 2 0.941711 0.186338 2 0.940270 0.186284 2 0.942708 0.187230 2 0.939649 0.187005 1 0.942708 0.193587 1 0.939016 0.192906 2 0.942708 0.200819 1 0.934832 0.200217 2 0.941030 0.200469 1 0.937732 0.202808 2 0.941779 0.205389 1 0.939110 0.204761 2 0.941995 0.203486 2 0.935033 0.201928 2 0.939258 0.208430 2 0.939799 0.208346 2
