0 0.466146 0.950397 0.081101 0.093915 0.438533 0.927870 2 0.440288 0.921439 2 0.435138 0.924454 2 0.445126 0.918297 2 0.432420 0.925565 2 0.455051 0.931561 2 0.433381 0.942765 2 0.464200 0.959192 2 0.433718 0.974575 2 0.474999 0.975180 2 0.439286 0.983346 2 0.460522 0.978999 2 0.445465 0.985628 2 0.473037 0.992904 2 0.446543 1.000000 1 0.471254 0.993118 1 0.452831 1.000000 1
0 0.108259 0.761243 0.057292 0.160053 0.106929 0.700974 2 0.109237 0.697934 2 0.105734 0.698167 2 0.113742 0.700371 2 0.104312 0.701383 2 0.117871 0.717686 2 0.101822 0.719154 2 0.121312 0.730706 2 0.093478 0.729964 2 0.118074 0.739050 2 0.086097 0.742595 2 0.118260 0.763436 2 0.106743 0.764236 2 0.124754 0.793173 2 0.103993 0.794936 2 0.132511 0.817945 2 0.107087 0.820189 2
0 0.492188 0.681878 0.039435 0.146825 0.482723 0.629657 2 0.483506 0.626297 2 0.482374 0.627508 2 0.487753 0.624106 2 0.484380 0.627207 1 0.496896 0.634572 2 0.484589 0.639751 2 0.504036 0.646804 2 0.484151 0.658173 2 0.505963 0.659419 2 0.483558 0.668113 2 0.496036 0.677534 2 0.486233 0.678583 2 0.501719 0.707779 2 0.480470 0.706733 2 0.503738 0.739074 2 0.476892 0.739229 2
0 0.482887 0.686508 0.032738 0.126984 0.482366 0.627113 2 0.483419 0.623934 2 0.481943 0.625029 2 0.487928 0.623376 2 0.483317 0.626028 1 0.497364 0.635212 2 0.483041 0.638927 2 0.503840 0.648240 2 0.484367 0.655356 2 0.504539 0.663667 2 0.484240 0.667590 2 0.496839 0.678354 2 0.485528 0.678642 2 0.501014 0.712004 2 0.478408 0.709243 2 0.502384 0.743352 2 0.476345 0.741900 2
0 0.429688 0.535714 0.021577 0.097884 0.430751 0.500209 1 0.430320 0.498224 1 0.430988 0.498314 1 0.427104 0.499343 2 0.432452 0.499589 2 0.424945 0.510286 2 0.433477 0.510963 2 0.422588 0.522582 2 0.435935 0.522817 2 0.421764 0.532289 2 0.437855 0.528578 2 0.426892 0.531695 2 0.432770 0.532232 2 0.426039 0.550068 2 0.432658 0.551204 2 0.424734 0.569810 2 0.432228 0.571186 2
0 0.473214 0.568783 0.020833 0.105820 0.476663 0.531285 1 0.475928 0.529195 1 0.476607 0.529357 1 0.471195 0.530179 2 0.476607 0.531047 2 0.467723 0.542191 2 0.477931 0.543341 2 0.465402 0.557566 2 0.480045 0.556003 2 0.466304 0.566896 2 0.478663 0.552671 2 0.469010 0.572349 2 0.475783 0.573126 2 0.470243 0.594006 2 0.475183 0.594961 2 0.471624 0.612766 2 0.474072 0.613556 2
0 0.451265 0.537037 0.026042 0.097884 0.446058 0.498719 1 0.445911 0.497010 1 0.446436 0.496678 1 0.445176 0.497845 2 0.450054 0.496646 2 0.444389 0.508832 2 0.454225 0.505796 2 0.442679 0.522608 2 0.458042 0.518853 2 0.443214 0.523647 2 0.460245 0.530230 2 0.448968 0.534982 2 0.455496 0.533439 2 0.449763 0.555278 2 0.456096 0.552496 2 0.450982 0.575058 2 0.456243 0.573262 2
0 0.490699 0.544974 0.015625 0.076720 0.493628 0.514758 1 0.492934 0.513318 1 0.493565 0.513429 1 0.489393 0.514528 2 0.493529 0.514995 2 0.487765 0.523583 2 0.495190 0.524394 2 0.486171 0.533189 2 0.496539 0.533793 2 0.485835 0.542410 2 0.496095 0.539375 2 0.488856 0.543638 2 0.493913 0.544052 2 0.489487 0.558638 2 0.494121 0.558683 2 0.489145 0.572401 2 0.493357 0.574145 2
0 0.499628 0.525794 0.017113 0.088624 0.492794 0.515039 1 0.492246 0.513690 1 0.492905 0.513670 1 0.489321 0.514873 2 0.493728 0.515088 2 0.488095 0.523779 2 0.495183 0.524194 2 0.488095 0.534211 1 0.496912 0.533822 2 0.488095 0.542327 1 0.497982 0.539232 2 0.488872 0.543784 2 0.493922 0.543896 2 0.488909 0.557966 2 0.493945 0.558573 2 0.488834 0.571508 2 0.493196 0.574276 2
0 0.461682 0.498677 0.015625 0.082011 0.452628 0.497184 1 0.452422 0.495556 1 0.452475 0.495586 1 0.451028 0.496712 1 0.453162 0.496682 2 0.451533 0.506277 1 0.455281 0.506171 2 0.456802 0.518469 1 0.458885 0.518546 2 0.460522 0.529198 1 0.460894 0.529064 2 0.452184 0.532548 2 0.455299 0.532234 2 0.451441 0.552669 1 0.457145 0.551431 2 0.450893 0.555080 1 0.458219 0.555080 1
0 0.448289 0.492725 0.015625 0.083333 0.446716 0.497633 1 0.446612 0.496249 1 0.447222 0.495874 1 0.445740 0.497823 2 0.450670 0.496398 2 0.445047 0.508727 2 0.454629 0.505515 2 0.443550 0.522421 2 0.458007 0.517344 2 0.442858 0.522914 2 0.458323 0.527016 1 0.449250 0.534343 2 0.455620 0.532915 2 0.449573 0.550265 1 0.456693 0.548599 1 0.450209 0.550265 1 0.456094 0.550265 1
0 0.389881 0.440476 0.016369 0.063492 0.391465 0.419384 1 0.391282 0.418111 1 0.391369 0.418282 1 0.389272 0.418396 2 0.392032 0.418557 2 0.387759 0.425032 2 0.393178 0.423090 2 0.386319 0.432560 2 0.396771 0.422236 2 0.388520 0.436756 2 0.393081 0.421634 2 0.388454 0.440574 2 0.392329 0.440003 2 0.387403 0.451685 2 0.393412 0.452112 2 0.385821 0.463935 2 0.396072 0.463348 2
0 0.572173 0.437831 0.013393 0.044974 0.574466 0.424101 2 0.574277 0.423170 1 0.574212 0.423197 2 0.573264 0.423233 1 0.573119 0.423284 2 0.573333 0.427611 2 0.572323 0.427810 2 0.574910 0.432152 2 0.573248 0.432519 2 0.576237 0.432981 2 0.575161 0.431638 2 0.573231 0.438764 2 0.572579 0.438954 2 0.573763 0.446489 2 0.573278 0.446425 2 0.571673 0.452799 2 0.571720 0.453124 2
0 0.531994 0.455688 0.010417 0.038360 0.528559 0.445225 1 0.528481 0.444393 1 0.528473 0.444387 1 0.528756 0.443901 2 0.529441 0.443725 1 0.530036 0.446894 2 0.530938 0.445982 2 0.529965 0.451342 2 0.530986 0.450348 1 0.528319 0.451708 2 0.528959 0.451936 1 0.533595 0.455813 2 0.534158 0.455229 2 0.532975 0.464576 2 0.533646 0.462517 2 0.532898 0.471858 2 0.533746 0.468803 2
