0 0.579613 0.385582 0.029762 0.133598 0.580056 0.334359 2 0.581618 0.332200 2 0.578843 0.332071 2 0.584047 0.332801 2 0.577114 0.332509 2 0.586179 0.345844 2 0.573840 0.345666 2 0.591038 0.354964 2 0.572678 0.363925 2 0.593935 0.367890 2 0.571694 0.378391 2 0.584845 0.384154 2 0.575908 0.383010 2 0.585631 0.414640 2 0.572124 0.406108 2 0.588683 0.439864 2 0.570712 0.424157 2
0 0.676339 0.817460 0.056548 0.253968 0.683685 0.724559 2 0.687735 0.719721 2 0.683033 0.717391 2 0.694820 0.722476 2 0.682805 0.716259 1 0.698830 0.750796 2 0.675128 0.736880 2 0.701748 0.795162 2 0.668132 0.760856 2 0.699837 0.831189 2 0.661544 0.786869 2 0.688792 0.811960 2 0.672717 0.804898 2 0.687063 0.863312 2 0.661346 0.851433 2 0.681619 0.899160 2 0.668981 0.884158 2
0 0.652902 0.183862 0.015625 0.071429 0.655304 0.158001 1 0.655410 0.156985 1 0.655882 0.157398 1 0.654401 0.158838 2 0.657611 0.159141 2 0.652649 0.167269 2 0.657938 0.163386 2 0.650774 0.174550 2 0.656234 0.154518 2 0.648248 0.180833 2 0.653554 0.148041 2 0.652483 0.184898 2 0.655759 0.183700 2 0.649959 0.197728 2 0.651891 0.198639 2 0.653988 0.211682 2 0.653760 0.210760 2
0 0.533854 0.388228 0.039435 0.120370 0.533817 0.345567 2 0.535434 0.343101 2 0.532400 0.342981 2 0.537659 0.343929 2 0.530204 0.344120 2 0.541089 0.355503 2 0.528360 0.358261 2 0.544116 0.367340 2 0.522771 0.366309 2 0.546659 0.375186 2 0.520762 0.359138 1 0.538394 0.391265 2 0.529494 0.393178 2 0.542681 0.411002 2 0.528419 0.418126 2 0.548909 0.423410 2 0.532855 0.438740 2
0 0.506324 0.475529 0.039435 0.157407 0.508161 0.416155 1 0.508647 0.413629 1 0.508947 0.413633 1 0.508400 0.417729 2 0.515144 0.416699 1 0.506262 0.437617 2 0.517650 0.431656 2 0.498044 0.453983 2 0.511804 0.435389 2 0.495402 0.442567 2 0.501833 0.426588 1 0.507306 0.478613 2 0.516043 0.476241 2 0.503909 0.509483 2 0.518305 0.508611 2 0.502480 0.539039 2 0.522005 0.537400 2
0 0.395089 0.392857 0.026786 0.134921 0.391232 0.411204 2 0.390174 0.408863 1 0.389836 0.409337 2 0.385233 0.410924 1 0.385935 0.412854 2 0.381471 0.426884 2 0.385924 0.429599 2 0.387304 0.447189 2 0.389933 0.452412 2 0.396533 0.459775 2 0.399182 0.463946 2 0.380407 0.469144 2 0.383727 0.471656 2 0.389383 0.480336 1 0.393862 0.484251 1 0.388371 0.484382 1 0.391662 0.485987 1
0 0.386533 0.453704 0.031994 0.156085 0.390923 0.411862 2 0.390213 0.409048 1 0.389632 0.409549 2 0.384857 0.411398 1 0.386003 0.412635 2 0.378372 0.427644 2 0.386785 0.430251 2 0.373472 0.442032 2 0.390343 0.453608 2 0.371603 0.451039 2 0.400019 0.463882 2 0.378114 0.469589 2 0.383820 0.470975 2 0.383977 0.494847 2 0.396325 0.492849 2 0.371673 0.520013 2 0.385801 0.516973 2
0 0.303943 0.392196 0.031994 0.125661 0.318003 0.376260 2 0.317458 0.373526 1 0.316429 0.373768 2 0.314357 0.375141 1 0.312038 0.376084 2 0.311369 0.391473 2 0.311831 0.393362 2 0.312625 0.414181 1 0.313627 0.419410 2 0.317967 0.427932 1 0.321626 0.436588 2 0.315702 0.435512 2 0.315845 0.437778 2 0.323053 0.463617 1 0.322873 0.466785 2 0.320363 0.479828 1 0.318141 0.479828 1
0 0.484747 0.394180 0.026042 0.140212 0.489674 0.344537 2 0.490876 0.341739 2 0.488287 0.341894 2 0.491433 0.342461 1 0.485864 0.342812 2 0.489920 0.356219 2 0.484798 0.357912 2 0.490198 0.373950 2 0.482468 0.379179 2 0.492792 0.386964 2 0.483600 0.399722 2 0.486363 0.391902 2 0.483947 0.392579 2 0.483501 0.417320 2 0.486762 0.419057 2 0.481360 0.439875 2 0.488960 0.443613 2
0 0.313616 0.433201 0.046875 0.162698 0.318011 0.376791 2 0.317393 0.373835 1 0.316414 0.374039 2 0.313886 0.375715 1 0.311818 0.376532 2 0.309856 0.393122 2 0.312003 0.395119 2 0.309428 0.416985 1 0.315379 0.420858 2 0.312284 0.436119 1 0.321722 0.437520 2 0.314578 0.436560 2 0.315780 0.438869 2 0.321673 0.462668 2 0.321949 0.465999 2 0.319556 0.490722 2 0.318287 0.493545 2
0 0.134301 0.371032 0.034970 0.125661 0.133178 0.321312 2 0.133796 0.318716 2 0.131498 0.319428 2 0.134551 0.319638 1 0.127991 0.321292 2 0.138304 0.332889 2 0.125550 0.336359 2 0.144469 0.346098 2 0.123828 0.353132 2 0.140631 0.353289 2 0.125453 0.370422 2 0.139694 0.367161 2 0.130887 0.369332 2 0.143185 0.392772 2 0.132567 0.396568 2 0.148909 0.417746 2 0.133964 0.422296 2
0 0.387277 0.308862 0.023065 0.109788 0.400432 0.344653 2 0.400221 0.341789 2 0.398751 0.342412 2 0.397151 0.342166 1 0.394463 0.344320 2 0.391924 0.356851 2 0.395119 0.360749 2 0.388208 0.375172 1 0.395525 0.381356 2 0.390625 0.380406 1 0.399637 0.382854 1 0.391339 0.384029 1 0.393318 0.384776 1 0.394628 0.375207 1 0.397148 0.380019 1 0.393762 0.381931 1 0.393967 0.384776 1
0 0.521577 0.201720 0.020833 0.091270 0.521937 0.169486 1 0.522261 0.167877 1 0.522175 0.167813 1 0.523180 0.168918 2 0.525883 0.168520 1 0.523395 0.178076 2 0.528384 0.177551 2 0.521882 0.189758 2 0.530901 0.186482 2 0.520110 0.200943 2 0.526559 0.193105 1 0.524262 0.200080 2 0.528321 0.199783 2 0.519879 0.215466 2 0.528163 0.217885 2 0.517667 0.233025 2 0.531519 0.234637 2
0 0.962426 0.282407 0.034970 0.117725 0.986239 0.278022 1 0.985745 0.275790 1 0.985878 0.275731 1 0.982506 0.276156 1 0.984041 0.276172 2 0.980837 0.287715 2 0.979595 0.287832 2 0.981240 0.304904 2 0.975747 0.305713 2 0.984342 0.317761 2 0.976409 0.323360 2 0.976579 0.319078 2 0.976307 0.319353 2 0.975176 0.338561 2 0.975471 0.340947 2 0.966438 0.354815 2 0.968506 0.357940 2
0 0.788690 0.275132 0.023810 0.095238 0.791571 0.242075 2 0.791357 0.240294 1 0.790719 0.240209 2 0.789796 0.241308 1 0.787426 0.240994 2 0.788803 0.251716 2 0.783466 0.250149 2 0.788976 0.266029 2 0.780270 0.263589 2 0.791704 0.272329 2 0.786671 0.272699 2 0.786795 0.273407 2 0.783114 0.274094 2 0.796297 0.280400 2 0.793067 0.281479 2 0.791072 0.301137 2 0.788804 0.302468 2
0 0.809152 0.269180 0.024554 0.088624 0.809294 0.241590 2 0.809290 0.239723 1 0.808611 0.239606 2 0.807957 0.240177 1 0.806062 0.240353 2 0.808114 0.246750 2 0.802090 0.251513 2 0.811031 0.261082 2 0.806600 0.265383 2 0.815216 0.268802 2 0.812144 0.273432 2 0.807468 0.268627 2 0.803055 0.273472 2 0.817706 0.267755 2 0.811676 0.283728 2 0.814017 0.282887 2 0.813204 0.305509 2
0 0.584449 0.204365 0.014137 0.046296 0.586947 0.190851 2 0.587563 0.189810 2 0.586465 0.189692 2 0.588419 0.190138 2 0.585701 0.189831 2 0.589195 0.195472 2 0.584642 0.195551 2 0.590475 0.202827 2 0.583660 0.201769 2 0.590457 0.209488 2 0.584850 0.205737 2 0.588510 0.206772 2 0.585532 0.207114 2 0.589213 0.212837 2 0.585843 0.214481 2 0.589073 0.220459 2 0.586160 0.223415 2
0 0.913690 0.914021 0.071429 0.166667 0.920530 0.861660 2 0.924895 0.858182 2 0.919366 0.855101 2 0.931645 0.863220 2 0.919228 0.856155 1 0.930180 0.887767 2 0.917573 0.883003 2 0.917591 0.902086 2 0.906655 0.900707 2 0.895497 0.904787 2 0.890061 0.907859 2 0.915871 0.955041 2 0.909077 0.949986 2 0.896598 0.983202 2 0.906993 0.977474 2 0.893029 1.000000 1 0.916586 1.000000 1
0 0.537946 0.322751 0.026786 0.103175 0.533951 0.345585 2 0.535494 0.343154 2 0.532481 0.343088 2 0.537775 0.344177 2 0.530346 0.344196 2 0.540251 0.355841 2 0.528277 0.357268 2 0.543920 0.366331 2 0.523968 0.367900 2 0.543355 0.372451 2 0.522961 0.363161 2 0.538635 0.389088 2 0.530563 0.389744 2 0.540187 0.391698 1 0.529086 0.392425 1 0.539488 0.391363 1 0.529033 0.392962 1
0 0.478051 0.153439 0.017113 0.063492 0.478406 0.133935 2 0.478900 0.132699 2 0.477775 0.132820 2 0.479595 0.133069 2 0.476848 0.133366 2 0.481178 0.139386 2 0.475903 0.139898 2 0.483801 0.146130 2 0.473556 0.146760 2 0.481839 0.148581 2 0.471847 0.148421 2 0.481099 0.156194 2 0.477581 0.156350 2 0.482339 0.169852 2 0.477971 0.169931 2 0.484009 0.183754 2 0.477997 0.183683 2
0 0.095982 0.316799 0.017857 0.064815 0.094995 0.295238 2 0.095458 0.293457 2 0.093990 0.294237 2 0.096489 0.292764 2 0.092632 0.294823 2 0.097958 0.297549 2 0.092617 0.301848 2 0.101284 0.299554 2 0.092024 0.309498 2 0.100291 0.304824 2 0.093944 0.309456 2 0.097600 0.313263 2 0.093609 0.314716 2 0.098297 0.324774 2 0.090525 0.325473 2 0.099480 0.337967 2 0.088602 0.336816 2
0 0.614955 0.143519 0.020089 0.067460 0.619576 0.121533 2 0.620149 0.120366 2 0.618859 0.120349 2 0.620723 0.121020 2 0.617474 0.120737 2 0.621307 0.128821 2 0.615673 0.127671 2 0.622018 0.137473 2 0.614014 0.136491 2 0.622125 0.145065 2 0.614320 0.145329 2 0.620284 0.146822 2 0.616348 0.146209 2 0.620611 0.161121 2 0.615476 0.158968 2 0.619998 0.174338 2 0.612994 0.170595 2
0 0.201265 0.201058 0.017113 0.037037 0.196910 0.192465 1 0.196921 0.191757 1 0.197264 0.191647 1 0.197130 0.192077 2 0.199734 0.191620 2 0.196491 0.196625 2 0.200989 0.195799 2 0.196315 0.202527 2 0.202101 0.201220 2 0.196279 0.206722 2 0.202510 0.205333 1 0.198319 0.205928 2 0.201760 0.205605 2 0.196542 0.210141 2 0.202078 0.210465 2 0.196692 0.216888 2 0.203313 0.215644 2
0 0.178571 0.141534 0.013393 0.055556 0.177766 0.124928 1 0.177798 0.123874 1 0.178001 0.123776 1 0.177688 0.124457 2 0.180233 0.123993 2 0.177432 0.130834 2 0.182377 0.129747 2 0.176831 0.137121 2 0.184172 0.135540 2 0.177401 0.135341 1 0.183850 0.138120 1 0.179567 0.146233 2 0.182896 0.145723 2 0.180018 0.157635 2 0.183315 0.157298 2 0.180538 0.168435 2 0.183606 0.168610 2
0 0.799479 0.187169 0.017113 0.062169 0.800501 0.166357 1 0.800115 0.165185 1 0.800481 0.165412 1 0.797519 0.165829 2 0.800708 0.166618 2 0.795964 0.172075 2 0.800992 0.173669 2 0.794221 0.178257 2 0.801675 0.180846 2 0.794426 0.182287 1 0.800951 0.186571 2 0.795383 0.187231 2 0.798996 0.187967 2 0.794093 0.197835 2 0.798769 0.199076 2 0.792887 0.208161 2 0.798561 0.209960 2
0 0.425967 0.115741 0.014137 0.059524 0.427517 0.095698 1 0.427289 0.094698 1 0.427477 0.094700 1 0.425498 0.095095 1 0.427697 0.095184 2 0.424109 0.101003 2 0.428245 0.100579 2 0.423350 0.107687 2 0.429023 0.107452 2 0.424345 0.111674 1 0.429745 0.113530 2 0.424975 0.114972 2 0.428065 0.114771 2 0.424914 0.126206 2 0.429525 0.124852 2 0.424895 0.137269 2 0.430089 0.135171 2
0 0.401414 0.092593 0.012649 0.052910 0.402819 0.076392 2 0.403258 0.075523 2 0.402341 0.075514 2 0.403869 0.076014 2 0.401641 0.076009 2 0.404907 0.081433 2 0.400532 0.081436 2 0.406384 0.087002 2 0.399505 0.087015 2 0.405949 0.092467 2 0.400032 0.091853 2 0.404040 0.093460 2 0.401134 0.093427 2 0.403981 0.101722 2 0.401157 0.101834 2 0.404122 0.110344 2 0.400996 0.110293 2
0 0.134301 0.110450 0.015625 0.051587 0.132576 0.094226 1 0.132995 0.093331 1 0.132188 0.093349 1 0.133623 0.093314 1 0.131808 0.093369 2 0.134484 0.097781 2 0.131187 0.098093 2 0.136095 0.103381 2 0.129803 0.104105 2 0.135898 0.107412 2 0.130436 0.109749 2 0.134305 0.108651 2 0.132339 0.108946 2 0.134483 0.117014 2 0.133298 0.117647 2 0.136077 0.126232 2 0.134578 0.127139 2
0 0.825149 0.175265 0.014881 0.048942 0.824485 0.159199 1 0.824628 0.158091 2 0.824863 0.158091 1 0.825626 0.158107 2 0.827204 0.157874 1 0.826147 0.163999 2 0.828690 0.163525 2 0.825853 0.172310 2 0.828906 0.171512 1 0.824604 0.178497 2 0.826836 0.177232 1 0.826221 0.177550 2 0.827973 0.176935 2 0.823962 0.184567 2 0.825087 0.184184 2 0.824278 0.192092 2 0.825190 0.191559 2
0 0.973586 0.321429 0.029018 0.124339 0.987125 0.277357 2 0.986856 0.275047 1 0.986322 0.275064 2 0.984350 0.275792 1 0.983217 0.275946 2 0.981792 0.287673 2 0.979363 0.288211 2 0.980608 0.305109 2 0.975725 0.305651 2 0.984248 0.318486 2 0.976500 0.322782 2 0.977074 0.318147 2 0.975898 0.318623 2 0.975714 0.338459 2 0.975514 0.341495 2 0.966593 0.356968 2 0.968204 0.361001 2
0 0.172991 0.101852 0.014137 0.044974 0.177607 0.123253 1 0.177648 0.122471 1 0.177837 0.122395 1 0.177769 0.123490 2 0.179965 0.123174 2 0.177470 0.128778 2 0.181304 0.128285 2 0.176891 0.131882 1 0.181875 0.131882 1 0.176888 0.131443 1 0.180958 0.131011 1 0.178443 0.131882 1 0.181003 0.131882 1 0.178016 0.130441 1 0.179872 0.130218 1 0.178700 0.131882 1 0.179626 0.131882 1
0 0.746652 0.132275 0.017113 0.052910 0.748283 0.115327 2 0.748752 0.114225 2 0.747685 0.114133 2 0.749138 0.114714 1 0.746295 0.114339 2 0.749667 0.121098 2 0.744610 0.120638 2 0.750739 0.128793 2 0.743657 0.128417 2 0.750500 0.131603 2 0.744689 0.131828 2 0.748409 0.134980 2 0.744934 0.134849 2 0.747979 0.145262 2 0.744177 0.145094 2 0.747637 0.156275 2 0.743342 0.155968 2
0 0.955729 0.173280 0.020089 0.063492 0.952964 0.156591 2 0.953069 0.155109 2 0.953216 0.155213 1 0.954847 0.154242 2 0.956306 0.154335 1 0.955682 0.160388 2 0.959471 0.160036 2 0.954234 0.170035 2 0.959375 0.169122 1 0.951138 0.177387 2 0.954241 0.174621 1 0.954444 0.179711 2 0.957074 0.178936 2 0.952553 0.193927 2 0.954043 0.193704 2 0.951668 0.209024 2 0.952423 0.208439 2
0 0.905506 0.187169 0.020833 0.041005 0.904345 0.177376 2 0.905303 0.175687 2 0.903936 0.175726 2 0.907044 0.175865 2 0.903625 0.175789 1 0.908451 0.181039 2 0.902165 0.180902 2 0.907082 0.190485 2 0.899505 0.189314 2 0.900911 0.195381 2 0.898896 0.195482 2 0.906720 0.196065 2 0.902423 0.195573 2 0.906980 0.190450 2 0.897821 0.190284 2 0.901258 0.197906 2 0.898818 0.198682 2
0 0.941220 0.193122 0.019345 0.034392 0.941661 0.183690 2 0.942495 0.181957 2 0.940981 0.181936 2 0.943544 0.182560 2 0.940225 0.182519 2 0.944583 0.188730 2 0.939628 0.186844 2 0.944157 0.198600 2 0.936157 0.192581 2 0.937755 0.199126 2 0.933832 0.196801 2 0.943059 0.201970 2 0.939927 0.200348 2 0.940550 0.201600 2 0.933054 0.200774 2 0.936975 0.206757 2 0.938241 0.205820 2
0 0.925967 0.189815 0.018601 0.035714 0.926885 0.186677 2 0.927413 0.184440 2 0.925734 0.185251 2 0.928515 0.183445 1 0.924320 0.185582 2 0.931176 0.189027 2 0.923450 0.192445 2 0.934862 0.195181 2 0.922098 0.199925 2 0.934040 0.196989 2 0.923336 0.201278 2 0.931286 0.201046 2 0.925960 0.202720 2 0.933432 0.200655 2 0.921979 0.203628 2 0.933662 0.203930 1 0.925579 0.205484 1
