0 0.629092 0.382937 0.046875 0.128307 0.620130 0.333384 1 0.620457 0.331179 1 0.621093 0.331297 1 0.621999 0.333050 2 0.628367 0.332536 2 0.621525 0.346827 2 0.633150 0.345311 2 0.616843 0.362410 2 0.641670 0.357256 2 0.612633 0.373177 2 0.651205 0.367865 2 0.626316 0.385547 2 0.634113 0.384873 2 0.618677 0.409205 2 0.631737 0.410570 2 0.620189 0.439153 2 0.638725 0.438527 2
0 0.664062 0.182540 0.020089 0.071429 0.665156 0.154194 1 0.665213 0.152720 1 0.665416 0.152904 1 0.664209 0.153405 2 0.667798 0.153610 2 0.662169 0.161250 2 0.669375 0.161645 2 0.660036 0.171205 2 0.670814 0.171721 2 0.659556 0.178274 2 0.670015 0.179235 2 0.662364 0.179230 2 0.667602 0.179365 2 0.660218 0.193908 2 0.667156 0.195233 2 0.658243 0.209808 2 0.666277 0.210412 2
0 0.703125 0.458333 0.038690 0.167989 0.690120 0.398760 1 0.691000 0.395466 1 0.691711 0.395190 1 0.691790 0.398245 2 0.698366 0.396534 1 0.694207 0.416807 2 0.702640 0.413209 2 0.699149 0.438244 2 0.708880 0.435640 2 0.692860 0.440684 2 0.699356 0.439404 2 0.701988 0.462623 2 0.706799 0.459745 2 0.701262 0.497459 2 0.697427 0.486990 2 0.716776 0.524113 2 0.713116 0.508920 2
0 0.552827 0.375000 0.029762 0.107143 0.560992 0.336985 1 0.559888 0.334606 1 0.560661 0.335191 1 0.553559 0.335934 2 0.559887 0.338045 2 0.549241 0.348949 2 0.560297 0.352882 2 0.545060 0.364456 2 0.561464 0.372169 2 0.545600 0.378415 1 0.563191 0.383261 2 0.548357 0.378878 2 0.556503 0.380970 2 0.552363 0.391977 2 0.564848 0.393058 2 0.548957 0.414371 2 0.564326 0.416476 2
0 0.403274 0.417989 0.028274 0.150794 0.413870 0.364905 1 0.412665 0.362054 1 0.413320 0.362236 1 0.405600 0.363040 1 0.411154 0.364490 2 0.400539 0.376259 2 0.410241 0.380895 2 0.393422 0.385526 2 0.411825 0.397981 2 0.400120 0.391472 2 0.414313 0.396355 2 0.401987 0.418011 2 0.408693 0.420365 2 0.405597 0.450825 2 0.413534 0.451326 2 0.403103 0.482388 2 0.416208 0.483968 2
0 0.477307 0.504630 0.033482 0.165344 0.468091 0.441026 1 0.468028 0.438243 1 0.468663 0.437681 1 0.465894 0.441109 2 0.474180 0.439250 2 0.464456 0.460566 2 0.479521 0.458315 2 0.462834 0.484875 2 0.484057 0.478473 2 0.461391 0.502867 2 0.490202 0.497711 2 0.470112 0.503490 2 0.480905 0.503065 2 0.469433 0.534804 2 0.483909 0.537247 2 0.469411 0.564185 2 0.485454 0.572230 2
0 0.336682 0.431878 0.026042 0.136243 0.339732 0.382594 2 0.340511 0.379534 2 0.338609 0.379459 2 0.339214 0.379567 1 0.334793 0.378882 2 0.340256 0.388990 2 0.330815 0.391614 2 0.342521 0.403496 2 0.339057 0.406413 2 0.340558 0.399443 2 0.342332 0.391812 2 0.341084 0.421408 2 0.335218 0.423481 2 0.339968 0.451401 2 0.341493 0.455482 2 0.331043 0.474425 2 0.346587 0.482477 2
0 0.622396 0.341270 0.031994 0.103175 0.620154 0.333998 1 0.620407 0.331585 1 0.621342 0.331631 1 0.621654 0.332788 2 0.628527 0.331855 1 0.621251 0.347054 2 0.633908 0.344698 2 0.615577 0.367056 2 0.641771 0.359019 2 0.612363 0.374072 2 0.643442 0.362841 2 0.625914 0.389529 2 0.633861 0.388412 2 0.619518 0.409853 1 0.629602 0.410188 1 0.621108 0.408893 1 0.632691 0.408863 1
0 0.360863 0.392196 0.029762 0.141534 0.365590 0.343380 2 0.365372 0.340566 1 0.364444 0.340642 2 0.363150 0.341605 1 0.360544 0.342120 2 0.362150 0.354325 2 0.357235 0.357545 2 0.362451 0.373736 2 0.358132 0.374716 2 0.364839 0.383753 2 0.363824 0.361337 2 0.359493 0.388485 2 0.355876 0.390804 2 0.361617 0.416700 2 0.357083 0.422459 2 0.355858 0.443350 2 0.352869 0.451972 2
0 0.311012 0.457672 0.037202 0.164021 0.314994 0.396371 2 0.313459 0.393591 1 0.314028 0.394236 2 0.308104 0.395230 1 0.310632 0.397746 2 0.304993 0.412213 2 0.308946 0.416355 2 0.304614 0.437324 1 0.306278 0.440170 2 0.305823 0.457720 1 0.305849 0.464418 2 0.303504 0.458997 2 0.305845 0.461734 2 0.305578 0.487687 2 0.303614 0.497765 2 0.305564 0.517368 2 0.297724 0.529952 2
0 0.133929 0.370370 0.037202 0.126984 0.130555 0.328490 2 0.131733 0.326006 2 0.129330 0.326282 2 0.133669 0.323029 2 0.127094 0.323797 2 0.137462 0.331284 2 0.124657 0.333600 2 0.143533 0.344230 2 0.122277 0.349644 2 0.138143 0.351237 2 0.125062 0.366291 2 0.138883 0.366082 2 0.130189 0.367557 2 0.142573 0.391053 2 0.132251 0.394301 2 0.147698 0.416814 2 0.133592 0.420919 2
0 0.262649 0.336640 0.022321 0.109788 0.258403 0.294610 2 0.260111 0.293176 2 0.258599 0.292213 2 0.263092 0.294998 2 0.259748 0.293030 1 0.261451 0.306485 2 0.261194 0.304970 2 0.254361 0.316409 2 0.253919 0.314106 1 0.251870 0.310005 2 0.252162 0.311830 1 0.259360 0.337751 2 0.258013 0.336806 2 0.260038 0.362138 2 0.257373 0.361271 2 0.273513 0.376059 2 0.260397 0.382808 2
0 0.549479 0.199074 0.021577 0.091270 0.550004 0.171173 1 0.550072 0.169462 1 0.550083 0.169837 1 0.548118 0.170238 2 0.551980 0.170969 2 0.545298 0.179163 2 0.553260 0.180696 2 0.541878 0.189223 2 0.556190 0.192444 2 0.540143 0.201846 2 0.559630 0.201968 2 0.544766 0.202555 2 0.550598 0.203140 2 0.542220 0.220196 2 0.552329 0.220786 2 0.539991 0.238398 2 0.553486 0.238024 2
0 0.940476 0.304894 0.037202 0.125661 0.949400 0.265357 1 0.948787 0.262473 1 0.949682 0.263424 1 0.944369 0.261583 2 0.950958 0.263947 2 0.938940 0.273442 2 0.952852 0.276609 2 0.932827 0.289312 2 0.955918 0.291720 2 0.929229 0.302904 2 0.954478 0.294921 2 0.936061 0.309430 2 0.944598 0.310622 2 0.935821 0.333433 2 0.940027 0.335755 2 0.934910 0.356899 2 0.934751 0.357792 2
0 0.790179 0.275794 0.025298 0.101852 0.791326 0.239983 2 0.791283 0.238206 2 0.790577 0.238040 2 0.790095 0.239042 1 0.787632 0.238536 2 0.788931 0.248736 2 0.783224 0.247783 2 0.788724 0.262515 2 0.780639 0.262394 2 0.790748 0.270906 2 0.786296 0.271031 2 0.787010 0.269415 2 0.782908 0.270309 2 0.796977 0.278525 2 0.792188 0.278903 2 0.793726 0.300321 2 0.790019 0.299959 2
0 0.808408 0.269841 0.024554 0.092593 0.809541 0.239904 2 0.809596 0.238162 2 0.808675 0.238119 2 0.808461 0.238728 1 0.806033 0.238788 2 0.807994 0.246610 2 0.803194 0.248070 2 0.810647 0.259201 2 0.806750 0.262393 2 0.814136 0.268154 2 0.812517 0.272112 2 0.807388 0.269208 2 0.804073 0.271196 2 0.815217 0.274241 2 0.811399 0.278818 2 0.813000 0.294725 2 0.812579 0.299738 2
0 0.847470 0.877646 0.059524 0.226190 0.861622 0.805291 2 0.864806 0.801380 2 0.858995 0.799928 2 0.868283 0.804103 2 0.853375 0.799968 2 0.869667 0.828103 2 0.846449 0.823907 2 0.875176 0.852688 2 0.843723 0.853538 2 0.881915 0.874449 2 0.850936 0.873337 2 0.861050 0.885868 2 0.845308 0.883140 2 0.855550 0.929723 2 0.837419 0.922329 2 0.848940 0.971164 2 0.829167 0.965079 2
0 0.538318 0.325397 0.026042 0.108466 0.553882 0.337266 1 0.554102 0.334981 1 0.554428 0.335300 1 0.552773 0.336062 2 0.555978 0.336750 1 0.548623 0.348854 2 0.555978 0.350470 1 0.544846 0.366559 2 0.554613 0.370078 1 0.546603 0.381311 2 0.552905 0.385406 1 0.548680 0.381958 2 0.553966 0.383096 2 0.551706 0.390633 2 0.553883 0.392769 1 0.551442 0.396384 2 0.551032 0.396849 1
0 0.520461 0.297619 0.026042 0.089947 0.515707 0.272237 2 0.516480 0.270331 2 0.514749 0.270776 2 0.517882 0.268704 2 0.513485 0.269679 2 0.520225 0.276059 2 0.511596 0.276404 2 0.522403 0.287880 2 0.509663 0.287094 2 0.520640 0.297148 2 0.512846 0.294404 2 0.519508 0.301744 2 0.513905 0.301949 2 0.519597 0.321706 2 0.515274 0.321356 2 0.520018 0.341024 2 0.515742 0.338834 2
0 0.492560 0.157407 0.017857 0.063492 0.496074 0.187040 2 0.496534 0.185789 2 0.495156 0.185683 2 0.496699 0.186801 1 0.493156 0.186670 2 0.496191 0.195185 2 0.491744 0.196075 2 0.498667 0.198830 1 0.491451 0.201058 1 0.500053 0.199439 1 0.495146 0.200057 1 0.495473 0.201058 1 0.492619 0.201058 1 0.499100 0.198782 1 0.497744 0.200452 1 0.498912 0.201058 1 0.496662 0.201058 1
0 0.095238 0.314153 0.017857 0.067460 0.094704 0.294535 2 0.095022 0.292717 2 0.093408 0.293603 2 0.095466 0.293000 1 0.091426 0.295183 2 0.097185 0.299805 2 0.091770 0.302398 2 0.099953 0.305476 2 0.092093 0.309573 2 0.099416 0.307957 2 0.095160 0.309724 2 0.097577 0.315960 2 0.094105 0.316873 2 0.097670 0.325875 2 0.094911 0.326348 2 0.098336 0.336972 2 0.095783 0.337003 2
0 0.644345 0.142196 0.013393 0.070106 0.649851 0.113922 1 0.649845 0.112659 1 0.649169 0.112794 1 0.648968 0.113923 1 0.647889 0.113888 2 0.649503 0.122092 2 0.648043 0.118626 2 0.651305 0.128184 2 0.650128 0.112275 2 0.652438 0.127856 2 0.650077 0.108471 2 0.648799 0.137683 2 0.648134 0.136785 2 0.647725 0.151129 2 0.649963 0.153246 2 0.644485 0.163520 2 0.650138 0.166534 2
0 0.181176 0.159392 0.017113 0.035714 0.180060 0.150322 1 0.179985 0.149578 1 0.180337 0.149362 1 0.179710 0.149737 2 0.181945 0.149112 2 0.179331 0.154039 2 0.183262 0.153115 2 0.179250 0.159835 2 0.184506 0.158127 2 0.179778 0.163750 1 0.184380 0.161999 1 0.180841 0.162294 2 0.183540 0.161955 2 0.181481 0.168825 2 0.183853 0.168580 2 0.182104 0.172616 2 0.183964 0.172810 2
0 0.168527 0.132937 0.015625 0.046296 0.170951 0.121278 2 0.171149 0.120076 1 0.170432 0.120079 2 0.171162 0.120461 1 0.169547 0.120633 2 0.172020 0.124099 2 0.168705 0.126745 2 0.176332 0.122746 2 0.168791 0.132832 2 0.177655 0.119770 2 0.172167 0.132635 2 0.170958 0.138972 2 0.168776 0.140041 2 0.173213 0.146891 2 0.168340 0.148495 2 0.169618 0.154184 2 0.166603 0.156952 2
0 0.803943 0.213624 0.017113 0.062169 0.808825 0.240256 2 0.808817 0.238730 2 0.808020 0.238810 2 0.807793 0.238694 1 0.805171 0.239062 2 0.808496 0.246656 2 0.801388 0.247306 2 0.810161 0.255286 2 0.800377 0.256225 1 0.809128 0.255091 1 0.804415 0.255298 1 0.807002 0.256490 1 0.802112 0.256490 1 0.808659 0.250875 1 0.804243 0.252846 1 0.806780 0.256390 1 0.803201 0.256490 1
0 0.444196 0.106481 0.013393 0.054233 0.447693 0.098614 1 0.447520 0.097510 1 0.447804 0.097601 1 0.446093 0.097184 1 0.448324 0.097517 2 0.444500 0.101752 2 0.448447 0.102309 2 0.442182 0.107730 2 0.449549 0.108885 2 0.441703 0.114047 2 0.449647 0.114064 2 0.444533 0.114816 2 0.447090 0.115053 2 0.444423 0.124107 2 0.446636 0.124081 2 0.444002 0.133632 2 0.446401 0.132664 2
0 0.397693 0.096561 0.012649 0.052910 0.396211 0.076762 2 0.396558 0.075763 2 0.395598 0.075973 2 0.397053 0.076174 1 0.394731 0.076647 2 0.398246 0.081513 2 0.394083 0.082213 2 0.399460 0.087408 2 0.393542 0.088664 2 0.399585 0.092860 2 0.394045 0.094352 2 0.398369 0.093209 2 0.395641 0.093623 2 0.398641 0.101051 2 0.396147 0.101483 2 0.398947 0.109307 2 0.396426 0.109660 2
0 0.134301 0.103175 0.014137 0.050265 0.130892 0.087727 1 0.131073 0.086698 2 0.130982 0.086778 1 0.131960 0.086417 2 0.132273 0.086539 1 0.133156 0.090787 2 0.133513 0.090989 2 0.133974 0.097508 2 0.133920 0.097898 1 0.133365 0.103841 2 0.133201 0.103638 1 0.134874 0.103384 2 0.135036 0.103394 2 0.135213 0.112733 2 0.134557 0.112482 2 0.137149 0.121766 2 0.135753 0.121508 2
0 0.793527 0.162037 0.014137 0.048942 0.793045 0.146740 1 0.793225 0.145738 1 0.793665 0.145767 1 0.793695 0.146779 2 0.796095 0.146464 1 0.793712 0.153212 2 0.796380 0.152489 2 0.792554 0.160535 2 0.794757 0.159260 1 0.791965 0.164358 2 0.792553 0.161776 1 0.793511 0.166916 2 0.795361 0.166244 2 0.791465 0.171121 2 0.792793 0.170077 1 0.791988 0.175817 1 0.792878 0.175023 1
0 0.718378 0.144841 0.012649 0.048942 0.722302 0.129273 1 0.721789 0.128238 1 0.722283 0.128319 1 0.719816 0.128482 1 0.721740 0.128980 2 0.719132 0.134470 2 0.720270 0.135343 2 0.718023 0.141320 1 0.720645 0.143398 2 0.718100 0.147833 1 0.721459 0.149726 2 0.719261 0.148850 2 0.719480 0.149314 2 0.720818 0.158741 2 0.717821 0.158999 2 0.720720 0.167341 2 0.715015 0.166576 2
0 0.431176 0.122354 0.014137 0.062169 0.430996 0.101635 1 0.431280 0.100611 2 0.431185 0.100558 1 0.432820 0.101168 2 0.433345 0.100982 1 0.433932 0.106930 2 0.433630 0.106537 2 0.434171 0.114091 2 0.432337 0.112551 1 0.432337 0.120677 2 0.430229 0.115006 1 0.433461 0.120061 2 0.433806 0.119732 2 0.431902 0.129587 2 0.434814 0.130261 2 0.430426 0.139254 2 0.435899 0.138836 2
0 0.577753 0.279762 0.014137 0.056878 0.575060 0.240741 1 0.574909 0.240741 1 0.574814 0.240741 1 0.573807 0.240741 1 0.573821 0.240741 1 0.573840 0.240741 1 0.573748 0.240741 1 0.578317 0.245023 2 0.578269 0.245196 2 0.580863 0.250616 2 0.580905 0.250722 2 0.571020 0.257460 2 0.570657 0.257240 2 0.572265 0.273544 1 0.571802 0.273256 2 0.572483 0.285809 1 0.572097 0.285987 1
0 0.562500 0.094577 0.011905 0.038360 0.561563 0.081512 1 0.561848 0.080706 1 0.561814 0.080810 1 0.562628 0.081515 2 0.563216 0.081483 1 0.563108 0.086065 2 0.563278 0.085952 2 0.563832 0.090193 2 0.562779 0.089579 2 0.564011 0.093658 2 0.562290 0.091692 2 0.562922 0.096251 2 0.563148 0.096103 2 0.562497 0.104251 2 0.562691 0.104192 2 0.562776 0.112298 2 0.563304 0.112341 2
0 0.494792 0.220238 0.017857 0.078042 0.496202 0.187135 2 0.496673 0.185608 2 0.495254 0.185601 2 0.497100 0.186828 1 0.493270 0.186616 2 0.497212 0.196975 2 0.491395 0.196425 2 0.497936 0.207475 2 0.490319 0.208660 2 0.498120 0.205844 2 0.495257 0.208036 2 0.497411 0.219637 2 0.492605 0.219413 2 0.499056 0.238175 2 0.491611 0.236679 2 0.498823 0.256596 2 0.486352 0.253294 2
0 0.739211 0.133598 0.017113 0.052910 0.736603 0.114500 2 0.737143 0.113469 2 0.735553 0.112874 2 0.737284 0.115493 1 0.733040 0.114365 2 0.737963 0.124052 2 0.729657 0.123256 2 0.738631 0.129311 1 0.728711 0.129482 1 0.736389 0.129697 1 0.732619 0.128590 1 0.736563 0.134887 1 0.731135 0.135010 1 0.737769 0.128921 1 0.732250 0.129526 1 0.734913 0.130684 1 0.733605 0.130884 1
0 0.990699 0.289021 0.017113 0.123016 0.991997 0.258372 1 0.992193 0.256579 1 0.992452 0.256815 1 0.993431 0.256469 2 0.996127 0.257026 1 0.993760 0.262688 2 0.997409 0.263331 2 0.988021 0.266740 2 0.990997 0.269163 1 0.983586 0.267915 2 0.984676 0.268076 1 0.993044 0.292166 2 0.995575 0.291431 2 0.986857 0.308141 2 0.990380 0.306727 2 0.989052 0.325535 2 0.992663 0.323218 2
0 0.955729 0.174603 0.020089 0.063492 0.953327 0.155788 2 0.953778 0.154101 2 0.953194 0.154432 1 0.955500 0.153666 2 0.955019 0.154062 1 0.955559 0.161607 2 0.957777 0.160793 2 0.953111 0.174602 2 0.955987 0.171934 1 0.950985 0.183229 2 0.952051 0.180603 1 0.954603 0.180594 2 0.956186 0.179645 2 0.951207 0.191920 2 0.952480 0.190962 2 0.951567 0.206103 2 0.951666 0.204820 2
0 0.904762 0.185185 0.020833 0.044974 0.902891 0.175136 2 0.903616 0.173694 2 0.902451 0.173821 1 0.905274 0.173887 2 0.902445 0.174057 1 0.907164 0.178958 2 0.901902 0.178953 2 0.907189 0.187718 2 0.900385 0.186690 2 0.902107 0.192923 2 0.900065 0.191581 2 0.906726 0.191616 2 0.903212 0.191116 2 0.905569 0.190772 2 0.900233 0.190301 2 0.900720 0.197256 2 0.899479 0.197019 2
0 0.940848 0.193783 0.018601 0.035714 0.938628 0.180738 2 0.939435 0.179217 2 0.938534 0.179519 2 0.941795 0.179698 2 0.939341 0.180184 1 0.944823 0.185806 2 0.939070 0.185432 2 0.944470 0.195503 2 0.937086 0.192273 2 0.938413 0.196791 2 0.935022 0.194184 2 0.943557 0.199338 2 0.939605 0.198053 2 0.938273 0.197768 2 0.932992 0.196629 2 0.937783 0.204604 2 0.936746 0.204496 2
0 0.925967 0.189815 0.018601 0.035714 0.926376 0.176302 2 0.927077 0.175101 2 0.926506 0.175022 1 0.929018 0.175706 2 0.927274 0.175284 1 0.931408 0.182376 2 0.927179 0.181346 2 0.931717 0.190750 2 0.925912 0.187778 2 0.927361 0.194545 2 0.925611 0.192019 2 0.930819 0.193942 2 0.927706 0.192575 2 0.926851 0.196660 2 0.922508 0.194386 2 0.928052 0.201768 2 0.924797 0.201194 2
