0 0.467634 0.946429 0.081101 0.099206 0.439483 0.922120 2 0.441697 0.915389 2 0.436298 0.917986 2 0.447194 0.913362 2 0.434312 0.919588 2 0.457114 0.927885 2 0.433868 0.936670 2 0.466310 0.954583 2 0.436068 0.968686 2 0.476379 0.970367 2 0.444635 0.980055 2 0.460838 0.972335 2 0.444516 0.977695 2 0.476172 0.986974 2 0.442022 0.992765 2 0.470624 0.989647 1 0.452907 0.992846 1
0 0.113095 0.755952 0.056548 0.160053 0.112163 0.695466 2 0.114428 0.692346 2 0.110808 0.692395 2 0.118546 0.694321 2 0.108881 0.695135 2 0.122151 0.711152 2 0.106283 0.713304 2 0.126425 0.725104 2 0.097787 0.725355 2 0.123174 0.733913 2 0.090456 0.736095 2 0.122857 0.755934 2 0.111419 0.757230 2 0.128535 0.784477 2 0.106697 0.788132 2 0.136908 0.808931 2 0.109603 0.812982 2
0 0.492188 0.680556 0.039435 0.146825 0.483698 0.629853 2 0.484510 0.626180 2 0.482845 0.627598 2 0.488555 0.621609 2 0.483676 0.625370 1 0.496745 0.631714 2 0.483448 0.636641 2 0.504007 0.644385 2 0.483464 0.656702 2 0.506177 0.657100 2 0.483272 0.663473 2 0.495575 0.676226 2 0.485094 0.676985 2 0.501033 0.708846 2 0.479392 0.704869 2 0.504718 0.744745 2 0.476053 0.736197 2
0 0.482887 0.684524 0.032738 0.125661 0.483143 0.627279 2 0.484195 0.623958 2 0.482384 0.625144 2 0.488881 0.621463 2 0.483730 0.624316 1 0.497172 0.633046 2 0.483911 0.636319 2 0.504348 0.648022 2 0.484262 0.654315 2 0.503431 0.662873 2 0.484342 0.664819 2 0.495458 0.676804 2 0.485017 0.676880 2 0.499466 0.709351 2 0.479974 0.706240 2 0.503081 0.742203 2 0.475906 0.736964 2
0 0.430432 0.534392 0.021577 0.097884 0.431730 0.500196 1 0.431088 0.498256 1 0.431825 0.498336 1 0.427243 0.499175 2 0.432635 0.499545 2 0.424856 0.509851 2 0.433892 0.510495 2 0.423020 0.522215 2 0.437147 0.522157 2 0.422143 0.531783 2 0.438685 0.530087 2 0.426786 0.531681 2 0.432984 0.532254 2 0.426253 0.550076 2 0.432919 0.551512 2 0.425093 0.569415 2 0.432107 0.571099 2
0 0.473214 0.568122 0.020833 0.104497 0.474793 0.530970 1 0.474396 0.528896 1 0.475011 0.529119 1 0.470853 0.530067 2 0.476186 0.530718 2 0.467692 0.541937 2 0.477942 0.542722 2 0.465572 0.557064 2 0.479817 0.556030 2 0.466146 0.568206 2 0.477957 0.559818 2 0.469007 0.571833 2 0.475871 0.572283 2 0.469274 0.593254 2 0.474622 0.593867 2 0.470108 0.611884 2 0.473345 0.612376 2
0 0.451265 0.535714 0.026042 0.097884 0.446600 0.497673 1 0.446313 0.496056 1 0.446901 0.495703 1 0.444766 0.497274 2 0.449886 0.496150 2 0.443742 0.508316 2 0.454158 0.505848 2 0.442364 0.521589 2 0.457959 0.519057 2 0.443236 0.523277 2 0.460076 0.529531 2 0.448252 0.534676 2 0.455230 0.533378 2 0.449502 0.555075 2 0.456393 0.552274 2 0.450652 0.573925 2 0.456308 0.573191 2
0 0.490699 0.544974 0.015625 0.076720 0.491626 0.514532 1 0.491332 0.513111 1 0.491833 0.513139 1 0.489127 0.513929 2 0.493127 0.514095 2 0.487489 0.522657 2 0.494674 0.523143 2 0.486221 0.533613 2 0.496103 0.533951 2 0.486309 0.543746 2 0.496233 0.543694 2 0.488577 0.543515 2 0.493553 0.543728 2 0.488755 0.557123 2 0.493353 0.557961 2 0.488961 0.570380 2 0.492691 0.572487 2
0 0.499628 0.525794 0.017113 0.088624 0.492711 0.514629 1 0.492113 0.513159 1 0.492834 0.513164 1 0.489092 0.514119 1 0.493445 0.514478 2 0.488095 0.522969 2 0.494376 0.523859 2 0.488095 0.534018 1 0.496291 0.535254 2 0.488122 0.543426 1 0.497336 0.545895 2 0.488449 0.543134 2 0.493311 0.543554 2 0.488748 0.556448 2 0.493200 0.557653 2 0.488744 0.570073 2 0.492376 0.572789 2
0 0.461682 0.498677 0.015625 0.082011 0.451821 0.494898 1 0.451771 0.493171 1 0.451645 0.493206 1 0.450954 0.494778 1 0.452656 0.494665 1 0.452301 0.505720 1 0.455269 0.505574 2 0.457782 0.518826 1 0.458917 0.519246 2 0.460567 0.528515 1 0.460901 0.528734 2 0.452685 0.533130 2 0.455241 0.532566 2 0.451891 0.553106 1 0.456991 0.550995 2 0.451129 0.555080 1 0.457906 0.555080 1
0 0.447545 0.492725 0.015625 0.083333 0.447573 0.496965 1 0.447069 0.495725 1 0.447850 0.495165 1 0.444609 0.497456 2 0.449895 0.495880 2 0.444139 0.508551 2 0.454233 0.504735 2 0.442850 0.521012 2 0.457381 0.516520 2 0.442343 0.515705 2 0.457655 0.527256 2 0.448389 0.534879 2 0.455206 0.532841 2 0.449074 0.550265 1 0.456796 0.548011 1 0.449624 0.550265 1 0.455943 0.550265 1
0 0.388021 0.440476 0.017113 0.063492 0.388159 0.418798 1 0.388179 0.417519 1 0.388193 0.417682 1 0.387344 0.417474 2 0.390138 0.417670 2 0.386271 0.422995 2 0.390925 0.422509 2 0.384541 0.425054 2 0.394426 0.422089 2 0.385986 0.422874 2 0.390622 0.418842 2 0.386895 0.438787 2 0.390221 0.438765 2 0.386334 0.450849 2 0.391279 0.451642 2 0.384802 0.463705 2 0.394329 0.461817 2
0 0.570685 0.437169 0.013393 0.046296 0.572845 0.423571 2 0.572998 0.422797 1 0.572595 0.422695 2 0.572793 0.422657 1 0.571779 0.422420 2 0.573061 0.426236 2 0.570509 0.426597 2 0.574255 0.431191 2 0.571892 0.432070 2 0.573838 0.430975 1 0.573874 0.429964 2 0.573260 0.437010 2 0.571392 0.437341 2 0.573515 0.445200 2 0.571659 0.445659 2 0.572938 0.453091 2 0.570971 0.453136 2
0 0.530506 0.455026 0.010417 0.039683 0.527654 0.446100 2 0.527780 0.445103 2 0.527396 0.445060 1 0.528641 0.443975 2 0.528163 0.443817 1 0.530163 0.446723 2 0.529949 0.446396 2 0.531336 0.453911 2 0.530957 0.453214 2 0.530524 0.460795 2 0.529895 0.460212 2 0.533385 0.456107 2 0.533536 0.455911 2 0.531985 0.464872 2 0.533556 0.464508 2 0.531832 0.472215 2 0.534744 0.471544 2
