0 0.969494 0.277778 0.031250 0.092593 0.969786 0.251336 2 0.970524 0.249076 1 0.968744 0.248517 2 0.969467 0.248389 1 0.965090 0.247472 2 0.964810 0.258441 2 0.962027 0.258706 2 0.962697 0.273859 2 0.959976 0.275738 2 0.964613 0.286212 2 0.963082 0.285383 2 0.958311 0.282621 2 0.956425 0.283098 2 0.958086 0.298979 2 0.956250 0.301295 2 0.956899 0.316458 2 0.953255 0.319763 2
0 0.364955 0.162698 0.017113 0.068783 0.363939 0.142677 2 0.364428 0.141462 1 0.363381 0.141316 2 0.364926 0.141884 1 0.362228 0.141526 2 0.365854 0.148581 2 0.360371 0.148643 2 0.367103 0.155718 2 0.359604 0.157823 2 0.366676 0.156743 2 0.361720 0.162745 2 0.365978 0.166075 2 0.361860 0.166385 2 0.368106 0.179947 2 0.361987 0.180183 2 0.369887 0.195129 2 0.361414 0.195328 2
0 0.526042 0.433201 0.031250 0.152116 0.527938 0.369708 1 0.527818 0.366788 1 0.528577 0.367199 1 0.525103 0.368607 2 0.532972 0.369574 2 0.521911 0.384989 2 0.535854 0.387456 2 0.516316 0.402785 2 0.537808 0.409723 2 0.513110 0.412558 2 0.533191 0.415388 2 0.523435 0.425106 2 0.532789 0.425823 2 0.523891 0.455142 2 0.532136 0.455167 2 0.524438 0.484693 2 0.531862 0.483607 2
0 0.800595 0.416005 0.041667 0.144180 0.808815 0.358255 2 0.810684 0.355877 2 0.807556 0.354607 2 0.812514 0.358093 2 0.805253 0.355023 2 0.815519 0.372524 2 0.801114 0.370529 2 0.817634 0.391915 2 0.795083 0.388845 2 0.819611 0.409226 2 0.791455 0.410509 2 0.809133 0.411820 2 0.799922 0.410721 2 0.809544 0.440104 2 0.798119 0.441512 2 0.803221 0.459174 2 0.798984 0.470341 2
0 0.669643 0.178571 0.016369 0.068783 0.668557 0.155832 1 0.668790 0.154495 1 0.668984 0.154574 1 0.669210 0.155135 2 0.672191 0.155079 2 0.667823 0.162594 2 0.673941 0.162681 2 0.666737 0.171529 2 0.675495 0.172169 2 0.668617 0.178188 2 0.675513 0.181047 2 0.668260 0.181993 2 0.672692 0.181952 2 0.666461 0.196670 2 0.671897 0.197847 2 0.665244 0.212047 2 0.671532 0.212068 2
0 0.640253 0.442460 0.037946 0.162698 0.642210 0.384633 2 0.643199 0.381657 2 0.642894 0.381782 1 0.645341 0.384769 2 0.650092 0.383858 1 0.644789 0.404237 2 0.654629 0.403241 2 0.644001 0.429454 2 0.656184 0.426589 2 0.642119 0.439498 2 0.647864 0.437543 2 0.646427 0.450509 2 0.655203 0.449982 2 0.635264 0.476641 2 0.656091 0.479572 2 0.630691 0.509509 2 0.662090 0.511062 2
0 0.340402 0.477513 0.031994 0.150794 0.344215 0.418373 1 0.342874 0.415970 1 0.344322 0.415622 1 0.336159 0.418754 2 0.345067 0.418776 2 0.333142 0.435482 2 0.346880 0.436699 2 0.331635 0.453281 2 0.354045 0.455765 2 0.338233 0.461360 1 0.357124 0.466397 1 0.337311 0.475301 2 0.346408 0.476420 2 0.340600 0.501932 2 0.347761 0.504547 2 0.340469 0.528012 2 0.347830 0.533684 2
0 0.414062 0.413360 0.030506 0.144180 0.413567 0.354833 1 0.411978 0.352614 1 0.413135 0.352260 1 0.405240 0.354865 2 0.411878 0.354842 2 0.400466 0.372311 2 0.415616 0.370793 2 0.396825 0.392629 2 0.420446 0.392359 2 0.396069 0.399355 2 0.424715 0.407337 2 0.405794 0.412614 2 0.415472 0.411914 2 0.410774 0.442371 2 0.417238 0.438698 2 0.413973 0.470869 2 0.415358 0.467256 2
0 0.228423 0.441138 0.035714 0.141534 0.225808 0.387097 2 0.225187 0.384417 1 0.224318 0.385085 2 0.223113 0.386145 1 0.220105 0.387993 2 0.223489 0.403292 2 0.217544 0.405903 2 0.224082 0.423194 2 0.219100 0.428432 2 0.228629 0.438805 2 0.227851 0.441220 2 0.226164 0.442446 2 0.220556 0.444449 2 0.232786 0.468431 2 0.220466 0.470674 2 0.237759 0.495745 2 0.217380 0.497028 2
0 0.315104 0.395503 0.024554 0.126984 0.313890 0.352180 2 0.312744 0.349626 1 0.312885 0.350019 2 0.308362 0.350911 1 0.309437 0.352559 2 0.304528 0.365509 2 0.309954 0.367996 2 0.302243 0.387527 1 0.312186 0.388929 2 0.305319 0.402749 1 0.315928 0.404650 2 0.305583 0.397381 2 0.308356 0.399323 2 0.310777 0.425989 2 0.308833 0.431592 2 0.313563 0.451808 2 0.305126 0.459570 2
0 0.478051 0.386243 0.048363 0.113757 0.497200 0.352220 2 0.497291 0.348677 1 0.496791 0.348926 2 0.492702 0.345603 1 0.493592 0.346292 2 0.487052 0.352784 2 0.489854 0.359910 2 0.485832 0.365495 2 0.490920 0.382771 2 0.493082 0.377090 2 0.499688 0.393122 2 0.477330 0.386156 2 0.480036 0.389776 2 0.478974 0.409659 2 0.486772 0.417261 2 0.464588 0.422339 2 0.480212 0.439968 2
0 0.359375 0.419974 0.031250 0.138889 0.360404 0.367787 2 0.359281 0.364599 1 0.360109 0.364661 2 0.352588 0.365485 1 0.358069 0.365407 2 0.348960 0.381166 2 0.357680 0.378836 2 0.351879 0.394254 1 0.364956 0.381520 2 0.359487 0.396109 1 0.364304 0.379014 2 0.353027 0.417319 2 0.359310 0.417776 2 0.356248 0.447522 2 0.363726 0.448943 2 0.353992 0.477191 2 0.366199 0.478256 2
0 0.410714 0.354497 0.025298 0.124339 0.412657 0.355203 1 0.411156 0.352995 1 0.412524 0.352483 1 0.404154 0.355177 2 0.411786 0.354760 2 0.400279 0.371972 2 0.414984 0.370992 2 0.397569 0.390886 2 0.418909 0.389004 2 0.398120 0.393975 2 0.416855 0.389987 1 0.405386 0.412278 2 0.415105 0.412063 2 0.409042 0.438237 2 0.417246 0.435953 2 0.411272 0.439649 1 0.416276 0.439649 1
0 0.381324 0.401455 0.026042 0.146825 0.371593 0.345129 1 0.371939 0.342191 1 0.372617 0.341980 1 0.373884 0.342639 2 0.378298 0.341386 1 0.375118 0.360303 2 0.384675 0.357209 2 0.373705 0.381372 2 0.389919 0.374438 2 0.371194 0.396592 2 0.392459 0.391701 2 0.382386 0.396120 2 0.386414 0.394655 2 0.388333 0.423400 2 0.379695 0.421281 2 0.397051 0.447287 2 0.374337 0.447641 2
0 0.137649 0.368386 0.029762 0.125661 0.131867 0.322142 2 0.132950 0.319857 2 0.130311 0.320063 2 0.134623 0.321381 2 0.127732 0.321896 2 0.138166 0.334863 2 0.125503 0.335961 2 0.144419 0.348699 2 0.123437 0.351359 2 0.139525 0.357447 2 0.124820 0.365674 2 0.139995 0.369487 2 0.131323 0.370343 2 0.144008 0.394510 2 0.133273 0.396430 2 0.148367 0.421511 2 0.134736 0.422713 2
0 0.078497 0.386243 0.033482 0.132275 0.067232 0.340506 2 0.068796 0.337686 2 0.066896 0.337903 2 0.073400 0.338612 2 0.067998 0.339110 1 0.078555 0.352551 2 0.067818 0.352318 2 0.082433 0.369129 2 0.066657 0.365166 2 0.081580 0.384562 2 0.061723 0.377588 2 0.079785 0.390448 2 0.072255 0.390241 2 0.083157 0.415202 2 0.071922 0.414437 2 0.085926 0.439199 2 0.075730 0.438336 2
0 0.549107 0.205688 0.019345 0.083333 0.549265 0.172913 1 0.549106 0.171121 1 0.549374 0.171274 1 0.546957 0.172440 2 0.551090 0.172621 2 0.545001 0.183152 2 0.552904 0.183607 2 0.543014 0.195272 2 0.554247 0.196422 2 0.542188 0.206158 2 0.554553 0.206442 2 0.545263 0.204838 2 0.551034 0.204967 2 0.544312 0.222130 2 0.552081 0.222398 2 0.542539 0.239046 2 0.551651 0.240255 2
0 0.947917 0.281085 0.028274 0.112434 0.956226 0.240200 2 0.956732 0.238074 2 0.955188 0.237471 2 0.955221 0.239091 1 0.951221 0.237550 2 0.952853 0.251137 2 0.946977 0.249586 2 0.951524 0.268233 1 0.942201 0.266380 2 0.952355 0.279363 1 0.942188 0.282850 2 0.946220 0.283401 2 0.942821 0.282425 2 0.942530 0.304949 2 0.941171 0.305133 2 0.935043 0.323238 2 0.936775 0.327903 2
0 0.787946 0.274471 0.020833 0.085979 0.792432 0.243773 2 0.792713 0.241847 2 0.791645 0.241500 2 0.791840 0.241964 1 0.788506 0.240890 2 0.790303 0.252363 2 0.784592 0.250450 2 0.790775 0.266705 2 0.781475 0.263972 2 0.792981 0.272505 2 0.787124 0.272209 2 0.788114 0.274064 2 0.784219 0.274570 2 0.797283 0.280745 2 0.793625 0.281941 2 0.793328 0.301141 2 0.789567 0.303483 2
0 0.811384 0.270503 0.024554 0.080688 0.811046 0.242912 2 0.811229 0.240808 2 0.810020 0.240599 2 0.810172 0.241429 1 0.806824 0.241297 2 0.809405 0.247185 2 0.803236 0.251204 2 0.812091 0.260076 2 0.807849 0.264268 2 0.815458 0.268065 2 0.813077 0.273153 2 0.809511 0.268429 2 0.805109 0.272942 2 0.820055 0.269553 2 0.812484 0.283667 2 0.814142 0.284685 2 0.815535 0.303536 2
0 0.969494 0.939153 0.058036 0.119048 0.985636 0.925245 2 0.989850 0.920073 2 0.983154 0.916562 2 0.993461 0.920792 2 0.976897 0.912445 2 0.991632 0.951954 2 0.966898 0.931858 2 0.977575 0.997605 2 0.956571 0.964932 2 0.956660 0.993710 2 0.950472 0.983602 2 0.976085 0.997084 2 0.958919 0.986171 2 0.967750 0.997066 1 0.948707 0.987074 1 0.960270 0.987436 1 0.959545 0.977023 1
0 0.539062 0.325397 0.026042 0.066138 0.540670 0.311320 1 0.541780 0.309573 1 0.539570 0.309590 1 0.543565 0.306097 1 0.538091 0.306150 1 0.545398 0.304927 2 0.534987 0.304425 2 0.548995 0.317010 2 0.531456 0.316167 2 0.544198 0.318454 2 0.537229 0.319770 2 0.544510 0.320795 2 0.537502 0.320857 2 0.547715 0.322677 2 0.531860 0.323496 2 0.545542 0.345069 2 0.534680 0.342862 2
0 0.519345 0.292328 0.022321 0.068783 0.523453 0.270873 2 0.524360 0.268913 2 0.522524 0.268944 2 0.525443 0.267415 2 0.520541 0.267345 2 0.526887 0.274282 2 0.517723 0.274597 2 0.529109 0.284692 2 0.514069 0.284306 2 0.527811 0.291817 2 0.519182 0.291701 2 0.525362 0.297880 2 0.519256 0.298557 2 0.527041 0.311823 2 0.518466 0.313873 2 0.525841 0.327601 2 0.517940 0.331013 2
0 0.486235 0.158730 0.015625 0.063492 0.483851 0.139294 2 0.484100 0.137981 2 0.483524 0.138128 1 0.485291 0.137269 2 0.484204 0.137733 1 0.487532 0.142331 2 0.485348 0.142435 2 0.486813 0.150030 2 0.485279 0.149319 2 0.484094 0.149994 2 0.483725 0.148046 2 0.487632 0.158258 2 0.486108 0.157898 2 0.486086 0.171172 2 0.485148 0.170409 2 0.486685 0.183778 2 0.486982 0.183202 2
0 0.125000 0.330688 0.017857 0.044974 0.131808 0.322417 2 0.132883 0.319842 2 0.130156 0.320139 2 0.134239 0.320747 1 0.127411 0.321520 2 0.136528 0.334513 2 0.124659 0.335630 2 0.136905 0.349227 1 0.123121 0.350176 2 0.135146 0.356009 1 0.125134 0.356017 2 0.135855 0.360291 1 0.128018 0.361111 1 0.135394 0.356549 1 0.127771 0.358477 1 0.133276 0.359593 1 0.128793 0.360630 1
0 0.093750 0.312169 0.032738 0.058201 0.098439 0.308154 2 0.099581 0.306098 2 0.097276 0.306391 2 0.101728 0.304206 2 0.095484 0.305351 2 0.103195 0.308522 2 0.093263 0.312937 2 0.108677 0.315851 2 0.089143 0.326482 2 0.107440 0.319380 2 0.088682 0.338314 2 0.102410 0.322659 2 0.095492 0.325101 2 0.106782 0.319544 2 0.090817 0.324037 2 0.109121 0.334673 2 0.089838 0.337087 2
0 0.642113 0.143519 0.019345 0.054233 0.641363 0.115291 2 0.641743 0.114181 2 0.641542 0.114189 1 0.643183 0.114680 2 0.643410 0.114501 1 0.644084 0.121430 2 0.644775 0.121243 2 0.644519 0.129873 2 0.645187 0.129786 1 0.642538 0.134866 2 0.643336 0.135185 1 0.643945 0.139145 2 0.644565 0.138731 2 0.642278 0.150743 2 0.644171 0.150564 2 0.642194 0.162457 2 0.644084 0.162274 2
0 0.199033 0.210979 0.011161 0.033069 0.199913 0.202435 2 0.200354 0.201348 2 0.199278 0.201415 2 0.200951 0.201452 1 0.198259 0.201629 2 0.201565 0.206284 2 0.197332 0.206089 2 0.201217 0.213198 2 0.196671 0.212844 2 0.200249 0.219213 2 0.198009 0.220371 2 0.200804 0.214418 2 0.197859 0.214347 2 0.201616 0.213110 2 0.196506 0.213028 2 0.201449 0.221948 2 0.197430 0.221556 2
0 0.184524 0.131614 0.016369 0.048942 0.183489 0.117387 1 0.183707 0.116361 1 0.183946 0.116342 1 0.184108 0.117153 2 0.186387 0.116766 2 0.183984 0.123253 2 0.188550 0.122902 2 0.183021 0.130649 2 0.189774 0.129419 1 0.180638 0.134348 2 0.187419 0.132778 1 0.186330 0.138264 2 0.189240 0.138132 2 0.185341 0.147312 2 0.187233 0.147836 2 0.188772 0.154954 2 0.189611 0.156164 2
0 0.782366 0.185185 0.018601 0.052910 0.782109 0.164301 1 0.782265 0.163242 1 0.782674 0.163273 1 0.782738 0.164049 2 0.785597 0.163911 2 0.782024 0.170399 2 0.786956 0.170060 2 0.781054 0.178499 2 0.788062 0.177548 2 0.780374 0.185390 2 0.786882 0.182164 2 0.782704 0.185108 2 0.786006 0.184778 2 0.782504 0.196642 2 0.785043 0.196740 2 0.782533 0.207309 2 0.784461 0.206468 2
0 0.397693 0.096561 0.009673 0.047619 0.398047 0.077090 2 0.398462 0.076218 2 0.397589 0.076245 2 0.399097 0.076572 2 0.396914 0.076629 2 0.400190 0.081469 2 0.395860 0.081552 2 0.401600 0.087278 2 0.394870 0.087420 2 0.401016 0.093049 2 0.395384 0.092336 2 0.399779 0.093055 2 0.396948 0.093132 2 0.399917 0.101595 2 0.397311 0.101739 2 0.400198 0.110146 2 0.397642 0.109957 2
0 0.138765 0.115741 0.014137 0.030423 0.138315 0.115132 2 0.138828 0.113926 2 0.137648 0.114012 2 0.139526 0.113762 1 0.136694 0.114049 2 0.139931 0.117384 2 0.135816 0.117784 2 0.141011 0.123321 2 0.135623 0.124033 2 0.140430 0.126633 2 0.139269 0.127104 2 0.139621 0.125367 2 0.136907 0.125940 2 0.142378 0.124371 2 0.136945 0.125410 2 0.142170 0.128389 2 0.140042 0.128713 2
0 0.968750 0.218254 0.017857 0.068783 0.971737 0.192839 2 0.972792 0.191344 2 0.971879 0.191307 2 0.975673 0.192921 2 0.974234 0.192749 1 0.974354 0.201756 2 0.976709 0.201294 2 0.971226 0.212237 2 0.974386 0.210844 1 0.969647 0.209486 2 0.970268 0.209221 1 0.972065 0.225250 2 0.973707 0.224477 2 0.971385 0.243604 2 0.973580 0.243438 1 0.972726 0.257756 1 0.973282 0.258641 1
0 0.583705 0.099868 0.009673 0.038360 0.586107 0.087849 1 0.585910 0.086875 1 0.586051 0.086902 1 0.584438 0.087367 1 0.585797 0.087397 2 0.584454 0.092568 2 0.585480 0.092590 2 0.584351 0.097612 2 0.585286 0.097543 2 0.584844 0.098575 1 0.586173 0.098489 2 0.584344 0.103140 2 0.585406 0.103113 2 0.583625 0.110187 2 0.586675 0.109688 2 0.582160 0.116716 2 0.587771 0.117919 2
0 0.560640 0.085317 0.011161 0.033069 0.563025 0.076908 2 0.563312 0.076249 1 0.562732 0.076280 1 0.563776 0.076553 1 0.562325 0.076606 2 0.564219 0.080506 2 0.561683 0.080529 2 0.565108 0.085060 2 0.561072 0.085049 2 0.564842 0.089056 2 0.562810 0.088461 2 0.563651 0.089792 2 0.561904 0.089868 2 0.563882 0.096388 2 0.561885 0.096563 2 0.564234 0.103162 2 0.561408 0.103060 2
0 0.906622 0.189815 0.020089 0.038360 0.909576 0.174493 2 0.910272 0.173237 2 0.908893 0.172866 2 0.911163 0.174010 1 0.907559 0.173257 2 0.911900 0.181511 2 0.904537 0.180449 2 0.912388 0.189348 2 0.901865 0.188243 2 0.909158 0.192264 2 0.902209 0.192065 2 0.909235 0.194122 2 0.904091 0.193447 2 0.909575 0.195737 2 0.899928 0.195380 2 0.906844 0.199583 1 0.899521 0.197620 2
0 0.925967 0.190476 0.018601 0.034392 0.929765 0.195081 2 0.931186 0.192870 2 0.928125 0.192717 2 0.933127 0.194072 2 0.925325 0.193628 2 0.935514 0.208992 2 0.922161 0.206333 2 0.937853 0.213686 1 0.922268 0.213631 1 0.938030 0.205003 1 0.930687 0.203242 1 0.932788 0.213686 1 0.924041 0.213686 1 0.930986 0.209576 1 0.925958 0.204071 1 0.931059 0.210453 1 0.927793 0.202806 1
