0 0.953497 0.302910 0.027530 0.097884 0.940913 0.248173 1 0.939964 0.245623 1 0.940651 0.246020 1 0.935994 0.245727 1 0.939811 0.247051 2 0.935306 0.258638 1 0.941751 0.260909 2 0.937595 0.274323 1 0.944936 0.277401 2 0.938937 0.283490 1 0.944601 0.286037 2 0.934524 0.292980 1 0.937418 0.293384 2 0.934524 0.313900 1 0.935555 0.314543 2 0.934524 0.327052 1 0.934524 0.332046 1
0 0.340774 0.155423 0.013393 0.064815 0.339780 0.130518 2 0.340387 0.129272 2 0.339145 0.129282 2 0.341420 0.130457 2 0.338299 0.130294 2 0.343040 0.138542 2 0.336812 0.137562 2 0.344760 0.146985 2 0.334409 0.143337 2 0.342000 0.146923 2 0.337684 0.141083 2 0.342578 0.155296 2 0.338391 0.155189 2 0.342896 0.169391 2 0.338462 0.169452 2 0.342681 0.183764 2 0.337520 0.183274 2
0 0.528274 0.453704 0.026786 0.145503 0.528505 0.398925 2 0.530598 0.396296 2 0.527214 0.395631 2 0.533563 0.395470 2 0.525037 0.394059 2 0.537233 0.406707 2 0.523005 0.407970 2 0.540164 0.426762 2 0.519916 0.426491 2 0.541192 0.446745 2 0.517086 0.445401 2 0.533380 0.443272 2 0.523953 0.443968 2 0.533068 0.472841 2 0.523459 0.477753 2 0.532018 0.495102 2 0.522132 0.510248 2
0 0.777158 0.306878 0.021577 0.113757 0.781291 0.262245 2 0.782286 0.259941 2 0.780102 0.259577 2 0.783165 0.260934 2 0.777568 0.259782 2 0.785092 0.273238 2 0.773844 0.270311 2 0.788415 0.289247 2 0.769535 0.285130 2 0.781179 0.290546 2 0.771665 0.291414 2 0.779910 0.302714 2 0.772561 0.300236 2 0.777455 0.325620 2 0.767556 0.321322 2 0.773329 0.349686 2 0.767616 0.344639 2
0 0.671503 0.185185 0.017113 0.068783 0.668512 0.156345 1 0.668471 0.155052 1 0.668946 0.155144 1 0.667479 0.155975 2 0.671132 0.156131 2 0.666167 0.163293 2 0.672248 0.163809 2 0.663268 0.171162 2 0.672762 0.173309 1 0.662126 0.174623 2 0.671585 0.179455 1 0.667142 0.180961 2 0.671079 0.181075 2 0.666830 0.196117 2 0.669348 0.196395 2 0.666619 0.210628 2 0.668049 0.210704 2
0 0.650298 0.526455 0.037202 0.177249 0.645230 0.461492 1 0.645615 0.457941 1 0.646393 0.458489 1 0.644068 0.460642 2 0.652933 0.461216 2 0.638492 0.483499 2 0.656076 0.482596 2 0.634154 0.497135 2 0.661627 0.510183 2 0.638369 0.485561 2 0.666324 0.532581 2 0.639210 0.534871 2 0.650666 0.532605 2 0.636972 0.571467 2 0.646797 0.562009 2 0.638100 0.607999 2 0.644554 0.590534 2
0 0.372768 0.493386 0.020833 0.164021 0.383564 0.439489 2 0.383248 0.435380 1 0.381974 0.436405 2 0.379034 0.433720 1 0.376401 0.436151 2 0.374528 0.447291 2 0.376545 0.453646 2 0.376959 0.463592 1 0.381226 0.476980 2 0.382986 0.478308 1 0.385679 0.493568 2 0.374987 0.489444 2 0.377372 0.492931 2 0.373535 0.518481 2 0.381511 0.521813 2 0.369178 0.547658 2 0.382359 0.551743 2
0 0.496280 0.434524 0.035714 0.144180 0.493163 0.377670 2 0.494906 0.375241 2 0.491616 0.375460 2 0.497649 0.377405 2 0.490597 0.377633 2 0.499076 0.394415 2 0.489460 0.390602 2 0.504238 0.413170 2 0.487217 0.404716 2 0.503964 0.432891 2 0.480949 0.418202 2 0.494827 0.430497 2 0.490346 0.428011 2 0.489237 0.458807 2 0.493677 0.452586 2 0.489618 0.484460 2 0.502491 0.469472 2
0 0.184896 0.422619 0.029018 0.141534 0.189342 0.375291 2 0.189120 0.371941 1 0.188061 0.372311 2 0.185700 0.372140 1 0.183507 0.373030 2 0.182399 0.387908 2 0.181109 0.388827 2 0.179838 0.409212 1 0.177312 0.409892 2 0.181455 0.427018 1 0.179236 0.428453 2 0.183699 0.428051 2 0.183585 0.429568 2 0.186223 0.455749 2 0.190435 0.456893 2 0.183559 0.484535 2 0.191114 0.485950 2
0 0.315476 0.432540 0.020833 0.140212 0.315733 0.381251 2 0.316363 0.377706 2 0.313729 0.379033 2 0.317264 0.378056 1 0.310363 0.380953 2 0.319302 0.391941 2 0.309129 0.395978 2 0.321081 0.409778 2 0.310164 0.419032 2 0.324336 0.426237 2 0.315388 0.435708 2 0.319581 0.425898 2 0.312380 0.427800 2 0.321173 0.458832 2 0.314254 0.460924 2 0.319487 0.487148 2 0.311566 0.488324 2
0 0.454241 0.494709 0.060268 0.126984 0.457603 0.451641 2 0.459079 0.448645 2 0.456038 0.448761 2 0.460595 0.446360 1 0.452036 0.446836 2 0.461370 0.454762 2 0.446051 0.457600 2 0.467545 0.469278 2 0.435171 0.472710 2 0.473986 0.485509 2 0.430573 0.494690 2 0.456481 0.484006 2 0.445383 0.486610 2 0.467635 0.506694 2 0.442957 0.515140 2 0.472275 0.533294 2 0.439185 0.544882 2
0 0.349702 0.524471 0.031250 0.173280 0.355784 0.460819 2 0.355172 0.457032 2 0.354300 0.457388 2 0.350642 0.460229 1 0.348351 0.460764 2 0.354460 0.477621 2 0.345375 0.482324 2 0.357619 0.490536 2 0.338488 0.505048 2 0.365251 0.488698 2 0.334343 0.521399 2 0.352037 0.526868 2 0.347690 0.528719 2 0.351089 0.557183 2 0.353225 0.560751 2 0.340726 0.573174 2 0.359024 0.594887 2
0 0.500372 0.609788 0.048363 0.208995 0.503851 0.535732 1 0.503860 0.531783 1 0.504589 0.532436 1 0.499449 0.533643 2 0.509561 0.535371 2 0.492553 0.554172 2 0.510894 0.560193 2 0.485685 0.583978 2 0.512429 0.586935 2 0.488862 0.604031 2 0.508289 0.598349 2 0.492498 0.608288 2 0.505257 0.612940 2 0.492905 0.640608 2 0.505942 0.657718 2 0.491094 0.678252 2 0.504740 0.698760 2
0 0.491071 0.398810 0.029762 0.125661 0.492773 0.377984 2 0.494490 0.375228 2 0.491279 0.375253 2 0.497100 0.376391 2 0.490335 0.376599 2 0.499773 0.391806 2 0.489117 0.389823 2 0.503769 0.413829 2 0.487239 0.403182 2 0.504363 0.432239 2 0.480741 0.417898 2 0.496017 0.427198 2 0.490543 0.426058 2 0.488390 0.452418 2 0.492343 0.453787 2 0.486918 0.466167 2 0.502145 0.465423 2
0 0.219494 0.349868 0.025298 0.125661 0.216920 0.301764 2 0.218074 0.299596 2 0.215508 0.299698 2 0.220033 0.300978 2 0.213166 0.301130 2 0.223152 0.313933 2 0.211364 0.314485 2 0.228362 0.327172 2 0.206295 0.327602 2 0.224259 0.331584 2 0.209075 0.332993 2 0.223467 0.347141 2 0.215376 0.347978 2 0.224864 0.372013 2 0.215131 0.373592 2 0.229053 0.395626 2 0.214948 0.397300 2
0 0.216146 0.335317 0.029018 0.117725 0.216976 0.301934 2 0.218156 0.299783 2 0.215623 0.299955 2 0.220019 0.300798 2 0.213469 0.301273 2 0.223103 0.313195 2 0.211667 0.314570 2 0.229016 0.325075 2 0.206970 0.327426 2 0.224025 0.330231 2 0.208199 0.332317 2 0.223240 0.347203 2 0.215501 0.347877 2 0.225547 0.370836 2 0.214963 0.372111 2 0.229726 0.395263 2 0.214706 0.396869 2
0 0.555432 0.210317 0.018601 0.087302 0.554629 0.174567 1 0.554422 0.173049 1 0.554784 0.173140 1 0.552211 0.174148 2 0.556447 0.174410 2 0.550345 0.183287 2 0.557576 0.183782 2 0.548490 0.195001 2 0.559073 0.195378 2 0.549014 0.205040 2 0.560318 0.204193 2 0.550918 0.205983 2 0.556087 0.206299 2 0.550601 0.223993 2 0.557043 0.224782 2 0.549813 0.242425 2 0.557276 0.243578 2
0 0.926711 0.291667 0.029018 0.115079 0.938755 0.248306 1 0.938254 0.245669 1 0.938774 0.246401 1 0.933769 0.245818 2 0.939856 0.247776 2 0.928859 0.257535 2 0.942313 0.262096 2 0.922523 0.272153 2 0.944567 0.278598 2 0.919657 0.285286 2 0.941605 0.285587 2 0.926382 0.292310 2 0.935465 0.294357 2 0.923000 0.311934 2 0.933123 0.317118 2 0.919514 0.333120 2 0.930116 0.340709 2
0 0.419643 0.289683 0.020833 0.103175 0.414974 0.249843 2 0.415700 0.247759 2 0.415057 0.248033 1 0.418552 0.248876 2 0.417095 0.249255 1 0.423652 0.260902 2 0.416269 0.260154 2 0.426000 0.276789 2 0.413238 0.272892 2 0.416105 0.278794 2 0.411473 0.275611 2 0.421126 0.290374 2 0.416099 0.289049 2 0.419270 0.314750 2 0.414231 0.313636 2 0.419119 0.338581 2 0.413033 0.338136 2
0 0.790179 0.275132 0.020833 0.087302 0.781142 0.262055 2 0.782232 0.259831 2 0.779977 0.259573 2 0.783155 0.260275 2 0.777398 0.259386 2 0.784606 0.273047 2 0.776042 0.270507 2 0.787250 0.288585 2 0.776042 0.282940 1 0.781903 0.289879 2 0.776252 0.288303 1 0.780103 0.301930 2 0.776042 0.300209 1 0.778003 0.323036 2 0.776042 0.320774 1 0.776962 0.331519 1 0.776042 0.330490 1
0 0.812872 0.274471 0.024554 0.083333 0.811507 0.243412 2 0.811383 0.241639 2 0.810687 0.241631 2 0.809938 0.241993 1 0.807461 0.241994 2 0.809413 0.249894 2 0.803974 0.250928 2 0.812589 0.262535 2 0.808268 0.265208 2 0.816956 0.269993 2 0.813683 0.274191 2 0.809404 0.271819 2 0.805566 0.273780 2 0.816999 0.281789 2 0.814042 0.285412 2 0.814595 0.302809 2 0.814371 0.305904 2
0 0.967634 0.931217 0.061756 0.134921 0.965398 0.899082 2 0.970158 0.896073 2 0.965161 0.891666 2 0.977271 0.901793 2 0.963752 0.890873 1 0.977840 0.930194 2 0.954359 0.916452 2 0.968397 0.971555 2 0.943967 0.951526 2 0.949670 0.975181 2 0.939487 0.977093 2 0.962952 0.994896 2 0.946462 0.986942 2 0.955667 0.985641 1 0.935455 0.977668 1 0.951336 0.990548 1 0.939275 0.995882 1
0 0.542039 0.328042 0.023065 0.063492 0.542798 0.311425 2 0.543852 0.309680 1 0.541886 0.309307 2 0.544694 0.306313 1 0.539912 0.305563 2 0.545698 0.304223 2 0.535243 0.304320 2 0.549892 0.316159 2 0.531975 0.317539 2 0.546212 0.320134 2 0.538212 0.320883 2 0.542946 0.321386 2 0.535941 0.322102 2 0.549095 0.324722 2 0.532588 0.326521 2 0.545918 0.346513 2 0.537472 0.346905 2
0 0.554315 0.169312 0.017857 0.058201 0.552803 0.174341 1 0.552998 0.172949 1 0.553473 0.173131 1 0.552594 0.174321 2 0.556268 0.174291 2 0.551012 0.183570 2 0.557144 0.183502 2 0.548811 0.195153 2 0.558868 0.195371 2 0.548657 0.202679 2 0.560408 0.203478 2 0.551413 0.206331 2 0.555653 0.206283 2 0.550749 0.208651 1 0.556792 0.208304 1 0.549901 0.206894 1 0.556564 0.206138 1
0 0.128348 0.338624 0.020089 0.042328 0.124959 0.330453 2 0.124901 0.329280 2 0.125238 0.329075 1 0.126177 0.328363 2 0.127431 0.327724 1 0.129821 0.333292 2 0.128451 0.332358 2 0.127601 0.342094 2 0.124744 0.341031 2 0.124220 0.343724 2 0.124351 0.342462 2 0.134683 0.345705 2 0.133435 0.344763 2 0.127668 0.351397 2 0.126580 0.349205 2 0.133523 0.349688 2 0.132081 0.349363 2
0 0.098958 0.317460 0.031250 0.055556 0.097648 0.304702 2 0.098812 0.302836 2 0.096901 0.303238 2 0.101507 0.302564 2 0.096094 0.303846 1 0.104343 0.308024 2 0.094444 0.312100 2 0.110430 0.315861 2 0.090285 0.324622 2 0.107276 0.316229 2 0.088886 0.337487 2 0.104467 0.325999 2 0.097416 0.327904 2 0.107242 0.319812 2 0.090859 0.324006 2 0.110136 0.335506 2 0.090624 0.339075 2
0 0.191964 0.136905 0.017857 0.046296 0.191484 0.114455 1 0.191654 0.113570 1 0.191944 0.113586 1 0.192112 0.114470 2 0.194460 0.114279 2 0.191126 0.120377 2 0.196135 0.119917 2 0.188462 0.126283 2 0.198330 0.124796 2 0.186153 0.129309 2 0.200880 0.127071 2 0.193069 0.134264 2 0.196228 0.134184 2 0.193360 0.143544 2 0.196764 0.143937 2 0.193771 0.153507 2 0.197193 0.153453 2
0 0.783854 0.185185 0.018601 0.052910 0.785408 0.167911 1 0.785355 0.166846 1 0.785775 0.167214 1 0.784155 0.167239 2 0.787127 0.168126 2 0.782117 0.172324 2 0.786972 0.174180 2 0.780202 0.178302 2 0.786916 0.182251 2 0.781099 0.184311 1 0.785808 0.187205 2 0.780123 0.186427 2 0.783402 0.187121 2 0.779950 0.196677 2 0.782933 0.197704 2 0.779564 0.207904 2 0.782461 0.208404 2
0 0.405878 0.091270 0.012649 0.042328 0.407057 0.076380 2 0.407425 0.075589 2 0.406623 0.075551 2 0.407890 0.076183 2 0.405863 0.076047 2 0.408678 0.081500 2 0.404696 0.081372 2 0.409588 0.087528 2 0.403765 0.087329 2 0.409735 0.091803 2 0.404339 0.092473 2 0.408381 0.093053 2 0.405689 0.093179 2 0.408441 0.101607 2 0.405786 0.101939 2 0.408770 0.110418 2 0.405647 0.110550 2
0 0.860863 0.217593 0.019345 0.083333 0.868103 0.185092 2 0.867584 0.183507 1 0.867878 0.183652 2 0.863978 0.184265 1 0.866956 0.184641 2 0.862161 0.191734 2 0.865932 0.193530 2 0.862429 0.200513 2 0.867635 0.204804 2 0.867578 0.206455 1 0.871682 0.208778 2 0.861460 0.213752 2 0.864314 0.214711 2 0.860280 0.228969 2 0.865466 0.230207 2 0.853789 0.242184 2 0.862979 0.245722 2
0 0.962798 0.226190 0.023810 0.068783 0.954604 0.179211 1 0.955086 0.178571 1 0.953992 0.178571 1 0.956295 0.178657 1 0.952955 0.179010 1 0.957328 0.179668 1 0.952078 0.179659 1 0.958836 0.180265 1 0.950827 0.180401 1 0.958266 0.183685 2 0.950459 0.184851 1 0.955426 0.181310 2 0.952085 0.181042 2 0.953841 0.195355 2 0.952305 0.194996 2 0.952856 0.210917 2 0.952675 0.209464 2
0 0.579613 0.105159 0.011905 0.043651 0.581024 0.088354 1 0.581177 0.087486 1 0.581270 0.087522 1 0.581578 0.087873 2 0.582737 0.087786 1 0.581709 0.092305 2 0.583196 0.092157 2 0.581093 0.098067 2 0.582659 0.097828 1 0.579897 0.102173 2 0.581151 0.101489 1 0.581685 0.104225 2 0.582714 0.104056 2 0.581451 0.114083 2 0.582160 0.114066 2 0.581654 0.123523 2 0.582329 0.123470 2
0 0.943080 0.193783 0.020089 0.033069 0.941364 0.189147 2 0.942105 0.187316 2 0.940497 0.187541 2 0.943167 0.186789 2 0.939455 0.187303 2 0.945855 0.190908 2 0.938377 0.190824 2 0.946654 0.200426 2 0.935060 0.198816 2 0.941634 0.201935 2 0.937426 0.199610 2 0.944556 0.203188 2 0.939820 0.202504 2 0.942981 0.203685 2 0.934627 0.202563 2 0.938821 0.208308 2 0.939513 0.208356 2
