0 0.952381 0.304233 0.028274 0.097884 0.957815 0.276143 1 0.956301 0.273193 1 0.958156 0.273959 1 0.949896 0.273424 1 0.957171 0.276272 2 0.948626 0.284437 2 0.953517 0.291644 2 0.950053 0.291585 2 0.949855 0.308986 2 0.954015 0.294226 1 0.948926 0.316408 2 0.946509 0.306866 2 0.950279 0.309869 2 0.945710 0.316766 2 0.947263 0.320325 2 0.942119 0.329582 2 0.943543 0.335081 2
0 0.339286 0.155423 0.013393 0.064815 0.336635 0.130778 2 0.337226 0.129379 2 0.336037 0.129387 2 0.338119 0.130204 1 0.335211 0.130177 2 0.339391 0.138158 2 0.334441 0.137897 2 0.341043 0.146101 2 0.333868 0.146466 2 0.338818 0.143567 2 0.335076 0.148874 2 0.339095 0.155827 2 0.335546 0.155688 2 0.340414 0.170330 2 0.335558 0.170301 2 0.342103 0.184202 2 0.335835 0.184159 2
0 0.907366 0.269841 0.024554 0.063492 0.924099 0.256198 1 0.924107 0.254575 1 0.924012 0.254873 1 0.924107 0.254547 1 0.924107 0.255132 1 0.922977 0.262820 2 0.923644 0.263221 1 0.919420 0.276979 2 0.919724 0.277709 1 0.921721 0.288888 2 0.921321 0.288545 1 0.922567 0.296967 2 0.922993 0.297387 1 0.921653 0.311016 1 0.922403 0.311765 1 0.920872 0.309918 1 0.921398 0.308862 1
0 0.535342 0.462963 0.029018 0.145503 0.529944 0.402484 2 0.531442 0.399611 2 0.528335 0.400150 2 0.534279 0.399561 2 0.526095 0.400961 2 0.538558 0.411799 2 0.524143 0.415091 2 0.542104 0.427450 2 0.521680 0.434048 2 0.543535 0.448273 2 0.520381 0.453675 2 0.538283 0.448160 2 0.527877 0.449573 2 0.541130 0.480132 2 0.526131 0.481677 2 0.544061 0.508923 2 0.523412 0.512014 2
0 0.781622 0.300926 0.021577 0.112434 0.783398 0.257556 2 0.784668 0.255576 2 0.782455 0.255263 2 0.786283 0.256732 2 0.780959 0.255804 2 0.788926 0.269253 2 0.776514 0.267032 2 0.793643 0.282381 2 0.771611 0.280287 2 0.789709 0.283595 2 0.776658 0.285207 2 0.783601 0.300247 2 0.776186 0.298591 2 0.780371 0.325381 2 0.776595 0.321696 2 0.776580 0.348255 2 0.777298 0.343018 2
0 0.672247 0.186508 0.017113 0.068783 0.669689 0.156725 1 0.669658 0.155469 1 0.670009 0.155565 1 0.668614 0.156116 2 0.671812 0.156158 2 0.667682 0.162733 2 0.672534 0.162693 2 0.665448 0.171046 2 0.672023 0.171598 1 0.665135 0.176655 2 0.669765 0.177129 1 0.668710 0.181300 2 0.671957 0.181167 2 0.667277 0.196529 2 0.669872 0.195820 2 0.667277 0.211664 2 0.669488 0.210305 2
0 0.658110 0.546296 0.040923 0.185185 0.643674 0.473353 2 0.645213 0.470299 2 0.645112 0.470718 1 0.648906 0.475814 2 0.653880 0.475581 1 0.644937 0.498474 2 0.659813 0.497954 2 0.637422 0.525616 2 0.664217 0.522643 2 0.639969 0.519533 2 0.655606 0.527594 2 0.645627 0.549945 2 0.655668 0.549818 2 0.640167 0.580814 2 0.650146 0.585832 2 0.639296 0.616875 2 0.651892 0.621161 2
0 0.373140 0.496693 0.026042 0.162698 0.375871 0.472536 2 0.375533 0.469467 1 0.374392 0.469750 2 0.371303 0.472422 1 0.369974 0.473098 2 0.369239 0.490571 2 0.367478 0.492555 2 0.371560 0.514772 2 0.370894 0.520238 2 0.380162 0.529471 2 0.381996 0.531923 2 0.367772 0.536301 2 0.367897 0.537967 2 0.369374 0.568816 2 0.378150 0.569696 2 0.363271 0.599626 2 0.381596 0.603022 2
0 0.522693 0.429233 0.033482 0.144180 0.529750 0.402897 2 0.531377 0.399950 2 0.528134 0.400403 2 0.534430 0.399746 2 0.525976 0.401038 2 0.538131 0.412315 2 0.524064 0.415192 2 0.541986 0.429872 2 0.521496 0.434635 2 0.543418 0.447585 2 0.520977 0.454008 2 0.537696 0.448776 2 0.527693 0.450265 2 0.540624 0.479268 2 0.525846 0.481697 2 0.542738 0.507724 2 0.523547 0.510672 2
0 0.186384 0.423280 0.029018 0.142857 0.187125 0.371782 2 0.186982 0.369100 2 0.185346 0.369673 2 0.184193 0.371668 1 0.180600 0.372972 2 0.181435 0.388167 2 0.180180 0.388767 2 0.180392 0.410446 1 0.176425 0.409944 2 0.183873 0.425788 1 0.179164 0.429448 2 0.183195 0.429058 2 0.183387 0.430065 2 0.183136 0.457476 2 0.188352 0.458532 2 0.182689 0.484869 2 0.190574 0.487527 2
0 0.320685 0.437831 0.023810 0.137566 0.317705 0.391183 2 0.318444 0.387596 2 0.315777 0.388964 2 0.319239 0.387058 1 0.312777 0.390434 2 0.321239 0.397961 2 0.312613 0.405276 2 0.322320 0.416919 2 0.312282 0.427153 2 0.325723 0.437040 2 0.314785 0.447237 2 0.321791 0.433526 2 0.316088 0.437721 2 0.322950 0.461530 2 0.317033 0.472934 2 0.321590 0.484928 2 0.317860 0.502528 2
0 0.461310 0.486772 0.053571 0.148148 0.461194 0.429063 2 0.463124 0.426188 2 0.459602 0.425729 2 0.465419 0.425694 2 0.456419 0.424279 2 0.467928 0.440360 2 0.451476 0.438708 2 0.473221 0.458145 2 0.444097 0.454843 2 0.476632 0.478648 2 0.440389 0.476895 2 0.461306 0.482460 2 0.450974 0.481510 2 0.459058 0.512828 2 0.449360 0.513790 2 0.456615 0.540167 2 0.448558 0.545155 2
0 0.372024 0.538360 0.032738 0.174603 0.377303 0.472728 2 0.376646 0.469226 1 0.376115 0.469454 2 0.371449 0.472079 1 0.371360 0.472570 2 0.369569 0.490847 2 0.367578 0.493553 2 0.374332 0.514490 2 0.371101 0.522361 2 0.382961 0.525513 2 0.382864 0.532833 2 0.368617 0.536760 2 0.368725 0.538905 2 0.370005 0.569364 2 0.378658 0.571132 2 0.363131 0.599757 2 0.383814 0.604959 2
0 0.495536 0.630952 0.047619 0.214286 0.495115 0.552282 1 0.494812 0.548195 1 0.495348 0.548642 1 0.488389 0.550727 2 0.498512 0.551988 2 0.481032 0.576184 2 0.498815 0.576492 2 0.475098 0.602835 2 0.502563 0.611089 2 0.481699 0.617271 2 0.513286 0.615417 2 0.482765 0.634534 2 0.495464 0.633591 2 0.482982 0.679479 2 0.499823 0.666488 2 0.482522 0.724465 2 0.502384 0.700710 2
0 0.507440 0.398148 0.026786 0.132275 0.526042 0.401664 1 0.526042 0.398587 1 0.526042 0.398681 1 0.526042 0.398599 1 0.526042 0.398802 1 0.524296 0.412227 1 0.525110 0.411904 2 0.520829 0.432838 1 0.522649 0.430580 2 0.520096 0.452752 1 0.520699 0.453078 2 0.525172 0.449972 1 0.525597 0.450101 2 0.526006 0.475423 1 0.525833 0.476136 1 0.524419 0.488879 1 0.525346 0.489551 1
0 0.221354 0.348545 0.024554 0.125661 0.220889 0.300635 2 0.221941 0.298322 2 0.219639 0.298452 2 0.223661 0.299540 2 0.217783 0.299944 2 0.227151 0.312426 2 0.215241 0.313059 2 0.231739 0.325986 2 0.212107 0.326631 2 0.226725 0.330168 2 0.215327 0.331675 2 0.226094 0.345046 2 0.217920 0.345213 2 0.228069 0.370013 2 0.216620 0.370851 2 0.229473 0.394195 2 0.217686 0.394923 2
0 0.228795 0.332011 0.029018 0.116402 0.220849 0.300901 2 0.221841 0.298649 2 0.219604 0.298772 2 0.223416 0.299717 2 0.217640 0.299997 2 0.227088 0.312312 2 0.215060 0.313274 2 0.231351 0.325297 2 0.211734 0.327221 2 0.227058 0.329214 2 0.215233 0.330597 2 0.226451 0.346101 2 0.218119 0.346761 2 0.227914 0.370661 2 0.217004 0.371776 2 0.229859 0.394075 2 0.217391 0.395433 2
0 0.408854 0.303571 0.020089 0.099206 0.410716 0.268115 2 0.411870 0.266285 2 0.409728 0.265784 2 0.412992 0.267243 1 0.407694 0.265981 2 0.413345 0.278555 2 0.404896 0.276885 2 0.414674 0.290738 2 0.402309 0.290367 2 0.412365 0.286108 2 0.402315 0.299127 2 0.411548 0.304287 2 0.405884 0.303569 2 0.411235 0.324819 2 0.405106 0.324599 2 0.411060 0.345791 2 0.404401 0.345651 2
0 0.556176 0.210979 0.018601 0.085979 0.555188 0.173096 1 0.555013 0.171810 1 0.555438 0.171946 1 0.552790 0.174367 2 0.557153 0.174541 2 0.550830 0.184608 2 0.558175 0.185101 2 0.547995 0.196048 2 0.558936 0.196961 2 0.546398 0.206280 2 0.559820 0.205828 2 0.551211 0.207647 2 0.556396 0.207918 2 0.550650 0.225419 2 0.557452 0.225970 2 0.549619 0.242147 2 0.557654 0.243620 2
0 0.926711 0.296958 0.029018 0.115079 0.937282 0.253546 1 0.936351 0.250850 1 0.936906 0.251416 1 0.930325 0.250601 2 0.935921 0.252458 2 0.924596 0.262989 2 0.936728 0.266079 2 0.920388 0.277906 2 0.938333 0.285039 2 0.923752 0.287448 2 0.937662 0.296229 2 0.923333 0.297532 2 0.932078 0.298708 2 0.920684 0.320785 2 0.931507 0.322054 2 0.916569 0.342674 2 0.928849 0.342814 2
0 0.420387 0.289683 0.020833 0.103175 0.416670 0.249471 2 0.417944 0.247155 2 0.416285 0.247224 1 0.421235 0.248548 2 0.416963 0.248513 1 0.424620 0.261117 2 0.416002 0.260115 2 0.426454 0.276112 2 0.412206 0.272240 2 0.417922 0.275027 2 0.413535 0.271738 2 0.421333 0.290056 2 0.415707 0.288941 2 0.419619 0.315165 2 0.414905 0.314249 2 0.419257 0.339958 2 0.414315 0.339881 2
0 0.791667 0.276455 0.020833 0.087302 0.783292 0.256911 2 0.784702 0.255444 2 0.782523 0.254590 2 0.786349 0.257134 2 0.781213 0.254992 2 0.787822 0.268531 2 0.778642 0.265739 2 0.791752 0.281208 2 0.777530 0.277022 1 0.786944 0.283547 2 0.778985 0.283183 1 0.783743 0.297461 2 0.778023 0.295951 2 0.780689 0.322676 2 0.778292 0.321497 1 0.779770 0.336558 2 0.778310 0.336558 1
0 0.813616 0.275794 0.024554 0.083333 0.812076 0.243164 2 0.811926 0.241499 2 0.811309 0.241600 2 0.810560 0.241715 1 0.808043 0.242061 2 0.810228 0.249304 2 0.804448 0.251757 2 0.813408 0.260563 2 0.809130 0.265454 2 0.816842 0.270037 2 0.814335 0.274421 2 0.810191 0.271328 2 0.805927 0.273867 2 0.816539 0.279028 2 0.812871 0.284692 2 0.814688 0.298399 2 0.812018 0.304398 2
0 0.529390 0.185847 0.017113 0.046296 0.537861 0.170011 2 0.538271 0.169053 2 0.537404 0.168928 2 0.538453 0.169173 1 0.536377 0.168945 2 0.537373 0.173966 2 0.535051 0.174467 2 0.537871 0.180754 2 0.534624 0.182614 2 0.537790 0.182682 2 0.536628 0.184126 2 0.535949 0.185438 2 0.534487 0.186281 2 0.540031 0.185658 2 0.539595 0.186906 2 0.538679 0.194613 2 0.538251 0.195109 2
0 0.967634 0.931878 0.061756 0.133598 0.966727 0.899753 2 0.971732 0.896996 2 0.966230 0.892653 2 0.979631 0.902530 2 0.965134 0.891515 1 0.980670 0.932432 2 0.957215 0.913713 2 0.969942 0.974344 2 0.946761 0.942707 2 0.950952 0.973256 2 0.942719 0.964815 2 0.965493 0.993520 2 0.949095 0.982724 2 0.954483 0.993832 1 0.936774 0.984469 1 0.952656 0.995159 1 0.940158 0.998995 1
0 0.542039 0.328042 0.023065 0.063492 0.542266 0.311384 2 0.543373 0.309196 1 0.541053 0.309273 2 0.544769 0.305279 1 0.539013 0.305483 2 0.546827 0.303796 2 0.535599 0.304235 2 0.550747 0.316958 2 0.532205 0.318204 2 0.545892 0.320912 2 0.539434 0.321266 2 0.544952 0.321982 2 0.537460 0.322528 2 0.550061 0.323362 2 0.533117 0.324243 2 0.547360 0.348467 2 0.538034 0.347966 2
0 0.525298 0.299603 0.020833 0.083333 0.524345 0.271044 2 0.525228 0.269070 2 0.523402 0.269085 2 0.526343 0.268127 2 0.521660 0.268142 2 0.527880 0.274986 2 0.519141 0.275392 2 0.530581 0.285102 2 0.515761 0.286310 2 0.528101 0.292162 2 0.520202 0.292564 2 0.526477 0.298749 2 0.520605 0.299139 2 0.527906 0.315116 2 0.519303 0.315839 2 0.527254 0.326547 1 0.519020 0.326921 1
0 0.555804 0.176587 0.017857 0.056878 0.554316 0.172553 1 0.554328 0.171194 1 0.554800 0.171358 1 0.552824 0.173317 2 0.556834 0.173483 2 0.550557 0.184630 2 0.557960 0.184738 2 0.547677 0.197793 2 0.558486 0.198345 2 0.546217 0.206837 2 0.559142 0.207750 2 0.551119 0.208085 2 0.556113 0.208111 2 0.551402 0.215608 1 0.557433 0.215608 1 0.551055 0.214008 1 0.555882 0.213678 1
0 0.128348 0.338624 0.021577 0.042328 0.125029 0.329937 1 0.125019 0.328902 1 0.125533 0.328214 1 0.126460 0.328203 2 0.128397 0.326243 1 0.129969 0.333065 2 0.130086 0.329515 2 0.128406 0.340525 2 0.126932 0.335453 2 0.124316 0.342652 2 0.123998 0.338770 2 0.135021 0.345825 2 0.134855 0.343202 2 0.126802 0.345314 2 0.126457 0.340313 2 0.130616 0.351114 2 0.129948 0.348124 2
0 0.098958 0.317460 0.031250 0.055556 0.098409 0.304270 2 0.099541 0.302651 2 0.097813 0.302817 2 0.102074 0.302743 2 0.097165 0.303351 1 0.104802 0.308433 2 0.095765 0.310418 2 0.110646 0.315698 2 0.091766 0.321436 2 0.108209 0.316024 2 0.089349 0.335078 2 0.104551 0.323921 2 0.097970 0.324449 2 0.107082 0.321792 2 0.090920 0.322771 2 0.110030 0.337168 2 0.090320 0.337459 2
0 0.637649 0.153439 0.019345 0.063492 0.637918 0.117068 2 0.638417 0.115950 2 0.637253 0.115968 2 0.638989 0.116569 2 0.635966 0.116539 2 0.640203 0.123435 2 0.634230 0.123599 2 0.641905 0.130759 2 0.632582 0.131750 2 0.640801 0.135831 2 0.632295 0.140256 2 0.639462 0.142012 2 0.635327 0.142110 2 0.640076 0.155179 2 0.634704 0.155506 2 0.640359 0.166758 2 0.633870 0.167071 2
0 0.191964 0.136905 0.017857 0.046296 0.190972 0.115272 1 0.191129 0.114391 1 0.191320 0.114264 1 0.191434 0.115229 2 0.193654 0.114733 2 0.190801 0.121392 2 0.195434 0.120793 2 0.189784 0.127525 2 0.197186 0.127444 2 0.189234 0.132428 2 0.198028 0.132547 2 0.193935 0.135685 2 0.197094 0.135572 2 0.194990 0.145575 2 0.198342 0.144987 2 0.196705 0.155472 2 0.200168 0.154110 2
0 0.784598 0.185185 0.018601 0.052910 0.786290 0.164741 1 0.785924 0.163588 1 0.786360 0.163772 1 0.783575 0.164283 2 0.786772 0.164911 2 0.781899 0.170732 2 0.786964 0.171774 2 0.780265 0.177494 2 0.787211 0.180377 2 0.781196 0.183663 2 0.786665 0.186529 2 0.781537 0.186099 2 0.785021 0.186445 2 0.782183 0.197284 2 0.785151 0.196992 2 0.781013 0.208157 2 0.783785 0.207833 2
0 0.408110 0.092593 0.012649 0.044974 0.408234 0.076341 2 0.408404 0.075420 1 0.407717 0.075506 2 0.408482 0.076026 1 0.406677 0.076193 2 0.409451 0.081231 2 0.405634 0.081589 2 0.410327 0.086840 2 0.405176 0.088057 2 0.410634 0.091028 2 0.405801 0.092868 2 0.409498 0.092530 2 0.406967 0.092779 2 0.409512 0.101509 2 0.407161 0.101635 2 0.408801 0.110441 2 0.406954 0.110525 2
0 0.311012 0.122354 0.011905 0.030423 0.315246 0.124913 2 0.314351 0.123209 1 0.315439 0.123293 2 0.310368 0.123398 1 0.315039 0.123909 2 0.308449 0.132476 2 0.315980 0.133024 2 0.306941 0.139665 1 0.317988 0.139799 1 0.307909 0.138021 1 0.317289 0.139463 1 0.309758 0.141740 1 0.314698 0.142035 1 0.310658 0.136086 1 0.313260 0.135928 1 0.310527 0.134754 1 0.313502 0.136145 1
0 0.853051 0.218915 0.018601 0.083333 0.859343 0.184337 1 0.858411 0.182775 1 0.859208 0.182901 1 0.854528 0.183771 1 0.858528 0.184380 2 0.852750 0.192677 2 0.858039 0.193449 2 0.856847 0.201701 1 0.859868 0.203613 2 0.862345 0.206311 1 0.864250 0.207384 2 0.852680 0.215459 2 0.856661 0.215911 2 0.853776 0.232135 2 0.857670 0.232282 2 0.849463 0.246488 2 0.852614 0.245876 2
0 0.964286 0.227513 0.023810 0.068783 0.954670 0.180110 1 0.955159 0.179894 1 0.954032 0.179894 1 0.956171 0.179894 1 0.952712 0.179894 1 0.957474 0.180336 1 0.951609 0.180182 1 0.959100 0.180544 1 0.950332 0.180545 1 0.958271 0.180848 1 0.950330 0.183022 1 0.955945 0.181386 2 0.952107 0.181138 2 0.954861 0.195993 2 0.952351 0.195681 2 0.954108 0.211329 2 0.952992 0.210811 2
0 0.944568 0.195106 0.020089 0.033069 0.953851 0.173375 1 0.954324 0.172266 1 0.953321 0.172497 1 0.955489 0.171958 1 0.952880 0.172421 1 0.956771 0.172847 1 0.952073 0.173227 1 0.956866 0.173958 1 0.950433 0.174433 1 0.955171 0.178818 1 0.950089 0.180626 1 0.955511 0.179584 2 0.952489 0.179524 2 0.954197 0.195644 2 0.952605 0.195603 2 0.953990 0.212082 2 0.953281 0.211541 2
0 0.930432 0.194444 0.018601 0.034392 0.928678 0.186665 2 0.929057 0.185035 2 0.927574 0.185474 2 0.929733 0.185611 1 0.925859 0.186867 2 0.932648 0.193553 2 0.924550 0.195026 2 0.935233 0.200342 2 0.921619 0.202326 2 0.933337 0.200262 2 0.920434 0.208643 2 0.930863 0.210435 2 0.925405 0.210763 2 0.931310 0.210737 1 0.923669 0.211951 1 0.929870 0.210231 1 0.922915 0.212136 1
