0 0.585565 0.661045 0.010417 0.040344 0.585786 0.644871 1 0.585897 0.644078 1 0.586048 0.644148 1 0.586118 0.644313 2 0.587724 0.644256 2 0.585641 0.648826 2 0.589099 0.648303 2 0.584549 0.654350 2 0.590175 0.652264 2 0.582774 0.658230 2 0.588524 0.653602 1 0.585919 0.660130 2 0.588057 0.659871 2 0.586197 0.668225 2 0.587137 0.668155 2 0.586907 0.676672 2 0.586630 0.675979 2
0 0.073661 0.929233 0.012649 0.052910 0.075561 0.907668 2 0.076115 0.906191 2 0.074829 0.906788 2 0.077340 0.904300 2 0.074152 0.905713 2 0.079344 0.907714 2 0.073727 0.907684 2 0.081041 0.914588 2 0.072268 0.912781 2 0.077137 0.914826 2 0.072413 0.912643 2 0.078860 0.921226 2 0.075085 0.920780 2 0.078543 0.932029 2 0.073754 0.930013 2 0.080247 0.943048 2 0.076226 0.937748 2
0 0.042783 0.811177 0.011905 0.045635 0.048820 0.791641 2 0.049536 0.790900 2 0.048450 0.790213 2 0.049752 0.791798 1 0.047416 0.790150 2 0.047640 0.797386 2 0.045676 0.796665 2 0.047578 0.804579 1 0.045196 0.805625 2 0.048842 0.801511 1 0.048564 0.802604 2 0.048119 0.812599 2 0.047013 0.812844 2 0.047419 0.822665 2 0.048450 0.823352 2 0.045834 0.833021 2 0.047245 0.833198 2
0 0.055060 0.760582 0.009673 0.046296 0.056673 0.745924 2 0.056289 0.744785 1 0.056658 0.744707 1 0.054344 0.744938 1 0.056297 0.744942 2 0.053690 0.751134 2 0.056368 0.751319 2 0.052354 0.757640 2 0.055107 0.758304 2 0.053151 0.758983 2 0.054504 0.759395 2 0.054820 0.763297 2 0.056666 0.763370 2 0.055595 0.772313 2 0.056344 0.771629 2 0.055790 0.780243 2 0.056281 0.781104 2
0 0.157366 0.694444 0.010417 0.037037 0.156007 0.681892 2 0.156458 0.680902 2 0.155590 0.681068 2 0.157474 0.680980 2 0.155350 0.681415 1 0.159192 0.685615 2 0.155397 0.686138 2 0.161402 0.691373 2 0.154666 0.691750 2 0.161306 0.696920 2 0.154069 0.696527 2 0.158735 0.699091 2 0.156280 0.699163 2 0.158922 0.708018 2 0.156120 0.707974 2 0.159098 0.715185 2 0.156606 0.715297 2
0 0.214472 0.708333 0.007068 0.038360 0.214883 0.692513 2 0.215356 0.691769 2 0.214541 0.691734 2 0.216235 0.691845 2 0.214110 0.691757 2 0.217300 0.696053 2 0.213182 0.695677 2 0.217795 0.701451 2 0.211989 0.699778 2 0.216910 0.706327 2 0.213321 0.703146 2 0.216474 0.706585 2 0.213702 0.706482 2 0.216623 0.714264 2 0.213706 0.714606 2 0.216625 0.721533 2 0.213488 0.722361 2
0 0.226749 0.770833 0.011533 0.039021 0.229456 0.752506 2 0.229880 0.751870 2 0.229279 0.751806 2 0.230707 0.751952 2 0.229110 0.751893 1 0.232109 0.755400 2 0.228229 0.755533 2 0.233014 0.760049 2 0.226216 0.759295 2 0.231801 0.763861 2 0.224420 0.763349 2 0.231805 0.765612 2 0.229118 0.765619 2 0.231563 0.772479 2 0.227726 0.773304 2 0.233590 0.778710 2 0.229007 0.780511 2
0 0.200521 0.779431 0.010417 0.039021 0.204658 0.760244 2 0.204538 0.759473 1 0.204552 0.759345 2 0.202970 0.760335 1 0.204028 0.760009 2 0.201591 0.765643 2 0.203670 0.764824 2 0.199032 0.771866 2 0.202308 0.769502 2 0.197866 0.776169 2 0.199777 0.773550 2 0.203766 0.778674 2 0.205170 0.778691 2 0.204472 0.787470 2 0.206119 0.787058 2 0.204381 0.797015 1 0.206254 0.796548 1
0 0.251302 0.628638 0.007068 0.035053 0.252877 0.615014 1 0.252623 0.614253 1 0.252767 0.614257 1 0.251019 0.614672 2 0.252554 0.614800 2 0.249763 0.619013 2 0.253287 0.619430 2 0.248754 0.623895 2 0.254103 0.624329 2 0.249614 0.626554 2 0.253552 0.627278 2 0.250317 0.628066 2 0.252716 0.628377 2 0.250351 0.634864 2 0.252374 0.635637 2 0.250326 0.641718 2 0.252211 0.643352 2
0 0.333147 0.622354 0.008557 0.031746 0.336813 0.610276 1 0.336444 0.609471 1 0.336789 0.609529 1 0.334733 0.609574 1 0.336496 0.609915 2 0.333391 0.613648 2 0.336104 0.614183 2 0.334600 0.618129 1 0.337812 0.618963 2 0.337073 0.619816 1 0.338914 0.620170 2 0.333323 0.623227 2 0.335137 0.623770 2 0.336114 0.627468 2 0.337607 0.628391 2 0.334630 0.635322 2 0.335548 0.635315 2
0 0.233817 0.616071 0.009301 0.031085 0.238622 0.615324 2 0.238633 0.615092 1 0.238570 0.615092 2 0.238536 0.615319 1 0.238510 0.615292 2 0.238611 0.616702 2 0.238466 0.616709 2 0.239174 0.618141 2 0.238916 0.618153 2 0.239473 0.618549 2 0.239300 0.618424 2 0.238620 0.619929 2 0.238535 0.619940 2 0.238600 0.622431 2 0.238602 0.622458 2 0.238431 0.624776 2 0.238424 0.624814 2
0 0.392671 0.609458 0.008557 0.025794 0.394639 0.598977 2 0.394281 0.598274 1 0.394536 0.598283 2 0.392804 0.598403 1 0.393533 0.598600 2 0.392021 0.601555 2 0.392571 0.601804 2 0.394279 0.605292 2 0.394903 0.605450 2 0.396624 0.605447 2 0.397260 0.605952 2 0.391925 0.611372 2 0.392225 0.612074 2 0.396607 0.609358 2 0.396771 0.610371 2 0.396705 0.618333 2 0.396980 0.618665 2
0 0.427827 0.647487 0.006696 0.037037 0.430234 0.632694 2 0.430233 0.631923 1 0.429843 0.631977 2 0.429916 0.632191 1 0.428744 0.632356 2 0.429760 0.636705 2 0.428144 0.636990 2 0.430066 0.642588 1 0.428030 0.643269 2 0.430365 0.647395 1 0.429129 0.647759 2 0.429805 0.646913 2 0.428481 0.647173 2 0.431055 0.654356 2 0.428300 0.654534 2 0.431588 0.662063 2 0.427065 0.662121 2
0 0.010045 0.499669 0.006696 0.025794 0.009409 0.490569 1 0.009501 0.490044 1 0.009679 0.490014 1 0.009895 0.490196 2 0.010969 0.490032 1 0.010069 0.493016 2 0.011769 0.492783 2 0.009751 0.497702 2 0.012226 0.497089 2 0.009089 0.501551 2 0.012152 0.500766 1 0.010606 0.500706 2 0.011641 0.500509 2 0.010016 0.506082 2 0.010505 0.506085 2 0.011870 0.508715 2 0.011958 0.508983 2
0 0.477865 0.629299 0.007812 0.025794 0.478715 0.620021 1 0.478421 0.619348 1 0.478660 0.619403 1 0.477059 0.619578 1 0.478318 0.619833 2 0.476536 0.623007 2 0.478034 0.623616 2 0.478143 0.626864 2 0.479633 0.628197 2 0.480767 0.628220 1 0.481975 0.629803 2 0.476846 0.632554 2 0.477984 0.633216 2 0.479369 0.636295 2 0.481399 0.636964 2 0.478753 0.642637 1 0.481165 0.643211 2
0 0.323661 0.471561 0.003720 0.021164 0.325894 0.463827 1 0.325774 0.463329 1 0.325927 0.463343 1 0.325020 0.463294 1 0.325934 0.463391 2 0.324549 0.465620 2 0.325730 0.465760 2 0.324113 0.469001 2 0.325753 0.469114 2 0.324394 0.471862 2 0.325786 0.471719 1 0.324739 0.471996 2 0.325548 0.472120 2 0.325007 0.476618 2 0.325604 0.476791 2 0.324763 0.481253 2 0.325449 0.481362 2
0 0.546503 0.689153 0.007440 0.038360 0.548088 0.674276 2 0.548503 0.673547 2 0.547723 0.673566 2 0.549241 0.673874 2 0.547289 0.673935 2 0.550378 0.678343 2 0.546580 0.678342 2 0.551290 0.683606 2 0.545917 0.683290 2 0.551144 0.688509 2 0.545786 0.687849 2 0.549743 0.689189 2 0.547138 0.689147 2 0.549900 0.697417 2 0.547026 0.697218 2 0.550104 0.704654 2 0.546859 0.704464 2
0 0.537946 0.666667 0.007440 0.039683 0.538536 0.652109 2 0.538962 0.651283 2 0.538211 0.651426 2 0.539819 0.651716 2 0.538007 0.652035 1 0.540803 0.656258 2 0.537544 0.655971 2 0.541133 0.661368 2 0.536666 0.659567 2 0.539691 0.658353 2 0.537203 0.655862 2 0.539973 0.666890 2 0.537776 0.666652 2 0.539713 0.675793 2 0.537731 0.675308 2 0.539721 0.684223 2 0.538109 0.683137 2
0 0.597656 0.651455 0.006324 0.033069 0.599968 0.638942 2 0.599748 0.638315 1 0.599591 0.638373 2 0.598982 0.638644 1 0.598321 0.638923 2 0.598203 0.642596 2 0.597368 0.642815 2 0.598458 0.647242 2 0.597933 0.647709 2 0.600289 0.648019 2 0.600550 0.647527 2 0.598728 0.653119 2 0.597592 0.653479 2 0.600648 0.659655 2 0.595974 0.660306 2 0.601262 0.667308 2 0.593886 0.666410 2
0 0.569754 0.652447 0.006324 0.035053 0.571073 0.640590 1 0.570995 0.639880 1 0.571152 0.640007 1 0.569920 0.640135 2 0.571640 0.640501 2 0.568478 0.643881 2 0.572068 0.644728 2 0.567258 0.648495 2 0.572805 0.649904 2 0.567332 0.652669 2 0.572915 0.653886 2 0.568569 0.653799 2 0.570927 0.654286 2 0.568581 0.660593 2 0.570467 0.661752 2 0.568849 0.668148 2 0.569945 0.669154 2
0 0.572173 0.635251 0.007440 0.036376 0.571084 0.640532 1 0.571025 0.639871 1 0.571182 0.640025 1 0.569929 0.640282 2 0.571708 0.640699 2 0.568558 0.644100 2 0.572021 0.644911 2 0.567305 0.648527 2 0.572801 0.650163 2 0.567581 0.651897 1 0.573130 0.654176 2 0.568533 0.653703 2 0.570985 0.654094 2 0.567830 0.656145 2 0.571089 0.656522 2 0.567522 0.660666 1 0.570633 0.660554 1
0 0.736793 0.547288 0.007812 0.020503 0.738291 0.541246 1 0.738327 0.540718 1 0.738517 0.540841 1 0.738263 0.541042 2 0.739674 0.541122 2 0.737927 0.543725 2 0.740334 0.543804 2 0.736444 0.546592 2 0.740253 0.546617 2 0.734918 0.547377 2 0.738679 0.547331 1 0.738394 0.551445 2 0.739961 0.551359 2 0.736455 0.556883 2 0.738215 0.556995 2 0.736577 0.560964 2 0.738472 0.560911 1
0 0.467076 0.667328 0.006324 0.037037 0.469835 0.649713 2 0.469561 0.648991 1 0.469604 0.648956 2 0.468274 0.649547 1 0.468579 0.649543 2 0.467803 0.654198 2 0.467262 0.654397 2 0.468180 0.659759 2 0.466804 0.660318 2 0.469973 0.657976 1 0.469380 0.657903 2 0.468179 0.667337 2 0.467768 0.667866 2 0.469718 0.675449 2 0.468995 0.676332 2 0.468020 0.681744 2 0.467083 0.682591 2
0 0.482329 0.645833 0.007068 0.032407 0.484662 0.633870 2 0.484432 0.633180 1 0.484505 0.633170 2 0.483425 0.633568 1 0.483703 0.633617 2 0.483241 0.637258 2 0.482959 0.637554 2 0.484186 0.641729 2 0.483763 0.642641 2 0.485497 0.639906 1 0.485501 0.640877 2 0.483288 0.645819 2 0.483064 0.646036 2 0.483403 0.653004 2 0.483015 0.653308 2 0.482546 0.659629 2 0.482229 0.660044 2
0 0.492374 0.663360 0.008557 0.038360 0.494713 0.647991 2 0.494504 0.647224 1 0.494575 0.647236 2 0.493454 0.647127 1 0.493698 0.647162 2 0.492899 0.651543 2 0.492843 0.651592 2 0.493493 0.657414 1 0.492417 0.657621 2 0.494441 0.661132 1 0.492349 0.663383 2 0.493463 0.662917 2 0.493378 0.663132 2 0.493940 0.670522 2 0.493365 0.670906 2 0.494078 0.678067 2 0.492059 0.678404 2
0 0.350632 0.652778 0.007068 0.031746 0.350205 0.642162 1 0.350234 0.641489 1 0.350496 0.641425 1 0.350621 0.641719 2 0.351861 0.641419 1 0.351963 0.645483 2 0.352489 0.644795 2 0.350384 0.651339 2 0.350224 0.649667 2 0.347522 0.652887 2 0.347878 0.650307 2 0.352549 0.655721 2 0.352762 0.654771 2 0.347614 0.657264 2 0.347892 0.655774 2 0.349440 0.664135 2 0.349560 0.663945 2
0 0.507626 0.654431 0.007812 0.031085 0.509655 0.641555 1 0.509419 0.640807 1 0.509478 0.640839 1 0.508057 0.641238 1 0.508756 0.641475 2 0.507235 0.645388 2 0.508521 0.645801 2 0.507089 0.650033 1 0.508665 0.650763 2 0.509106 0.652374 1 0.509994 0.654006 2 0.507377 0.655401 2 0.508319 0.655696 2 0.507285 0.663443 2 0.508129 0.663825 2 0.506580 0.670547 2 0.507586 0.671330 2
0 0.516183 0.585317 0.007068 0.026455 0.518506 0.578000 1 0.518234 0.577307 1 0.518528 0.577286 1 0.516740 0.577342 1 0.518328 0.577375 2 0.515946 0.580870 2 0.518061 0.580943 2 0.516059 0.585403 1 0.518961 0.585353 2 0.517997 0.587538 1 0.519780 0.586689 2 0.516191 0.589506 2 0.517606 0.589784 2 0.518509 0.593939 2 0.519699 0.593960 2 0.517796 0.600078 2 0.519014 0.600577 2
0 0.561198 0.580357 0.007068 0.025794 0.561443 0.573273 2 0.561415 0.572708 1 0.561376 0.572658 2 0.560906 0.573001 1 0.561262 0.572872 2 0.560531 0.576019 2 0.561144 0.576023 2 0.563166 0.579197 2 0.563615 0.579241 2 0.565299 0.581552 2 0.565297 0.581681 2 0.560034 0.584439 2 0.560463 0.584658 2 0.561301 0.589400 2 0.561790 0.590267 2 0.560725 0.594847 2 0.561414 0.595321 2
0 0.527902 0.576720 0.006696 0.031746 0.529764 0.567089 2 0.529548 0.566605 1 0.529684 0.566565 2 0.528424 0.566684 1 0.529053 0.566627 2 0.527492 0.569074 2 0.528598 0.569332 2 0.528522 0.572724 1 0.529424 0.573042 2 0.530445 0.573883 1 0.531455 0.574116 2 0.527687 0.576809 2 0.528456 0.577390 2 0.530357 0.578980 2 0.531845 0.580205 2 0.528410 0.583647 2 0.529733 0.585401 2
0 0.637277 0.554563 0.007440 0.023148 0.639177 0.547990 1 0.638971 0.547325 1 0.639282 0.547468 1 0.637798 0.547285 2 0.639357 0.547757 2 0.636493 0.550298 2 0.638787 0.550953 2 0.635005 0.554359 2 0.639639 0.555122 2 0.635251 0.557044 1 0.641114 0.556655 2 0.635632 0.557358 2 0.636902 0.557907 2 0.638848 0.557566 2 0.639631 0.558212 2 0.636988 0.560269 1 0.637585 0.560435 2
0 0.707775 0.566468 0.007068 0.024471 0.709944 0.558830 1 0.709627 0.558262 1 0.709941 0.558267 1 0.708313 0.558423 1 0.709709 0.558624 2 0.707393 0.561197 2 0.708968 0.561559 2 0.708708 0.565352 1 0.710468 0.566059 2 0.710746 0.567643 1 0.711724 0.567964 2 0.707708 0.569341 2 0.708644 0.569979 2 0.711569 0.570173 1 0.712064 0.571188 2 0.710311 0.577408 1 0.710186 0.577074 2
0 0.430618 0.606151 0.010789 0.032407 0.432255 0.593786 2 0.431929 0.593224 1 0.432047 0.593247 2 0.430643 0.593874 1 0.431312 0.594036 2 0.429522 0.597674 2 0.431400 0.597741 2 0.431477 0.600878 2 0.433648 0.600447 2 0.433720 0.602167 1 0.435388 0.601930 2 0.429273 0.606158 2 0.430497 0.606567 2 0.432440 0.608286 2 0.433746 0.609335 2 0.430473 0.613528 2 0.431285 0.614079 2
0 0.615141 0.799934 0.013765 0.037698 0.614741 0.788861 2 0.614917 0.787929 2 0.614824 0.787783 1 0.616263 0.787410 2 0.616149 0.786820 1 0.618127 0.793192 2 0.617199 0.789520 2 0.616644 0.800880 2 0.614384 0.793385 2 0.612581 0.799218 2 0.611352 0.796376 2 0.617440 0.804726 2 0.616618 0.802072 2 0.614221 0.812203 2 0.612322 0.807648 2 0.615289 0.818208 2 0.611543 0.813438 2
0 0.648438 0.809193 0.011905 0.054894 0.648726 0.787742 1 0.648830 0.786701 1 0.649058 0.786801 1 0.648413 0.787095 2 0.651032 0.787195 2 0.646907 0.793114 2 0.652448 0.793132 2 0.644873 0.799766 2 0.653669 0.801781 2 0.645365 0.799027 2 0.653874 0.809862 2 0.647545 0.809556 2 0.651003 0.809377 2 0.647994 0.821021 2 0.649650 0.820800 2 0.649036 0.832507 2 0.648720 0.832088 2
0 0.807106 0.921627 0.014509 0.058862 0.807922 0.898492 1 0.807694 0.897371 1 0.807914 0.897505 1 0.805655 0.898003 2 0.808789 0.898187 2 0.803441 0.905211 2 0.810079 0.904065 2 0.802053 0.910338 2 0.813528 0.907858 2 0.804013 0.911451 1 0.811844 0.909284 1 0.804527 0.921472 2 0.809203 0.921003 2 0.805888 0.922556 2 0.812524 0.920197 2 0.804122 0.939702 2 0.811230 0.934399 2
0 0.921503 0.784722 0.010417 0.046958 0.923392 0.767212 2 0.923616 0.766346 2 0.922853 0.766337 2 0.923557 0.766629 1 0.921380 0.766547 2 0.923544 0.771666 2 0.919468 0.771041 2 0.924019 0.777002 2 0.918816 0.777044 2 0.923524 0.777596 2 0.921948 0.779231 2 0.922503 0.784351 2 0.919513 0.783908 2 0.921967 0.794718 2 0.918384 0.793269 2 0.921910 0.804843 2 0.917460 0.801885 2
0 0.928199 0.784722 0.008929 0.046958 0.927048 0.767179 2 0.927503 0.766317 2 0.926757 0.766290 2 0.928215 0.766193 2 0.926507 0.766092 1 0.929155 0.770068 2 0.925329 0.769772 2 0.930205 0.774949 2 0.923926 0.774445 2 0.929185 0.778229 2 0.924334 0.777990 2 0.927962 0.782954 2 0.925384 0.782761 2 0.928270 0.793578 2 0.925154 0.793239 2 0.928222 0.803969 2 0.925280 0.803269 2
0 0.907552 0.756944 0.008557 0.049603 0.908645 0.738552 2 0.909104 0.737828 2 0.908194 0.737769 2 0.909651 0.738442 2 0.907379 0.738170 2 0.909918 0.742917 2 0.905896 0.742594 2 0.910237 0.747763 2 0.903945 0.748446 2 0.910098 0.750282 2 0.906249 0.751108 2 0.908911 0.754284 2 0.906266 0.754143 2 0.908129 0.765848 2 0.905421 0.765011 2 0.906812 0.775998 2 0.903418 0.774599 2
0 0.898251 0.759259 0.008557 0.043651 0.900648 0.746118 2 0.901204 0.745185 2 0.900132 0.745074 2 0.901772 0.744666 1 0.898823 0.744179 2 0.901603 0.749789 2 0.896809 0.748047 2 0.902157 0.755770 2 0.894826 0.753267 2 0.901496 0.760564 1 0.894387 0.758367 2 0.900122 0.761573 2 0.896773 0.760577 2 0.899737 0.770375 2 0.895374 0.767833 2 0.899598 0.778086 2 0.893342 0.773299 2
0 0.716146 0.657738 0.007440 0.041667 0.716876 0.642802 2 0.717226 0.642130 2 0.717033 0.642068 1 0.718000 0.642985 2 0.717948 0.642768 1 0.717964 0.647560 2 0.718109 0.647342 2 0.717625 0.652915 2 0.717540 0.652676 1 0.716839 0.656062 2 0.715916 0.655791 1 0.717339 0.657436 2 0.717478 0.657214 2 0.716916 0.665087 2 0.716854 0.664902 2 0.717175 0.673519 2 0.717045 0.673075 2
0 0.837240 0.672950 0.007068 0.036376 0.836948 0.661960 1 0.837060 0.661195 2 0.837145 0.661171 1 0.837748 0.661242 2 0.838599 0.661127 1 0.838209 0.665139 2 0.839316 0.664791 2 0.837749 0.670391 2 0.838532 0.669650 1 0.836871 0.674884 2 0.836928 0.673250 1 0.837764 0.675121 2 0.838581 0.674751 2 0.837510 0.682443 2 0.837950 0.682253 2 0.837818 0.690341 2 0.838175 0.690249 2
0 0.823475 0.677910 0.008557 0.039683 0.823453 0.662314 1 0.823504 0.661451 1 0.823694 0.661639 1 0.822775 0.661943 2 0.824895 0.662201 2 0.821214 0.666761 2 0.825678 0.667231 2 0.820217 0.673079 2 0.826617 0.673732 2 0.820362 0.677803 2 0.826147 0.678897 2 0.821632 0.679509 2 0.824682 0.679899 2 0.821430 0.687827 2 0.824680 0.688554 2 0.821654 0.694241 1 0.824361 0.694132 1
0 0.827381 0.668981 0.006696 0.036376 0.824382 0.662574 1 0.824193 0.661689 1 0.824499 0.661757 1 0.823168 0.662014 1 0.825218 0.662240 2 0.822917 0.666824 2 0.825649 0.667284 2 0.823675 0.673437 1 0.826786 0.673802 2 0.824133 0.678965 1 0.825828 0.679256 2 0.822917 0.680159 2 0.824634 0.680352 2 0.822917 0.687868 1 0.825128 0.688625 2 0.822917 0.692778 1 0.825301 0.693628 1
0 0.598214 0.734127 0.005952 0.038360 0.597832 0.719950 2 0.597931 0.718967 2 0.597540 0.719159 1 0.598883 0.717668 2 0.598123 0.718232 1 0.600278 0.720943 2 0.599849 0.721150 2 0.600128 0.727707 2 0.599828 0.727746 1 0.597804 0.729639 2 0.597940 0.730893 1 0.600098 0.734283 2 0.599870 0.734038 2 0.599847 0.743356 2 0.599623 0.742974 2 0.600057 0.752779 2 0.599608 0.752164 2
0 0.807292 0.621693 0.007440 0.034392 0.808756 0.607200 1 0.808783 0.606410 1 0.808965 0.606574 1 0.808092 0.606861 2 0.809991 0.607188 2 0.806935 0.610983 2 0.809955 0.611778 2 0.805340 0.615593 2 0.810739 0.617958 2 0.805251 0.620627 2 0.811048 0.622404 2 0.806626 0.622060 2 0.808676 0.622296 2 0.806168 0.630440 2 0.808317 0.630565 2 0.804859 0.639061 2 0.807596 0.638473 2
0 0.813244 0.621362 0.006696 0.036376 0.814580 0.607349 1 0.814575 0.606629 1 0.814791 0.606664 1 0.814170 0.606948 1 0.815926 0.607025 1 0.813354 0.610796 2 0.816552 0.610907 2 0.812677 0.615445 2 0.816839 0.615679 2 0.813126 0.618907 2 0.815940 0.619255 2 0.813183 0.620541 2 0.815345 0.620472 2 0.813317 0.627915 2 0.815109 0.627980 2 0.813579 0.635423 2 0.815057 0.635377 2
0 0.852865 0.597884 0.007068 0.035714 0.854612 0.583637 1 0.854397 0.582933 1 0.854631 0.582949 1 0.852982 0.583067 1 0.854810 0.583157 1 0.851833 0.586709 2 0.855448 0.586454 2 0.851151 0.591712 2 0.856612 0.590558 2 0.851249 0.595740 2 0.856463 0.592206 2 0.852271 0.596276 2 0.854685 0.596246 2 0.852812 0.603619 2 0.855007 0.603106 2 0.852923 0.611157 2 0.854653 0.610127 2
0 0.835938 0.593915 0.005208 0.035714 0.835433 0.580624 1 0.835495 0.579964 1 0.835637 0.579904 1 0.835972 0.580089 2 0.837170 0.579867 1 0.836016 0.583370 2 0.838297 0.583150 2 0.834873 0.587125 2 0.838460 0.588105 1 0.834483 0.584931 2 0.837597 0.590558 1 0.836103 0.592326 2 0.837600 0.592050 2 0.835536 0.599151 2 0.836676 0.598956 2 0.835595 0.605792 2 0.836659 0.605852 2
0 0.842262 0.592262 0.008185 0.029762 0.840813 0.579843 2 0.841038 0.579196 2 0.840949 0.579208 1 0.841862 0.579630 2 0.842223 0.579550 1 0.841711 0.583290 2 0.843428 0.583081 2 0.841457 0.587582 2 0.844247 0.587171 2 0.841148 0.590443 2 0.843645 0.590911 1 0.841798 0.592023 2 0.842967 0.591821 2 0.841392 0.598513 2 0.842579 0.598643 2 0.841602 0.604947 2 0.842789 0.604911 2
0 0.854725 0.582341 0.008557 0.029762 0.854547 0.583191 1 0.854320 0.582555 1 0.854691 0.582573 1 0.852918 0.582812 2 0.855176 0.582939 1 0.851949 0.586522 2 0.855654 0.586538 2 0.851343 0.591961 2 0.857071 0.589960 2 0.851249 0.595781 2 0.856604 0.588238 2 0.852420 0.596720 2 0.854879 0.596872 2 0.852723 0.602611 1 0.855180 0.602865 1 0.852863 0.602974 1 0.854999 0.603024 1
0 0.831659 0.557870 0.005580 0.024471 0.835200 0.552026 1 0.835101 0.551246 1 0.835130 0.551161 1 0.834196 0.551786 1 0.834795 0.551708 2 0.833539 0.557219 2 0.834098 0.557170 2 0.833093 0.563333 1 0.833539 0.563358 1 0.833663 0.566409 1 0.834135 0.566498 1 0.834110 0.567611 2 0.834517 0.567799 2 0.834427 0.573855 1 0.834525 0.574191 1 0.834399 0.574642 1 0.834579 0.574549 1
