0 0.246838 0.506283 0.004836 0.020503 0.246642 0.498879 2 0.246813 0.498452 2 0.246436 0.498526 1 0.247177 0.498300 2 0.246203 0.498489 2 0.247923 0.500346 2 0.246052 0.500518 2 0.248524 0.503136 2 0.245615 0.502865 2 0.248306 0.505966 2 0.245230 0.505475 2 0.247676 0.506333 2 0.246359 0.506371 2 0.247978 0.510331 2 0.246366 0.510495 2 0.248533 0.513819 2 0.246246 0.514339 2
0 0.232887 0.886574 0.010417 0.025794 0.232958 0.876322 1 0.232972 0.875535 1 0.233223 0.875737 1 0.232214 0.875917 2 0.234391 0.876342 2 0.230712 0.879791 2 0.234851 0.880820 2 0.229546 0.882950 2 0.236233 0.885197 2 0.230494 0.879028 1 0.236303 0.882207 1 0.230911 0.891347 2 0.233708 0.891850 2 0.230644 0.898410 2 0.233852 0.899361 2 0.230483 0.903997 1 0.233508 0.903997 1
0 0.577567 0.950397 0.010789 0.027778 0.580202 0.941749 1 0.580143 0.940985 1 0.580417 0.941107 1 0.579134 0.941559 2 0.581563 0.941650 2 0.577454 0.946479 2 0.582791 0.946225 2 0.576566 0.950233 2 0.584597 0.948112 2 0.576400 0.958424 2 0.583598 0.948826 1 0.578104 0.959854 2 0.581896 0.959768 2 0.577719 0.958830 2 0.582638 0.958062 2 0.578245 0.969158 1 0.582495 0.967013 1
0 0.528460 0.490410 0.004836 0.017857 0.528853 0.487108 1 0.528839 0.486648 1 0.528951 0.486700 1 0.528341 0.486817 2 0.529481 0.486904 2 0.527567 0.489242 2 0.530026 0.489525 2 0.526838 0.492232 2 0.530527 0.492910 2 0.526968 0.494609 2 0.530434 0.495564 1 0.527831 0.495948 2 0.529481 0.496105 2 0.527950 0.500510 2 0.529487 0.500613 2 0.528103 0.502594 1 0.529335 0.502594 1
0 0.813058 0.519511 0.006324 0.024471 0.813030 0.512557 1 0.813031 0.512060 1 0.813166 0.512048 1 0.813017 0.512235 2 0.814139 0.512153 2 0.813024 0.515162 2 0.814821 0.515065 2 0.812846 0.519172 2 0.815219 0.519017 2 0.812397 0.522532 2 0.814822 0.522526 1 0.813235 0.522864 2 0.814473 0.522722 2 0.812677 0.526880 2 0.814013 0.527033 1 0.812989 0.528059 1 0.814219 0.528414 1
0 0.834821 0.535384 0.006696 0.024471 0.835634 0.526821 1 0.835659 0.526308 1 0.835814 0.526464 1 0.835288 0.526556 2 0.836679 0.526850 2 0.834503 0.529152 2 0.837252 0.530113 2 0.833302 0.532716 2 0.837799 0.534234 2 0.832062 0.534911 2 0.837199 0.537003 2 0.834539 0.537055 2 0.836469 0.537516 2 0.832832 0.537507 2 0.835752 0.538652 2 0.833274 0.541103 2 0.836114 0.542209 2
0 0.718378 0.363426 0.004464 0.017857 0.719216 0.359241 1 0.719186 0.358949 1 0.719242 0.358928 1 0.718897 0.358954 2 0.719555 0.358898 2 0.718652 0.360412 2 0.719952 0.360255 2 0.718404 0.362238 2 0.720746 0.361670 2 0.718621 0.363440 2 0.720320 0.362373 2 0.718937 0.364402 2 0.719760 0.364307 2 0.718962 0.367441 2 0.719388 0.367393 2 0.718893 0.370541 2 0.719218 0.370493 2
0 0.625558 0.328704 0.003348 0.013228 0.625884 0.325433 2 0.626006 0.325198 1 0.625775 0.325191 2 0.626168 0.325284 1 0.625621 0.325275 2 0.626300 0.326470 2 0.625346 0.326473 2 0.626514 0.327484 2 0.624869 0.327482 2 0.625966 0.327621 2 0.624966 0.327844 2 0.626017 0.328899 2 0.625421 0.328907 2 0.626013 0.331042 2 0.625498 0.331128 2 0.625899 0.333476 2 0.625538 0.333479 2
0 0.985677 0.683201 0.009301 0.031746 0.985682 0.671536 1 0.985754 0.670899 1 0.986036 0.670935 1 0.986018 0.671446 2 0.987609 0.671396 2 0.986275 0.675258 2 0.987759 0.675354 2 0.985531 0.679588 2 0.987224 0.680096 2 0.984608 0.681507 2 0.986173 0.682070 1 0.985827 0.683754 2 0.986872 0.683587 2 0.984714 0.688636 2 0.985722 0.688584 2 0.984773 0.693964 2 0.986141 0.694133 2
0 0.995536 0.681217 0.005952 0.034392 0.995297 0.670613 1 0.995314 0.669949 1 0.995543 0.669951 1 0.995103 0.670386 2 0.996870 0.670197 2 0.994894 0.674279 2 0.997685 0.673984 2 0.994363 0.679091 2 0.998163 0.678440 2 0.993457 0.683096 2 0.997285 0.680827 1 0.995203 0.683188 2 0.997017 0.682972 2 0.995347 0.689834 2 0.996462 0.689605 2 0.995270 0.696150 2 0.995735 0.696281 2
0 0.752418 0.397156 0.005580 0.019180 0.754352 0.392439 1 0.754187 0.392011 1 0.754298 0.392062 1 0.753188 0.391990 1 0.753938 0.392159 2 0.752704 0.393743 2 0.753735 0.394017 2 0.752840 0.395997 1 0.754224 0.396234 2 0.753718 0.396768 1 0.754607 0.396693 2 0.752597 0.398473 2 0.753404 0.398650 2 0.752440 0.401454 2 0.753757 0.401576 2 0.751759 0.404210 2 0.753893 0.404618 2
0 0.740327 0.396164 0.005952 0.021164 0.742032 0.388003 1 0.741915 0.387661 1 0.742003 0.387651 1 0.741343 0.387748 1 0.741855 0.387799 2 0.741074 0.389559 2 0.741733 0.389647 2 0.741136 0.391742 1 0.741879 0.391949 2 0.741406 0.393349 1 0.741983 0.393753 2 0.741066 0.393926 2 0.741519 0.393962 2 0.741074 0.397148 2 0.741246 0.397171 2 0.740799 0.400233 2 0.740866 0.400198 2
0 0.601376 0.733135 0.010789 0.031085 0.600821 0.723382 2 0.601069 0.722832 2 0.600556 0.722913 2 0.601519 0.721833 2 0.600218 0.721931 1 0.602547 0.722633 2 0.599345 0.721829 2 0.603628 0.726469 2 0.598653 0.726029 2 0.602205 0.728464 2 0.599766 0.727622 2 0.602298 0.730794 2 0.599911 0.730142 2 0.603131 0.737811 2 0.598101 0.734738 2 0.603448 0.746003 2 0.598454 0.740488 2
0 0.614769 0.717923 0.008557 0.029762 0.613897 0.706589 1 0.613934 0.705934 1 0.614061 0.705983 1 0.613631 0.706246 2 0.614972 0.706224 2 0.613077 0.709649 2 0.615438 0.709727 2 0.612163 0.713381 2 0.615614 0.713804 1 0.612537 0.716371 2 0.615333 0.717398 1 0.613500 0.717538 2 0.615081 0.717622 2 0.613256 0.723469 2 0.614624 0.723598 2 0.613203 0.729077 2 0.614525 0.729266 2
