0 0.300595 0.791005 0.025298 0.126984 0.292235 0.734023 2 0.293574 0.730977 2 0.291328 0.731288 2 0.297520 0.731023 2 0.292281 0.732243 1 0.301237 0.743854 2 0.295214 0.746590 2 0.300792 0.756707 2 0.292182 0.762798 2 0.295071 0.744076 2 0.288857 0.750973 2 0.301865 0.784330 2 0.298188 0.784980 2 0.301463 0.811106 2 0.301521 0.811276 2 0.304393 0.836722 2 0.306358 0.839170 2
0 0.297619 0.776455 0.029762 0.121693 0.292068 0.733825 2 0.293511 0.731190 2 0.291284 0.731178 2 0.297503 0.731397 2 0.291940 0.731895 1 0.300448 0.743289 2 0.292626 0.745515 2 0.301072 0.752371 2 0.290959 0.763521 2 0.294811 0.737102 2 0.290081 0.767692 2 0.301144 0.781325 2 0.296477 0.781979 2 0.300431 0.806816 2 0.300582 0.807696 2 0.302860 0.835248 2 0.305795 0.835690 2
0 0.434896 0.785053 0.033482 0.154762 0.436502 0.735651 2 0.438167 0.732449 2 0.434783 0.732913 2 0.440492 0.730803 2 0.431907 0.731529 2 0.443910 0.744486 2 0.428078 0.744796 2 0.448492 0.763531 2 0.423358 0.763884 2 0.452228 0.784084 2 0.422013 0.785543 2 0.441447 0.786744 2 0.431370 0.786805 2 0.439933 0.815762 2 0.430080 0.814860 2 0.437629 0.842059 2 0.429556 0.840297 2
0 0.325521 0.570106 0.015625 0.063492 0.320225 0.531202 2 0.319814 0.529588 1 0.319620 0.529712 2 0.317978 0.530369 1 0.317569 0.530814 2 0.317038 0.538551 2 0.316635 0.540135 2 0.318871 0.548456 1 0.316460 0.554139 2 0.320964 0.552733 1 0.317845 0.562907 2 0.317651 0.558193 2 0.317429 0.559276 2 0.320029 0.575155 2 0.320082 0.576748 2 0.315889 0.588080 2 0.315274 0.589584 2
0 0.321801 0.553571 0.014137 0.085979 0.320277 0.531297 2 0.319985 0.529728 1 0.319600 0.529769 2 0.318148 0.530445 1 0.317254 0.530592 2 0.317441 0.538373 2 0.316029 0.539717 2 0.318944 0.548353 1 0.316341 0.552472 2 0.321314 0.552165 1 0.320150 0.557453 2 0.317955 0.558099 2 0.317008 0.559172 2 0.319455 0.573981 2 0.319159 0.574484 2 0.315796 0.587967 2 0.315365 0.589029 2
0 0.337798 0.561508 0.014881 0.064815 0.335202 0.546507 2 0.335931 0.545182 2 0.334424 0.545344 2 0.337175 0.545761 2 0.333589 0.546208 2 0.339134 0.552461 2 0.333615 0.554221 2 0.342238 0.558402 2 0.333670 0.561952 2 0.339962 0.563828 2 0.335602 0.564273 2 0.339822 0.568584 2 0.336354 0.569326 2 0.339356 0.580694 2 0.337464 0.581138 2 0.340113 0.591306 2 0.338208 0.592198 2
0 0.337054 0.505291 0.013393 0.052910 0.334567 0.489268 1 0.334715 0.488199 1 0.335068 0.488083 1 0.336200 0.488309 2 0.338471 0.487619 1 0.336269 0.493925 2 0.340799 0.492041 2 0.335680 0.501157 2 0.342192 0.495829 2 0.335183 0.506632 2 0.340999 0.496169 1 0.337655 0.507528 2 0.340690 0.506734 2 0.337480 0.516658 2 0.339752 0.515901 2 0.338610 0.524861 2 0.340389 0.522672 2
0 0.402902 0.534392 0.027530 0.060847 0.405230 0.519600 2 0.406319 0.518075 2 0.404298 0.518345 2 0.408018 0.519583 2 0.403415 0.520036 2 0.408103 0.527227 2 0.403797 0.527481 2 0.401158 0.533459 2 0.399353 0.532928 2 0.395691 0.536291 2 0.395450 0.536262 2 0.411159 0.546285 2 0.408082 0.545943 2 0.401473 0.537463 2 0.400220 0.537343 2 0.400974 0.557234 2 0.400820 0.557119 2
0 0.467262 0.477513 0.019345 0.084656 0.467950 0.448099 1 0.467601 0.446557 1 0.467943 0.446656 1 0.464728 0.447449 2 0.468526 0.447647 2 0.462127 0.455803 2 0.469657 0.456114 2 0.460256 0.465182 2 0.471808 0.467297 2 0.462137 0.471922 2 0.471547 0.473263 2 0.464207 0.476698 2 0.469189 0.477054 2 0.465594 0.494094 2 0.470215 0.492830 2 0.464943 0.511455 2 0.469216 0.508882 2
0 0.395833 0.498016 0.022321 0.035714 0.389529 0.500955 2 0.390014 0.499385 2 0.388925 0.500072 2 0.391695 0.498472 2 0.389296 0.500024 1 0.392795 0.502361 2 0.391384 0.503586 2 0.389243 0.507395 2 0.388068 0.508117 2 0.386873 0.507319 2 0.386378 0.508159 2 0.397096 0.517523 2 0.396112 0.517623 2 0.389264 0.509502 2 0.389440 0.509563 2 0.391151 0.521130 2 0.391531 0.519984 2
0 0.393973 0.496693 0.018601 0.038360 0.389591 0.500791 2 0.390050 0.499258 2 0.389069 0.499849 2 0.391669 0.498485 2 0.389478 0.499767 1 0.393072 0.502449 2 0.391374 0.503097 2 0.388489 0.506993 2 0.387828 0.506857 2 0.385507 0.506781 2 0.385243 0.507651 2 0.397045 0.517573 2 0.395689 0.517288 2 0.389818 0.509726 2 0.388691 0.508812 2 0.391083 0.520938 2 0.390504 0.519616 2
0 0.403646 0.478836 0.021577 0.039683 0.389532 0.500239 2 0.389991 0.498769 2 0.389305 0.498859 2 0.391947 0.498066 2 0.390971 0.497934 1 0.392161 0.503827 2 0.395057 0.502527 2 0.391202 0.505870 1 0.394984 0.505053 1 0.390104 0.504769 1 0.391708 0.503928 1 0.395351 0.505870 1 0.397406 0.505870 1 0.391955 0.505870 1 0.394334 0.503814 1 0.393577 0.505870 1 0.394899 0.505430 1
0 0.472098 0.466931 0.017113 0.079365 0.467900 0.447880 1 0.467446 0.446354 1 0.467917 0.446422 1 0.464627 0.447322 2 0.468695 0.447442 2 0.462181 0.456207 2 0.470112 0.456045 2 0.461176 0.466207 2 0.472201 0.467194 2 0.463294 0.471878 1 0.471337 0.471907 2 0.464273 0.476332 2 0.469596 0.476400 2 0.465712 0.493697 2 0.470381 0.492070 2 0.465232 0.511412 2 0.469118 0.507985 2
0 0.521949 0.457011 0.024554 0.083333 0.512351 0.432305 2 0.513388 0.430763 2 0.511755 0.430699 2 0.515376 0.430530 2 0.511156 0.430497 2 0.518246 0.436753 2 0.509630 0.436910 2 0.521818 0.445104 2 0.507396 0.445235 2 0.522257 0.456385 2 0.507714 0.454451 2 0.518745 0.459397 2 0.512512 0.459537 2 0.521902 0.473999 2 0.509465 0.473067 2 0.526022 0.490123 2 0.512992 0.488875 2
0 0.487351 0.460317 0.017857 0.082011 0.486767 0.434022 2 0.487715 0.432263 2 0.485841 0.432646 2 0.489613 0.433075 2 0.485016 0.433860 2 0.491739 0.442701 2 0.484167 0.441823 2 0.493099 0.451784 2 0.485360 0.449473 2 0.489627 0.450505 2 0.489473 0.451034 2 0.490844 0.463800 2 0.485575 0.463141 2 0.490534 0.479100 2 0.485866 0.476934 2 0.490418 0.493287 2 0.486845 0.488295 2
0 0.356771 0.499339 0.014137 0.059524 0.351373 0.483993 1 0.351311 0.482925 1 0.351667 0.482796 1 0.351392 0.483679 2 0.354094 0.483115 2 0.351230 0.491571 2 0.355375 0.488835 2 0.351363 0.498953 2 0.358107 0.497796 2 0.352944 0.506085 2 0.359419 0.504006 2 0.353988 0.505557 2 0.356891 0.503744 2 0.354696 0.515042 2 0.358198 0.507498 2 0.356084 0.525708 2 0.361073 0.512244 2
