0 0.250000 0.488095 0.004464 0.021164 0.250149 0.481069 2 0.250299 0.480617 1 0.250008 0.480693 1 0.250638 0.480571 2 0.250038 0.480756 1 0.251539 0.482518 2 0.249753 0.482611 2 0.252450 0.485330 2 0.249054 0.485335 2 0.252405 0.487750 2 0.248990 0.487317 2 0.251210 0.488931 2 0.250129 0.488875 2 0.251153 0.493563 2 0.250159 0.493337 2 0.251046 0.497999 2 0.250809 0.497767 2
0 0.579055 0.972222 0.010789 0.027778 0.578795 0.960254 1 0.578795 0.959496 1 0.579073 0.959676 1 0.578141 0.959927 2 0.580523 0.960221 2 0.576515 0.964143 2 0.582249 0.965380 2 0.575173 0.969860 2 0.582960 0.970770 2 0.574866 0.975769 1 0.581523 0.975718 1 0.576843 0.977731 2 0.580915 0.978446 2 0.575284 0.974451 2 0.580401 0.977192 2 0.576196 0.983090 2 0.579801 0.987136 2
0 0.526228 0.493717 0.004836 0.017857 0.526476 0.492862 1 0.526502 0.492406 1 0.526657 0.492570 1 0.526242 0.492608 2 0.527369 0.492955 2 0.525427 0.494932 2 0.527635 0.495798 2 0.524499 0.497707 2 0.527783 0.499701 2 0.524329 0.500524 2 0.527699 0.502203 2 0.525486 0.501854 2 0.526920 0.502240 2 0.525455 0.505086 2 0.526645 0.505631 1 0.525664 0.505443 1 0.526330 0.505670 1
0 0.836310 0.527447 0.006696 0.024471 0.836327 0.519595 1 0.836386 0.519126 1 0.836486 0.519235 1 0.836269 0.519287 2 0.837298 0.519442 2 0.835631 0.521672 2 0.837755 0.521966 2 0.834543 0.524353 2 0.838405 0.525205 2 0.833494 0.525302 2 0.838433 0.527665 2 0.835673 0.528245 2 0.836992 0.528348 2 0.835224 0.532316 2 0.836301 0.532737 2 0.835565 0.536087 2 0.836171 0.536251 2
0 0.719308 0.358796 0.005580 0.019180 0.718624 0.352382 1 0.718661 0.352079 1 0.718673 0.352087 1 0.718610 0.352201 2 0.719168 0.352143 2 0.718453 0.353901 2 0.719594 0.353662 2 0.717950 0.355514 2 0.720561 0.354850 2 0.718349 0.356383 2 0.719975 0.355631 2 0.718777 0.357649 2 0.719436 0.357528 2 0.718843 0.360726 2 0.718961 0.360637 2 0.718866 0.363930 2 0.718919 0.363740 2
0 0.619978 0.317460 0.004092 0.015873 0.621247 0.311019 2 0.621397 0.310728 2 0.621109 0.310726 2 0.621635 0.310896 2 0.620926 0.310896 2 0.621902 0.312780 2 0.620605 0.312677 2 0.622106 0.314873 2 0.620338 0.314603 2 0.621867 0.316497 2 0.620504 0.316237 2 0.621531 0.316694 2 0.620624 0.316620 2 0.621525 0.319605 2 0.620446 0.319570 2 0.621562 0.322550 2 0.620272 0.322376 2
0 0.988095 0.676918 0.009673 0.032407 0.989633 0.667627 1 0.989738 0.667048 1 0.989995 0.667116 1 0.990012 0.667501 2 0.991428 0.667546 1 0.989780 0.670913 2 0.991704 0.671121 2 0.988901 0.674792 2 0.991838 0.676032 2 0.987840 0.675684 2 0.991572 0.679807 2 0.989699 0.678888 2 0.990837 0.678913 2 0.989836 0.685102 2 0.990188 0.685141 2 0.991096 0.691431 2 0.990547 0.691177 2
0 0.747024 0.390542 0.005208 0.019180 0.747511 0.381911 1 0.747331 0.381502 1 0.747478 0.381508 1 0.746475 0.381421 1 0.747132 0.381542 2 0.745986 0.383320 2 0.746697 0.383454 2 0.745965 0.385939 1 0.747173 0.385935 2 0.746900 0.387642 1 0.747711 0.386973 2 0.746103 0.388147 2 0.746549 0.388302 2 0.746410 0.391209 2 0.746524 0.391405 2 0.745983 0.394113 2 0.746081 0.393972 2
0 0.737909 0.385582 0.006324 0.019841 0.738573 0.377466 2 0.738488 0.377143 1 0.738517 0.377139 2 0.738022 0.377240 1 0.738259 0.377270 2 0.737927 0.378994 2 0.737911 0.379056 2 0.738080 0.381349 2 0.737851 0.381492 2 0.738324 0.383094 1 0.738130 0.383425 2 0.737873 0.383399 2 0.737888 0.383448 2 0.737772 0.386566 2 0.737634 0.386652 2 0.737364 0.389693 2 0.737246 0.389795 2
0 0.507068 0.308862 0.005208 0.013228 0.507484 0.304937 1 0.507578 0.304710 1 0.507400 0.304702 1 0.507680 0.304727 1 0.507293 0.304714 2 0.507798 0.305699 2 0.507075 0.305718 2 0.508149 0.306551 2 0.506785 0.306563 2 0.507798 0.306721 2 0.507101 0.306642 2 0.507642 0.308115 2 0.507200 0.308133 2 0.507576 0.310085 2 0.507214 0.310168 2 0.507483 0.312236 2 0.507280 0.312247 2
0 0.598958 0.722884 0.009673 0.029101 0.598113 0.708149 2 0.598382 0.707566 1 0.597842 0.707571 1 0.598828 0.706992 2 0.597488 0.706934 2 0.599773 0.708501 2 0.596639 0.707698 2 0.600450 0.712564 2 0.595938 0.711805 2 0.599039 0.715087 2 0.596493 0.714686 2 0.599245 0.716460 2 0.596893 0.715888 2 0.600245 0.723103 2 0.595459 0.720898 2 0.600438 0.730929 2 0.595870 0.727260 2
0 0.617746 0.719246 0.008557 0.031085 0.618679 0.707897 1 0.618640 0.707372 1 0.618827 0.707390 1 0.618109 0.707564 2 0.619778 0.707520 2 0.617278 0.710472 2 0.620582 0.710037 2 0.616021 0.713501 2 0.622619 0.712639 2 0.616200 0.715468 2 0.622065 0.714315 2 0.617778 0.718602 2 0.619811 0.718313 2 0.618306 0.723480 2 0.619527 0.722860 2 0.617851 0.728872 2 0.618946 0.727550 2
0 0.539249 0.516204 0.007068 0.025794 0.539699 0.506797 1 0.539805 0.506391 1 0.539703 0.506380 1 0.539945 0.506455 1 0.540083 0.506416 1 0.539799 0.508121 2 0.540259 0.508093 2 0.538819 0.509409 2 0.539635 0.509541 2 0.539134 0.509617 2 0.539651 0.509562 2 0.539796 0.513644 2 0.540058 0.513559 2 0.539728 0.518359 2 0.539705 0.518134 2 0.539483 0.522486 2 0.539614 0.522570 2
