0 0.946057 0.235450 0.015625 0.079365 0.954756 0.203438 1 0.955079 0.201902 1 0.954240 0.201714 1 0.954785 0.203255 1 0.952781 0.202872 2 0.953636 0.215180 2 0.950199 0.213434 2 0.954480 0.228382 2 0.946459 0.223080 2 0.954466 0.240475 2 0.946088 0.230986 2 0.950413 0.236504 2 0.947684 0.235841 2 0.950537 0.252323 2 0.944654 0.252719 2 0.952173 0.268806 2 0.940133 0.267201 2
0 0.945312 0.317460 0.031994 0.103175 0.961591 0.284138 2 0.960887 0.281591 1 0.961087 0.281835 2 0.955662 0.280690 1 0.957646 0.281919 2 0.949651 0.289121 2 0.954937 0.292615 2 0.947069 0.303945 1 0.951507 0.310019 2 0.951662 0.314399 1 0.954929 0.322131 2 0.944091 0.316954 2 0.948417 0.318838 2 0.942666 0.340478 2 0.950241 0.345445 2 0.937555 0.357989 2 0.946911 0.366516 2
0 0.356399 0.156085 0.016369 0.060847 0.355815 0.134511 2 0.355862 0.133337 1 0.355148 0.133423 2 0.355543 0.133985 1 0.353421 0.134189 2 0.355454 0.141225 2 0.352099 0.141727 2 0.356870 0.148545 2 0.352514 0.150649 2 0.358880 0.149983 2 0.356877 0.151066 2 0.356000 0.156758 2 0.353260 0.157272 2 0.357023 0.169108 2 0.353556 0.169374 2 0.356870 0.181067 2 0.349924 0.179983 2
0 0.560268 0.505291 0.037202 0.150794 0.566035 0.455727 2 0.567917 0.453030 2 0.564631 0.452772 2 0.570151 0.451767 2 0.561131 0.450700 2 0.570168 0.465039 2 0.555795 0.464925 2 0.572793 0.479941 2 0.550210 0.483245 2 0.574569 0.498313 2 0.546197 0.500004 2 0.567792 0.505916 2 0.557828 0.505881 2 0.568278 0.541976 2 0.556367 0.540505 2 0.567066 0.573316 2 0.548117 0.569549 2
0 0.856399 0.276455 0.020833 0.105820 0.861218 0.239327 2 0.862345 0.237276 2 0.860232 0.237235 2 0.863784 0.238333 2 0.858648 0.238073 2 0.865671 0.250380 2 0.855010 0.248640 2 0.867463 0.263407 2 0.852185 0.260825 2 0.862573 0.266532 2 0.854743 0.264319 2 0.860369 0.277768 2 0.853932 0.276247 2 0.855203 0.302052 2 0.854235 0.298560 2 0.851955 0.323641 2 0.855927 0.317276 2
0 0.678943 0.193122 0.017113 0.068783 0.680450 0.166867 1 0.680352 0.165512 1 0.680566 0.165755 1 0.678575 0.166737 2 0.682042 0.166861 2 0.676651 0.175205 2 0.683596 0.173140 2 0.674601 0.184717 2 0.686576 0.171542 2 0.673939 0.193230 2 0.685885 0.164465 2 0.677108 0.192553 2 0.681902 0.192159 2 0.675896 0.207833 2 0.681979 0.208662 2 0.674298 0.223702 2 0.682037 0.223451 2
0 0.716890 0.736772 0.048363 0.235450 0.714814 0.641593 2 0.716393 0.637861 2 0.716512 0.638230 1 0.721541 0.644378 2 0.726907 0.643292 1 0.718816 0.673563 2 0.731282 0.666153 2 0.713226 0.707090 2 0.722669 0.690896 2 0.708241 0.703499 2 0.709997 0.686352 2 0.718813 0.739315 2 0.728403 0.735045 2 0.709507 0.787727 2 0.723306 0.780335 2 0.707673 0.846211 2 0.722415 0.828546 2
0 0.362351 0.560847 0.047619 0.161376 0.368398 0.511986 2 0.370348 0.507590 2 0.366293 0.508022 2 0.372971 0.505161 2 0.362413 0.505784 2 0.374801 0.523595 2 0.356060 0.520195 2 0.378746 0.544659 2 0.350178 0.538727 2 0.374743 0.562566 2 0.349453 0.558520 2 0.369761 0.567085 2 0.356603 0.565083 2 0.375419 0.600203 2 0.352492 0.593493 2 0.376160 0.628427 2 0.354217 0.611313 2
0 0.565848 0.435185 0.033482 0.142857 0.566311 0.455198 2 0.568362 0.452469 2 0.564743 0.451752 2 0.570580 0.451655 2 0.561198 0.449965 2 0.570952 0.463751 2 0.556350 0.463744 2 0.573573 0.480525 2 0.550875 0.483053 2 0.575290 0.498298 2 0.546247 0.500912 2 0.568407 0.500847 2 0.558534 0.501243 2 0.571027 0.528533 2 0.558179 0.529768 2 0.570550 0.532357 1 0.556631 0.533895 1
0 0.168899 0.472884 0.028274 0.165344 0.168128 0.416889 2 0.167847 0.413743 1 0.166595 0.413957 2 0.165445 0.415216 1 0.161688 0.415918 2 0.165146 0.432610 2 0.159285 0.434713 2 0.165742 0.454688 1 0.156552 0.456839 2 0.167230 0.472033 1 0.157758 0.478459 2 0.166217 0.475245 2 0.162449 0.477035 2 0.166905 0.503861 2 0.163401 0.508698 2 0.165454 0.528221 2 0.162344 0.537908 2
0 0.332589 0.484127 0.031250 0.148148 0.339387 0.434428 2 0.341013 0.431127 2 0.337804 0.431165 2 0.343275 0.430783 2 0.334996 0.430752 2 0.345284 0.445252 2 0.331820 0.446514 2 0.347834 0.465156 2 0.330271 0.469501 2 0.348981 0.484710 2 0.335666 0.488792 2 0.343225 0.481058 2 0.334153 0.481896 2 0.343532 0.515510 2 0.334114 0.516082 2 0.342400 0.545188 2 0.332058 0.546479 2
0 0.437128 0.472222 0.037946 0.153439 0.437508 0.418264 2 0.438761 0.414967 2 0.435714 0.416052 2 0.440207 0.412216 1 0.431829 0.414109 2 0.440387 0.425362 2 0.426788 0.425926 2 0.442449 0.443775 2 0.426842 0.447205 2 0.438973 0.432471 2 0.433216 0.431664 2 0.439872 0.468260 2 0.430040 0.468232 2 0.438111 0.505233 2 0.429366 0.500538 2 0.438193 0.535599 2 0.423120 0.520081 2
0 0.306176 0.583333 0.039435 0.177249 0.318209 0.519390 2 0.317835 0.514952 2 0.316626 0.515347 2 0.313800 0.517348 1 0.310505 0.518000 2 0.315426 0.535044 2 0.306133 0.541705 2 0.313267 0.552599 2 0.303963 0.572225 2 0.319697 0.572049 2 0.304314 0.599167 2 0.312548 0.583962 2 0.307416 0.587214 2 0.314740 0.615852 2 0.315891 0.620443 2 0.296987 0.633068 2 0.317732 0.652504 2
0 0.565104 0.733466 0.048363 0.215608 0.544370 0.655480 1 0.544584 0.651035 1 0.545392 0.649903 1 0.546527 0.653550 2 0.556795 0.649231 2 0.549834 0.680093 2 0.566983 0.672057 2 0.554828 0.717906 2 0.575613 0.701773 2 0.549848 0.726136 2 0.560605 0.716456 2 0.567261 0.737434 2 0.579211 0.734327 2 0.560058 0.780690 2 0.572049 0.780225 2 0.557220 0.826107 2 0.570925 0.821308 2
0 0.394345 0.438492 0.031250 0.141534 0.396827 0.387039 2 0.398181 0.383801 2 0.395161 0.384452 2 0.398164 0.385164 1 0.391791 0.385709 2 0.399535 0.400417 2 0.389035 0.402188 2 0.404020 0.416489 2 0.381456 0.419429 2 0.407995 0.432663 2 0.377877 0.438872 2 0.394336 0.443115 2 0.389916 0.443747 2 0.388195 0.470385 2 0.396346 0.472538 2 0.379184 0.497481 2 0.399447 0.506447 2
0 0.218006 0.362434 0.025298 0.129630 0.214776 0.324637 2 0.215768 0.321872 2 0.213407 0.322762 2 0.217894 0.319657 2 0.211509 0.321667 2 0.222442 0.329508 2 0.210380 0.330400 2 0.227108 0.344004 2 0.206430 0.341658 2 0.220735 0.344732 2 0.208645 0.344631 2 0.222726 0.364283 2 0.214533 0.364870 2 0.224811 0.389497 2 0.215395 0.390589 2 0.228594 0.414379 2 0.216404 0.414720 2
0 0.323661 0.329365 0.025298 0.111111 0.329850 0.289816 2 0.330564 0.287789 2 0.328521 0.287974 2 0.331428 0.289203 1 0.325906 0.289605 2 0.333859 0.302255 2 0.323609 0.302836 2 0.338560 0.314210 2 0.319795 0.314682 2 0.336953 0.328814 2 0.316618 0.325714 2 0.332255 0.333809 2 0.325136 0.333673 2 0.333457 0.355836 2 0.323152 0.355601 2 0.336206 0.377242 2 0.321574 0.377177 2
0 0.414062 0.316138 0.015625 0.100529 0.420316 0.293180 1 0.420686 0.291569 1 0.419754 0.291223 1 0.420249 0.292626 1 0.418052 0.291859 2 0.420144 0.301644 2 0.414271 0.300194 2 0.422031 0.313082 2 0.411147 0.305764 2 0.422793 0.321953 2 0.414173 0.299351 2 0.417118 0.323832 2 0.413173 0.323737 2 0.416263 0.342017 2 0.411563 0.343041 2 0.415316 0.362084 2 0.410677 0.362015 2
0 0.561756 0.216931 0.019345 0.082011 0.561543 0.183437 1 0.561386 0.181655 1 0.561618 0.181901 1 0.558928 0.182910 2 0.563074 0.183269 2 0.556674 0.192960 2 0.564250 0.193497 2 0.555699 0.204170 2 0.565222 0.204113 2 0.559289 0.209014 1 0.563167 0.205250 1 0.557432 0.215340 2 0.562954 0.215847 2 0.556794 0.234172 2 0.563429 0.234952 2 0.555697 0.252957 2 0.563902 0.253583 2
0 0.901786 0.327381 0.029762 0.117725 0.907471 0.281338 1 0.906487 0.278851 1 0.906898 0.279124 1 0.900099 0.279773 2 0.905084 0.280883 2 0.894180 0.292737 2 0.907466 0.294411 2 0.889870 0.311448 2 0.913802 0.307937 2 0.889734 0.326712 2 0.915495 0.300359 2 0.894135 0.330041 2 0.903166 0.330954 2 0.892367 0.355250 2 0.903930 0.356256 2 0.891060 0.380993 2 0.904834 0.382191 2
0 0.800595 0.287698 0.020833 0.085979 0.807198 0.257257 2 0.807209 0.255252 2 0.806353 0.254906 2 0.805632 0.255636 1 0.802869 0.254829 2 0.804134 0.265842 2 0.798172 0.264275 2 0.803935 0.281748 2 0.795857 0.279845 2 0.806593 0.289290 2 0.802732 0.290311 2 0.801266 0.288344 2 0.797071 0.289077 2 0.811797 0.296560 2 0.806801 0.297934 2 0.807650 0.318991 2 0.804527 0.321172 2
0 0.822545 0.281085 0.020089 0.080688 0.825340 0.256058 2 0.825419 0.254142 2 0.824516 0.254022 2 0.824097 0.254195 1 0.821514 0.254016 2 0.822960 0.262363 2 0.817859 0.263870 2 0.825760 0.276461 2 0.822329 0.280849 2 0.829986 0.284612 2 0.828011 0.288986 2 0.823097 0.285051 2 0.819503 0.287419 2 0.832605 0.293649 2 0.830000 0.297838 2 0.829931 0.316197 2 0.830436 0.319570 2
0 0.601562 0.187169 0.015625 0.046296 0.604907 0.189426 2 0.606292 0.187015 2 0.603722 0.186540 2 0.607628 0.184335 1 0.600655 0.183234 2 0.608271 0.192044 2 0.597052 0.192150 2 0.608245 0.205549 2 0.593339 0.207134 2 0.606150 0.209612 2 0.591994 0.214591 2 0.605039 0.216818 1 0.597517 0.217024 1 0.606761 0.209398 1 0.596434 0.210200 1 0.603609 0.209804 1 0.595826 0.212825 1
0 0.125000 0.343915 0.020833 0.044974 0.119985 0.337872 1 0.120013 0.336675 2 0.120363 0.336265 1 0.121390 0.336136 2 0.123032 0.334882 1 0.124600 0.340955 2 0.124881 0.339115 2 0.124531 0.349653 2 0.124413 0.346808 1 0.123280 0.354540 2 0.123005 0.351971 1 0.129562 0.351602 2 0.129464 0.350283 2 0.124373 0.354636 2 0.123159 0.352723 2 0.128563 0.362319 2 0.127825 0.362305 2
0 0.095238 0.331349 0.032738 0.056878 0.098301 0.317916 2 0.098545 0.315829 2 0.096672 0.316734 2 0.099034 0.315728 1 0.093383 0.318491 2 0.100424 0.322272 2 0.090351 0.326746 2 0.106327 0.328917 2 0.085748 0.339258 2 0.104361 0.332939 2 0.084045 0.351188 2 0.099057 0.336455 2 0.091866 0.338492 2 0.103591 0.334635 2 0.087044 0.338732 2 0.105842 0.351751 2 0.084896 0.350590 2
0 0.638393 0.158069 0.014881 0.067460 0.641253 0.128266 2 0.641486 0.126967 2 0.640615 0.126887 2 0.641035 0.127499 1 0.638687 0.127226 2 0.640943 0.134971 2 0.636536 0.134867 2 0.640435 0.142909 1 0.634978 0.143390 2 0.640839 0.144777 1 0.635144 0.152156 2 0.640108 0.153470 2 0.637054 0.153696 2 0.639900 0.167226 2 0.636195 0.168325 2 0.638308 0.179933 2 0.634547 0.182030 2
0 0.186756 0.138228 0.016369 0.046296 0.187675 0.125333 1 0.187355 0.124332 1 0.187668 0.124211 1 0.185313 0.125082 2 0.187863 0.124783 2 0.184147 0.131635 2 0.189076 0.130762 2 0.183633 0.139663 2 0.190766 0.137128 2 0.183982 0.145592 2 0.190798 0.140468 2 0.186264 0.145440 2 0.189604 0.145285 2 0.187655 0.156866 2 0.190686 0.155749 2 0.188616 0.167043 2 0.191165 0.166204 2
0 0.794271 0.190476 0.018601 0.052910 0.796913 0.174224 1 0.796563 0.173024 1 0.796869 0.173298 1 0.793874 0.173248 2 0.796666 0.173928 2 0.792263 0.178827 2 0.796815 0.179817 2 0.790660 0.184992 2 0.798123 0.185620 2 0.792724 0.186363 2 0.797361 0.183985 2 0.791870 0.194351 2 0.795105 0.194731 2 0.790593 0.203830 2 0.795021 0.204070 2 0.788143 0.212396 2 0.794382 0.213610 2
0 0.425967 0.122354 0.014137 0.051587 0.428227 0.106259 1 0.427958 0.105305 1 0.428152 0.105504 1 0.425864 0.105898 1 0.428329 0.106243 2 0.424878 0.110697 2 0.428487 0.110690 2 0.426590 0.113790 2 0.432332 0.113211 2 0.429982 0.114714 1 0.434628 0.114406 2 0.423662 0.124282 2 0.426629 0.124294 2 0.423607 0.131204 2 0.430367 0.130742 2 0.419317 0.140879 2 0.429959 0.140189 2
0 0.398438 0.097884 0.009673 0.047619 0.396839 0.082782 2 0.397206 0.081700 2 0.396384 0.081952 2 0.398044 0.081838 2 0.396030 0.082382 1 0.399685 0.087138 2 0.395958 0.087604 2 0.401343 0.093706 2 0.395439 0.093895 2 0.401265 0.100014 2 0.395757 0.098729 2 0.399748 0.099213 2 0.397258 0.099354 2 0.400059 0.107875 2 0.397380 0.107811 2 0.400271 0.116355 2 0.397281 0.116335 2
0 0.136905 0.117725 0.016369 0.029101 0.137307 0.119154 2 0.137964 0.117535 2 0.136557 0.117823 2 0.139366 0.117776 2 0.135731 0.118426 2 0.141846 0.126520 2 0.135179 0.126239 2 0.144161 0.134219 2 0.136523 0.133109 2 0.141189 0.134251 2 0.141559 0.133585 2 0.141768 0.136535 1 0.137098 0.136234 1 0.144109 0.134786 1 0.138159 0.133465 1 0.143963 0.136552 1 0.139455 0.134473 1
0 0.118304 0.123016 0.016369 0.029101 0.118343 0.118465 2 0.118655 0.117770 2 0.117892 0.117737 2 0.118983 0.118184 1 0.117120 0.118132 2 0.119083 0.122006 2 0.116187 0.122361 2 0.119985 0.128189 2 0.118136 0.129585 2 0.122059 0.131457 2 0.121622 0.132289 2 0.119413 0.131576 2 0.117308 0.132385 2 0.123465 0.132890 2 0.121579 0.133693 2 0.123601 0.134576 1 0.122481 0.134600 1
0 0.237723 0.132275 0.012649 0.044974 0.236642 0.121399 1 0.236694 0.120489 1 0.236883 0.120523 1 0.236430 0.120915 2 0.238350 0.120865 2 0.235625 0.125471 2 0.239710 0.125607 2 0.234610 0.129126 2 0.240726 0.131569 2 0.235276 0.129008 1 0.240426 0.137772 1 0.237073 0.135976 2 0.239696 0.135977 2 0.237877 0.144895 2 0.239359 0.144539 2 0.239210 0.152956 2 0.239767 0.152736 2
0 0.794643 0.229497 0.019345 0.083333 0.806770 0.256940 2 0.806826 0.255214 1 0.806044 0.254845 2 0.805518 0.255320 1 0.803100 0.254455 2 0.803313 0.265969 2 0.798858 0.263558 2 0.802709 0.280401 2 0.795894 0.277924 2 0.804867 0.284780 1 0.802042 0.285980 2 0.799746 0.285507 1 0.796529 0.285145 2 0.804271 0.284981 1 0.799366 0.284431 1 0.801077 0.286541 1 0.795398 0.285744 1
0 0.987351 0.396825 0.023810 0.148148 0.999914 0.349041 1 0.999960 0.346571 1 1.000000 0.346943 1 0.998674 0.348227 1 1.000000 0.348930 1 0.995061 0.361291 2 1.000000 0.361912 1 0.990793 0.378996 2 0.996781 0.380157 1 0.990208 0.395512 2 0.993302 0.395289 1 0.994165 0.396201 2 0.998354 0.396854 2 0.993813 0.424121 2 0.998244 0.426740 2 0.988704 0.448239 2 0.991142 0.447805 2
0 0.973214 0.243386 0.023810 0.066138 0.968752 0.198596 1 0.968988 0.197802 1 0.968301 0.197947 1 0.969586 0.198497 1 0.967116 0.198947 1 0.969902 0.198581 1 0.965480 0.198595 1 0.968421 0.203084 1 0.963869 0.202845 1 0.966533 0.213686 1 0.963930 0.212755 1 0.969315 0.197090 1 0.966231 0.197090 1 0.968505 0.204266 2 0.965860 0.204460 2 0.967517 0.221425 2 0.965526 0.219829 2
0 0.611235 0.106481 0.011161 0.041005 0.612011 0.093871 1 0.612108 0.092989 1 0.612256 0.093094 1 0.612324 0.093434 2 0.613788 0.093458 1 0.612287 0.097916 2 0.614567 0.097825 2 0.611538 0.103490 2 0.614179 0.102710 1 0.609768 0.108458 2 0.612104 0.105997 1 0.612287 0.108183 2 0.613887 0.108037 2 0.611597 0.116820 2 0.613111 0.117097 2 0.611638 0.124962 2 0.613072 0.125299 2
0 0.915551 0.197751 0.020089 0.038360 0.918301 0.185944 2 0.919081 0.184554 2 0.917674 0.184680 2 0.920599 0.184846 2 0.916928 0.185077 2 0.922715 0.191206 2 0.916305 0.191074 2 0.922793 0.199688 2 0.914316 0.198612 2 0.917357 0.204344 2 0.914387 0.203539 2 0.922214 0.204951 2 0.917608 0.204384 2 0.920975 0.203498 2 0.912993 0.202431 2 0.921247 0.209667 2 0.913833 0.209119 2
0 0.943824 0.201058 0.018601 0.034392 0.940332 0.207384 2 0.942414 0.204815 2 0.939790 0.204136 2 0.945970 0.206058 2 0.939339 0.204252 1 0.944414 0.218626 2 0.938070 0.219076 2 0.945262 0.223461 1 0.939359 0.224268 1 0.946058 0.219245 1 0.944461 0.221430 1 0.942837 0.223352 1 0.938738 0.224208 1 0.944026 0.218705 1 0.940324 0.221204 1 0.942041 0.219695 1 0.941904 0.224268 1
