0 0.249628 0.491071 0.004464 0.020503 0.249466 0.484492 1 0.249473 0.484069 1 0.249583 0.484038 1 0.249337 0.484319 2 0.250465 0.484129 2 0.249072 0.486936 2 0.251089 0.486436 2 0.248285 0.489499 2 0.252145 0.488660 2 0.248671 0.491500 2 0.251928 0.491220 2 0.249749 0.492376 2 0.251075 0.492139 2 0.249782 0.496325 2 0.250938 0.495908 2 0.249611 0.500538 2 0.251123 0.499904 2
0 0.579055 0.969577 0.010789 0.027778 0.578410 0.959228 1 0.578386 0.958417 1 0.578693 0.958499 1 0.578016 0.958830 2 0.580414 0.958907 2 0.576881 0.963309 2 0.582190 0.964278 2 0.575003 0.966176 2 0.583359 0.968949 2 0.575466 0.962511 1 0.582158 0.971989 1 0.576959 0.976889 2 0.580619 0.977347 2 0.575947 0.972659 2 0.580317 0.974882 2 0.576153 0.980576 2 0.579671 0.984528 2
0 0.526228 0.493056 0.004836 0.017857 0.526192 0.493623 1 0.526251 0.493131 1 0.526424 0.493294 1 0.526120 0.493473 2 0.527268 0.493759 2 0.525405 0.496084 2 0.527503 0.496940 2 0.524504 0.499006 2 0.527727 0.500883 2 0.524316 0.501887 2 0.527574 0.502788 1 0.525484 0.502920 2 0.526845 0.503310 2 0.525561 0.504416 1 0.526692 0.504833 1 0.525538 0.504343 1 0.526329 0.504537 1
0 0.817894 0.513558 0.006324 0.024471 0.816595 0.506960 1 0.816604 0.506455 1 0.816691 0.506471 1 0.816419 0.506587 2 0.817534 0.506506 2 0.816279 0.509357 2 0.818372 0.509130 2 0.816118 0.513261 2 0.819008 0.512492 2 0.815776 0.516194 2 0.818580 0.515002 2 0.816444 0.516543 2 0.817921 0.516400 2 0.816076 0.520884 2 0.817774 0.520942 2 0.816236 0.523129 1 0.817805 0.523600 1
0 0.835938 0.528108 0.006696 0.024471 0.835955 0.521947 1 0.836008 0.521484 1 0.836122 0.521566 1 0.835982 0.521763 2 0.837186 0.521845 2 0.835299 0.524213 2 0.837715 0.524580 2 0.833459 0.526736 2 0.838482 0.528320 2 0.832337 0.528646 2 0.837884 0.531186 2 0.835411 0.530671 2 0.836998 0.530793 2 0.834990 0.534021 2 0.836798 0.534225 2 0.834320 0.537666 2 0.836730 0.537372 2
0 0.719122 0.359458 0.005208 0.019180 0.718524 0.354708 1 0.718571 0.354376 1 0.718553 0.354388 1 0.718572 0.354381 2 0.718975 0.354369 2 0.718382 0.355907 2 0.719351 0.355918 2 0.717710 0.357679 2 0.720253 0.357685 2 0.717987 0.358364 2 0.719890 0.358640 2 0.718598 0.359681 2 0.719141 0.359682 2 0.718642 0.362793 2 0.718727 0.362900 2 0.718608 0.365983 2 0.718743 0.366035 2
0 0.620350 0.318122 0.004092 0.015873 0.621248 0.313706 2 0.621405 0.313396 2 0.621110 0.313400 1 0.621655 0.313461 2 0.620949 0.313472 1 0.621944 0.315073 2 0.620693 0.315010 2 0.622158 0.317081 2 0.620361 0.316897 2 0.621944 0.318803 2 0.620504 0.318252 2 0.621618 0.319011 2 0.620756 0.318946 2 0.621641 0.322077 2 0.620528 0.321980 2 0.621651 0.325027 2 0.620424 0.324855 2
0 0.624442 0.318783 0.003348 0.013228 0.624312 0.314967 1 0.624381 0.314676 1 0.624241 0.314697 1 0.624371 0.314779 1 0.624158 0.314833 2 0.624403 0.316360 2 0.623925 0.316372 2 0.624590 0.318088 2 0.623448 0.318003 2 0.624326 0.318881 2 0.623192 0.319049 2 0.624195 0.319714 2 0.623935 0.319730 2 0.624251 0.322388 2 0.624130 0.322474 2 0.624330 0.325214 2 0.624237 0.325168 2
0 0.987351 0.676918 0.009673 0.032407 0.988851 0.669447 1 0.988929 0.668845 1 0.989178 0.668877 1 0.989240 0.669132 2 0.990683 0.669083 1 0.989179 0.672338 2 0.991166 0.672320 2 0.988371 0.676184 2 0.991387 0.676598 2 0.987527 0.676838 2 0.990927 0.678924 1 0.989287 0.680173 2 0.990574 0.680099 2 0.989185 0.686415 2 0.990046 0.686423 2 0.989823 0.693192 2 0.990564 0.693029 2
0 0.747396 0.391865 0.005208 0.019180 0.747797 0.384255 1 0.747634 0.383866 1 0.747760 0.383894 1 0.746773 0.383856 1 0.747511 0.384032 2 0.746277 0.385689 2 0.747291 0.385911 2 0.746147 0.388124 1 0.747401 0.388342 2 0.746866 0.389605 1 0.747963 0.389929 2 0.746386 0.390170 2 0.747146 0.390337 2 0.746441 0.393249 2 0.747428 0.393400 2 0.746130 0.396214 2 0.747394 0.396348 2
0 0.738095 0.386905 0.005952 0.019841 0.738879 0.379826 2 0.738769 0.379493 1 0.738826 0.379476 2 0.738261 0.379679 1 0.738535 0.379710 2 0.738192 0.381702 2 0.738044 0.381826 2 0.738499 0.384377 1 0.737675 0.384726 2 0.738708 0.386673 1 0.737654 0.387334 2 0.738018 0.386506 2 0.737971 0.386579 2 0.737908 0.389587 2 0.737748 0.389804 2 0.737704 0.392603 2 0.737616 0.392870 2
0 0.599330 0.723876 0.009673 0.029762 0.598305 0.710838 2 0.598544 0.710371 1 0.598041 0.710411 1 0.598937 0.709765 2 0.597724 0.709790 2 0.599879 0.710869 2 0.596820 0.710053 2 0.600686 0.714921 2 0.596050 0.714195 2 0.599342 0.717219 2 0.596883 0.716683 2 0.599562 0.718955 2 0.597276 0.718337 2 0.600452 0.725603 2 0.595668 0.723081 2 0.600727 0.733499 2 0.595927 0.729034 2
0 0.617560 0.719246 0.008185 0.031085 0.618273 0.710483 1 0.618222 0.709950 1 0.618390 0.709972 1 0.617671 0.710002 2 0.619336 0.709964 2 0.616786 0.712606 2 0.620347 0.712267 2 0.615518 0.714573 2 0.622165 0.714194 2 0.616546 0.714069 2 0.621045 0.716281 2 0.617365 0.721134 2 0.619700 0.720974 2 0.617532 0.723378 2 0.619631 0.722973 2 0.617302 0.728825 2 0.619347 0.727841 2
0 0.533854 0.502976 0.006696 0.021825 0.534074 0.494823 2 0.534353 0.494402 2 0.533863 0.494387 2 0.534823 0.494626 2 0.533567 0.494612 2 0.535367 0.497233 2 0.532980 0.497293 2 0.535654 0.499788 2 0.532394 0.499914 2 0.534471 0.500397 2 0.532634 0.502054 2 0.534894 0.502991 2 0.533250 0.503004 2 0.534643 0.506525 2 0.532908 0.506823 2 0.534851 0.510944 2 0.532852 0.511324 2
0 0.539249 0.516865 0.007068 0.025794 0.538752 0.507128 1 0.538765 0.506676 1 0.538897 0.506675 1 0.539028 0.506864 1 0.540050 0.506769 1 0.539124 0.509020 2 0.540813 0.509031 2 0.538388 0.511112 2 0.541099 0.512250 2 0.538073 0.511384 2 0.541160 0.515822 1 0.539585 0.515218 2 0.540709 0.515142 2 0.539350 0.520343 2 0.540468 0.520187 2 0.539120 0.524946 2 0.540441 0.524952 2
