0 0.469494 0.532407 0.022321 0.112434 0.467936 0.531342 1 0.466932 0.529067 1 0.467491 0.529179 1 0.461082 0.530288 1 0.466071 0.531028 2 0.457170 0.543746 2 0.467517 0.544704 2 0.454692 0.560671 2 0.469829 0.563112 2 0.457196 0.570360 1 0.471767 0.575091 2 0.458398 0.577264 2 0.466023 0.577710 2 0.457496 0.602184 2 0.468366 0.600992 2 0.456200 0.610822 1 0.469114 0.610822 1
0 0.462426 0.577381 0.027530 0.125661 0.468083 0.531190 1 0.467052 0.528780 1 0.467478 0.529066 1 0.461124 0.529976 1 0.465795 0.530968 2 0.456776 0.543774 2 0.467180 0.544643 2 0.454376 0.560499 2 0.469792 0.562342 2 0.457064 0.570663 2 0.472363 0.570627 2 0.458202 0.577619 2 0.465655 0.578060 2 0.457905 0.602773 2 0.467421 0.600824 2 0.456387 0.627178 2 0.467157 0.624715 2
0 0.488467 0.528439 0.024554 0.107143 0.484261 0.489560 2 0.484773 0.487517 2 0.484880 0.487416 1 0.487358 0.487332 2 0.490247 0.486871 1 0.485555 0.497947 2 0.495630 0.497284 2 0.483772 0.512608 2 0.499124 0.511875 2 0.482285 0.514896 2 0.496396 0.522308 2 0.486675 0.528886 2 0.493601 0.528495 2 0.485237 0.549783 2 0.492050 0.552328 2 0.485937 0.573375 2 0.490972 0.574532 2
0 0.542039 0.539683 0.018601 0.089947 0.539596 0.510111 1 0.539379 0.508740 1 0.539945 0.508437 1 0.537789 0.510080 2 0.542469 0.509084 2 0.537287 0.519711 2 0.544890 0.517528 2 0.535361 0.530705 2 0.546923 0.527699 2 0.534039 0.542685 2 0.547838 0.539032 2 0.540343 0.540919 2 0.545554 0.539764 2 0.540214 0.557627 2 0.546077 0.554748 2 0.540222 0.572939 2 0.546602 0.570836 2
0 0.587426 0.491402 0.018601 0.085979 0.587219 0.459916 1 0.587432 0.458224 1 0.587922 0.458315 1 0.587033 0.459126 2 0.591515 0.459100 2 0.584976 0.468651 2 0.593397 0.469100 2 0.583171 0.481199 2 0.593637 0.481754 2 0.584549 0.489442 2 0.590019 0.487316 2 0.585508 0.491570 2 0.591207 0.491637 2 0.585626 0.508624 2 0.589409 0.509568 2 0.586742 0.526555 2 0.588676 0.527501 2
0 0.571057 0.486772 0.021577 0.092593 0.574996 0.454141 1 0.574474 0.452335 1 0.575170 0.452206 1 0.571642 0.452827 2 0.575844 0.452845 2 0.569246 0.462667 2 0.576828 0.462562 2 0.567345 0.475242 2 0.578458 0.475208 2 0.565423 0.485900 2 0.578994 0.484024 2 0.570268 0.483981 2 0.575208 0.483753 2 0.571086 0.503598 2 0.574411 0.503362 2 0.571892 0.522753 2 0.573387 0.522314 2
0 0.688616 0.452381 0.018601 0.068783 0.691621 0.433985 1 0.692490 0.432627 1 0.690989 0.432459 1 0.693648 0.430728 1 0.689920 0.430275 2 0.693849 0.434111 2 0.687705 0.433481 2 0.693770 0.443787 2 0.684960 0.442973 2 0.691473 0.446502 2 0.687015 0.447271 2 0.691479 0.450984 2 0.687552 0.450821 2 0.691393 0.463582 2 0.687903 0.463680 2 0.690763 0.477741 2 0.687783 0.477656 2
0 0.840030 0.474206 0.013393 0.059524 0.843746 0.457747 2 0.843702 0.456524 1 0.843499 0.456387 2 0.842713 0.456238 1 0.842097 0.455966 2 0.842623 0.461637 2 0.839955 0.462092 2 0.844809 0.466392 2 0.839254 0.470454 2 0.844635 0.464449 2 0.840479 0.476820 2 0.841733 0.477776 2 0.840078 0.477902 2 0.840293 0.488178 2 0.838462 0.488645 2 0.839355 0.499198 2 0.838051 0.499589 2
0 0.159598 0.568122 0.034970 0.096561 0.144602 0.557727 2 0.144945 0.555558 2 0.142975 0.555652 2 0.143959 0.557076 1 0.139306 0.557292 2 0.139355 0.568044 2 0.140595 0.569650 2 0.142086 0.584060 1 0.143312 0.587102 2 0.148841 0.595883 1 0.148740 0.598263 2 0.142913 0.594309 2 0.143775 0.596843 2 0.152433 0.609024 2 0.156459 0.613893 2 0.146321 0.628952 1 0.147144 0.633250 2
0 0.145089 0.591270 0.025298 0.103175 0.144574 0.557837 2 0.144805 0.555724 2 0.143142 0.555640 2 0.143245 0.557058 1 0.139250 0.556669 2 0.138659 0.567880 2 0.139918 0.569260 2 0.141099 0.584047 1 0.142744 0.587470 2 0.148408 0.594985 1 0.147401 0.598212 2 0.142787 0.595452 2 0.143765 0.597884 2 0.151606 0.609358 2 0.156494 0.613634 2 0.143786 0.629554 2 0.147210 0.634726 2
0 0.097842 0.729497 0.057292 0.186508 0.093547 0.663478 2 0.091141 0.659594 1 0.093222 0.660328 2 0.082110 0.659848 1 0.090318 0.662947 2 0.076970 0.676119 2 0.089985 0.683711 2 0.089570 0.702075 2 0.102488 0.704662 2 0.106168 0.708707 2 0.116954 0.710305 2 0.076871 0.730241 2 0.085569 0.737491 2 0.097941 0.734964 2 0.107925 0.757088 2 0.095721 0.778376 2 0.103159 0.808673 2
0 0.808408 0.550265 0.015625 0.037037 0.813173 0.544193 2 0.814060 0.543161 2 0.812776 0.542264 2 0.814521 0.543926 1 0.811473 0.541893 2 0.813272 0.549405 2 0.807448 0.548148 2 0.814556 0.555972 2 0.804481 0.557340 2 0.813380 0.559620 2 0.806596 0.562237 2 0.808071 0.557743 2 0.804472 0.557616 2 0.813177 0.554400 2 0.809457 0.554182 2 0.807012 0.561206 2 0.806918 0.561343 2
0 0.723214 0.430556 0.014881 0.051587 0.723572 0.412091 1 0.723628 0.411150 1 0.723716 0.411409 1 0.722135 0.411841 2 0.725116 0.412307 2 0.720091 0.417121 2 0.726176 0.418296 2 0.717882 0.422398 2 0.726425 0.425781 2 0.718248 0.425199 1 0.725371 0.427683 1 0.719725 0.432017 2 0.724539 0.432414 2 0.718199 0.437661 2 0.727410 0.437295 2 0.716690 0.449149 2 0.727903 0.448887 2
0 0.887649 0.446429 0.011905 0.054233 0.889484 0.430675 2 0.889934 0.429677 1 0.889296 0.429030 2 0.889416 0.429556 1 0.888239 0.428049 2 0.887615 0.435041 2 0.886241 0.434405 2 0.888130 0.443585 1 0.886682 0.444081 2 0.890188 0.448333 1 0.889852 0.447198 2 0.887422 0.451579 2 0.886549 0.451745 2 0.887281 0.463188 1 0.886770 0.463904 2 0.887123 0.471810 1 0.886129 0.472990 1
