0 0.949405 0.234788 0.016369 0.078042 0.941935 0.207207 1 0.941632 0.205036 1 0.942514 0.205264 1 0.939919 0.206477 2 0.945181 0.206915 2 0.938266 0.219602 2 0.947037 0.220551 2 0.939181 0.231646 1 0.948342 0.231762 2 0.940187 0.236390 1 0.946123 0.234102 1 0.938244 0.250819 2 0.944256 0.251302 2 0.940365 0.241742 1 0.945407 0.243619 2 0.938797 0.262867 1 0.940841 0.265825 2
0 0.945685 0.316799 0.031250 0.101852 0.962291 0.280733 2 0.961284 0.278048 1 0.961976 0.278448 2 0.955913 0.276420 1 0.959315 0.278291 2 0.950204 0.285487 2 0.956531 0.289403 2 0.945399 0.299076 2 0.954455 0.307025 2 0.948890 0.308786 2 0.960535 0.315270 2 0.945806 0.314966 2 0.949958 0.316757 2 0.945359 0.338527 2 0.948298 0.342152 2 0.942150 0.359185 2 0.944004 0.363363 2
0 0.357887 0.156085 0.016369 0.060847 0.359344 0.135280 2 0.359271 0.133893 1 0.358915 0.133717 2 0.358097 0.133748 1 0.356849 0.133412 2 0.357693 0.140470 2 0.354322 0.140646 2 0.359373 0.147903 2 0.354909 0.149792 2 0.361092 0.149056 2 0.359732 0.150859 2 0.357697 0.156274 2 0.355410 0.156795 2 0.358569 0.168193 2 0.356843 0.168395 2 0.356964 0.179929 2 0.355623 0.179597 2
0 0.188244 0.105159 0.016369 0.048942 0.190266 0.122659 1 0.189566 0.121716 1 0.190230 0.121756 1 0.186604 0.122076 2 0.189547 0.122429 2 0.185489 0.127512 2 0.189690 0.127788 2 0.183883 0.135950 2 0.190383 0.136493 2 0.184634 0.137674 1 0.192437 0.137821 1 0.186141 0.138177 1 0.189088 0.138393 1 0.188400 0.133932 1 0.191941 0.133358 1 0.186775 0.136344 1 0.191311 0.137527 1
0 0.563616 0.506614 0.037946 0.150794 0.567788 0.457596 2 0.569972 0.454814 2 0.566356 0.454011 2 0.572264 0.454341 2 0.563267 0.452272 2 0.573525 0.466879 2 0.558505 0.466762 2 0.575639 0.485448 2 0.554122 0.486955 2 0.578095 0.502261 2 0.552081 0.508218 2 0.569404 0.507116 2 0.559856 0.507527 2 0.569248 0.541482 2 0.561488 0.544086 2 0.566685 0.571350 2 0.561687 0.579174 2
0 0.851935 0.277778 0.020833 0.103175 0.857079 0.239422 2 0.858259 0.237438 2 0.856164 0.237331 2 0.859911 0.239142 2 0.855021 0.238889 2 0.861917 0.250773 2 0.851612 0.248156 2 0.863675 0.265512 2 0.847181 0.258459 2 0.858115 0.270788 2 0.850305 0.257239 2 0.855838 0.279724 2 0.849287 0.277519 2 0.853194 0.304256 2 0.846361 0.299555 2 0.850019 0.321786 2 0.850267 0.314130 2
0 0.678199 0.193122 0.017113 0.068783 0.680540 0.166351 1 0.680296 0.165311 1 0.680551 0.165624 1 0.678050 0.166759 2 0.681283 0.167051 2 0.676517 0.174855 2 0.682294 0.170994 2 0.674399 0.182771 2 0.685247 0.162329 2 0.673802 0.190298 2 0.686041 0.151700 2 0.676852 0.192224 2 0.680696 0.191158 2 0.675195 0.207525 2 0.680506 0.208792 2 0.674100 0.222379 2 0.680652 0.222757 2
0 0.716890 0.724206 0.048363 0.231481 0.719545 0.628730 2 0.721214 0.625083 2 0.721092 0.625652 1 0.724744 0.631457 2 0.729953 0.631040 1 0.720997 0.659480 2 0.734936 0.655181 2 0.715817 0.690014 2 0.723976 0.666077 2 0.713382 0.690365 2 0.712038 0.651739 2 0.719084 0.725902 2 0.729748 0.724326 2 0.706801 0.764862 2 0.722214 0.770328 2 0.707667 0.815401 2 0.721779 0.821998 2
0 0.359747 0.563492 0.048363 0.161376 0.364278 0.516649 2 0.365903 0.512755 2 0.362437 0.512935 2 0.368220 0.510738 2 0.358544 0.510987 2 0.372039 0.525856 2 0.353002 0.525092 2 0.374789 0.549190 2 0.345020 0.544773 2 0.368728 0.564584 2 0.344911 0.565936 2 0.367537 0.567545 2 0.353251 0.567211 2 0.375531 0.599020 2 0.346037 0.600503 2 0.375923 0.631296 2 0.340748 0.634485 2
0 0.570685 0.431878 0.032738 0.144180 0.568395 0.457868 2 0.570415 0.455011 2 0.566802 0.454605 2 0.572615 0.453748 2 0.563238 0.452668 2 0.573409 0.467090 2 0.558384 0.467102 2 0.576403 0.485227 2 0.554152 0.487127 2 0.578388 0.501912 2 0.552307 0.508392 2 0.570325 0.504303 2 0.560374 0.504810 2 0.571452 0.529143 1 0.561422 0.530357 2 0.572629 0.530053 1 0.561031 0.531663 1
0 0.168155 0.469577 0.026786 0.164021 0.168044 0.410772 2 0.168356 0.407314 2 0.166155 0.407884 2 0.167232 0.408643 1 0.161665 0.409990 2 0.166959 0.426204 2 0.160078 0.428710 2 0.167279 0.447481 1 0.157563 0.450228 2 0.167947 0.466263 1 0.158913 0.471614 2 0.167076 0.469900 2 0.162794 0.471644 2 0.167055 0.500082 2 0.164075 0.503830 2 0.164615 0.529529 2 0.162347 0.536072 2
0 0.334821 0.487434 0.031250 0.149471 0.337139 0.433334 2 0.338738 0.429902 2 0.335692 0.430210 2 0.341785 0.428913 2 0.333891 0.429657 2 0.344823 0.443436 2 0.331488 0.445210 2 0.347120 0.463309 2 0.329881 0.468447 2 0.348087 0.480856 2 0.335460 0.486883 2 0.342309 0.480512 2 0.333269 0.481225 2 0.342457 0.515590 2 0.333058 0.516032 2 0.341624 0.541846 2 0.331047 0.542509 2
0 0.442336 0.477513 0.039435 0.156085 0.440994 0.423047 2 0.442220 0.419481 2 0.439356 0.419807 2 0.442833 0.417644 1 0.435269 0.417939 2 0.445547 0.428226 2 0.430972 0.431926 2 0.450195 0.448987 2 0.427766 0.451143 2 0.453272 0.467276 2 0.434256 0.439510 2 0.444375 0.470030 2 0.435306 0.472634 2 0.441892 0.504998 2 0.436282 0.508602 2 0.437865 0.535196 2 0.435939 0.543419 2
0 0.310640 0.581349 0.037946 0.173280 0.322317 0.522839 2 0.321687 0.519602 2 0.320907 0.519525 2 0.317469 0.522140 1 0.314579 0.522198 2 0.321711 0.533385 2 0.309510 0.542298 2 0.323575 0.544559 2 0.305445 0.574507 2 0.331314 0.557973 2 0.304925 0.603967 2 0.314016 0.575379 2 0.306478 0.579218 2 0.322413 0.598429 2 0.319281 0.603470 2 0.305709 0.618436 2 0.314389 0.645425 2
0 0.565104 0.727513 0.052827 0.214286 0.542363 0.653686 1 0.542286 0.649691 1 0.543553 0.648041 1 0.543632 0.652853 2 0.555226 0.647385 2 0.547435 0.679629 2 0.562525 0.668743 2 0.546682 0.718130 2 0.557609 0.697927 2 0.538154 0.716332 2 0.541400 0.707013 1 0.566542 0.736782 2 0.577388 0.732212 2 0.559051 0.779422 2 0.571369 0.775741 2 0.556860 0.822266 2 0.569676 0.816024 2
0 0.405134 0.441138 0.031994 0.146825 0.407934 0.387051 2 0.408924 0.383698 2 0.406214 0.384240 2 0.408718 0.385724 1 0.402922 0.386307 2 0.412230 0.399906 2 0.401965 0.404608 2 0.413827 0.415596 2 0.399340 0.427502 2 0.417381 0.433924 2 0.398958 0.448482 2 0.408912 0.443723 2 0.403633 0.445375 2 0.406559 0.471389 2 0.409410 0.474045 2 0.391787 0.490351 2 0.408371 0.506193 2
0 0.218750 0.361111 0.025298 0.129630 0.214777 0.320241 2 0.215663 0.317670 2 0.213382 0.318539 2 0.217595 0.317017 2 0.211454 0.319029 2 0.222241 0.327904 2 0.210396 0.329332 2 0.226847 0.342172 2 0.206945 0.341652 2 0.220589 0.342982 2 0.208867 0.343305 2 0.222710 0.362042 2 0.214562 0.362846 2 0.224780 0.387568 2 0.215394 0.388769 2 0.228769 0.412692 2 0.216558 0.413312 2
0 0.318452 0.329365 0.025298 0.111111 0.322420 0.290758 2 0.323327 0.288392 2 0.321138 0.288647 2 0.324653 0.289085 2 0.318733 0.289833 2 0.327608 0.302429 2 0.317245 0.305248 2 0.331265 0.316721 2 0.312744 0.320827 2 0.327277 0.323961 2 0.314657 0.314049 2 0.326849 0.334247 2 0.319388 0.335326 2 0.329620 0.357621 2 0.318459 0.358129 2 0.334804 0.375889 2 0.316681 0.378972 2
0 0.561012 0.216270 0.019345 0.083333 0.558803 0.182361 1 0.558881 0.180790 1 0.559114 0.180929 1 0.558112 0.181932 2 0.561943 0.182189 2 0.556130 0.190129 2 0.563570 0.192009 2 0.551087 0.192965 2 0.565045 0.203163 2 0.549978 0.189731 2 0.566405 0.209359 2 0.557009 0.214643 2 0.561984 0.215095 2 0.556285 0.233583 2 0.562573 0.233439 2 0.554939 0.252768 2 0.563237 0.252486 2
0 0.901414 0.326058 0.029018 0.115079 0.907728 0.279988 1 0.906679 0.277667 1 0.907218 0.278048 1 0.900517 0.278534 2 0.905896 0.279775 2 0.894963 0.292103 2 0.908256 0.292592 2 0.890604 0.309476 2 0.912214 0.310419 2 0.890335 0.324162 2 0.911714 0.324689 2 0.894685 0.329169 2 0.903949 0.328851 2 0.891950 0.354192 2 0.903277 0.351535 2 0.890188 0.378860 2 0.902513 0.374514 2
0 0.799851 0.287037 0.020833 0.084656 0.805720 0.256283 2 0.806162 0.254681 2 0.804972 0.254054 2 0.805381 0.255659 1 0.802219 0.254151 2 0.804083 0.266030 2 0.797022 0.263758 2 0.804719 0.280890 2 0.794634 0.277374 2 0.806414 0.289167 2 0.800457 0.287668 2 0.801433 0.287819 2 0.796652 0.288154 2 0.808898 0.296708 2 0.803098 0.297764 2 0.807170 0.317480 2 0.802898 0.317927 2
0 0.821429 0.280423 0.020833 0.082011 0.824465 0.254128 2 0.824338 0.252397 2 0.823683 0.252376 2 0.822997 0.253043 1 0.820650 0.253050 2 0.822936 0.261622 2 0.816620 0.262690 2 0.825836 0.274531 2 0.821655 0.278104 2 0.828883 0.284322 2 0.827088 0.287938 2 0.823129 0.283471 2 0.818616 0.285402 2 0.831365 0.293084 2 0.827025 0.295302 2 0.830173 0.314808 2 0.829522 0.314693 2
0 0.547991 0.341270 0.023065 0.063492 0.548280 0.325784 2 0.549540 0.323446 1 0.547088 0.323561 2 0.551320 0.319599 1 0.544852 0.319977 1 0.553607 0.318670 2 0.540579 0.319721 2 0.557089 0.331591 2 0.537362 0.332321 2 0.548190 0.334367 2 0.542289 0.333689 2 0.551961 0.334690 2 0.542967 0.335608 2 0.555318 0.335818 2 0.537608 0.338745 2 0.554934 0.363802 2 0.542599 0.364352 2
0 0.603051 0.190476 0.015625 0.044974 0.604446 0.187879 2 0.605640 0.184958 1 0.602604 0.185922 2 0.607881 0.181686 1 0.600015 0.184111 2 0.612040 0.189631 2 0.597552 0.191409 2 0.612818 0.210232 2 0.595630 0.211100 2 0.609035 0.215202 1 0.597328 0.215917 1 0.607215 0.217748 1 0.597607 0.217843 1 0.606940 0.210446 1 0.596601 0.210580 1 0.604593 0.214456 1 0.597065 0.214271 1
0 0.125000 0.345899 0.020833 0.043651 0.122379 0.342940 2 0.122881 0.341067 2 0.121444 0.341497 2 0.123771 0.339357 2 0.120236 0.340106 2 0.125854 0.344524 2 0.122010 0.343958 2 0.124181 0.353724 2 0.121367 0.349627 2 0.120734 0.357615 2 0.119914 0.355353 2 0.131423 0.354896 2 0.128635 0.354336 2 0.123492 0.354994 2 0.121680 0.354016 2 0.128122 0.362777 2 0.126816 0.362202 2
0 0.095238 0.330026 0.032738 0.056878 0.097493 0.318211 2 0.098039 0.316131 2 0.095831 0.317014 2 0.099131 0.315446 1 0.092805 0.318040 2 0.100988 0.320762 2 0.090831 0.324890 2 0.106214 0.327943 2 0.086687 0.336531 2 0.103227 0.330873 2 0.084602 0.349093 2 0.100516 0.333698 2 0.093302 0.335546 2 0.104315 0.333681 2 0.088840 0.336886 2 0.107664 0.348963 2 0.087187 0.348491 2
0 0.639137 0.158069 0.016369 0.067460 0.641821 0.128089 2 0.642203 0.126904 2 0.641192 0.126814 2 0.642309 0.127511 1 0.639643 0.127183 2 0.642747 0.135389 2 0.637553 0.134820 2 0.642322 0.144013 2 0.635637 0.141689 2 0.642613 0.150782 1 0.637386 0.145023 2 0.641693 0.153383 2 0.637788 0.153409 2 0.642496 0.165932 2 0.636670 0.166533 2 0.642710 0.178865 2 0.634331 0.180390 2
0 0.187500 0.138228 0.016369 0.046296 0.189900 0.123228 1 0.189440 0.122315 1 0.189879 0.122136 1 0.186667 0.122864 2 0.189657 0.122432 2 0.185130 0.128872 2 0.190522 0.127340 2 0.184169 0.136693 2 0.192755 0.132775 2 0.185432 0.142535 2 0.193268 0.135484 2 0.187448 0.142667 2 0.191241 0.142137 2 0.188454 0.153350 2 0.192732 0.150735 2 0.188929 0.164743 2 0.194245 0.162085 2
0 0.793527 0.190476 0.018601 0.052910 0.801615 0.201861 2 0.800782 0.200384 1 0.801109 0.200522 2 0.797142 0.201527 1 0.798991 0.202176 2 0.794927 0.210712 2 0.799661 0.211884 2 0.796473 0.222115 1 0.799640 0.224475 2 0.802867 0.224308 1 0.803784 0.225678 2 0.795190 0.226880 1 0.798885 0.227224 1 0.799581 0.222984 1 0.804549 0.223252 1 0.797312 0.226356 1 0.802677 0.227224 1
0 0.431176 0.121032 0.014137 0.051587 0.433616 0.099792 1 0.433546 0.098855 1 0.433627 0.099004 1 0.432220 0.099509 1 0.434340 0.099758 2 0.431661 0.104158 2 0.434434 0.104867 2 0.431951 0.110170 1 0.435921 0.109146 2 0.433997 0.111954 1 0.437829 0.107257 2 0.430499 0.117762 2 0.432815 0.118217 2 0.428670 0.126496 2 0.433605 0.128698 2 0.424485 0.135342 2 0.432011 0.139259 2
0 0.398438 0.097884 0.009673 0.047619 0.396649 0.082018 2 0.397039 0.080973 2 0.396166 0.081195 2 0.397849 0.081220 2 0.395705 0.081685 2 0.399489 0.086400 2 0.395432 0.086785 2 0.400877 0.092434 2 0.394745 0.092474 2 0.400201 0.095412 2 0.395370 0.095077 2 0.399571 0.098406 2 0.396884 0.098575 2 0.399652 0.107207 2 0.397184 0.107225 2 0.399813 0.115468 2 0.397478 0.115577 2
0 0.137649 0.117063 0.016369 0.030423 0.137244 0.117350 2 0.137902 0.116056 2 0.136635 0.116360 2 0.139316 0.116485 2 0.136099 0.117120 2 0.140562 0.121912 2 0.135663 0.122488 2 0.141868 0.129460 2 0.136890 0.130059 2 0.138671 0.130229 2 0.141017 0.132409 2 0.141200 0.132079 2 0.137758 0.132827 2 0.144147 0.131108 1 0.139310 0.132435 1 0.144083 0.136705 1 0.141179 0.136833 1
0 0.799107 0.229497 0.019345 0.083333 0.801545 0.202269 2 0.801026 0.200508 1 0.800987 0.200907 2 0.797620 0.201337 1 0.799103 0.202318 2 0.794893 0.210241 2 0.799324 0.211956 2 0.796573 0.220807 2 0.799605 0.224056 2 0.804137 0.223332 2 0.805883 0.225037 2 0.793901 0.234819 2 0.797993 0.235645 2 0.791568 0.253517 2 0.801101 0.253917 2 0.787242 0.271364 1 0.799538 0.273360 2
0 0.988839 0.395503 0.020833 0.148148 1.000000 0.352083 1 1.000000 0.349577 1 1.000000 0.349920 1 1.000000 0.350071 1 1.000000 0.350683 1 0.998762 0.360449 1 1.000000 0.360761 1 0.995834 0.374827 1 0.996952 0.375490 1 0.998177 0.386187 1 0.997834 0.386682 1 0.997533 0.394239 2 0.998831 0.393969 2 0.992681 0.420640 2 0.993607 0.420967 2 0.985400 0.447204 2 0.986053 0.446052 2
0 0.973214 0.242063 0.023810 0.066138 0.965032 0.211233 2 0.966346 0.209429 2 0.964257 0.209285 2 0.968721 0.211330 2 0.963517 0.210862 1 0.971156 0.225917 2 0.960705 0.224171 2 0.972070 0.242235 2 0.958620 0.239367 2 0.970008 0.248714 2 0.958204 0.248479 1 0.968093 0.254921 2 0.960980 0.253867 2 0.966874 0.268113 1 0.960417 0.266654 1 0.966858 0.273185 1 0.959634 0.270337 1
0 0.609747 0.105159 0.011161 0.041005 0.612738 0.093382 1 0.612745 0.092484 1 0.612856 0.092594 1 0.612182 0.092950 2 0.613747 0.093044 2 0.611612 0.097505 2 0.614590 0.097543 2 0.610897 0.102762 2 0.615430 0.102614 2 0.610372 0.106784 2 0.615510 0.106360 1 0.611991 0.107817 2 0.613965 0.107796 2 0.611654 0.116768 2 0.613494 0.116618 2 0.611562 0.124836 2 0.613204 0.125007 2
0 0.914807 0.197751 0.020089 0.038360 0.917363 0.185637 2 0.918230 0.184065 2 0.916890 0.184150 2 0.919918 0.184354 2 0.916530 0.184369 1 0.921819 0.190377 2 0.915685 0.190039 2 0.920422 0.199451 2 0.913022 0.197790 2 0.914528 0.204511 2 0.911382 0.204903 2 0.920974 0.204989 2 0.916718 0.204128 2 0.918677 0.200781 2 0.911075 0.199900 2 0.913485 0.207847 2 0.911200 0.208244 2
0 0.954985 0.201720 0.020089 0.033069 0.954610 0.197245 2 0.955301 0.195803 2 0.953694 0.195870 2 0.956230 0.195876 2 0.952099 0.196020 2 0.957502 0.202423 2 0.950261 0.202254 2 0.959453 0.208580 2 0.946613 0.208662 2 0.957415 0.210748 2 0.950490 0.211142 2 0.956244 0.217217 2 0.951532 0.217148 2 0.957085 0.217935 1 0.950720 0.217538 1 0.955563 0.222844 1 0.950307 0.222109 1
