0 0.743960 0.398693 0.013130 0.050420 0.745309 0.382537 1 0.745323 0.381425 1 0.745526 0.381664 1 0.744560 0.382097 2 0.747057 0.382465 2 0.743356 0.388409 2 0.748288 0.389058 2 0.742072 0.396732 2 0.749287 0.397189 2 0.741069 0.404152 2 0.748258 0.403012 2 0.742897 0.403101 2 0.746315 0.403271 2 0.741917 0.412881 2 0.745235 0.413924 2 0.740410 0.423339 2 0.743227 0.424811 2
0 0.711922 0.873483 0.020483 0.064426 0.710562 0.873887 2 0.711342 0.872065 2 0.709622 0.872449 2 0.712513 0.870807 2 0.708129 0.871667 2 0.713356 0.877937 2 0.707224 0.879116 2 0.714240 0.888052 2 0.706955 0.889128 2 0.714608 0.897507 2 0.709888 0.892675 2 0.712373 0.895268 2 0.708394 0.895800 2 0.711061 0.907984 2 0.708231 0.908754 2 0.710937 0.916525 1 0.707450 0.916764 1
0 0.708508 0.887955 0.019958 0.059757 0.710301 0.874030 2 0.711193 0.872507 2 0.709472 0.872581 2 0.712517 0.871754 2 0.708294 0.871823 2 0.713686 0.878341 2 0.707377 0.877692 2 0.714418 0.888349 2 0.705933 0.885968 2 0.714059 0.898079 2 0.705519 0.893989 2 0.711413 0.895227 2 0.707449 0.894573 2 0.709345 0.907639 2 0.706527 0.906435 2 0.708133 0.919217 2 0.706251 0.918186 2
0 0.718487 0.915500 0.023109 0.064426 0.722976 0.897600 2 0.724028 0.896176 2 0.722127 0.895852 2 0.725245 0.896070 2 0.720397 0.895163 2 0.726541 0.903066 2 0.719228 0.901324 2 0.728458 0.911833 2 0.716942 0.909134 2 0.724423 0.919512 2 0.715066 0.914730 2 0.723862 0.919618 2 0.719128 0.917848 2 0.720629 0.929427 2 0.716165 0.925090 2 0.721774 0.942108 2 0.717968 0.938197 2
0 0.547006 0.422969 0.012080 0.044818 0.548209 0.408773 2 0.548839 0.407859 2 0.547628 0.407810 2 0.549618 0.408421 2 0.546702 0.408176 2 0.550083 0.414081 2 0.545257 0.413242 2 0.552192 0.418415 2 0.542639 0.415357 2 0.551931 0.418190 2 0.544230 0.413974 2 0.548304 0.431347 2 0.545237 0.431057 2 0.547083 0.444421 2 0.544594 0.444825 2 0.546535 0.452787 1 0.543164 0.452921 1
0 0.420431 0.718021 0.017332 0.050420 0.422374 0.708635 2 0.422997 0.707448 2 0.421605 0.707463 2 0.424089 0.708086 2 0.420409 0.708143 2 0.426016 0.714341 2 0.418890 0.714472 2 0.427505 0.722230 2 0.417189 0.723130 2 0.426396 0.728256 2 0.419646 0.728263 2 0.425497 0.729616 2 0.420270 0.729738 2 0.429129 0.736207 2 0.419377 0.735855 2 0.429419 0.750409 2 0.418656 0.750324 2
0 0.625788 0.446312 0.015231 0.041083 0.623748 0.437613 2 0.624049 0.436646 2 0.623284 0.436632 2 0.624030 0.436411 1 0.622038 0.436387 2 0.624005 0.440724 2 0.620184 0.440739 2 0.626077 0.445047 2 0.617600 0.445734 2 0.627957 0.449638 2 0.617742 0.450079 2 0.620549 0.450021 2 0.618350 0.449958 2 0.620745 0.451809 2 0.619280 0.451471 2 0.618916 0.458547 2 0.617819 0.458004 1
0 0.742122 0.822596 0.017857 0.050420 0.743542 0.809363 2 0.744651 0.807713 2 0.743115 0.807260 2 0.746730 0.808680 2 0.743181 0.807373 2 0.748379 0.818841 2 0.741475 0.816780 2 0.750598 0.831978 2 0.738406 0.828477 2 0.749502 0.842527 2 0.740432 0.840196 2 0.746655 0.842468 2 0.742374 0.841550 2 0.746514 0.844870 1 0.741584 0.844084 1 0.746389 0.849909 1 0.743270 0.849952 1
0 0.296481 0.424370 0.015231 0.055089 0.299200 0.414250 1 0.299001 0.413072 1 0.299217 0.413016 1 0.297204 0.412898 2 0.299642 0.412947 2 0.294905 0.418478 2 0.300865 0.418787 2 0.293819 0.425937 2 0.302528 0.425854 2 0.295820 0.425425 2 0.301028 0.421638 2 0.295758 0.435661 2 0.299795 0.435800 2 0.296202 0.448921 2 0.299741 0.448984 2 0.296495 0.459711 2 0.299317 0.459217 2
0 0.306197 0.421102 0.017857 0.057890 0.309548 0.405669 1 0.309513 0.404526 1 0.309835 0.404626 1 0.308407 0.405110 2 0.311360 0.405195 2 0.306757 0.411349 2 0.312583 0.411416 2 0.305164 0.419123 2 0.313681 0.419710 2 0.305456 0.426605 1 0.313154 0.426876 1 0.307904 0.426944 2 0.311784 0.426962 2 0.308104 0.438471 2 0.310996 0.437719 2 0.308710 0.449935 2 0.310655 0.448444 2
0 0.476366 0.630719 0.022059 0.047619 0.480171 0.617672 2 0.480999 0.616748 2 0.479676 0.616269 2 0.482038 0.616804 2 0.478848 0.615723 2 0.483468 0.621640 2 0.476870 0.620526 2 0.485704 0.630093 2 0.474081 0.628297 2 0.484130 0.635711 2 0.472665 0.635207 2 0.481609 0.639061 2 0.477271 0.638387 2 0.481976 0.650581 1 0.475673 0.650213 1 0.481427 0.657234 1 0.475405 0.657935 1
0 0.379464 0.350140 0.015231 0.039216 0.381707 0.341531 2 0.382046 0.340591 2 0.381172 0.340770 2 0.382352 0.340126 1 0.380081 0.340490 2 0.383023 0.343318 2 0.378928 0.344168 2 0.384583 0.347209 2 0.378397 0.349670 2 0.386209 0.350760 2 0.378693 0.354046 2 0.382354 0.354093 2 0.379733 0.354574 2 0.382556 0.361501 2 0.379992 0.361936 2 0.382064 0.369592 2 0.380055 0.369803 2
0 0.324317 0.442577 0.015231 0.050420 0.326212 0.428861 2 0.326665 0.427847 1 0.325895 0.427751 2 0.327277 0.428194 2 0.325623 0.427878 2 0.328246 0.433395 2 0.324077 0.432740 2 0.330803 0.438021 2 0.320922 0.437628 2 0.332781 0.441336 2 0.320202 0.442331 2 0.326979 0.444732 2 0.324466 0.444468 2 0.327784 0.453797 2 0.324918 0.452830 2 0.327759 0.463942 2 0.325142 0.462261 2
0 0.303571 0.200280 0.012605 0.042017 0.303885 0.189632 1 0.303787 0.188733 1 0.303994 0.188733 1 0.302789 0.189260 2 0.304911 0.189186 2 0.301969 0.194622 2 0.305920 0.194637 2 0.301539 0.199713 2 0.307322 0.201168 2 0.302882 0.201414 1 0.307959 0.206302 2 0.303184 0.207084 2 0.305775 0.207051 2 0.303516 0.216434 2 0.305408 0.215821 2 0.303839 0.225192 2 0.305063 0.224785 2
0 0.313550 0.203081 0.012605 0.042017 0.313853 0.190653 1 0.313743 0.189693 1 0.313999 0.189603 1 0.312716 0.190090 2 0.314946 0.189873 2 0.311924 0.195892 2 0.316191 0.195559 2 0.311444 0.202506 2 0.317883 0.201038 2 0.311729 0.206691 2 0.318398 0.198263 2 0.313545 0.208647 2 0.316318 0.208534 2 0.315120 0.218783 2 0.316820 0.217701 2 0.316825 0.227605 2 0.317524 0.226562 2
0 0.016282 0.339869 0.015756 0.046685 0.013172 0.326890 1 0.013224 0.325995 1 0.013382 0.325584 1 0.013851 0.325882 2 0.015580 0.324832 1 0.014570 0.331277 2 0.018262 0.328931 2 0.014576 0.339544 2 0.019860 0.333609 1 0.013494 0.343975 2 0.018218 0.336763 1 0.017957 0.344000 2 0.020378 0.342905 2 0.017229 0.351663 2 0.019234 0.350815 2 0.021619 0.359397 2 0.022881 0.358911 2
0 0.510242 0.107843 0.009979 0.032680 0.511946 0.098415 2 0.512292 0.097674 2 0.511585 0.097628 2 0.512579 0.098292 2 0.511070 0.098084 2 0.513139 0.103299 2 0.510024 0.103021 2 0.514383 0.109845 2 0.508535 0.109403 2 0.514432 0.115466 2 0.508668 0.115748 2 0.512348 0.115229 2 0.510616 0.115142 2 0.511048 0.124154 2 0.510976 0.124368 2 0.509399 0.130199 1 0.510160 0.130501 1
0 0.283088 0.300654 0.017857 0.037348 0.289551 0.305738 2 0.289734 0.305272 1 0.289431 0.305067 2 0.289521 0.304636 1 0.288748 0.304143 2 0.289335 0.305639 2 0.287371 0.305508 2 0.289563 0.308982 2 0.286514 0.309708 2 0.289258 0.310156 2 0.287926 0.312211 2 0.288695 0.312205 2 0.287424 0.312341 2 0.288912 0.317724 2 0.287880 0.317781 2 0.288325 0.322520 2 0.287361 0.323046 2
0 0.683298 0.291317 0.010504 0.041083 0.680882 0.289153 2 0.681461 0.288432 2 0.680558 0.288247 2 0.682339 0.288522 2 0.680075 0.288100 2 0.682974 0.292643 2 0.678975 0.291849 2 0.683169 0.297669 2 0.677329 0.296375 2 0.681590 0.296383 2 0.678633 0.297258 2 0.680883 0.304817 2 0.678204 0.304189 2 0.679720 0.313784 2 0.677279 0.313235 2 0.679635 0.319269 1 0.677227 0.319269 1
0 0.677258 0.299253 0.012080 0.043884 0.680973 0.289256 2 0.681481 0.288494 2 0.680621 0.288366 2 0.682184 0.288577 2 0.680068 0.288282 2 0.682683 0.292844 2 0.678969 0.292322 2 0.682949 0.298106 2 0.677604 0.297172 2 0.681477 0.296410 2 0.678833 0.297741 2 0.680701 0.304775 2 0.678299 0.304369 2 0.679727 0.313807 2 0.678314 0.313761 2 0.679292 0.322329 2 0.678269 0.322860 2
0 0.128151 0.315126 0.014706 0.042017 0.125549 0.296469 1 0.125613 0.295483 1 0.125577 0.295519 1 0.126219 0.295982 2 0.127203 0.295998 1 0.127541 0.301175 2 0.128316 0.300884 2 0.128981 0.307811 2 0.131156 0.306792 2 0.127882 0.311601 2 0.130510 0.310366 1 0.128340 0.313782 2 0.129021 0.313598 2 0.128116 0.322753 2 0.130706 0.322985 2 0.128780 0.332784 2 0.134361 0.331997 2
0 0.248162 0.359944 0.017332 0.045752 0.257776 0.340442 2 0.258375 0.339261 2 0.257301 0.339148 2 0.259093 0.339110 2 0.256519 0.338849 2 0.259673 0.344407 2 0.255252 0.344128 2 0.259979 0.351439 1 0.255419 0.350829 2 0.259885 0.357920 1 0.255765 0.357344 2 0.259544 0.358154 2 0.256662 0.358185 2 0.259955 0.367737 2 0.256682 0.367479 2 0.259748 0.374639 2 0.259448 0.373710 2
0 0.257878 0.351074 0.016807 0.050420 0.257852 0.340085 2 0.258435 0.338905 2 0.257291 0.338907 2 0.259191 0.338899 2 0.256495 0.338872 2 0.260011 0.344713 2 0.255544 0.344197 2 0.261184 0.351700 2 0.255161 0.350870 2 0.260272 0.357883 2 0.255586 0.356403 2 0.259545 0.358425 2 0.256612 0.358179 2 0.259761 0.368427 2 0.256831 0.367161 2 0.260996 0.376783 2 0.259538 0.373895 2
0 0.295431 0.251634 0.013130 0.042017 0.294256 0.240529 2 0.294592 0.239460 2 0.293995 0.239868 2 0.295515 0.239369 2 0.294274 0.240344 1 0.297166 0.242991 2 0.294412 0.243726 2 0.298975 0.247919 2 0.294165 0.249264 2 0.298282 0.252032 2 0.293350 0.252437 2 0.297136 0.254570 2 0.295371 0.254581 2 0.297777 0.263751 2 0.294841 0.262418 2 0.297717 0.272139 2 0.297177 0.268906 2
0 0.650735 0.118114 0.011555 0.036415 0.649868 0.108313 2 0.649983 0.107706 1 0.649566 0.107593 2 0.649653 0.107824 1 0.648613 0.107562 2 0.649905 0.111141 2 0.647265 0.110627 2 0.650745 0.114729 2 0.645590 0.115041 2 0.650548 0.111910 2 0.645321 0.119212 2 0.648809 0.120382 2 0.647166 0.120048 2 0.647930 0.127626 2 0.646707 0.127366 2 0.646781 0.134709 2 0.645857 0.134842 2
0 0.962710 0.289449 0.016807 0.044818 0.965696 0.276925 1 0.965493 0.275841 1 0.965732 0.276182 1 0.963794 0.275532 2 0.965889 0.276525 2 0.962047 0.279047 2 0.965809 0.280976 2 0.959873 0.283330 2 0.966451 0.286560 2 0.959300 0.286718 1 0.965917 0.288302 1 0.960303 0.290412 2 0.962769 0.291156 2 0.959106 0.299019 2 0.961540 0.300686 2 0.957961 0.308119 2 0.960497 0.309798 2
0 0.625000 0.099907 0.009454 0.037348 0.626718 0.088275 1 0.626604 0.087576 1 0.626682 0.087563 1 0.625599 0.087398 1 0.626251 0.087504 2 0.624779 0.090458 2 0.625172 0.090647 2 0.623739 0.094110 2 0.624257 0.094236 2 0.623949 0.096877 1 0.623821 0.097033 2 0.624372 0.097807 2 0.624625 0.098022 2 0.624367 0.102396 2 0.624203 0.102858 2 0.623791 0.107396 2 0.623801 0.107492 2
