0 0.632068 0.383598 0.046875 0.126984 0.618995 0.335492 2 0.619619 0.333223 2 0.619929 0.333286 1 0.622684 0.334453 2 0.627069 0.333993 1 0.621673 0.347032 2 0.633712 0.346040 2 0.618158 0.359762 2 0.642484 0.356212 2 0.614314 0.370743 2 0.651878 0.367070 2 0.627083 0.385263 2 0.634947 0.384694 2 0.620303 0.410405 2 0.631916 0.411640 2 0.624084 0.438964 2 0.637989 0.438219 2
0 0.663690 0.182540 0.019345 0.071429 0.665179 0.153907 1 0.665249 0.152460 1 0.665438 0.152580 1 0.664292 0.153404 2 0.667742 0.153467 2 0.662348 0.161369 2 0.669491 0.161651 2 0.660316 0.171146 2 0.671693 0.171025 2 0.659623 0.178776 2 0.670141 0.177654 2 0.662799 0.179340 2 0.667927 0.179302 2 0.660042 0.194084 2 0.666935 0.195338 2 0.657923 0.209878 2 0.666297 0.210602 2
0 0.704613 0.455026 0.034226 0.169312 0.692181 0.394167 2 0.693041 0.391335 2 0.693523 0.390752 1 0.694651 0.394408 2 0.699511 0.392570 1 0.697502 0.411960 2 0.703385 0.410151 2 0.701772 0.433297 2 0.709519 0.431464 2 0.695375 0.437811 2 0.701272 0.436283 2 0.703816 0.455726 2 0.707585 0.454597 2 0.704974 0.493548 2 0.705405 0.490030 2 0.717990 0.519490 2 0.719037 0.515598 2
0 0.550595 0.378307 0.029762 0.108466 0.555470 0.338855 1 0.554435 0.336456 1 0.555365 0.336769 1 0.548508 0.337466 2 0.555239 0.339246 2 0.542804 0.351476 2 0.556074 0.355048 2 0.540855 0.368808 2 0.557539 0.376441 2 0.544231 0.379295 1 0.558320 0.387890 2 0.543228 0.385537 2 0.552367 0.387674 2 0.549453 0.395662 2 0.558549 0.397711 2 0.548898 0.417173 2 0.553994 0.417586 2
0 0.404762 0.417989 0.028274 0.150794 0.415411 0.366095 2 0.414377 0.363779 1 0.414885 0.363602 2 0.407595 0.365362 1 0.412375 0.365866 2 0.401461 0.376857 2 0.411189 0.380364 2 0.393813 0.385636 2 0.412934 0.396837 2 0.398129 0.392427 2 0.415975 0.400576 2 0.403467 0.416753 2 0.410217 0.418869 2 0.406733 0.451129 2 0.415985 0.452005 2 0.404177 0.480873 2 0.417824 0.482960 2
0 0.476562 0.503307 0.033482 0.165344 0.467595 0.439555 1 0.467342 0.436754 1 0.468033 0.436145 1 0.464587 0.439478 2 0.472854 0.437703 2 0.463246 0.458968 2 0.478359 0.456840 2 0.462313 0.483869 2 0.482844 0.478368 2 0.461648 0.501853 2 0.487912 0.496314 2 0.469023 0.501779 2 0.479824 0.501223 2 0.468988 0.533174 2 0.482524 0.534187 2 0.469497 0.562766 2 0.483784 0.569428 2
0 0.335193 0.431217 0.026042 0.134921 0.339464 0.380081 2 0.339098 0.377506 1 0.338745 0.377323 2 0.335544 0.379393 1 0.334734 0.378727 2 0.336401 0.389177 2 0.329917 0.391253 2 0.341538 0.401943 2 0.336313 0.406646 2 0.343281 0.393055 2 0.338747 0.390948 2 0.338165 0.420317 2 0.334501 0.422140 2 0.337753 0.450717 2 0.339828 0.453229 2 0.330614 0.476259 2 0.345228 0.480781 2
0 0.619792 0.340608 0.031250 0.101852 0.619429 0.336038 1 0.619753 0.333630 1 0.620348 0.333671 1 0.621848 0.333903 2 0.627414 0.333253 1 0.621748 0.345624 2 0.633637 0.345959 2 0.618626 0.358039 2 0.640839 0.358243 2 0.614556 0.370529 2 0.638898 0.363427 2 0.625726 0.385870 2 0.633605 0.385737 2 0.619802 0.408411 2 0.630101 0.409966 1 0.620216 0.409817 1 0.632085 0.411038 1
0 0.359747 0.390873 0.029018 0.141534 0.363937 0.342491 2 0.363624 0.339835 1 0.363005 0.339781 2 0.361126 0.340755 1 0.359398 0.340754 2 0.360688 0.353357 2 0.355953 0.354954 2 0.361854 0.370484 2 0.357363 0.370179 2 0.366711 0.379137 2 0.362143 0.360879 2 0.358140 0.389001 2 0.354639 0.390437 2 0.360601 0.417018 2 0.356317 0.420651 2 0.355196 0.443884 2 0.352775 0.450695 2
0 0.311012 0.458995 0.037202 0.164021 0.313595 0.397581 2 0.312316 0.394711 1 0.312698 0.395216 2 0.307650 0.396919 1 0.309954 0.399069 2 0.305815 0.414165 2 0.307012 0.418226 2 0.304724 0.438066 1 0.304817 0.443014 2 0.306267 0.456479 1 0.305282 0.466531 2 0.302964 0.459218 2 0.303198 0.461820 2 0.307782 0.486320 2 0.301555 0.496034 2 0.305560 0.517130 2 0.296643 0.529814 2
0 0.133929 0.370370 0.037202 0.126984 0.130596 0.328929 2 0.131750 0.326455 2 0.129399 0.326682 2 0.133516 0.323176 2 0.127075 0.323815 2 0.137294 0.330793 2 0.124441 0.333275 2 0.143675 0.344023 2 0.122468 0.350783 2 0.138150 0.351161 2 0.125213 0.367622 2 0.138907 0.365860 2 0.130210 0.367331 2 0.142541 0.391249 2 0.132105 0.393919 2 0.147483 0.417427 2 0.133751 0.420740 2
0 0.264137 0.336640 0.022321 0.109788 0.260656 0.295074 2 0.262438 0.293799 2 0.260567 0.292310 2 0.265144 0.295766 2 0.260554 0.292421 1 0.266275 0.307783 2 0.259930 0.304931 2 0.264279 0.319302 2 0.254039 0.316356 1 0.260733 0.313794 2 0.252969 0.320133 1 0.263916 0.338129 2 0.258361 0.336659 2 0.265218 0.362447 2 0.257597 0.360485 2 0.276965 0.376556 2 0.259235 0.382821 2
0 0.548735 0.199074 0.021577 0.091270 0.550208 0.170973 1 0.550324 0.169207 1 0.550335 0.169628 1 0.548432 0.169943 2 0.552371 0.170691 2 0.545548 0.179182 2 0.553301 0.180424 2 0.542664 0.191011 2 0.556521 0.192029 2 0.541872 0.202752 2 0.559681 0.201173 2 0.545143 0.202486 2 0.550864 0.203127 2 0.541824 0.219516 2 0.551998 0.221094 2 0.539545 0.237681 2 0.553347 0.237906 2
0 0.941964 0.304894 0.037202 0.125661 0.946082 0.261999 1 0.945979 0.259524 1 0.946846 0.260431 1 0.943934 0.260165 2 0.950461 0.261827 2 0.939501 0.273070 2 0.953437 0.275282 2 0.933437 0.288472 2 0.956957 0.291619 2 0.928073 0.303121 2 0.954937 0.301545 2 0.937174 0.310257 2 0.945592 0.310702 2 0.935745 0.333477 2 0.940692 0.334269 2 0.935119 0.356692 2 0.935608 0.355712 2
0 0.790179 0.275794 0.025298 0.101852 0.791328 0.240185 2 0.791190 0.238390 2 0.790649 0.238246 2 0.789782 0.238907 1 0.787730 0.238497 2 0.788957 0.248563 2 0.783204 0.247767 2 0.788690 0.262598 2 0.780361 0.262041 2 0.790618 0.271413 2 0.785705 0.271071 2 0.787176 0.269724 2 0.783102 0.270709 2 0.796491 0.278017 2 0.791809 0.278891 2 0.793571 0.299296 2 0.790059 0.300084 2
0 0.808408 0.269841 0.024554 0.092593 0.809401 0.240131 2 0.809547 0.238268 2 0.808487 0.238148 2 0.808322 0.238452 1 0.805654 0.238446 2 0.807415 0.244934 2 0.802889 0.248006 2 0.809787 0.257932 2 0.806790 0.262092 2 0.813842 0.265932 2 0.812256 0.270813 2 0.807613 0.267790 2 0.804442 0.271199 2 0.816625 0.271111 2 0.811695 0.281166 2 0.813866 0.288609 2 0.813620 0.302274 2
0 0.847470 0.877646 0.059524 0.226190 0.861545 0.805853 2 0.864781 0.801810 2 0.858894 0.800295 2 0.868251 0.804322 2 0.853108 0.800010 2 0.869595 0.829274 2 0.846020 0.824558 2 0.875439 0.855018 2 0.841873 0.852437 2 0.881259 0.884368 2 0.848353 0.872908 2 0.860596 0.889188 2 0.844720 0.886322 2 0.855507 0.931249 2 0.836692 0.923662 2 0.848916 0.971018 2 0.828684 0.964851 2
0 0.538318 0.325397 0.026042 0.108466 0.554494 0.340150 1 0.553487 0.337630 1 0.554590 0.337921 1 0.548014 0.337752 2 0.554565 0.339438 2 0.542607 0.350276 2 0.554395 0.354073 2 0.540038 0.368733 2 0.555035 0.376389 2 0.543284 0.379671 1 0.555211 0.386036 1 0.542822 0.387347 2 0.550742 0.389840 2 0.550620 0.385077 1 0.555978 0.388115 1 0.549604 0.396261 1 0.551952 0.397010 1
0 0.520461 0.297619 0.026042 0.089947 0.515548 0.272740 2 0.516447 0.270745 2 0.514528 0.271177 2 0.518052 0.269301 2 0.513243 0.270236 2 0.520580 0.276537 2 0.511391 0.277193 2 0.522999 0.287469 2 0.509217 0.287628 2 0.521557 0.296018 2 0.512610 0.294362 2 0.520123 0.303239 2 0.514195 0.303644 2 0.520601 0.323978 2 0.515925 0.323906 2 0.520674 0.344484 2 0.516757 0.343295 2
0 0.491071 0.157407 0.017857 0.063492 0.493938 0.189232 2 0.494505 0.187830 2 0.493202 0.187734 2 0.495117 0.188827 2 0.491607 0.188544 2 0.495774 0.195836 2 0.489753 0.195998 2 0.496615 0.201058 1 0.489485 0.201058 1 0.495726 0.198711 1 0.493257 0.200027 1 0.494820 0.201058 1 0.490762 0.201058 1 0.495223 0.200161 1 0.491672 0.200589 1 0.494013 0.201058 1 0.492051 0.201058 1
0 0.095238 0.314153 0.017857 0.067460 0.094689 0.294751 2 0.094869 0.292822 2 0.093352 0.293664 2 0.095092 0.292931 1 0.091148 0.295057 2 0.096315 0.299796 2 0.091690 0.302313 2 0.099375 0.306902 1 0.091667 0.311058 2 0.099579 0.307790 1 0.094456 0.310520 2 0.096597 0.317277 2 0.093195 0.318076 2 0.096637 0.326685 2 0.089805 0.327590 2 0.098780 0.336725 2 0.090540 0.336583 2
0 0.643601 0.142196 0.013393 0.070106 0.648849 0.115096 1 0.648712 0.114024 1 0.648344 0.114044 1 0.647942 0.114794 1 0.647106 0.114574 1 0.647655 0.122228 2 0.646836 0.118524 2 0.649735 0.126113 2 0.648706 0.112030 2 0.651297 0.127011 2 0.648620 0.108976 2 0.647409 0.138162 2 0.646399 0.137005 2 0.648514 0.152703 2 0.646262 0.152192 2 0.647663 0.166302 2 0.642284 0.163475 2
0 0.181548 0.159392 0.016369 0.035714 0.180433 0.150529 1 0.180371 0.149812 1 0.180720 0.149640 1 0.180067 0.149996 2 0.182377 0.149502 2 0.179641 0.154084 2 0.183512 0.153331 2 0.179661 0.159120 2 0.184851 0.157811 2 0.180300 0.162454 1 0.185049 0.160577 1 0.181009 0.162129 2 0.183699 0.161840 2 0.181559 0.168686 2 0.184121 0.168382 2 0.182241 0.172856 2 0.184614 0.172530 2
0 0.166295 0.131614 0.015625 0.046296 0.168554 0.121342 2 0.168937 0.120155 2 0.167941 0.120264 2 0.169273 0.120507 1 0.166898 0.120688 2 0.169995 0.126042 2 0.166122 0.126633 2 0.171151 0.131466 1 0.165429 0.133566 2 0.170968 0.135234 1 0.167372 0.137613 2 0.168924 0.139579 2 0.166520 0.139692 2 0.168258 0.150433 2 0.166607 0.150282 2 0.166063 0.159308 2 0.165516 0.159821 2
0 0.803943 0.214947 0.017113 0.062169 0.808263 0.240502 2 0.808323 0.238998 1 0.807730 0.238900 2 0.807397 0.238403 1 0.805369 0.238195 2 0.808157 0.246318 2 0.801231 0.246600 2 0.810634 0.255963 2 0.799625 0.257363 1 0.810871 0.256928 1 0.803813 0.256909 1 0.806676 0.257812 1 0.802030 0.257812 1 0.808993 0.252897 1 0.805105 0.254025 1 0.808017 0.257812 1 0.804397 0.257812 1
0 0.443452 0.107143 0.013393 0.052910 0.448005 0.098484 1 0.447751 0.097409 1 0.447935 0.097553 1 0.445735 0.097404 2 0.447846 0.097972 2 0.443728 0.102419 2 0.448189 0.103213 2 0.441009 0.107605 2 0.449761 0.109066 2 0.439933 0.113319 2 0.450236 0.113167 2 0.443649 0.115642 2 0.446634 0.116029 2 0.443509 0.124392 2 0.447108 0.124203 2 0.443360 0.133045 2 0.447286 0.131733 2
0 0.397693 0.096561 0.012649 0.052910 0.395679 0.076980 2 0.396047 0.075936 2 0.395097 0.076173 2 0.396706 0.076288 2 0.394403 0.076851 2 0.398079 0.081412 2 0.394023 0.082297 2 0.399199 0.087034 2 0.393596 0.088603 2 0.399708 0.092537 2 0.393870 0.094584 2 0.398448 0.092448 2 0.395692 0.092983 2 0.399494 0.100363 2 0.396327 0.100943 2 0.399875 0.109289 2 0.396519 0.110012 2
0 0.134301 0.103175 0.014137 0.050265 0.130294 0.088076 1 0.130328 0.087119 1 0.130452 0.086950 1 0.131000 0.086765 2 0.132101 0.086308 1 0.132491 0.090951 2 0.133367 0.090475 2 0.133029 0.098185 2 0.133738 0.097838 2 0.132565 0.105277 2 0.132705 0.104810 2 0.134992 0.103978 2 0.135504 0.103725 2 0.135168 0.114337 2 0.134518 0.113786 2 0.137637 0.123224 2 0.136260 0.123177 2
0 0.792411 0.162037 0.014881 0.048942 0.790792 0.147721 1 0.791080 0.146600 2 0.791284 0.146603 1 0.792478 0.146972 2 0.793889 0.146699 1 0.792416 0.153079 2 0.795689 0.152588 2 0.791215 0.161043 2 0.796088 0.160278 2 0.790174 0.162160 2 0.794445 0.162268 1 0.792070 0.167907 2 0.794208 0.167197 2 0.788672 0.173369 2 0.790428 0.173141 2 0.790179 0.181675 2 0.791064 0.181408 1
0 0.228051 0.121693 0.015625 0.026455 0.225746 0.123048 1 0.225590 0.122571 1 0.225767 0.122865 1 0.225895 0.122068 2 0.227115 0.122553 2 0.226750 0.122541 2 0.228473 0.122642 2 0.226350 0.126670 2 0.227591 0.126155 1 0.226229 0.128587 2 0.225917 0.128842 1 0.229594 0.127338 2 0.230899 0.127244 2 0.225713 0.127056 2 0.228019 0.127418 2 0.225836 0.131010 2 0.228101 0.130798 2
0 0.719866 0.144841 0.012649 0.048942 0.722847 0.128493 1 0.722522 0.127498 1 0.722735 0.127618 1 0.721114 0.128020 1 0.722271 0.128423 2 0.720315 0.134494 2 0.721232 0.134640 2 0.720227 0.141561 1 0.721302 0.142789 2 0.722169 0.147294 1 0.722865 0.148163 2 0.720545 0.147891 2 0.720780 0.147921 2 0.721416 0.158630 2 0.719193 0.157571 2 0.720821 0.166831 2 0.715642 0.163653 2
0 0.432292 0.122354 0.014881 0.062169 0.432093 0.101968 2 0.432468 0.100813 2 0.432273 0.100819 1 0.434049 0.101574 2 0.433986 0.101536 1 0.435188 0.108224 2 0.434228 0.108078 2 0.435204 0.115268 2 0.433282 0.114723 1 0.433098 0.119699 2 0.432056 0.118942 1 0.434422 0.121053 2 0.434115 0.120793 2 0.433151 0.130653 2 0.434522 0.130874 2 0.431996 0.139518 2 0.435349 0.139206 2
0 0.575521 0.279762 0.014137 0.056878 0.569751 0.240741 1 0.569783 0.240741 1 0.569319 0.240741 1 0.569732 0.240741 1 0.568647 0.240741 1 0.571036 0.240741 1 0.569623 0.240741 1 0.574616 0.245427 2 0.574463 0.245242 1 0.576116 0.253887 2 0.576646 0.253797 1 0.569723 0.254862 2 0.568515 0.254486 2 0.569766 0.269896 2 0.568142 0.269544 2 0.568258 0.283341 2 0.567328 0.284046 1
0 0.493304 0.220238 0.017857 0.078042 0.494309 0.188863 2 0.494839 0.187360 1 0.493480 0.187361 2 0.495385 0.188351 1 0.491910 0.188257 2 0.495410 0.197912 2 0.489865 0.197635 2 0.495688 0.207953 2 0.489205 0.209415 2 0.497560 0.205851 2 0.495991 0.206951 2 0.495283 0.219891 2 0.490812 0.220063 2 0.497338 0.238620 2 0.489580 0.237624 2 0.498399 0.256869 2 0.486077 0.254033 2
0 0.739211 0.133598 0.017113 0.052910 0.742508 0.111195 2 0.743037 0.110185 2 0.741927 0.110116 2 0.743563 0.110923 1 0.740884 0.110777 2 0.744178 0.116772 2 0.739613 0.116697 2 0.744721 0.122705 2 0.738804 0.122822 2 0.743367 0.118205 1 0.742442 0.118735 2 0.743302 0.131274 2 0.740267 0.131168 2 0.741955 0.141477 2 0.739853 0.141348 2 0.742408 0.151168 2 0.741179 0.151256 2
0 0.990699 0.289021 0.017113 0.123016 0.998978 0.253957 1 0.999271 0.251947 1 0.999194 0.252390 1 0.998692 0.252454 1 1.000000 0.253702 1 0.995660 0.260068 2 0.999242 0.261630 2 0.986452 0.263619 2 0.989447 0.266555 1 0.989944 0.260474 2 0.990509 0.261048 1 0.993404 0.288571 2 0.995774 0.288930 2 0.987502 0.307316 2 0.991203 0.307625 2 0.988771 0.325708 2 0.992493 0.326040 2
0 0.955729 0.174603 0.020089 0.063492 0.953189 0.155524 2 0.953624 0.153812 2 0.953058 0.154306 2 0.955769 0.153523 2 0.955255 0.154552 1 0.955876 0.161158 2 0.958323 0.160979 2 0.952896 0.174871 2 0.955928 0.172714 1 0.950953 0.183581 2 0.951919 0.181194 1 0.954450 0.180539 2 0.956223 0.179633 2 0.951066 0.191895 2 0.952478 0.191289 2 0.951682 0.206428 2 0.951777 0.204930 2
0 0.904762 0.185185 0.020833 0.044974 0.903265 0.174933 2 0.903988 0.173514 2 0.903134 0.173607 1 0.905642 0.173864 2 0.903477 0.173851 1 0.908044 0.179078 2 0.902334 0.178608 2 0.907465 0.188325 2 0.900397 0.186150 2 0.901620 0.193426 2 0.900010 0.193253 2 0.906266 0.192327 2 0.902283 0.191464 2 0.905916 0.190569 2 0.898176 0.189687 2 0.900501 0.196201 2 0.898352 0.196969 2
0 0.940848 0.193783 0.018601 0.035714 0.939805 0.181040 2 0.940478 0.179530 2 0.939654 0.179796 2 0.942225 0.179694 2 0.940167 0.180146 1 0.944796 0.185528 2 0.939776 0.185225 2 0.944457 0.195382 2 0.938034 0.192238 2 0.938867 0.197037 2 0.935431 0.193340 2 0.943834 0.198664 2 0.940424 0.197544 2 0.938821 0.197605 2 0.933750 0.196759 2 0.937179 0.204410 2 0.936957 0.203875 2
