0 0.071429 0.516534 0.035714 0.130952 0.062616 0.477137 2 0.064166 0.474119 2 0.060883 0.475027 2 0.067386 0.474166 2 0.059097 0.476040 2 0.072317 0.487899 2 0.057936 0.488577 2 0.081612 0.494861 2 0.054418 0.493126 2 0.077648 0.508427 2 0.057915 0.491680 2 0.074426 0.522268 2 0.066312 0.522800 2 0.070944 0.547949 2 0.071968 0.544733 2 0.072678 0.573929 2 0.077831 0.563584 2
0 0.030134 0.593915 0.037946 0.124339 0.021517 0.549542 2 0.023898 0.547018 2 0.020042 0.546694 2 0.027598 0.549367 2 0.017902 0.549322 2 0.031177 0.561054 2 0.019375 0.566932 2 0.031363 0.573294 2 0.020359 0.584103 2 0.023108 0.575323 2 0.019871 0.596666 2 0.034610 0.595443 2 0.025714 0.598726 2 0.037714 0.607683 2 0.024217 0.618593 2 0.045978 0.616658 2 0.029495 0.641414 2
0 0.727679 0.208995 0.013393 0.074074 0.734564 0.183795 1 0.733814 0.182359 1 0.734377 0.182569 1 0.730852 0.182196 1 0.732941 0.182970 2 0.728894 0.190144 2 0.732013 0.191223 2 0.726412 0.200570 2 0.733202 0.201122 2 0.723830 0.210048 2 0.734743 0.206504 2 0.729576 0.210010 2 0.730501 0.210769 2 0.731723 0.224461 2 0.729179 0.225793 2 0.731436 0.239183 2 0.722143 0.239562 2
0 0.909226 0.272487 0.025298 0.097884 0.919224 0.237496 1 0.918330 0.235466 1 0.919283 0.235896 1 0.913804 0.233152 1 0.917783 0.234949 2 0.908814 0.240279 2 0.915298 0.243665 2 0.904065 0.246924 2 0.913416 0.255444 2 0.906350 0.253963 1 0.913922 0.264460 2 0.906229 0.267977 2 0.909506 0.269517 2 0.907575 0.288354 2 0.905602 0.290376 2 0.908783 0.308491 2 0.900358 0.308439 2
0 0.293899 0.136243 0.016369 0.055556 0.295738 0.121832 2 0.296250 0.120679 2 0.295130 0.120675 2 0.296933 0.121169 2 0.294148 0.121096 2 0.298103 0.127331 2 0.292748 0.127611 2 0.299651 0.134592 2 0.292123 0.135563 2 0.300800 0.141024 2 0.293867 0.141654 2 0.297975 0.142574 2 0.294273 0.142963 2 0.298735 0.153485 2 0.293734 0.154071 2 0.298893 0.164345 2 0.293867 0.164920 2
0 0.150298 0.107804 0.016369 0.048942 0.156560 0.126597 1 0.156093 0.125787 1 0.156609 0.125875 1 0.153787 0.126352 2 0.156714 0.126671 2 0.152889 0.131878 2 0.157877 0.132046 2 0.151547 0.137939 2 0.159199 0.135554 2 0.151230 0.140437 1 0.159338 0.129483 1 0.153467 0.141019 1 0.156954 0.141018 1 0.152545 0.136334 1 0.157388 0.136226 1 0.152362 0.138799 1 0.156954 0.140571 1
0 0.200521 0.083995 0.015625 0.043651 0.197863 0.070419 1 0.197501 0.069543 1 0.197799 0.069546 1 0.195769 0.069318 1 0.197154 0.069486 2 0.194833 0.073337 2 0.196796 0.073767 2 0.195260 0.079640 1 0.197718 0.080558 2 0.196601 0.085602 1 0.198658 0.086323 2 0.195534 0.083610 2 0.196860 0.084035 2 0.196812 0.088393 2 0.197444 0.088620 2 0.196614 0.092209 2 0.196854 0.092380 2
0 0.549479 0.023148 0.014137 0.035714 0.548966 0.019074 1 0.549196 0.018486 1 0.548732 0.018441 1 0.549494 0.018783 1 0.548412 0.018676 1 0.550089 0.021349 2 0.547942 0.021178 2 0.552117 0.022437 2 0.547768 0.022396 2 0.552317 0.022958 2 0.549979 0.023405 2 0.548632 0.026951 2 0.547261 0.026737 2 0.548391 0.033257 2 0.547119 0.033131 2 0.547634 0.039680 2 0.546384 0.039994 2
0 0.574405 0.372354 0.025298 0.115079 0.583557 0.340159 2 0.585445 0.338703 2 0.583011 0.337162 2 0.588261 0.339007 2 0.581255 0.335604 2 0.588041 0.347644 2 0.576468 0.345677 2 0.587583 0.362161 2 0.571552 0.363392 2 0.584006 0.375354 2 0.572922 0.380002 2 0.582625 0.376618 2 0.573093 0.375502 2 0.589125 0.398439 2 0.566970 0.397168 2 0.588072 0.416326 2 0.557393 0.418482 2
0 0.842634 0.248677 0.020089 0.050265 0.849899 0.240901 2 0.850852 0.239450 2 0.849103 0.239262 2 0.851969 0.238161 1 0.847589 0.237290 1 0.853902 0.243406 2 0.845090 0.238153 2 0.855941 0.260843 2 0.840668 0.241448 2 0.854846 0.266164 1 0.843993 0.238748 2 0.854727 0.261570 2 0.849385 0.259728 2 0.849048 0.247898 1 0.844759 0.247815 2 0.851722 0.262050 1 0.851185 0.261609 2
0 0.634301 0.168651 0.017113 0.067460 0.634312 0.149508 1 0.634481 0.148292 1 0.634875 0.148469 1 0.634475 0.149203 2 0.637473 0.149208 2 0.633537 0.156525 2 0.638810 0.156464 2 0.632233 0.166252 2 0.640140 0.166646 2 0.631656 0.174990 2 0.639599 0.173951 1 0.634678 0.174920 2 0.637850 0.174797 2 0.634680 0.189153 2 0.635460 0.188469 2 0.636771 0.203707 2 0.634668 0.201826 2
0 0.577753 0.463624 0.046875 0.149471 0.581904 0.360047 1 0.582495 0.359788 1 0.580596 0.359788 1 0.584503 0.359788 1 0.577933 0.359788 1 0.584123 0.359788 1 0.575772 0.359788 1 0.585552 0.363194 2 0.571018 0.363712 2 0.585691 0.374155 2 0.573255 0.379314 2 0.581353 0.376531 2 0.573615 0.376825 2 0.587966 0.395597 2 0.566907 0.397588 2 0.587644 0.417104 2 0.554331 0.414642 2
0 0.473586 0.434524 0.033482 0.138889 0.482789 0.384921 1 0.481838 0.382324 1 0.482082 0.383338 2 0.474671 0.384493 1 0.480320 0.387311 2 0.469823 0.399107 2 0.478129 0.403135 2 0.468007 0.415936 2 0.475988 0.427015 2 0.473750 0.434712 1 0.476136 0.445939 2 0.465954 0.438749 2 0.473599 0.440295 2 0.464660 0.466737 2 0.482148 0.464734 2 0.458543 0.494901 2 0.485211 0.490977 2
0 0.415179 0.376984 0.028274 0.126984 0.424686 0.331032 2 0.423902 0.328408 1 0.423858 0.328678 2 0.417391 0.329998 1 0.420902 0.330792 2 0.411093 0.345217 2 0.421848 0.346302 2 0.407033 0.362038 2 0.422895 0.366709 2 0.412016 0.368373 2 0.424543 0.382700 2 0.411445 0.383356 2 0.419915 0.383874 2 0.410062 0.411595 2 0.425320 0.410693 2 0.406894 0.437868 2 0.427639 0.439251 2
0 0.251488 0.460979 0.034226 0.154762 0.252302 0.409969 1 0.250896 0.408100 1 0.252031 0.407285 1 0.244148 0.412576 2 0.251522 0.411183 2 0.241544 0.430713 2 0.256588 0.430183 2 0.239527 0.454951 2 0.262168 0.451846 2 0.238347 0.471899 2 0.267316 0.467469 2 0.247887 0.472535 2 0.258037 0.472839 2 0.248777 0.501353 2 0.258328 0.504052 2 0.249423 0.525486 2 0.257076 0.538090 2
0 0.380208 0.411376 0.025298 0.142857 0.381287 0.360418 1 0.379867 0.358046 1 0.380772 0.357946 1 0.373650 0.359696 1 0.379087 0.360229 2 0.369237 0.375236 2 0.381775 0.375463 2 0.368956 0.392976 2 0.386262 0.394527 2 0.373651 0.400866 2 0.389985 0.408667 2 0.372361 0.408314 2 0.380965 0.408559 2 0.375232 0.437021 2 0.383302 0.436038 2 0.378417 0.464503 2 0.384998 0.463913 2
0 0.517485 0.383598 0.040923 0.132275 0.516515 0.349769 1 0.516901 0.347604 1 0.517308 0.348017 1 0.516563 0.350485 2 0.524037 0.350566 2 0.513845 0.364268 2 0.527188 0.365606 2 0.507464 0.382876 2 0.529415 0.383105 2 0.510035 0.379140 2 0.523298 0.379181 1 0.514699 0.399876 2 0.525347 0.401145 2 0.507001 0.413338 2 0.528815 0.419976 2 0.501646 0.436929 2 0.535618 0.443923 2
0 0.531250 0.380952 0.034226 0.119048 0.516236 0.349688 1 0.516772 0.347868 1 0.517409 0.347758 1 0.516585 0.350430 2 0.523743 0.350010 2 0.513329 0.363536 2 0.527128 0.365257 2 0.508347 0.380116 2 0.528603 0.382773 2 0.509803 0.376525 1 0.525604 0.385991 1 0.515163 0.399447 2 0.525136 0.400777 2 0.514328 0.414641 2 0.528481 0.421766 2 0.518154 0.434092 2 0.534803 0.445616 2
0 0.519717 0.527778 0.036458 0.171958 0.509055 0.464898 1 0.509167 0.461744 1 0.510198 0.462014 1 0.508099 0.464206 2 0.515633 0.463593 2 0.508559 0.485206 2 0.518515 0.480997 2 0.506788 0.513197 2 0.520691 0.505305 2 0.500915 0.534932 2 0.516623 0.521374 1 0.512337 0.532634 2 0.518161 0.529613 2 0.510827 0.569899 2 0.510599 0.560596 2 0.516824 0.607145 2 0.511849 0.594171 2
0 0.440476 0.379630 0.038690 0.119048 0.424934 0.331554 2 0.424064 0.328752 1 0.424275 0.329032 2 0.418492 0.329761 1 0.421131 0.330734 2 0.413960 0.344649 2 0.421776 0.346295 2 0.414133 0.362839 1 0.422280 0.365511 2 0.419364 0.377410 1 0.424133 0.381452 2 0.413690 0.384042 2 0.419501 0.384959 2 0.415342 0.410622 2 0.425818 0.410254 2 0.415527 0.435751 2 0.428316 0.439580 2
0 0.248884 0.320106 0.026042 0.116402 0.244713 0.281766 2 0.245837 0.279378 2 0.243406 0.279985 2 0.247522 0.280657 2 0.241991 0.281984 2 0.250933 0.294666 2 0.239625 0.294010 2 0.254487 0.309213 2 0.239939 0.308407 2 0.246710 0.310039 2 0.240099 0.308135 2 0.249888 0.324540 2 0.243324 0.323463 2 0.246052 0.348789 2 0.247001 0.343396 2 0.246915 0.373374 2 0.256097 0.359861 2
0 0.473958 0.268519 0.019345 0.105820 0.473196 0.230166 2 0.474445 0.228036 2 0.472082 0.228238 2 0.476224 0.229375 2 0.471271 0.229823 2 0.476969 0.241125 2 0.472844 0.241084 2 0.479170 0.257182 2 0.471799 0.252735 1 0.477667 0.272792 2 0.468499 0.258511 1 0.476741 0.267097 2 0.474833 0.266820 2 0.472290 0.286938 2 0.475169 0.286946 2 0.473147 0.306803 2 0.478513 0.306227 2
0 0.522693 0.275794 0.015625 0.099206 0.524006 0.292211 2 0.525024 0.290146 2 0.523193 0.289747 2 0.526179 0.288448 1 0.521894 0.287761 2 0.527767 0.288556 2 0.518299 0.288872 2 0.531174 0.297312 2 0.514167 0.300009 2 0.528795 0.301003 2 0.520309 0.304429 2 0.526064 0.305348 2 0.519767 0.305895 2 0.531192 0.308676 2 0.515224 0.309497 2 0.527146 0.325812 2 0.520409 0.326149 2
0 0.527902 0.197090 0.023065 0.084656 0.531402 0.170233 1 0.531243 0.168350 1 0.531630 0.168702 1 0.529175 0.168403 2 0.532616 0.169636 2 0.525731 0.176890 2 0.532365 0.179450 2 0.521679 0.187680 2 0.532886 0.193657 2 0.520399 0.198099 2 0.534796 0.202415 2 0.524221 0.199180 2 0.528237 0.200197 2 0.525160 0.217092 2 0.527117 0.218625 2 0.526343 0.235663 2 0.525972 0.235388 2
0 0.987723 0.237434 0.021577 0.099206 0.998330 0.266633 2 0.999111 0.264665 2 0.996973 0.264733 2 0.999520 0.265503 1 0.994223 0.265860 2 0.999756 0.276205 2 0.990613 0.276967 2 1.000000 0.292125 1 0.986442 0.294262 2 0.999933 0.302949 1 0.986812 0.303833 2 0.997248 0.303588 1 0.991015 0.304122 2 0.998567 0.304018 1 0.989257 0.305248 1 0.996352 0.306382 1 0.988605 0.305810 1
0 0.754092 0.250000 0.021577 0.076720 0.756949 0.226248 2 0.757351 0.224579 2 0.756270 0.224153 2 0.756726 0.224597 1 0.753502 0.223279 2 0.755148 0.233572 2 0.749819 0.231591 2 0.755267 0.246002 2 0.747875 0.244369 2 0.757572 0.252369 2 0.752080 0.252374 2 0.753657 0.253392 2 0.749881 0.253643 2 0.762332 0.262604 2 0.758448 0.261433 2 0.759297 0.283090 2 0.755587 0.281704 2
0 0.777158 0.250000 0.026042 0.082011 0.773283 0.225480 2 0.773756 0.223571 2 0.772371 0.223588 2 0.773628 0.223595 1 0.770139 0.223663 2 0.773420 0.229761 2 0.766924 0.232756 2 0.776511 0.242278 2 0.771781 0.245796 2 0.779628 0.250805 2 0.777397 0.254164 2 0.774275 0.250011 2 0.769715 0.253611 2 0.782527 0.253241 2 0.777636 0.263728 2 0.777977 0.270367 2 0.778658 0.282465 2
0 0.931548 0.798942 0.066964 0.235450 0.939357 0.727937 2 0.942727 0.724425 2 0.937188 0.722506 2 0.947039 0.727418 2 0.933175 0.722462 2 0.944889 0.754298 2 0.926432 0.743302 2 0.932327 0.783994 2 0.916973 0.765248 2 0.916905 0.786965 2 0.911627 0.784618 2 0.934609 0.810126 2 0.921477 0.804281 2 0.931273 0.847171 2 0.918296 0.839773 2 0.925233 0.885135 2 0.915940 0.876144 2
0 0.523065 0.302910 0.023810 0.068783 0.523832 0.292623 2 0.524720 0.290787 1 0.522924 0.290760 2 0.525684 0.288342 1 0.521364 0.288377 2 0.527259 0.288386 2 0.517995 0.289087 2 0.531707 0.297764 2 0.514545 0.299893 2 0.528548 0.302144 2 0.520385 0.304025 2 0.526718 0.305564 2 0.520546 0.306267 2 0.530923 0.308538 2 0.516449 0.310121 2 0.528980 0.328433 2 0.520776 0.328407 2
0 0.459821 0.151455 0.014881 0.067460 0.460915 0.132843 1 0.460813 0.131515 1 0.460978 0.131590 1 0.459477 0.131209 2 0.462047 0.131337 2 0.458170 0.137034 2 0.462903 0.137297 2 0.456045 0.143917 2 0.464239 0.144992 2 0.454786 0.143873 2 0.461953 0.148378 2 0.458665 0.152530 2 0.461857 0.152711 2 0.458754 0.165793 2 0.461625 0.166360 2 0.458776 0.179880 2 0.461994 0.180167 2
0 0.159598 0.314153 0.017113 0.059524 0.158386 0.298568 2 0.159270 0.296989 2 0.157779 0.297199 2 0.161413 0.297146 2 0.157449 0.297639 1 0.163319 0.304315 2 0.157599 0.304642 2 0.165347 0.311351 2 0.156942 0.310892 2 0.165700 0.316785 2 0.156623 0.316713 2 0.163668 0.319540 2 0.159862 0.319727 2 0.164747 0.329075 2 0.160616 0.329310 2 0.165257 0.339327 2 0.160988 0.339787 2
0 0.085193 0.312169 0.034970 0.052910 0.088369 0.300637 2 0.088713 0.298758 2 0.087040 0.299483 2 0.089415 0.298290 1 0.084253 0.300402 2 0.090935 0.305291 2 0.081297 0.308562 2 0.096623 0.311943 2 0.077508 0.320115 2 0.095137 0.312887 2 0.076040 0.331265 2 0.089353 0.320951 2 0.082401 0.322373 2 0.093581 0.315993 2 0.078732 0.318840 2 0.096740 0.332229 2 0.076760 0.330806 2
0 0.155134 0.140212 0.017113 0.047619 0.155987 0.127281 1 0.155637 0.126368 1 0.155997 0.126374 1 0.153521 0.127097 2 0.156334 0.127136 2 0.152210 0.133159 2 0.157361 0.131951 2 0.151179 0.137671 2 0.160209 0.132449 2 0.152824 0.137069 2 0.160674 0.128968 2 0.153445 0.147391 2 0.156852 0.147062 2 0.154620 0.156634 2 0.158036 0.155483 2 0.155517 0.164760 2 0.159658 0.163192 2
0 0.736235 0.180556 0.014137 0.054233 0.734641 0.183662 2 0.733889 0.182008 1 0.734454 0.182335 2 0.730674 0.181584 1 0.732979 0.182713 2 0.728990 0.188125 2 0.732745 0.190747 2 0.731946 0.194717 1 0.734261 0.201581 2 0.736054 0.196422 1 0.736313 0.209795 2 0.728987 0.209885 2 0.731881 0.211272 2 0.729420 0.214864 1 0.733272 0.216198 1 0.728936 0.216200 1 0.732394 0.217483 1
0 0.384301 0.113095 0.014137 0.051587 0.384076 0.093612 1 0.384148 0.092655 1 0.384264 0.092778 1 0.383774 0.092689 2 0.385832 0.092813 2 0.382354 0.097239 2 0.386859 0.097201 2 0.381284 0.102882 2 0.387508 0.103346 2 0.382297 0.105750 1 0.387394 0.107720 1 0.382492 0.108688 2 0.385699 0.108655 2 0.382300 0.118007 2 0.386284 0.117801 2 0.382210 0.127958 2 0.385928 0.126759 2
0 0.357887 0.091931 0.010417 0.051587 0.360007 0.076346 2 0.360271 0.075378 1 0.359461 0.075492 2 0.360511 0.075739 1 0.358531 0.076028 2 0.361356 0.080449 2 0.357847 0.081109 2 0.362078 0.086071 2 0.357434 0.087183 2 0.362119 0.091208 2 0.358163 0.092042 2 0.361121 0.091360 2 0.358827 0.091722 2 0.360828 0.099549 2 0.358869 0.100155 2 0.360030 0.107960 2 0.358651 0.108915 2
0 0.097842 0.118386 0.012649 0.030423 0.097033 0.111246 1 0.097176 0.110683 1 0.096812 0.110715 1 0.097206 0.110787 1 0.096493 0.110866 2 0.097415 0.113576 2 0.096188 0.113596 2 0.098130 0.116812 2 0.096125 0.116731 2 0.098291 0.116721 1 0.097688 0.116737 2 0.097009 0.120442 2 0.096233 0.120456 2 0.096939 0.125107 2 0.096699 0.125171 2 0.096469 0.129796 2 0.096230 0.129931 2
0 0.201637 0.127646 0.013393 0.043651 0.199888 0.112793 1 0.200236 0.111848 1 0.199919 0.111921 1 0.201073 0.112447 2 0.200667 0.112555 1 0.202259 0.117457 2 0.200695 0.117865 2 0.202894 0.122707 2 0.200122 0.123771 2 0.200815 0.124544 2 0.198577 0.127503 2 0.202853 0.128858 2 0.201775 0.128963 2 0.203938 0.138154 2 0.202089 0.137942 2 0.205446 0.146888 2 0.203766 0.146849 2
0 0.617560 0.230820 0.014881 0.088624 0.621549 0.198974 2 0.621419 0.197463 1 0.620728 0.197449 2 0.620189 0.198855 1 0.618413 0.198855 2 0.618808 0.208045 2 0.618225 0.208332 2 0.621551 0.217249 1 0.621656 0.218160 2 0.624219 0.215895 2 0.625385 0.215385 2 0.619614 0.230640 2 0.619001 0.231134 2 0.621571 0.248241 2 0.620746 0.248910 2 0.619681 0.264221 2 0.617116 0.263928 2
0 0.928571 0.311508 0.032738 0.130952 0.932605 0.261309 2 0.932666 0.258858 2 0.931460 0.258492 2 0.931026 0.259662 1 0.927553 0.258898 2 0.927793 0.269978 2 0.924212 0.270038 2 0.926462 0.284723 2 0.926634 0.286548 2 0.930093 0.296031 2 0.932146 0.297700 2 0.925712 0.297140 2 0.922319 0.297607 2 0.929570 0.317635 2 0.918439 0.319647 2 0.924007 0.339385 2 0.914450 0.341406 2
0 0.873140 0.363095 0.043899 0.130952 0.886015 0.312025 2 0.884914 0.309659 1 0.885130 0.310696 2 0.881390 0.308566 1 0.881083 0.311770 2 0.875491 0.320119 2 0.877829 0.323252 2 0.867509 0.329917 2 0.870864 0.336042 2 0.859263 0.341031 2 0.863520 0.350305 2 0.873051 0.354657 2 0.872611 0.355994 2 0.877384 0.378217 2 0.866696 0.381352 2 0.881022 0.404277 2 0.854859 0.400134 2
0 0.780506 0.208995 0.023810 0.068783 0.773270 0.225205 2 0.773838 0.223653 2 0.772345 0.223486 2 0.773953 0.223617 1 0.769916 0.223220 2 0.773801 0.230500 2 0.767400 0.231511 2 0.776599 0.241185 2 0.770722 0.244232 2 0.780033 0.250217 2 0.776974 0.252970 2 0.773626 0.249795 2 0.769037 0.251649 2 0.781643 0.252179 1 0.777064 0.255672 1 0.780338 0.253841 1 0.777260 0.255952 1
0 0.554315 0.098545 0.011905 0.038360 0.555720 0.088547 1 0.555479 0.087873 1 0.555659 0.087876 1 0.554200 0.088644 1 0.555448 0.088761 2 0.553782 0.093015 2 0.555558 0.093032 2 0.554066 0.094418 2 0.556899 0.093666 2 0.554868 0.094351 2 0.557682 0.092759 2 0.554541 0.101817 2 0.555688 0.101956 2 0.554876 0.108121 2 0.555691 0.108214 2 0.554727 0.114192 2 0.555737 0.114272 2
0 0.515625 0.078042 0.011905 0.034392 0.516248 0.071031 1 0.516427 0.070460 1 0.515895 0.070372 1 0.516530 0.071062 1 0.515137 0.070911 2 0.516409 0.075507 2 0.514409 0.075125 2 0.516933 0.080028 2 0.513272 0.078995 2 0.517187 0.084148 2 0.513412 0.083416 2 0.516251 0.083697 2 0.514878 0.083735 2 0.516694 0.089036 2 0.514879 0.089470 2 0.517162 0.094268 2 0.513908 0.094101 2
0 0.937500 0.271825 0.029762 0.112434 0.932780 0.258969 2 0.932912 0.256756 2 0.931395 0.256336 2 0.931775 0.259136 1 0.927531 0.258307 2 0.930166 0.270963 2 0.924672 0.270647 2 0.930313 0.286594 2 0.926826 0.287587 2 0.931807 0.296243 2 0.931464 0.297206 2 0.927154 0.298660 2 0.922716 0.298751 2 0.929952 0.317478 2 0.918440 0.319239 2 0.925015 0.338260 2 0.916667 0.340251 2
