0 0.641282 0.951447 0.021008 0.095238 0.636221 0.921423 1 0.636129 0.919658 1 0.636411 0.919564 1 0.638049 0.919242 2 0.640351 0.918894 1 0.642466 0.927753 2 0.642965 0.926295 2 0.645578 0.940463 2 0.645933 0.938377 1 0.645464 0.954272 2 0.645710 0.951803 1 0.640863 0.956500 2 0.641330 0.954886 2 0.639952 0.976050 2 0.640142 0.973907 2 0.638154 0.994632 2 0.640378 0.993122 2
0 0.580620 0.600373 0.019433 0.052288 0.583928 0.580967 1 0.584174 0.579834 1 0.584746 0.579844 1 0.584545 0.581177 2 0.587587 0.580584 2 0.584229 0.589203 2 0.588999 0.587179 2 0.581718 0.599631 2 0.586045 0.592131 1 0.576421 0.599571 2 0.581723 0.590564 1 0.586254 0.606795 2 0.589182 0.605591 2 0.578229 0.610603 2 0.581084 0.610525 2 0.584416 0.621195 2 0.585172 0.621349 2
0 0.423057 0.443978 0.014181 0.058824 0.423756 0.427245 1 0.423184 0.425917 1 0.423770 0.425969 1 0.420660 0.426005 1 0.423709 0.426496 2 0.419312 0.432740 2 0.423356 0.433989 2 0.422337 0.441278 1 0.425941 0.444291 2 0.426778 0.445000 1 0.429292 0.448425 2 0.418398 0.451325 2 0.421086 0.452340 2 0.424542 0.453877 2 0.426710 0.455389 2 0.421960 0.464332 2 0.422842 0.466160 2
0 0.617910 0.602708 0.018382 0.084967 0.617570 0.573717 2 0.618467 0.572456 2 0.616852 0.572278 2 0.619623 0.572223 2 0.615408 0.571894 2 0.622113 0.577745 2 0.614609 0.579462 2 0.624672 0.587754 2 0.615442 0.588657 2 0.621416 0.591100 2 0.619497 0.584333 2 0.620703 0.598218 2 0.615409 0.598754 2 0.619801 0.612452 2 0.614752 0.614775 2 0.619681 0.621752 2 0.613384 0.629674 2
0 0.092962 0.414099 0.021008 0.060691 0.093749 0.392714 2 0.093167 0.391726 1 0.093547 0.391801 2 0.091254 0.392658 1 0.092719 0.392967 2 0.092640 0.398356 2 0.092733 0.399654 2 0.095871 0.402901 2 0.094835 0.406669 2 0.096751 0.402283 2 0.097874 0.404998 2 0.095120 0.413361 2 0.095366 0.414082 2 0.096990 0.424860 2 0.098082 0.424256 2 0.097725 0.436158 2 0.100202 0.437032 2
0 0.154149 0.459851 0.016282 0.036415 0.155243 0.449418 1 0.155242 0.448491 1 0.155615 0.448801 1 0.154691 0.449195 2 0.157035 0.449966 2 0.152417 0.454118 2 0.156728 0.455623 2 0.149860 0.462793 2 0.156713 0.465011 2 0.149640 0.467566 2 0.159583 0.465520 2 0.152389 0.468673 2 0.154965 0.470205 2 0.161064 0.465355 2 0.163254 0.467510 2 0.160517 0.471299 1 0.161802 0.472393 2
0 0.143382 0.404295 0.015756 0.059757 0.144326 0.385160 1 0.144062 0.384091 1 0.144381 0.383961 1 0.142234 0.384392 1 0.145046 0.384170 2 0.140840 0.389883 2 0.145886 0.389899 2 0.142449 0.394479 2 0.149349 0.394643 2 0.146193 0.390529 1 0.148324 0.391587 2 0.142740 0.405925 2 0.146186 0.406247 2 0.144173 0.416864 2 0.146989 0.417666 2 0.144529 0.429533 2 0.147148 0.429579 2
0 0.170168 0.441176 0.014706 0.056956 0.166526 0.425312 1 0.166384 0.424150 1 0.166744 0.423626 1 0.166432 0.423784 2 0.169416 0.422478 2 0.167804 0.428743 2 0.172485 0.427493 2 0.164811 0.431359 2 0.173717 0.432502 2 0.166203 0.426745 2 0.169825 0.430617 1 0.171573 0.447123 2 0.174394 0.446040 2 0.172533 0.460398 2 0.173313 0.457303 2 0.174063 0.466498 2 0.175424 0.466600 2
0 0.161239 0.364146 0.014706 0.061625 0.161665 0.341625 1 0.161462 0.340678 1 0.161813 0.340431 1 0.159915 0.341336 2 0.162928 0.340892 2 0.158864 0.347580 2 0.164787 0.347332 2 0.158315 0.356827 2 0.167404 0.355655 2 0.158384 0.363810 2 0.166853 0.359256 2 0.161305 0.362887 2 0.165201 0.362846 2 0.162598 0.373758 2 0.165559 0.374042 2 0.164084 0.384279 2 0.165908 0.385889 2
0 0.303834 0.507470 0.016282 0.068161 0.305401 0.478568 2 0.306169 0.476960 2 0.304962 0.477386 2 0.308253 0.477219 2 0.305063 0.478178 1 0.310766 0.484662 2 0.304672 0.484043 2 0.309761 0.492296 2 0.303509 0.490353 2 0.306350 0.486684 2 0.303744 0.494804 2 0.310359 0.501540 2 0.306132 0.501108 2 0.310677 0.514363 2 0.306527 0.513830 2 0.310886 0.526162 2 0.309030 0.525172 2
0 0.287815 0.506069 0.019958 0.067227 0.293556 0.479394 2 0.294292 0.478147 2 0.292867 0.478260 2 0.295469 0.478396 2 0.291899 0.478728 2 0.297454 0.484794 2 0.290371 0.485168 2 0.299908 0.491237 2 0.286097 0.490287 2 0.297808 0.496566 2 0.283760 0.495617 2 0.297565 0.500707 2 0.293407 0.501034 2 0.297446 0.512305 2 0.295100 0.512808 2 0.298359 0.524013 2 0.297339 0.524232 2
0 0.550420 0.367880 0.014706 0.042951 0.549464 0.356788 2 0.550218 0.355068 2 0.548705 0.355062 2 0.552168 0.353283 2 0.548114 0.353199 1 0.554707 0.360282 2 0.547535 0.359012 2 0.557673 0.370516 2 0.546984 0.367535 2 0.557267 0.375037 2 0.545904 0.373348 2 0.554707 0.379289 2 0.550127 0.378539 2 0.555128 0.376369 2 0.550038 0.374814 2 0.554597 0.389672 1 0.549857 0.386361 1
0 0.504989 0.343604 0.014181 0.039216 0.503086 0.331478 2 0.503367 0.330483 2 0.502592 0.330495 2 0.503288 0.330439 1 0.501369 0.330654 2 0.501354 0.333919 2 0.500326 0.335753 2 0.504169 0.337934 2 0.503274 0.342803 2 0.506959 0.339710 2 0.507768 0.344389 2 0.499406 0.347364 2 0.498547 0.349108 2 0.506393 0.346793 2 0.506256 0.350230 2 0.505215 0.358054 2 0.504609 0.360068 2
0 0.475578 0.280579 0.012080 0.049486 0.478915 0.266712 1 0.479053 0.265926 1 0.479321 0.265892 1 0.479547 0.266432 2 0.481195 0.266229 1 0.479864 0.271053 2 0.481608 0.270705 2 0.476945 0.277657 2 0.478993 0.277089 1 0.474934 0.279253 2 0.476208 0.280003 1 0.480748 0.284039 2 0.481852 0.283371 2 0.475652 0.286486 2 0.476420 0.285989 2 0.476493 0.296242 2 0.477336 0.295777 2
0 0.571429 0.247432 0.011555 0.035481 0.571944 0.238889 2 0.571795 0.237882 1 0.571803 0.237960 2 0.570782 0.237358 1 0.570936 0.237683 2 0.569816 0.240689 2 0.569728 0.242098 2 0.572373 0.242892 2 0.571196 0.247184 2 0.574944 0.243896 2 0.574922 0.247673 2 0.569356 0.251974 2 0.569275 0.253155 2 0.573889 0.253344 2 0.573581 0.254517 2 0.573539 0.263524 2 0.573057 0.263484 2
0 0.564076 0.252101 0.012605 0.028011 0.562770 0.242679 2 0.562412 0.242065 1 0.562566 0.242109 2 0.560844 0.242553 1 0.561717 0.242771 2 0.560146 0.246314 2 0.561925 0.246086 2 0.559497 0.251036 2 0.564262 0.248452 2 0.559901 0.254348 1 0.565030 0.247246 2 0.560787 0.255482 2 0.561802 0.255502 2 0.561523 0.261857 2 0.562004 0.261966 2 0.560909 0.267892 2 0.561783 0.268156 2
0 0.454832 0.231559 0.014706 0.039216 0.452807 0.220374 2 0.452545 0.219593 1 0.452465 0.219634 2 0.451439 0.220124 1 0.451132 0.220372 2 0.450888 0.224223 2 0.450534 0.224926 2 0.452581 0.228668 2 0.452205 0.229930 2 0.454872 0.229946 2 0.454744 0.231062 2 0.451107 0.234251 2 0.450812 0.235192 2 0.455588 0.236842 2 0.455518 0.238302 2 0.454894 0.245490 2 0.455048 0.247122 2
0 0.625263 0.278711 0.012080 0.042017 0.625777 0.264245 1 0.625840 0.263465 2 0.626125 0.263479 1 0.626295 0.263447 2 0.627981 0.263458 1 0.626184 0.266874 2 0.629089 0.267676 2 0.623317 0.269720 2 0.628908 0.272933 2 0.620805 0.270925 2 0.626014 0.274434 2 0.626283 0.279294 2 0.627933 0.279249 2 0.623992 0.287080 2 0.624668 0.286963 2 0.625353 0.292693 2 0.624912 0.292607 1
0 0.122899 0.234827 0.009454 0.045752 0.123381 0.220592 1 0.123315 0.219676 1 0.123602 0.219668 1 0.122437 0.220149 1 0.124724 0.220046 1 0.121572 0.225212 2 0.125420 0.224896 2 0.120779 0.231165 2 0.126324 0.230299 2 0.121267 0.235624 1 0.125966 0.233965 1 0.122491 0.236610 2 0.125152 0.236603 2 0.123126 0.245606 2 0.125899 0.245395 2 0.123656 0.253946 2 0.126665 0.253606 2
0 0.132616 0.236228 0.012080 0.042951 0.132683 0.220037 2 0.133158 0.219263 2 0.132340 0.219311 2 0.134067 0.219795 2 0.132019 0.219889 2 0.135224 0.224355 2 0.131303 0.224535 2 0.135698 0.228688 2 0.129923 0.228388 2 0.134923 0.229934 1 0.131809 0.227716 2 0.135214 0.235849 2 0.132452 0.236111 2 0.136307 0.244409 2 0.133252 0.244678 2 0.137271 0.251939 2 0.133269 0.252901 2
0 0.139443 0.236228 0.015231 0.048553 0.131760 0.219745 2 0.132140 0.218880 2 0.131288 0.218976 2 0.132704 0.218508 1 0.130470 0.218721 2 0.133851 0.221559 2 0.130000 0.222217 2 0.135328 0.226204 2 0.130090 0.227064 2 0.133819 0.226606 2 0.132965 0.226141 2 0.134972 0.234285 2 0.132176 0.234741 2 0.136330 0.243544 2 0.133082 0.244026 2 0.137536 0.252062 2 0.133326 0.253051 2
0 0.326418 0.239963 0.012080 0.039216 0.328269 0.229160 2 0.328023 0.228183 1 0.328309 0.228200 2 0.326250 0.227803 1 0.327660 0.227726 2 0.325745 0.231062 2 0.326262 0.231336 2 0.325476 0.236983 1 0.326301 0.237593 2 0.327421 0.240872 1 0.327040 0.242826 2 0.325819 0.241711 2 0.326336 0.242106 2 0.326715 0.248589 2 0.328393 0.249113 2 0.322994 0.254839 2 0.327729 0.257301 2
0 0.585084 0.788515 0.019958 0.049486 0.584551 0.775080 1 0.584562 0.773851 1 0.585134 0.774116 1 0.583260 0.775398 2 0.587771 0.775707 2 0.580393 0.784130 2 0.589418 0.784895 2 0.577750 0.785927 2 0.592302 0.785697 2 0.577953 0.781218 2 0.592708 0.780600 2 0.581396 0.806111 2 0.587914 0.806646 2 0.577993 0.788646 2 0.589102 0.790633 2 0.578628 0.806056 2 0.589737 0.807322 2
0 0.223477 0.165733 0.012080 0.038282 0.219554 0.153900 1 0.219826 0.153196 1 0.219356 0.153232 1 0.220351 0.153401 2 0.219484 0.153489 1 0.220979 0.157165 2 0.219334 0.157286 2 0.221779 0.161441 2 0.218741 0.162470 2 0.220728 0.163162 2 0.218680 0.166252 2 0.221089 0.166455 2 0.220211 0.166484 2 0.221016 0.173765 2 0.221262 0.173299 2 0.221921 0.181007 2 0.222800 0.179760 2
0 0.194590 0.169468 0.020483 0.036415 0.187868 0.150090 2 0.188310 0.149072 2 0.187410 0.149446 2 0.189493 0.149865 2 0.187300 0.150684 1 0.191415 0.155806 2 0.187276 0.156655 2 0.193698 0.161480 2 0.187155 0.162937 2 0.195296 0.166718 2 0.188123 0.167210 2 0.192379 0.167969 2 0.189752 0.168482 2 0.192784 0.176161 2 0.190729 0.176024 2 0.193757 0.182953 2 0.192479 0.181662 2
0 0.308561 0.119048 0.011029 0.040149 0.310175 0.103653 2 0.310019 0.102958 1 0.309984 0.102919 2 0.308983 0.103134 1 0.309137 0.103126 2 0.308829 0.106487 2 0.308386 0.106701 2 0.310287 0.109495 1 0.309273 0.110162 2 0.310741 0.109123 1 0.310363 0.110542 2 0.309123 0.116135 2 0.308862 0.116392 2 0.309625 0.123805 2 0.309626 0.124114 2 0.309482 0.131616 2 0.309741 0.131851 2
0 0.313813 0.118114 0.008929 0.038282 0.313680 0.106159 1 0.313761 0.105547 1 0.313808 0.105498 1 0.313790 0.105718 2 0.314943 0.105547 1 0.313399 0.108750 2 0.315424 0.108655 2 0.312219 0.112422 2 0.315962 0.112748 1 0.312000 0.114329 1 0.315482 0.115209 1 0.314390 0.117573 2 0.315719 0.117580 2 0.314291 0.124811 2 0.315530 0.125081 2 0.314285 0.131988 2 0.315875 0.131779 2
0 0.639968 0.195612 0.013130 0.045752 0.641274 0.176134 1 0.641263 0.175425 1 0.641352 0.175430 1 0.640639 0.175476 2 0.642469 0.175427 2 0.639819 0.179069 2 0.643528 0.178911 2 0.639371 0.183066 2 0.644334 0.183539 2 0.640599 0.184615 1 0.642984 0.184713 2 0.639920 0.188870 2 0.642507 0.188625 2 0.640001 0.197412 2 0.642309 0.196337 2 0.640171 0.205869 2 0.642087 0.204313 2
0 0.310399 0.164332 0.006303 0.041083 0.310530 0.149601 1 0.310598 0.148746 1 0.310658 0.148739 1 0.310374 0.148674 2 0.311680 0.148581 2 0.309444 0.152549 2 0.312595 0.152873 2 0.307867 0.157660 2 0.313563 0.158484 2 0.307867 0.162079 2 0.313684 0.162981 2 0.310434 0.162995 2 0.312431 0.163325 2 0.311119 0.170258 2 0.312376 0.171074 2 0.311766 0.177704 2 0.312611 0.178710 2
0 0.316439 0.168534 0.009979 0.042017 0.310270 0.149825 1 0.310315 0.149093 1 0.310471 0.149079 1 0.310192 0.149814 2 0.311787 0.149661 2 0.309937 0.154351 2 0.312963 0.154342 2 0.310270 0.159673 1 0.313960 0.159600 2 0.311389 0.163404 1 0.313631 0.163688 2 0.310629 0.164038 2 0.312738 0.164003 2 0.310842 0.171637 2 0.312664 0.171742 2 0.311393 0.178276 2 0.312878 0.179296 2
