0 0.238183 0.749300 0.016282 0.051354 0.236588 0.732679 2 0.237115 0.731376 2 0.235782 0.731825 2 0.238190 0.731095 2 0.234855 0.732012 2 0.240486 0.735492 2 0.234267 0.736767 2 0.243927 0.741291 2 0.232217 0.743170 2 0.244954 0.747157 2 0.233698 0.747725 2 0.243011 0.748561 2 0.239369 0.749604 2 0.242717 0.760579 2 0.241574 0.761360 2 0.242903 0.771463 2 0.242643 0.771101 2
0 0.778361 0.330532 0.015756 0.044818 0.786175 0.315925 2 0.786320 0.315025 1 0.785745 0.315033 2 0.786201 0.314903 1 0.784344 0.314741 2 0.786333 0.319778 2 0.781753 0.317878 2 0.786754 0.325254 2 0.779131 0.323669 2 0.785909 0.330350 2 0.780409 0.329187 2 0.782892 0.329969 2 0.779780 0.328437 2 0.781283 0.340909 2 0.777860 0.336286 2 0.779447 0.351686 2 0.775405 0.343977 2
0 0.789916 0.330999 0.014706 0.043884 0.792077 0.315075 2 0.792622 0.314236 2 0.791671 0.314126 2 0.793185 0.313971 2 0.790800 0.313548 2 0.793815 0.318065 2 0.788954 0.317299 2 0.793830 0.324336 2 0.787032 0.323369 2 0.793499 0.330147 2 0.787174 0.329372 2 0.791341 0.331254 2 0.788166 0.330615 2 0.789070 0.340830 2 0.786582 0.339409 2 0.787315 0.349172 2 0.785453 0.347753 2
0 0.657038 0.148926 0.008403 0.045752 0.656468 0.129994 2 0.657046 0.128834 2 0.656004 0.128827 2 0.658328 0.128855 2 0.655741 0.128795 1 0.658974 0.134861 2 0.655383 0.133451 2 0.656764 0.142773 2 0.654519 0.138986 2 0.654738 0.144004 2 0.654143 0.142586 1 0.657221 0.144906 2 0.654771 0.144026 2 0.655726 0.153426 2 0.653787 0.152901 2 0.654393 0.164471 2 0.653178 0.163949 2
0 0.790704 0.198413 0.015231 0.043884 0.791703 0.183743 2 0.792000 0.182965 2 0.791207 0.183031 2 0.792214 0.182960 1 0.790183 0.183008 2 0.791249 0.187273 2 0.789319 0.187078 2 0.791352 0.192718 1 0.788623 0.193053 2 0.791564 0.193638 1 0.790378 0.195322 2 0.789904 0.197763 2 0.788269 0.197600 2 0.789011 0.205711 2 0.786968 0.205808 2 0.787021 0.213470 2 0.782155 0.212180 2
0 0.113183 0.170868 0.011029 0.048553 0.111758 0.150113 2 0.112203 0.149185 1 0.111373 0.148984 2 0.112327 0.148357 1 0.110401 0.147942 2 0.112523 0.151257 2 0.109016 0.152714 2 0.115173 0.154408 2 0.108392 0.159988 2 0.115867 0.152686 2 0.109547 0.166300 2 0.114335 0.165924 2 0.112372 0.167299 2 0.115081 0.174849 2 0.114670 0.178009 2 0.116386 0.183851 2 0.116625 0.187854 2
0 0.800158 0.186275 0.015231 0.042017 0.800249 0.174329 2 0.800814 0.173531 2 0.799799 0.173262 2 0.801250 0.173602 1 0.798655 0.172877 2 0.801066 0.176758 2 0.797312 0.176648 2 0.802746 0.179483 2 0.796057 0.182166 2 0.802466 0.180246 2 0.796960 0.184712 2 0.798188 0.184443 2 0.795967 0.184023 2 0.796904 0.192530 2 0.795350 0.191027 2 0.794353 0.200794 2 0.793178 0.199669 2
0 0.784139 0.939776 0.017857 0.042017 0.787829 0.942700 2 0.789002 0.942034 2 0.787322 0.940798 2 0.790674 0.939107 2 0.786242 0.936215 2 0.792319 0.940311 2 0.783616 0.935400 2 0.791858 0.950594 2 0.778508 0.942574 2 0.789085 0.956955 2 0.774683 0.947903 2 0.786677 0.955411 2 0.780887 0.951866 2 0.783801 0.964361 2 0.777304 0.958192 2 0.784220 0.963259 1 0.777814 0.960243 1
0 0.806723 0.907563 0.015756 0.041083 0.806578 0.882022 2 0.806882 0.880911 1 0.806032 0.880606 2 0.806016 0.880655 1 0.803961 0.880101 2 0.804621 0.885008 2 0.801718 0.884900 2 0.804955 0.891862 2 0.801317 0.893202 2 0.806798 0.889515 2 0.806780 0.890945 2 0.802151 0.900369 2 0.800177 0.900508 2 0.802768 0.911231 2 0.800742 0.911205 2 0.801506 0.922015 2 0.799885 0.922743 2
0 0.409401 0.139589 0.007878 0.027077 0.409971 0.135215 2 0.410345 0.134427 2 0.409591 0.134537 2 0.411067 0.134143 2 0.409198 0.134402 2 0.412178 0.138235 2 0.408660 0.138196 2 0.412962 0.144145 2 0.407554 0.142422 2 0.412713 0.149837 2 0.407346 0.144417 2 0.411318 0.150626 2 0.408953 0.150541 2 0.411083 0.156270 1 0.408717 0.156276 1 0.411437 0.155593 1 0.408620 0.155612 1
0 0.645483 0.149393 0.010504 0.041083 0.649110 0.134658 2 0.648880 0.133906 1 0.649056 0.133808 2 0.647260 0.133420 1 0.648054 0.133338 2 0.645654 0.136962 2 0.646279 0.136961 2 0.646237 0.142697 1 0.646494 0.143032 2 0.648850 0.142809 1 0.648903 0.143705 2 0.644075 0.148798 2 0.644290 0.149033 2 0.644731 0.158589 2 0.644475 0.159512 2 0.643736 0.167617 2 0.641822 0.168163 2
0 0.765231 0.961251 0.015756 0.034547 0.772525 0.959764 1 0.772108 0.958491 1 0.772847 0.959044 1 0.769286 0.957956 1 0.772650 0.959671 2 0.766210 0.962054 2 0.770883 0.966081 2 0.763890 0.967673 2 0.772390 0.974863 2 0.765072 0.969206 2 0.772659 0.972615 2 0.764235 0.978296 2 0.767208 0.980300 2 0.763633 0.979180 1 0.766723 0.981857 1 0.762800 0.980703 1 0.766661 0.981268 1
0 0.206145 0.713819 0.020483 0.049486 0.204171 0.690169 1 0.203569 0.689343 1 0.204055 0.689426 1 0.201784 0.689560 1 0.202723 0.690091 2 0.201952 0.695701 2 0.200892 0.697702 2 0.203053 0.700091 2 0.200674 0.707585 2 0.205285 0.700778 2 0.204808 0.705877 2 0.204448 0.710941 2 0.203273 0.712210 2 0.207660 0.720019 2 0.204631 0.719390 2 0.212736 0.729634 2 0.204671 0.727844 2
0 0.754202 0.070028 0.015756 0.042951 0.759796 0.060751 1 0.759568 0.059746 1 0.759672 0.059986 2 0.757950 0.059010 1 0.758825 0.059894 2 0.756613 0.061783 2 0.757221 0.063243 2 0.758318 0.068120 2 0.758366 0.070691 2 0.760504 0.071979 1 0.760019 0.073380 2 0.751781 0.070271 2 0.752174 0.070927 2 0.753403 0.077524 2 0.753448 0.078652 2 0.751619 0.086212 2 0.751397 0.086341 2
0 0.770746 0.211485 0.014181 0.043884 0.774032 0.196371 1 0.774207 0.195171 1 0.774253 0.195619 1 0.774944 0.195280 1 0.775472 0.195913 1 0.775169 0.202275 2 0.775579 0.201640 2 0.773416 0.213402 1 0.773682 0.211717 2 0.771995 0.225819 1 0.771242 0.221465 2 0.773431 0.213429 2 0.773306 0.212338 2 0.771218 0.221636 2 0.769063 0.219019 2 0.770183 0.228057 2 0.764843 0.223958 2
0 0.795168 0.060224 0.010504 0.045752 0.797215 0.045110 2 0.797576 0.044056 1 0.796835 0.043996 2 0.797332 0.043590 1 0.795779 0.043465 2 0.796055 0.047942 2 0.794224 0.048078 2 0.796620 0.054553 2 0.793416 0.054969 2 0.796189 0.053986 1 0.795523 0.054575 2 0.793272 0.063847 2 0.792206 0.063911 2 0.791805 0.074138 2 0.791906 0.075140 2 0.790030 0.082191 2 0.790181 0.082571 2
0 0.755515 0.118581 0.014181 0.039216 0.758142 0.112552 2 0.758575 0.111901 2 0.758168 0.111407 2 0.758883 0.112204 2 0.757858 0.111089 1 0.757944 0.115605 2 0.756296 0.114032 2 0.756735 0.122904 2 0.754962 0.121085 2 0.756314 0.128848 2 0.754062 0.128808 2 0.754325 0.116891 2 0.753177 0.116002 2 0.754754 0.123421 2 0.753065 0.122513 2 0.753913 0.130894 2 0.751864 0.130716 2
0 0.122111 0.076097 0.023634 0.049486 0.115777 0.059690 2 0.115706 0.058533 2 0.115815 0.058616 1 0.116477 0.057514 2 0.117405 0.057468 1 0.119496 0.061023 2 0.119425 0.060124 2 0.121958 0.070745 2 0.121780 0.067989 2 0.124297 0.079843 2 0.122356 0.072832 1 0.124345 0.071819 2 0.123929 0.071595 2 0.126834 0.083184 2 0.123587 0.081208 2 0.130892 0.094493 2 0.126184 0.092366 2
