0 0.126488 0.884259 0.035714 0.117725 0.124336 0.840744 1 0.123379 0.839107 1 0.124752 0.838709 1 0.118695 0.842168 2 0.126881 0.841377 2 0.117352 0.856517 2 0.128900 0.853857 2 0.113280 0.868298 2 0.131702 0.864315 2 0.114813 0.865320 1 0.129143 0.866637 1 0.122998 0.885390 2 0.131010 0.883998 2 0.124736 0.908340 2 0.134024 0.904181 2 0.125149 0.929932 2 0.138649 0.926422 2
0 0.107515 0.850529 0.026042 0.148148 0.115170 0.794927 2 0.115121 0.791694 2 0.113644 0.792294 2 0.113123 0.791390 1 0.108838 0.793043 2 0.113970 0.803000 2 0.103825 0.809783 2 0.117328 0.818667 2 0.104244 0.834915 2 0.119940 0.836142 2 0.109178 0.853258 2 0.116797 0.842673 2 0.109954 0.847129 2 0.119122 0.875755 2 0.113653 0.879997 2 0.117266 0.908964 2 0.113091 0.911556 2
0 0.132812 0.863757 0.029018 0.103175 0.122790 0.842108 1 0.122114 0.840082 1 0.123424 0.839678 1 0.118332 0.842769 2 0.126789 0.841436 2 0.117534 0.857759 2 0.128571 0.853261 2 0.114826 0.876659 2 0.133255 0.863947 2 0.116133 0.890017 1 0.129935 0.869927 1 0.123636 0.884160 2 0.131368 0.882592 2 0.125347 0.906764 2 0.133094 0.903080 2 0.125443 0.927797 2 0.137908 0.923339 2
0 0.260789 0.628968 0.017113 0.072751 0.267700 0.604114 1 0.266841 0.602204 1 0.267433 0.602535 1 0.262361 0.602214 1 0.265875 0.603252 2 0.260362 0.610339 2 0.266193 0.612144 2 0.259852 0.618281 1 0.267956 0.622113 2 0.262487 0.623239 1 0.267488 0.626338 2 0.260308 0.629800 2 0.264827 0.630438 2 0.260940 0.641934 2 0.267843 0.640571 2 0.257627 0.653757 2 0.268055 0.654348 2
0 0.251116 0.838624 0.051339 0.100529 0.261319 0.787843 2 0.262781 0.784023 2 0.259810 0.783748 2 0.267433 0.781409 2 0.261429 0.780396 1 0.267624 0.795278 2 0.268922 0.789610 2 0.254312 0.807251 2 0.257357 0.799700 2 0.244538 0.813850 2 0.246665 0.811411 2 0.274581 0.837760 2 0.276091 0.832427 2 0.253151 0.817673 2 0.259453 0.804253 2 0.254138 0.855033 2 0.260140 0.838763 2
0 0.472470 0.461640 0.017857 0.095238 0.470154 0.415417 1 0.469930 0.413502 1 0.470634 0.413283 1 0.468138 0.415462 2 0.473478 0.414743 2 0.467592 0.428054 2 0.476197 0.428032 2 0.467701 0.443915 2 0.479117 0.442627 2 0.466508 0.456708 2 0.478409 0.454002 2 0.469703 0.454834 2 0.475531 0.455018 2 0.469931 0.474315 2 0.474654 0.476817 2 0.469866 0.490604 2 0.473735 0.497106 2
0 0.269345 0.722884 0.035714 0.064815 0.267592 0.704907 2 0.268282 0.703006 2 0.267431 0.703363 2 0.271880 0.702489 2 0.270848 0.703013 1 0.273083 0.708710 2 0.275466 0.708588 2 0.266923 0.714524 2 0.267944 0.713141 2 0.262458 0.715941 2 0.261909 0.716415 2 0.281051 0.733608 2 0.282928 0.732766 2 0.268029 0.720880 2 0.273398 0.720082 2 0.274888 0.741642 2 0.278609 0.740241 2
0 0.276414 0.693783 0.027530 0.059524 0.267195 0.704513 2 0.268141 0.701751 2 0.267338 0.703049 1 0.273312 0.702293 2 0.272986 0.704497 1 0.273411 0.710560 2 0.281470 0.715698 2 0.264692 0.717831 2 0.283091 0.728949 2 0.262724 0.716620 2 0.276694 0.726611 1 0.272503 0.733652 2 0.277403 0.734172 2 0.262791 0.726139 1 0.266064 0.726489 1 0.263233 0.731345 1 0.264441 0.735388 1
0 0.290923 0.677910 0.035714 0.070106 0.267701 0.705509 2 0.268521 0.702539 2 0.267250 0.702784 1 0.271244 0.701889 2 0.270441 0.701538 1 0.271201 0.714501 2 0.278570 0.710718 2 0.268550 0.724582 1 0.278893 0.715820 1 0.268565 0.715500 1 0.270775 0.714261 1 0.278810 0.726190 1 0.283701 0.726190 1 0.271193 0.722856 1 0.275153 0.718744 1 0.274248 0.726190 1 0.276733 0.723781 1
0 0.419271 0.425926 0.020089 0.087302 0.423760 0.389561 1 0.423408 0.387748 1 0.423789 0.388217 1 0.419805 0.387856 2 0.424521 0.389119 2 0.416368 0.396671 2 0.424803 0.398420 2 0.414002 0.409069 2 0.425646 0.411678 2 0.413467 0.419282 2 0.425360 0.416974 1 0.415476 0.421273 2 0.421887 0.422282 2 0.415894 0.439945 2 0.426407 0.440449 2 0.415168 0.457782 2 0.427657 0.456458 2
0 0.434896 0.412037 0.018601 0.083333 0.435292 0.382039 1 0.434877 0.380547 1 0.435392 0.380412 1 0.432319 0.381834 2 0.436498 0.381689 2 0.430728 0.392117 2 0.438807 0.391904 2 0.429467 0.404034 2 0.440833 0.404115 2 0.431449 0.411805 2 0.438755 0.412027 2 0.432502 0.416020 2 0.437730 0.415730 2 0.434652 0.433877 2 0.436467 0.432715 2 0.436478 0.450020 2 0.435766 0.450196 2
0 0.476190 0.394180 0.019345 0.071429 0.476304 0.371116 2 0.477285 0.369354 2 0.475421 0.369407 2 0.478550 0.368367 2 0.473861 0.368349 2 0.480204 0.376502 2 0.471412 0.375660 2 0.481980 0.389171 2 0.468835 0.386610 2 0.481792 0.400307 2 0.468450 0.399563 2 0.477518 0.402547 2 0.471698 0.402041 2 0.477745 0.420207 2 0.471517 0.419051 2 0.477706 0.434952 2 0.471468 0.433460 2
0 0.485491 0.386243 0.017113 0.079365 0.476046 0.371441 2 0.476961 0.369507 2 0.475189 0.369650 2 0.478471 0.368465 2 0.474084 0.368762 1 0.480088 0.376492 2 0.473958 0.376066 1 0.481786 0.388218 2 0.473958 0.387102 1 0.481162 0.397927 2 0.474296 0.397432 1 0.477591 0.400888 2 0.473958 0.400436 1 0.477605 0.418342 2 0.473958 0.417028 1 0.477704 0.429427 2 0.474258 0.427824 1
0 0.534598 0.395503 0.020089 0.084656 0.536180 0.363656 2 0.537140 0.362335 2 0.535536 0.362235 2 0.539006 0.362645 2 0.535008 0.362566 1 0.541530 0.370149 2 0.533034 0.370235 2 0.544212 0.377876 2 0.530060 0.378992 2 0.543885 0.385542 2 0.528989 0.387829 2 0.539664 0.391879 2 0.534473 0.391663 2 0.538570 0.405922 2 0.535444 0.404957 2 0.537533 0.417406 2 0.536615 0.416063 2
0 0.434524 0.255291 0.011905 0.047619 0.435106 0.240766 2 0.435505 0.239728 2 0.434608 0.239906 1 0.436366 0.239185 2 0.434324 0.239642 1 0.437840 0.243325 2 0.434334 0.243625 2 0.439696 0.249791 2 0.433175 0.249675 2 0.439072 0.255334 2 0.433580 0.254803 2 0.437497 0.256539 2 0.435497 0.256598 2 0.436995 0.265457 2 0.436259 0.265569 2 0.437343 0.272672 2 0.437223 0.272647 2
0 0.322545 0.601190 0.024554 0.109788 0.322919 0.563650 2 0.324265 0.560955 2 0.321403 0.561623 2 0.326844 0.560351 2 0.319731 0.561844 2 0.330518 0.571252 2 0.318605 0.571091 2 0.333547 0.586478 2 0.316508 0.584100 2 0.329961 0.600508 2 0.316427 0.596874 2 0.328899 0.602738 2 0.321304 0.602317 2 0.328485 0.623453 2 0.322805 0.621359 2 0.328532 0.643798 2 0.325619 0.639063 2
0 0.305060 0.607804 0.014881 0.078042 0.301134 0.584411 2 0.302175 0.582570 2 0.300665 0.582635 2 0.305285 0.582247 2 0.301400 0.582358 1 0.308443 0.589615 2 0.301225 0.590721 2 0.312772 0.597471 2 0.299862 0.600179 2 0.310215 0.599048 2 0.302492 0.601371 2 0.309607 0.614590 2 0.305060 0.615292 2 0.309634 0.631570 2 0.306435 0.632627 2 0.310144 0.649112 2 0.307421 0.649562 2
0 0.297991 0.533730 0.020089 0.088624 0.296636 0.503562 1 0.296553 0.502031 1 0.296946 0.501814 1 0.295248 0.503516 2 0.299798 0.502714 2 0.294410 0.514712 2 0.302151 0.512367 2 0.291669 0.525872 2 0.303950 0.524728 2 0.290574 0.533237 2 0.301097 0.536027 2 0.297070 0.536388 2 0.302513 0.534871 2 0.298125 0.555076 2 0.303879 0.549819 2 0.298455 0.573210 2 0.305370 0.566562 2
0 0.227307 0.690476 0.023065 0.092593 0.224271 0.651866 1 0.224633 0.650795 1 0.225188 0.650518 1 0.225537 0.653957 2 0.230202 0.652724 1 0.224686 0.664917 2 0.232429 0.661916 2 0.224100 0.674711 2 0.235662 0.669449 2 0.230694 0.674624 1 0.237898 0.676900 2 0.229371 0.687433 2 0.234722 0.686407 2 0.230697 0.702416 2 0.236413 0.701104 2 0.230698 0.722511 2 0.237908 0.719730 2
0 0.237351 0.625661 0.023810 0.087302 0.236193 0.595128 2 0.237095 0.593326 2 0.235106 0.593784 2 0.238691 0.593055 2 0.233667 0.594104 2 0.241134 0.601743 2 0.232645 0.601795 2 0.243885 0.610755 2 0.230021 0.606256 1 0.244335 0.618838 2 0.230584 0.606949 1 0.242135 0.621556 2 0.236510 0.622183 2 0.243716 0.635272 2 0.238219 0.636893 2 0.247042 0.649517 2 0.239491 0.650361 2
0 0.254092 0.554233 0.024554 0.076720 0.247550 0.533801 2 0.247457 0.532310 2 0.247450 0.530622 1 0.248503 0.528981 2 0.250986 0.524645 1 0.249763 0.535306 2 0.256388 0.525785 2 0.252463 0.550470 2 0.259599 0.532020 1 0.254245 0.549561 2 0.254420 0.538294 1 0.258821 0.550633 2 0.264015 0.546800 2 0.257507 0.570032 2 0.264499 0.566707 2 0.257895 0.592254 2 0.265469 0.587521 2
0 0.273065 0.528439 0.022321 0.101852 0.269235 0.494476 2 0.269486 0.491889 2 0.268368 0.492716 2 0.272114 0.488935 2 0.269215 0.491282 1 0.276738 0.497316 2 0.272225 0.498270 2 0.279054 0.512936 2 0.273327 0.511609 1 0.278443 0.527494 2 0.273201 0.524613 2 0.277577 0.521709 2 0.274881 0.521859 2 0.278840 0.542851 2 0.277156 0.543106 2 0.279805 0.565582 2 0.279249 0.563889 2
