0 0.464658 0.953042 0.081101 0.088624 0.437365 0.936221 2 0.439022 0.928342 2 0.433697 0.931990 2 0.443658 0.924571 2 0.431170 0.933612 2 0.455682 0.939644 2 0.432376 0.949447 2 0.464272 0.966359 2 0.431204 0.982394 2 0.474081 0.985251 2 0.434773 0.990225 2 0.457915 0.989810 2 0.440763 0.993419 2 0.473173 0.995964 2 0.425456 0.995105 2 0.468642 1.000000 2 0.437177 1.000000 1
0 0.101190 0.769841 0.058036 0.164021 0.101825 0.707376 2 0.104272 0.704263 2 0.100425 0.704212 2 0.108877 0.706508 2 0.098711 0.706920 2 0.113095 0.723600 2 0.096338 0.725102 2 0.117225 0.737670 2 0.087015 0.738302 2 0.112177 0.747387 2 0.079940 0.750196 2 0.112753 0.769495 2 0.100788 0.770274 2 0.118638 0.800553 2 0.097746 0.802010 2 0.125439 0.828197 2 0.099850 0.830564 2
0 0.492932 0.684524 0.039435 0.146825 0.482340 0.629883 2 0.483159 0.626687 2 0.482064 0.628017 2 0.487698 0.625338 2 0.484280 0.628605 1 0.497241 0.636447 2 0.484487 0.641020 2 0.504593 0.650316 2 0.484293 0.661076 2 0.506718 0.662985 2 0.483918 0.669657 2 0.496795 0.680011 2 0.486633 0.680549 2 0.501331 0.712858 2 0.480464 0.709138 2 0.504714 0.747091 2 0.477671 0.742459 2
0 0.482887 0.688492 0.032738 0.128307 0.482589 0.629614 2 0.483572 0.626253 2 0.482206 0.627682 2 0.488128 0.625250 2 0.484047 0.628733 1 0.498467 0.636784 2 0.484440 0.641911 2 0.505208 0.652021 2 0.485604 0.659379 2 0.503506 0.668069 2 0.484896 0.671414 2 0.497692 0.680452 2 0.486719 0.681285 2 0.502289 0.710348 2 0.479712 0.709989 2 0.502954 0.740931 2 0.477642 0.743654 2
0 0.429688 0.535714 0.021577 0.097884 0.432067 0.500678 1 0.431402 0.498750 1 0.432059 0.498868 1 0.427372 0.499452 2 0.432330 0.499920 2 0.424875 0.510343 2 0.433739 0.510828 2 0.423202 0.523212 2 0.435875 0.522998 2 0.422568 0.533165 2 0.436440 0.528673 2 0.426344 0.532966 2 0.432611 0.533237 2 0.425803 0.551791 2 0.433292 0.551508 2 0.424773 0.569805 2 0.432587 0.569697 2
0 0.473958 0.568783 0.020833 0.105820 0.477449 0.531849 1 0.476642 0.529759 1 0.477322 0.529887 1 0.471791 0.530942 2 0.477053 0.531726 2 0.468718 0.543213 2 0.478645 0.544366 2 0.466833 0.558969 2 0.480789 0.557032 2 0.466889 0.569543 2 0.478905 0.553421 2 0.470067 0.573551 2 0.476684 0.574323 2 0.471377 0.595158 2 0.476300 0.596275 2 0.472575 0.613392 2 0.475181 0.615279 2
0 0.451265 0.537037 0.026042 0.097884 0.445841 0.500062 1 0.445812 0.498254 1 0.446313 0.497935 1 0.445727 0.498709 2 0.450711 0.497401 2 0.445021 0.509236 2 0.455072 0.506407 2 0.443923 0.523547 2 0.458798 0.519937 2 0.445509 0.530284 2 0.460438 0.530406 2 0.449376 0.535545 2 0.456002 0.534167 2 0.450349 0.556737 2 0.455914 0.553487 2 0.451708 0.575934 2 0.455698 0.572412 2
0 0.491443 0.544974 0.015625 0.076720 0.493007 0.515770 1 0.492562 0.514251 1 0.493102 0.514389 1 0.489715 0.515083 2 0.493824 0.515414 2 0.488324 0.523720 2 0.495595 0.524204 2 0.486622 0.534046 2 0.496713 0.533471 2 0.486230 0.543331 2 0.495219 0.538361 2 0.489447 0.544332 2 0.494510 0.544526 2 0.488864 0.558535 2 0.494100 0.558706 2 0.488629 0.571602 2 0.493956 0.573559 2
0 0.500372 0.525794 0.017113 0.088624 0.493961 0.516013 1 0.493199 0.514607 1 0.493892 0.514643 1 0.489764 0.515497 1 0.493825 0.515933 2 0.488839 0.523847 2 0.495232 0.524357 2 0.488839 0.533618 1 0.496675 0.533065 2 0.488996 0.539442 1 0.496140 0.536096 1 0.489249 0.544256 2 0.494057 0.544374 2 0.489448 0.559129 2 0.494429 0.559471 2 0.489003 0.571884 2 0.493877 0.574467 2
0 0.461682 0.498677 0.015625 0.082011 0.452154 0.496531 1 0.451949 0.494949 1 0.452118 0.494848 1 0.450893 0.496236 1 0.453367 0.495867 2 0.450893 0.506624 1 0.455614 0.506129 2 0.453884 0.519747 1 0.459027 0.519510 2 0.458549 0.528919 1 0.461262 0.528914 2 0.451469 0.534253 2 0.455413 0.533994 2 0.451292 0.553273 1 0.456301 0.552508 2 0.451487 0.555080 1 0.456591 0.555080 1
0 0.449033 0.492725 0.015625 0.083333 0.446037 0.500075 1 0.445992 0.498634 1 0.446692 0.498197 1 0.445687 0.499213 2 0.451021 0.497709 2 0.445151 0.508834 2 0.455386 0.505859 2 0.443745 0.522005 2 0.458466 0.517865 2 0.445267 0.525193 1 0.458905 0.527904 1 0.449356 0.536078 2 0.456216 0.534478 2 0.449491 0.550265 1 0.456706 0.549065 1 0.450504 0.550265 1 0.455956 0.550265 1
0 0.391741 0.440476 0.017113 0.063492 0.392383 0.419205 1 0.392350 0.418036 1 0.392497 0.418031 1 0.391270 0.418253 2 0.394144 0.417950 2 0.390093 0.424894 2 0.395262 0.422596 2 0.388846 0.433280 2 0.398290 0.425816 2 0.390021 0.439276 2 0.396487 0.436106 2 0.390534 0.440994 2 0.394289 0.440106 2 0.389550 0.451823 2 0.395477 0.452320 2 0.387907 0.463860 2 0.396766 0.463670 2
0 0.573289 0.437831 0.012649 0.044974 0.576001 0.424025 2 0.575784 0.423154 1 0.575777 0.423222 2 0.574699 0.423096 1 0.574683 0.423298 2 0.574828 0.426513 2 0.573377 0.427350 2 0.577194 0.429941 2 0.574816 0.432340 2 0.578521 0.431995 2 0.577640 0.433009 2 0.574344 0.438036 2 0.573431 0.438522 2 0.574857 0.446568 2 0.574558 0.446906 2 0.572294 0.454590 2 0.572907 0.454621 2
0 0.533482 0.455688 0.010417 0.038360 0.529686 0.445854 2 0.529784 0.445012 2 0.529478 0.445157 1 0.530527 0.444078 2 0.530091 0.444379 1 0.532081 0.446101 2 0.531736 0.446218 2 0.532281 0.451502 2 0.532376 0.451622 2 0.530401 0.453242 2 0.530476 0.453207 2 0.534754 0.455528 2 0.534406 0.455392 2 0.534018 0.464716 2 0.533305 0.463767 2 0.534448 0.472980 2 0.533774 0.471607 2
