0 0.588728 0.699735 0.007812 0.039683 0.588668 0.682449 1 0.588728 0.681672 1 0.588890 0.681720 1 0.588865 0.682115 2 0.590672 0.681994 2 0.588823 0.686568 2 0.591936 0.686487 2 0.588148 0.692937 2 0.592354 0.692295 2 0.586921 0.697591 2 0.590878 0.696054 1 0.589071 0.698507 2 0.591228 0.698444 2 0.588450 0.706594 2 0.590755 0.707396 2 0.587928 0.714569 2 0.590299 0.715941 2
0 0.034226 0.859458 0.012649 0.046958 0.036331 0.840361 2 0.036881 0.839498 2 0.035824 0.839026 2 0.037082 0.840345 1 0.034481 0.839262 2 0.036312 0.845707 2 0.032208 0.845761 2 0.036460 0.851777 2 0.031572 0.854188 2 0.037944 0.850174 2 0.035834 0.851969 2 0.036728 0.860484 2 0.033732 0.861097 2 0.038601 0.870518 2 0.034179 0.871654 2 0.038591 0.880229 2 0.034331 0.881649 2
0 0.168899 0.718585 0.010417 0.036376 0.166469 0.707709 2 0.166817 0.706830 2 0.166288 0.706993 1 0.167730 0.706960 2 0.166697 0.707299 1 0.168989 0.710901 2 0.168023 0.712010 2 0.171924 0.714852 2 0.169456 0.717419 2 0.172029 0.720668 2 0.169263 0.721685 1 0.169664 0.722494 2 0.169056 0.722740 2 0.169139 0.730093 2 0.168492 0.730084 2 0.170525 0.737976 2 0.169142 0.738362 2
0 0.204241 0.773810 0.007440 0.038360 0.203987 0.760805 2 0.204438 0.759720 2 0.203431 0.759858 2 0.205272 0.760811 2 0.202796 0.761147 2 0.207076 0.766841 2 0.201863 0.767146 2 0.208767 0.773342 2 0.200250 0.772913 2 0.207869 0.777074 2 0.199770 0.776507 2 0.206377 0.779585 2 0.202756 0.779631 2 0.207673 0.785484 2 0.200827 0.785990 2 0.206922 0.795409 2 0.201169 0.796165 2
0 0.169271 0.891534 0.014881 0.044974 0.169687 0.874756 2 0.170208 0.874046 2 0.169634 0.873807 1 0.171563 0.874182 2 0.169991 0.873531 1 0.173817 0.878495 2 0.169408 0.876853 2 0.174001 0.883864 2 0.166306 0.882416 2 0.172114 0.888485 2 0.163432 0.886971 2 0.173383 0.891409 2 0.170229 0.889751 2 0.172410 0.900858 2 0.167565 0.895269 2 0.173791 0.910448 2 0.168017 0.904755 2
0 0.126488 0.939815 0.011905 0.044974 0.128176 0.924982 2 0.128684 0.923779 2 0.127693 0.923884 2 0.129387 0.923716 2 0.127096 0.923853 2 0.130674 0.928634 2 0.126041 0.928656 2 0.130468 0.934836 2 0.123276 0.935516 2 0.128601 0.935869 2 0.121340 0.941814 2 0.131015 0.944837 2 0.127634 0.944573 2 0.130682 0.954256 2 0.124611 0.953866 2 0.129514 0.966029 2 0.123899 0.966236 2
0 0.254650 0.657407 0.007068 0.034392 0.254406 0.647891 2 0.254751 0.647314 2 0.254144 0.647266 2 0.255334 0.647738 2 0.253834 0.647626 2 0.256201 0.651346 2 0.253057 0.651340 2 0.257578 0.655532 2 0.251960 0.655581 2 0.258292 0.659314 2 0.252260 0.659900 2 0.256068 0.659957 2 0.253936 0.660102 2 0.256774 0.666447 2 0.254130 0.666618 2 0.257608 0.673000 2 0.254436 0.673143 2
0 0.417597 0.650794 0.008557 0.031746 0.419162 0.640498 2 0.418897 0.639757 1 0.419074 0.639776 2 0.417369 0.639749 1 0.418444 0.639965 2 0.416048 0.643025 2 0.417929 0.643772 2 0.417831 0.646725 2 0.419856 0.648444 2 0.420440 0.647167 1 0.421438 0.649244 2 0.416077 0.653245 2 0.417338 0.653955 2 0.418700 0.659079 2 0.419877 0.660298 2 0.418024 0.666804 2 0.418756 0.667491 2
0 0.234375 0.653439 0.009673 0.031746 0.236117 0.643329 2 0.236053 0.642693 2 0.235751 0.642700 2 0.235378 0.643113 1 0.234873 0.643229 2 0.234134 0.646706 2 0.235360 0.646916 2 0.235807 0.650704 1 0.237256 0.651062 2 0.239226 0.651789 1 0.239484 0.651729 2 0.234472 0.655648 2 0.235281 0.656229 2 0.238453 0.655690 2 0.239208 0.656629 2 0.238325 0.664009 2 0.238395 0.664603 2
0 0.461124 0.638558 0.008557 0.025794 0.462349 0.629569 2 0.462059 0.629034 1 0.462210 0.628982 2 0.460698 0.629484 1 0.461375 0.629561 2 0.459653 0.632573 2 0.460783 0.632671 2 0.461571 0.637313 2 0.463035 0.636288 2 0.464176 0.637876 2 0.464953 0.637240 2 0.459604 0.641398 2 0.460280 0.642153 2 0.464456 0.641572 2 0.464680 0.643495 2 0.465177 0.649755 2 0.465256 0.651523 2
0 0.467262 0.691799 0.008185 0.038360 0.469720 0.676405 2 0.469861 0.675681 2 0.469445 0.675743 2 0.469804 0.675708 1 0.468863 0.675841 2 0.468997 0.680065 2 0.468143 0.680281 2 0.469043 0.685735 2 0.467904 0.686239 2 0.469894 0.690410 2 0.469217 0.690427 2 0.468802 0.690332 2 0.467864 0.690607 2 0.470055 0.698180 2 0.467048 0.698821 2 0.469650 0.705022 2 0.463410 0.704397 2
0 0.328497 0.508929 0.003720 0.020503 0.329334 0.499807 2 0.329431 0.499354 1 0.329146 0.499335 2 0.329397 0.499318 1 0.328662 0.499276 2 0.329661 0.501619 2 0.328046 0.501716 2 0.330217 0.504719 2 0.327707 0.505014 2 0.330068 0.507506 2 0.328112 0.508014 2 0.329742 0.507696 2 0.328658 0.507864 2 0.330239 0.511941 2 0.328934 0.512284 2 0.330411 0.516064 2 0.329065 0.516503 2
0 0.554315 0.729497 0.007440 0.038360 0.555231 0.720390 2 0.555653 0.719595 2 0.554805 0.719622 2 0.556357 0.719932 2 0.554271 0.719995 2 0.557539 0.724515 2 0.553673 0.724514 2 0.558525 0.730150 2 0.552845 0.729978 2 0.558133 0.735182 2 0.553026 0.733236 2 0.556710 0.735939 2 0.554076 0.735805 2 0.556863 0.744734 2 0.553974 0.744059 2 0.557141 0.752081 2 0.553956 0.751523 2
0 0.543341 0.708995 0.007068 0.043651 0.541137 0.691680 1 0.541362 0.690800 1 0.541075 0.691021 1 0.541993 0.691453 2 0.541608 0.691871 1 0.543357 0.696535 2 0.541332 0.696429 2 0.543763 0.703178 2 0.540984 0.702386 2 0.542427 0.701913 2 0.540943 0.701577 2 0.543178 0.708780 2 0.541700 0.708583 2 0.543342 0.718952 2 0.541480 0.718420 2 0.544114 0.728469 2 0.542438 0.727278 2
0 0.641555 0.702050 0.008557 0.032407 0.643151 0.687628 2 0.642939 0.687160 1 0.642945 0.687268 2 0.642217 0.687299 1 0.642056 0.687531 2 0.641724 0.691101 2 0.641262 0.691290 2 0.643010 0.695490 2 0.642097 0.696629 2 0.643853 0.696120 2 0.644023 0.695835 2 0.642138 0.701647 2 0.641341 0.701792 2 0.643294 0.709036 2 0.641138 0.708520 2 0.643922 0.715575 2 0.637574 0.713192 2
0 0.576079 0.688823 0.006324 0.035053 0.577336 0.685325 1 0.577372 0.684614 1 0.577583 0.684659 1 0.576880 0.685084 2 0.578804 0.685173 2 0.575762 0.689307 2 0.579279 0.689566 2 0.574714 0.694304 2 0.579744 0.694918 2 0.575071 0.697593 2 0.579489 0.698415 2 0.576144 0.699334 2 0.578528 0.699428 2 0.576093 0.706742 2 0.578168 0.707096 2 0.576220 0.712932 2 0.577773 0.712923 2
0 0.580357 0.682870 0.007440 0.036376 0.576867 0.685179 1 0.576942 0.684461 1 0.577206 0.684615 1 0.576644 0.685020 2 0.578632 0.685276 2 0.575591 0.689305 2 0.579311 0.689975 2 0.575149 0.694218 1 0.580010 0.695284 2 0.575281 0.697998 1 0.580083 0.699440 2 0.575914 0.699334 2 0.578462 0.699627 2 0.575310 0.705419 1 0.578041 0.706338 2 0.575455 0.707376 1 0.577698 0.708321 1
0 0.731027 0.530754 0.005952 0.024471 0.732566 0.522882 1 0.732652 0.522452 1 0.732714 0.522500 1 0.732875 0.522722 2 0.733598 0.522735 1 0.732765 0.524928 2 0.733987 0.525043 2 0.731804 0.527062 2 0.734183 0.527681 2 0.730776 0.527596 2 0.733568 0.528794 1 0.732441 0.530720 2 0.733234 0.530641 2 0.731708 0.534988 2 0.732581 0.534987 2 0.731436 0.539630 2 0.732614 0.539537 2
0 0.505394 0.696098 0.006324 0.036376 0.508568 0.688420 1 0.508260 0.687480 1 0.508401 0.687566 2 0.506178 0.687456 1 0.507666 0.687715 2 0.504570 0.691940 2 0.508197 0.692307 2 0.503572 0.698252 2 0.508766 0.698592 2 0.504112 0.702523 2 0.508610 0.703743 2 0.505040 0.703304 2 0.507652 0.703631 2 0.505015 0.710992 2 0.508422 0.711231 2 0.504295 0.717816 2 0.508023 0.718960 2
0 0.522507 0.683532 0.007068 0.032407 0.527087 0.661376 1 0.527099 0.661376 1 0.526991 0.661376 1 0.526777 0.661376 1 0.526731 0.661376 1 0.526555 0.663402 1 0.525971 0.663614 2 0.526032 0.668327 1 0.525171 0.668481 2 0.526565 0.672745 1 0.526105 0.672914 2 0.526849 0.673166 1 0.526475 0.673412 2 0.526894 0.680783 1 0.526569 0.681187 2 0.526629 0.687883 1 0.526524 0.688007 2
0 0.534226 0.700728 0.008185 0.037698 0.536455 0.690495 2 0.536515 0.689831 1 0.536445 0.689686 2 0.535825 0.688994 1 0.535755 0.688616 2 0.534491 0.691967 2 0.534690 0.692176 2 0.535937 0.695411 2 0.536823 0.696454 2 0.538456 0.694642 1 0.538897 0.695383 2 0.534425 0.703524 2 0.533997 0.703836 2 0.535848 0.710542 2 0.533177 0.711272 2 0.537146 0.717876 2 0.530517 0.718087 2
0 0.294829 0.685185 0.007068 0.031746 0.292132 0.679395 1 0.292252 0.678701 2 0.292416 0.678557 1 0.292930 0.678928 2 0.294155 0.678365 1 0.293623 0.683100 2 0.295550 0.681872 2 0.292704 0.689795 2 0.293896 0.687436 2 0.290568 0.691594 2 0.290820 0.689180 1 0.295152 0.693450 2 0.296446 0.692458 2 0.290827 0.697098 2 0.292288 0.695479 2 0.293935 0.704162 2 0.294760 0.702627 2
0 0.579799 0.612434 0.007068 0.026455 0.581890 0.608450 1 0.581618 0.607776 1 0.581890 0.607935 1 0.580102 0.607481 2 0.581693 0.607943 2 0.579093 0.610070 2 0.581958 0.610836 2 0.578065 0.614108 2 0.583020 0.614857 2 0.577732 0.617988 2 0.582536 0.617829 2 0.579330 0.618732 2 0.581231 0.619193 2 0.579713 0.622640 1 0.581848 0.623004 1 0.579486 0.625167 1 0.581682 0.625388 1
0 0.245536 0.667659 0.008929 0.035053 0.245949 0.657161 2 0.245796 0.656520 1 0.245688 0.656576 2 0.245077 0.656905 1 0.245005 0.657134 2 0.245084 0.659622 2 0.244507 0.660296 2 0.246344 0.664006 1 0.246011 0.664333 2 0.247957 0.664644 1 0.247519 0.664843 2 0.245267 0.668846 2 0.244739 0.669706 2 0.248887 0.671466 2 0.247515 0.673795 2 0.247535 0.678664 2 0.247088 0.681639 2
0 0.653460 0.621362 0.007068 0.025794 0.654235 0.610260 1 0.654049 0.609608 1 0.654268 0.609690 1 0.652745 0.609822 2 0.654432 0.610141 2 0.651823 0.613188 2 0.654681 0.613842 2 0.651138 0.616773 1 0.655499 0.617925 2 0.651032 0.618281 1 0.655191 0.618918 2 0.651503 0.621433 2 0.653501 0.621807 2 0.652594 0.623962 2 0.655099 0.623973 2 0.652160 0.626735 1 0.654630 0.626837 1
0 0.626674 0.614749 0.007068 0.025794 0.628265 0.605408 2 0.628030 0.604753 1 0.628148 0.604830 2 0.626767 0.604618 1 0.627404 0.604839 2 0.625465 0.607115 2 0.627191 0.607657 2 0.627241 0.610394 2 0.629046 0.611221 2 0.629783 0.612165 1 0.630903 0.612805 2 0.624972 0.615093 2 0.626168 0.615717 2 0.627469 0.616773 2 0.629341 0.617907 2 0.625567 0.622385 2 0.627129 0.623323 2
0 0.592262 0.613095 0.006696 0.031746 0.593768 0.604077 2 0.593556 0.603414 1 0.593809 0.603478 2 0.592371 0.602690 1 0.593301 0.602915 2 0.591337 0.604360 2 0.592161 0.604990 2 0.592870 0.607854 1 0.593855 0.608783 2 0.594798 0.608249 1 0.595768 0.608147 2 0.591267 0.612211 2 0.591781 0.612996 2 0.594588 0.614403 2 0.595346 0.615708 2 0.593754 0.621531 2 0.594518 0.621989 2
0 0.724702 0.593915 0.007440 0.023810 0.729275 0.583185 1 0.729106 0.582665 1 0.729148 0.582707 1 0.728140 0.583269 1 0.728846 0.583569 2 0.727141 0.586731 2 0.728421 0.587194 2 0.727541 0.591421 1 0.728839 0.592401 2 0.729199 0.593612 1 0.729911 0.594482 2 0.725851 0.594666 2 0.726650 0.595112 2 0.728811 0.598223 2 0.729478 0.599045 2 0.727722 0.604942 2 0.727867 0.605382 2
0 0.495350 0.639220 0.010789 0.032407 0.496262 0.626527 2 0.495966 0.625996 1 0.496047 0.626037 2 0.494624 0.626679 1 0.495230 0.626809 2 0.494399 0.630212 2 0.495167 0.630497 2 0.496404 0.634296 2 0.497643 0.634294 2 0.498367 0.636759 2 0.499167 0.636534 2 0.493945 0.639541 2 0.494461 0.640024 2 0.497000 0.641690 2 0.498149 0.642621 2 0.495383 0.646911 2 0.496848 0.648831 2
0 0.624442 0.852844 0.013765 0.037698 0.622046 0.842216 1 0.622047 0.841188 1 0.622575 0.841155 1 0.622738 0.841077 2 0.625650 0.840757 2 0.622165 0.846261 2 0.627063 0.845358 2 0.619525 0.852858 2 0.628350 0.852392 2 0.618404 0.853023 2 0.627697 0.858691 2 0.622536 0.859418 2 0.625740 0.858798 2 0.621702 0.866907 2 0.624520 0.866926 2 0.621285 0.872736 2 0.624515 0.871871 2
0 0.602865 0.717262 0.010045 0.039021 0.603251 0.700083 1 0.603427 0.699275 1 0.603703 0.699273 1 0.603826 0.700257 2 0.605827 0.700047 2 0.603399 0.705817 2 0.606990 0.705630 2 0.602603 0.710978 2 0.607967 0.711905 2 0.602816 0.707853 2 0.607518 0.716342 2 0.603879 0.716968 2 0.606179 0.716773 2 0.603666 0.724265 2 0.605154 0.724808 2 0.604553 0.732151 2 0.605381 0.733330 2
0 0.603609 0.701389 0.009301 0.040344 0.603563 0.701010 1 0.603747 0.700319 1 0.604053 0.700368 1 0.604049 0.701454 2 0.606152 0.701268 2 0.603727 0.706491 2 0.606955 0.706161 2 0.602931 0.711633 2 0.607979 0.712113 2 0.603347 0.710478 2 0.607483 0.716616 2 0.604042 0.716945 2 0.606164 0.716668 2 0.603698 0.724313 2 0.605395 0.724087 2 0.604213 0.729182 1 0.605792 0.729228 1
0 0.182664 0.662698 0.011161 0.033069 0.184120 0.647994 2 0.183969 0.647383 1 0.183873 0.647310 2 0.183046 0.647784 1 0.182676 0.647666 2 0.182362 0.651224 2 0.181601 0.651179 2 0.183314 0.655963 2 0.182665 0.656120 2 0.185418 0.658090 2 0.185299 0.658235 2 0.181924 0.660699 2 0.181345 0.661044 2 0.184027 0.665817 2 0.183674 0.666315 2 0.182933 0.673200 2 0.182848 0.673725 2
0 0.647507 0.829696 0.013021 0.054894 0.647081 0.806917 1 0.647166 0.805775 1 0.647448 0.805892 1 0.646579 0.806284 2 0.649347 0.806319 2 0.645043 0.812643 2 0.650759 0.812711 2 0.643669 0.819152 2 0.652224 0.821075 2 0.645648 0.821156 2 0.652206 0.828600 2 0.646212 0.828326 2 0.649780 0.828276 2 0.647002 0.839553 2 0.648252 0.838973 2 0.648212 0.848974 2 0.647642 0.848098 2
0 0.814918 0.959656 0.014509 0.058201 0.816842 0.940096 1 0.816910 0.938970 1 0.817133 0.939158 1 0.815654 0.939633 2 0.819078 0.939959 2 0.813324 0.945141 2 0.820473 0.946496 2 0.811058 0.949556 2 0.823191 0.948704 2 0.813436 0.949089 1 0.820200 0.947452 1 0.813562 0.962710 2 0.818427 0.963774 2 0.811590 0.967839 2 0.816985 0.972943 2 0.810327 0.978448 2 0.816306 0.984750 2
0 0.967448 0.872354 0.010789 0.046296 0.972245 0.852523 2 0.972375 0.851407 2 0.971596 0.851302 2 0.971879 0.851952 1 0.969523 0.851753 2 0.972079 0.858221 2 0.967551 0.858223 2 0.973149 0.865159 2 0.967750 0.866073 2 0.972064 0.866643 2 0.970475 0.868220 2 0.971034 0.871887 2 0.967720 0.871808 2 0.970974 0.882145 2 0.966863 0.881904 2 0.969337 0.891791 2 0.965048 0.891575 2
0 0.975446 0.872354 0.008929 0.047619 0.977023 0.852874 2 0.977439 0.851866 2 0.976430 0.851847 2 0.977735 0.852238 1 0.975132 0.852095 2 0.978025 0.857211 2 0.973832 0.856914 2 0.978740 0.863660 2 0.972817 0.862902 2 0.978084 0.868405 2 0.973341 0.867262 2 0.976683 0.870685 2 0.973829 0.870642 2 0.976970 0.881458 2 0.973849 0.881473 2 0.976496 0.891537 2 0.973621 0.891533 2
0 0.952939 0.845569 0.008557 0.049603 0.955316 0.825691 2 0.955882 0.824826 2 0.954821 0.824676 2 0.956342 0.825243 2 0.953786 0.824757 2 0.956578 0.830184 2 0.951914 0.829831 2 0.957356 0.836676 2 0.950137 0.837598 2 0.958510 0.839317 2 0.950599 0.845816 2 0.954642 0.843576 2 0.951773 0.843426 2 0.953830 0.854680 2 0.952169 0.854340 2 0.952134 0.865051 2 0.951274 0.865163 2
0 0.943452 0.847553 0.010417 0.046958 0.946920 0.833095 2 0.947619 0.831931 2 0.946400 0.831770 2 0.948113 0.830662 1 0.944940 0.829984 2 0.948213 0.834640 2 0.942911 0.833723 2 0.949164 0.840627 2 0.940531 0.839049 2 0.949691 0.845862 2 0.940031 0.845365 2 0.946119 0.848116 2 0.942960 0.847756 2 0.945089 0.857438 2 0.943802 0.857124 2 0.942521 0.865269 2 0.942983 0.866266 2
0 0.727493 0.706349 0.007068 0.039683 0.728800 0.689607 2 0.729231 0.688864 2 0.728665 0.688812 2 0.730134 0.689339 2 0.728914 0.689225 1 0.730155 0.693797 2 0.729396 0.693529 2 0.730124 0.699672 2 0.729075 0.699148 1 0.728953 0.702823 2 0.728152 0.702264 1 0.729227 0.704178 2 0.728836 0.703904 2 0.728769 0.712721 2 0.728807 0.712448 2 0.729056 0.721003 2 0.729197 0.720506 2
0 0.852679 0.721230 0.007440 0.036376 0.853663 0.709728 2 0.853871 0.708956 2 0.853850 0.708966 1 0.854653 0.709003 2 0.855096 0.708970 1 0.854536 0.712835 2 0.855580 0.712700 2 0.853497 0.718163 2 0.854644 0.718061 1 0.851552 0.716957 2 0.852715 0.717604 1 0.854088 0.723342 2 0.854828 0.723178 2 0.853606 0.731452 2 0.854241 0.731664 2 0.854069 0.740240 2 0.854443 0.739689 2
0 0.836310 0.718585 0.008929 0.040344 0.840726 0.711709 1 0.840577 0.710886 1 0.840823 0.710988 1 0.839033 0.711203 2 0.841296 0.711593 2 0.837043 0.715797 2 0.841741 0.716648 2 0.835792 0.721700 2 0.842203 0.723391 1 0.835896 0.727033 2 0.842262 0.728376 1 0.837224 0.729253 2 0.840505 0.729774 2 0.837141 0.735713 2 0.840972 0.736717 2 0.837006 0.739011 2 0.840140 0.739148 1
0 0.840588 0.714286 0.007068 0.035714 0.840761 0.711634 1 0.840568 0.710791 1 0.840857 0.710939 1 0.838947 0.711044 2 0.841273 0.711540 2 0.837104 0.715507 2 0.841581 0.716202 2 0.836010 0.721617 2 0.843000 0.720505 2 0.836288 0.725365 1 0.842377 0.717834 1 0.837647 0.728806 2 0.840575 0.729356 2 0.837940 0.736826 1 0.840609 0.738210 2 0.838172 0.738643 1 0.839852 0.738643 1
0 0.601749 0.789683 0.008557 0.037037 0.600823 0.776700 2 0.601210 0.775715 2 0.600390 0.775917 2 0.602450 0.775203 2 0.600312 0.775791 1 0.604866 0.779713 2 0.600121 0.780130 2 0.606575 0.785857 2 0.599024 0.786072 2 0.605399 0.793152 2 0.599460 0.793038 2 0.604052 0.793660 2 0.601086 0.793562 2 0.603349 0.801401 2 0.601452 0.800902 2 0.603538 0.803495 1 0.602132 0.803044 1
0 0.820126 0.665675 0.007068 0.035053 0.822606 0.653237 1 0.822529 0.652457 1 0.822745 0.652546 1 0.821600 0.652723 2 0.823509 0.653013 2 0.820490 0.656644 2 0.823870 0.657425 2 0.819358 0.661826 2 0.824436 0.662711 2 0.818926 0.666305 2 0.824326 0.666800 1 0.820372 0.666554 2 0.822709 0.666990 2 0.820008 0.673873 2 0.822635 0.675511 2 0.819467 0.681132 2 0.822147 0.683017 2
0 0.826823 0.666336 0.007068 0.035053 0.823188 0.653678 1 0.823098 0.652935 1 0.823216 0.652987 1 0.822600 0.653269 1 0.823627 0.653476 1 0.822554 0.657156 1 0.824152 0.657536 2 0.822940 0.661868 1 0.824515 0.662621 2 0.823056 0.665494 1 0.824205 0.666292 2 0.822173 0.666801 2 0.823171 0.666753 2 0.822246 0.675077 1 0.822759 0.674825 2 0.822255 0.681991 1 0.822414 0.682355 2
0 0.865699 0.629960 0.007440 0.036376 0.867376 0.617695 1 0.867410 0.617026 1 0.867644 0.617062 1 0.867157 0.617339 2 0.869073 0.617321 2 0.866266 0.621243 2 0.869971 0.621162 2 0.865378 0.626019 2 0.870487 0.626430 2 0.865168 0.629502 2 0.870238 0.630099 1 0.866763 0.630857 2 0.869227 0.630749 2 0.866939 0.637560 2 0.868899 0.637284 2 0.867386 0.643894 2 0.868415 0.642993 2
0 0.847656 0.630622 0.005580 0.035053 0.849443 0.625386 1 0.849521 0.624724 1 0.849639 0.624666 1 0.849911 0.625137 1 0.850953 0.624910 1 0.849954 0.628855 2 0.851426 0.628512 1 0.849131 0.632786 2 0.850527 0.632482 1 0.849197 0.632856 2 0.849947 0.632565 1 0.850130 0.637235 2 0.851186 0.637026 2 0.849954 0.644278 2 0.851043 0.644270 2 0.849945 0.651612 2 0.851042 0.651779 2
0 0.854167 0.637566 0.008185 0.030423 0.853239 0.624223 1 0.853325 0.623533 1 0.853451 0.623600 1 0.853911 0.624198 2 0.855351 0.624165 1 0.853999 0.628524 2 0.856856 0.628199 2 0.853714 0.633542 2 0.858059 0.632972 2 0.853715 0.635486 2 0.856946 0.634946 2 0.854592 0.638512 2 0.856580 0.638206 2 0.854369 0.646089 2 0.856418 0.645837 2 0.854263 0.653918 2 0.856689 0.653194 2
0 0.862537 0.619378 0.008557 0.029762 0.867343 0.617198 1 0.867501 0.616466 1 0.867478 0.616505 1 0.867411 0.616969 1 0.868021 0.616977 1 0.866536 0.621128 2 0.867510 0.621028 1 0.865331 0.626505 2 0.866138 0.626330 1 0.865255 0.629637 2 0.866040 0.629733 1 0.867097 0.631453 2 0.867735 0.631649 1 0.867293 0.638945 2 0.867795 0.639389 1 0.867324 0.640191 1 0.867638 0.640191 1
0 0.862165 0.620370 0.005580 0.031746 0.861017 0.611229 1 0.861077 0.610700 1 0.861230 0.610760 1 0.861007 0.611242 2 0.862235 0.611271 1 0.860683 0.614465 2 0.862604 0.614398 2 0.859925 0.618170 2 0.863073 0.618200 2 0.859402 0.620150 1 0.863254 0.620707 1 0.860916 0.622353 2 0.862145 0.622281 2 0.860987 0.628390 2 0.861947 0.628199 2 0.861257 0.634333 2 0.862058 0.633950 2
0 0.838356 0.595899 0.005580 0.025132 0.834583 0.598973 1 0.834706 0.598360 1 0.834700 0.598344 1 0.835369 0.598474 2 0.836048 0.598227 1 0.835626 0.601959 2 0.837537 0.601230 2 0.835411 0.607241 1 0.838976 0.605475 2 0.835307 0.609104 1 0.838365 0.608814 1 0.836316 0.610532 2 0.837602 0.610178 2 0.836156 0.612992 1 0.837768 0.612992 1 0.836089 0.612199 1 0.837858 0.612404 1
