0 0.289435 0.430886 0.008929 0.025794 0.289574 0.424882 1 0.289507 0.424581 1 0.289621 0.424536 1 0.288980 0.424775 2 0.289984 0.424753 2 0.288520 0.426693 2 0.290377 0.426757 2 0.287831 0.429068 2 0.290914 0.429249 2 0.287902 0.430669 2 0.291240 0.431843 2 0.288961 0.431806 2 0.290132 0.431872 2 0.289351 0.435434 2 0.290059 0.435696 2 0.289804 0.438907 2 0.290023 0.439503 2
0 0.863281 0.527447 0.008557 0.028439 0.863003 0.517102 2 0.863348 0.516582 2 0.862732 0.516539 2 0.863848 0.516918 2 0.862389 0.516771 2 0.864331 0.520090 2 0.861812 0.519436 2 0.864043 0.523599 2 0.860525 0.521674 2 0.861936 0.522417 2 0.860867 0.520755 2 0.863369 0.527768 2 0.861759 0.527380 2 0.862515 0.532794 2 0.861477 0.532538 2 0.861623 0.536882 2 0.861268 0.536813 2
0 0.853981 0.534722 0.007812 0.024471 0.854983 0.526769 2 0.855311 0.526272 1 0.854745 0.526173 2 0.855706 0.526358 2 0.854391 0.526145 2 0.856140 0.528973 2 0.853488 0.529008 2 0.857031 0.532225 2 0.852165 0.532493 2 0.856790 0.535513 2 0.852144 0.536772 2 0.855300 0.536735 2 0.853653 0.536823 2 0.855318 0.540011 2 0.853842 0.540455 2 0.855204 0.542174 2 0.853840 0.542916 2
0 0.741629 0.373347 0.006324 0.020503 0.742182 0.369397 2 0.742329 0.369081 2 0.742023 0.369070 2 0.742488 0.369233 2 0.741793 0.369203 2 0.742790 0.371023 2 0.741369 0.371006 2 0.743490 0.372653 2 0.740787 0.372778 2 0.742916 0.372720 2 0.741326 0.373672 2 0.742458 0.375649 2 0.741563 0.375639 2 0.742203 0.379218 2 0.741361 0.379306 2 0.742162 0.382825 2 0.741301 0.382766 2
0 0.749070 0.375992 0.006324 0.019180 0.749882 0.372027 1 0.749799 0.371704 1 0.749871 0.371705 1 0.749176 0.371897 2 0.749932 0.371950 2 0.748740 0.373848 2 0.750086 0.373996 2 0.748223 0.375839 2 0.750513 0.376223 2 0.748547 0.377028 2 0.750856 0.377805 2 0.749006 0.378169 2 0.749957 0.378265 2 0.749082 0.380854 2 0.750279 0.380858 2 0.748953 0.383750 2 0.750447 0.383932 2
0 0.750930 0.373347 0.005580 0.019180 0.749765 0.371811 1 0.749685 0.371520 1 0.749789 0.371506 1 0.749138 0.371756 2 0.749934 0.371762 2 0.748719 0.373633 2 0.750056 0.373654 2 0.748338 0.375731 2 0.750396 0.375976 2 0.748700 0.376690 2 0.750730 0.377547 2 0.748974 0.377778 2 0.749916 0.377793 2 0.749041 0.380488 2 0.750230 0.380451 2 0.749060 0.383452 2 0.750521 0.383536 2
0 0.743490 0.345899 0.006324 0.017196 0.744949 0.341577 1 0.744887 0.341205 1 0.745011 0.341242 1 0.744380 0.341401 2 0.745221 0.341496 2 0.743934 0.343380 2 0.745303 0.343527 2 0.743279 0.345401 2 0.745601 0.345686 2 0.743114 0.346468 1 0.745609 0.347005 1 0.744090 0.347312 2 0.744961 0.347388 2 0.744122 0.350288 2 0.744713 0.350376 2 0.744107 0.353377 2 0.744609 0.353489 2
0 0.592448 0.643519 0.008557 0.022487 0.593184 0.639619 2 0.593439 0.639173 2 0.592953 0.639006 2 0.593644 0.639176 1 0.592384 0.638743 2 0.593790 0.641658 2 0.591199 0.641223 2 0.594539 0.645578 2 0.590307 0.645220 2 0.594709 0.649051 2 0.590574 0.648708 2 0.593254 0.648903 2 0.591388 0.648872 2 0.594412 0.654249 2 0.591274 0.654393 2 0.593991 0.658299 1 0.590127 0.658203 1
0 0.540365 0.487434 0.008557 0.027778 0.541332 0.477827 2 0.541563 0.477310 2 0.541096 0.477275 2 0.541850 0.477411 2 0.540766 0.477352 2 0.542272 0.479881 2 0.540079 0.479749 2 0.543357 0.482015 2 0.539092 0.482044 2 0.542322 0.482689 2 0.539334 0.484062 2 0.541684 0.485802 2 0.540255 0.485720 2 0.542225 0.489434 2 0.539767 0.489391 2 0.541794 0.493830 2 0.539842 0.493260 2
0 0.651228 0.424272 0.007068 0.020503 0.650620 0.418160 2 0.650737 0.417718 2 0.650690 0.417711 1 0.651309 0.417697 2 0.651328 0.417656 1 0.652098 0.420010 2 0.651482 0.419835 2 0.652825 0.423521 2 0.651486 0.423181 1 0.652367 0.425898 2 0.651040 0.425694 1 0.652038 0.425774 2 0.651648 0.425530 2 0.651194 0.428239 2 0.650825 0.427919 2 0.652200 0.431926 2 0.652001 0.431269 2
