0 0.084449 0.490079 0.034970 0.120370 0.084948 0.443495 2 0.086529 0.440747 2 0.083495 0.440826 2 0.089231 0.441317 2 0.081482 0.441883 2 0.093863 0.452621 2 0.081611 0.457242 2 0.102151 0.461774 2 0.075693 0.462455 2 0.098647 0.473670 2 0.079095 0.455061 2 0.094513 0.486063 2 0.086522 0.489223 2 0.097871 0.502278 2 0.086712 0.511567 2 0.101883 0.517988 2 0.088664 0.536434 2
0 0.053571 0.561508 0.038690 0.120370 0.051582 0.508129 2 0.053503 0.505547 2 0.050062 0.505440 2 0.056488 0.507165 2 0.047999 0.506945 2 0.057957 0.520484 2 0.046341 0.521818 2 0.055480 0.532083 2 0.044636 0.537238 2 0.046263 0.535970 2 0.046884 0.545943 2 0.062808 0.552694 2 0.054371 0.554290 2 0.065152 0.570891 2 0.055215 0.573437 2 0.067440 0.592225 2 0.056878 0.594467 2
0 0.015997 0.487434 0.031994 0.170635 0.007378 0.425508 2 0.009217 0.421065 2 0.004584 0.421930 2 0.012176 0.420965 2 0.000345 0.423059 2 0.018270 0.435927 2 0.000000 0.440257 2 0.028572 0.456251 2 0.000000 0.463720 1 0.034100 0.478107 2 0.001115 0.483276 1 0.019918 0.482729 2 0.006935 0.485778 2 0.026830 0.509429 2 0.006332 0.514524 2 0.027922 0.543847 2 0.008920 0.550001 2
0 0.731399 0.193783 0.017857 0.078042 0.739318 0.206560 2 0.739630 0.204918 2 0.738511 0.204580 2 0.739020 0.205202 1 0.735893 0.204379 2 0.737219 0.213959 2 0.732853 0.212905 2 0.736905 0.226288 2 0.730516 0.225498 2 0.738314 0.233041 2 0.734929 0.233440 2 0.735637 0.233363 2 0.732657 0.233937 2 0.742099 0.239513 2 0.738876 0.240582 2 0.738276 0.244618 1 0.736470 0.245288 1
0 0.893601 0.247354 0.025298 0.084656 0.901817 0.217529 1 0.901246 0.215209 1 0.901779 0.215550 1 0.896630 0.213525 1 0.900493 0.214728 2 0.892730 0.221456 2 0.898259 0.224209 2 0.890022 0.233718 2 0.897517 0.238296 2 0.892627 0.241741 1 0.898754 0.242903 2 0.890521 0.247677 2 0.894673 0.249193 2 0.887969 0.265830 2 0.895267 0.267849 2 0.883633 0.283047 2 0.894144 0.284937 2
0 0.985863 0.244709 0.019345 0.089947 0.980437 0.248023 2 0.980976 0.246203 2 0.979216 0.245852 2 0.980594 0.247580 1 0.975539 0.246753 2 0.980360 0.258912 2 0.973057 0.258166 2 0.980911 0.270856 2 0.972470 0.271777 1 0.981753 0.280532 2 0.974103 0.280855 1 0.976728 0.285691 2 0.972470 0.285218 1 0.975037 0.302583 1 0.972470 0.301425 1 0.974078 0.304195 1 0.972470 0.304662 1
0 0.305060 0.130952 0.016369 0.055556 0.306797 0.110503 2 0.307335 0.109237 2 0.306181 0.109338 2 0.308139 0.109540 1 0.305509 0.109822 2 0.309015 0.115110 2 0.304903 0.116201 2 0.312025 0.120256 2 0.304198 0.123669 2 0.312397 0.121178 2 0.305968 0.129364 2 0.309320 0.129435 2 0.306782 0.130230 2 0.310902 0.138748 2 0.308073 0.140031 2 0.311063 0.148050 2 0.309052 0.148844 2
0 0.285342 0.119709 0.014137 0.051587 0.289977 0.099444 2 0.290451 0.098325 1 0.289376 0.098379 2 0.290925 0.098288 1 0.288334 0.098462 2 0.291669 0.103309 2 0.287025 0.103443 2 0.292610 0.110718 2 0.285187 0.109819 2 0.291657 0.115070 2 0.284027 0.115192 2 0.291036 0.117540 2 0.288140 0.117867 2 0.291708 0.127583 2 0.289436 0.129052 2 0.292008 0.137893 2 0.290565 0.139398 2
0 0.159226 0.095899 0.016369 0.048942 0.159922 0.114628 1 0.160043 0.113740 1 0.160430 0.113896 1 0.159989 0.114694 2 0.162961 0.114578 2 0.159255 0.120858 2 0.164568 0.120734 2 0.158463 0.126683 2 0.166210 0.126824 2 0.158751 0.123262 1 0.164544 0.125554 1 0.160795 0.129134 1 0.164454 0.129134 1 0.159251 0.125059 1 0.163946 0.125064 1 0.159390 0.128631 1 0.163598 0.128537 1
0 0.972470 0.293651 0.032738 0.124339 0.980176 0.248551 2 0.980826 0.246567 2 0.978887 0.246230 2 0.980345 0.248178 1 0.975300 0.247066 2 0.980496 0.259146 2 0.970735 0.258317 2 0.980632 0.272132 2 0.965583 0.274124 2 0.981973 0.281865 2 0.963606 0.288863 2 0.974916 0.287396 2 0.968954 0.286604 2 0.971158 0.312468 2 0.967588 0.311179 2 0.961550 0.330401 2 0.961310 0.331401 2
0 0.841518 0.224206 0.023810 0.064815 0.828821 0.220553 2 0.829454 0.219209 2 0.828329 0.218794 2 0.829547 0.217811 1 0.826426 0.216710 2 0.828196 0.220454 2 0.825149 0.220162 1 0.829964 0.229023 2 0.826278 0.230907 1 0.832753 0.238722 2 0.829518 0.239603 1 0.826111 0.232738 2 0.825149 0.233019 1 0.830002 0.238575 2 0.827283 0.238136 1 0.827853 0.247491 2 0.827212 0.248094 1
0 0.543527 0.016534 0.014137 0.033069 0.543231 0.009647 1 0.543500 0.009018 1 0.542941 0.009058 1 0.544034 0.009014 1 0.542618 0.009113 1 0.545068 0.011339 2 0.542169 0.011323 2 0.546878 0.014255 2 0.541315 0.013599 2 0.545494 0.016664 2 0.542273 0.015939 2 0.543951 0.017377 2 0.542131 0.017259 2 0.543664 0.023425 2 0.542231 0.023654 2 0.543450 0.029451 2 0.542131 0.030146 2
0 0.534970 0.339286 0.022321 0.128307 0.533126 0.287402 2 0.534051 0.285738 2 0.533361 0.285484 1 0.536785 0.288501 2 0.536000 0.287845 1 0.540397 0.302402 2 0.533998 0.300079 2 0.543136 0.319205 2 0.531697 0.312178 2 0.538581 0.330084 2 0.526767 0.317787 2 0.538337 0.334184 2 0.535103 0.332887 2 0.536163 0.358722 2 0.538204 0.358504 2 0.534296 0.385038 2 0.542568 0.382178 2
0 0.823661 0.232143 0.020833 0.048942 0.828749 0.221389 2 0.829189 0.219978 1 0.828394 0.219712 2 0.829034 0.218223 1 0.826541 0.217662 2 0.827053 0.222095 2 0.822432 0.222076 2 0.829697 0.231765 2 0.822046 0.234704 2 0.832617 0.240212 2 0.827063 0.240107 2 0.820513 0.232855 2 0.817004 0.233234 2 0.827881 0.231580 2 0.820176 0.231313 2 0.825787 0.243000 2 0.816959 0.240457 2
0 0.626116 0.160053 0.017113 0.066138 0.625802 0.133803 1 0.625976 0.132578 1 0.626436 0.132599 1 0.626305 0.133333 2 0.629475 0.133171 2 0.625460 0.140113 2 0.630441 0.140593 2 0.623262 0.148359 2 0.630932 0.149891 2 0.621711 0.154338 2 0.631733 0.158497 2 0.625620 0.157166 2 0.629019 0.157348 2 0.623987 0.168533 2 0.627628 0.169946 2 0.623853 0.179334 2 0.627403 0.180956 2
0 0.553571 0.425926 0.029762 0.156085 0.556267 0.362716 1 0.556680 0.359490 1 0.556974 0.360439 1 0.553917 0.361665 2 0.561059 0.363602 2 0.547482 0.379576 2 0.561204 0.383094 2 0.542134 0.400199 2 0.561466 0.407902 2 0.545825 0.412768 2 0.558068 0.418321 2 0.546523 0.423505 2 0.556244 0.425160 2 0.544891 0.454782 2 0.555743 0.456665 2 0.543144 0.489107 2 0.554654 0.485632 2
0 0.458333 0.393519 0.023810 0.123016 0.461524 0.399076 1 0.461769 0.396623 1 0.462769 0.396836 1 0.461138 0.399425 2 0.468988 0.399116 2 0.459474 0.416834 2 0.472069 0.416259 2 0.458517 0.439281 2 0.473847 0.437623 2 0.454884 0.454102 2 0.471876 0.450118 1 0.461323 0.460618 2 0.470380 0.460225 2 0.458100 0.478257 1 0.470878 0.478257 1 0.458518 0.477656 1 0.470818 0.477698 1
0 0.407366 0.355820 0.029018 0.126984 0.399828 0.298526 1 0.399782 0.296050 1 0.399974 0.296129 1 0.397470 0.298111 2 0.403795 0.297690 2 0.395097 0.313953 2 0.407490 0.312128 2 0.393559 0.332652 2 0.412812 0.323939 2 0.398388 0.337460 2 0.409744 0.316157 2 0.399418 0.348968 2 0.408519 0.348631 2 0.398744 0.375649 2 0.411218 0.375148 2 0.396965 0.402174 2 0.414234 0.399970 2
0 0.262277 0.412698 0.030506 0.142857 0.265139 0.354042 1 0.263462 0.353041 1 0.264527 0.352596 1 0.256835 0.358120 2 0.263216 0.357550 2 0.254264 0.375019 2 0.266931 0.372097 2 0.253512 0.392448 2 0.270529 0.389916 2 0.254718 0.404068 2 0.275071 0.404386 2 0.259655 0.412072 2 0.268567 0.410641 2 0.263408 0.440280 2 0.272948 0.433326 2 0.265171 0.466769 2 0.273397 0.459722 2
0 0.369420 0.367725 0.024554 0.129630 0.370382 0.317067 1 0.370309 0.314969 1 0.370559 0.314908 1 0.367856 0.316448 2 0.373908 0.316141 2 0.365547 0.328735 2 0.377598 0.329187 2 0.362875 0.345429 2 0.381585 0.345448 2 0.366306 0.354818 2 0.381302 0.351701 2 0.368204 0.359013 2 0.376834 0.359369 2 0.367016 0.383481 2 0.377834 0.385074 2 0.365062 0.407437 2 0.378134 0.411176 2
0 0.466890 0.471561 0.033482 0.157407 0.462481 0.399728 1 0.462648 0.396889 1 0.463163 0.397169 1 0.461154 0.399229 2 0.469366 0.399241 2 0.460210 0.416429 2 0.471845 0.417263 2 0.458214 0.437972 2 0.473330 0.437319 2 0.454524 0.453536 2 0.468353 0.447888 1 0.461165 0.458516 2 0.470379 0.459214 2 0.456398 0.485974 2 0.472354 0.491225 2 0.452782 0.515256 2 0.475406 0.520949 2
0 0.427827 0.342593 0.029762 0.126984 0.432060 0.293482 1 0.432054 0.291215 1 0.432322 0.291452 1 0.428526 0.292747 2 0.434876 0.293406 2 0.424690 0.304045 2 0.434992 0.307142 2 0.419039 0.313667 2 0.438870 0.319272 2 0.421255 0.307508 2 0.436709 0.308937 1 0.424302 0.338515 2 0.431642 0.340140 2 0.422643 0.362933 2 0.433567 0.367308 2 0.417085 0.387246 2 0.433951 0.392195 2
0 0.242932 0.304894 0.024554 0.115079 0.240078 0.258135 2 0.241173 0.256293 2 0.239060 0.256315 2 0.243118 0.256799 2 0.237336 0.257061 2 0.246541 0.268011 2 0.236468 0.269173 2 0.251070 0.280909 2 0.234425 0.280985 2 0.243889 0.283325 2 0.236462 0.282946 2 0.247130 0.297881 2 0.240054 0.298493 2 0.249331 0.320359 2 0.241354 0.322391 2 0.256564 0.339202 2 0.242318 0.343693 2
0 0.521949 0.185847 0.020089 0.080688 0.524463 0.152390 1 0.524701 0.150766 1 0.524794 0.151241 1 0.523884 0.151409 2 0.527152 0.152403 2 0.521097 0.159251 2 0.528315 0.162181 2 0.518251 0.168399 2 0.529779 0.174059 2 0.517715 0.176932 2 0.530617 0.184444 2 0.518742 0.181310 2 0.523867 0.182554 2 0.515869 0.196024 2 0.523011 0.200308 2 0.513762 0.211617 2 0.521939 0.216774 2
0 0.934896 0.221561 0.029018 0.091270 0.935632 0.181566 2 0.936929 0.179791 2 0.934799 0.179584 2 0.938984 0.180249 2 0.934042 0.179989 1 0.939294 0.189891 2 0.933777 0.189137 2 0.939752 0.204498 2 0.931120 0.200611 2 0.937560 0.215186 2 0.927716 0.206526 2 0.934588 0.217623 2 0.931267 0.216629 2 0.930463 0.235439 2 0.929479 0.234700 2 0.930919 0.252722 2 0.931287 0.251831 2
0 0.481027 0.247354 0.020089 0.105820 0.476908 0.201054 2 0.477997 0.198712 2 0.476556 0.198976 2 0.480831 0.198780 2 0.477311 0.199236 1 0.483569 0.209306 2 0.478164 0.209181 2 0.483966 0.226409 2 0.478598 0.225363 2 0.480589 0.240708 2 0.477140 0.239553 2 0.481867 0.235818 2 0.477841 0.234984 2 0.481818 0.255730 2 0.474396 0.254024 2 0.482807 0.276385 2 0.476260 0.275179 2
0 0.739211 0.233466 0.023065 0.078042 0.754768 0.206769 2 0.754997 0.205226 2 0.754033 0.205002 2 0.754265 0.205429 1 0.751364 0.204931 2 0.753619 0.212940 2 0.749109 0.212894 2 0.755208 0.224228 1 0.753492 0.223129 2 0.755108 0.219258 1 0.754974 0.211946 2 0.753755 0.233135 2 0.750574 0.233799 2 0.755208 0.237215 1 0.755208 0.238477 2 0.754875 0.254940 1 0.754873 0.255359 1
0 0.755952 0.230820 0.020833 0.072751 0.754789 0.206591 2 0.755405 0.204965 2 0.753844 0.204840 2 0.755589 0.205319 1 0.751523 0.205094 2 0.754819 0.211364 2 0.749287 0.213991 2 0.757522 0.223013 2 0.754080 0.226808 2 0.760537 0.229558 2 0.759217 0.233676 2 0.755648 0.230698 2 0.751856 0.233786 2 0.763051 0.232807 2 0.760314 0.241774 2 0.759913 0.251204 2 0.760959 0.262080 2
0 0.861979 0.683862 0.057292 0.208995 0.866003 0.618712 2 0.868662 0.615343 2 0.864170 0.614450 2 0.872288 0.617898 2 0.861129 0.615628 2 0.871834 0.641917 2 0.856393 0.634674 2 0.861472 0.666498 2 0.849041 0.653158 2 0.848377 0.668726 2 0.843611 0.668032 2 0.863717 0.690935 2 0.852710 0.686835 2 0.861335 0.727810 2 0.850632 0.721547 2 0.857957 0.761026 2 0.849414 0.752310 2
0 0.518601 0.292989 0.023810 0.067460 0.518261 0.269834 1 0.519207 0.268557 1 0.517421 0.268041 1 0.520006 0.266010 1 0.515653 0.264988 2 0.521156 0.263414 2 0.512092 0.263696 2 0.525151 0.274648 2 0.509354 0.277055 2 0.520281 0.276228 2 0.515151 0.277431 2 0.519667 0.280633 2 0.513450 0.281136 2 0.525334 0.282275 2 0.509046 0.283435 2 0.522360 0.303508 2 0.511715 0.304536 2
0 0.504092 0.266534 0.021577 0.083333 0.517830 0.266134 1 0.518398 0.265076 1 0.517526 0.264726 1 0.518601 0.263825 1 0.516556 0.263005 1 0.518601 0.266318 2 0.513534 0.264296 2 0.518435 0.279046 2 0.509263 0.275073 2 0.512293 0.276831 2 0.511022 0.277613 2 0.518257 0.283803 2 0.514144 0.282650 2 0.514614 0.284458 2 0.509545 0.283126 2 0.516229 0.304798 2 0.514211 0.302640 2
0 0.461682 0.142857 0.012649 0.066138 0.461305 0.118471 2 0.461745 0.117294 2 0.460701 0.117405 2 0.462272 0.117523 2 0.459594 0.117700 2 0.463353 0.124007 2 0.458427 0.124055 2 0.464252 0.131986 2 0.457571 0.131893 2 0.462530 0.137947 2 0.458284 0.137175 2 0.462488 0.139996 2 0.459067 0.139882 2 0.462164 0.152749 2 0.458601 0.152403 2 0.462327 0.164738 2 0.457644 0.164289 2
0 0.174851 0.288360 0.014881 0.055556 0.174258 0.272801 2 0.175116 0.271456 2 0.173615 0.271521 2 0.177089 0.271680 2 0.173238 0.271864 1 0.178581 0.277655 2 0.173230 0.277965 2 0.180302 0.284848 2 0.172958 0.285647 2 0.181071 0.291818 2 0.172762 0.293551 2 0.178126 0.292367 2 0.174581 0.292571 2 0.178967 0.300656 2 0.174949 0.301024 2 0.179458 0.307782 2 0.175125 0.308070 1
0 0.105655 0.291005 0.034226 0.050265 0.107504 0.276446 2 0.107741 0.274687 2 0.106302 0.275513 2 0.108371 0.273879 1 0.103825 0.276119 2 0.110176 0.279855 2 0.101678 0.282718 2 0.115085 0.286144 2 0.098479 0.291663 2 0.114163 0.287229 2 0.095887 0.302240 2 0.109471 0.294412 2 0.103270 0.295649 2 0.112272 0.290677 2 0.099353 0.293369 2 0.115629 0.305504 2 0.097338 0.304706 2
0 0.581845 0.122354 0.016369 0.072751 0.582049 0.101242 2 0.582671 0.100058 2 0.581551 0.099958 2 0.583498 0.100171 2 0.580868 0.099952 2 0.584420 0.106453 2 0.579182 0.106189 2 0.585133 0.114228 2 0.577124 0.113695 2 0.585009 0.118588 2 0.577435 0.116751 2 0.583172 0.123440 2 0.579647 0.123403 2 0.583233 0.136307 2 0.579156 0.136614 2 0.582974 0.149496 2 0.578703 0.149502 2
0 0.162946 0.133598 0.016369 0.044974 0.160390 0.115186 1 0.160387 0.114304 1 0.160788 0.114245 1 0.160017 0.115235 2 0.162972 0.114926 2 0.159289 0.121446 2 0.164473 0.120959 2 0.158639 0.127721 2 0.166065 0.127210 2 0.159501 0.133239 2 0.166183 0.132607 1 0.161593 0.134596 2 0.165102 0.134432 2 0.162610 0.143698 2 0.165712 0.143283 2 0.163710 0.152399 2 0.166363 0.151690 2
0 0.357887 0.087963 0.010417 0.051587 0.362160 0.067413 2 0.362403 0.066501 1 0.361685 0.066538 2 0.362437 0.066582 1 0.360563 0.066650 2 0.362602 0.071253 2 0.359439 0.071505 2 0.362944 0.077137 2 0.358319 0.077665 2 0.362832 0.082253 2 0.359353 0.083567 2 0.362104 0.082548 2 0.360124 0.082834 2 0.361763 0.090149 2 0.360485 0.090662 2 0.361245 0.096915 2 0.360175 0.097566 2
0 0.107143 0.111772 0.013393 0.030423 0.107587 0.096555 1 0.107577 0.095857 1 0.107781 0.095834 1 0.108065 0.095548 2 0.109413 0.095414 2 0.108533 0.098403 2 0.110638 0.098165 2 0.108585 0.103808 2 0.112148 0.103230 2 0.107243 0.106691 2 0.111427 0.105490 2 0.109447 0.107485 2 0.110771 0.107274 2 0.108990 0.113565 2 0.110151 0.113801 2 0.111478 0.118759 2 0.112692 0.118675 2
0 0.204985 0.122354 0.012649 0.043651 0.207343 0.102272 1 0.207435 0.101426 1 0.207578 0.101396 1 0.207720 0.102090 2 0.209375 0.101853 1 0.207941 0.107246 2 0.210330 0.106828 2 0.207876 0.113026 2 0.211135 0.112582 1 0.207488 0.117249 2 0.210409 0.116230 1 0.208957 0.118340 2 0.210641 0.118120 2 0.209459 0.126916 2 0.211163 0.126581 2 0.209945 0.135341 2 0.212087 0.134649 2
0 0.622768 0.210317 0.014881 0.087302 0.625257 0.178243 1 0.624283 0.177252 1 0.625102 0.177113 1 0.620515 0.179017 1 0.624649 0.179046 2 0.619511 0.186976 2 0.626012 0.186702 2 0.620840 0.196932 2 0.628782 0.195739 2 0.624952 0.201559 1 0.628802 0.202754 2 0.620277 0.208763 2 0.624659 0.208661 2 0.622101 0.224536 2 0.624444 0.224885 2 0.620322 0.238084 2 0.621458 0.240981 2
0 0.921875 0.294312 0.032738 0.130952 0.924008 0.245437 1 0.923954 0.243182 1 0.923623 0.242957 1 0.921067 0.244395 1 0.921840 0.243911 2 0.921403 0.254965 2 0.916977 0.255742 2 0.920325 0.270077 2 0.910608 0.270918 2 0.922663 0.275079 2 0.909666 0.279904 2 0.916243 0.280834 2 0.914625 0.281271 2 0.911623 0.301178 2 0.916249 0.304160 2 0.904177 0.317891 2 0.918237 0.327185 2
0 0.887277 0.331349 0.043899 0.130952 0.892985 0.282740 1 0.891765 0.280197 1 0.892685 0.280388 2 0.886703 0.281118 1 0.890656 0.281998 2 0.884444 0.293670 2 0.888062 0.295920 2 0.887464 0.310870 2 0.888957 0.316627 2 0.895226 0.320303 2 0.896807 0.325117 2 0.882771 0.325428 2 0.885244 0.326725 2 0.884395 0.349850 2 0.885184 0.352071 2 0.877782 0.371161 2 0.877394 0.374486 2
0 0.786830 0.194444 0.023065 0.068783 0.788761 0.165529 2 0.788602 0.163829 1 0.788751 0.164008 2 0.786545 0.161256 1 0.787824 0.162033 2 0.782335 0.166500 2 0.785473 0.169117 2 0.779105 0.173269 2 0.784098 0.180209 2 0.782030 0.174600 2 0.787582 0.181564 2 0.780020 0.186210 2 0.781679 0.187652 2 0.781853 0.200020 2 0.780728 0.202830 2 0.781061 0.214606 2 0.775762 0.215900 2
0 0.913690 0.244048 0.029762 0.112434 0.923809 0.243653 1 0.923628 0.241967 1 0.923702 0.241957 1 0.921787 0.242867 1 0.922613 0.243027 2 0.919790 0.255059 2 0.917625 0.254836 2 0.917980 0.270298 2 0.911686 0.271176 2 0.918918 0.276077 2 0.913226 0.278822 2 0.916573 0.282307 2 0.914613 0.282385 2 0.916753 0.301750 2 0.911925 0.302397 2 0.916904 0.319079 2 0.904398 0.316997 2
