0 0.198661 0.941138 0.061012 0.115079 0.182935 0.932711 2 0.184583 0.926634 2 0.180753 0.927827 2 0.192851 0.920476 2 0.182734 0.923211 1 0.214103 0.937393 2 0.184125 0.940942 2 0.223633 0.982835 2 0.182921 0.987977 2 0.221141 1.000000 2 0.180813 0.997662 2 0.214213 0.999006 1 0.194288 0.997296 1 0.210735 0.979731 1 0.185644 0.971818 1 0.208677 0.989399 1 0.195594 0.989860 1
0 0.299479 0.808201 0.036458 0.116402 0.295692 0.770098 2 0.297074 0.766064 2 0.292958 0.767875 2 0.299604 0.767100 2 0.289634 0.771244 2 0.303831 0.785900 2 0.288979 0.787621 2 0.307237 0.808616 2 0.285932 0.795086 2 0.305956 0.827979 2 0.288718 0.777180 2 0.302127 0.820402 2 0.292767 0.821616 2 0.300668 0.829034 2 0.294021 0.833861 2 0.300016 0.843863 2 0.295317 0.847576 2
0 0.288318 0.807540 0.034970 0.083333 0.295574 0.770426 2 0.296842 0.766222 2 0.292816 0.767851 2 0.299335 0.767656 2 0.289253 0.771893 2 0.305840 0.787598 2 0.288366 0.793837 2 0.310186 0.812294 2 0.287676 0.817598 2 0.305093 0.822309 2 0.287279 0.817210 2 0.305754 0.837716 2 0.294377 0.840346 2 0.304928 0.836591 1 0.295509 0.841037 1 0.306170 0.852911 1 0.298734 0.857190 1
0 0.536458 0.474206 0.034226 0.178571 0.537103 0.405327 2 0.538828 0.401802 2 0.535151 0.402314 2 0.541721 0.403749 2 0.532955 0.404773 2 0.545173 0.426112 2 0.528242 0.423750 2 0.547256 0.451976 2 0.525470 0.449317 2 0.547983 0.478700 2 0.523471 0.472350 2 0.541671 0.477587 2 0.530231 0.475653 2 0.541697 0.516323 2 0.527649 0.508585 2 0.539974 0.549109 2 0.529800 0.531263 2
0 0.585565 0.462302 0.031250 0.154762 0.588543 0.406052 2 0.589454 0.403035 2 0.586863 0.402986 2 0.589520 0.404842 1 0.582657 0.404508 2 0.591753 0.420755 2 0.578288 0.422077 2 0.595046 0.438322 2 0.576652 0.439536 2 0.593883 0.432948 2 0.585767 0.435272 2 0.588832 0.461114 2 0.579887 0.462012 2 0.586244 0.489319 2 0.579209 0.493746 2 0.583826 0.514104 2 0.579824 0.524690 2
0 0.636161 0.474206 0.020833 0.078042 0.634371 0.446276 2 0.635317 0.444440 2 0.633268 0.444555 2 0.636670 0.445460 2 0.631723 0.445758 2 0.638862 0.454868 2 0.630543 0.456372 2 0.641276 0.466778 2 0.630117 0.467328 2 0.641334 0.476760 2 0.631044 0.460664 2 0.638281 0.480014 2 0.632642 0.480723 2 0.638612 0.497089 2 0.632412 0.497024 2 0.638453 0.510754 2 0.632786 0.511171 2
0 0.625744 0.457011 0.029762 0.107143 0.633817 0.388801 2 0.635375 0.385806 2 0.632160 0.386047 2 0.637789 0.385542 2 0.629632 0.386131 2 0.642181 0.398264 2 0.626257 0.400097 2 0.644470 0.417986 2 0.623252 0.420975 2 0.641946 0.433921 2 0.627820 0.435464 2 0.639464 0.436621 2 0.628775 0.437549 2 0.639749 0.460961 1 0.627933 0.462596 1 0.639228 0.475991 1 0.629261 0.479974 1
0 0.633929 0.438492 0.031250 0.141534 0.634102 0.389004 2 0.635492 0.385916 2 0.632553 0.386415 2 0.637878 0.385030 2 0.630163 0.386227 2 0.642163 0.397632 2 0.626996 0.399754 2 0.644924 0.417004 2 0.624033 0.420138 2 0.642366 0.434443 2 0.626945 0.435888 2 0.639709 0.434814 2 0.629419 0.435722 2 0.639391 0.458969 1 0.626965 0.460332 1 0.638901 0.480536 1 0.626476 0.482054 1
0 0.915923 0.560185 0.062500 0.154762 0.923278 0.509083 1 0.924026 0.505680 1 0.925326 0.506391 1 0.926173 0.507722 2 0.934450 0.508348 1 0.920946 0.524857 2 0.941089 0.526767 2 0.907740 0.534506 2 0.941625 0.538372 1 0.898244 0.532020 2 0.931086 0.527924 1 0.919160 0.577498 2 0.931853 0.576340 2 0.893136 0.573100 2 0.909157 0.574416 2 0.905030 0.614447 2 0.918535 0.610532 2
0 0.911086 0.556878 0.034970 0.119048 0.922158 0.510001 2 0.923285 0.506697 2 0.923690 0.507064 1 0.926645 0.508728 2 0.931022 0.508850 1 0.921104 0.525515 2 0.935268 0.527283 2 0.905723 0.531249 2 0.924469 0.538486 1 0.895192 0.532526 2 0.908678 0.532357 1 0.918234 0.572098 2 0.928639 0.570340 2 0.893419 0.577260 2 0.906742 0.576165 1 0.904894 0.614329 2 0.914580 0.612165 1
0 0.833333 0.383598 0.031250 0.129630 0.838776 0.336885 2 0.840147 0.334555 2 0.837518 0.334106 2 0.841253 0.336041 2 0.834708 0.334642 2 0.842986 0.350329 2 0.830167 0.349044 2 0.844116 0.367892 2 0.824883 0.365841 2 0.843852 0.383494 2 0.825491 0.382277 2 0.837732 0.383950 2 0.829976 0.383282 2 0.833713 0.407251 2 0.830103 0.407000 2 0.829406 0.429835 2 0.831088 0.433012 2
0 0.810640 0.377646 0.031994 0.138889 0.814877 0.330817 2 0.816660 0.328484 2 0.814039 0.327261 2 0.818156 0.327344 2 0.811784 0.323913 2 0.818984 0.339880 2 0.806444 0.334614 2 0.820697 0.358932 2 0.798200 0.341266 2 0.821540 0.375828 2 0.804259 0.329481 2 0.814730 0.377459 2 0.807099 0.375849 2 0.811100 0.406076 2 0.806282 0.404388 2 0.807880 0.429184 2 0.805345 0.431053 2
0 0.497396 0.359127 0.027530 0.085979 0.496991 0.330138 2 0.497789 0.328059 2 0.497263 0.327834 1 0.501396 0.328899 2 0.500800 0.328019 1 0.502342 0.341243 2 0.504567 0.338939 2 0.497782 0.356794 2 0.499425 0.354490 1 0.491901 0.365122 2 0.492805 0.361214 1 0.501405 0.369563 2 0.503007 0.366522 2 0.486878 0.370792 2 0.490801 0.364941 2 0.492458 0.391343 2 0.496276 0.384110 2
0 0.611607 0.268519 0.023810 0.100529 0.613321 0.231292 2 0.614222 0.229617 2 0.612392 0.229428 2 0.614961 0.230968 2 0.610612 0.230364 2 0.616242 0.241121 2 0.608026 0.240694 2 0.617462 0.254116 2 0.605452 0.253513 2 0.617897 0.264834 2 0.603294 0.264821 2 0.613678 0.266144 2 0.608679 0.265808 2 0.611426 0.285433 2 0.608852 0.284993 2 0.609067 0.303622 2 0.610050 0.304281 2
0 0.446429 0.283730 0.019345 0.062169 0.447867 0.254338 2 0.448405 0.253039 2 0.447190 0.253016 2 0.448816 0.253469 1 0.445979 0.253327 2 0.450047 0.259257 2 0.443828 0.259200 2 0.451112 0.266662 2 0.441553 0.267446 2 0.453130 0.268055 2 0.440390 0.272004 2 0.448612 0.274839 2 0.444630 0.274901 2 0.449159 0.289619 2 0.445427 0.289725 2 0.448029 0.304483 2 0.446298 0.305165 2
0 0.432292 0.261243 0.017857 0.035714 0.433537 0.252035 2 0.433925 0.250951 2 0.433198 0.251206 2 0.434950 0.250376 2 0.433120 0.250876 1 0.436658 0.255315 2 0.433549 0.255627 2 0.437461 0.263330 2 0.430799 0.263212 2 0.433486 0.266979 2 0.428920 0.270067 2 0.437019 0.268152 2 0.434991 0.267620 2 0.432376 0.267129 2 0.430552 0.266355 2 0.432424 0.274880 2 0.429009 0.274264 2
0 0.510045 0.242063 0.012649 0.079365 0.512981 0.213423 2 0.513166 0.212008 2 0.512135 0.211817 2 0.512098 0.213037 1 0.509857 0.212632 2 0.510150 0.221257 2 0.510288 0.220836 2 0.510178 0.229698 1 0.513586 0.227482 2 0.510193 0.237992 1 0.514941 0.228503 2 0.511178 0.240833 2 0.511153 0.240766 2 0.511074 0.256532 2 0.511187 0.256734 2 0.510267 0.271246 2 0.510191 0.271709 2
0 0.557664 0.236111 0.014137 0.078042 0.557702 0.207225 2 0.558548 0.205839 2 0.557235 0.205963 2 0.560420 0.206556 2 0.556844 0.206901 1 0.562368 0.215096 2 0.555725 0.215032 2 0.563567 0.225976 2 0.553133 0.224344 2 0.563752 0.236127 2 0.552123 0.234768 2 0.560567 0.234487 2 0.556058 0.234297 2 0.560100 0.250223 2 0.555011 0.250111 2 0.560384 0.264526 2 0.553747 0.264626 2
0 0.544643 0.242063 0.013393 0.052910 0.546129 0.223297 2 0.546747 0.222313 2 0.545645 0.222241 2 0.547766 0.222652 2 0.544908 0.222485 2 0.548242 0.228029 2 0.544133 0.227929 2 0.549047 0.233996 2 0.543937 0.234129 2 0.548153 0.234391 2 0.546616 0.235385 2 0.547569 0.240209 2 0.544610 0.240095 2 0.547743 0.250158 2 0.544512 0.250076 2 0.548121 0.258846 2 0.543833 0.258772 2
