0 0.475260 0.504630 0.015253 0.044974 0.476310 0.499361 2 0.476709 0.498681 2 0.476063 0.498567 2 0.477342 0.498503 2 0.475755 0.498179 2 0.478166 0.501664 2 0.475135 0.499631 2 0.478498 0.507084 2 0.472958 0.501253 2 0.476573 0.510620 2 0.472869 0.501324 2 0.477422 0.508886 2 0.475352 0.507608 2 0.475523 0.512723 2 0.472143 0.511776 2 0.476283 0.516146 2 0.473225 0.515253 1
0 0.586124 0.301257 0.006324 0.027116 0.588369 0.293829 1 0.588127 0.293232 1 0.588345 0.293277 1 0.586773 0.293122 2 0.588185 0.293468 2 0.585666 0.295911 2 0.588306 0.296642 2 0.584790 0.299827 2 0.588876 0.301269 2 0.585425 0.301859 2 0.588854 0.303921 2 0.585835 0.304232 2 0.587612 0.304589 2 0.585899 0.309545 1 0.587700 0.309753 1 0.586047 0.312181 1 0.587458 0.312004 1
0 0.093936 0.649140 0.011533 0.045635 0.093991 0.636360 2 0.094242 0.635229 2 0.093304 0.635767 2 0.094684 0.634801 1 0.092270 0.636159 2 0.096434 0.637300 2 0.091030 0.640125 2 0.099490 0.637365 2 0.088167 0.644557 2 0.097949 0.642492 2 0.091364 0.648001 2 0.096911 0.651724 2 0.093635 0.653208 2 0.098878 0.661017 2 0.095663 0.661796 2 0.099424 0.670864 2 0.097308 0.670410 2
0 0.105841 0.666005 0.015253 0.046296 0.104560 0.649296 1 0.104413 0.648581 1 0.104629 0.648280 1 0.103104 0.649567 2 0.105698 0.648794 2 0.102410 0.655674 2 0.107816 0.654039 2 0.102103 0.662881 2 0.109780 0.659019 2 0.103175 0.666281 2 0.109066 0.657747 2 0.104598 0.667416 2 0.108383 0.666606 2 0.105263 0.675657 2 0.109040 0.673747 2 0.106038 0.683506 2 0.109763 0.682645 2
0 0.096540 0.592923 0.012277 0.040344 0.095855 0.576164 2 0.096427 0.575247 2 0.095428 0.575341 2 0.097501 0.575140 2 0.095036 0.575500 2 0.099371 0.578857 2 0.093683 0.580314 2 0.100995 0.584369 2 0.092378 0.586126 2 0.101030 0.589321 2 0.092552 0.591529 2 0.099307 0.591986 2 0.095741 0.593028 2 0.099923 0.599349 2 0.096832 0.602526 2 0.100382 0.607318 2 0.099335 0.612030 2
0 0.724702 0.763889 0.018601 0.048942 0.726544 0.746438 2 0.726994 0.745477 2 0.726236 0.745593 2 0.728563 0.745689 2 0.727084 0.746059 1 0.729467 0.750341 2 0.727661 0.750818 2 0.730897 0.757208 2 0.726462 0.758117 2 0.729939 0.764290 2 0.725118 0.764197 2 0.728462 0.762269 2 0.728126 0.762208 2 0.725091 0.770139 2 0.729173 0.770628 2 0.723547 0.779629 2 0.731082 0.778354 2
0 0.782924 0.734127 0.012277 0.038360 0.784909 0.725056 2 0.785328 0.724132 2 0.784408 0.724294 2 0.785897 0.723647 2 0.783435 0.723836 2 0.786789 0.727853 2 0.782149 0.726224 2 0.787071 0.733917 2 0.778867 0.727194 2 0.784136 0.736709 2 0.781276 0.724553 2 0.784306 0.738964 2 0.781346 0.737888 2 0.781863 0.747752 2 0.779445 0.746143 2 0.780838 0.756667 2 0.778704 0.754696 2
0 0.788504 0.753968 0.013765 0.050265 0.789150 0.736316 2 0.789826 0.735538 2 0.788844 0.735182 2 0.791037 0.735272 2 0.788530 0.734391 2 0.792300 0.739802 2 0.787357 0.738267 2 0.793511 0.746074 2 0.785253 0.743088 2 0.792618 0.747828 2 0.784160 0.748137 2 0.789507 0.752720 2 0.786406 0.751671 2 0.787968 0.761513 2 0.785542 0.760628 2 0.786689 0.767816 2 0.784855 0.768423 2
0 0.863095 0.549603 0.010417 0.044974 0.864417 0.538021 2 0.864948 0.537150 2 0.864012 0.536969 2 0.865484 0.536916 2 0.863193 0.536346 2 0.865935 0.541840 2 0.861700 0.540556 2 0.866083 0.549126 2 0.859768 0.546229 2 0.865553 0.556034 2 0.858572 0.552912 2 0.863931 0.552792 2 0.861336 0.552074 2 0.862860 0.559610 2 0.861040 0.559027 2 0.860673 0.565764 2 0.859616 0.565623 2
0 0.855097 0.547950 0.015253 0.052249 0.857126 0.530693 1 0.856936 0.529581 1 0.857235 0.529920 1 0.855415 0.529443 2 0.857718 0.530445 2 0.853400 0.533892 2 0.857799 0.536287 2 0.850969 0.538671 2 0.857881 0.543187 2 0.849976 0.542289 2 0.858176 0.546628 2 0.852121 0.544841 2 0.854984 0.545956 2 0.851320 0.550984 2 0.853447 0.552977 2 0.850232 0.559034 2 0.851246 0.560419 2
0 0.264509 0.778770 0.013393 0.048280 0.264031 0.756751 1 0.264261 0.755883 1 0.264563 0.755757 1 0.264952 0.757017 2 0.267442 0.756260 1 0.264581 0.763094 2 0.269221 0.761764 2 0.263551 0.771185 2 0.271065 0.767666 2 0.262654 0.777426 2 0.272417 0.773979 2 0.266775 0.774844 2 0.270031 0.774420 2 0.265604 0.782566 2 0.269926 0.783273 2 0.266935 0.791623 2 0.271942 0.792917 2
0 0.265253 0.757275 0.012649 0.055556 0.265301 0.757905 1 0.265457 0.757211 1 0.265610 0.756949 1 0.265688 0.757877 2 0.267867 0.756968 2 0.265329 0.762796 2 0.269784 0.761092 2 0.264254 0.770034 2 0.271003 0.766159 2 0.262977 0.775913 2 0.271770 0.772315 2 0.267085 0.774238 2 0.270304 0.773521 2 0.265879 0.782529 2 0.270658 0.782500 2 0.267127 0.791771 2 0.272284 0.792805 2
0 0.290551 0.660053 0.012649 0.039683 0.290478 0.642443 2 0.290716 0.641452 2 0.290191 0.641677 1 0.291515 0.639781 2 0.289882 0.640381 1 0.294560 0.642030 2 0.289895 0.643663 2 0.296841 0.648405 2 0.289098 0.649343 2 0.296941 0.655829 2 0.288937 0.656996 2 0.294576 0.656740 2 0.291128 0.657583 2 0.296196 0.664587 2 0.291179 0.667191 2 0.298212 0.671147 2 0.291130 0.677775 2
0 0.284970 0.647156 0.009673 0.041667 0.285485 0.634899 2 0.285927 0.633952 2 0.285004 0.634065 2 0.286688 0.632946 2 0.284371 0.633191 2 0.287969 0.636131 2 0.283450 0.635770 2 0.289579 0.641825 2 0.281041 0.638727 2 0.289025 0.646029 2 0.282280 0.635892 2 0.287730 0.647772 2 0.285061 0.647792 2 0.288204 0.655916 2 0.286705 0.655832 2 0.288498 0.662091 2 0.287899 0.661732 2
0 0.204241 0.593585 0.013393 0.048280 0.200454 0.578949 1 0.200522 0.578260 1 0.200800 0.577896 1 0.200736 0.578721 2 0.202882 0.577613 2 0.200871 0.583963 2 0.204977 0.581402 2 0.199656 0.590149 2 0.207222 0.585909 2 0.198386 0.592609 2 0.207985 0.591267 2 0.203529 0.594481 2 0.205924 0.593169 2 0.204407 0.603215 2 0.205444 0.601058 2 0.206631 0.609889 2 0.205863 0.608630 2
0 0.318080 0.753307 0.017857 0.044974 0.319929 0.736290 1 0.319912 0.735402 1 0.320088 0.735534 1 0.319069 0.736333 2 0.321786 0.736141 2 0.317990 0.742211 2 0.323577 0.739910 2 0.315080 0.745062 2 0.324628 0.737418 2 0.314829 0.741679 2 0.322073 0.734817 2 0.319638 0.756474 2 0.323505 0.755577 2 0.317177 0.762165 2 0.322611 0.760881 2 0.316878 0.773578 2 0.323363 0.771234 2
0 0.599330 0.848545 0.015625 0.050265 0.604161 0.834163 1 0.603917 0.833015 1 0.604197 0.833302 1 0.601877 0.833610 2 0.604856 0.834543 2 0.599704 0.839363 2 0.605868 0.841991 2 0.597642 0.842263 2 0.608282 0.848430 2 0.599840 0.838886 1 0.608050 0.853439 2 0.598823 0.854351 2 0.602881 0.855521 2 0.597550 0.862945 2 0.601284 0.865653 2 0.596074 0.871636 2 0.599682 0.874891 2
0 0.446429 0.436508 0.008929 0.035714 0.449040 0.422334 1 0.449335 0.421776 1 0.448732 0.421696 1 0.449680 0.421983 1 0.448250 0.421746 1 0.450306 0.425417 2 0.447103 0.424482 2 0.450565 0.430732 2 0.445650 0.429350 2 0.450427 0.431428 2 0.445310 0.433417 2 0.449008 0.436189 2 0.446775 0.435634 2 0.448830 0.443875 2 0.446125 0.443052 2 0.448447 0.451504 2 0.445365 0.450530 2
