0 0.250000 0.489749 0.004464 0.020503 0.249630 0.482763 1 0.249654 0.482325 1 0.249744 0.482280 1 0.249721 0.482341 2 0.250595 0.482164 2 0.249663 0.484429 2 0.251197 0.484330 2 0.248791 0.486892 2 0.252172 0.487195 2 0.248696 0.489255 2 0.252227 0.489775 2 0.250082 0.490202 2 0.251030 0.490096 2 0.250269 0.494119 2 0.250813 0.493888 2 0.250063 0.498068 2 0.250939 0.498085 2
0 0.579055 0.970899 0.010789 0.027778 0.578352 0.959540 1 0.578396 0.958732 1 0.578692 0.958921 1 0.577927 0.959319 2 0.580401 0.959607 2 0.576359 0.963890 2 0.582120 0.965085 2 0.575034 0.969983 2 0.583000 0.971076 2 0.575567 0.977651 2 0.581371 0.979036 2 0.576754 0.978117 2 0.580826 0.978854 2 0.576319 0.977433 2 0.580767 0.980024 2 0.576920 0.983644 2 0.580466 0.987534 2
0 0.526228 0.493056 0.004836 0.017857 0.526612 0.493426 1 0.526604 0.492910 1 0.526798 0.493055 1 0.526097 0.493172 2 0.527363 0.493488 2 0.525261 0.495929 2 0.527344 0.496654 2 0.524434 0.499117 2 0.527559 0.500660 2 0.524575 0.501641 1 0.527557 0.502928 1 0.525333 0.503017 2 0.526695 0.503385 2 0.525613 0.504384 1 0.526779 0.504693 1 0.525561 0.504395 1 0.526405 0.504320 1
0 0.818080 0.513558 0.006696 0.024471 0.816394 0.506090 1 0.816430 0.505557 1 0.816625 0.505600 1 0.816490 0.505821 2 0.817889 0.505748 2 0.816495 0.508757 2 0.818689 0.508739 2 0.816311 0.512795 2 0.819098 0.512776 2 0.815893 0.515847 2 0.818624 0.515588 2 0.816635 0.516789 2 0.818158 0.516709 2 0.816341 0.521499 2 0.817952 0.521538 1 0.816561 0.523403 1 0.817943 0.523873 1
0 0.836310 0.528108 0.006696 0.024471 0.836368 0.520812 1 0.836405 0.520343 1 0.836553 0.520502 1 0.836052 0.520664 2 0.837343 0.520955 2 0.835094 0.523300 2 0.837725 0.523768 2 0.833955 0.525605 2 0.838235 0.526892 2 0.832885 0.526772 1 0.838523 0.529352 2 0.834954 0.529899 2 0.836721 0.530063 2 0.834448 0.531260 2 0.836617 0.531400 2 0.834510 0.536332 2 0.836036 0.535942 2
0 0.719122 0.359127 0.005208 0.018519 0.718510 0.353802 1 0.718534 0.353512 1 0.718574 0.353506 1 0.718455 0.353585 2 0.719095 0.353540 2 0.718250 0.355094 2 0.719535 0.355042 2 0.717794 0.356758 2 0.720250 0.356564 2 0.718241 0.357692 2 0.719856 0.357451 2 0.718584 0.358821 2 0.719371 0.358756 2 0.718556 0.361778 2 0.718878 0.361842 2 0.718547 0.364739 2 0.718727 0.364874 2
0 0.624070 0.318783 0.003348 0.013228 0.624351 0.313858 1 0.624442 0.313566 1 0.624249 0.313568 1 0.624511 0.313668 1 0.624098 0.313671 2 0.624592 0.315236 2 0.623787 0.315211 2 0.624777 0.317233 2 0.623337 0.317044 2 0.624640 0.318985 2 0.623383 0.318566 2 0.624146 0.318617 2 0.623655 0.318614 2 0.624147 0.321361 2 0.623803 0.321416 2 0.624020 0.324173 2 0.623766 0.324178 2
0 0.987723 0.676918 0.009673 0.032407 0.989165 0.668841 1 0.989215 0.668211 1 0.989489 0.668221 1 0.989457 0.668533 2 0.991095 0.668436 1 0.989442 0.671936 2 0.991522 0.671926 2 0.988553 0.675923 2 0.991590 0.676702 2 0.987484 0.676143 2 0.991325 0.680519 1 0.989388 0.679961 2 0.990762 0.679906 2 0.989172 0.686019 2 0.990293 0.686344 2 0.989574 0.692134 2 0.990621 0.692595 2
0 0.747210 0.391204 0.005580 0.019180 0.747594 0.383375 2 0.747465 0.382975 1 0.747555 0.382988 2 0.746620 0.382972 1 0.747169 0.383019 2 0.746144 0.384719 2 0.746907 0.384840 2 0.746105 0.387117 1 0.747168 0.387404 2 0.746865 0.388465 1 0.747789 0.388705 2 0.746153 0.388769 2 0.746791 0.388896 2 0.746395 0.391496 2 0.747711 0.391388 2 0.745725 0.394569 2 0.747820 0.394843 2
0 0.738095 0.386243 0.005952 0.019841 0.738441 0.379108 1 0.738442 0.378760 1 0.738381 0.378742 1 0.738206 0.378835 1 0.738251 0.378810 2 0.738194 0.380776 2 0.737896 0.380765 2 0.738302 0.383323 2 0.737545 0.383324 2 0.738451 0.385426 2 0.737481 0.385721 2 0.738025 0.385316 2 0.737876 0.385319 2 0.737847 0.388243 2 0.737646 0.388322 2 0.737519 0.391220 2 0.737422 0.391301 2
0 0.496094 0.299272 0.003348 0.016534 0.496623 0.295326 1 0.496596 0.295053 1 0.496632 0.295051 1 0.496308 0.295113 1 0.496791 0.295142 2 0.496026 0.296501 2 0.496960 0.296627 2 0.495776 0.297967 2 0.497133 0.298325 2 0.496101 0.298816 1 0.497108 0.300021 2 0.496171 0.299783 2 0.496800 0.299861 2 0.496223 0.302379 2 0.496683 0.302479 2 0.496269 0.304905 2 0.496622 0.305049 2
0 0.507068 0.308862 0.005208 0.013228 0.507399 0.306001 1 0.507497 0.305765 1 0.507314 0.305778 1 0.507642 0.305784 1 0.507257 0.305805 1 0.507745 0.306814 2 0.507071 0.306661 2 0.507932 0.307782 2 0.506546 0.306820 2 0.507728 0.308883 2 0.506691 0.306198 2 0.507580 0.309513 2 0.507174 0.309476 2 0.507479 0.311557 2 0.507171 0.311582 2 0.507459 0.313804 2 0.507299 0.313620 2
0 0.599330 0.723214 0.009673 0.029762 0.598048 0.709978 2 0.598291 0.709484 2 0.597765 0.709570 2 0.598712 0.708758 2 0.597394 0.708910 2 0.599664 0.709757 2 0.596518 0.709275 2 0.600616 0.713770 2 0.595921 0.713632 2 0.599498 0.715890 2 0.596756 0.716284 2 0.599369 0.717496 2 0.597040 0.717069 2 0.600161 0.723367 2 0.595571 0.721423 2 0.600557 0.731801 2 0.595681 0.728077 2
0 0.617560 0.719246 0.008185 0.031085 0.618696 0.709440 1 0.618579 0.708837 1 0.618777 0.708896 1 0.617728 0.708789 2 0.619352 0.708882 2 0.616821 0.711655 2 0.620208 0.711321 2 0.615612 0.715253 2 0.621997 0.713341 2 0.615635 0.718801 2 0.620807 0.713817 2 0.617340 0.720294 2 0.619426 0.720124 2 0.617716 0.724574 2 0.618659 0.724592 2 0.617888 0.729519 2 0.618394 0.729163 2
0 0.533854 0.502976 0.006696 0.021825 0.534247 0.493897 2 0.534466 0.493444 2 0.534026 0.493428 2 0.534775 0.493530 1 0.533626 0.493502 2 0.535249 0.495802 2 0.532977 0.495797 2 0.536101 0.497723 2 0.532070 0.497799 2 0.535180 0.499182 2 0.532353 0.499676 2 0.534631 0.501709 2 0.533131 0.501655 2 0.534692 0.505793 2 0.532908 0.505864 2 0.534637 0.509891 2 0.532782 0.509964 2
0 0.539249 0.516865 0.007068 0.025794 0.539357 0.506227 1 0.539373 0.505785 1 0.539475 0.505800 1 0.539340 0.506021 1 0.540316 0.506011 1 0.539181 0.508134 2 0.540733 0.508413 2 0.538161 0.509671 2 0.540770 0.511426 2 0.538170 0.509312 2 0.540701 0.514166 1 0.539475 0.514373 2 0.540508 0.514428 2 0.539274 0.519194 2 0.540311 0.519147 2 0.538923 0.523687 2 0.540264 0.523905 2
