0 0.065848 0.527116 0.036458 0.130952 0.054895 0.489212 2 0.056474 0.486418 2 0.053252 0.486622 2 0.059204 0.487028 2 0.050727 0.487873 2 0.064764 0.498774 2 0.050663 0.503512 2 0.073991 0.506051 2 0.045446 0.507029 2 0.071212 0.518000 2 0.049902 0.507421 2 0.066404 0.535044 2 0.056898 0.538820 2 0.072011 0.554537 2 0.060590 0.565570 2 0.080043 0.567687 2 0.064799 0.588960 2
0 0.020461 0.607143 0.036458 0.126984 0.010936 0.558710 2 0.012800 0.555442 2 0.009370 0.555879 2 0.016125 0.557112 2 0.007772 0.558099 2 0.019141 0.575060 2 0.005538 0.574378 2 0.022839 0.593538 2 0.005190 0.592305 1 0.023867 0.610464 2 0.008567 0.607581 1 0.021636 0.610305 2 0.012929 0.610816 2 0.025069 0.629048 2 0.016219 0.627101 2 0.028076 0.647598 2 0.024714 0.638500 2
0 0.727307 0.214286 0.020089 0.082011 0.735570 0.187984 2 0.734972 0.186477 1 0.735175 0.186577 2 0.731971 0.186721 1 0.733322 0.187203 2 0.729613 0.193905 2 0.732600 0.195130 2 0.728060 0.203443 1 0.732303 0.206060 2 0.729482 0.213091 1 0.734076 0.215300 2 0.728871 0.215072 2 0.730834 0.215722 2 0.729419 0.230431 2 0.730797 0.231528 2 0.726019 0.243641 2 0.726923 0.246418 2
0 0.916667 0.276455 0.025298 0.097884 0.927938 0.248496 2 0.927746 0.246318 1 0.928167 0.246142 2 0.924454 0.242542 1 0.926550 0.242280 2 0.919158 0.248664 2 0.921467 0.249609 2 0.916970 0.260971 1 0.918926 0.264639 2 0.920970 0.269049 1 0.921316 0.272681 2 0.916699 0.276865 2 0.917750 0.277945 2 0.918395 0.294843 2 0.917376 0.296712 2 0.913073 0.312312 2 0.907759 0.311633 2
0 0.289062 0.139550 0.015625 0.054233 0.288131 0.123921 2 0.288520 0.122938 2 0.287610 0.122951 2 0.289053 0.123234 1 0.286701 0.123280 2 0.289994 0.128939 2 0.285384 0.129367 2 0.291055 0.135941 2 0.284478 0.137100 2 0.291031 0.141655 2 0.285294 0.143157 2 0.290476 0.143223 2 0.286950 0.143722 2 0.292911 0.153244 2 0.286719 0.153951 2 0.294619 0.164767 2 0.285727 0.165229 2
0 0.290179 0.160714 0.011905 0.030423 0.289053 0.141456 1 0.288811 0.140906 1 0.289083 0.140824 1 0.287900 0.140556 1 0.289821 0.140584 1 0.286552 0.140212 1 0.290402 0.140380 1 0.284837 0.140611 1 0.292174 0.142809 1 0.284776 0.143245 2 0.292103 0.145697 2 0.287106 0.143561 2 0.290064 0.143687 2 0.286688 0.154183 2 0.292786 0.153766 2 0.285706 0.165485 2 0.294910 0.163286 2
0 0.146577 0.107804 0.016369 0.048942 0.148470 0.128589 1 0.148470 0.127776 1 0.148995 0.127807 1 0.148173 0.128416 2 0.151325 0.128154 2 0.147532 0.134541 2 0.153053 0.134211 2 0.146869 0.140615 1 0.154388 0.140059 1 0.146108 0.140229 1 0.153115 0.139051 1 0.148736 0.141038 1 0.152510 0.141038 1 0.147092 0.136540 1 0.151509 0.136313 1 0.147797 0.139472 1 0.150679 0.139899 1
0 0.188616 0.089286 0.015625 0.043651 0.190507 0.071465 1 0.190066 0.070580 1 0.190424 0.070489 1 0.187879 0.071270 1 0.189990 0.071282 2 0.187051 0.076832 2 0.190166 0.076767 2 0.186678 0.082046 2 0.191283 0.081352 2 0.188389 0.082308 1 0.191624 0.079878 1 0.188145 0.088464 2 0.190354 0.088560 2 0.188847 0.096993 2 0.191078 0.096590 2 0.188905 0.104839 2 0.191889 0.105067 2
0 0.551711 0.025794 0.014137 0.035714 0.549300 0.026510 1 0.549515 0.025954 1 0.549074 0.025970 1 0.549996 0.025262 1 0.548690 0.025313 2 0.551807 0.024549 2 0.548312 0.025977 2 0.555033 0.025083 2 0.547977 0.029058 2 0.553002 0.027278 2 0.547948 0.030921 2 0.552936 0.026869 2 0.550614 0.027285 2 0.551625 0.033594 2 0.548802 0.033544 2 0.552126 0.040678 2 0.548739 0.041101 2
0 0.585938 0.384259 0.027530 0.112434 0.587374 0.395778 1 0.587655 0.393157 1 0.589338 0.393744 1 0.588029 0.396511 2 0.596822 0.396558 2 0.586281 0.414209 2 0.599203 0.415093 2 0.582867 0.432424 2 0.600708 0.432849 2 0.580098 0.452956 2 0.597765 0.442417 1 0.587700 0.456979 2 0.596389 0.457002 2 0.582044 0.453639 1 0.592323 0.454114 1 0.580966 0.458102 1 0.590271 0.458218 1
0 0.854911 0.255952 0.020833 0.051587 0.861103 0.246780 2 0.862049 0.245729 2 0.860576 0.244576 2 0.862157 0.245266 1 0.858113 0.242550 2 0.860202 0.250042 2 0.854076 0.247596 2 0.861112 0.261258 2 0.854497 0.261523 2 0.862379 0.265470 2 0.857978 0.269506 2 0.852449 0.262615 2 0.848221 0.261476 2 0.857188 0.261285 2 0.852148 0.259156 2 0.852528 0.271631 2 0.849122 0.272077 2
0 0.638021 0.171296 0.017113 0.067460 0.642387 0.154454 1 0.642116 0.153113 1 0.642186 0.153218 1 0.639923 0.152655 1 0.641519 0.153083 2 0.636975 0.159513 2 0.642200 0.159889 2 0.633907 0.168951 2 0.644015 0.169934 2 0.634057 0.177781 2 0.644639 0.177722 2 0.637185 0.178202 2 0.640010 0.178325 2 0.636916 0.191401 2 0.636739 0.190758 2 0.640268 0.206402 2 0.635545 0.204011 2
0 0.590402 0.455026 0.034970 0.148148 0.579040 0.364350 2 0.579950 0.361184 2 0.578449 0.362028 2 0.583374 0.359778 2 0.579002 0.362033 1 0.591598 0.365996 2 0.577292 0.376308 2 0.602132 0.374291 2 0.575137 0.399713 2 0.596439 0.369915 2 0.580512 0.399105 2 0.596677 0.402761 2 0.585967 0.407663 2 0.600894 0.430271 2 0.581969 0.434322 2 0.609431 0.442757 2 0.586720 0.447152 2
0 0.484003 0.450397 0.034970 0.141534 0.500990 0.400008 2 0.499568 0.397184 1 0.500391 0.397791 2 0.493199 0.398145 1 0.497734 0.400972 2 0.488613 0.410370 2 0.495288 0.418524 2 0.487368 0.427912 2 0.495198 0.443954 2 0.490543 0.444985 2 0.501473 0.459030 2 0.483107 0.448446 2 0.488006 0.452811 2 0.488360 0.470433 2 0.494530 0.480692 2 0.481961 0.493812 2 0.489846 0.509215 2
0 0.421503 0.390873 0.033482 0.128307 0.439332 0.347871 2 0.438515 0.344665 1 0.438530 0.345395 2 0.430661 0.344252 1 0.435263 0.346722 2 0.424039 0.355653 2 0.434836 0.363078 2 0.419492 0.366768 2 0.434060 0.386983 2 0.422527 0.376614 1 0.435731 0.405564 2 0.419852 0.396964 2 0.428516 0.400059 2 0.416132 0.424779 2 0.432759 0.427862 2 0.409511 0.450384 2 0.432525 0.459201 2
0 0.248884 0.488095 0.037946 0.164021 0.249195 0.435417 2 0.247159 0.433679 1 0.248308 0.433148 2 0.239403 0.438559 1 0.245558 0.438147 2 0.234993 0.458053 2 0.250890 0.456661 2 0.233364 0.481435 2 0.256291 0.479038 2 0.234711 0.497588 2 0.261073 0.497471 2 0.241246 0.501551 2 0.251904 0.501035 2 0.243874 0.532907 2 0.252281 0.531252 2 0.246553 0.561325 2 0.250983 0.563629 2
0 0.383185 0.435847 0.026786 0.146825 0.387437 0.386483 2 0.386503 0.383911 1 0.386867 0.383559 2 0.380012 0.385301 1 0.384410 0.384718 2 0.375073 0.399139 2 0.387116 0.399577 2 0.372785 0.419731 2 0.391401 0.416914 2 0.373946 0.432961 2 0.394437 0.431427 2 0.377468 0.434165 2 0.386070 0.435314 2 0.378294 0.462654 2 0.389309 0.466949 2 0.377925 0.486383 2 0.390459 0.498827 2
0 0.539807 0.415344 0.042411 0.140212 0.546424 0.366464 1 0.545469 0.363406 1 0.545989 0.363857 1 0.538689 0.363765 2 0.544747 0.365916 2 0.531851 0.378448 2 0.545258 0.383585 2 0.526258 0.395174 2 0.548628 0.406538 2 0.531204 0.396995 2 0.555787 0.406893 2 0.530453 0.419886 2 0.539711 0.422249 2 0.531591 0.446432 2 0.543903 0.449344 2 0.530272 0.472369 2 0.544192 0.476348 2
0 0.593006 0.414683 0.050595 0.141534 0.578356 0.364145 2 0.578188 0.361944 2 0.578700 0.361985 1 0.578114 0.361948 2 0.582609 0.361969 2 0.582717 0.372549 2 0.586686 0.372691 2 0.585894 0.387011 2 0.591538 0.389024 2 0.586216 0.379559 2 0.591929 0.388493 2 0.592255 0.408746 2 0.595326 0.408596 2 0.589917 0.432760 2 0.600026 0.430511 2 0.604240 0.443244 2 0.619889 0.441907 2
0 0.553571 0.563492 0.037202 0.179894 0.542284 0.497833 1 0.542182 0.494738 1 0.542641 0.494817 1 0.541294 0.498054 2 0.549521 0.497411 1 0.546864 0.518614 2 0.550113 0.517065 2 0.550817 0.545742 2 0.543992 0.539732 2 0.555843 0.571650 2 0.534381 0.546229 2 0.545668 0.573616 2 0.551712 0.572422 2 0.536358 0.607586 2 0.559048 0.605993 2 0.527530 0.640127 2 0.569278 0.641215 2
0 0.446429 0.401455 0.044643 0.115079 0.460788 0.366795 2 0.460707 0.364656 1 0.460601 0.364408 2 0.458225 0.362249 1 0.457100 0.362298 2 0.454937 0.373991 2 0.448157 0.374748 2 0.450107 0.394730 2 0.440127 0.390485 2 0.454059 0.416394 2 0.437751 0.410933 2 0.448883 0.404519 2 0.443016 0.406954 2 0.458813 0.420983 2 0.448081 0.430544 2 0.465510 0.445123 2 0.443162 0.457197 2
0 0.251860 0.328704 0.026042 0.115079 0.246478 0.288142 2 0.247749 0.285621 2 0.245083 0.286346 2 0.249980 0.286068 2 0.243899 0.287825 2 0.253406 0.299141 2 0.244146 0.300119 2 0.258938 0.314862 2 0.243933 0.313838 2 0.250456 0.316085 2 0.243330 0.313777 2 0.253629 0.330883 2 0.248709 0.330789 2 0.249567 0.355121 2 0.252740 0.354166 2 0.251008 0.382248 2 0.258493 0.377318 2
0 0.486235 0.273148 0.020089 0.107143 0.484866 0.236755 2 0.485922 0.234778 2 0.484031 0.234871 2 0.487820 0.235730 2 0.483111 0.235976 1 0.488798 0.247932 2 0.483931 0.247536 2 0.490114 0.262101 2 0.482772 0.258425 2 0.488849 0.273982 2 0.479550 0.265750 2 0.487345 0.274438 2 0.483623 0.274081 2 0.489736 0.295121 2 0.483154 0.294584 2 0.494447 0.313008 2 0.481990 0.313313 2
0 0.533854 0.206349 0.021577 0.084656 0.533764 0.174470 1 0.533429 0.172712 1 0.533827 0.172832 1 0.530756 0.173012 2 0.534536 0.173665 2 0.528219 0.182235 2 0.534809 0.183632 2 0.527414 0.192622 1 0.535770 0.196842 2 0.530114 0.199808 1 0.538932 0.206478 2 0.528336 0.205719 2 0.532909 0.206309 2 0.529244 0.223866 2 0.533727 0.223928 2 0.529562 0.241411 2 0.533075 0.241019 2
0 0.762649 0.258598 0.019345 0.075397 0.765328 0.231548 2 0.766010 0.229746 2 0.764288 0.229641 2 0.766258 0.230389 1 0.761865 0.230006 2 0.765601 0.240318 2 0.758893 0.239236 2 0.765713 0.253029 2 0.756663 0.251635 2 0.766924 0.259211 2 0.761746 0.258899 2 0.762517 0.261700 2 0.758127 0.261936 2 0.768749 0.270094 2 0.765001 0.270150 2 0.766875 0.290431 2 0.764711 0.290726 2
0 0.786458 0.259259 0.025298 0.082011 0.782290 0.231774 2 0.783407 0.229837 2 0.781349 0.229098 2 0.783933 0.230198 2 0.779311 0.228701 2 0.782819 0.234617 2 0.776305 0.238225 2 0.785879 0.248310 2 0.781732 0.251688 2 0.789054 0.256715 2 0.787421 0.260926 2 0.783082 0.255353 2 0.778493 0.259989 2 0.793695 0.256119 2 0.786753 0.272061 2 0.786484 0.266711 2 0.788783 0.289384 2
0 0.962798 0.866402 0.066964 0.235450 0.981792 0.784836 2 0.985726 0.780708 2 0.979470 0.778474 2 0.990802 0.783003 2 0.975055 0.777374 2 0.987901 0.811729 2 0.967799 0.799263 2 0.976328 0.842582 2 0.956687 0.821621 2 0.959193 0.846624 2 0.951057 0.840388 2 0.973845 0.872311 2 0.959795 0.865220 2 0.971367 0.912051 2 0.955839 0.901612 2 0.964045 0.950647 2 0.953481 0.938475 2
0 0.525298 0.307540 0.023810 0.070106 0.527587 0.303103 1 0.528640 0.301045 1 0.526531 0.301024 1 0.530001 0.298461 1 0.524897 0.298564 1 0.531853 0.297335 2 0.521659 0.297814 2 0.535276 0.306692 2 0.518348 0.308209 2 0.531618 0.310492 2 0.524953 0.313538 2 0.530455 0.314902 2 0.523584 0.315282 2 0.534650 0.315551 2 0.518371 0.316803 2 0.531346 0.338832 2 0.523871 0.339184 2
0 0.459821 0.156085 0.016369 0.068783 0.460136 0.135219 1 0.460518 0.133978 1 0.459844 0.133973 1 0.460769 0.133618 2 0.459909 0.133474 2 0.461705 0.139130 2 0.459803 0.139156 2 0.464533 0.145973 2 0.459719 0.146057 2 0.463180 0.150494 2 0.459809 0.149844 2 0.461539 0.154621 2 0.460644 0.154466 2 0.460184 0.168236 2 0.461050 0.167994 2 0.460019 0.180998 2 0.461168 0.180798 2
0 0.152530 0.325397 0.017857 0.060847 0.151224 0.307966 2 0.152125 0.306224 2 0.150375 0.306592 2 0.154128 0.306021 2 0.149674 0.306918 1 0.156094 0.313446 2 0.149979 0.314345 2 0.158114 0.322080 2 0.150367 0.322973 2 0.159142 0.330578 2 0.151073 0.331006 2 0.156563 0.330043 2 0.152356 0.330519 2 0.158002 0.339191 2 0.153090 0.339715 2 0.159144 0.349139 2 0.153443 0.349668 2
0 0.075893 0.321429 0.035714 0.055556 0.078678 0.309215 2 0.079113 0.307597 2 0.077440 0.307989 2 0.079792 0.307921 1 0.074790 0.309246 2 0.081443 0.315194 2 0.071909 0.318452 2 0.087450 0.322378 2 0.068092 0.330329 2 0.086326 0.322197 2 0.066687 0.339945 2 0.080384 0.334331 2 0.073627 0.335972 2 0.083530 0.323942 2 0.069601 0.328378 2 0.087432 0.343324 2 0.068983 0.345805 2
0 0.591518 0.143519 0.016369 0.062169 0.596514 0.113522 2 0.597168 0.112450 2 0.596043 0.112256 2 0.597987 0.113494 2 0.595492 0.112983 2 0.599068 0.120707 2 0.593929 0.119440 2 0.600599 0.128578 2 0.589683 0.124608 2 0.600018 0.127762 2 0.586025 0.124411 2 0.597134 0.138678 2 0.593970 0.137937 2 0.596382 0.152396 2 0.593234 0.152120 2 0.595010 0.165533 2 0.592647 0.165777 2
0 0.150670 0.143519 0.017113 0.048942 0.148576 0.129250 1 0.148571 0.128278 1 0.148918 0.128142 1 0.148057 0.129018 2 0.151067 0.128492 2 0.147247 0.135468 2 0.152842 0.134298 2 0.146207 0.142347 2 0.154551 0.138001 2 0.147374 0.145136 2 0.154465 0.135770 1 0.149917 0.150461 2 0.153564 0.150217 2 0.151444 0.161522 2 0.154024 0.161240 2 0.152923 0.171936 2 0.154669 0.171751 2
0 0.742188 0.181878 0.014137 0.054233 0.739061 0.169328 2 0.739192 0.168219 2 0.738907 0.168062 1 0.740363 0.167000 2 0.739771 0.166526 1 0.743023 0.169439 2 0.742508 0.169152 2 0.745150 0.175721 2 0.744751 0.175222 1 0.745463 0.181031 2 0.744633 0.180323 1 0.748897 0.175402 2 0.748130 0.175276 2 0.747336 0.184448 2 0.744650 0.183856 2 0.749620 0.192112 2 0.744565 0.192948 2
0 0.384301 0.113095 0.014137 0.051587 0.381772 0.095986 1 0.381753 0.095028 1 0.381959 0.094966 1 0.381779 0.094801 1 0.383867 0.094533 1 0.381388 0.099419 2 0.385337 0.098613 2 0.381497 0.105974 2 0.386218 0.104952 2 0.380926 0.110801 2 0.386969 0.109867 2 0.382394 0.112380 2 0.385224 0.111900 2 0.382296 0.122860 2 0.385856 0.122010 2 0.382081 0.133392 2 0.385191 0.131576 2
0 0.199033 0.128968 0.014137 0.043651 0.197026 0.114348 1 0.197158 0.113323 1 0.197312 0.113246 1 0.197785 0.114022 2 0.199143 0.113689 1 0.198726 0.120108 2 0.199059 0.119666 2 0.198591 0.125765 2 0.198363 0.125702 1 0.197296 0.126886 2 0.197886 0.126621 1 0.199147 0.132343 2 0.199453 0.132109 2 0.199906 0.141097 2 0.200226 0.140712 2 0.200391 0.149900 2 0.201730 0.149439 2
0 0.616443 0.240741 0.015625 0.089947 0.620387 0.206450 2 0.620312 0.204685 1 0.619507 0.204738 2 0.618318 0.206133 1 0.617040 0.205906 2 0.617115 0.215340 2 0.617155 0.214902 2 0.620699 0.226278 1 0.622250 0.222952 2 0.621841 0.226121 1 0.621882 0.214920 2 0.617396 0.238818 2 0.617600 0.239039 2 0.618277 0.257440 2 0.620541 0.257216 2 0.614735 0.274539 2 0.619428 0.273791 2
0 0.932292 0.311508 0.032738 0.130952 0.938251 0.265545 2 0.939053 0.263264 2 0.937012 0.262811 2 0.937754 0.265706 1 0.932951 0.264201 2 0.936942 0.277226 2 0.929358 0.278193 2 0.932931 0.293320 2 0.925614 0.295589 2 0.935170 0.297276 2 0.932585 0.299468 2 0.930674 0.306548 2 0.926608 0.306966 2 0.924742 0.326468 2 0.927971 0.329792 2 0.914048 0.336337 2 0.928474 0.352427 2
0 0.867560 0.367725 0.047619 0.132275 0.878133 0.323981 2 0.877330 0.320942 1 0.877941 0.321121 2 0.871954 0.319217 1 0.874402 0.319270 2 0.870316 0.327150 2 0.870405 0.330045 2 0.872678 0.344942 2 0.873266 0.350463 2 0.881073 0.351309 2 0.882477 0.358375 2 0.868118 0.361927 2 0.868423 0.363885 2 0.868448 0.385000 2 0.871112 0.389512 2 0.855226 0.401090 2 0.866166 0.414532 2
0 0.777158 0.213624 0.024554 0.067460 0.782344 0.231314 2 0.783155 0.229825 2 0.781622 0.229327 2 0.783465 0.229436 1 0.779329 0.228226 2 0.782832 0.236175 2 0.776750 0.237649 2 0.786053 0.246441 2 0.782018 0.251693 2 0.789042 0.255280 2 0.787190 0.258473 2 0.782819 0.256360 2 0.778368 0.258284 2 0.789700 0.255583 1 0.785730 0.258854 1 0.788597 0.259020 1 0.785241 0.259673 1
0 0.514509 0.079365 0.012649 0.034392 0.515463 0.071621 2 0.515593 0.070977 1 0.515097 0.070933 2 0.515495 0.071522 1 0.514244 0.071427 2 0.515492 0.075669 2 0.513355 0.075521 2 0.515962 0.080200 2 0.512547 0.079261 2 0.516528 0.083457 2 0.513982 0.079469 2 0.515044 0.084258 2 0.513615 0.084378 2 0.515101 0.089438 2 0.513486 0.089840 2 0.514576 0.094575 2 0.512922 0.094916 2
0 0.945685 0.271825 0.029762 0.112434 0.937794 0.264531 2 0.938480 0.262375 2 0.936404 0.262237 2 0.938056 0.264406 1 0.932936 0.264193 2 0.936080 0.277343 2 0.929262 0.277308 2 0.932674 0.293142 2 0.924933 0.295197 2 0.934445 0.298224 2 0.931841 0.299624 2 0.930337 0.309906 2 0.926061 0.309970 2 0.927624 0.334832 2 0.927115 0.334922 2 0.925792 0.344275 1 0.928527 0.345242 1
