0 0.575149 0.395503 0.044643 0.132275 0.572889 0.347211 1 0.573309 0.344697 1 0.574061 0.345120 1 0.573943 0.346474 2 0.581014 0.346718 2 0.570911 0.361117 2 0.584484 0.362639 2 0.564351 0.376159 2 0.588058 0.384340 2 0.555529 0.391000 2 0.590485 0.402287 2 0.572155 0.403449 2 0.581898 0.403630 2 0.566895 0.430434 2 0.583288 0.430154 2 0.566501 0.459604 2 0.587658 0.455746 2
0 0.665179 0.182540 0.017857 0.068783 0.669938 0.154643 1 0.669976 0.153372 1 0.670303 0.153357 1 0.669696 0.154086 2 0.673105 0.153750 2 0.668994 0.161588 2 0.675174 0.160485 2 0.667536 0.171036 2 0.676954 0.168090 2 0.665659 0.178442 2 0.675923 0.172685 2 0.669544 0.179892 2 0.673775 0.179157 2 0.668571 0.195269 2 0.672899 0.194982 2 0.667582 0.209848 2 0.671654 0.209361 2
0 0.604539 0.463624 0.043899 0.157407 0.607629 0.410840 1 0.608101 0.408002 1 0.608233 0.408671 1 0.607611 0.411086 2 0.615295 0.411261 2 0.605421 0.428608 2 0.619641 0.427244 2 0.595839 0.448671 2 0.622496 0.444970 2 0.591540 0.453396 2 0.616752 0.445117 1 0.606274 0.474389 2 0.616838 0.473018 2 0.594904 0.503339 2 0.614502 0.501074 2 0.586844 0.536072 2 0.617315 0.531146 2
0 0.589286 0.363757 0.043155 0.100529 0.573106 0.347452 1 0.573467 0.344983 1 0.574368 0.345413 1 0.573855 0.346825 2 0.580838 0.347093 2 0.570623 0.360572 2 0.584421 0.363011 2 0.564210 0.375553 2 0.587549 0.384488 2 0.559524 0.384153 2 0.590067 0.400877 2 0.571902 0.403569 2 0.581383 0.404385 2 0.566490 0.429027 2 0.580633 0.429973 2 0.566223 0.433862 1 0.582203 0.433862 1
0 0.380208 0.415344 0.026786 0.150794 0.389314 0.364215 2 0.388121 0.361559 1 0.388887 0.361353 2 0.380765 0.363241 1 0.385784 0.363494 2 0.375518 0.375515 2 0.383453 0.378829 2 0.373239 0.392651 2 0.383893 0.399368 2 0.383979 0.386429 1 0.390143 0.385849 2 0.377168 0.413984 2 0.383360 0.416132 2 0.376940 0.448082 2 0.386519 0.450457 2 0.371415 0.478089 2 0.386110 0.484559 2
0 0.491071 0.520503 0.037202 0.167989 0.496784 0.463705 1 0.496742 0.460371 1 0.497350 0.460535 1 0.493771 0.462658 2 0.502389 0.462481 2 0.490098 0.483824 2 0.505520 0.482784 2 0.487922 0.508757 2 0.508637 0.507769 2 0.488584 0.527521 2 0.512504 0.526543 2 0.493434 0.529712 2 0.504683 0.529302 2 0.492481 0.563726 2 0.507556 0.561563 2 0.492285 0.600607 2 0.508670 0.596222 2
0 0.369420 0.442460 0.027530 0.138889 0.369974 0.390698 2 0.369651 0.387918 1 0.368337 0.388302 2 0.367033 0.390445 1 0.363587 0.391486 2 0.369564 0.402220 2 0.360788 0.406409 2 0.373093 0.420207 2 0.365520 0.423314 2 0.374225 0.425357 2 0.371440 0.409166 2 0.370930 0.437698 2 0.365178 0.440505 2 0.370803 0.470167 2 0.368453 0.475753 2 0.364580 0.495568 2 0.369559 0.506209 2
0 0.643229 0.349206 0.034970 0.100529 0.632137 0.316113 2 0.632557 0.313552 2 0.631761 0.314101 1 0.636187 0.312459 2 0.634431 0.312950 1 0.643712 0.320931 2 0.638472 0.317146 2 0.648786 0.338265 2 0.639136 0.324677 2 0.648585 0.355146 2 0.635055 0.330009 2 0.653190 0.338108 2 0.649358 0.335864 2 0.649853 0.363260 2 0.644925 0.355831 2 0.652519 0.387904 2 0.645865 0.376653 2
0 0.428943 0.414021 0.030506 0.142857 0.440021 0.353766 2 0.439497 0.351000 1 0.438789 0.351596 2 0.436039 0.352551 1 0.434722 0.353833 2 0.433163 0.365662 2 0.431936 0.367513 2 0.429523 0.378525 2 0.422740 0.385430 2 0.432592 0.387922 2 0.428957 0.400177 2 0.430611 0.404509 2 0.430121 0.405605 2 0.432830 0.434344 2 0.436866 0.434347 2 0.420759 0.458653 2 0.426991 0.462123 2
0 0.348214 0.435185 0.035714 0.161376 0.348276 0.383013 1 0.346603 0.380311 1 0.347965 0.380019 1 0.339419 0.382680 1 0.346513 0.383033 2 0.336936 0.399447 2 0.346612 0.401771 2 0.337980 0.422155 1 0.349431 0.425312 2 0.343200 0.434756 1 0.350765 0.434528 2 0.338509 0.442291 2 0.345107 0.443946 2 0.343126 0.473879 2 0.347337 0.477950 2 0.341830 0.501470 2 0.344865 0.511023 2
0 0.134301 0.369709 0.037946 0.128307 0.131268 0.327598 2 0.132353 0.325016 2 0.130087 0.325312 2 0.134001 0.321960 1 0.127865 0.322761 2 0.137783 0.329631 2 0.124725 0.332879 2 0.143963 0.341765 2 0.120980 0.348639 2 0.139627 0.349084 2 0.128341 0.350512 2 0.139352 0.364602 2 0.130579 0.366658 2 0.142899 0.390996 2 0.132131 0.393355 2 0.147998 0.417459 2 0.134207 0.420392 2
0 0.226562 0.341931 0.024554 0.109788 0.209821 0.276237 2 0.209980 0.273854 2 0.209821 0.273970 1 0.212926 0.274317 2 0.211282 0.274648 1 0.216677 0.287903 2 0.211670 0.287800 2 0.217448 0.306635 2 0.211827 0.306040 1 0.215725 0.323449 2 0.211475 0.323068 1 0.215944 0.320623 2 0.212225 0.320175 2 0.216523 0.344744 2 0.211379 0.343633 2 0.221006 0.369615 2 0.215443 0.368267 2
0 0.550223 0.201058 0.021577 0.089947 0.554772 0.175234 1 0.554472 0.173873 1 0.554894 0.174312 1 0.552018 0.175270 2 0.556145 0.176072 2 0.550419 0.183591 2 0.557693 0.183444 2 0.547300 0.193453 2 0.561753 0.177927 2 0.543113 0.196166 2 0.558971 0.174216 2 0.549513 0.204155 2 0.554158 0.205541 2 0.546115 0.212357 2 0.552037 0.223701 2 0.545555 0.225592 2 0.552788 0.240933 2
0 0.943080 0.308862 0.039435 0.125661 0.954871 0.265325 1 0.954371 0.262528 1 0.954565 0.263161 1 0.948759 0.263046 1 0.954249 0.264693 2 0.943890 0.275307 2 0.954342 0.279440 2 0.937343 0.292853 2 0.955541 0.297578 2 0.937180 0.309496 2 0.956107 0.303086 2 0.939871 0.312139 2 0.947460 0.313956 2 0.933944 0.334911 2 0.947019 0.338790 2 0.923331 0.355925 2 0.942844 0.363480 2
0 0.790551 0.276455 0.026042 0.103175 0.791538 0.240135 2 0.791514 0.238407 2 0.790833 0.238186 2 0.789983 0.239095 1 0.787977 0.238520 2 0.789035 0.248681 2 0.783335 0.247529 2 0.788773 0.262529 2 0.780499 0.261567 2 0.790922 0.270938 2 0.786430 0.271862 2 0.786974 0.270469 2 0.783074 0.271190 2 0.795662 0.279590 2 0.791504 0.280031 2 0.792795 0.301597 2 0.790250 0.302133 2
0 0.808036 0.270503 0.023810 0.093915 0.810101 0.240240 2 0.809794 0.238198 1 0.809733 0.238046 2 0.807822 0.238662 1 0.808030 0.238669 2 0.808506 0.244933 2 0.802094 0.247956 2 0.810708 0.259069 2 0.806733 0.260663 2 0.814326 0.267004 2 0.812557 0.271355 2 0.808178 0.266630 2 0.803624 0.270815 2 0.818528 0.267960 2 0.811581 0.281759 2 0.810679 0.283139 2 0.815316 0.299521 2
0 0.847842 0.877646 0.060268 0.228836 0.866216 0.806838 2 0.868911 0.802034 2 0.863343 0.801853 2 0.871682 0.801489 1 0.856666 0.799948 2 0.873200 0.825168 2 0.850275 0.819791 2 0.872368 0.856617 2 0.851732 0.853346 2 0.865838 0.835294 2 0.863070 0.865569 2 0.864337 0.884179 2 0.847817 0.880175 2 0.856691 0.928884 2 0.839345 0.923176 2 0.850189 0.970329 2 0.830516 0.965298 2
0 0.538318 0.325397 0.026042 0.108466 0.536811 0.283146 2 0.536890 0.280679 2 0.536293 0.281116 1 0.538967 0.277427 2 0.538093 0.278822 1 0.544151 0.286040 2 0.540786 0.286375 2 0.544422 0.301970 2 0.540472 0.304196 1 0.538189 0.298689 2 0.537197 0.314591 1 0.542562 0.317683 2 0.540534 0.316719 2 0.541749 0.340975 2 0.540752 0.339260 2 0.542238 0.362257 2 0.543376 0.360436 2
0 0.520461 0.298942 0.026042 0.092593 0.516983 0.267493 2 0.518135 0.265748 2 0.516193 0.265527 2 0.519915 0.265499 2 0.514964 0.264964 2 0.521295 0.274664 2 0.513110 0.274249 2 0.522620 0.287268 2 0.513398 0.287531 2 0.520317 0.296432 2 0.516076 0.297005 2 0.520217 0.299722 2 0.514629 0.299511 2 0.520156 0.320257 2 0.514797 0.319181 2 0.520577 0.339910 2 0.514805 0.338059 2
0 0.504092 0.161376 0.017113 0.063492 0.508381 0.136355 2 0.508782 0.135405 2 0.507793 0.135373 2 0.509353 0.136061 1 0.506463 0.136057 2 0.509508 0.143275 2 0.504542 0.142619 2 0.510177 0.151893 2 0.502240 0.150671 2 0.508591 0.155694 2 0.502909 0.157272 2 0.506586 0.160387 2 0.502611 0.159865 2 0.507224 0.173484 2 0.500212 0.173457 2 0.509595 0.187773 2 0.497322 0.186807 2
0 0.094494 0.313492 0.017857 0.068783 0.094110 0.295611 2 0.094654 0.293226 2 0.092829 0.294462 2 0.095905 0.292181 2 0.091520 0.295394 2 0.098124 0.298172 2 0.092245 0.302898 2 0.100922 0.305020 2 0.092008 0.312732 2 0.099954 0.310028 2 0.093525 0.315132 2 0.097977 0.316165 2 0.093724 0.317724 2 0.096937 0.324237 2 0.088204 0.326328 2 0.099033 0.337094 2 0.090434 0.337306 2
0 0.649554 0.143519 0.013393 0.070106 0.650768 0.116954 2 0.651284 0.115839 2 0.650166 0.115810 2 0.651981 0.116580 2 0.649166 0.116482 2 0.652741 0.123920 2 0.647744 0.123401 2 0.653730 0.131057 2 0.646411 0.130196 2 0.653490 0.129230 2 0.648269 0.127625 2 0.651996 0.141802 2 0.647958 0.141510 2 0.653359 0.155336 2 0.645368 0.154874 2 0.654347 0.167984 2 0.642717 0.166633 2
0 0.175223 0.155423 0.017113 0.035714 0.177257 0.144173 1 0.177046 0.143210 1 0.177422 0.143283 1 0.175759 0.143297 2 0.178270 0.143435 2 0.174752 0.148237 2 0.179540 0.148669 2 0.174495 0.155449 2 0.180770 0.156289 2 0.175456 0.161753 1 0.179979 0.162037 1 0.175446 0.162507 2 0.178814 0.162729 2 0.175739 0.163282 1 0.179066 0.163126 2 0.176131 0.166318 1 0.178816 0.166450 1
0 0.200149 0.139550 0.017857 0.048942 0.196063 0.124758 1 0.196029 0.123854 1 0.196391 0.123742 1 0.196040 0.124480 2 0.198765 0.123848 2 0.196504 0.129623 2 0.200927 0.128900 2 0.195427 0.136883 2 0.203455 0.135742 2 0.192861 0.143821 2 0.203924 0.140929 2 0.200711 0.144117 2 0.203403 0.144040 2 0.201766 0.156279 2 0.204244 0.155788 2 0.203195 0.166522 2 0.205044 0.166353 2
0 0.803943 0.203042 0.017113 0.062169 0.808407 0.184615 1 0.808136 0.183308 1 0.808530 0.183502 1 0.806139 0.183830 2 0.809386 0.184296 2 0.804267 0.191270 2 0.810298 0.190324 2 0.801427 0.198183 2 0.813877 0.191673 2 0.800615 0.199790 2 0.812109 0.186508 1 0.804073 0.207301 2 0.807644 0.206935 2 0.803449 0.218261 2 0.805422 0.218613 2 0.803344 0.230762 2 0.804982 0.229283 2
0 0.447917 0.110450 0.016369 0.056878 0.447778 0.091947 1 0.447959 0.091016 1 0.448158 0.091029 1 0.448359 0.091643 2 0.450443 0.091530 2 0.447870 0.096632 2 0.451647 0.096851 2 0.446022 0.100137 2 0.452903 0.101275 2 0.446386 0.099221 1 0.451341 0.101962 1 0.448968 0.110015 2 0.451412 0.110132 2 0.449137 0.119363 2 0.451049 0.119879 2 0.449369 0.128579 2 0.451805 0.128896 2
0 0.139509 0.103175 0.014137 0.050265 0.137051 0.088450 2 0.137484 0.087202 2 0.136201 0.087533 2 0.138098 0.087008 1 0.134875 0.087770 2 0.139198 0.091355 2 0.134630 0.092140 2 0.140844 0.097478 2 0.134518 0.098056 2 0.141234 0.103231 2 0.135402 0.101281 2 0.140003 0.103550 2 0.136914 0.104081 2 0.140902 0.111901 2 0.137055 0.112549 2 0.141345 0.122592 2 0.137265 0.122810 2
0 0.813616 0.167328 0.014137 0.046296 0.815901 0.153844 1 0.815857 0.152474 1 0.816547 0.152438 1 0.816156 0.153237 2 0.819732 0.152748 2 0.816672 0.161078 2 0.820840 0.160268 2 0.814762 0.167948 2 0.820413 0.167195 2 0.812659 0.166246 2 0.816926 0.166229 1 0.816966 0.176793 2 0.819619 0.176103 2 0.816578 0.185338 2 0.817831 0.184434 2 0.816128 0.189677 1 0.817291 0.189578 1
0 0.708705 0.138228 0.012649 0.048942 0.709227 0.125606 2 0.709827 0.124685 2 0.708867 0.124553 2 0.710829 0.124931 2 0.708484 0.124769 1 0.711493 0.129403 2 0.707487 0.130664 2 0.714428 0.129687 2 0.706411 0.135968 2 0.714801 0.128220 2 0.705288 0.141906 2 0.709305 0.143176 2 0.706548 0.143325 2 0.708593 0.151688 2 0.704503 0.151776 2 0.708352 0.160286 2 0.702453 0.160101 2
0 0.410714 0.125661 0.014881 0.063492 0.409618 0.104849 2 0.410072 0.103811 2 0.409635 0.103770 1 0.411550 0.104249 2 0.410852 0.104179 1 0.412359 0.109849 2 0.411512 0.109653 2 0.412533 0.117112 2 0.410627 0.116384 1 0.410262 0.121605 2 0.409273 0.119910 1 0.412027 0.124415 2 0.411855 0.124214 2 0.410752 0.135055 2 0.412987 0.135066 2 0.410067 0.143850 2 0.414020 0.143160 2
0 0.609003 0.281085 0.014137 0.056878 0.605348 0.244428 1 0.605514 0.243329 1 0.604993 0.243042 1 0.605126 0.243505 1 0.603869 0.242997 1 0.605196 0.245028 1 0.603430 0.244666 1 0.608181 0.245838 2 0.606111 0.245629 1 0.607835 0.245048 2 0.606844 0.245649 1 0.602882 0.251827 2 0.601519 0.251531 2 0.604727 0.266568 2 0.602557 0.266272 2 0.604241 0.282372 2 0.602704 0.282891 2
0 0.977679 0.263889 0.025298 0.107143 0.983045 0.234943 2 0.984160 0.233088 2 0.982197 0.232970 2 0.986106 0.232497 2 0.980987 0.232051 2 0.987299 0.242328 2 0.979715 0.241021 2 0.987337 0.257762 2 0.978373 0.254685 2 0.981745 0.268681 2 0.974871 0.265523 2 0.985289 0.269310 2 0.979718 0.268204 2 0.983885 0.288968 2 0.977730 0.287678 2 0.981029 0.307654 2 0.971733 0.305058 2
0 0.182664 0.105159 0.014137 0.046296 0.181081 0.088832 1 0.180950 0.088106 1 0.181257 0.088185 1 0.180406 0.088731 2 0.182420 0.088790 2 0.180098 0.093238 2 0.183581 0.092687 2 0.179095 0.097033 2 0.185704 0.094867 2 0.179539 0.099737 2 0.185376 0.095119 2 0.181853 0.103023 2 0.183968 0.102840 2 0.183282 0.109423 2 0.184653 0.109285 2 0.183845 0.115789 2 0.185025 0.115676 2
0 0.518601 0.220238 0.017857 0.078042 0.520419 0.192513 2 0.520706 0.190946 2 0.519456 0.191161 2 0.520713 0.191818 1 0.517214 0.192238 2 0.520876 0.200938 2 0.515358 0.201738 2 0.521269 0.210547 2 0.514515 0.214043 2 0.521504 0.211180 2 0.519134 0.214327 2 0.521220 0.224407 2 0.516745 0.224936 2 0.523506 0.242643 2 0.515028 0.242454 2 0.524620 0.261623 2 0.511600 0.260519 2
0 0.735491 0.132275 0.017113 0.052910 0.736539 0.111057 2 0.737107 0.110209 2 0.736019 0.109945 2 0.737769 0.111118 2 0.734863 0.110509 2 0.738059 0.116846 2 0.733160 0.116618 2 0.738855 0.123422 2 0.734261 0.123554 2 0.738365 0.119236 2 0.738028 0.119401 2 0.736588 0.130454 2 0.732772 0.130318 2 0.736439 0.141557 2 0.731260 0.142172 2 0.736707 0.152984 2 0.729587 0.153859 2
0 0.990327 0.282407 0.017857 0.123016 1.000000 0.245855 1 1.000000 0.243255 1 1.000000 0.243556 1 0.995052 0.243448 1 0.998517 0.244319 2 0.991586 0.252976 2 0.998121 0.255703 2 0.988194 0.264043 2 0.999327 0.270087 2 0.987344 0.269410 1 1.000000 0.272316 1 0.988696 0.280308 2 0.993933 0.281338 2 0.986112 0.303626 2 0.997339 0.304435 2 0.978992 0.322555 2 0.996057 0.326784 2
0 0.955729 0.174603 0.020089 0.063492 0.952704 0.156033 2 0.952835 0.154313 2 0.953089 0.154665 1 0.954856 0.153682 2 0.956625 0.154105 1 0.955729 0.160472 2 0.958942 0.159794 2 0.953541 0.172800 2 0.958013 0.170539 1 0.951006 0.182018 2 0.954196 0.178139 1 0.955280 0.177690 2 0.957503 0.176764 2 0.952045 0.190091 2 0.953471 0.189561 2 0.950900 0.206601 2 0.951892 0.204404 2
0 0.904762 0.185185 0.020833 0.044974 0.902373 0.175047 2 0.902851 0.173716 2 0.902135 0.173886 1 0.904529 0.173646 2 0.902665 0.173841 1 0.907291 0.179249 2 0.902425 0.177956 2 0.906632 0.188652 2 0.901011 0.184567 2 0.902115 0.192849 2 0.900645 0.188393 2 0.906527 0.192017 2 0.902821 0.190625 2 0.905349 0.191778 2 0.898412 0.190008 2 0.901522 0.197242 2 0.896693 0.195989 2
0 0.925967 0.189815 0.018601 0.035714 0.927609 0.178998 2 0.928499 0.177742 2 0.927110 0.177542 2 0.929862 0.178168 2 0.926369 0.177687 1 0.930733 0.184566 2 0.925945 0.183708 2 0.930748 0.192554 2 0.924579 0.190508 2 0.925999 0.193045 2 0.923042 0.192609 2 0.929402 0.197473 2 0.926258 0.196395 2 0.925600 0.196456 2 0.921998 0.195316 2 0.925481 0.201159 1 0.923912 0.200744 1
