0 0.624256 0.382937 0.047619 0.128307 0.618450 0.336745 1 0.618576 0.334444 1 0.618909 0.334657 1 0.619341 0.336136 2 0.625906 0.335714 2 0.620162 0.349514 2 0.631242 0.347806 2 0.614450 0.363483 2 0.640358 0.358918 2 0.607107 0.375789 2 0.645786 0.366909 2 0.624526 0.388697 2 0.632602 0.387463 2 0.614134 0.413727 2 0.631630 0.412759 2 0.610261 0.442697 2 0.638687 0.439355 2
0 0.664435 0.182540 0.019345 0.071429 0.664231 0.154069 1 0.664277 0.152655 1 0.664501 0.152756 1 0.663382 0.153446 2 0.666848 0.153501 2 0.661602 0.160984 2 0.668358 0.161401 2 0.659465 0.170599 2 0.669738 0.171385 2 0.658628 0.178208 2 0.668865 0.178366 2 0.661757 0.178435 2 0.666668 0.178525 2 0.659880 0.193277 2 0.666486 0.194536 2 0.657839 0.208518 2 0.665792 0.209552 2
0 0.700149 0.463624 0.049107 0.165344 0.682179 0.400455 2 0.683093 0.397273 2 0.683525 0.397095 1 0.685315 0.399306 2 0.689689 0.397868 1 0.687786 0.419639 2 0.697334 0.414414 2 0.688215 0.444219 2 0.705309 0.432005 2 0.683380 0.443184 2 0.698149 0.440313 2 0.696844 0.463886 2 0.699981 0.460314 2 0.698020 0.494117 2 0.684565 0.486867 2 0.716311 0.521515 2 0.690367 0.514550 2
0 0.558036 0.370370 0.031250 0.105820 0.567179 0.333326 1 0.566620 0.331218 1 0.567306 0.331680 1 0.561557 0.332578 2 0.568069 0.334160 2 0.557103 0.345065 2 0.568440 0.349564 2 0.554110 0.361606 2 0.570876 0.368001 2 0.555445 0.373508 1 0.572195 0.378981 2 0.556208 0.376282 2 0.564775 0.379171 2 0.558252 0.382921 2 0.572861 0.390276 2 0.556035 0.402844 2 0.573923 0.414036 2
0 0.401042 0.417989 0.028274 0.150794 0.410998 0.362386 1 0.409760 0.360078 1 0.410556 0.359923 1 0.403274 0.362129 1 0.408866 0.362818 2 0.396874 0.376232 2 0.408331 0.379259 2 0.390490 0.386178 2 0.409435 0.395667 2 0.395726 0.392433 2 0.412796 0.394100 2 0.399268 0.417909 2 0.406584 0.419831 2 0.405288 0.449263 2 0.410582 0.450221 2 0.403198 0.481701 2 0.407472 0.481028 2
0 0.479167 0.505952 0.034226 0.165344 0.474135 0.445697 1 0.473986 0.442927 1 0.474539 0.442515 1 0.470738 0.445650 2 0.478801 0.444507 2 0.468426 0.464106 2 0.483443 0.464192 2 0.464661 0.488047 2 0.487657 0.485147 2 0.463503 0.504220 2 0.493460 0.503103 2 0.473229 0.507680 2 0.484017 0.508412 2 0.471281 0.537758 2 0.486489 0.543856 2 0.469765 0.564623 2 0.487710 0.579259 2
0 0.340402 0.433201 0.026042 0.136243 0.344456 0.381254 2 0.343984 0.378663 1 0.343410 0.378612 2 0.340659 0.380515 1 0.338856 0.380287 2 0.343603 0.389686 2 0.335603 0.392770 2 0.347600 0.404688 2 0.341344 0.407975 2 0.345675 0.401445 2 0.345993 0.393624 2 0.344583 0.421769 2 0.339268 0.423721 2 0.345609 0.451526 2 0.344092 0.455528 2 0.336507 0.469115 2 0.345537 0.481125 2
0 0.627232 0.342593 0.032738 0.100529 0.618393 0.335691 1 0.618591 0.333561 1 0.619194 0.333263 1 0.618986 0.335127 2 0.625127 0.333547 2 0.618957 0.349159 2 0.630288 0.345779 2 0.611930 0.365808 2 0.637824 0.357375 2 0.605530 0.374259 2 0.644575 0.368314 2 0.624746 0.386967 2 0.632090 0.385167 2 0.616543 0.411454 2 0.629060 0.410955 2 0.614361 0.412616 1 0.631217 0.412616 1
0 0.363839 0.395503 0.031250 0.140212 0.370562 0.346231 2 0.370279 0.343209 1 0.369332 0.343430 2 0.367755 0.343702 1 0.365105 0.344779 2 0.365749 0.355647 2 0.360882 0.360802 2 0.364593 0.372166 2 0.361060 0.376768 2 0.368654 0.368028 2 0.368948 0.368106 2 0.362523 0.388906 2 0.358476 0.393109 2 0.368391 0.411872 2 0.359830 0.425239 2 0.361642 0.433537 2 0.354050 0.453019 2
0 0.312128 0.455026 0.036458 0.164021 0.316788 0.393851 2 0.315374 0.390940 1 0.315701 0.391471 2 0.309831 0.392718 1 0.312368 0.394785 2 0.305218 0.410319 2 0.312002 0.412970 2 0.304686 0.433403 1 0.308843 0.437496 2 0.306857 0.453981 1 0.307462 0.460622 2 0.304005 0.457025 2 0.308610 0.458645 2 0.308578 0.488887 2 0.310394 0.492471 2 0.305738 0.519748 2 0.302511 0.522920 2
0 0.133929 0.370370 0.037202 0.126984 0.130669 0.328970 2 0.131791 0.326535 2 0.129475 0.326807 2 0.133547 0.323193 2 0.127220 0.323954 2 0.137365 0.330567 2 0.124802 0.333146 2 0.143531 0.343200 2 0.122173 0.349815 2 0.138936 0.350635 2 0.125128 0.366699 2 0.138931 0.365736 2 0.130403 0.367314 2 0.142580 0.391246 2 0.132174 0.394318 2 0.148303 0.416603 2 0.133859 0.420920 2
0 0.258185 0.337963 0.022321 0.109788 0.254943 0.294255 2 0.256046 0.292255 2 0.255190 0.292011 1 0.258870 0.293678 2 0.257079 0.293219 1 0.259562 0.305634 2 0.256384 0.304064 2 0.255656 0.319108 2 0.252137 0.316193 1 0.250143 0.316919 2 0.251051 0.318689 1 0.256803 0.334640 2 0.254399 0.333734 2 0.255426 0.359960 2 0.254371 0.359189 2 0.260243 0.381849 2 0.259659 0.380570 2
0 0.549479 0.198413 0.021577 0.092593 0.549259 0.170909 1 0.549353 0.169148 1 0.549287 0.169425 1 0.547495 0.170169 2 0.550979 0.170746 2 0.544458 0.180049 2 0.552106 0.180894 2 0.541345 0.191624 2 0.554435 0.193040 2 0.539248 0.202132 2 0.556065 0.202883 2 0.543819 0.202340 2 0.549501 0.202654 2 0.541432 0.219729 2 0.551875 0.220686 2 0.539696 0.237769 2 0.553381 0.237338 2
0 0.938616 0.306217 0.037946 0.128307 0.948499 0.262926 1 0.947968 0.260000 1 0.948732 0.260973 1 0.943475 0.259626 2 0.950345 0.262404 2 0.937986 0.271095 2 0.952008 0.277155 2 0.932283 0.287454 2 0.954871 0.292895 2 0.929323 0.301467 2 0.953531 0.289073 2 0.934265 0.308693 2 0.943362 0.311651 2 0.931615 0.328515 2 0.939432 0.336809 2 0.929550 0.351963 2 0.934810 0.360418 2
0 0.790179 0.275794 0.025298 0.101852 0.807292 0.240842 2 0.807292 0.239114 1 0.807292 0.239040 2 0.805844 0.239237 1 0.805738 0.239034 2 0.804788 0.246572 2 0.802962 0.247541 2 0.807093 0.259475 1 0.806422 0.261261 2 0.806928 0.254975 1 0.807292 0.254991 2 0.804518 0.271550 1 0.803237 0.272866 2 0.807292 0.269395 1 0.807292 0.271010 1 0.806943 0.284196 1 0.807094 0.285876 1
0 0.808408 0.269841 0.024554 0.092593 0.809951 0.240158 2 0.809818 0.238188 1 0.809134 0.238207 2 0.808154 0.238200 1 0.806150 0.238552 2 0.807515 0.245711 2 0.802416 0.248418 2 0.811149 0.258862 2 0.806769 0.263169 2 0.814295 0.268064 2 0.812602 0.272376 2 0.807514 0.269016 2 0.803956 0.272070 2 0.816787 0.270082 2 0.812212 0.277902 2 0.813463 0.291541 2 0.813314 0.299742 2
0 0.847470 0.877646 0.059524 0.226190 0.862036 0.804312 2 0.864929 0.800406 2 0.859323 0.799103 2 0.868510 0.802539 2 0.853913 0.798883 2 0.871603 0.828454 2 0.848811 0.821512 2 0.879902 0.856957 2 0.847083 0.852286 2 0.870947 0.847885 2 0.856036 0.871278 2 0.860684 0.886809 2 0.845053 0.880994 2 0.854241 0.931174 2 0.837126 0.921504 2 0.848272 0.971993 2 0.829265 0.963658 2
0 0.538318 0.325397 0.026042 0.108466 0.536925 0.283114 2 0.537232 0.280614 2 0.536334 0.281201 1 0.539310 0.277988 2 0.537585 0.279645 1 0.543914 0.286615 2 0.539674 0.287195 2 0.545071 0.302115 2 0.539525 0.302065 1 0.538482 0.298840 2 0.535852 0.302678 1 0.542047 0.316406 2 0.539357 0.315616 2 0.541227 0.339510 2 0.539745 0.338210 2 0.542328 0.361930 2 0.542188 0.359800 2
0 0.520461 0.297619 0.026042 0.089947 0.515940 0.270516 2 0.516843 0.268446 2 0.514970 0.268843 2 0.518434 0.266835 2 0.513644 0.267686 2 0.520780 0.274738 2 0.511746 0.275518 2 0.522605 0.286118 2 0.510044 0.287103 2 0.520615 0.295047 2 0.513159 0.295201 2 0.519732 0.300164 2 0.513850 0.300532 2 0.519433 0.318325 2 0.514775 0.318112 2 0.518965 0.336429 2 0.514571 0.335211 2
0 0.495536 0.157407 0.017857 0.063492 0.498079 0.186315 2 0.498751 0.185131 2 0.497398 0.184975 2 0.499507 0.186268 2 0.496212 0.185898 2 0.500073 0.194333 2 0.494530 0.194265 2 0.501754 0.199975 2 0.493346 0.201034 1 0.500453 0.196954 1 0.496628 0.199172 1 0.499275 0.201058 1 0.495585 0.201058 1 0.500091 0.198364 1 0.497156 0.198992 1 0.499561 0.201058 1 0.496683 0.201058 1
0 0.095238 0.314153 0.017857 0.067460 0.094407 0.294371 2 0.094658 0.292376 2 0.093079 0.293706 2 0.095262 0.292142 1 0.091444 0.295542 2 0.097505 0.297440 2 0.091811 0.303599 2 0.100393 0.300933 2 0.090700 0.314129 2 0.099282 0.305068 2 0.090593 0.322926 2 0.098098 0.315515 2 0.094531 0.318039 2 0.098050 0.325798 2 0.094470 0.327736 2 0.098605 0.337355 2 0.095164 0.337632 2
0 0.645833 0.142196 0.013393 0.070106 0.652848 0.118793 2 0.652745 0.117718 1 0.652086 0.118001 2 0.652264 0.118847 1 0.650342 0.119393 2 0.652101 0.126083 2 0.650312 0.125889 2 0.654134 0.131823 1 0.652854 0.130609 2 0.654122 0.126933 1 0.653158 0.124665 2 0.653095 0.143504 2 0.651173 0.143487 2 0.654540 0.157562 2 0.650984 0.157205 2 0.654212 0.170532 2 0.646055 0.167493 2
0 0.181176 0.159392 0.017113 0.035714 0.180119 0.149159 1 0.180121 0.148445 1 0.180308 0.148419 1 0.179838 0.148781 2 0.181560 0.148575 2 0.179410 0.152781 2 0.182530 0.152322 2 0.178929 0.157449 2 0.183665 0.156458 2 0.179521 0.160764 1 0.183457 0.158913 2 0.180483 0.160344 2 0.182622 0.160195 2 0.181081 0.166646 2 0.183148 0.166297 2 0.181413 0.172430 2 0.183594 0.172106 2
0 0.172619 0.132937 0.016369 0.046296 0.176504 0.119786 2 0.176537 0.118950 1 0.176072 0.119091 2 0.176271 0.119307 1 0.175105 0.119679 2 0.176349 0.124855 2 0.174134 0.125213 2 0.177740 0.129962 2 0.175422 0.131028 2 0.177570 0.129926 1 0.177455 0.129806 2 0.176682 0.138840 2 0.174227 0.139111 2 0.179626 0.148649 2 0.173082 0.148691 2 0.180584 0.155237 2 0.169343 0.152946 2
0 0.803943 0.213624 0.017113 0.062169 0.808212 0.241061 2 0.808633 0.239441 2 0.807519 0.239382 2 0.808456 0.238399 1 0.804991 0.238219 2 0.808841 0.245856 2 0.801138 0.246534 2 0.810772 0.254812 2 0.799395 0.255694 1 0.808782 0.254563 1 0.803814 0.254659 1 0.807523 0.256490 1 0.802564 0.256490 1 0.808274 0.249493 1 0.805070 0.252655 1 0.807872 0.254957 1 0.805524 0.256490 1
0 0.444940 0.106481 0.013393 0.054233 0.446990 0.093699 1 0.447101 0.092817 1 0.447276 0.093001 1 0.446767 0.093491 2 0.448857 0.093859 2 0.445434 0.098073 2 0.449722 0.099024 2 0.443475 0.102194 2 0.450418 0.104143 2 0.444094 0.104018 1 0.449472 0.106217 1 0.445347 0.109853 2 0.448178 0.110251 2 0.445026 0.117872 2 0.447628 0.118950 2 0.445679 0.125997 2 0.448177 0.127115 2
0 0.397693 0.096561 0.012649 0.052910 0.396814 0.076812 2 0.397054 0.075769 1 0.396196 0.076024 2 0.397423 0.076360 1 0.395295 0.076994 2 0.398749 0.082093 2 0.394523 0.082817 2 0.399817 0.087894 2 0.393754 0.089104 2 0.399383 0.092928 2 0.394590 0.094031 2 0.398377 0.093788 2 0.395601 0.094118 2 0.398609 0.101443 2 0.396095 0.101802 2 0.398553 0.109364 2 0.396357 0.109462 2
0 0.135045 0.103175 0.014137 0.050265 0.131593 0.088018 1 0.131871 0.087160 1 0.131841 0.087062 1 0.132728 0.087898 2 0.133235 0.087616 1 0.133487 0.093015 2 0.133390 0.092835 2 0.134197 0.099345 2 0.133214 0.099058 1 0.133997 0.104538 2 0.132973 0.103513 1 0.134368 0.104461 2 0.134253 0.104445 2 0.134669 0.113442 2 0.134317 0.113515 2 0.136966 0.122680 2 0.136366 0.122481 2
0 0.226935 0.121032 0.013393 0.033069 0.227021 0.125451 2 0.227031 0.124882 1 0.226889 0.125088 1 0.227377 0.123583 1 0.226690 0.124070 1 0.228948 0.122566 2 0.226935 0.124187 2 0.230128 0.123649 2 0.227043 0.127667 2 0.228387 0.125309 2 0.227313 0.130175 2 0.231669 0.123642 2 0.230130 0.124283 2 0.229264 0.126471 2 0.227406 0.126862 2 0.231222 0.132044 2 0.228186 0.132340 2
0 0.716890 0.144841 0.012649 0.048942 0.719904 0.129341 1 0.719807 0.128438 1 0.719607 0.128458 2 0.719151 0.128712 1 0.718604 0.128878 2 0.718617 0.134655 2 0.717166 0.134571 2 0.718258 0.140864 1 0.715908 0.141315 2 0.718508 0.146269 1 0.716298 0.147977 2 0.718038 0.148205 2 0.716647 0.148210 2 0.719322 0.157761 2 0.715350 0.157558 2 0.720106 0.166161 2 0.713262 0.164704 2
0 0.428943 0.123016 0.014137 0.063492 0.428902 0.103414 2 0.429620 0.102515 2 0.429080 0.102335 1 0.431593 0.103366 2 0.429920 0.102940 1 0.432173 0.109885 2 0.429941 0.109298 2 0.432525 0.116468 2 0.428653 0.114094 1 0.429290 0.119854 2 0.428300 0.112784 1 0.431907 0.125094 2 0.429974 0.124878 2 0.432435 0.135372 2 0.429629 0.135433 2 0.436212 0.140659 2 0.429409 0.140606 2
0 0.580729 0.279762 0.014137 0.056878 0.578583 0.242062 1 0.578287 0.241254 1 0.578398 0.241033 1 0.576894 0.241054 1 0.577060 0.240944 1 0.576588 0.241792 1 0.576297 0.241885 1 0.579667 0.243115 1 0.580017 0.243357 2 0.581706 0.245118 2 0.581964 0.245638 2 0.574639 0.252602 2 0.574028 0.252556 2 0.575602 0.268703 2 0.574387 0.268958 2 0.575609 0.281618 1 0.573902 0.282150 1
0 0.497768 0.220238 0.017857 0.078042 0.498008 0.185831 2 0.498636 0.184474 2 0.497194 0.184546 2 0.499598 0.185617 2 0.495921 0.185573 2 0.499184 0.195524 2 0.494587 0.195035 2 0.500169 0.206656 2 0.492563 0.207706 2 0.501082 0.206147 2 0.497280 0.209446 2 0.499619 0.218750 2 0.496037 0.218683 2 0.499374 0.238317 2 0.496250 0.237614 2 0.498408 0.257028 2 0.489769 0.253513 2
0 0.739211 0.133598 0.017113 0.052910 0.739834 0.111389 2 0.740469 0.110340 2 0.739267 0.110434 2 0.741483 0.110951 2 0.738573 0.111200 2 0.742064 0.117285 2 0.738181 0.117541 2 0.743717 0.124616 2 0.736951 0.122969 2 0.743841 0.131333 2 0.735965 0.121183 2 0.740521 0.132144 2 0.737991 0.132149 2 0.739968 0.141466 2 0.737484 0.141714 2 0.741117 0.151509 2 0.737248 0.151396 2
0 0.955729 0.174603 0.020089 0.063492 0.952822 0.156342 2 0.953024 0.154732 2 0.952968 0.154937 1 0.954888 0.153816 2 0.955830 0.154052 1 0.955546 0.161423 2 0.958673 0.160416 2 0.953384 0.175648 2 0.957105 0.172966 1 0.951232 0.185429 2 0.952659 0.182674 1 0.954354 0.181883 2 0.956547 0.180707 2 0.951082 0.191876 2 0.952036 0.190929 2 0.951438 0.206325 2 0.951064 0.204535 2
0 0.904762 0.185185 0.020833 0.044974 0.902592 0.174766 2 0.903425 0.173358 2 0.902508 0.173396 1 0.905561 0.173940 2 0.903088 0.173751 1 0.908119 0.179350 2 0.902087 0.178701 2 0.907109 0.188470 2 0.900304 0.186292 2 0.901570 0.193300 2 0.899781 0.193439 2 0.906697 0.193536 2 0.902469 0.192574 2 0.905844 0.190840 2 0.898238 0.189642 2 0.900641 0.196652 2 0.898589 0.197283 2
0 0.940848 0.193783 0.018601 0.035714 0.938953 0.181228 2 0.940053 0.179643 2 0.938486 0.179759 2 0.942265 0.180018 2 0.938331 0.180069 1 0.944599 0.185532 2 0.938559 0.184608 2 0.944562 0.194629 2 0.936406 0.190377 2 0.937953 0.196899 2 0.934574 0.193455 2 0.943842 0.197543 2 0.939811 0.196059 2 0.937508 0.197902 2 0.932512 0.196254 2 0.937576 0.204226 2 0.937734 0.204158 2
0 0.925967 0.189815 0.018601 0.035714 0.926080 0.175905 2 0.926820 0.174604 2 0.926194 0.174563 1 0.929156 0.175285 2 0.927480 0.174931 1 0.931733 0.182070 2 0.927262 0.181297 2 0.932303 0.190638 2 0.926337 0.188492 2 0.928297 0.193322 2 0.924220 0.192084 2 0.930821 0.195175 2 0.927702 0.193877 2 0.926691 0.196928 2 0.922384 0.195290 2 0.926504 0.201590 1 0.924192 0.200974 1
