0 0.077731 0.828665 0.022059 0.088702 0.074377 0.803179 2 0.074816 0.801063 2 0.073181 0.802115 2 0.076262 0.798677 2 0.072145 0.800855 2 0.079765 0.804966 2 0.069912 0.803945 2 0.080426 0.815370 2 0.070058 0.817961 2 0.075143 0.822330 2 0.073590 0.826661 2 0.081158 0.826028 2 0.075101 0.825015 2 0.080483 0.845042 2 0.079807 0.835859 2 0.080882 0.861406 2 0.086024 0.840904 2
0 0.051471 0.829599 0.026261 0.088702 0.049495 0.805109 2 0.049987 0.803376 1 0.048282 0.803787 2 0.050522 0.803103 1 0.045789 0.804238 2 0.054486 0.809542 2 0.045158 0.812379 2 0.055559 0.820810 2 0.044695 0.822725 2 0.052177 0.832775 2 0.044075 0.834130 2 0.056982 0.831534 2 0.050291 0.833227 2 0.059096 0.846561 2 0.052024 0.850917 2 0.064539 0.849464 2 0.055441 0.860122 2
0 0.308036 0.538282 0.018382 0.051354 0.307194 0.520827 2 0.307781 0.519298 2 0.306355 0.519924 2 0.309150 0.518404 2 0.305577 0.519953 2 0.311852 0.523042 2 0.304663 0.525334 2 0.315410 0.530651 2 0.301519 0.534457 2 0.314304 0.537848 2 0.304233 0.541103 2 0.311849 0.539764 2 0.307539 0.540886 2 0.311047 0.550231 2 0.306916 0.551539 2 0.310432 0.561168 2 0.307797 0.561206 2
0 0.580095 0.415966 0.013130 0.043884 0.577708 0.404473 1 0.577638 0.403485 1 0.577949 0.403603 1 0.576572 0.404120 2 0.579373 0.404276 2 0.575523 0.409445 2 0.580142 0.409910 2 0.574246 0.412399 2 0.583450 0.413916 2 0.576853 0.412033 2 0.585591 0.413680 2 0.576379 0.423934 2 0.579349 0.424181 2 0.577168 0.433121 2 0.580165 0.432835 2 0.576637 0.441674 2 0.580723 0.441143 2
0 0.357668 0.257236 0.012605 0.047619 0.353978 0.243936 1 0.353623 0.243023 1 0.353934 0.243124 1 0.351671 0.242910 1 0.353425 0.243279 2 0.350353 0.247516 2 0.352281 0.247582 2 0.351017 0.252892 1 0.353425 0.254943 2 0.353874 0.256597 1 0.355352 0.258071 2 0.349534 0.260753 2 0.350991 0.260599 2 0.350262 0.269729 2 0.352571 0.267082 2 0.349971 0.278014 2 0.353472 0.273013 2
0 0.586660 0.327264 0.016807 0.055089 0.584763 0.309531 2 0.585356 0.308612 2 0.584723 0.308538 1 0.586809 0.309331 2 0.585288 0.309195 1 0.587072 0.315217 2 0.585106 0.314219 2 0.586311 0.322230 2 0.583549 0.319746 2 0.583051 0.321389 2 0.582029 0.319529 2 0.585598 0.328543 2 0.584363 0.327839 2 0.584215 0.337257 2 0.584284 0.336522 2 0.586450 0.345899 2 0.586937 0.344018 2
0 0.147321 0.285247 0.015231 0.051354 0.141802 0.268831 1 0.141921 0.267878 1 0.142102 0.267899 1 0.142711 0.268387 2 0.144431 0.268263 1 0.142977 0.273667 2 0.146411 0.273115 2 0.140778 0.277349 2 0.148442 0.279331 2 0.140044 0.273699 2 0.150125 0.284487 2 0.145185 0.286819 2 0.147135 0.286294 2 0.145990 0.297647 2 0.147038 0.296189 2 0.147414 0.308129 2 0.148106 0.306553 2
0 0.197216 0.244164 0.012080 0.043884 0.199784 0.227679 2 0.199483 0.226957 1 0.199457 0.226960 2 0.198397 0.227755 1 0.198343 0.227961 2 0.198763 0.232390 2 0.198042 0.233255 2 0.200963 0.237476 1 0.200172 0.238668 2 0.201294 0.238004 1 0.201651 0.237274 2 0.200037 0.243531 2 0.199510 0.244224 2 0.201131 0.252033 2 0.200507 0.253190 2 0.201845 0.261280 2 0.201220 0.262493 2
0 0.245536 0.276377 0.014181 0.028011 0.245387 0.265844 1 0.245056 0.265181 1 0.245551 0.265167 1 0.243611 0.265528 2 0.245879 0.265644 2 0.243132 0.269218 2 0.245712 0.269606 2 0.243069 0.274138 2 0.245902 0.275240 2 0.244766 0.277119 1 0.247058 0.278243 2 0.243137 0.277717 2 0.244800 0.278176 2 0.247276 0.278632 2 0.247770 0.278734 2 0.246919 0.280423 1 0.247183 0.281553 2
0 0.226366 0.242297 0.014706 0.051354 0.222609 0.225050 1 0.222318 0.224274 1 0.222408 0.224168 1 0.221025 0.224874 1 0.221750 0.224685 2 0.220917 0.229252 2 0.222466 0.228911 2 0.223590 0.233168 1 0.225109 0.232141 2 0.225217 0.233248 1 0.225906 0.232523 1 0.222488 0.241533 2 0.223500 0.241544 2 0.223565 0.252018 2 0.224271 0.251880 2 0.224662 0.262414 2 0.224903 0.262632 2
0 0.256303 0.262838 0.011555 0.051354 0.251756 0.249320 1 0.251822 0.248473 1 0.252023 0.248438 1 0.251272 0.249397 2 0.253598 0.249274 2 0.250005 0.255329 2 0.254705 0.255363 2 0.249222 0.262232 2 0.255689 0.262497 2 0.251244 0.264946 1 0.253730 0.265247 1 0.252192 0.267487 2 0.255333 0.267601 2 0.253430 0.277086 2 0.255478 0.277214 2 0.254324 0.285810 2 0.255273 0.285195 2
0 0.257616 0.246032 0.015231 0.055089 0.251713 0.248998 1 0.251724 0.248083 1 0.252029 0.248017 1 0.251039 0.249000 2 0.253688 0.248759 2 0.249977 0.254921 2 0.254749 0.254659 2 0.249636 0.262036 2 0.255563 0.261742 2 0.251248 0.263913 1 0.253612 0.263873 2 0.252180 0.267436 2 0.255336 0.267452 2 0.253587 0.278770 2 0.255449 0.278644 2 0.254700 0.283322 1 0.255115 0.282643 1
0 0.328782 0.247899 0.012605 0.043884 0.328915 0.231781 2 0.329257 0.231022 2 0.328508 0.230738 2 0.329295 0.231670 1 0.327579 0.231008 2 0.330054 0.235151 2 0.326324 0.235953 2 0.330999 0.239745 2 0.325305 0.241964 2 0.331274 0.241292 2 0.326452 0.246535 2 0.330274 0.246081 2 0.327931 0.246968 2 0.331503 0.253306 2 0.329347 0.256216 2 0.329528 0.258931 2 0.329837 0.265299 2
0 0.332721 0.208683 0.015231 0.032680 0.334279 0.200111 2 0.334529 0.199482 1 0.334092 0.199336 2 0.334382 0.198315 1 0.333214 0.197896 2 0.334050 0.199670 2 0.331609 0.199874 2 0.335281 0.203708 2 0.333142 0.205649 2 0.337523 0.204722 2 0.336571 0.209152 2 0.333694 0.211653 2 0.331833 0.212016 2 0.334036 0.220410 2 0.331205 0.221388 2 0.333423 0.226169 2 0.330543 0.227044 2
0 0.353204 0.200280 0.013130 0.038282 0.352555 0.186523 2 0.352756 0.185735 2 0.352166 0.185802 2 0.352817 0.185819 1 0.351400 0.186040 2 0.352907 0.188798 2 0.350713 0.190618 2 0.355167 0.189737 2 0.350796 0.195712 2 0.357701 0.190714 2 0.352604 0.197065 2 0.352689 0.197607 2 0.351354 0.198801 2 0.355499 0.201145 2 0.354300 0.201910 2 0.355503 0.208016 2 0.354458 0.208574 2
0 0.596639 0.179272 0.012605 0.039216 0.597353 0.165304 1 0.597490 0.164632 1 0.597610 0.164584 1 0.597912 0.165023 2 0.598912 0.164844 1 0.598234 0.168880 2 0.598844 0.168529 2 0.596850 0.172868 2 0.597078 0.172882 1 0.595533 0.174075 2 0.595571 0.174239 1 0.598195 0.179374 2 0.598632 0.179012 2 0.597475 0.187106 2 0.597788 0.186347 2 0.598102 0.195094 2 0.598722 0.194240 2
0 0.405462 0.099440 0.013655 0.040149 0.402606 0.090890 2 0.402958 0.090180 2 0.402283 0.090226 2 0.403575 0.090089 2 0.401861 0.090225 2 0.404337 0.093326 2 0.401364 0.093498 2 0.405492 0.096975 2 0.400343 0.096803 2 0.404627 0.099450 2 0.400602 0.098507 2 0.403958 0.100971 2 0.401961 0.101132 2 0.404689 0.106598 2 0.402144 0.106935 2 0.405306 0.112067 2 0.402336 0.112271 2
0 0.196691 0.144258 0.009979 0.038282 0.201808 0.130565 2 0.202016 0.129881 1 0.201469 0.129896 2 0.202170 0.130184 1 0.200798 0.130207 2 0.202559 0.133767 2 0.200201 0.133833 2 0.203026 0.136774 1 0.199738 0.136782 2 0.201449 0.136656 2 0.201744 0.136803 2 0.202708 0.142831 2 0.201162 0.142956 2 0.202587 0.150018 2 0.201713 0.150195 2 0.202489 0.156574 2 0.201889 0.156829 2
0 0.202994 0.145191 0.009979 0.034547 0.201612 0.130785 2 0.201928 0.130094 2 0.201226 0.130136 2 0.202451 0.130599 1 0.200711 0.130678 2 0.203396 0.134835 2 0.200345 0.134728 2 0.204543 0.139054 2 0.199639 0.138250 2 0.203259 0.142804 2 0.200239 0.142368 2 0.203711 0.143795 2 0.201624 0.143856 2 0.204322 0.150186 2 0.201947 0.150583 2 0.204936 0.156600 2 0.202056 0.157014 2
0 0.210872 0.141457 0.008929 0.038282 0.208930 0.132363 2 0.209311 0.131573 2 0.208593 0.131593 2 0.210042 0.131399 2 0.208284 0.131453 1 0.211406 0.134464 2 0.207723 0.134697 2 0.213562 0.138468 2 0.207118 0.139043 2 0.212478 0.143672 2 0.207229 0.143901 2 0.211198 0.145506 2 0.208782 0.145576 2 0.211623 0.153190 2 0.208620 0.153011 2 0.211457 0.160747 2 0.209300 0.160146 2
0 0.572742 0.704482 0.019433 0.049486 0.571371 0.687223 1 0.571370 0.685802 1 0.572074 0.685852 1 0.571397 0.686374 2 0.575299 0.686223 2 0.570118 0.694189 2 0.576806 0.694311 2 0.566185 0.699073 2 0.580838 0.698763 2 0.565600 0.693642 2 0.580226 0.693084 2 0.570552 0.714712 2 0.574531 0.714736 2 0.569064 0.716419 2 0.572111 0.717856 2 0.570421 0.725876 2 0.573302 0.726812 2
0 0.267332 0.099440 0.010504 0.038282 0.266020 0.086234 1 0.266170 0.085505 1 0.265958 0.085608 1 0.266726 0.085412 2 0.266455 0.085578 1 0.267770 0.088316 2 0.266697 0.088392 2 0.267991 0.091967 2 0.265912 0.091877 2 0.266565 0.091786 2 0.265854 0.091286 2 0.268705 0.096800 2 0.267942 0.096845 2 0.269172 0.103735 2 0.268316 0.103574 2 0.269641 0.110020 2 0.268552 0.109920 2
0 0.251313 0.089169 0.020483 0.036415 0.247512 0.078762 2 0.247812 0.078081 2 0.247259 0.078169 2 0.248469 0.078376 2 0.247130 0.078594 1 0.249581 0.082179 2 0.246850 0.082310 2 0.250605 0.086396 2 0.246251 0.086342 2 0.251116 0.089966 2 0.245916 0.089860 2 0.249459 0.090883 2 0.247670 0.090927 2 0.249776 0.096915 2 0.247919 0.096752 2 0.250226 0.102041 2 0.248623 0.101815 2
0 0.603729 0.117180 0.013130 0.045752 0.601305 0.104085 1 0.601221 0.103628 1 0.601283 0.103625 1 0.600609 0.103680 2 0.601867 0.103680 2 0.600087 0.106305 2 0.602606 0.106342 2 0.599514 0.109434 2 0.603195 0.109704 2 0.599504 0.111504 1 0.602786 0.112110 2 0.600156 0.113348 2 0.601805 0.113318 2 0.600234 0.118465 2 0.601539 0.118500 2 0.600442 0.123012 2 0.601143 0.123053 2
0 0.507353 0.052288 0.008403 0.016807 0.505686 0.050600 1 0.505624 0.050172 1 0.505798 0.050204 1 0.505076 0.050238 2 0.506368 0.050291 2 0.504390 0.052374 2 0.507013 0.052556 2 0.503382 0.054927 2 0.507934 0.055297 2 0.503468 0.057517 2 0.507730 0.058367 2 0.504838 0.058749 2 0.506567 0.058852 2 0.504811 0.062077 1 0.506515 0.062232 1 0.504728 0.062150 1 0.506449 0.062438 1
