0 0.855283 0.219577 0.020089 0.074074 0.864845 0.200560 2 0.864142 0.198987 1 0.864583 0.199301 2 0.861555 0.198123 1 0.863005 0.199123 2 0.858845 0.205517 2 0.861746 0.206503 2 0.858066 0.215123 1 0.861025 0.217496 2 0.859053 0.224477 1 0.861466 0.227605 2 0.857575 0.224946 2 0.858435 0.225352 2 0.860789 0.240119 2 0.854530 0.240861 2 0.861228 0.255696 2 0.846647 0.254326 2
0 0.979167 0.281085 0.029762 0.088624 0.989242 0.254261 2 0.990073 0.252317 2 0.988126 0.251930 2 0.990417 0.253347 1 0.985523 0.252454 2 0.989647 0.264349 2 0.981499 0.263057 2 0.989458 0.277330 2 0.977449 0.276225 2 0.989520 0.286794 2 0.983011 0.286863 2 0.983211 0.291747 2 0.977382 0.290975 2 0.984882 0.310015 2 0.975167 0.310282 2 0.977855 0.327891 2 0.969291 0.329443 2
0 0.886161 0.817460 0.080357 0.248677 0.897276 0.723156 1 0.897827 0.718160 1 0.899031 0.721310 1 0.892920 0.723469 2 0.906342 0.730621 2 0.878391 0.749489 2 0.906642 0.763671 2 0.864951 0.764332 2 0.912820 0.811156 2 0.873344 0.781970 2 0.920740 0.838450 2 0.868888 0.827523 2 0.888042 0.831230 2 0.864387 0.872437 2 0.886554 0.868003 2 0.854192 0.922198 2 0.877654 0.904717 2
0 0.945685 0.282407 0.032738 0.096561 0.947378 0.248177 2 0.948734 0.247006 2 0.947536 0.246128 2 0.951713 0.248135 2 0.947673 0.246278 1 0.954123 0.257875 2 0.949097 0.256633 2 0.956378 0.270725 2 0.948169 0.267058 2 0.950401 0.272273 2 0.944019 0.270249 2 0.949522 0.282139 2 0.944822 0.280140 2 0.946314 0.299936 2 0.938047 0.298342 2 0.955274 0.310559 2 0.936411 0.316572 2
0 0.330729 0.160053 0.017113 0.055556 0.326049 0.122485 1 0.326603 0.121693 1 0.325481 0.121693 1 0.327318 0.122127 1 0.324609 0.122106 2 0.328884 0.129238 2 0.323007 0.129622 2 0.330804 0.137357 2 0.321336 0.137720 2 0.330077 0.143494 2 0.320869 0.144529 2 0.328375 0.145036 2 0.324610 0.145342 2 0.328912 0.156448 2 0.325313 0.157354 2 0.329181 0.167836 2 0.326651 0.169197 2
0 0.339286 0.166667 0.011905 0.047619 0.332328 0.164260 2 0.333748 0.159727 2 0.331401 0.161099 1 0.338183 0.160600 2 0.332417 0.163223 1 0.344367 0.182379 2 0.334987 0.184416 2 0.345376 0.197902 1 0.334252 0.197934 1 0.339121 0.191937 1 0.333996 0.194205 1 0.342686 0.195625 1 0.336603 0.195157 1 0.339400 0.187884 1 0.334695 0.186285 1 0.338244 0.189282 1 0.338731 0.191783 1
0 0.192708 0.105159 0.016369 0.048942 0.183062 0.113162 1 0.182911 0.112270 1 0.183183 0.112167 1 0.181921 0.112985 2 0.184304 0.112573 2 0.181626 0.118946 2 0.185984 0.118010 2 0.181737 0.125941 2 0.188007 0.123811 2 0.182041 0.131648 1 0.188326 0.128068 1 0.183523 0.132343 2 0.186456 0.131999 2 0.183833 0.138393 1 0.187155 0.138393 1 0.184043 0.138393 1 0.186866 0.138393 1
0 0.908482 0.262566 0.023810 0.064815 0.906771 0.250059 2 0.907227 0.248186 2 0.905778 0.247955 2 0.906463 0.247958 1 0.901922 0.247442 2 0.908308 0.258983 2 0.895763 0.256940 2 0.910514 0.271890 2 0.892113 0.266692 1 0.908758 0.285353 2 0.892679 0.274653 1 0.903014 0.292710 2 0.894504 0.291604 2 0.901655 0.306465 1 0.893856 0.306233 1 0.900470 0.306262 1 0.893167 0.302967 1
0 0.510417 0.409392 0.029762 0.149471 0.511206 0.363368 2 0.513001 0.361053 2 0.510039 0.360606 2 0.515866 0.362261 2 0.508370 0.361178 2 0.518564 0.375342 2 0.504989 0.373255 2 0.527441 0.379149 2 0.497603 0.377190 2 0.524476 0.373028 2 0.499065 0.374217 2 0.516245 0.412323 2 0.507246 0.411008 2 0.518026 0.443349 2 0.504786 0.440157 2 0.519978 0.471869 2 0.503846 0.465912 2
0 0.876116 0.241402 0.018601 0.085979 0.879855 0.211651 2 0.881064 0.210226 2 0.879640 0.209808 2 0.883516 0.211706 2 0.879617 0.210664 1 0.885330 0.222574 2 0.877038 0.220778 2 0.886178 0.235876 2 0.874787 0.232942 2 0.882101 0.238689 2 0.876350 0.240853 2 0.881124 0.247860 2 0.875452 0.246432 2 0.879523 0.268255 2 0.873996 0.267077 2 0.878943 0.287413 2 0.873882 0.287174 2
0 0.659226 0.181217 0.014881 0.060847 0.660002 0.158517 1 0.660102 0.157415 1 0.660450 0.157557 1 0.659546 0.158277 2 0.662682 0.158399 2 0.658236 0.164787 2 0.664213 0.165106 2 0.655905 0.172879 2 0.665536 0.174099 2 0.656722 0.178562 2 0.665353 0.180550 2 0.659579 0.182062 2 0.663290 0.181974 2 0.657902 0.194592 2 0.659840 0.193973 2 0.660245 0.208337 2 0.660759 0.207091 2
0 0.657366 0.582011 0.037946 0.190476 0.647224 0.504668 2 0.649017 0.500964 2 0.648666 0.501616 1 0.654629 0.503444 2 0.656328 0.503250 1 0.651934 0.528639 2 0.664346 0.523890 2 0.651499 0.559646 2 0.668787 0.547962 2 0.645852 0.579388 2 0.663138 0.554027 2 0.653963 0.581966 2 0.661156 0.578408 2 0.650839 0.623284 2 0.652248 0.612329 2 0.661612 0.659757 2 0.649309 0.638821 2
0 0.435268 0.476190 0.043155 0.150794 0.439360 0.418066 2 0.440437 0.415504 2 0.440624 0.415695 1 0.443593 0.419325 2 0.447244 0.418899 1 0.443774 0.436589 2 0.450767 0.435812 2 0.439975 0.456431 2 0.446580 0.456636 2 0.437322 0.450347 2 0.439124 0.463128 1 0.445506 0.478960 2 0.450631 0.478151 2 0.440474 0.509061 2 0.446552 0.508840 2 0.445479 0.535704 2 0.451961 0.536874 2
0 0.413690 0.402778 0.031250 0.133598 0.419025 0.353927 1 0.417601 0.351104 1 0.418574 0.351239 1 0.411006 0.352220 1 0.416538 0.353293 2 0.406170 0.367716 2 0.416444 0.369875 2 0.404009 0.386290 2 0.419201 0.390403 2 0.406542 0.392077 1 0.422698 0.391853 2 0.408177 0.405908 2 0.414404 0.407652 2 0.415355 0.434457 2 0.418525 0.436173 2 0.411955 0.459995 2 0.411033 0.461311 2
0 0.227307 0.462302 0.034970 0.160053 0.230437 0.407810 1 0.229323 0.405691 1 0.230235 0.405156 1 0.223223 0.408983 2 0.230358 0.408047 2 0.220280 0.426422 2 0.235358 0.425666 2 0.218137 0.449188 2 0.240289 0.446373 2 0.217032 0.465006 2 0.245476 0.463431 2 0.225324 0.469357 2 0.235857 0.469293 2 0.226170 0.497020 2 0.239160 0.498040 2 0.227610 0.523167 2 0.240503 0.532589 2
0 0.325893 0.425265 0.026786 0.141534 0.326601 0.377936 2 0.327219 0.374490 2 0.324833 0.375232 2 0.327373 0.374383 1 0.321039 0.376026 2 0.330182 0.385844 2 0.317583 0.390445 2 0.332971 0.400559 2 0.316452 0.411339 2 0.335251 0.409404 2 0.318334 0.429370 2 0.329940 0.419418 2 0.321464 0.422115 2 0.333507 0.445721 2 0.322814 0.451842 2 0.330432 0.467977 2 0.325287 0.478272 2
0 0.428199 0.367725 0.026042 0.129630 0.418807 0.353530 1 0.417495 0.351034 1 0.418200 0.351105 1 0.411568 0.353105 1 0.415766 0.353844 2 0.409970 0.368552 2 0.416021 0.369962 2 0.411770 0.386671 1 0.419599 0.389844 2 0.417840 0.387354 1 0.422513 0.389021 2 0.409970 0.409292 2 0.414384 0.410412 2 0.414027 0.437902 1 0.418683 0.438367 2 0.409970 0.455766 1 0.412160 0.456454 2
0 0.277530 0.435847 0.034226 0.144180 0.275597 0.383622 2 0.276666 0.379998 2 0.273783 0.381223 2 0.278584 0.378211 2 0.271445 0.380969 2 0.284478 0.389542 2 0.270770 0.393163 2 0.289092 0.405407 2 0.268197 0.407353 2 0.289725 0.423211 2 0.267164 0.421841 2 0.284938 0.428018 2 0.275544 0.429550 2 0.286098 0.454299 2 0.272465 0.458438 2 0.284313 0.477998 2 0.273147 0.486274 2
0 0.468006 0.561508 0.038690 0.178571 0.469581 0.498412 1 0.469755 0.495450 1 0.470181 0.495645 1 0.467242 0.498422 2 0.476636 0.498322 2 0.464514 0.517643 2 0.480077 0.519074 2 0.459378 0.544087 2 0.481988 0.542731 2 0.454697 0.567255 2 0.477836 0.557880 2 0.465525 0.569064 2 0.477763 0.570206 2 0.457937 0.600231 2 0.480364 0.607979 2 0.453687 0.633050 2 0.485040 0.643561 2
0 0.383557 0.388889 0.030506 0.140212 0.396036 0.339219 2 0.395896 0.336455 2 0.394809 0.336707 2 0.391650 0.338661 1 0.390838 0.338584 2 0.387867 0.353267 2 0.392444 0.354094 2 0.392478 0.372227 1 0.398334 0.373322 2 0.398223 0.368913 1 0.399834 0.368092 2 0.389768 0.391894 2 0.394280 0.392686 2 0.388399 0.418269 2 0.401228 0.417951 2 0.383164 0.444069 2 0.403002 0.447085 2
0 0.229911 0.347222 0.026786 0.112434 0.230038 0.310397 2 0.231065 0.307840 2 0.228844 0.308397 2 0.232962 0.305275 2 0.227088 0.306565 2 0.236726 0.314355 2 0.225333 0.315629 2 0.241204 0.328483 2 0.221437 0.328215 2 0.236085 0.328891 2 0.224766 0.329228 2 0.237144 0.347509 2 0.229533 0.348244 2 0.239120 0.372283 2 0.230826 0.373848 2 0.242124 0.396285 2 0.231704 0.397821 2
0 0.465030 0.294974 0.022321 0.100529 0.464325 0.259425 2 0.465594 0.258136 2 0.464593 0.257952 1 0.468171 0.260360 2 0.465599 0.259799 1 0.468413 0.271596 2 0.464998 0.270198 2 0.464957 0.281031 2 0.460550 0.278265 1 0.461313 0.273775 2 0.461134 0.276356 1 0.465950 0.297014 2 0.462738 0.296153 2 0.465733 0.318521 2 0.461574 0.317373 2 0.473048 0.334357 2 0.462102 0.335502 2
0 0.561384 0.201720 0.018601 0.075397 0.561740 0.174810 1 0.561619 0.173269 1 0.562182 0.173414 1 0.560448 0.174028 2 0.564441 0.174009 2 0.558725 0.183466 2 0.566799 0.183382 2 0.556530 0.196063 2 0.568929 0.194919 2 0.554762 0.207066 2 0.569133 0.203063 2 0.560778 0.205588 2 0.565487 0.205716 2 0.563343 0.222354 2 0.564561 0.222807 2 0.565063 0.236649 2 0.560990 0.237845 2
0 0.896577 0.285714 0.028274 0.105820 0.906865 0.249868 2 0.907357 0.247730 2 0.905801 0.247654 2 0.906827 0.248146 1 0.902211 0.247513 2 0.908671 0.259193 2 0.896258 0.256962 2 0.910775 0.272495 2 0.888885 0.265944 2 0.910157 0.284788 2 0.891239 0.271638 2 0.901528 0.291569 2 0.893870 0.290058 2 0.895707 0.314976 2 0.890783 0.312390 2 0.890895 0.335587 2 0.891511 0.334503 2
0 0.450149 0.277116 0.020833 0.112434 0.451801 0.241556 2 0.452772 0.238999 2 0.450928 0.239732 2 0.455120 0.238715 2 0.450725 0.240963 1 0.458746 0.246776 2 0.450349 0.251296 2 0.462088 0.248449 2 0.448663 0.264319 2 0.459770 0.253407 2 0.446039 0.279126 2 0.457215 0.276547 2 0.451618 0.277154 2 0.456830 0.301169 2 0.450198 0.298427 2 0.458606 0.324241 2 0.454729 0.318842 2
0 0.787202 0.273810 0.020833 0.082011 0.793823 0.246225 2 0.794233 0.244421 2 0.793004 0.244142 2 0.793600 0.244471 1 0.790248 0.243567 2 0.792494 0.253660 2 0.786268 0.252102 2 0.792111 0.268559 2 0.783832 0.266797 2 0.793984 0.275901 2 0.789802 0.275312 2 0.790005 0.274989 2 0.785676 0.275441 2 0.798398 0.283234 2 0.793598 0.283086 2 0.794872 0.304310 2 0.791400 0.304686 2
0 0.810268 0.275132 0.023810 0.082011 0.811819 0.245667 2 0.811881 0.243585 2 0.810867 0.243664 2 0.810896 0.243800 1 0.808070 0.244111 2 0.810516 0.250626 2 0.804182 0.252940 2 0.813732 0.263142 2 0.808920 0.267222 2 0.817479 0.271436 2 0.814266 0.275331 2 0.810484 0.271608 2 0.805991 0.274569 2 0.820478 0.277395 2 0.814542 0.284306 2 0.815463 0.299075 2 0.816544 0.305111 2
0 0.971354 0.912037 0.055804 0.173280 0.987605 0.864887 2 0.992048 0.861246 2 0.985640 0.857462 2 0.996987 0.865249 2 0.980647 0.856215 2 0.995669 0.897109 2 0.972541 0.884415 2 0.991609 0.936710 2 0.966834 0.916614 2 0.978311 0.948150 2 0.966713 0.938310 2 0.984869 0.967957 2 0.967992 0.961198 2 0.985262 1.000000 1 0.961516 0.996569 1 0.983543 0.999041 1 0.959531 0.996684 1
0 0.547991 0.322090 0.023065 0.062169 0.549068 0.310925 2 0.550012 0.309262 1 0.548148 0.309113 2 0.550927 0.305850 1 0.546561 0.305710 2 0.552463 0.303493 2 0.542660 0.304586 2 0.556729 0.314881 2 0.539851 0.318875 2 0.554569 0.319643 2 0.545982 0.321995 2 0.549963 0.321399 2 0.543507 0.322261 2 0.555950 0.325349 2 0.539959 0.326555 2 0.552813 0.347137 2 0.545127 0.346854 2
0 0.532366 0.164683 0.015625 0.070106 0.537050 0.141802 2 0.536778 0.140638 1 0.536530 0.140866 2 0.535757 0.141087 1 0.535123 0.141609 2 0.533964 0.148539 2 0.534159 0.148588 2 0.532896 0.158283 1 0.533317 0.158193 2 0.534210 0.165089 1 0.534511 0.166712 2 0.534196 0.166635 2 0.533291 0.167041 2 0.537282 0.180480 2 0.531901 0.181764 2 0.537224 0.194644 2 0.525355 0.193760 2
0 0.169271 0.318122 0.018601 0.056878 0.165017 0.306049 1 0.165079 0.304757 1 0.165577 0.304301 1 0.166174 0.304721 2 0.169096 0.303521 1 0.167149 0.311270 2 0.171507 0.310336 2 0.166024 0.319687 2 0.171277 0.318209 1 0.163897 0.324713 2 0.168803 0.324496 1 0.170590 0.325639 2 0.173605 0.325197 2 0.168025 0.332323 2 0.170877 0.333643 2 0.172416 0.341339 2 0.175365 0.344480 2
0 0.108631 0.318783 0.032738 0.058201 0.114048 0.306945 2 0.114115 0.305414 2 0.112908 0.305929 2 0.114277 0.305129 1 0.110002 0.306718 2 0.115906 0.312361 2 0.106898 0.314429 2 0.121789 0.319024 2 0.102882 0.325765 2 0.119485 0.320478 2 0.101191 0.336756 2 0.114697 0.329169 2 0.108149 0.329833 2 0.118330 0.322300 2 0.104059 0.322862 2 0.121237 0.339357 2 0.100787 0.334972 2
0 0.621652 0.150794 0.015625 0.071429 0.625072 0.126318 2 0.625292 0.124895 2 0.624312 0.124890 2 0.624927 0.125527 1 0.622363 0.125453 2 0.625490 0.132493 2 0.620651 0.132828 2 0.625639 0.141354 1 0.619548 0.141220 2 0.626100 0.148565 1 0.621368 0.150323 2 0.625176 0.150792 2 0.621878 0.151376 2 0.625901 0.162809 2 0.621368 0.164950 2 0.623654 0.174591 2 0.620891 0.179001 2
0 0.182664 0.125000 0.014137 0.046296 0.182202 0.113286 1 0.182136 0.112396 1 0.182409 0.112223 1 0.181376 0.113293 2 0.184059 0.112692 2 0.181230 0.119262 2 0.185999 0.118169 2 0.180746 0.125625 2 0.187874 0.123220 2 0.181560 0.125040 2 0.187229 0.124101 1 0.183845 0.132024 2 0.187013 0.131729 2 0.185153 0.143268 2 0.187862 0.142951 2 0.186219 0.152215 2 0.188774 0.153221 2
0 0.795015 0.187169 0.014137 0.054233 0.798225 0.170231 1 0.798089 0.169215 1 0.798278 0.169435 1 0.796230 0.170095 2 0.799041 0.170540 2 0.794738 0.175380 2 0.799331 0.177182 2 0.793954 0.181020 2 0.800283 0.184462 2 0.797180 0.183233 2 0.800837 0.184965 2 0.793340 0.190033 2 0.796854 0.190870 2 0.790735 0.199485 2 0.797128 0.201628 2 0.786522 0.208709 2 0.796041 0.212731 2
0 0.417411 0.108466 0.013393 0.052910 0.415018 0.095253 1 0.414993 0.094370 1 0.415286 0.094293 1 0.414481 0.095189 2 0.417069 0.094735 2 0.414386 0.101222 2 0.418809 0.099837 2 0.413228 0.107491 2 0.420115 0.104370 2 0.411190 0.110732 2 0.418425 0.107886 1 0.416347 0.115065 2 0.419158 0.114446 2 0.416761 0.125431 2 0.418571 0.124235 2 0.418479 0.132583 2 0.419505 0.131570 2
0 0.237723 0.128968 0.012649 0.046296 0.235688 0.116427 1 0.235744 0.115512 1 0.235880 0.115480 1 0.235726 0.116049 2 0.237388 0.115883 1 0.235594 0.121429 2 0.238119 0.121142 2 0.235421 0.127834 2 0.238887 0.127431 1 0.235680 0.133704 2 0.238683 0.133064 1 0.236613 0.132935 2 0.238389 0.132852 2 0.237104 0.141080 2 0.238934 0.141156 2 0.237612 0.149526 2 0.239967 0.149237 2
0 0.721354 0.232143 0.018601 0.083333 0.723500 0.204328 2 0.722664 0.202727 1 0.723030 0.203063 2 0.719318 0.203030 1 0.721426 0.204192 2 0.716931 0.211889 2 0.721541 0.213541 2 0.715544 0.222285 1 0.723517 0.224516 2 0.718722 0.226485 1 0.726100 0.227788 2 0.717402 0.235192 2 0.719392 0.236306 2 0.721772 0.250918 2 0.717851 0.252914 2 0.722494 0.265714 2 0.712993 0.267799 2
0 0.976190 0.406085 0.046131 0.140212 0.993641 0.356143 2 0.993025 0.353039 1 0.992969 0.353426 2 0.986300 0.353745 1 0.990216 0.355107 2 0.981534 0.365760 2 0.988429 0.371025 2 0.977788 0.384114 2 0.986926 0.394522 2 0.980040 0.401541 2 0.988517 0.412466 2 0.974869 0.400653 2 0.980940 0.402785 2 0.968537 0.428508 2 0.982287 0.433826 2 0.959129 0.451886 2 0.980892 0.465623 2
0 0.911086 0.220238 0.021577 0.067460 0.906733 0.249411 2 0.907177 0.247623 2 0.905733 0.247474 2 0.906956 0.247705 1 0.902291 0.247207 2 0.908847 0.258099 2 0.897469 0.257184 2 0.910800 0.266782 1 0.896577 0.266782 1 0.909978 0.265359 1 0.900687 0.265736 1 0.906563 0.266782 1 0.899029 0.266782 1 0.907839 0.262961 1 0.902052 0.261850 1 0.906110 0.266782 1 0.902959 0.266782 1
0 0.584449 0.082672 0.011161 0.033069 0.586921 0.077509 2 0.586966 0.076973 1 0.586640 0.076880 2 0.586700 0.077151 1 0.585668 0.076916 2 0.586232 0.080531 2 0.584709 0.080160 2 0.587545 0.083673 2 0.583919 0.084026 2 0.589773 0.084297 2 0.584263 0.087448 2 0.585578 0.088436 2 0.584507 0.088448 2 0.585985 0.093850 2 0.584076 0.094132 2 0.586279 0.099666 2 0.582687 0.099447 2
0 0.900670 0.191138 0.020089 0.038360 0.903066 0.181661 2 0.903805 0.180165 2 0.902377 0.180321 2 0.905127 0.179402 1 0.901613 0.179692 1 0.906903 0.182682 2 0.900571 0.182670 2 0.905804 0.192963 2 0.898160 0.191852 2 0.899702 0.198358 2 0.897205 0.199345 2 0.906747 0.194739 2 0.902424 0.194301 2 0.905505 0.192561 2 0.898616 0.192200 2 0.901098 0.201083 2 0.898649 0.201016 2
0 0.922991 0.191799 0.017113 0.034392 0.924623 0.189097 2 0.925857 0.186669 2 0.923378 0.186923 2 0.927915 0.188644 1 0.921477 0.189371 2 0.931205 0.205353 2 0.919656 0.207222 2 0.933229 0.209555 1 0.919209 0.213113 1 0.928087 0.204872 1 0.922483 0.207014 1 0.929816 0.215402 1 0.922038 0.215402 1 0.928316 0.209497 1 0.921716 0.209140 1 0.929187 0.209940 1 0.923377 0.210352 1
