0 0.655878 0.903439 0.037946 0.187831 0.658246 0.840711 2 0.660398 0.835656 2 0.655617 0.834421 2 0.660138 0.836489 1 0.650415 0.834271 2 0.651300 0.851623 2 0.650914 0.858992 2 0.660469 0.876506 2 0.663249 0.878739 2 0.667427 0.871651 2 0.671462 0.875363 2 0.654978 0.909072 2 0.654003 0.917726 2 0.670644 0.929101 2 0.657320 0.964852 2 0.660336 0.953713 2 0.654584 1.000000 2
0 0.696801 0.828042 0.046875 0.195767 0.698191 0.758060 2 0.700531 0.754797 2 0.696333 0.754065 2 0.703423 0.757467 2 0.693250 0.755442 2 0.706655 0.779077 2 0.686654 0.775746 2 0.709380 0.808632 2 0.679942 0.801015 2 0.709535 0.836474 2 0.678960 0.828522 2 0.700291 0.835026 2 0.687217 0.833578 2 0.698018 0.875393 2 0.683851 0.873870 2 0.693632 0.913776 2 0.683539 0.912156 2
0 0.635789 0.800926 0.063244 0.125661 0.657875 0.839528 2 0.659781 0.835005 2 0.654985 0.835016 2 0.660407 0.834189 1 0.649845 0.835215 2 0.650619 0.850405 2 0.652503 0.857988 2 0.657797 0.867551 2 0.664178 0.881254 2 0.666734 0.868725 2 0.672547 0.877099 2 0.650954 0.884381 1 0.652325 0.888889 1 0.670743 0.866075 1 0.675215 0.880412 1 0.667974 0.877105 1 0.671090 0.888284 1
0 0.358631 0.494709 0.019345 0.063492 0.357853 0.470793 2 0.358571 0.469340 2 0.357011 0.469581 2 0.359832 0.470371 2 0.355979 0.470988 2 0.361273 0.478713 2 0.354733 0.478844 2 0.362414 0.486981 2 0.351072 0.485962 2 0.359146 0.487779 2 0.352481 0.493549 2 0.361004 0.497134 2 0.356405 0.497581 2 0.363314 0.509582 2 0.355462 0.511559 2 0.364379 0.522979 2 0.355238 0.524437 2
0 0.583333 0.625661 0.031250 0.126984 0.580657 0.579356 2 0.580310 0.576747 1 0.580086 0.576702 2 0.578420 0.576790 1 0.578260 0.576754 2 0.578505 0.585921 2 0.574148 0.587859 2 0.582685 0.597977 2 0.576994 0.599525 2 0.591604 0.603912 2 0.582574 0.610345 2 0.581053 0.620000 2 0.577094 0.622909 2 0.588958 0.641830 2 0.574182 0.652316 2 0.583358 0.662746 2 0.571394 0.674278 2
0 0.574033 0.627646 0.030506 0.104497 0.580909 0.579322 2 0.580260 0.576941 1 0.580548 0.577026 2 0.577867 0.577227 1 0.578865 0.577391 2 0.578510 0.586341 2 0.574273 0.588123 2 0.583616 0.598199 2 0.575464 0.599230 2 0.592174 0.603378 2 0.581385 0.611053 2 0.581067 0.620608 2 0.577073 0.623611 2 0.590741 0.641075 2 0.575362 0.651631 2 0.585370 0.664410 2 0.569881 0.676402 2
0 0.497024 0.564815 0.022321 0.100529 0.498642 0.527138 1 0.498644 0.525255 1 0.499287 0.525408 1 0.497333 0.527174 2 0.502538 0.527203 2 0.494976 0.538740 2 0.504655 0.538703 2 0.491972 0.552670 2 0.507070 0.552107 2 0.490806 0.563605 2 0.507796 0.562120 2 0.496455 0.563464 2 0.502792 0.563488 2 0.496712 0.585224 2 0.501999 0.585821 2 0.497885 0.606205 2 0.501683 0.606915 2
0 0.526414 0.605820 0.029018 0.113757 0.528889 0.561225 1 0.528231 0.559229 1 0.528922 0.559210 1 0.524033 0.560704 2 0.529994 0.561124 2 0.520042 0.574302 2 0.532250 0.574651 2 0.517769 0.591442 2 0.534486 0.591691 2 0.518012 0.605378 2 0.535126 0.606408 2 0.521629 0.606594 2 0.529905 0.606777 2 0.522513 0.628383 2 0.529348 0.628953 2 0.523152 0.650734 2 0.526871 0.650952 2
0 0.526042 0.556878 0.022321 0.095238 0.529181 0.561375 1 0.528437 0.559414 1 0.529223 0.559426 1 0.524014 0.560748 2 0.529930 0.561232 2 0.520221 0.574321 2 0.532061 0.574842 2 0.517504 0.591232 2 0.534566 0.591945 2 0.517863 0.605515 2 0.534831 0.606924 2 0.521716 0.606991 2 0.529740 0.607267 2 0.521606 0.622685 1 0.529882 0.622685 1 0.522178 0.620635 1 0.528173 0.620802 1
0 0.481771 0.565476 0.020089 0.099206 0.486718 0.532201 1 0.486036 0.530290 1 0.486674 0.530588 1 0.481887 0.530529 2 0.486547 0.531460 2 0.479112 0.539840 2 0.487396 0.541517 2 0.477377 0.552353 2 0.488810 0.554536 2 0.477562 0.564303 2 0.488841 0.564924 2 0.479916 0.564336 2 0.485725 0.565346 2 0.479928 0.581216 2 0.486515 0.582015 2 0.479014 0.599381 2 0.485478 0.600158 2
0 0.507812 0.528439 0.015625 0.085979 0.499570 0.527301 1 0.499391 0.525469 1 0.500098 0.525682 1 0.498198 0.526926 2 0.502971 0.527337 2 0.497271 0.537535 2 0.505026 0.538605 2 0.497272 0.548787 1 0.506918 0.552253 2 0.499788 0.556865 1 0.506977 0.562523 2 0.497801 0.560561 2 0.503117 0.560665 2 0.497922 0.581430 1 0.502700 0.581158 2 0.498559 0.588128 1 0.502564 0.588128 2
0 0.490327 0.521164 0.017857 0.082011 0.487250 0.532314 1 0.486464 0.530531 1 0.487318 0.530697 1 0.482258 0.530765 1 0.487138 0.531555 2 0.479319 0.540906 2 0.487927 0.542582 2 0.478423 0.553969 1 0.488753 0.557658 2 0.480147 0.564044 1 0.489235 0.567250 2 0.479561 0.567625 2 0.485503 0.568381 2 0.479996 0.578042 1 0.486308 0.578042 1 0.480093 0.578042 1 0.485167 0.578042 1
0 0.447173 0.431878 0.016369 0.054233 0.446462 0.412590 2 0.446888 0.411589 2 0.446256 0.411702 1 0.448106 0.411423 2 0.446529 0.411797 1 0.449587 0.416264 2 0.446326 0.416631 2 0.450579 0.423680 2 0.445287 0.423638 2 0.449970 0.430528 2 0.443922 0.429666 2 0.448688 0.429709 2 0.446588 0.429691 2 0.448549 0.440129 2 0.446472 0.440288 2 0.450272 0.449806 2 0.448101 0.449889 2
