0 0.556176 0.563492 0.018601 0.097884 0.551108 0.528164 1 0.550258 0.526508 1 0.551140 0.526322 1 0.546423 0.527468 1 0.550670 0.527544 2 0.544350 0.536572 2 0.549888 0.537327 2 0.547407 0.547492 1 0.552756 0.548788 2 0.553547 0.548058 1 0.556166 0.549141 2 0.545911 0.561811 2 0.549662 0.562705 2 0.549725 0.579787 2 0.551756 0.581628 2 0.549303 0.600748 2 0.550192 0.602697 2
0 0.553199 0.541005 0.033482 0.071429 0.550876 0.527300 1 0.550073 0.525863 1 0.550973 0.525728 1 0.546508 0.526628 1 0.550716 0.526760 2 0.544256 0.535692 2 0.549273 0.536014 2 0.547556 0.545803 2 0.551877 0.545981 2 0.553731 0.546727 1 0.555594 0.548168 2 0.546303 0.559398 2 0.549393 0.560604 2 0.553187 0.572047 2 0.553574 0.574821 2 0.552920 0.585078 1 0.550248 0.586139 2
0 0.539062 0.483466 0.017113 0.075397 0.536379 0.462002 2 0.536997 0.460473 2 0.535832 0.460484 2 0.537982 0.459612 2 0.534910 0.459637 2 0.539847 0.465594 2 0.533116 0.466740 2 0.543727 0.470552 2 0.531827 0.474160 2 0.540233 0.475378 2 0.533241 0.478266 2 0.538824 0.483614 2 0.534286 0.484116 2 0.539247 0.489577 1 0.534666 0.489359 1 0.539634 0.492082 1 0.534285 0.490791 1
0 0.458333 0.527116 0.017857 0.088624 0.459477 0.497029 1 0.458725 0.495347 1 0.459301 0.495315 1 0.454808 0.497084 2 0.458839 0.497152 2 0.452482 0.507555 2 0.459845 0.507202 2 0.450819 0.519330 2 0.463816 0.518297 2 0.450647 0.528514 2 0.467050 0.526273 2 0.454172 0.526588 2 0.459160 0.526579 2 0.454621 0.545835 2 0.460279 0.545047 2 0.452752 0.563510 2 0.459609 0.562729 2
0 0.486979 0.550926 0.023065 0.099206 0.487451 0.517897 1 0.486696 0.516165 1 0.487368 0.515990 1 0.482787 0.517101 2 0.487894 0.516860 2 0.480370 0.528529 2 0.490873 0.527465 2 0.479825 0.543379 2 0.494251 0.540773 2 0.480432 0.555152 2 0.495192 0.552282 2 0.483233 0.555963 2 0.490257 0.555591 2 0.484441 0.575141 2 0.489842 0.573778 2 0.485819 0.593228 2 0.488535 0.592371 2
0 0.486235 0.525794 0.018601 0.096561 0.487427 0.517690 1 0.486785 0.516013 1 0.487458 0.515886 1 0.483180 0.517195 2 0.488045 0.517140 2 0.480888 0.528298 2 0.490630 0.527639 2 0.479680 0.542550 2 0.494002 0.541042 2 0.479663 0.554166 2 0.494480 0.552779 2 0.483358 0.555625 2 0.489809 0.555250 2 0.484922 0.575745 2 0.489566 0.574485 2 0.486082 0.590986 2 0.488491 0.590477 2
0 0.502232 0.517857 0.014881 0.067460 0.501044 0.494181 2 0.501538 0.492860 2 0.500689 0.492888 2 0.503278 0.492511 2 0.501443 0.492746 1 0.504688 0.498454 2 0.501925 0.497869 2 0.504354 0.506730 2 0.501962 0.507157 1 0.502047 0.503656 2 0.501342 0.509622 1 0.503878 0.516056 2 0.502236 0.515340 2 0.500907 0.529586 2 0.501914 0.528164 2 0.502246 0.542868 2 0.505958 0.538733 2
0 0.523065 0.513228 0.016369 0.076720 0.534085 0.481175 1 0.534140 0.479043 1 0.534052 0.479085 1 0.532858 0.479388 1 0.534017 0.479495 1 0.531500 0.489471 2 0.532458 0.489664 1 0.528998 0.501871 2 0.529988 0.501817 1 0.531418 0.505842 1 0.531958 0.505195 1 0.532586 0.521827 2 0.533117 0.522337 2 0.532211 0.549551 2 0.531851 0.550654 1 0.530913 0.564162 1 0.531175 0.564731 1
0 0.462054 0.509921 0.014881 0.078042 0.458887 0.497176 1 0.458306 0.495571 1 0.458819 0.495657 1 0.454959 0.497047 2 0.458947 0.497412 2 0.453167 0.506426 2 0.459796 0.507093 2 0.452323 0.516558 2 0.463557 0.517931 2 0.453244 0.521482 1 0.466052 0.522525 2 0.454730 0.525609 2 0.459345 0.525990 2 0.454514 0.544222 2 0.460112 0.544193 2 0.452826 0.560251 2 0.459739 0.560402 2
0 0.440104 0.508598 0.017113 0.088624 0.439209 0.479049 1 0.438783 0.477438 1 0.439231 0.477277 1 0.436154 0.478438 2 0.440123 0.478174 2 0.434589 0.488456 2 0.442257 0.487824 2 0.434282 0.500456 2 0.443665 0.499359 2 0.436511 0.508273 2 0.442178 0.508091 2 0.436287 0.508310 2 0.441500 0.508071 2 0.437832 0.526429 2 0.440755 0.525848 2 0.439171 0.543999 2 0.439917 0.544573 2
0 0.776786 0.806878 0.037202 0.171958 0.787172 0.745955 2 0.787699 0.742730 2 0.785722 0.742542 2 0.786360 0.742222 1 0.779747 0.741060 2 0.787942 0.757382 2 0.771493 0.756402 2 0.792493 0.778130 2 0.765039 0.776810 2 0.795636 0.799663 2 0.764766 0.798331 2 0.783793 0.803749 2 0.773492 0.803925 2 0.782764 0.837735 2 0.773883 0.838556 2 0.775890 0.867814 2 0.772208 0.871558 2
0 0.750000 0.772487 0.031250 0.145503 0.753168 0.715996 2 0.754726 0.713369 2 0.751623 0.713140 2 0.756366 0.714468 2 0.748906 0.713713 2 0.758582 0.729010 2 0.744687 0.727919 2 0.760869 0.747908 2 0.740713 0.745620 2 0.763656 0.765319 2 0.739504 0.763018 2 0.754775 0.768876 2 0.746290 0.768334 2 0.750889 0.798492 2 0.745892 0.798571 2 0.747262 0.824215 2 0.749168 0.825662 2
0 0.724702 0.774471 0.031250 0.107143 0.721479 0.742978 2 0.723209 0.741227 2 0.720347 0.740477 2 0.725228 0.742317 2 0.718520 0.740597 2 0.726861 0.751785 2 0.716161 0.752038 2 0.730368 0.759294 2 0.713752 0.760785 2 0.730992 0.756414 2 0.712205 0.768722 2 0.723796 0.778385 2 0.717493 0.778743 2 0.721241 0.793806 2 0.719551 0.798236 2 0.717925 0.803773 2 0.720860 0.814707 2
0 0.612351 0.585979 0.016369 0.103175 0.608958 0.551956 1 0.609193 0.549997 1 0.609540 0.549715 1 0.610561 0.550736 2 0.613732 0.549582 1 0.612024 0.562754 2 0.616660 0.558938 2 0.612085 0.575648 2 0.620519 0.565878 2 0.611212 0.580016 2 0.617634 0.574067 2 0.612698 0.590025 2 0.615388 0.588119 2 0.613825 0.612707 2 0.613944 0.611026 2 0.614968 0.633082 2 0.614142 0.631547 2
