0 0.493676 0.755952 0.048363 0.167989 0.494298 0.697164 2 0.495766 0.692368 2 0.492322 0.694014 2 0.499291 0.688527 2 0.489946 0.692472 2 0.506459 0.703232 2 0.489001 0.707945 2 0.514373 0.722801 2 0.488071 0.727032 2 0.515673 0.733608 2 0.490896 0.726975 2 0.504476 0.754994 2 0.491030 0.756630 2 0.511405 0.792804 2 0.485071 0.793887 2 0.515399 0.828888 2 0.481546 0.829865 2
0 0.481027 0.750000 0.045387 0.126984 0.494263 0.696540 2 0.495421 0.691635 2 0.492019 0.694050 2 0.498901 0.687927 2 0.489783 0.693613 2 0.507207 0.703768 2 0.488879 0.709150 2 0.512290 0.726115 2 0.486522 0.727683 2 0.512044 0.738257 2 0.490148 0.724547 2 0.505639 0.755494 2 0.491930 0.757284 2 0.509669 0.792442 2 0.484352 0.793957 2 0.509767 0.829153 2 0.479428 0.829558 2
0 0.443080 0.550265 0.021577 0.100529 0.445913 0.513681 1 0.445578 0.511736 1 0.446296 0.512009 1 0.442680 0.512852 2 0.447946 0.513489 2 0.440071 0.523696 2 0.449386 0.524930 2 0.437878 0.538002 2 0.451252 0.538283 2 0.436783 0.549395 2 0.450778 0.541908 2 0.441496 0.548991 2 0.447464 0.549753 2 0.442577 0.569935 2 0.445891 0.571350 2 0.443285 0.590127 2 0.444116 0.591141 2
0 0.491071 0.592593 0.020833 0.116402 0.495917 0.548074 2 0.495003 0.545723 1 0.495071 0.545894 2 0.489797 0.546741 1 0.492581 0.547359 2 0.485038 0.560083 2 0.495370 0.560190 2 0.485051 0.577462 1 0.498835 0.574505 2 0.487852 0.586860 1 0.498947 0.569165 2 0.487146 0.592326 2 0.494228 0.592701 2 0.489105 0.616543 2 0.495630 0.614198 2 0.489636 0.637582 2 0.493611 0.633972 2
0 0.457589 0.549603 0.025298 0.104497 0.453809 0.511994 1 0.453785 0.509764 1 0.454455 0.509527 1 0.454365 0.509908 2 0.460016 0.508816 2 0.453823 0.521673 2 0.464607 0.519687 2 0.452774 0.536697 2 0.467971 0.536393 2 0.453100 0.539432 1 0.468475 0.546915 2 0.457514 0.549408 2 0.464738 0.548350 2 0.458052 0.572438 2 0.464147 0.570657 2 0.459275 0.593711 2 0.463576 0.591085 2
0 0.501860 0.556878 0.015625 0.076720 0.495871 0.547233 2 0.495362 0.545365 1 0.495115 0.545476 2 0.492183 0.546519 1 0.492827 0.546978 2 0.491071 0.557639 1 0.494916 0.558743 2 0.492912 0.572460 1 0.498527 0.574845 2 0.497434 0.572122 1 0.500784 0.572336 2 0.491165 0.588287 1 0.494584 0.588752 2 0.491512 0.606911 1 0.496056 0.605801 2 0.492106 0.609458 1 0.495864 0.609458 1
0 0.487723 0.541667 0.017113 0.088624 0.495674 0.547723 2 0.494873 0.545787 1 0.494934 0.545694 2 0.489783 0.547090 1 0.492272 0.547200 2 0.485026 0.559494 2 0.494700 0.560014 2 0.484173 0.577433 1 0.498330 0.573981 2 0.487455 0.583061 1 0.496575 0.561045 1 0.486713 0.593794 2 0.493496 0.594501 2 0.487262 0.603175 1 0.495644 0.603175 1 0.487140 0.603175 1 0.494279 0.603175 1
0 0.474330 0.504630 0.015625 0.083333 0.469009 0.470544 1 0.468614 0.468863 1 0.469103 0.468942 1 0.465935 0.469343 2 0.470061 0.469797 2 0.463897 0.478302 2 0.471464 0.479361 2 0.463542 0.489329 1 0.473889 0.491023 2 0.464093 0.497066 1 0.474751 0.497714 2 0.464864 0.500295 2 0.470000 0.500753 2 0.465630 0.519514 2 0.469786 0.519896 2 0.466087 0.536065 2 0.469092 0.536851 2
0 0.463542 0.497354 0.017857 0.082011 0.453832 0.511831 1 0.453744 0.510109 1 0.454354 0.509856 1 0.453936 0.510302 2 0.459161 0.509089 2 0.454219 0.520706 2 0.464733 0.518898 2 0.453120 0.536915 2 0.467863 0.536599 2 0.453784 0.537856 2 0.469036 0.547782 2 0.457735 0.550844 2 0.465075 0.549660 2 0.455393 0.554233 1 0.465494 0.554233 1 0.455679 0.554233 1 0.465084 0.554233 1
0 0.429688 0.441799 0.015625 0.060847 0.437394 0.422742 1 0.437263 0.421448 1 0.437558 0.421687 1 0.435897 0.421095 2 0.438854 0.421618 2 0.434476 0.426588 2 0.439157 0.427147 2 0.432359 0.435000 2 0.439970 0.435964 2 0.432191 0.443461 1 0.438747 0.441470 1 0.434216 0.443058 2 0.437490 0.443249 2 0.433962 0.456146 2 0.437519 0.455872 2 0.433956 0.468498 2 0.438588 0.466764 2
0 0.601562 0.443783 0.011161 0.046296 0.607008 0.430538 1 0.607009 0.429733 1 0.606847 0.429800 1 0.606043 0.429563 1 0.606256 0.429722 2 0.605926 0.433004 2 0.605201 0.432803 2 0.607803 0.434168 2 0.603978 0.433725 2 0.607812 0.428997 2 0.604639 0.430105 2 0.604633 0.445273 2 0.604401 0.444998 2 0.603386 0.453811 2 0.604333 0.453029 2 0.603202 0.462800 2 0.604473 0.461656 2
0 0.556548 0.466931 0.011905 0.044974 0.556529 0.455897 2 0.556592 0.455080 2 0.556470 0.454758 1 0.557288 0.454004 2 0.557455 0.453218 1 0.558978 0.456645 2 0.558963 0.455321 2 0.558765 0.462736 2 0.558414 0.460361 2 0.556175 0.464169 2 0.555598 0.462447 2 0.562571 0.466020 2 0.562497 0.465308 2 0.561409 0.474871 2 0.560969 0.473680 2 0.561736 0.483342 2 0.560930 0.482833 2
0 0.618676 0.422619 0.009673 0.041005 0.621761 0.406957 1 0.621842 0.406040 1 0.621922 0.406115 1 0.621287 0.406636 2 0.622696 0.406723 2 0.620222 0.412079 2 0.622150 0.412052 2 0.618088 0.417718 2 0.622011 0.418440 2 0.616990 0.421569 2 0.621840 0.421261 1 0.620531 0.424539 2 0.621790 0.424557 2 0.620966 0.433933 2 0.622223 0.433144 2 0.620969 0.443276 2 0.623059 0.440787 2
