0 0.185640 0.755952 0.027530 0.099206 0.187254 0.721342 1 0.186538 0.719437 1 0.187386 0.719081 1 0.182473 0.720769 2 0.188914 0.719870 2 0.181264 0.733494 2 0.191472 0.730481 2 0.179478 0.746442 2 0.196079 0.741017 2 0.182257 0.744718 1 0.193634 0.745441 2 0.185937 0.758068 2 0.193014 0.756805 2 0.187847 0.776671 2 0.194770 0.773017 2 0.188438 0.793712 2 0.198182 0.790821 2
0 0.172991 0.732143 0.020089 0.128307 0.178348 0.685653 2 0.178126 0.683180 1 0.177500 0.683391 2 0.175921 0.683213 1 0.174630 0.683902 2 0.176851 0.693454 2 0.170423 0.696821 2 0.179189 0.706901 1 0.170240 0.715007 2 0.180780 0.718382 1 0.173815 0.727543 2 0.179012 0.725250 2 0.174756 0.727634 2 0.179947 0.752614 2 0.176803 0.754907 2 0.177394 0.779609 2 0.176635 0.781276 2
0 0.212426 0.730159 0.020089 0.089947 0.209742 0.707211 2 0.209493 0.705291 2 0.209490 0.705543 1 0.211246 0.700351 2 0.212010 0.701078 1 0.215277 0.704728 2 0.216139 0.702848 2 0.216119 0.717986 2 0.215569 0.712091 1 0.211082 0.715050 2 0.210841 0.711446 1 0.215447 0.726104 2 0.216121 0.724210 2 0.212382 0.743205 2 0.212210 0.740982 2 0.217946 0.762844 2 0.215212 0.759484 2
0 0.268601 0.573413 0.014881 0.062169 0.270738 0.550267 1 0.270348 0.549143 1 0.270922 0.549142 1 0.267999 0.550661 2 0.271579 0.550899 2 0.266628 0.558751 2 0.271312 0.559257 2 0.266288 0.565422 1 0.271426 0.568472 2 0.268450 0.562483 1 0.273638 0.569011 2 0.267472 0.577734 2 0.270662 0.577931 2 0.268907 0.591070 2 0.271549 0.590480 2 0.268143 0.602285 2 0.269820 0.601638 2
0 0.299851 0.699074 0.041667 0.088624 0.302459 0.672274 2 0.303807 0.669086 2 0.300967 0.669199 2 0.307381 0.667744 2 0.301944 0.667467 2 0.307142 0.680740 2 0.309004 0.675709 2 0.297500 0.694784 2 0.299956 0.685475 2 0.288457 0.696444 2 0.291484 0.693827 2 0.313577 0.714947 2 0.315606 0.710490 2 0.294913 0.699365 2 0.302744 0.689470 2 0.295623 0.728895 2 0.302334 0.716936 2
0 0.466146 0.436508 0.018601 0.089947 0.464887 0.402985 1 0.464849 0.401250 1 0.465415 0.401266 1 0.463820 0.402370 2 0.468455 0.402026 2 0.462272 0.412416 2 0.470602 0.412008 2 0.460936 0.425246 2 0.473399 0.424692 2 0.461253 0.434631 2 0.474187 0.435603 2 0.464932 0.434879 2 0.470381 0.434887 2 0.465492 0.452837 2 0.469743 0.453352 2 0.465916 0.470018 2 0.468868 0.470679 2
0 0.300595 0.634259 0.029762 0.059524 0.298933 0.617716 2 0.299771 0.615731 2 0.298484 0.616112 2 0.302826 0.615618 2 0.300437 0.616137 1 0.303395 0.623009 2 0.303972 0.622286 2 0.295559 0.631261 2 0.297253 0.628205 2 0.292326 0.632228 2 0.294410 0.630551 2 0.310530 0.645801 2 0.310941 0.644930 2 0.298244 0.634303 2 0.301248 0.633015 2 0.301459 0.653350 2 0.303952 0.651819 2
0 0.306176 0.613095 0.023065 0.054233 0.298809 0.618091 2 0.299686 0.615848 2 0.298291 0.616413 2 0.302757 0.615293 2 0.299895 0.616339 1 0.304024 0.621708 2 0.303846 0.622869 2 0.296647 0.629696 2 0.298822 0.630743 2 0.292954 0.630793 2 0.295731 0.632557 2 0.311237 0.644363 2 0.310812 0.644114 2 0.298482 0.633215 2 0.299012 0.632813 2 0.301520 0.647577 2 0.301923 0.648378 1
0 0.316220 0.596561 0.029762 0.058201 0.298322 0.617853 2 0.299425 0.615596 2 0.297896 0.615777 2 0.302395 0.615622 2 0.300115 0.615265 1 0.302555 0.624963 2 0.306837 0.621627 2 0.297171 0.632984 1 0.302946 0.627197 1 0.296166 0.629581 1 0.297192 0.628482 1 0.309489 0.635582 1 0.312251 0.634756 1 0.296955 0.635582 1 0.300093 0.628678 1 0.300413 0.635582 1 0.301902 0.632637 1
0 0.469122 0.421958 0.018601 0.076720 0.465366 0.402811 1 0.465274 0.401103 1 0.465895 0.401199 1 0.463965 0.402277 2 0.468686 0.402147 2 0.462176 0.412517 2 0.470547 0.412319 2 0.460895 0.425156 2 0.473083 0.424761 2 0.461497 0.434467 2 0.473930 0.435433 2 0.464713 0.435255 2 0.470241 0.435402 2 0.465343 0.452624 2 0.469857 0.453240 2 0.465826 0.469911 2 0.469030 0.470362 2
0 0.407738 0.927249 0.063988 0.140212 0.394987 0.885236 2 0.397564 0.881641 2 0.393061 0.880917 2 0.402694 0.878066 2 0.391406 0.876641 2 0.409809 0.892508 2 0.388305 0.891819 2 0.416290 0.923877 2 0.383989 0.922873 2 0.419539 0.957055 2 0.382208 0.948957 2 0.409906 0.949890 2 0.395953 0.949178 2 0.402543 0.987439 2 0.389078 0.986988 2 0.409230 1.000000 1 0.396411 1.000000 1
0 0.340030 0.913360 0.035714 0.154762 0.334388 0.866947 2 0.336268 0.862726 2 0.332374 0.863534 2 0.342002 0.859831 2 0.332113 0.861927 1 0.350252 0.876706 2 0.331038 0.876224 2 0.354395 0.906017 2 0.328506 0.901562 2 0.346750 0.916171 2 0.336115 0.915455 2 0.347742 0.930928 2 0.336158 0.930279 2 0.343828 0.972310 2 0.340997 0.971067 2 0.342744 0.996214 2 0.346937 0.992422 2
0 0.341146 0.908730 0.023065 0.089947 0.334602 0.866647 2 0.336463 0.862497 2 0.332700 0.863167 2 0.342360 0.859613 2 0.332325 0.861566 1 0.350564 0.875689 2 0.331249 0.877294 2 0.355029 0.899540 2 0.328808 0.900058 2 0.349215 0.917775 2 0.336275 0.916092 2 0.348253 0.928634 2 0.335967 0.928787 2 0.346817 0.962564 2 0.339193 0.963485 2 0.346912 0.966033 1 0.342240 0.967924 1
0 0.387649 0.492725 0.025298 0.083333 0.385213 0.462291 2 0.385922 0.460379 2 0.384644 0.460637 1 0.388574 0.459799 2 0.385182 0.460623 1 0.393311 0.469748 2 0.383991 0.470483 2 0.395705 0.485530 2 0.382177 0.485938 2 0.396131 0.499332 2 0.381434 0.500033 2 0.391717 0.498840 2 0.385555 0.498898 2 0.391660 0.519861 2 0.385963 0.519883 2 0.392168 0.536797 2 0.386541 0.536668 2
0 0.422991 0.385582 0.015625 0.072751 0.419987 0.364741 2 0.420376 0.362981 2 0.419558 0.363589 1 0.422068 0.361392 2 0.420367 0.362843 1 0.424445 0.368137 2 0.422512 0.368727 2 0.426042 0.379325 2 0.422033 0.380107 2 0.424363 0.389839 2 0.417204 0.385218 2 0.424174 0.391071 2 0.422851 0.390310 2 0.423251 0.406344 2 0.420329 0.402383 2 0.425667 0.420614 2 0.421304 0.413650 2
0 0.468006 0.357143 0.019345 0.071429 0.467753 0.333918 2 0.468619 0.332436 2 0.466982 0.332497 2 0.469937 0.332381 2 0.465975 0.332507 2 0.471653 0.340302 2 0.464217 0.339790 2 0.473561 0.350240 2 0.462492 0.349422 2 0.473577 0.359171 2 0.461949 0.359666 2 0.469935 0.362249 2 0.465118 0.361805 2 0.469790 0.376957 2 0.465434 0.375077 2 0.469863 0.385625 2 0.466715 0.382291 2
0 0.516369 0.348545 0.019345 0.072751 0.517307 0.323452 2 0.518096 0.322217 2 0.516563 0.322291 2 0.519393 0.322773 2 0.515582 0.323032 2 0.521137 0.329045 2 0.513907 0.330072 2 0.522995 0.337174 2 0.512602 0.338599 2 0.523303 0.344779 2 0.513909 0.347663 2 0.520329 0.346455 2 0.515590 0.347263 2 0.520308 0.357195 2 0.515676 0.359551 2 0.519687 0.364986 2 0.515844 0.368013 2
0 0.424851 0.246693 0.011905 0.046296 0.425553 0.233059 2 0.425968 0.232018 2 0.425020 0.232211 2 0.426778 0.231355 2 0.424410 0.231801 2 0.428378 0.235248 2 0.423856 0.235196 2 0.430060 0.242233 2 0.422598 0.241143 2 0.428665 0.247264 2 0.423765 0.246024 2 0.427675 0.248129 2 0.424807 0.248014 2 0.427603 0.257113 2 0.424912 0.257159 2 0.427607 0.265485 2 0.425105 0.265434 2
0 0.347470 0.525132 0.022321 0.089947 0.343821 0.493791 2 0.344551 0.491489 2 0.342846 0.492307 2 0.347369 0.489597 2 0.342883 0.491727 1 0.351718 0.498261 2 0.342253 0.498962 2 0.355373 0.509122 2 0.340724 0.510059 2 0.355999 0.522113 2 0.340515 0.521056 2 0.351082 0.524506 2 0.345190 0.524463 2 0.351281 0.543729 2 0.347471 0.541220 2 0.351196 0.560510 2 0.349580 0.552428 2
0 0.326637 0.555556 0.019345 0.071429 0.322827 0.534195 2 0.323915 0.532644 2 0.322368 0.532596 2 0.326543 0.532380 2 0.322321 0.532279 1 0.328647 0.539235 2 0.321249 0.539775 2 0.331263 0.547652 2 0.319540 0.549341 2 0.331234 0.554101 2 0.319477 0.558328 2 0.328737 0.558320 2 0.323758 0.558686 2 0.329737 0.571910 2 0.323653 0.572892 2 0.330975 0.584320 2 0.323704 0.585726 2
0 0.329613 0.532407 0.014881 0.067460 0.322715 0.533928 2 0.323919 0.532314 2 0.322001 0.532300 2 0.326596 0.532329 2 0.321572 0.532373 1 0.328325 0.538745 2 0.320940 0.539409 2 0.330792 0.546304 2 0.319851 0.548205 2 0.331240 0.552371 2 0.320275 0.558882 2 0.328567 0.557379 2 0.323601 0.557916 2 0.329660 0.568985 2 0.323588 0.570774 2 0.330699 0.576054 2 0.324261 0.578337 2
0 0.310268 0.504630 0.020833 0.083333 0.311535 0.476083 1 0.311461 0.474627 1 0.312064 0.474703 1 0.310208 0.475615 2 0.314689 0.475608 2 0.308721 0.484835 2 0.316493 0.485152 2 0.305546 0.494113 2 0.318720 0.495697 2 0.303938 0.498188 2 0.320311 0.504909 2 0.310068 0.505587 2 0.315228 0.505718 2 0.309462 0.520116 2 0.314878 0.520071 2 0.309962 0.535396 2 0.314973 0.535766 2
0 0.261905 0.613095 0.020833 0.083333 0.258465 0.581594 1 0.258907 0.580118 1 0.259295 0.579951 1 0.260496 0.582053 2 0.263515 0.581240 1 0.259437 0.591785 2 0.265359 0.590590 2 0.254325 0.595946 2 0.267293 0.597103 2 0.254413 0.591224 2 0.268930 0.600093 2 0.262835 0.612552 2 0.266216 0.611960 2 0.263977 0.627103 2 0.265779 0.625870 2 0.264036 0.643265 2 0.265615 0.641150 2
0 0.264881 0.566799 0.022321 0.085979 0.258300 0.581643 2 0.258898 0.580105 2 0.259343 0.579845 1 0.260780 0.581546 2 0.263349 0.580511 1 0.259595 0.591610 2 0.264653 0.589661 2 0.255580 0.595896 2 0.263842 0.594597 2 0.254924 0.589625 2 0.262491 0.594949 2 0.262565 0.612259 2 0.265290 0.611310 2 0.264523 0.624461 2 0.264049 0.622077 1 0.267404 0.626331 1 0.264044 0.622751 1
0 0.274182 0.506614 0.024554 0.074074 0.268493 0.484508 1 0.268248 0.483110 1 0.268556 0.481661 1 0.268640 0.481125 2 0.272390 0.477360 2 0.270526 0.487482 2 0.277515 0.481380 2 0.272211 0.500085 2 0.282547 0.490856 2 0.273579 0.506523 2 0.282418 0.501438 2 0.276560 0.507247 2 0.281532 0.504416 2 0.276258 0.523907 2 0.281421 0.519589 2 0.275930 0.539588 2 0.282205 0.537366 2
0 0.289435 0.486772 0.020833 0.095238 0.286465 0.453745 2 0.286468 0.451490 2 0.285781 0.452522 1 0.288308 0.449015 2 0.286826 0.451962 1 0.292845 0.453229 2 0.290508 0.457397 2 0.292611 0.452809 2 0.290299 0.461782 1 0.289314 0.451777 2 0.288107 0.458810 1 0.293706 0.476574 2 0.292101 0.477399 2 0.293649 0.497183 2 0.292581 0.496376 2 0.294817 0.516069 2 0.294882 0.516110 2
