0 0.278361 0.758170 0.021008 0.082166 0.276175 0.732731 2 0.277580 0.731393 2 0.275517 0.730911 2 0.280206 0.730514 2 0.274799 0.729693 1 0.282269 0.734487 2 0.273835 0.736533 2 0.285466 0.743502 2 0.272251 0.744306 2 0.287223 0.753593 2 0.271549 0.754861 2 0.281865 0.753119 2 0.276410 0.755021 2 0.282987 0.761450 2 0.277583 0.769754 2 0.283228 0.770557 2 0.277637 0.786023 2
0 0.370536 0.420168 0.018382 0.042951 0.369191 0.407262 2 0.369824 0.406120 2 0.368654 0.406055 2 0.370834 0.406197 2 0.367904 0.406083 2 0.372560 0.411841 2 0.366444 0.411824 2 0.376133 0.417462 2 0.364173 0.416738 2 0.373557 0.418871 2 0.363466 0.418227 2 0.371169 0.428251 2 0.367075 0.428117 2 0.371763 0.439134 2 0.365678 0.439433 2 0.371877 0.447135 2 0.365599 0.446882 2
0 0.173319 0.580299 0.015756 0.071895 0.169721 0.556167 2 0.170451 0.554646 2 0.169516 0.554913 1 0.172569 0.555072 2 0.170107 0.555673 1 0.175495 0.562765 2 0.168823 0.562223 2 0.175828 0.573104 2 0.167819 0.570397 2 0.171522 0.572427 2 0.168748 0.570506 2 0.175708 0.581194 2 0.171213 0.580940 2 0.176762 0.595535 2 0.172282 0.594480 2 0.177760 0.608339 2 0.176296 0.605173 2
0 0.162290 0.584500 0.017857 0.072829 0.152021 0.560574 2 0.152890 0.559225 2 0.152087 0.559115 1 0.155854 0.559683 2 0.153091 0.559543 1 0.158811 0.567236 2 0.152389 0.567479 2 0.160710 0.576268 2 0.151720 0.576067 2 0.156569 0.581798 2 0.152554 0.583121 2 0.159211 0.584436 2 0.154854 0.584648 2 0.159907 0.597067 2 0.156183 0.597745 2 0.163544 0.605309 2 0.159447 0.606435 2
0 0.350840 0.352474 0.014706 0.038282 0.349964 0.342542 1 0.349953 0.341718 1 0.350054 0.341682 1 0.349160 0.341720 2 0.351320 0.341355 2 0.348002 0.345515 2 0.353528 0.345434 2 0.346299 0.351538 2 0.355715 0.352200 2 0.345635 0.355166 2 0.355208 0.356362 2 0.349358 0.358154 2 0.353286 0.358166 2 0.348693 0.361519 2 0.354511 0.360952 2 0.348497 0.366461 1 0.354838 0.366785 1
0 0.357143 0.210084 0.012605 0.048553 0.353014 0.198356 1 0.352700 0.197541 1 0.353033 0.197541 1 0.351175 0.197850 1 0.352980 0.198038 2 0.350507 0.202555 2 0.352276 0.202969 2 0.351061 0.207512 1 0.353394 0.208912 2 0.353482 0.209707 1 0.355497 0.211692 2 0.350908 0.214307 2 0.352113 0.214644 2 0.352081 0.221683 2 0.353260 0.221884 2 0.352067 0.229137 2 0.353631 0.228937 2
0 0.566439 0.265640 0.012080 0.045752 0.563795 0.252021 2 0.564055 0.251257 2 0.564046 0.251144 1 0.565186 0.251768 2 0.565538 0.251447 1 0.566338 0.256556 2 0.566194 0.255749 2 0.566100 0.262910 2 0.564949 0.261137 1 0.563300 0.262569 2 0.562984 0.261649 1 0.566473 0.268761 2 0.566278 0.268063 2 0.564424 0.275991 2 0.564388 0.275201 2 0.566908 0.283281 2 0.566442 0.282456 2
0 0.232143 0.203548 0.008403 0.042951 0.231347 0.187668 1 0.231564 0.186864 1 0.231639 0.186858 1 0.232328 0.187352 2 0.233544 0.187165 1 0.231997 0.191850 2 0.234812 0.191615 2 0.231442 0.197111 2 0.235096 0.197114 1 0.231505 0.199554 2 0.234024 0.200196 1 0.233045 0.202400 2 0.235006 0.202285 2 0.232825 0.210838 2 0.234729 0.210901 2 0.233222 0.217471 2 0.234811 0.216915 2
0 0.263130 0.217554 0.009454 0.033613 0.261897 0.207199 1 0.261879 0.206415 1 0.262214 0.206299 1 0.262009 0.206783 2 0.264044 0.206294 2 0.262445 0.211598 2 0.264852 0.210508 2 0.262269 0.217032 2 0.265979 0.215459 2 0.261130 0.216266 2 0.264467 0.217130 1 0.262775 0.221551 2 0.264331 0.220886 2 0.262555 0.227892 2 0.263210 0.227565 2 0.262349 0.234255 2 0.262753 0.234153 2
0 0.279149 0.216620 0.012080 0.044818 0.276726 0.202756 1 0.276785 0.201843 1 0.277016 0.201841 1 0.276681 0.202592 2 0.278752 0.202307 2 0.276380 0.208253 2 0.280002 0.207543 2 0.275499 0.214102 2 0.281618 0.213252 2 0.275374 0.219041 2 0.281995 0.217697 2 0.277623 0.218906 2 0.279962 0.218562 2 0.278217 0.227155 2 0.279914 0.225937 2 0.279259 0.234178 2 0.280852 0.232701 2
0 0.212185 0.114846 0.008403 0.033613 0.216297 0.104749 2 0.216633 0.104050 2 0.215908 0.104127 2 0.217124 0.104319 1 0.215364 0.104506 2 0.217796 0.107974 2 0.214632 0.108144 2 0.217962 0.112741 1 0.213689 0.112742 2 0.217962 0.117429 1 0.213943 0.117817 2 0.217548 0.117728 2 0.215492 0.117879 2 0.217661 0.124834 2 0.215717 0.125092 2 0.217613 0.131350 2 0.215959 0.131512 2
0 0.222689 0.115313 0.009454 0.032680 0.216483 0.104152 2 0.216905 0.103399 2 0.216387 0.103411 1 0.217827 0.104000 2 0.216420 0.103990 1 0.218539 0.108546 2 0.216387 0.108425 1 0.219519 0.113298 2 0.216479 0.112833 1 0.219156 0.117532 2 0.216549 0.117139 1 0.218178 0.118827 2 0.216688 0.118797 2 0.218575 0.125897 2 0.216768 0.125947 2 0.218469 0.132633 2 0.216907 0.132370 2
0 0.579044 0.733427 0.020483 0.060691 0.580519 0.721423 1 0.580305 0.720039 1 0.580845 0.720162 1 0.578459 0.720639 2 0.582551 0.720859 2 0.576662 0.728545 2 0.584294 0.729468 2 0.573710 0.736106 2 0.586909 0.733394 2 0.573323 0.728453 2 0.585232 0.728129 2 0.577745 0.749584 2 0.583070 0.750536 2 0.573762 0.738054 2 0.581737 0.744177 2 0.574331 0.751459 2 0.582131 0.760523 2
0 0.496324 0.060691 0.008403 0.016807 0.496657 0.058702 1 0.496616 0.058216 1 0.496772 0.058247 1 0.496169 0.058375 2 0.497484 0.058398 2 0.495565 0.061004 2 0.498318 0.061338 2 0.494576 0.063733 2 0.499548 0.064721 2 0.494482 0.066664 2 0.498927 0.067722 2 0.496023 0.068050 2 0.497862 0.068169 2 0.495822 0.070244 1 0.497788 0.070268 1 0.495666 0.070431 1 0.497791 0.070597 1
