0 0.848958 0.652778 0.050595 0.128307 0.848823 0.604893 1 0.849208 0.602301 1 0.851187 0.603934 1 0.849040 0.605581 2 0.859710 0.609116 2 0.842911 0.617538 2 0.862802 0.629307 2 0.832535 0.622253 2 0.864433 0.656874 2 0.830317 0.616681 2 0.862740 0.674107 2 0.840471 0.668794 2 0.853591 0.672245 2 0.824990 0.664718 2 0.839866 0.667900 2 0.829354 0.700793 2 0.843456 0.699949 2
0 0.446057 0.502646 0.017113 0.076720 0.445959 0.477582 2 0.446873 0.475942 2 0.444805 0.476182 2 0.448338 0.476941 2 0.443174 0.477581 2 0.450145 0.486722 2 0.442194 0.487170 2 0.451668 0.496756 2 0.440866 0.496912 2 0.450656 0.504796 2 0.439791 0.506331 2 0.449349 0.506781 2 0.443863 0.506898 2 0.450183 0.518787 2 0.443835 0.518970 2 0.451587 0.530959 2 0.443351 0.530921 2
0 0.439360 0.474868 0.020089 0.121693 0.447342 0.430105 2 0.446956 0.428119 1 0.446423 0.428098 2 0.444711 0.429266 1 0.442635 0.429481 2 0.445738 0.441080 2 0.436588 0.442352 2 0.446198 0.456199 2 0.433489 0.460361 2 0.448444 0.458069 2 0.442993 0.460770 2 0.444882 0.476760 2 0.438315 0.477879 2 0.445035 0.502629 2 0.438211 0.503771 2 0.442982 0.525597 2 0.436066 0.527207 2
0 0.420387 0.394841 0.016369 0.088624 0.421298 0.360980 1 0.420866 0.359397 1 0.421235 0.359407 1 0.418121 0.360058 1 0.421455 0.360048 2 0.417149 0.367469 2 0.422621 0.367145 2 0.419489 0.363847 2 0.426684 0.361687 2 0.420375 0.360732 1 0.421963 0.361025 2 0.418654 0.390694 2 0.422200 0.390812 2 0.419524 0.409472 2 0.421860 0.410201 2 0.419575 0.428251 2 0.421395 0.428692 2
0 0.442708 0.371032 0.025298 0.088624 0.443637 0.337372 1 0.443187 0.335421 1 0.443809 0.335569 1 0.439996 0.335874 2 0.444759 0.336157 2 0.437894 0.346126 2 0.445370 0.345906 2 0.436062 0.358571 2 0.449841 0.354641 2 0.436483 0.368898 2 0.455007 0.360368 2 0.439187 0.370202 2 0.444136 0.370437 2 0.438628 0.388271 2 0.444160 0.389200 2 0.436712 0.405302 2 0.443652 0.406533 2
0 0.482143 0.424603 0.029762 0.103175 0.483962 0.387812 2 0.484791 0.385598 2 0.483264 0.386298 2 0.487423 0.385079 2 0.483928 0.386741 1 0.489631 0.392737 2 0.486419 0.393765 2 0.484510 0.403076 2 0.483730 0.403208 2 0.478962 0.409259 2 0.479912 0.408506 2 0.493721 0.418660 2 0.491011 0.418898 2 0.493284 0.437753 2 0.489489 0.436865 2 0.493278 0.452007 2 0.489052 0.450621 2
0 0.255580 0.433201 0.020089 0.078042 0.254679 0.411094 2 0.255584 0.408681 2 0.253096 0.409298 2 0.257046 0.409309 2 0.250938 0.411008 2 0.259255 0.418863 2 0.250082 0.420922 2 0.258413 0.434777 2 0.247380 0.436277 2 0.251180 0.437171 2 0.247517 0.436254 1 0.260080 0.448384 2 0.253056 0.449481 2 0.261957 0.450831 2 0.246831 0.453946 2 0.265697 0.470347 2 0.250674 0.472415 2
0 0.299479 0.373016 0.014137 0.055556 0.294345 0.335939 1 0.294470 0.334768 1 0.294465 0.334973 1 0.295654 0.334747 1 0.296426 0.335026 1 0.299353 0.339522 2 0.297228 0.339621 2 0.301528 0.349471 2 0.296679 0.350333 2 0.296722 0.349709 2 0.294662 0.349275 2 0.301539 0.360828 2 0.300022 0.360255 2 0.301886 0.378845 2 0.299614 0.376164 2 0.303367 0.395279 2 0.301090 0.392261 2
0 0.297991 0.361111 0.017113 0.079365 0.293870 0.335090 2 0.294098 0.333543 2 0.293991 0.333448 1 0.295716 0.333103 2 0.296262 0.332758 1 0.297988 0.339870 2 0.298303 0.338097 2 0.295823 0.349077 2 0.297729 0.346462 1 0.293231 0.347834 2 0.294628 0.347103 1 0.300998 0.358588 2 0.300832 0.357464 2 0.301903 0.376006 2 0.299779 0.372752 2 0.303398 0.391537 2 0.301365 0.387738 2
0 0.412574 0.267196 0.018601 0.037037 0.416648 0.252291 1 0.416670 0.251197 1 0.416905 0.251327 1 0.416811 0.251408 2 0.418777 0.251351 2 0.416345 0.256862 2 0.419838 0.257328 2 0.414302 0.264054 2 0.421420 0.265668 2 0.412926 0.268157 2 0.421111 0.272803 2 0.416837 0.271528 2 0.419109 0.271511 2 0.412721 0.269316 2 0.414873 0.270197 2 0.409975 0.278104 2 0.412145 0.278688 2
0 0.522321 0.285053 0.017857 0.075397 0.522812 0.257671 2 0.523236 0.256125 2 0.521852 0.256720 2 0.523935 0.256487 2 0.520452 0.257883 2 0.526731 0.264387 2 0.519204 0.266103 2 0.528678 0.274904 2 0.517071 0.277018 2 0.529645 0.286506 2 0.516861 0.287881 2 0.525699 0.285878 2 0.520778 0.286568 2 0.525997 0.300273 2 0.521411 0.301184 2 0.526145 0.310439 2 0.521853 0.312508 2
0 0.377232 0.266534 0.010417 0.046296 0.377388 0.257027 2 0.377769 0.256173 2 0.377072 0.256238 1 0.378735 0.256148 2 0.377482 0.256290 1 0.379824 0.260309 2 0.377410 0.260685 2 0.382177 0.264759 2 0.377256 0.265600 2 0.382082 0.270095 2 0.376839 0.268423 2 0.379714 0.269942 2 0.378792 0.270074 2 0.377532 0.275187 2 0.380255 0.275407 2 0.376550 0.280915 2 0.381822 0.279446 2
