0 0.062500 0.533069 0.037202 0.132275 0.056571 0.497719 2 0.058117 0.494721 2 0.054810 0.494853 2 0.060591 0.495001 2 0.052154 0.495570 2 0.065428 0.506432 2 0.051398 0.509223 2 0.075029 0.515456 2 0.046227 0.513416 2 0.070690 0.527572 2 0.050160 0.516686 2 0.067699 0.542586 2 0.057870 0.544928 2 0.073462 0.561609 2 0.055026 0.570642 2 0.079295 0.580824 2 0.057477 0.596283 2
0 0.017113 0.613757 0.034226 0.124339 0.003684 0.568446 2 0.005080 0.565299 2 0.001941 0.566127 2 0.008679 0.566108 2 0.001125 0.568212 1 0.013203 0.580590 2 0.000000 0.581566 2 0.021393 0.584507 2 0.000000 0.596697 1 0.029396 0.587116 2 0.001160 0.610202 1 0.016725 0.614138 2 0.009007 0.614533 2 0.017163 0.638601 2 0.015183 0.632104 2 0.019210 0.664491 2 0.025206 0.645258 2
0 0.726935 0.217593 0.023810 0.085979 0.734049 0.192053 2 0.733574 0.190138 1 0.733696 0.190541 2 0.730102 0.190212 1 0.732341 0.191078 2 0.729174 0.197806 2 0.731264 0.199271 2 0.727135 0.207824 1 0.730872 0.210144 2 0.727888 0.217599 1 0.730292 0.219778 2 0.727991 0.218765 2 0.729982 0.219305 2 0.725936 0.234876 2 0.732042 0.234439 2 0.719218 0.247629 2 0.731756 0.249729 2
0 0.919643 0.279101 0.025298 0.097884 0.932602 0.248011 2 0.932414 0.245979 1 0.932463 0.245698 2 0.929930 0.244028 1 0.929860 0.243393 2 0.926575 0.253654 2 0.923992 0.252612 2 0.924821 0.267221 1 0.919227 0.266879 2 0.927272 0.272429 1 0.924215 0.275110 2 0.923981 0.282579 2 0.921432 0.282438 2 0.923260 0.301336 2 0.918332 0.301692 2 0.918460 0.318666 2 0.906843 0.317351 2
0 0.145089 0.106481 0.016369 0.048942 0.148667 0.128233 1 0.148160 0.127417 1 0.148775 0.127386 1 0.145922 0.128198 2 0.149194 0.128240 2 0.145030 0.135375 2 0.151191 0.135545 2 0.144330 0.139716 1 0.153171 0.139716 1 0.144376 0.139716 1 0.152361 0.138912 1 0.146413 0.139716 1 0.150586 0.139716 1 0.146374 0.136572 1 0.150663 0.136121 1 0.147114 0.138440 1 0.149802 0.139716 1
0 0.184152 0.089286 0.015625 0.043651 0.186403 0.072500 1 0.185903 0.071603 1 0.186354 0.071532 1 0.183748 0.071938 1 0.185949 0.071992 2 0.182628 0.077054 2 0.186069 0.076942 2 0.182708 0.083300 1 0.187685 0.083155 2 0.184172 0.086017 1 0.189251 0.084693 2 0.183809 0.088856 2 0.186007 0.089067 2 0.187091 0.093352 2 0.188700 0.092807 2 0.185909 0.098844 2 0.186840 0.098127 2
0 0.882068 0.257275 0.024554 0.051587 0.889471 0.239787 2 0.890366 0.238561 2 0.888769 0.238052 2 0.891386 0.239040 2 0.887331 0.237876 2 0.891009 0.245306 2 0.885770 0.244249 2 0.890945 0.253997 2 0.885310 0.253914 1 0.890153 0.257134 2 0.887314 0.257669 1 0.889713 0.258320 2 0.886292 0.258012 2 0.890318 0.254323 2 0.886151 0.253928 1 0.888504 0.265350 2 0.885893 0.264667 1
0 0.553199 0.025794 0.014137 0.035714 0.551378 0.022979 1 0.551396 0.022461 1 0.551479 0.022438 1 0.551225 0.022790 2 0.552246 0.022691 2 0.551052 0.025587 2 0.552772 0.025534 2 0.550707 0.028751 2 0.553708 0.028495 2 0.551191 0.029157 1 0.553770 0.028023 2 0.551486 0.031849 2 0.552568 0.031799 2 0.551676 0.036485 2 0.552274 0.036465 2 0.551709 0.041185 2 0.552298 0.041481 2
0 0.587054 0.389550 0.028274 0.115079 0.590548 0.396198 1 0.590590 0.394033 1 0.592110 0.393389 1 0.591956 0.397179 2 0.599579 0.394277 1 0.594010 0.414686 2 0.603009 0.406953 2 0.581203 0.428167 2 0.593575 0.414570 2 0.571506 0.424815 2 0.586065 0.418968 1 0.599834 0.456253 2 0.605119 0.451402 2 0.589606 0.468585 1 0.593847 0.459487 1 0.590395 0.464502 1 0.593327 0.458777 1
0 0.859375 0.257937 0.020833 0.052910 0.867031 0.249611 2 0.867411 0.247954 1 0.866595 0.247296 2 0.866948 0.247176 1 0.864964 0.245699 2 0.866121 0.251463 2 0.859743 0.250119 2 0.867704 0.263230 2 0.860070 0.266409 2 0.870867 0.269578 2 0.864428 0.273080 2 0.859590 0.267136 2 0.854362 0.266800 2 0.871988 0.267429 2 0.857017 0.264938 2 0.863944 0.280304 2 0.853776 0.275937 2
0 0.640253 0.173942 0.017113 0.067460 0.643511 0.155053 1 0.643565 0.153591 1 0.643865 0.154063 1 0.641999 0.153636 2 0.645026 0.154776 2 0.638563 0.159797 2 0.645475 0.162056 2 0.634892 0.169746 2 0.645546 0.173331 2 0.633839 0.179087 2 0.646027 0.182277 2 0.636944 0.177886 2 0.641398 0.178981 2 0.635448 0.190383 2 0.638985 0.192667 2 0.637228 0.203140 2 0.639034 0.204896 2
0 0.599702 0.452381 0.037202 0.148148 0.590740 0.396324 1 0.591162 0.394314 1 0.591940 0.394248 1 0.591803 0.398200 2 0.598973 0.396674 2 0.592308 0.415315 2 0.602611 0.408747 2 0.584544 0.430102 2 0.595031 0.417999 2 0.578529 0.428350 2 0.585406 0.421425 1 0.598875 0.454391 2 0.606128 0.450210 2 0.587294 0.477449 2 0.597531 0.467765 2 0.592653 0.504999 2 0.604680 0.491900 2
0 0.492932 0.455688 0.034970 0.141534 0.509309 0.407864 2 0.508085 0.405136 1 0.508325 0.405944 2 0.503043 0.405549 1 0.504815 0.408811 2 0.498858 0.419048 2 0.502243 0.426953 2 0.500355 0.439060 2 0.500159 0.453019 2 0.504650 0.447022 1 0.504623 0.470678 2 0.493357 0.457218 2 0.495183 0.462161 2 0.501588 0.479381 2 0.501144 0.494071 2 0.500819 0.499983 2 0.491924 0.519134 2
0 0.424479 0.398810 0.033482 0.130952 0.445926 0.355180 1 0.445172 0.351671 1 0.445005 0.352521 2 0.438004 0.350648 1 0.441864 0.353750 2 0.430359 0.363080 2 0.441308 0.370467 2 0.422927 0.379222 2 0.439245 0.394769 2 0.425721 0.393058 1 0.439240 0.414118 2 0.423348 0.401871 2 0.431597 0.405508 2 0.421578 0.430794 2 0.434408 0.437046 2 0.417061 0.457608 2 0.433683 0.467898 2
0 0.247024 0.504630 0.040179 0.167989 0.245892 0.451384 2 0.243765 0.449749 1 0.244865 0.449361 2 0.236051 0.454976 1 0.242306 0.454856 2 0.231395 0.476048 2 0.248077 0.473216 2 0.230635 0.500722 2 0.254050 0.498661 2 0.235665 0.515857 2 0.259099 0.515244 2 0.238331 0.522711 2 0.249400 0.520902 2 0.242118 0.557688 2 0.249702 0.549632 2 0.246150 0.588811 2 0.248276 0.579295 2
0 0.385417 0.448413 0.028274 0.148148 0.391787 0.398895 1 0.390707 0.396060 1 0.391279 0.396005 1 0.383823 0.396351 1 0.388993 0.396810 2 0.377872 0.410180 2 0.390296 0.411515 2 0.375469 0.430890 2 0.393646 0.431619 2 0.379260 0.440678 2 0.396257 0.445598 2 0.379102 0.446643 2 0.387820 0.448033 2 0.380541 0.477244 2 0.390039 0.480730 2 0.381821 0.505759 2 0.390865 0.512732 2
0 0.548735 0.441799 0.042411 0.150794 0.561175 0.389876 1 0.560049 0.386650 1 0.561080 0.387573 1 0.552932 0.386536 1 0.559892 0.390325 2 0.546951 0.398291 2 0.557070 0.410245 2 0.540836 0.415810 2 0.555197 0.433646 2 0.546375 0.426426 1 0.560651 0.441304 2 0.538685 0.434916 2 0.545828 0.442001 2 0.541894 0.458018 2 0.552300 0.475689 2 0.535252 0.479992 2 0.547985 0.506809 2
0 0.631324 0.429894 0.055804 0.142857 0.609474 0.387686 2 0.610446 0.384888 2 0.610674 0.383864 1 0.613150 0.386821 2 0.616548 0.383526 1 0.616857 0.403521 2 0.621374 0.397229 2 0.614665 0.426865 2 0.623641 0.413429 1 0.611124 0.424336 2 0.616079 0.420729 1 0.632099 0.428061 2 0.634163 0.425930 2 0.636039 0.452583 2 0.631716 0.449320 2 0.649013 0.466373 2 0.642905 0.466744 2
0 0.573661 0.584656 0.037202 0.185185 0.564992 0.509684 1 0.565107 0.506437 1 0.566203 0.506547 1 0.564963 0.509351 2 0.573337 0.508534 1 0.567798 0.530495 2 0.578263 0.528525 2 0.569956 0.563476 2 0.575641 0.555560 2 0.566383 0.589485 2 0.571453 0.576552 1 0.570738 0.585010 2 0.578423 0.583330 2 0.561734 0.621713 2 0.570499 0.621646 2 0.569046 0.657163 2 0.576406 0.662700 2
0 0.447917 0.410714 0.044643 0.117725 0.445531 0.354611 2 0.444715 0.351472 1 0.444724 0.352201 2 0.437420 0.350993 1 0.441435 0.353861 2 0.429206 0.361902 2 0.440758 0.369772 2 0.422916 0.376956 2 0.440676 0.396035 2 0.424771 0.390842 1 0.440042 0.414554 2 0.423147 0.402475 2 0.431823 0.405843 2 0.422163 0.431760 2 0.435760 0.437495 2 0.416931 0.459448 2 0.433624 0.468551 2
0 0.255952 0.333333 0.026786 0.116402 0.250188 0.291078 2 0.251456 0.288625 2 0.248789 0.289099 2 0.253793 0.288865 2 0.247046 0.290287 2 0.257096 0.302029 2 0.249026 0.303426 2 0.262376 0.317853 2 0.248930 0.315996 2 0.253529 0.318981 2 0.247647 0.319108 2 0.257260 0.334568 2 0.252053 0.334819 2 0.255879 0.357708 2 0.253309 0.359908 2 0.264629 0.378342 2 0.257632 0.382271 2
0 0.493304 0.276455 0.019345 0.108466 0.491989 0.239633 2 0.493320 0.237489 2 0.491070 0.237403 2 0.495362 0.238978 2 0.491288 0.238461 1 0.495678 0.251355 2 0.492265 0.249989 2 0.495171 0.268374 2 0.491225 0.261870 2 0.493484 0.282329 2 0.487084 0.267291 2 0.494263 0.279035 2 0.493325 0.278396 2 0.489400 0.298302 2 0.496479 0.298160 2 0.485211 0.317800 2 0.499531 0.317540 2
0 0.540551 0.286376 0.018601 0.099206 0.530543 0.307869 1 0.531343 0.305912 1 0.529685 0.306129 1 0.532587 0.302896 1 0.528190 0.303393 1 0.534431 0.302350 2 0.527530 0.303866 1 0.537799 0.311318 2 0.527530 0.314268 1 0.533414 0.316110 2 0.529344 0.318736 1 0.533200 0.318645 2 0.527530 0.319780 2 0.537769 0.320397 2 0.528080 0.323269 2 0.534393 0.344415 2 0.528471 0.346013 2
0 0.537202 0.212963 0.020833 0.084656 0.535201 0.178100 1 0.535209 0.176302 1 0.535416 0.176499 1 0.533591 0.177149 2 0.537540 0.177650 2 0.530704 0.186725 2 0.539139 0.188087 2 0.527037 0.195231 2 0.541846 0.200232 2 0.528205 0.200615 2 0.543020 0.208611 2 0.531199 0.209958 2 0.537029 0.210357 2 0.531101 0.227675 2 0.538940 0.227736 2 0.530964 0.245026 2 0.540903 0.244602 2
0 0.521577 0.273810 0.020833 0.119048 0.529255 0.308157 1 0.530549 0.306219 1 0.528372 0.305631 1 0.531974 0.303720 1 0.526902 0.302611 2 0.533027 0.303105 2 0.522951 0.302986 2 0.535714 0.313265 2 0.519809 0.315160 2 0.532444 0.314928 2 0.527550 0.319325 2 0.530664 0.320769 2 0.523945 0.320897 2 0.535309 0.322775 2 0.519687 0.323841 2 0.532084 0.344302 2 0.525637 0.346114 2
0 0.767485 0.260582 0.020089 0.076720 0.770255 0.234766 2 0.770851 0.232984 2 0.769210 0.232819 2 0.770819 0.233600 1 0.766492 0.232973 2 0.770354 0.243556 2 0.763208 0.242068 2 0.770546 0.258222 2 0.761598 0.255894 2 0.772526 0.266555 2 0.767987 0.265265 2 0.768336 0.265023 2 0.763470 0.265492 2 0.776501 0.272946 2 0.771985 0.272974 2 0.774650 0.294311 2 0.771241 0.294894 2
0 0.790179 0.261243 0.026786 0.083333 0.787575 0.232701 2 0.788399 0.230767 2 0.786514 0.230399 2 0.788696 0.231715 1 0.784276 0.231179 2 0.787848 0.237510 2 0.781162 0.241991 2 0.790689 0.250818 2 0.786438 0.255963 2 0.794140 0.259810 2 0.792069 0.264898 2 0.788328 0.258142 2 0.783543 0.263065 2 0.798673 0.258649 2 0.791922 0.274678 2 0.792923 0.272234 2 0.793901 0.293380 2
0 0.526786 0.310847 0.023810 0.071429 0.529776 0.308585 2 0.530898 0.306700 1 0.528745 0.306520 1 0.532140 0.302735 1 0.527138 0.302532 2 0.533432 0.299969 2 0.522843 0.301092 2 0.538267 0.311362 2 0.519329 0.314603 2 0.533667 0.316782 2 0.526429 0.317545 2 0.532025 0.321364 2 0.525178 0.322582 2 0.537928 0.320685 2 0.520392 0.323558 2 0.533882 0.344740 2 0.526274 0.344659 2
0 0.459449 0.158730 0.017113 0.068783 0.458219 0.137060 1 0.458304 0.135826 1 0.458237 0.135694 1 0.457757 0.135395 2 0.459744 0.134976 2 0.456810 0.140825 2 0.460773 0.140099 2 0.453817 0.147351 2 0.463543 0.146965 2 0.453695 0.146316 2 0.461465 0.148174 2 0.458465 0.157069 2 0.461161 0.156740 2 0.458195 0.170653 2 0.461854 0.170184 2 0.457326 0.184649 2 0.463745 0.183041 2
0 0.149182 0.330026 0.018601 0.062169 0.147323 0.312719 2 0.148329 0.310986 2 0.146629 0.311275 2 0.150806 0.310726 2 0.146317 0.311382 1 0.152843 0.318324 2 0.146989 0.318942 2 0.155020 0.327708 2 0.146962 0.327347 2 0.155927 0.337332 2 0.147117 0.335122 2 0.153091 0.335198 2 0.149117 0.335481 2 0.154061 0.344928 2 0.149896 0.345136 2 0.155910 0.354133 2 0.150593 0.354846 2
0 0.070685 0.328042 0.035714 0.055556 0.073890 0.314675 2 0.074364 0.312997 2 0.072599 0.313481 2 0.075183 0.312901 1 0.069811 0.314312 2 0.076854 0.319479 2 0.067138 0.322088 2 0.082955 0.325983 2 0.063259 0.333160 2 0.080993 0.327014 2 0.062800 0.341279 2 0.075942 0.337484 2 0.068876 0.338568 2 0.080322 0.330287 2 0.064541 0.332205 2 0.083840 0.348556 2 0.062072 0.347721 2
0 0.594494 0.144841 0.016369 0.070106 0.598853 0.114872 2 0.599204 0.113656 2 0.598197 0.113511 2 0.599177 0.114524 1 0.596564 0.114035 2 0.600064 0.121637 2 0.594914 0.121363 2 0.601071 0.129248 2 0.592427 0.128867 2 0.600215 0.127650 2 0.595076 0.126185 2 0.598636 0.139546 2 0.595207 0.139415 2 0.598420 0.153668 2 0.595230 0.153612 2 0.596634 0.164926 2 0.593566 0.167367 2
0 0.115699 0.119048 0.011161 0.026455 0.116430 0.124098 1 0.116221 0.122965 1 0.116577 0.122955 1 0.115080 0.122781 2 0.117390 0.122654 2 0.113936 0.128698 2 0.119302 0.128421 2 0.113106 0.135085 2 0.121394 0.134381 1 0.114500 0.135919 1 0.120219 0.136513 1 0.115675 0.137421 1 0.119198 0.137421 1 0.116485 0.131212 1 0.118590 0.131170 1 0.116679 0.132815 1 0.118347 0.133645 1
0 0.148438 0.145503 0.017113 0.050265 0.147534 0.129154 1 0.147315 0.128103 1 0.147696 0.127979 1 0.145793 0.128952 2 0.149047 0.128633 2 0.144778 0.136007 2 0.150902 0.135265 2 0.143868 0.142950 2 0.153525 0.140270 2 0.145316 0.144902 2 0.152394 0.139008 1 0.147296 0.151703 2 0.151361 0.151525 2 0.148722 0.163256 2 0.151821 0.162597 2 0.149651 0.173379 2 0.152664 0.172988 2
0 0.748884 0.183201 0.014137 0.054233 0.744935 0.172822 2 0.745096 0.171399 2 0.744607 0.171444 1 0.746546 0.170104 2 0.746192 0.170203 1 0.748503 0.173651 2 0.748653 0.173920 2 0.747288 0.182286 2 0.748814 0.181549 2 0.743599 0.184956 2 0.745945 0.185535 2 0.754103 0.181081 2 0.754793 0.181463 2 0.748692 0.187306 2 0.753486 0.189417 2 0.747974 0.195903 2 0.757395 0.197088 2
0 0.384301 0.113095 0.014137 0.051587 0.380940 0.096523 1 0.380936 0.095628 1 0.381156 0.095465 1 0.380843 0.095553 2 0.383134 0.095046 2 0.380328 0.100214 2 0.384807 0.098963 2 0.380057 0.106733 2 0.385761 0.104391 2 0.380992 0.109574 1 0.386075 0.109923 2 0.381787 0.113292 2 0.384887 0.112699 2 0.382178 0.123590 2 0.385290 0.123075 2 0.382255 0.133351 2 0.384756 0.132941 2
0 0.615327 0.246032 0.016369 0.089947 0.618731 0.211642 2 0.619053 0.209971 2 0.617889 0.209648 2 0.617668 0.210693 1 0.615517 0.209563 2 0.615381 0.218421 2 0.616175 0.218069 2 0.618428 0.228526 1 0.620653 0.227460 2 0.621968 0.221996 1 0.622883 0.219202 2 0.616104 0.241707 2 0.616634 0.242224 2 0.617147 0.259047 2 0.619357 0.260862 2 0.613578 0.272937 2 0.615891 0.277246 2
0 0.934524 0.311508 0.032738 0.130952 0.939578 0.268166 2 0.940283 0.265949 2 0.938786 0.265213 2 0.938593 0.267346 1 0.935277 0.265132 2 0.936567 0.278434 2 0.930354 0.276196 2 0.935952 0.294466 2 0.924135 0.290114 2 0.937077 0.302254 2 0.921302 0.304805 2 0.930371 0.304847 2 0.927403 0.304063 2 0.926422 0.326859 2 0.928907 0.328840 2 0.919062 0.344274 2 0.929734 0.353092 2
0 0.862351 0.369048 0.044643 0.132275 0.871510 0.326058 2 0.870952 0.323039 1 0.871370 0.323640 2 0.866150 0.321764 1 0.869456 0.322861 2 0.863490 0.331098 2 0.866900 0.333695 2 0.869470 0.341376 2 0.873549 0.345132 2 0.878875 0.347601 2 0.884062 0.350700 2 0.859655 0.366848 2 0.863107 0.368180 2 0.854404 0.389969 2 0.867347 0.392746 2 0.847243 0.413872 2 0.870101 0.418357 2
0 0.774926 0.215608 0.024554 0.068783 0.787411 0.233033 2 0.788103 0.231509 2 0.786568 0.231091 2 0.788145 0.231794 1 0.784022 0.230750 2 0.787719 0.240695 2 0.781367 0.241462 2 0.789560 0.251932 2 0.786462 0.254028 2 0.789675 0.258278 1 0.790512 0.260905 2 0.787530 0.261442 1 0.782861 0.262646 1 0.790323 0.255609 1 0.787141 0.259076 1 0.787626 0.260730 1 0.784801 0.262855 1
0 0.555432 0.098545 0.011161 0.038360 0.557776 0.085593 1 0.557972 0.084928 1 0.557477 0.084918 1 0.557872 0.085465 1 0.556823 0.085655 2 0.557769 0.088394 2 0.555905 0.089819 2 0.557250 0.085624 2 0.554575 0.091768 2 0.555422 0.083396 2 0.554286 0.093988 2 0.557702 0.098377 2 0.556447 0.098909 2 0.558041 0.106393 2 0.556890 0.106776 2 0.558429 0.114467 2 0.557428 0.114834 2
0 0.949405 0.271825 0.029762 0.112434 0.958527 0.234614 2 0.958532 0.233019 1 0.958180 0.232444 2 0.956141 0.232652 1 0.955429 0.231189 2 0.953835 0.239442 2 0.949015 0.236680 2 0.949516 0.248608 2 0.939755 0.243576 2 0.952722 0.254657 2 0.943706 0.255070 2 0.948489 0.263791 2 0.945463 0.263105 2 0.948501 0.283249 2 0.944407 0.282946 2 0.941402 0.299199 2 0.939384 0.301690 2
