0 0.280134 0.443452 0.008929 0.025794 0.279221 0.439390 1 0.279251 0.439025 1 0.279299 0.439017 1 0.279348 0.439172 2 0.279836 0.439137 1 0.279979 0.441301 2 0.279912 0.441236 2 0.280631 0.444162 2 0.279976 0.443840 2 0.280751 0.446893 2 0.279382 0.446040 2 0.280151 0.446976 2 0.280027 0.446885 2 0.280705 0.450860 2 0.279810 0.450848 2 0.281177 0.454435 2 0.279754 0.454759 2
0 0.848772 0.522817 0.008557 0.028439 0.849851 0.513597 1 0.849847 0.513049 1 0.849960 0.513066 1 0.849987 0.513063 2 0.851080 0.512985 1 0.850260 0.515546 2 0.851832 0.515375 2 0.849649 0.518186 2 0.851620 0.518146 1 0.848536 0.517840 2 0.849635 0.517965 1 0.850513 0.522744 2 0.851625 0.522521 2 0.850006 0.527664 2 0.851154 0.527467 2 0.849771 0.532666 2 0.851204 0.532577 2
0 0.856585 0.532077 0.007812 0.024471 0.857852 0.524284 1 0.857867 0.523793 1 0.857999 0.523898 1 0.857634 0.523841 2 0.858856 0.524000 2 0.856978 0.526092 2 0.859471 0.526629 2 0.855793 0.529281 2 0.860073 0.530591 2 0.854971 0.530931 2 0.859535 0.533858 2 0.856938 0.533570 2 0.858573 0.533737 2 0.855413 0.535746 2 0.857092 0.536372 2 0.855611 0.539909 2 0.856988 0.540406 2
0 0.736049 0.364749 0.006324 0.020503 0.737438 0.357675 1 0.737491 0.357313 1 0.737415 0.357321 1 0.737357 0.357354 2 0.737667 0.357351 2 0.736959 0.359120 2 0.738033 0.359175 2 0.736405 0.360565 2 0.738943 0.360691 2 0.736762 0.360661 2 0.738512 0.361042 2 0.737061 0.363611 2 0.737693 0.363626 2 0.737070 0.366949 2 0.737313 0.367062 2 0.736995 0.370327 2 0.737206 0.370299 2
0 0.743490 0.370370 0.004092 0.018519 0.744845 0.367649 1 0.744782 0.367333 1 0.744775 0.367314 1 0.744316 0.367567 1 0.744500 0.367543 2 0.744141 0.369389 2 0.744219 0.369465 2 0.744571 0.371042 2 0.744449 0.371286 2 0.745350 0.371156 2 0.745355 0.371268 2 0.744082 0.373698 2 0.744207 0.373795 2 0.744063 0.376839 2 0.744545 0.376978 2 0.743598 0.379877 2 0.744500 0.380190 2
0 0.744978 0.342593 0.006324 0.017196 0.747468 0.337238 1 0.747456 0.336903 1 0.747557 0.336927 1 0.747144 0.337165 2 0.747915 0.337238 2 0.746634 0.339090 2 0.747911 0.339246 2 0.745831 0.340913 2 0.748381 0.341187 2 0.746137 0.342113 2 0.748479 0.341708 1 0.746799 0.342805 2 0.747595 0.342877 2 0.747016 0.345521 2 0.747519 0.345580 2 0.746914 0.348564 2 0.747559 0.348332 2
0 0.603237 0.682209 0.008557 0.021825 0.603521 0.677226 2 0.603788 0.676736 2 0.603272 0.676755 2 0.604298 0.676927 2 0.602970 0.676995 2 0.605321 0.679970 2 0.602281 0.680061 2 0.606030 0.683946 2 0.601760 0.684065 2 0.606374 0.687689 2 0.601557 0.687763 2 0.605015 0.687623 2 0.602791 0.687670 2 0.605919 0.693289 2 0.602298 0.693271 2 0.606572 0.696801 1 0.602064 0.696801 1
0 0.628906 0.728175 0.007812 0.033069 0.631722 0.720164 1 0.631649 0.719519 1 0.631830 0.719601 1 0.630811 0.719654 2 0.632469 0.719896 2 0.629822 0.722876 2 0.632995 0.723388 2 0.628900 0.726956 2 0.633683 0.727905 2 0.628721 0.731431 2 0.633448 0.731111 2 0.629721 0.732059 2 0.631849 0.732205 2 0.629450 0.737761 2 0.631195 0.737927 2 0.629213 0.742827 2 0.630447 0.742769 2
0 0.540365 0.484458 0.007068 0.027116 0.541026 0.477809 2 0.541277 0.477386 2 0.540829 0.477296 2 0.541538 0.477382 2 0.540428 0.477162 2 0.541813 0.479458 2 0.539680 0.479277 2 0.543049 0.481146 2 0.538789 0.480962 2 0.542383 0.482912 2 0.539162 0.482757 2 0.541163 0.485292 2 0.539793 0.485226 2 0.541174 0.489243 2 0.539479 0.489290 2 0.541290 0.493532 2 0.539478 0.493376 2
0 0.544271 0.495701 0.007440 0.025794 0.546586 0.490119 2 0.546793 0.489660 1 0.546421 0.489702 2 0.547104 0.489932 1 0.546276 0.490000 2 0.547567 0.492530 2 0.545666 0.492395 2 0.548107 0.495281 2 0.544646 0.494584 2 0.547785 0.498019 2 0.545166 0.495105 2 0.547264 0.498391 2 0.546036 0.498365 2 0.547373 0.502974 2 0.546012 0.502925 2 0.547300 0.507864 2 0.546212 0.507377 2
0 0.622582 0.432209 0.007068 0.020503 0.622526 0.425937 2 0.622658 0.425631 2 0.622510 0.425650 1 0.623103 0.425634 2 0.622693 0.425693 1 0.623558 0.427311 2 0.622963 0.427349 2 0.623881 0.429118 2 0.622817 0.429105 2 0.623093 0.429336 2 0.622450 0.429574 2 0.623579 0.431492 2 0.623002 0.431415 2 0.623776 0.434947 2 0.622636 0.434744 2 0.624935 0.437972 2 0.622190 0.437849 2
