0 0.670759 0.931878 0.045387 0.125661 0.678057 0.901523 2 0.679765 0.896300 2 0.674879 0.896122 2 0.678822 0.894843 1 0.667773 0.894642 2 0.667249 0.914977 2 0.671683 0.918700 2 0.677241 0.938877 2 0.685486 0.947284 2 0.687834 0.936379 2 0.693071 0.937368 2 0.671601 0.976129 2 0.674754 0.981187 2 0.689490 0.987475 1 0.697100 0.996125 2 0.686474 0.997193 1 0.688473 0.998358 1
0 0.709821 0.882937 0.043155 0.210317 0.716490 0.803333 2 0.719102 0.799931 2 0.714565 0.799364 2 0.723095 0.802097 2 0.711560 0.800519 2 0.726420 0.824710 2 0.705158 0.821904 2 0.730517 0.852762 2 0.698052 0.848536 2 0.728699 0.880938 2 0.697734 0.878712 2 0.720045 0.881501 2 0.705597 0.879759 2 0.717499 0.923118 2 0.698827 0.919667 2 0.714511 0.963863 2 0.693252 0.957029 2
0 0.325149 0.564815 0.025298 0.092593 0.327593 0.531296 2 0.328582 0.529456 2 0.326650 0.529788 2 0.330460 0.530386 2 0.325510 0.531354 2 0.331551 0.540483 2 0.324457 0.539869 2 0.331611 0.551161 2 0.319443 0.546071 2 0.324882 0.553070 2 0.317260 0.548987 2 0.330909 0.564848 2 0.325777 0.564687 2 0.333603 0.582535 2 0.324166 0.583538 2 0.335986 0.602914 2 0.324189 0.601286 2
0 0.587054 0.642857 0.032738 0.129630 0.584521 0.593801 2 0.585971 0.591423 2 0.583328 0.591404 2 0.588555 0.592668 2 0.581885 0.592908 2 0.591288 0.603692 2 0.579518 0.607041 2 0.597695 0.614179 2 0.578323 0.622048 2 0.603699 0.623025 2 0.583645 0.632663 2 0.590037 0.639890 2 0.581586 0.642466 2 0.595662 0.665695 2 0.580603 0.672692 2 0.594281 0.689493 2 0.577316 0.699271 2
0 0.573289 0.645503 0.026042 0.108466 0.584279 0.593353 2 0.585755 0.591102 2 0.583034 0.591016 2 0.588036 0.591673 2 0.581007 0.591549 2 0.590240 0.603668 2 0.578104 0.606291 2 0.590948 0.620536 1 0.577713 0.623839 2 0.590083 0.631499 1 0.583540 0.632547 2 0.588984 0.640385 2 0.580382 0.642262 2 0.589527 0.666209 2 0.580652 0.672818 2 0.587229 0.686048 2 0.576771 0.696963 2
0 0.486607 0.548280 0.020833 0.096561 0.487886 0.516140 1 0.488018 0.514339 1 0.488746 0.514554 1 0.487726 0.515710 2 0.492615 0.515631 2 0.486172 0.525500 2 0.494462 0.525556 2 0.483500 0.536602 2 0.496751 0.538524 2 0.481621 0.546877 2 0.498303 0.548838 2 0.488254 0.548356 2 0.493374 0.548224 2 0.488257 0.568758 2 0.491390 0.567281 2 0.488738 0.587619 2 0.490267 0.584749 2
0 0.533854 0.587963 0.031994 0.107143 0.540373 0.544950 1 0.539512 0.543249 1 0.539713 0.543242 2 0.535178 0.544957 1 0.538123 0.545287 2 0.531577 0.557416 2 0.541038 0.556564 2 0.530591 0.571175 2 0.546329 0.568828 2 0.533401 0.574537 1 0.553402 0.575527 2 0.533990 0.587957 2 0.540258 0.587566 2 0.534958 0.610463 2 0.541687 0.608497 2 0.536012 0.632626 2 0.541407 0.631163 2
0 0.533854 0.541667 0.024554 0.093915 0.540440 0.544081 1 0.539514 0.542623 1 0.539851 0.542441 1 0.534975 0.544840 1 0.538267 0.544891 2 0.531735 0.557001 2 0.540561 0.556284 2 0.530251 0.570064 2 0.546593 0.567522 2 0.533422 0.570977 1 0.549904 0.571919 2 0.533958 0.587374 2 0.539871 0.587273 2 0.534111 0.604905 1 0.541559 0.604673 2 0.533541 0.606399 1 0.541320 0.606399 1
0 0.502976 0.542989 0.019345 0.085979 0.511768 0.514132 1 0.511109 0.512547 1 0.511581 0.512591 1 0.507055 0.513291 1 0.510665 0.513754 2 0.504218 0.521855 2 0.510784 0.523456 2 0.502101 0.533054 2 0.511771 0.535666 2 0.502435 0.542687 2 0.512896 0.545017 2 0.504240 0.544106 2 0.509103 0.545045 2 0.503515 0.558914 2 0.510435 0.561285 2 0.500905 0.572977 2 0.509760 0.577911 2
0 0.505952 0.519180 0.016369 0.085979 0.511452 0.513789 1 0.510774 0.512214 1 0.511342 0.512179 1 0.506904 0.512990 1 0.510640 0.513392 2 0.504066 0.521877 2 0.510589 0.523160 2 0.501971 0.533905 2 0.511375 0.535192 2 0.501555 0.543137 2 0.512599 0.545273 2 0.504406 0.544223 2 0.509177 0.545080 2 0.503588 0.558649 2 0.510162 0.561557 2 0.501595 0.571648 2 0.509261 0.576463 2
0 0.488095 0.510582 0.017857 0.082011 0.487894 0.515785 1 0.488021 0.514100 1 0.488835 0.514260 1 0.487659 0.515642 2 0.492687 0.515600 2 0.486245 0.525911 2 0.494600 0.526083 2 0.484015 0.537790 2 0.496654 0.538664 2 0.482246 0.547676 2 0.497425 0.549778 2 0.487810 0.547563 2 0.493003 0.547561 2 0.488653 0.565382 2 0.491635 0.565554 2 0.490192 0.566100 1 0.490620 0.566681 1
0 0.401042 0.439153 0.016369 0.055556 0.401386 0.420984 1 0.401420 0.419965 1 0.401620 0.419980 1 0.401779 0.420164 2 0.403918 0.420057 1 0.401935 0.425208 2 0.405441 0.424733 2 0.400594 0.432009 2 0.407141 0.432276 2 0.399259 0.436158 2 0.406448 0.438622 1 0.402988 0.439091 2 0.405355 0.438660 2 0.402198 0.451145 2 0.404658 0.450424 2 0.403245 0.462715 2 0.406735 0.460917 2
