0 0.862684 0.953268 0.026838 0.037255 0.870273 0.944138 2 0.870405 0.942479 1 0.870085 0.942584 2 0.868357 0.939195 1 0.868545 0.939941 2 0.862178 0.939348 2 0.865288 0.943390 2 0.863562 0.949096 2 0.866214 0.956873 2 0.868324 0.948452 2 0.870214 0.952415 2 0.856658 0.956985 2 0.858374 0.960750 2 0.871858 0.956169 2 0.873167 0.964225 2 0.864657 0.959263 2 0.865823 0.965549 2
0 0.920037 0.955882 0.018750 0.062092 0.924536 0.943815 2 0.925731 0.942051 2 0.923611 0.941937 2 0.926812 0.938798 1 0.921332 0.938766 2 0.925545 0.939319 2 0.919331 0.942797 2 0.926553 0.945495 2 0.920175 0.955813 2 0.926997 0.948369 2 0.923111 0.963901 2 0.922421 0.954540 2 0.918218 0.956314 2 0.922918 0.965442 2 0.918392 0.969908 2 0.921789 0.977365 2 0.917087 0.984364 2
0 0.888787 0.831699 0.015809 0.060784 0.892172 0.808831 1 0.891847 0.807424 1 0.892335 0.807807 1 0.889552 0.807439 2 0.893275 0.808546 2 0.887332 0.813536 2 0.894310 0.815982 2 0.885760 0.817552 2 0.895847 0.824679 2 0.886818 0.819634 2 0.896057 0.832803 2 0.887130 0.832436 2 0.891733 0.833267 2 0.885909 0.844640 2 0.889751 0.845714 2 0.885373 0.855399 2 0.888136 0.856464 2
0 0.890993 0.956536 0.016544 0.063399 0.895445 0.936228 2 0.896521 0.934928 2 0.894687 0.934584 2 0.897823 0.934322 2 0.893008 0.933161 2 0.898847 0.941211 2 0.891078 0.938728 2 0.900076 0.951674 2 0.887617 0.944352 2 0.899183 0.960819 2 0.888768 0.950774 2 0.895094 0.958931 2 0.890180 0.957637 2 0.893184 0.973046 2 0.889401 0.972135 2 0.891164 0.982382 2 0.887124 0.984471 2
0 0.820404 0.962745 0.015809 0.061438 0.823325 0.942913 2 0.823988 0.941224 2 0.822138 0.941645 2 0.824846 0.941028 1 0.819947 0.941914 2 0.825368 0.947771 2 0.818249 0.948538 2 0.826280 0.956984 2 0.817564 0.959309 2 0.826712 0.966542 2 0.819333 0.968190 2 0.823851 0.964236 2 0.818860 0.964428 2 0.823684 0.975413 2 0.817136 0.974946 2 0.822509 0.984952 2 0.814793 0.982382 2
0 0.907904 0.776144 0.012868 0.049020 0.907926 0.756626 2 0.908695 0.755028 2 0.907513 0.755168 2 0.910343 0.755146 2 0.907615 0.755098 1 0.912512 0.762577 2 0.907795 0.758876 2 0.911725 0.772435 2 0.904255 0.764274 2 0.906381 0.776833 2 0.900242 0.766646 2 0.913032 0.776819 2 0.909926 0.773749 2 0.907932 0.786114 2 0.903851 0.777642 2 0.907795 0.800321 2 0.907662 0.787984 2
0 0.543934 0.478758 0.007721 0.030719 0.544817 0.464256 1 0.544772 0.463790 1 0.544915 0.463644 1 0.544427 0.464268 2 0.545791 0.463680 2 0.544232 0.467650 2 0.546734 0.465397 2 0.543418 0.470981 2 0.547413 0.462936 2 0.543295 0.473824 2 0.547658 0.460228 2 0.545547 0.474849 2 0.547151 0.474110 2 0.545804 0.480878 2 0.547271 0.480123 2 0.546132 0.486781 2 0.547456 0.486196 2
0 0.695588 0.708497 0.016176 0.060131 0.697600 0.688884 2 0.698354 0.687753 2 0.697078 0.687565 2 0.699392 0.687411 2 0.696144 0.686799 2 0.700180 0.693589 2 0.693927 0.691831 2 0.701035 0.702610 2 0.692133 0.699399 2 0.700758 0.709880 2 0.693672 0.705434 2 0.697970 0.708684 2 0.693873 0.707745 2 0.697095 0.721264 2 0.693312 0.719165 2 0.696348 0.733129 2 0.693332 0.729751 2
0 0.874081 0.725817 0.013603 0.052941 0.873393 0.704082 1 0.873471 0.702904 1 0.873752 0.703042 1 0.872907 0.703637 2 0.876102 0.703720 2 0.871267 0.710485 2 0.878280 0.711251 2 0.869793 0.719323 2 0.879997 0.720175 2 0.870051 0.725271 2 0.878932 0.724925 2 0.871891 0.727374 2 0.876654 0.727803 2 0.871612 0.738022 2 0.876005 0.739837 2 0.872019 0.748678 2 0.875358 0.751597 2
0 0.974081 0.756209 0.015809 0.062745 0.976930 0.733849 2 0.977601 0.732740 2 0.976281 0.732683 2 0.978434 0.732969 2 0.975148 0.732564 2 0.979925 0.738874 2 0.973635 0.736931 2 0.981179 0.746669 2 0.970560 0.740471 2 0.980712 0.754358 2 0.971547 0.747112 2 0.977130 0.755230 2 0.973168 0.754121 2 0.975302 0.767602 2 0.971315 0.766854 2 0.972879 0.779151 2 0.970256 0.780085 2
0 0.723529 0.716340 0.013235 0.045752 0.724110 0.700174 1 0.724101 0.699043 1 0.724619 0.699452 1 0.723420 0.699692 2 0.726685 0.700421 2 0.722079 0.705262 2 0.727886 0.706778 2 0.719047 0.709131 2 0.728474 0.711529 1 0.717368 0.708289 2 0.725661 0.709161 1 0.722928 0.720910 2 0.726636 0.721401 2 0.718617 0.718423 2 0.722568 0.719734 2 0.721159 0.731794 2 0.724237 0.732266 2
0 0.752206 0.742484 0.016176 0.062745 0.755429 0.722603 2 0.756377 0.721606 2 0.754874 0.721007 2 0.757307 0.721219 2 0.753577 0.719651 2 0.758201 0.725205 2 0.752311 0.724907 2 0.759021 0.733312 2 0.749796 0.732216 2 0.759650 0.741065 2 0.748134 0.739678 2 0.756107 0.740449 2 0.752328 0.740524 2 0.755848 0.750721 2 0.752695 0.753373 2 0.753648 0.755562 2 0.751396 0.764921 2
0 0.769485 0.749673 0.013971 0.054902 0.772765 0.728374 2 0.773213 0.727419 2 0.772142 0.727413 2 0.773580 0.727769 2 0.770819 0.727542 2 0.774004 0.733711 2 0.768811 0.731687 2 0.774899 0.741038 2 0.768091 0.738421 2 0.775353 0.747758 2 0.771142 0.736290 2 0.772208 0.746992 2 0.768575 0.745456 2 0.771237 0.759088 2 0.766869 0.753504 2 0.770678 0.770838 2 0.766318 0.761381 2
