0 0.635789 0.851190 0.037946 0.186508 0.636619 0.787672 2 0.638295 0.783841 2 0.634627 0.782494 2 0.636913 0.784604 1 0.629346 0.781572 2 0.629191 0.797712 2 0.629586 0.803206 2 0.637111 0.820390 1 0.641418 0.823724 2 0.646719 0.818590 2 0.648923 0.820493 2 0.632564 0.850448 2 0.632454 0.856962 2 0.640301 0.877790 2 0.635632 0.903568 2 0.635438 0.907980 2 0.632633 0.946278 2
0 0.673363 0.790344 0.037202 0.183862 0.676071 0.719015 2 0.678199 0.715963 2 0.674368 0.715394 2 0.681363 0.718138 2 0.671805 0.716620 2 0.683820 0.738631 2 0.666086 0.733879 2 0.686898 0.763626 2 0.659608 0.756622 2 0.686870 0.788160 2 0.658713 0.782648 2 0.677753 0.787298 2 0.665773 0.784504 2 0.677903 0.823504 2 0.660119 0.817404 2 0.674462 0.859644 2 0.658728 0.848198 2
0 0.614211 0.760582 0.043899 0.111111 0.636012 0.787667 2 0.637730 0.783761 2 0.633672 0.783293 2 0.637714 0.782826 1 0.628545 0.781906 2 0.630744 0.798147 2 0.629414 0.801852 2 0.636943 0.815923 2 0.641361 0.824611 2 0.640888 0.818643 1 0.644345 0.823448 2 0.632001 0.835940 1 0.631228 0.837302 1 0.641140 0.820939 1 0.642306 0.829626 1 0.636272 0.835513 1 0.638582 0.837302 1
0 0.372396 0.470899 0.015625 0.058201 0.372976 0.450873 2 0.373361 0.449640 2 0.372211 0.449909 2 0.373847 0.450043 1 0.370827 0.450632 2 0.374900 0.456394 2 0.370027 0.456723 2 0.376490 0.463207 2 0.368190 0.462915 2 0.374442 0.463373 2 0.368116 0.464052 2 0.374978 0.472460 2 0.371587 0.472713 2 0.376406 0.484630 2 0.371626 0.485259 2 0.378385 0.496851 2 0.371907 0.497027 2
0 0.575149 0.605159 0.029762 0.117725 0.580256 0.566541 1 0.579470 0.564566 1 0.580170 0.564882 1 0.576586 0.563745 1 0.578677 0.565078 2 0.577119 0.570402 2 0.571953 0.574789 2 0.580747 0.583177 2 0.569540 0.587552 2 0.587184 0.588676 2 0.576223 0.595740 2 0.575719 0.601538 2 0.570999 0.605492 2 0.582479 0.618409 2 0.567629 0.633070 2 0.581829 0.636920 2 0.562960 0.654890 2
0 0.567336 0.605820 0.029018 0.103175 0.579952 0.567821 1 0.579419 0.565862 1 0.579820 0.565695 2 0.576526 0.565878 1 0.578397 0.565812 2 0.575994 0.574557 2 0.571304 0.575147 2 0.576000 0.588753 2 0.568521 0.587585 2 0.582397 0.593320 1 0.575868 0.594834 2 0.575651 0.604901 2 0.571227 0.607060 2 0.583006 0.625568 2 0.567286 0.633572 2 0.581316 0.648244 2 0.563822 0.656184 2
0 0.489955 0.564153 0.023065 0.099206 0.487293 0.530650 1 0.486897 0.528789 1 0.487599 0.528761 1 0.484385 0.530544 2 0.489854 0.530304 2 0.482464 0.542518 2 0.492121 0.540973 2 0.480187 0.557010 2 0.495431 0.554367 2 0.479463 0.569573 2 0.497036 0.565573 2 0.484945 0.565959 2 0.491641 0.565057 2 0.484197 0.588806 2 0.492177 0.585996 2 0.484237 0.609334 2 0.493356 0.605226 2
0 0.518601 0.605820 0.026786 0.116402 0.521013 0.561280 1 0.519920 0.559199 1 0.520539 0.559190 1 0.514458 0.560394 2 0.519470 0.560896 2 0.509946 0.573924 2 0.521903 0.573971 2 0.508136 0.590672 2 0.524414 0.591006 2 0.510645 0.602862 2 0.525868 0.604257 2 0.512198 0.606570 2 0.520351 0.606774 2 0.514140 0.629289 2 0.521069 0.628193 2 0.514507 0.652208 2 0.518693 0.650344 2
0 0.517857 0.555556 0.022321 0.095238 0.521419 0.560429 1 0.520267 0.558618 1 0.520865 0.558451 1 0.514920 0.560165 1 0.518958 0.560335 2 0.510528 0.573588 2 0.521866 0.573314 2 0.508149 0.590770 2 0.524814 0.590364 2 0.510719 0.602565 2 0.525789 0.604051 2 0.512817 0.606702 2 0.520566 0.606609 2 0.513381 0.621362 1 0.521588 0.621362 1 0.514102 0.621362 1 0.520219 0.621362 1
0 0.540923 0.544312 0.013393 0.078042 0.542396 0.516921 1 0.542392 0.515586 1 0.542722 0.515583 1 0.541413 0.516023 2 0.544993 0.515884 2 0.540052 0.523201 2 0.546317 0.523061 2 0.537882 0.530189 2 0.547075 0.530036 2 0.538482 0.530361 2 0.545828 0.530036 1 0.540866 0.543163 2 0.545070 0.543085 2 0.540860 0.557895 2 0.544576 0.558287 2 0.541185 0.571862 2 0.544599 0.572501 2
0 0.475074 0.566799 0.020089 0.099206 0.486745 0.531888 1 0.486454 0.529960 1 0.487205 0.529957 1 0.484131 0.531245 1 0.488515 0.531303 1 0.482162 0.542409 2 0.488433 0.542175 1 0.479631 0.555920 2 0.487574 0.554933 1 0.479139 0.567809 2 0.486087 0.564724 1 0.484133 0.565875 2 0.488387 0.565930 2 0.484607 0.587194 2 0.487706 0.587644 2 0.484442 0.607317 2 0.486915 0.606862 2
0 0.502604 0.532407 0.014137 0.085979 0.501573 0.498882 1 0.501590 0.497189 1 0.501952 0.497278 1 0.500272 0.498343 2 0.504236 0.498291 2 0.498683 0.508458 2 0.505860 0.508541 2 0.497420 0.520747 2 0.506566 0.520900 2 0.498594 0.530471 2 0.502841 0.529055 2 0.499867 0.529925 2 0.504707 0.530039 2 0.501704 0.547891 2 0.504432 0.547776 2 0.502225 0.564910 2 0.503487 0.565017 2
0 0.486607 0.523810 0.017857 0.082011 0.488346 0.530511 1 0.487716 0.528870 1 0.488706 0.528764 1 0.484331 0.530485 2 0.489917 0.530265 2 0.481916 0.542303 2 0.492351 0.541417 2 0.480093 0.556540 2 0.495721 0.554165 2 0.479625 0.567716 2 0.497110 0.565299 2 0.484613 0.564795 2 0.491329 0.564460 2 0.485821 0.580688 1 0.491187 0.580688 1 0.486819 0.580688 1 0.489479 0.580688 1
0 0.468750 0.425926 0.013393 0.052910 0.468490 0.409407 1 0.468643 0.408386 1 0.468366 0.408366 1 0.468503 0.408451 2 0.469250 0.408295 2 0.467718 0.413717 2 0.470943 0.413347 2 0.466270 0.420863 2 0.471866 0.420379 2 0.467239 0.422682 2 0.469772 0.423684 1 0.468763 0.426585 2 0.470990 0.426292 2 0.467885 0.437115 2 0.469938 0.436810 2 0.467974 0.447350 2 0.470152 0.447014 2
0 0.757068 0.904762 0.060268 0.185185 0.768118 0.837684 2 0.771241 0.834464 2 0.766696 0.833351 2 0.776261 0.841473 2 0.766088 0.837288 2 0.778752 0.871844 2 0.768807 0.859372 2 0.781260 0.899998 2 0.773032 0.890778 2 0.778356 0.904605 2 0.774056 0.905332 2 0.774483 0.927723 2 0.765335 0.917642 2 0.770891 0.960338 2 0.745543 0.930663 2 0.775865 1.000000 2 0.744069 0.967879 2
