0 0.881040 0.873016 0.038340 0.080299 0.888997 0.841666 1 0.888861 0.838880 1 0.890002 0.839894 1 0.888352 0.840018 2 0.895107 0.842068 2 0.885129 0.851726 2 0.896510 0.858235 2 0.874896 0.858938 2 0.895229 0.873129 2 0.873453 0.849609 2 0.891786 0.864715 1 0.878904 0.882896 2 0.886738 0.884880 2 0.866908 0.868205 2 0.876810 0.872606 2 0.859920 0.893624 2 0.871154 0.899445 2
0 0.006040 0.423436 0.012080 0.062558 0.000999 0.380930 1 0.001214 0.380019 1 0.000685 0.380019 1 0.001707 0.380019 1 0.000921 0.380116 1 0.002054 0.385177 1 0.002880 0.385229 1 0.004250 0.391180 1 0.005332 0.389781 1 0.003228 0.403931 1 0.003788 0.401457 1 0.002072 0.401839 2 0.002464 0.401722 2 0.002831 0.422995 2 0.002473 0.423208 2 0.006417 0.444771 2 0.003646 0.445039 2
0 0.274422 0.470121 0.016282 0.079365 0.277537 0.441647 1 0.277146 0.440289 1 0.277725 0.440114 1 0.274402 0.441693 2 0.278662 0.441828 2 0.272193 0.450327 2 0.280162 0.452932 2 0.270967 0.456714 2 0.282765 0.465036 2 0.273529 0.458535 1 0.284064 0.471830 2 0.274444 0.473716 2 0.279683 0.474909 2 0.276158 0.487259 2 0.280048 0.489528 2 0.277497 0.497918 2 0.280100 0.503039 2
0 0.227679 0.296452 0.014181 0.047619 0.226763 0.293801 2 0.227123 0.292073 2 0.225548 0.292694 2 0.227356 0.291949 1 0.223460 0.293509 2 0.227045 0.298629 2 0.223762 0.300157 2 0.228539 0.305975 2 0.224324 0.307714 2 0.230618 0.308996 2 0.228464 0.309100 2 0.227587 0.315078 2 0.225541 0.316305 2 0.230993 0.318260 1 0.229360 0.320066 2 0.231251 0.326356 1 0.229794 0.327056 1
0 0.325893 0.436508 0.012080 0.045752 0.322702 0.422905 1 0.322514 0.421463 1 0.323153 0.421231 1 0.321664 0.422467 2 0.326006 0.421576 2 0.321033 0.433200 2 0.329500 0.431046 2 0.319922 0.448834 2 0.331312 0.443829 2 0.319326 0.460436 2 0.330084 0.454297 1 0.322649 0.458488 2 0.328286 0.457167 2 0.322705 0.467641 1 0.327284 0.467641 1 0.323917 0.467641 1 0.325953 0.467641 1
0 0.167017 0.316993 0.010504 0.055089 0.166950 0.297412 2 0.167443 0.296098 2 0.166216 0.296466 2 0.168321 0.295291 2 0.165215 0.296133 2 0.170064 0.300013 2 0.164378 0.300566 2 0.171458 0.307037 2 0.163816 0.306601 2 0.171161 0.312912 2 0.164367 0.312197 2 0.170394 0.313482 2 0.166827 0.313939 2 0.170638 0.323658 2 0.168592 0.324570 2 0.171290 0.334768 2 0.170360 0.335119 2
0 0.142069 0.352474 0.019433 0.066293 0.138666 0.329247 2 0.139467 0.327851 2 0.137949 0.327945 2 0.140891 0.327314 2 0.136925 0.327839 2 0.143943 0.333282 2 0.137827 0.335574 2 0.146109 0.341078 2 0.134689 0.340827 2 0.147278 0.349482 2 0.132264 0.340456 2 0.144324 0.352413 2 0.140162 0.353721 2 0.146982 0.363677 2 0.142277 0.366958 2 0.153287 0.369815 2 0.145187 0.380199 2
0 0.187500 0.311391 0.016807 0.062558 0.186205 0.290045 2 0.186968 0.288521 2 0.185640 0.288783 2 0.188882 0.288031 2 0.185579 0.288711 1 0.191367 0.294493 2 0.184514 0.294750 2 0.194276 0.302378 2 0.182612 0.301946 2 0.196747 0.311149 2 0.180834 0.310732 2 0.192050 0.314263 2 0.187809 0.314584 2 0.192730 0.328523 2 0.189234 0.328131 2 0.193605 0.338605 2 0.192475 0.335613 2
0 0.702468 0.066760 0.008929 0.032680 0.705119 0.053874 2 0.705466 0.053125 2 0.704801 0.052888 2 0.705402 0.052758 1 0.703590 0.052174 2 0.705809 0.056788 2 0.701010 0.056042 2 0.705876 0.063964 2 0.698931 0.062298 2 0.704864 0.068589 2 0.698513 0.068411 2 0.703587 0.070387 2 0.700359 0.070037 2 0.702898 0.080153 2 0.699483 0.080357 2 0.701828 0.086516 2 0.698944 0.087585 2
0 0.634716 0.158263 0.009979 0.045752 0.637631 0.145172 1 0.637162 0.144309 1 0.637435 0.144397 1 0.634393 0.145152 2 0.636902 0.145597 2 0.632084 0.150920 2 0.637743 0.151028 2 0.630770 0.156185 2 0.639394 0.157254 2 0.632461 0.155500 1 0.637955 0.156450 1 0.632173 0.166228 2 0.636221 0.166182 2 0.633196 0.172802 2 0.638587 0.170586 2 0.632037 0.184218 2 0.637439 0.180395 2
0 0.208246 0.408497 0.016282 0.071895 0.202230 0.382304 1 0.202431 0.380561 2 0.202348 0.380417 1 0.204075 0.380472 2 0.206131 0.379709 1 0.204119 0.390963 2 0.210456 0.387287 2 0.203603 0.404510 2 0.213390 0.398839 2 0.203073 0.412106 2 0.211593 0.406129 1 0.207243 0.413421 2 0.211713 0.411406 2 0.209064 0.429617 2 0.213840 0.423990 2 0.211159 0.446055 2 0.216019 0.435744 2
0 0.184086 0.416900 0.021534 0.068161 0.180070 0.392052 1 0.179917 0.390873 1 0.180274 0.390453 1 0.178825 0.391886 2 0.182342 0.390741 2 0.178563 0.400215 2 0.185214 0.398379 2 0.179251 0.407181 2 0.188783 0.407554 2 0.181600 0.406460 1 0.190656 0.414740 2 0.182481 0.419322 2 0.187087 0.418425 2 0.186001 0.433534 2 0.190823 0.430204 2 0.189017 0.447225 2 0.193966 0.445312 2
0 0.285977 0.435574 0.016282 0.079365 0.277399 0.441451 1 0.277190 0.440042 1 0.277493 0.440099 1 0.275557 0.441936 1 0.278652 0.441990 2 0.274685 0.452657 2 0.280383 0.453134 2 0.276114 0.464261 1 0.283079 0.465653 2 0.279855 0.471780 1 0.284470 0.472984 2 0.275476 0.476939 2 0.279617 0.477177 2 0.275733 0.491057 1 0.279968 0.491057 2 0.276423 0.491057 1 0.279449 0.491057 1
0 0.191964 0.394491 0.016282 0.070028 0.189715 0.371000 2 0.190290 0.368537 2 0.188552 0.369505 2 0.191502 0.366583 2 0.187030 0.369015 2 0.194432 0.372280 2 0.185485 0.377257 2 0.197416 0.382002 2 0.186108 0.390237 2 0.194064 0.384882 2 0.190943 0.387441 2 0.196906 0.396454 2 0.190850 0.399617 2 0.200897 0.410897 2 0.193151 0.415756 2 0.200254 0.426414 2 0.196115 0.428944 2
0 0.214023 0.391690 0.019433 0.079365 0.202407 0.382773 2 0.202785 0.380918 2 0.202623 0.380691 1 0.204954 0.380559 2 0.206564 0.379471 1 0.204746 0.390775 2 0.210830 0.387095 2 0.204087 0.405297 2 0.213908 0.398060 2 0.203630 0.411496 2 0.211245 0.403494 2 0.207582 0.412872 2 0.211889 0.411309 2 0.209536 0.428564 2 0.214308 0.425035 2 0.211523 0.443994 2 0.216181 0.436637 2
0 0.011292 0.397292 0.022584 0.077498 0.005560 0.376662 1 0.005275 0.374971 1 0.005413 0.374970 1 0.004871 0.373566 1 0.006338 0.373260 2 0.008098 0.379223 2 0.010171 0.378618 2 0.014197 0.387972 2 0.017460 0.385926 2 0.014903 0.393854 2 0.015250 0.393045 2 0.014296 0.400182 2 0.015347 0.399991 2 0.017779 0.418948 2 0.017192 0.418040 2 0.022563 0.434700 2 0.020165 0.436058 2
0 0.479517 0.273109 0.019958 0.073763 0.476998 0.243177 2 0.477592 0.241884 2 0.476307 0.241910 2 0.478338 0.241997 2 0.474880 0.242065 2 0.479595 0.246902 2 0.473522 0.248619 2 0.483900 0.250703 2 0.472357 0.256724 2 0.481437 0.254222 2 0.471705 0.266170 2 0.478511 0.265638 2 0.474265 0.266166 2 0.478912 0.279583 2 0.472072 0.280192 2 0.479818 0.292027 2 0.471340 0.292614 2
0 0.720851 0.059290 0.008929 0.030812 0.723408 0.048009 2 0.723915 0.047190 2 0.722945 0.047084 2 0.724588 0.047554 2 0.722161 0.047316 2 0.725696 0.052118 2 0.720720 0.051578 2 0.726593 0.059261 2 0.718661 0.057319 2 0.725129 0.064769 1 0.719843 0.062120 2 0.724426 0.064254 2 0.721086 0.064029 2 0.724428 0.070754 1 0.719404 0.071606 1 0.724009 0.075999 1 0.719453 0.077647 1
