0 0.235491 0.708995 0.020089 0.082011 0.236926 0.681559 1 0.236312 0.680163 1 0.237120 0.680191 1 0.232748 0.681605 2 0.238361 0.681864 2 0.231416 0.691016 2 0.239832 0.691071 2 0.229934 0.699137 2 0.242973 0.698806 2 0.231981 0.699273 1 0.240541 0.702300 2 0.233131 0.713210 2 0.238972 0.713292 2 0.233967 0.726809 2 0.240069 0.726675 2 0.233372 0.740169 2 0.240709 0.741179 2
0 0.197917 0.971561 0.059524 0.054233 0.195488 0.976151 2 0.196953 0.970260 2 0.193263 0.971961 2 0.202922 0.964863 2 0.194418 0.968441 1 0.206131 0.983064 2 0.202913 0.980423 2 0.189709 1.000000 2 0.187005 0.993029 2 0.178546 0.998104 2 0.180291 0.995543 2 0.208569 1.000000 1 0.206661 0.998107 1 0.181894 1.000000 1 0.183026 0.993188 1 0.178887 1.000000 1 0.180250 0.996391 1
0 0.463914 0.488757 0.020089 0.104497 0.460666 0.450014 2 0.461212 0.448023 2 0.461397 0.447957 1 0.462926 0.449521 2 0.466238 0.448897 1 0.461990 0.460611 2 0.469949 0.460328 2 0.460752 0.475725 2 0.473209 0.473613 2 0.460614 0.486873 2 0.472954 0.483273 2 0.463399 0.484901 2 0.469026 0.484921 2 0.462358 0.504530 2 0.469318 0.507165 2 0.461755 0.525200 2 0.469645 0.529079 2
0 0.220982 0.852513 0.044643 0.072751 0.239048 0.805158 1 0.238691 0.802961 1 0.240204 0.803397 1 0.240087 0.801975 1 0.245549 0.803179 1 0.237482 0.811610 2 0.241534 0.810607 2 0.221321 0.833549 2 0.224169 0.827486 2 0.212743 0.844897 2 0.214549 0.842855 2 0.232916 0.857968 2 0.236726 0.856030 2 0.213922 0.855377 2 0.226370 0.859589 2 0.198896 0.889204 2 0.215249 0.889825 2
0 0.232887 0.823413 0.035714 0.080688 0.218164 0.834390 2 0.219825 0.830811 2 0.216720 0.832001 2 0.223643 0.830496 2 0.216299 0.832739 1 0.227533 0.842483 2 0.219608 0.844049 2 0.229591 0.865834 2 0.213747 0.863797 1 0.216676 0.852192 2 0.210361 0.851782 2 0.233852 0.870448 2 0.229219 0.869772 1 0.216754 0.854285 2 0.214241 0.854232 1 0.215845 0.872533 1 0.216892 0.870866 1
0 0.252976 0.788360 0.043155 0.079365 0.230525 0.796369 2 0.230840 0.793672 2 0.231924 0.793179 1 0.233517 0.794780 2 0.239030 0.792924 1 0.235231 0.811092 2 0.243804 0.807997 2 0.225323 0.825249 2 0.235837 0.822331 1 0.223214 0.824258 1 0.223825 0.821733 1 0.235979 0.843915 1 0.241790 0.843915 1 0.223214 0.837767 1 0.227758 0.830030 1 0.223966 0.843915 1 0.229522 0.843460 1
0 0.427827 0.449074 0.022321 0.099206 0.428161 0.412234 1 0.427830 0.410606 1 0.428413 0.410625 1 0.425136 0.411689 2 0.430166 0.411856 2 0.422308 0.422396 2 0.431509 0.421888 2 0.421250 0.435022 2 0.433978 0.436179 2 0.423748 0.444929 2 0.434872 0.445318 2 0.424490 0.448564 2 0.430715 0.448103 2 0.426132 0.470825 2 0.431434 0.467258 2 0.427858 0.491884 2 0.431358 0.484956 2
0 0.344494 0.659392 0.025298 0.123016 0.338456 0.614933 2 0.339254 0.611783 2 0.337684 0.612311 1 0.342555 0.611981 2 0.339156 0.613275 1 0.348449 0.629252 2 0.340605 0.628952 2 0.350757 0.654883 2 0.340651 0.649032 2 0.350591 0.679267 2 0.338757 0.662681 2 0.346915 0.670380 2 0.341858 0.669800 2 0.348865 0.700612 2 0.344486 0.699648 2 0.351120 0.723980 1 0.347651 0.723902 1
0 0.783110 0.906085 0.058780 0.142857 0.785408 0.861919 1 0.785729 0.859152 1 0.788119 0.859255 1 0.786371 0.863679 2 0.798802 0.862620 2 0.780482 0.881940 2 0.805289 0.882757 2 0.768988 0.881591 2 0.805013 0.890046 2 0.761041 0.871096 2 0.792745 0.877022 1 0.782014 0.940236 2 0.798026 0.938058 2 0.757300 0.914745 2 0.774220 0.911112 2 0.768959 0.960901 2 0.778978 0.953518 2
0 0.435268 0.433862 0.017857 0.089947 0.428583 0.412933 1 0.428232 0.411158 1 0.428789 0.411259 1 0.425348 0.412203 1 0.430318 0.412524 2 0.423363 0.423106 2 0.431471 0.423048 2 0.423363 0.435196 1 0.433894 0.437781 2 0.426516 0.443836 1 0.435291 0.447276 2 0.424994 0.448465 2 0.431116 0.448123 2 0.425878 0.470300 2 0.432782 0.466226 2 0.426921 0.489979 2 0.433687 0.483173 2
0 0.481027 0.454365 0.018601 0.101852 0.478742 0.420052 2 0.479815 0.417781 2 0.477725 0.417956 2 0.481337 0.416278 2 0.476032 0.416562 2 0.483791 0.426665 2 0.473285 0.425844 2 0.485642 0.441542 2 0.469979 0.439316 2 0.485250 0.454860 2 0.469306 0.451822 2 0.480885 0.455350 2 0.473983 0.454758 2 0.481053 0.477176 2 0.473733 0.475902 2 0.481055 0.497228 2 0.474005 0.495130 2
0 0.494792 0.436508 0.017857 0.089947 0.494486 0.401923 2 0.495377 0.400248 2 0.493559 0.400313 2 0.496761 0.401146 2 0.492049 0.401198 2 0.498211 0.411152 2 0.489789 0.410729 2 0.500542 0.421055 2 0.488396 0.422590 2 0.496890 0.426116 2 0.492520 0.426915 2 0.497151 0.431611 2 0.491491 0.431085 2 0.496645 0.450357 2 0.491340 0.447467 2 0.496979 0.467113 2 0.490707 0.460842 2
0 0.544271 0.449735 0.024554 0.095238 0.543089 0.416678 2 0.544258 0.415051 2 0.542233 0.415031 2 0.546541 0.415858 2 0.541375 0.415970 2 0.549859 0.425228 2 0.539269 0.426061 2 0.552636 0.436812 2 0.537127 0.437446 2 0.553784 0.448836 2 0.537606 0.449392 2 0.548293 0.451024 2 0.541502 0.451644 2 0.547661 0.467574 2 0.542432 0.469496 2 0.546752 0.480793 2 0.543381 0.484297 2
0 0.533482 0.402116 0.020833 0.087302 0.542965 0.415798 2 0.544180 0.414131 2 0.542239 0.414211 2 0.546518 0.415322 2 0.541415 0.415586 1 0.547619 0.425918 2 0.539274 0.425827 2 0.547619 0.440631 1 0.537682 0.438502 2 0.547619 0.454398 1 0.537743 0.449607 2 0.547092 0.453718 2 0.541147 0.453820 2 0.546642 0.462219 1 0.541539 0.462219 1 0.547093 0.462219 1 0.541518 0.462219 1
0 0.577753 0.369709 0.020089 0.067460 0.578474 0.348813 2 0.579272 0.347144 2 0.577523 0.347289 2 0.580429 0.346949 2 0.575981 0.347245 2 0.582494 0.353594 2 0.573846 0.354545 2 0.585992 0.361571 2 0.572541 0.365221 2 0.588385 0.368187 2 0.575954 0.372277 2 0.581140 0.373606 2 0.575230 0.374322 2 0.584802 0.387774 2 0.575552 0.387957 2 0.584482 0.402315 2 0.575739 0.402544 2
0 0.510789 0.338624 0.017113 0.074074 0.510849 0.314239 2 0.511677 0.312805 2 0.510085 0.312742 2 0.512715 0.313423 2 0.508970 0.313152 2 0.514304 0.321898 2 0.507041 0.321403 2 0.516348 0.331775 2 0.506164 0.330428 2 0.517130 0.340208 2 0.505999 0.335933 2 0.513228 0.341386 2 0.508758 0.341298 2 0.512414 0.355133 2 0.510036 0.354557 2 0.511088 0.368092 2 0.511696 0.366661 2
0 0.497024 0.324074 0.020833 0.082011 0.497252 0.294424 2 0.498083 0.292802 2 0.496438 0.292835 2 0.499277 0.293158 2 0.495226 0.293160 2 0.501146 0.302538 2 0.493364 0.301931 2 0.502594 0.312595 2 0.491255 0.311246 2 0.500850 0.316165 2 0.490143 0.320469 2 0.498757 0.325750 2 0.493714 0.325208 2 0.498102 0.342897 2 0.493983 0.342717 2 0.496245 0.358965 2 0.493365 0.359237 2
0 0.436012 0.265873 0.011905 0.052910 0.435218 0.251008 2 0.435682 0.250026 2 0.434716 0.250142 2 0.436500 0.249753 2 0.434087 0.250067 2 0.437963 0.254420 2 0.433342 0.254680 2 0.439332 0.260483 2 0.432066 0.260351 2 0.438621 0.265672 2 0.432395 0.265580 2 0.437257 0.267580 2 0.434212 0.267689 2 0.437699 0.276306 2 0.434558 0.276605 2 0.438470 0.282971 2 0.434746 0.283510 2
0 0.285714 0.707672 0.031250 0.129630 0.279041 0.665103 2 0.280485 0.661811 2 0.277742 0.662554 2 0.284080 0.659305 2 0.276755 0.661192 1 0.290187 0.668821 2 0.276201 0.671739 2 0.296607 0.684245 2 0.273524 0.686813 2 0.298270 0.702416 2 0.271488 0.705364 2 0.291061 0.703334 2 0.281330 0.704444 2 0.291576 0.724563 2 0.278177 0.726335 2 0.296783 0.741652 2 0.282180 0.744077 2
0 0.281622 0.742063 0.023065 0.089947 0.279154 0.716284 2 0.280454 0.713507 2 0.277777 0.714638 2 0.283926 0.710679 2 0.277111 0.713556 1 0.286333 0.717041 2 0.276982 0.719180 2 0.285492 0.725906 2 0.274143 0.728154 2 0.279062 0.725310 2 0.274509 0.730062 2 0.287226 0.742203 2 0.281164 0.743146 2 0.286426 0.757329 2 0.281498 0.758968 2 0.287409 0.779032 2 0.283790 0.776176 2
0 0.276786 0.710317 0.017857 0.084656 0.278993 0.716393 2 0.280406 0.713602 2 0.277476 0.714157 2 0.283726 0.710151 2 0.276246 0.711926 2 0.286355 0.716690 2 0.275970 0.719769 2 0.288690 0.727611 1 0.274081 0.732658 2 0.287753 0.741141 1 0.273152 0.745663 2 0.286814 0.744555 2 0.280238 0.745879 2 0.287117 0.757798 1 0.280328 0.760062 2 0.287374 0.767003 1 0.281125 0.768249 2
0 0.273065 0.594577 0.023810 0.096561 0.270183 0.563644 2 0.270832 0.561189 2 0.269450 0.561444 2 0.273697 0.559635 2 0.270770 0.560433 1 0.277286 0.568664 2 0.273952 0.569718 2 0.282828 0.577738 2 0.276389 0.581649 2 0.279573 0.585941 2 0.273528 0.592821 2 0.278660 0.591609 2 0.277495 0.591356 2 0.275285 0.611220 2 0.279128 0.609096 2 0.276270 0.633574 2 0.283943 0.627737 2
0 0.175967 0.804233 0.030506 0.111111 0.173153 0.762782 1 0.173048 0.760947 1 0.173862 0.760051 1 0.172219 0.763284 2 0.179038 0.760383 2 0.171194 0.777794 2 0.182873 0.771253 2 0.172335 0.789756 2 0.188503 0.778431 2 0.179673 0.788940 1 0.189697 0.785235 2 0.176610 0.804427 2 0.184702 0.801652 2 0.178622 0.823999 2 0.186592 0.818646 2 0.178838 0.844568 2 0.187939 0.838359 2
0 0.193080 0.710317 0.033482 0.092593 0.190206 0.684766 2 0.191113 0.682225 2 0.188921 0.682802 2 0.193625 0.678905 2 0.188056 0.680248 1 0.197689 0.686952 2 0.187364 0.685418 2 0.203156 0.693970 2 0.182459 0.684483 1 0.207055 0.699692 2 0.179347 0.684993 1 0.198395 0.711270 2 0.192554 0.711176 2 0.197713 0.727072 2 0.195389 0.728170 2 0.198678 0.745936 2 0.198625 0.743476 2
0 0.226562 0.617063 0.024554 0.099206 0.218589 0.582338 1 0.218246 0.580341 1 0.218605 0.579613 1 0.219661 0.578202 2 0.224453 0.575915 1 0.222831 0.585671 2 0.232016 0.581243 2 0.223950 0.601316 2 0.237020 0.590447 2 0.224604 0.609296 2 0.234915 0.596869 1 0.228348 0.614149 2 0.234887 0.612125 2 0.226207 0.635908 2 0.233831 0.635683 2 0.223638 0.657424 2 0.233061 0.660258 2
0 0.243304 0.589286 0.023810 0.112434 0.226935 0.577959 1 0.226935 0.576063 1 0.226935 0.575745 1 0.226935 0.576266 1 0.228576 0.575260 1 0.226935 0.585685 1 0.232738 0.583661 2 0.227290 0.602622 1 0.236303 0.597521 2 0.228443 0.611741 1 0.235537 0.607188 1 0.228691 0.612183 2 0.233936 0.611117 2 0.227736 0.636001 2 0.233950 0.634264 2 0.227475 0.657787 2 0.233323 0.659085 2
