0 0.240699 0.535053 0.004464 0.025132 0.240104 0.526304 1 0.240181 0.525833 1 0.239984 0.525881 1 0.240222 0.525889 1 0.239972 0.525986 2 0.240962 0.528350 2 0.239843 0.528411 2 0.241941 0.531313 2 0.239277 0.531087 2 0.242032 0.534443 2 0.238874 0.533520 2 0.240814 0.534467 2 0.240120 0.534457 2 0.241146 0.538828 2 0.240134 0.538832 2 0.241624 0.542770 2 0.240514 0.543212 2
0 0.249256 0.851521 0.010417 0.025794 0.251185 0.842168 1 0.251149 0.841488 1 0.251267 0.841576 1 0.249871 0.841881 2 0.251928 0.842035 2 0.248196 0.845900 2 0.252495 0.846182 2 0.247005 0.849464 2 0.254140 0.850617 2 0.248529 0.847972 1 0.254248 0.848838 2 0.248761 0.856830 2 0.251938 0.856943 2 0.248676 0.859173 2 0.253900 0.858358 2 0.247647 0.867571 2 0.253834 0.865917 2
0 0.574591 0.921296 0.010789 0.027778 0.573561 0.911550 1 0.573548 0.910796 1 0.573824 0.911035 1 0.572724 0.911264 2 0.575036 0.911696 2 0.570928 0.915499 2 0.576673 0.916289 2 0.569783 0.921197 2 0.577794 0.920811 2 0.569743 0.928444 2 0.576605 0.922844 1 0.571455 0.927531 2 0.575319 0.927923 2 0.570835 0.927793 2 0.573959 0.928832 2 0.572560 0.936084 2 0.574257 0.937127 2
0 0.530134 0.479828 0.005208 0.015212 0.531615 0.477966 1 0.531606 0.477546 1 0.531738 0.477614 1 0.531243 0.477716 2 0.532305 0.477786 2 0.530531 0.479971 2 0.532826 0.480147 2 0.529947 0.483063 2 0.533175 0.483386 2 0.530149 0.485721 2 0.532891 0.485877 1 0.530861 0.486342 2 0.532377 0.486464 2 0.530847 0.489623 1 0.532200 0.489746 1 0.530913 0.490038 1 0.531790 0.490038 1
0 0.517857 0.420635 0.005208 0.014550 0.518518 0.418336 1 0.518511 0.418014 1 0.518570 0.418023 1 0.518191 0.418164 2 0.518977 0.418156 2 0.517685 0.420369 2 0.519439 0.420459 2 0.517194 0.422694 2 0.519920 0.422807 2 0.517178 0.424589 2 0.520143 0.424045 2 0.517925 0.424088 2 0.519237 0.424130 2 0.517707 0.423289 2 0.519836 0.423335 2 0.517570 0.425831 1 0.519767 0.426005 1
0 0.804315 0.534061 0.005952 0.024471 0.804837 0.524890 1 0.804851 0.524370 1 0.804966 0.524384 1 0.805095 0.524423 2 0.805974 0.524430 1 0.805434 0.527137 2 0.806409 0.527117 2 0.805288 0.531006 2 0.805882 0.530809 1 0.804871 0.534444 2 0.805073 0.533655 1 0.805225 0.534465 2 0.805942 0.534275 2 0.803929 0.538756 2 0.804790 0.538932 2 0.804541 0.543547 2 0.805521 0.543779 2
0 0.832217 0.547288 0.006696 0.024471 0.832794 0.537933 1 0.832802 0.537467 1 0.832950 0.537554 1 0.832375 0.537702 2 0.833627 0.537844 2 0.831705 0.540188 2 0.833910 0.540424 2 0.831050 0.543173 2 0.834587 0.543328 2 0.831253 0.545496 1 0.834654 0.546590 2 0.831652 0.547054 2 0.833080 0.547198 2 0.831436 0.551588 2 0.832576 0.552070 2 0.831572 0.555083 1 0.832399 0.555510 1
0 0.720610 0.375992 0.004464 0.017857 0.721148 0.370064 2 0.721293 0.369753 2 0.720999 0.369747 2 0.721478 0.369875 1 0.720792 0.369839 2 0.721729 0.371592 2 0.720393 0.371465 2 0.722435 0.372898 2 0.719904 0.372968 2 0.721729 0.372167 2 0.720468 0.372322 2 0.721388 0.375690 2 0.720525 0.375564 2 0.721201 0.379071 2 0.720272 0.378661 2 0.720974 0.382629 2 0.719963 0.381688 2
0 0.976190 0.688823 0.006696 0.031085 0.976962 0.678381 1 0.977019 0.677836 1 0.977290 0.677880 1 0.977186 0.678182 2 0.978820 0.678115 2 0.977040 0.681138 2 0.979368 0.681304 2 0.976424 0.684900 2 0.979924 0.685500 2 0.975576 0.686486 2 0.979408 0.687558 1 0.977099 0.688587 2 0.978668 0.688602 2 0.976562 0.693256 2 0.978034 0.693506 2 0.976760 0.698597 2 0.978192 0.698779 2
0 0.988653 0.687831 0.009301 0.034392 0.988794 0.677954 2 0.989016 0.677200 2 0.989062 0.677203 1 0.989835 0.677389 2 0.990475 0.677317 1 0.989516 0.681275 2 0.990932 0.681170 2 0.988801 0.687555 2 0.989648 0.686673 1 0.986624 0.689615 2 0.986791 0.689246 1 0.988451 0.691228 2 0.989527 0.691055 2 0.987669 0.696266 2 0.988489 0.697353 2 0.987440 0.701227 2 0.988066 0.702120 2
0 0.763765 0.415344 0.006696 0.018519 0.764498 0.410011 1 0.764332 0.409642 1 0.764506 0.409655 1 0.763498 0.409710 1 0.764441 0.409864 2 0.762932 0.411656 2 0.764314 0.411862 2 0.762462 0.414065 2 0.764563 0.414337 2 0.762634 0.415914 1 0.764654 0.416108 2 0.762948 0.416324 2 0.763867 0.416423 2 0.763025 0.419294 2 0.763684 0.419439 2 0.762799 0.422190 2 0.763399 0.422157 2
0 0.746466 0.410714 0.005580 0.021164 0.747812 0.405128 1 0.747703 0.404761 1 0.747777 0.404750 1 0.747114 0.404867 1 0.747579 0.404912 2 0.746872 0.406833 2 0.747254 0.406925 2 0.746892 0.409123 1 0.747278 0.409291 2 0.747215 0.410806 1 0.747489 0.411114 2 0.746867 0.411364 2 0.747136 0.411447 2 0.746875 0.414389 2 0.746944 0.414537 2 0.746593 0.417492 2 0.746665 0.417583 2
0 0.513951 0.323082 0.004092 0.012566 0.514080 0.320901 1 0.514051 0.320658 1 0.514148 0.320648 1 0.513858 0.320816 2 0.514447 0.320804 1 0.513784 0.322212 2 0.514557 0.322265 2 0.513631 0.323588 2 0.514732 0.323807 2 0.513603 0.324879 1 0.514720 0.325398 1 0.513948 0.325119 2 0.514454 0.325137 2 0.514008 0.327252 2 0.514296 0.327290 2 0.514168 0.329155 2 0.514430 0.329322 2
0 0.604353 0.754960 0.010789 0.031085 0.605252 0.746051 2 0.605500 0.745490 2 0.604953 0.745598 2 0.605921 0.744585 2 0.604559 0.744769 2 0.606944 0.745312 2 0.603670 0.744688 2 0.608114 0.749340 2 0.602969 0.749120 2 0.606657 0.751008 2 0.603996 0.750665 2 0.606613 0.753352 2 0.604202 0.752743 2 0.607681 0.760355 2 0.602545 0.757581 2 0.607886 0.768861 2 0.602895 0.763904 2
0 0.615885 0.721230 0.008557 0.029762 0.618066 0.708121 1 0.617992 0.707650 1 0.618143 0.707633 1 0.617231 0.707904 2 0.618775 0.707868 2 0.616456 0.710759 2 0.619479 0.710436 2 0.615138 0.714140 2 0.620254 0.713889 2 0.615616 0.717074 2 0.619980 0.717859 1 0.617074 0.719488 2 0.619063 0.719308 2 0.617520 0.725359 2 0.619089 0.724543 2 0.617945 0.730698 2 0.619307 0.729587 2
