0 0.233259 0.845899 0.033482 0.152116 0.223922 0.773181 2 0.225583 0.769227 2 0.222949 0.769931 2 0.230458 0.770872 2 0.226023 0.771968 1 0.231345 0.789798 2 0.235378 0.789170 2 0.228727 0.805988 2 0.234257 0.805103 1 0.222848 0.795703 2 0.226333 0.806271 1 0.235134 0.838839 2 0.237814 0.837802 2 0.236436 0.873216 2 0.239998 0.870529 2 0.239855 0.901035 2 0.239615 0.900126 2
0 0.233631 0.827381 0.038690 0.149471 0.223605 0.773093 2 0.225398 0.769100 2 0.222926 0.769530 2 0.230283 0.771609 2 0.225886 0.771727 1 0.232761 0.794814 2 0.232243 0.789980 2 0.230192 0.819010 2 0.227557 0.801625 2 0.226277 0.821624 2 0.220670 0.804013 1 0.236376 0.841002 2 0.236096 0.838491 2 0.238133 0.874979 2 0.238272 0.870023 2 0.240928 0.904122 2 0.239461 0.901159 2
0 0.284226 0.574735 0.017857 0.070106 0.279477 0.550961 2 0.280194 0.549459 2 0.279419 0.549377 1 0.282542 0.549447 2 0.280827 0.549236 1 0.284578 0.556393 2 0.281541 0.556620 2 0.287310 0.563930 2 0.281692 0.565626 1 0.282336 0.564319 2 0.279657 0.564033 1 0.286610 0.576706 2 0.284848 0.576686 2 0.286197 0.592365 2 0.286279 0.591381 2 0.287367 0.607434 2 0.288394 0.603805 2
0 0.277158 0.566799 0.017113 0.088624 0.277139 0.534520 2 0.278164 0.532829 2 0.276231 0.532609 2 0.279275 0.532988 2 0.274856 0.532390 2 0.278996 0.541139 2 0.273924 0.541205 2 0.280551 0.551329 2 0.272760 0.553761 2 0.281117 0.553160 2 0.274331 0.563070 2 0.278558 0.564544 2 0.275380 0.564876 2 0.278626 0.584856 2 0.276689 0.585454 2 0.276889 0.603754 2 0.274574 0.604459 2
0 0.298735 0.571429 0.018601 0.071429 0.296188 0.547450 2 0.297152 0.546227 2 0.295603 0.546208 2 0.298784 0.547535 2 0.295249 0.547428 2 0.299778 0.555047 2 0.294701 0.555312 2 0.302512 0.561811 2 0.292783 0.562229 2 0.300562 0.567162 2 0.295295 0.566617 2 0.299503 0.572159 2 0.296441 0.572542 2 0.299666 0.585309 2 0.297757 0.585972 2 0.300386 0.597881 2 0.298556 0.598457 2
0 0.308408 0.477513 0.014137 0.058201 0.306978 0.460057 1 0.307132 0.459058 1 0.307533 0.459019 1 0.307694 0.460074 2 0.310702 0.459613 2 0.307522 0.466499 2 0.312479 0.465688 2 0.306709 0.473642 2 0.314558 0.472162 2 0.306720 0.479161 1 0.314301 0.477249 2 0.308549 0.479688 2 0.311890 0.479157 2 0.308097 0.489143 2 0.311115 0.488729 2 0.307996 0.498619 2 0.311331 0.498420 2
0 0.374256 0.538360 0.032738 0.063492 0.373541 0.521307 2 0.374518 0.519136 2 0.372514 0.519315 2 0.376954 0.518360 2 0.372275 0.518685 1 0.378832 0.525507 2 0.373839 0.524780 2 0.370593 0.534836 2 0.369179 0.533111 2 0.362910 0.537839 2 0.363244 0.538077 2 0.382191 0.550732 2 0.378700 0.549263 2 0.370117 0.539208 2 0.369159 0.536260 2 0.369157 0.561345 2 0.370824 0.558645 2
0 0.458333 0.414021 0.019345 0.084656 0.456230 0.384837 1 0.455856 0.383308 1 0.456443 0.383394 1 0.453264 0.384104 2 0.457547 0.384412 2 0.450998 0.392568 2 0.458769 0.393068 2 0.448823 0.403548 2 0.460127 0.403788 2 0.448171 0.414106 2 0.460351 0.410394 2 0.452466 0.411929 2 0.457510 0.412357 2 0.453843 0.427075 2 0.457409 0.427411 2 0.453886 0.442484 2 0.455516 0.442567 2
0 0.361979 0.505952 0.024554 0.041005 0.360047 0.497093 2 0.360756 0.495162 2 0.359268 0.496010 2 0.362834 0.494659 2 0.359480 0.496501 1 0.364409 0.499490 2 0.361620 0.500592 2 0.357605 0.505085 2 0.356938 0.506302 2 0.355375 0.504984 2 0.355847 0.507358 2 0.369418 0.517233 2 0.367170 0.516983 2 0.359542 0.508502 2 0.358172 0.506730 2 0.363515 0.521997 2 0.362777 0.520044 2
0 0.367560 0.492725 0.020833 0.038360 0.360739 0.493874 2 0.361872 0.492094 2 0.359544 0.493028 2 0.363522 0.493854 2 0.358447 0.495940 2 0.364962 0.499223 2 0.360247 0.503185 2 0.357977 0.502400 2 0.357647 0.510722 2 0.357618 0.498381 2 0.358799 0.508828 2 0.369937 0.515993 2 0.366381 0.517173 2 0.360269 0.507997 1 0.358536 0.508046 1 0.361476 0.514256 1 0.361739 0.517981 1
0 0.371652 0.484788 0.023065 0.043651 0.360584 0.493566 2 0.361685 0.491907 2 0.359344 0.492729 2 0.363343 0.493557 2 0.358260 0.495244 2 0.364770 0.499151 2 0.360490 0.500850 2 0.358286 0.503921 2 0.357082 0.506714 1 0.357854 0.496939 2 0.358265 0.501455 1 0.369541 0.513050 2 0.366370 0.513065 1 0.359077 0.508119 1 0.358134 0.506277 1 0.360956 0.513682 1 0.361103 0.513682 1
0 0.470982 0.404101 0.014881 0.078042 0.469721 0.377618 1 0.469749 0.376217 1 0.470110 0.376247 1 0.468714 0.377117 2 0.472406 0.377195 2 0.466925 0.385626 2 0.473816 0.386236 2 0.465336 0.394722 2 0.475236 0.396247 2 0.466397 0.401097 2 0.475814 0.403183 2 0.468547 0.405593 2 0.473083 0.405908 2 0.469559 0.419500 2 0.472640 0.420393 2 0.470186 0.433896 2 0.471459 0.434840 2
0 0.488839 0.537037 0.032738 0.111111 0.483481 0.495731 2 0.484736 0.493492 2 0.482317 0.493824 2 0.487121 0.493267 2 0.480953 0.494331 2 0.490740 0.502251 2 0.479554 0.503701 2 0.494967 0.512851 2 0.477758 0.517272 2 0.497634 0.528520 2 0.477761 0.528339 2 0.492086 0.532388 2 0.483921 0.532907 2 0.497249 0.555031 2 0.481115 0.552375 2 0.504226 0.577715 2 0.485733 0.572872 2
0 0.450893 0.539683 0.019345 0.111111 0.449646 0.498181 2 0.450957 0.496176 2 0.448593 0.496359 2 0.453202 0.498737 2 0.447527 0.499046 2 0.455199 0.511936 2 0.446025 0.510000 2 0.456944 0.524469 2 0.447041 0.520354 2 0.450556 0.523409 2 0.452493 0.521717 2 0.454674 0.539730 2 0.448393 0.538373 2 0.453848 0.561026 2 0.447299 0.557086 2 0.453144 0.578249 2 0.450551 0.569323 2
0 0.421875 0.349206 0.014881 0.066138 0.427306 0.348758 2 0.427922 0.347393 2 0.426338 0.347578 2 0.428364 0.348392 2 0.424744 0.348837 2 0.429186 0.357025 2 0.423048 0.356656 2 0.430109 0.368145 2 0.421010 0.365286 2 0.431194 0.378854 2 0.418708 0.368087 2 0.427851 0.376888 2 0.423990 0.376844 2 0.427647 0.392021 2 0.424929 0.392301 2 0.428059 0.395503 1 0.425617 0.395503 1
0 0.509301 0.601852 0.021577 0.066138 0.507227 0.581136 2 0.508593 0.579141 2 0.506697 0.579215 2 0.511798 0.579949 2 0.506608 0.580007 1 0.515293 0.590370 2 0.505233 0.588888 2 0.518535 0.607980 2 0.501822 0.599199 2 0.514511 0.622742 2 0.501937 0.603448 2 0.513263 0.617135 2 0.505996 0.616253 2 0.516870 0.634367 2 0.503059 0.634621 2 0.518325 0.644562 1 0.503025 0.646050 1
0 0.511533 0.607804 0.033482 0.117725 0.491315 0.527835 1 0.491359 0.526455 1 0.490361 0.526847 1 0.491706 0.526455 1 0.488095 0.527416 1 0.492717 0.526455 1 0.488095 0.526817 1 0.495396 0.526455 1 0.489145 0.528781 1 0.497649 0.528660 1 0.491139 0.531911 1 0.493562 0.533295 2 0.488881 0.535096 1 0.498385 0.555273 2 0.488983 0.560107 2 0.505309 0.578309 2 0.489706 0.582007 2
0 0.584821 0.423280 0.017857 0.071429 0.585736 0.399213 2 0.586905 0.397429 2 0.584829 0.397201 2 0.588494 0.397090 2 0.583274 0.396704 2 0.589332 0.404359 2 0.580766 0.405652 2 0.591285 0.414928 2 0.578970 0.416209 2 0.592333 0.420180 2 0.580651 0.424120 2 0.587769 0.424897 2 0.581781 0.426327 2 0.590654 0.432422 2 0.579899 0.438468 2 0.589879 0.446889 2 0.579799 0.455532 2
0 0.398810 0.409392 0.019345 0.070106 0.396929 0.387541 2 0.397809 0.385900 2 0.396091 0.386104 2 0.399410 0.386175 2 0.395137 0.386580 2 0.401438 0.394367 2 0.394284 0.393958 2 0.403785 0.404221 2 0.391069 0.399655 2 0.404438 0.412468 2 0.389634 0.401206 2 0.400081 0.411991 2 0.395463 0.411819 2 0.400059 0.424840 2 0.395148 0.424657 2 0.400009 0.436428 2 0.394986 0.436283 2
0 0.385417 0.421296 0.016369 0.048942 0.382556 0.404059 2 0.383274 0.402981 2 0.381989 0.402934 2 0.384522 0.402318 2 0.381313 0.402143 2 0.385905 0.406600 2 0.380005 0.406374 2 0.387592 0.413639 2 0.380351 0.410515 2 0.387131 0.420059 2 0.383561 0.408126 2 0.384874 0.423542 2 0.380909 0.423737 2 0.384378 0.434800 2 0.381334 0.435429 2 0.384421 0.444894 2 0.381767 0.445352 2
0 0.384301 0.423942 0.011161 0.056878 0.382509 0.403610 2 0.383192 0.402474 2 0.382071 0.402438 2 0.384611 0.401789 2 0.381768 0.401729 1 0.386291 0.406724 2 0.380404 0.406282 2 0.387454 0.414449 2 0.379259 0.411966 2 0.386567 0.421480 2 0.380382 0.417335 2 0.384697 0.423519 2 0.380802 0.423393 2 0.384066 0.435066 2 0.381236 0.435164 2 0.384455 0.444669 2 0.382297 0.444530 2
0 0.328497 0.495370 0.014137 0.059524 0.322062 0.476479 1 0.321928 0.475432 1 0.322249 0.474905 1 0.321686 0.475459 2 0.324563 0.473902 2 0.322453 0.481166 2 0.327979 0.477878 2 0.323976 0.487154 1 0.331625 0.481004 2 0.325292 0.484240 1 0.328099 0.482066 2 0.325569 0.498299 2 0.329177 0.496481 2 0.326425 0.510732 2 0.328797 0.508384 2 0.326326 0.522165 2 0.327897 0.521736 2
