0 0.591518 0.777116 0.008929 0.039683 0.591010 0.767101 1 0.590899 0.766262 1 0.591137 0.766322 1 0.589615 0.766742 2 0.591740 0.766863 2 0.588298 0.771823 2 0.592052 0.771848 2 0.587184 0.777545 2 0.593056 0.778362 2 0.587848 0.781896 2 0.593061 0.782555 2 0.589054 0.783100 2 0.591536 0.783113 2 0.589740 0.791880 2 0.591755 0.790791 2 0.590157 0.800141 2 0.591887 0.798025 2
0 0.058408 0.876323 0.008929 0.046296 0.058952 0.860783 2 0.059243 0.860003 1 0.059204 0.860005 1 0.060278 0.860373 2 0.060556 0.860263 1 0.060805 0.865456 2 0.061024 0.865817 2 0.059701 0.873205 2 0.059540 0.873068 2 0.057136 0.877179 2 0.057264 0.877273 2 0.060963 0.879428 2 0.060639 0.879597 2 0.061987 0.888805 2 0.060050 0.890301 2 0.063704 0.896477 2 0.057229 0.899828 2
0 0.158668 0.791336 0.010045 0.036376 0.159319 0.778482 2 0.159844 0.777398 2 0.158941 0.777569 2 0.160904 0.777808 2 0.158781 0.778148 1 0.162131 0.782692 2 0.158929 0.783155 2 0.163644 0.788888 2 0.158636 0.789599 1 0.163670 0.792047 2 0.158091 0.794119 1 0.161794 0.796599 2 0.159360 0.796596 2 0.162274 0.804481 2 0.156448 0.804631 2 0.161719 0.812635 2 0.155673 0.812951 2
0 0.185268 0.871032 0.011161 0.035714 0.188785 0.853517 2 0.189045 0.852776 2 0.188821 0.852837 1 0.190171 0.852914 2 0.189703 0.853044 1 0.191612 0.856842 2 0.189682 0.856738 2 0.192216 0.861742 2 0.189079 0.861243 1 0.189341 0.860571 2 0.188255 0.861699 1 0.191549 0.867576 2 0.190294 0.867424 2 0.191509 0.875444 2 0.190782 0.875544 2 0.191884 0.883086 2 0.191411 0.882677 2
0 0.189360 0.869048 0.008185 0.046296 0.189150 0.853694 2 0.189442 0.852790 2 0.188975 0.852860 1 0.190458 0.852708 2 0.189452 0.852879 1 0.191803 0.857088 2 0.189797 0.856689 2 0.191788 0.862213 2 0.188975 0.861130 1 0.189236 0.860212 2 0.188650 0.860307 1 0.191634 0.868683 2 0.190340 0.868340 2 0.191526 0.878115 2 0.190740 0.877504 2 0.192350 0.887044 2 0.191800 0.886112 2
0 0.244978 0.732804 0.008557 0.034392 0.244789 0.720288 2 0.245050 0.719667 2 0.244524 0.719743 2 0.245593 0.719477 2 0.244221 0.719707 2 0.246107 0.721295 2 0.244129 0.721470 2 0.246366 0.723446 2 0.243904 0.723857 2 0.245824 0.724262 2 0.244424 0.725056 2 0.246126 0.724904 2 0.244467 0.724946 2 0.247675 0.726716 2 0.242911 0.726541 2 0.247981 0.730762 2 0.242550 0.730349 2
0 0.550409 0.710317 0.008557 0.031746 0.553879 0.697861 1 0.553588 0.697138 1 0.553813 0.697232 1 0.552080 0.697058 1 0.553450 0.697514 2 0.550415 0.700198 2 0.552781 0.701477 2 0.550605 0.703926 2 0.554204 0.706932 2 0.553438 0.705763 1 0.555470 0.707866 2 0.550576 0.710301 2 0.551950 0.711303 2 0.554154 0.714585 2 0.554754 0.716233 2 0.552487 0.722320 2 0.552177 0.722813 2
0 0.224702 0.729497 0.009673 0.031746 0.226306 0.716535 2 0.226048 0.716027 1 0.226151 0.715982 2 0.224798 0.716846 1 0.225723 0.716837 2 0.224001 0.720986 2 0.226158 0.721001 2 0.225779 0.724947 1 0.228781 0.724357 2 0.228810 0.724851 1 0.231228 0.724513 2 0.224813 0.729697 2 0.226386 0.730076 2 0.227059 0.730768 2 0.229751 0.731773 2 0.226425 0.738328 2 0.229349 0.739808 2
0 0.563802 0.701389 0.008557 0.025794 0.563727 0.693576 2 0.563410 0.692964 1 0.563628 0.692950 2 0.562021 0.693123 1 0.562847 0.693289 2 0.561045 0.696309 2 0.562269 0.696400 2 0.563075 0.700282 2 0.564169 0.700132 2 0.565967 0.701316 1 0.566483 0.701796 2 0.560925 0.705209 2 0.561706 0.705724 2 0.565134 0.706869 2 0.565538 0.707573 2 0.566017 0.714823 2 0.566248 0.715080 2
0 0.539807 0.762897 0.008929 0.037698 0.540352 0.751699 1 0.540148 0.750923 1 0.540281 0.750927 1 0.538775 0.751219 1 0.540123 0.751192 2 0.538601 0.755274 2 0.539715 0.755547 2 0.538697 0.761089 2 0.540139 0.762050 2 0.539935 0.766566 1 0.540181 0.767775 2 0.538425 0.767219 2 0.539434 0.767372 2 0.538528 0.776039 2 0.540742 0.776188 2 0.536090 0.783698 2 0.540445 0.785086 2
0 0.615885 0.792328 0.007812 0.026455 0.616876 0.785082 2 0.617327 0.784445 2 0.616520 0.784377 2 0.618045 0.784528 2 0.616023 0.784289 2 0.618949 0.788596 2 0.614844 0.787620 2 0.619512 0.793972 2 0.613300 0.791381 2 0.618603 0.796900 2 0.613677 0.796094 2 0.617856 0.799363 2 0.615160 0.798923 2 0.617274 0.807408 2 0.614828 0.807065 2 0.616936 0.810671 1 0.614586 0.810413 1
0 0.335193 0.555886 0.004464 0.024471 0.336043 0.549530 2 0.336243 0.549203 2 0.335899 0.549072 2 0.336403 0.549352 2 0.335568 0.548995 2 0.336410 0.551718 2 0.334769 0.551151 2 0.336588 0.554790 2 0.333971 0.553906 2 0.336967 0.557401 2 0.334689 0.555753 2 0.336077 0.557051 2 0.334931 0.556882 2 0.336233 0.561164 2 0.334499 0.561067 2 0.336263 0.565254 1 0.333640 0.565097 1
0 0.564918 0.823413 0.007068 0.042328 0.566404 0.808918 2 0.566950 0.808075 2 0.566041 0.807957 2 0.567854 0.808514 2 0.565582 0.808252 2 0.568844 0.813787 2 0.564645 0.813580 2 0.569526 0.819737 2 0.563912 0.819158 2 0.569320 0.825170 2 0.563775 0.824450 2 0.568290 0.826163 2 0.565405 0.826102 2 0.568488 0.835415 2 0.565261 0.835231 2 0.568559 0.843451 2 0.565249 0.843503 2
0 0.558036 0.794312 0.007440 0.041005 0.557076 0.780788 2 0.557272 0.779934 2 0.557199 0.780070 1 0.557984 0.780524 2 0.558210 0.780710 1 0.559282 0.785481 2 0.558066 0.785085 2 0.558253 0.791748 2 0.556745 0.790666 2 0.556739 0.788233 2 0.556094 0.787508 1 0.559083 0.797680 2 0.558050 0.797241 2 0.558669 0.806904 2 0.556718 0.805929 2 0.559197 0.815940 2 0.557376 0.814935 2
0 0.717076 0.803902 0.007812 0.037698 0.718383 0.790531 2 0.718449 0.789790 2 0.717974 0.789768 2 0.718065 0.790246 1 0.716720 0.790168 2 0.717996 0.794565 2 0.715595 0.794697 2 0.718446 0.800003 2 0.714793 0.801138 2 0.718943 0.802477 2 0.716544 0.805485 2 0.717580 0.806285 2 0.716082 0.806443 2 0.717127 0.815228 2 0.716326 0.815475 2 0.716265 0.823851 2 0.716006 0.824634 2
0 0.590402 0.784392 0.005952 0.034392 0.590641 0.767168 1 0.590587 0.766320 1 0.590860 0.766431 1 0.589635 0.766832 2 0.591775 0.767043 2 0.588418 0.771843 2 0.592188 0.772145 2 0.587421 0.777355 2 0.593077 0.778282 2 0.588188 0.780644 2 0.592872 0.782000 2 0.589027 0.783139 2 0.591427 0.783286 2 0.589752 0.791595 2 0.590880 0.791466 2 0.590270 0.799822 2 0.590321 0.799140 2
0 0.593378 0.758598 0.007440 0.035714 0.591041 0.766963 1 0.590862 0.766149 1 0.591131 0.766301 1 0.589481 0.766697 2 0.591640 0.767061 2 0.588382 0.771897 2 0.592300 0.772643 2 0.588170 0.778372 1 0.593050 0.779664 2 0.588741 0.781641 1 0.592773 0.782807 1 0.588681 0.782627 1 0.591473 0.783027 2 0.588871 0.781608 1 0.592317 0.781901 1 0.588668 0.783027 1 0.591500 0.783027 1
0 0.751860 0.585648 0.005952 0.024471 0.751042 0.584102 1 0.751230 0.583605 1 0.750882 0.583622 1 0.751653 0.583388 1 0.750946 0.583442 1 0.751902 0.585004 2 0.751031 0.585008 2 0.751560 0.588122 2 0.750636 0.588051 2 0.749865 0.589032 2 0.749750 0.589147 2 0.751525 0.591966 2 0.750928 0.591846 2 0.750950 0.597643 2 0.750712 0.597634 2 0.751057 0.602149 2 0.750781 0.601959 1
0 0.769717 0.658399 0.007440 0.020503 0.771155 0.651686 1 0.771187 0.651147 1 0.771389 0.651230 1 0.771084 0.651473 2 0.772570 0.651518 2 0.770433 0.654401 2 0.773212 0.654494 2 0.768582 0.657474 2 0.773612 0.658209 2 0.766487 0.657510 2 0.773039 0.660515 1 0.770847 0.662650 2 0.772636 0.662663 2 0.770244 0.668100 2 0.772160 0.668342 2 0.770244 0.671198 1 0.772037 0.671141 1
0 0.565290 0.771495 0.006324 0.035053 0.567741 0.759671 1 0.567349 0.758973 1 0.567638 0.759019 2 0.565726 0.759677 1 0.567104 0.760077 2 0.564833 0.764353 2 0.566509 0.765325 2 0.563417 0.769728 1 0.566912 0.771844 2 0.563697 0.773885 1 0.568021 0.774940 2 0.565041 0.775633 2 0.566037 0.776136 2 0.565401 0.783487 2 0.565562 0.784155 2 0.564844 0.791301 2 0.564984 0.791733 2
0 0.589100 0.772487 0.009301 0.038360 0.590869 0.767231 1 0.590737 0.766465 1 0.590991 0.766469 1 0.589633 0.766970 2 0.591626 0.767051 2 0.588402 0.771923 2 0.592196 0.771903 2 0.587258 0.777840 2 0.593176 0.778077 2 0.587971 0.781637 2 0.593249 0.782321 2 0.589086 0.783105 2 0.591579 0.783080 2 0.589749 0.791691 2 0.591705 0.791290 2 0.590417 0.798108 2 0.591688 0.797273 2
0 0.631882 0.777447 0.006324 0.031085 0.634337 0.766940 2 0.634462 0.766269 1 0.633979 0.766177 2 0.634259 0.766524 1 0.632957 0.766277 2 0.633899 0.770412 2 0.632249 0.770176 2 0.634299 0.774643 1 0.632163 0.774417 2 0.634856 0.776438 1 0.633405 0.777074 2 0.633909 0.779531 2 0.632633 0.779567 2 0.633797 0.786231 2 0.631949 0.786626 2 0.633740 0.793504 2 0.630824 0.794023 2
0 0.471912 0.702381 0.008557 0.025132 0.472231 0.693559 2 0.471977 0.692959 1 0.472091 0.693078 2 0.471126 0.693060 1 0.471497 0.693359 2 0.470628 0.695659 2 0.471183 0.696362 2 0.472584 0.699149 2 0.473138 0.699902 2 0.474448 0.699568 2 0.475102 0.699274 2 0.471188 0.704743 2 0.471443 0.705570 2 0.474260 0.706877 2 0.474879 0.708674 2 0.472147 0.711970 2 0.472430 0.713242 2
0 0.046875 0.735119 0.010417 0.031085 0.048077 0.726948 2 0.047956 0.726300 1 0.047881 0.726271 2 0.047372 0.726659 1 0.047230 0.726762 2 0.047572 0.729473 2 0.045672 0.730409 2 0.050557 0.732240 2 0.048266 0.734757 2 0.052529 0.734803 2 0.051187 0.735731 2 0.047073 0.740323 2 0.045452 0.741115 2 0.049642 0.745746 2 0.045674 0.747586 2 0.049199 0.753684 2 0.045700 0.754144 2
0 0.041481 0.769180 0.013765 0.033069 0.041906 0.757567 2 0.041711 0.756624 1 0.041436 0.756661 2 0.040846 0.757204 1 0.040030 0.757587 2 0.040381 0.761420 2 0.038944 0.762985 2 0.043711 0.765386 2 0.041349 0.769437 2 0.047716 0.766420 2 0.046587 0.769403 2 0.039920 0.775243 2 0.038884 0.776892 2 0.046555 0.771792 2 0.045387 0.774305 2 0.045924 0.781584 1 0.045478 0.783257 1
0 0.924665 0.834656 0.009301 0.039683 0.923676 0.819653 2 0.924292 0.818855 2 0.923513 0.818759 2 0.925514 0.819640 2 0.923466 0.819303 1 0.926297 0.824614 2 0.922509 0.823813 2 0.927321 0.830602 2 0.922575 0.828831 2 0.927550 0.835239 2 0.924822 0.829850 2 0.925350 0.835093 2 0.922566 0.834738 2 0.926126 0.844365 2 0.922049 0.842816 2 0.926300 0.853039 2 0.921894 0.850589 2
0 0.890253 0.777116 0.009673 0.037037 0.889770 0.765674 2 0.890255 0.765007 2 0.889422 0.764866 2 0.890932 0.765175 2 0.888773 0.764835 2 0.891840 0.768936 2 0.887939 0.768770 2 0.892912 0.771490 2 0.886870 0.770756 2 0.891663 0.769978 2 0.888198 0.768136 2 0.890512 0.779165 2 0.887805 0.778995 2 0.890479 0.786576 2 0.887559 0.786540 2 0.890758 0.793071 2 0.886941 0.794508 2
0 0.903088 0.778770 0.007812 0.040344 0.902622 0.765773 2 0.902966 0.764896 2 0.902391 0.764867 2 0.903703 0.764983 2 0.902598 0.764899 1 0.904963 0.769782 2 0.902091 0.769233 2 0.906689 0.776456 2 0.900420 0.774657 2 0.907041 0.782243 2 0.899671 0.780222 2 0.903382 0.782265 2 0.901813 0.781865 2 0.902840 0.790219 2 0.902396 0.790021 2 0.902412 0.797026 2 0.903059 0.797172 2
0 0.736979 0.676918 0.006696 0.032407 0.741293 0.666902 1 0.741164 0.666356 1 0.741336 0.666486 1 0.740266 0.666443 1 0.741403 0.666932 2 0.739261 0.668724 2 0.741038 0.670128 2 0.738634 0.670819 2 0.740947 0.674467 2 0.739595 0.670230 1 0.741116 0.677132 1 0.738847 0.677009 2 0.740074 0.677712 2 0.738976 0.682982 2 0.740344 0.683680 2 0.738876 0.688291 1 0.740046 0.688214 1
0 0.573289 0.916667 0.011161 0.043651 0.572894 0.899128 1 0.572872 0.898322 1 0.573133 0.898265 1 0.571975 0.898733 2 0.574783 0.898670 2 0.570409 0.903528 2 0.576259 0.904092 2 0.568675 0.908156 2 0.577292 0.911002 2 0.570058 0.903725 1 0.577978 0.916389 1 0.571103 0.918348 2 0.575102 0.918626 2 0.570701 0.926722 2 0.575291 0.928696 2 0.571473 0.934920 2 0.575292 0.938449 2
0 0.606585 0.706019 0.010789 0.032407 0.607873 0.696594 1 0.607586 0.696031 1 0.607821 0.696039 2 0.606178 0.696565 1 0.607552 0.696733 2 0.605378 0.700016 2 0.607196 0.700258 2 0.607012 0.703376 2 0.609154 0.703770 2 0.609721 0.704246 1 0.611220 0.705960 2 0.604745 0.709092 2 0.605915 0.709575 2 0.608223 0.712310 2 0.609366 0.713281 2 0.607155 0.719074 2 0.608021 0.720078 2
0 0.601935 0.772817 0.010417 0.039021 0.598813 0.758303 1 0.598775 0.757535 1 0.599098 0.757571 1 0.598209 0.758139 2 0.600361 0.758136 2 0.597758 0.763048 2 0.600997 0.763074 2 0.596794 0.769138 2 0.601781 0.769017 2 0.596581 0.774328 2 0.601655 0.772218 1 0.598422 0.775024 2 0.600401 0.774937 2 0.599366 0.783816 2 0.599972 0.783670 2 0.599592 0.791720 2 0.598878 0.792145 2
0 0.646763 0.820767 0.009301 0.042328 0.649915 0.809584 2 0.649868 0.808721 1 0.649870 0.808694 2 0.648990 0.807922 1 0.648961 0.807838 2 0.648379 0.811001 2 0.646648 0.811858 2 0.648932 0.815973 2 0.645499 0.819044 2 0.650642 0.817215 2 0.648359 0.819774 2 0.647676 0.822619 2 0.646565 0.823383 2 0.648225 0.831645 2 0.647142 0.832636 2 0.647378 0.839045 2 0.646081 0.839890 2
0 0.723772 0.801257 0.008557 0.049603 0.723883 0.785765 2 0.724292 0.784863 2 0.723438 0.784832 2 0.724538 0.785243 1 0.722533 0.785058 2 0.725383 0.789299 2 0.721367 0.790245 2 0.725129 0.795796 2 0.720455 0.796570 2 0.725166 0.801078 2 0.723036 0.799506 2 0.724420 0.800881 2 0.722009 0.801693 2 0.723815 0.809194 2 0.723426 0.811711 2 0.720900 0.815561 2 0.723186 0.821701 2
0 0.170945 0.731151 0.011533 0.033730 0.171776 0.722154 2 0.171793 0.721398 1 0.171423 0.721219 2 0.171026 0.721681 1 0.169870 0.721320 2 0.169738 0.725621 2 0.168541 0.725768 2 0.170425 0.731046 1 0.169814 0.732023 2 0.172116 0.733404 1 0.172021 0.733711 2 0.169040 0.735370 2 0.168130 0.735989 2 0.172517 0.736217 2 0.172164 0.737134 2 0.170182 0.746552 2 0.169833 0.747323 2
0 0.643601 0.867063 0.011905 0.054233 0.644215 0.848044 1 0.644249 0.847151 1 0.644448 0.847198 1 0.643667 0.847696 2 0.646259 0.847792 2 0.642895 0.852773 2 0.647573 0.854220 2 0.641922 0.861493 2 0.648560 0.861751 2 0.641410 0.867712 2 0.650249 0.868317 2 0.643200 0.868027 2 0.646524 0.869116 2 0.641948 0.876241 2 0.646327 0.881935 2 0.641117 0.883408 2 0.645451 0.892739 2
0 0.753348 0.788690 0.006696 0.042989 0.752670 0.773100 2 0.753100 0.772360 2 0.752750 0.772288 1 0.754213 0.773344 2 0.753544 0.773128 1 0.754706 0.778574 2 0.753574 0.778206 2 0.754227 0.785537 2 0.752921 0.784890 1 0.752176 0.788495 2 0.751704 0.788361 1 0.753784 0.790076 2 0.753101 0.789729 2 0.753375 0.799260 2 0.753084 0.798899 2 0.753236 0.809162 2 0.753427 0.808720 2
0 0.891369 0.812500 0.007440 0.041667 0.890786 0.798346 2 0.891047 0.797484 2 0.890863 0.797505 1 0.891771 0.797783 2 0.891835 0.797759 1 0.891847 0.802324 2 0.892284 0.801886 2 0.891247 0.808294 2 0.891602 0.806861 1 0.889660 0.809752 2 0.890127 0.808042 1 0.891244 0.813688 2 0.891534 0.813364 2 0.890823 0.823250 2 0.891050 0.823188 2 0.891094 0.832349 2 0.891135 0.831738 2
0 0.874628 0.814815 0.008929 0.039683 0.874963 0.801084 1 0.875027 0.800117 1 0.875191 0.800223 1 0.874295 0.800521 2 0.876651 0.800686 2 0.872663 0.805757 2 0.877459 0.806212 2 0.871295 0.812766 2 0.878367 0.813310 2 0.872380 0.816129 2 0.877454 0.815996 1 0.873103 0.820985 2 0.876523 0.821257 2 0.872661 0.831872 2 0.876857 0.832636 2 0.872532 0.841085 1 0.876911 0.841117 1
0 0.874628 0.801918 0.008185 0.035053 0.875023 0.800939 1 0.875053 0.800063 1 0.875287 0.800226 1 0.874302 0.800403 2 0.876793 0.800686 2 0.872612 0.805444 2 0.877846 0.805975 2 0.871305 0.812244 2 0.878771 0.813057 2 0.872907 0.814647 1 0.877256 0.815725 1 0.873286 0.820648 2 0.876922 0.820946 2 0.872880 0.825831 1 0.877120 0.825831 1 0.873026 0.825163 1 0.876781 0.825015 1
0 0.852121 0.746032 0.007068 0.038360 0.853377 0.732538 1 0.853218 0.731723 1 0.853497 0.731807 1 0.851921 0.731910 2 0.854065 0.732248 2 0.850453 0.736045 2 0.854598 0.736805 2 0.849255 0.741709 2 0.854959 0.742636 2 0.849296 0.746639 2 0.854841 0.747886 2 0.850553 0.747293 2 0.853390 0.747692 2 0.850342 0.755159 2 0.852904 0.756360 2 0.850209 0.763252 2 0.852061 0.764658 2
0 0.859747 0.745701 0.008185 0.037698 0.859493 0.732374 1 0.859544 0.731525 1 0.859730 0.731627 1 0.859626 0.731392 2 0.861352 0.731550 2 0.859155 0.735127 2 0.862529 0.735677 2 0.858438 0.740829 2 0.863175 0.742053 2 0.858499 0.745314 2 0.862177 0.746797 2 0.858850 0.746445 2 0.861085 0.746490 2 0.857975 0.753838 2 0.859543 0.754598 2 0.858421 0.762327 2 0.859368 0.763445 2
0 0.897693 0.731812 0.007440 0.036376 0.899025 0.723548 2 0.899365 0.722726 2 0.899025 0.722816 1 0.900445 0.722941 2 0.899475 0.723138 1 0.901878 0.727220 2 0.898867 0.727066 2 0.902461 0.732773 2 0.897351 0.730164 2 0.901352 0.733456 2 0.897098 0.725605 2 0.901413 0.738107 2 0.899140 0.737948 2 0.902119 0.746434 2 0.897772 0.746205 2 0.902519 0.754672 2 0.897381 0.754426 2
0 0.881138 0.714286 0.006324 0.034392 0.881424 0.700549 1 0.881513 0.699814 1 0.881645 0.699875 1 0.881923 0.700188 2 0.883219 0.700155 1 0.881534 0.703900 2 0.884080 0.703768 2 0.880195 0.707354 2 0.884559 0.708815 2 0.879716 0.704468 2 0.884124 0.710758 1 0.881588 0.713330 2 0.883217 0.713125 2 0.881367 0.720733 2 0.882752 0.720677 2 0.881092 0.728586 2 0.882318 0.728053 2
0 0.887277 0.710979 0.008185 0.033069 0.885194 0.700901 1 0.885376 0.700073 1 0.885228 0.700139 1 0.886014 0.700411 2 0.886258 0.700431 1 0.886654 0.704848 2 0.886801 0.704725 2 0.886714 0.710494 2 0.886843 0.710132 2 0.886736 0.714671 2 0.886215 0.714160 2 0.886854 0.715740 2 0.886969 0.715548 2 0.886974 0.722689 2 0.886930 0.722452 2 0.887044 0.729304 2 0.887383 0.729324 2
0 0.877232 0.683532 0.008185 0.029762 0.876147 0.673941 1 0.876230 0.673285 1 0.876191 0.673342 1 0.876084 0.673697 1 0.876585 0.673738 2 0.876260 0.677442 2 0.876484 0.677456 2 0.876233 0.681463 2 0.876991 0.681324 1 0.874726 0.682529 1 0.876488 0.682995 1 0.875722 0.685858 2 0.875811 0.685689 2 0.875013 0.692413 2 0.875056 0.692336 2 0.874635 0.698541 2 0.874835 0.698524 2
0 0.855469 0.661376 0.005580 0.025132 0.856442 0.644952 2 0.856757 0.644335 1 0.856205 0.644361 1 0.857211 0.644753 1 0.855926 0.644773 2 0.857496 0.648685 2 0.855200 0.648592 2 0.858061 0.653099 2 0.853942 0.652700 2 0.858126 0.656821 1 0.854531 0.655636 2 0.856749 0.657309 2 0.855308 0.657293 2 0.856477 0.663259 2 0.855388 0.663380 2 0.856275 0.668397 2 0.855128 0.668360 2
