0 0.562872 0.580026 0.018601 0.104497 0.564286 0.540570 2 0.563505 0.538433 1 0.564040 0.538342 2 0.559435 0.538337 1 0.562006 0.538275 2 0.557017 0.547920 2 0.561221 0.548653 2 0.561092 0.559562 1 0.565202 0.561260 2 0.567240 0.555831 1 0.568430 0.557388 2 0.559686 0.575910 2 0.562478 0.576862 2 0.561789 0.597317 2 0.563217 0.598339 2 0.561592 0.618050 2 0.561759 0.619258 2
0 0.561384 0.550265 0.033482 0.071429 0.564017 0.539988 2 0.563269 0.537965 1 0.563754 0.537991 2 0.559892 0.537563 1 0.561817 0.537824 2 0.556789 0.547238 2 0.561206 0.548251 2 0.560925 0.559667 2 0.566295 0.560049 2 0.566468 0.558201 2 0.568954 0.558356 2 0.559725 0.574287 2 0.562264 0.575892 2 0.565802 0.589379 2 0.565789 0.593399 2 0.564779 0.596457 1 0.561853 0.598735 1
0 0.408854 0.423942 0.011161 0.046296 0.407777 0.407501 2 0.408118 0.406486 2 0.407737 0.406529 1 0.409367 0.406611 2 0.408658 0.406727 1 0.410095 0.411927 2 0.408845 0.411792 2 0.408886 0.417229 2 0.407434 0.416945 1 0.407061 0.417755 2 0.407223 0.417551 1 0.409973 0.423007 2 0.409148 0.422921 2 0.410224 0.431325 2 0.409728 0.431269 2 0.411092 0.439835 2 0.410711 0.439457 2
0 0.539062 0.494709 0.014137 0.074074 0.539314 0.470400 2 0.540060 0.468820 2 0.538658 0.468963 2 0.541533 0.469058 2 0.537958 0.469420 2 0.543375 0.476018 2 0.536835 0.476592 2 0.545173 0.484796 2 0.536046 0.486178 2 0.542840 0.480605 2 0.539749 0.488884 2 0.543701 0.493658 2 0.538806 0.493937 2 0.545570 0.507165 2 0.537414 0.508430 2 0.545910 0.521486 2 0.536507 0.522956 2
0 0.470610 0.522487 0.018601 0.089947 0.467768 0.491321 1 0.467471 0.489840 1 0.467948 0.489882 1 0.465335 0.491475 2 0.469359 0.491330 2 0.463584 0.501283 2 0.471155 0.499355 2 0.462141 0.511567 2 0.473400 0.505105 2 0.461643 0.517076 2 0.472700 0.505451 1 0.465435 0.520037 2 0.470473 0.519282 2 0.465850 0.539590 2 0.470428 0.537683 2 0.466320 0.556912 2 0.470040 0.553501 2
0 0.495908 0.548280 0.023065 0.099206 0.503362 0.510726 2 0.502397 0.509183 1 0.502844 0.509027 2 0.498033 0.510748 1 0.501120 0.511010 2 0.494075 0.521870 2 0.502704 0.522228 2 0.492196 0.536782 2 0.505445 0.536053 2 0.493230 0.549105 2 0.507035 0.546598 2 0.495675 0.549685 2 0.501433 0.550097 2 0.496954 0.567997 2 0.501563 0.569473 2 0.497684 0.586167 2 0.500615 0.588355 2
0 0.496280 0.521825 0.022321 0.093915 0.502785 0.510228 1 0.501830 0.508687 1 0.502320 0.508548 1 0.497594 0.510374 1 0.500939 0.510654 2 0.494085 0.521839 2 0.502612 0.521948 2 0.492438 0.536605 2 0.505502 0.536005 2 0.493578 0.548615 2 0.506807 0.546338 2 0.495654 0.549820 2 0.501413 0.549966 2 0.496673 0.568526 2 0.501605 0.568873 2 0.496948 0.584063 2 0.500473 0.584363 2
0 0.510417 0.513889 0.014881 0.067460 0.502960 0.510103 1 0.502600 0.508561 1 0.502568 0.508509 1 0.501036 0.510283 1 0.501742 0.510400 1 0.501617 0.521966 1 0.502460 0.522275 2 0.505519 0.535363 1 0.505387 0.536100 2 0.507050 0.546101 1 0.507184 0.546770 2 0.501335 0.550979 1 0.501859 0.550900 2 0.501569 0.560681 1 0.501941 0.560681 1 0.502032 0.560296 1 0.502106 0.560681 1
0 0.520089 0.502646 0.016369 0.076720 0.520172 0.476683 1 0.520220 0.475284 1 0.520459 0.475438 1 0.519314 0.476040 2 0.522673 0.476214 2 0.518071 0.484106 2 0.524126 0.484533 2 0.516678 0.493136 2 0.525370 0.493401 2 0.517226 0.500267 2 0.523846 0.497687 2 0.518767 0.502604 2 0.523167 0.502668 2 0.517504 0.516438 2 0.523141 0.516714 2 0.516667 0.530663 2 0.523162 0.530702 2
0 0.475446 0.505952 0.014881 0.078042 0.468691 0.490686 1 0.468187 0.489355 1 0.468568 0.489407 1 0.465624 0.490801 1 0.468670 0.491001 2 0.465030 0.499334 2 0.470577 0.499022 2 0.465308 0.506052 1 0.473133 0.504477 2 0.466655 0.509432 1 0.472479 0.508359 2 0.465751 0.520512 2 0.470202 0.520278 2 0.465552 0.539130 2 0.470214 0.538254 2 0.465731 0.555293 2 0.469834 0.554846 2
0 0.454613 0.503307 0.016369 0.085979 0.458049 0.471906 1 0.457580 0.470461 1 0.458076 0.470400 1 0.454700 0.471686 2 0.458837 0.471667 2 0.452873 0.481011 2 0.460703 0.481096 2 0.452621 0.493403 2 0.462686 0.492922 2 0.454521 0.502308 2 0.462201 0.501925 2 0.454566 0.502465 2 0.460327 0.502471 2 0.454192 0.519401 2 0.461185 0.520033 2 0.453000 0.536725 2 0.460486 0.539009 2
0 0.871280 0.921958 0.049107 0.145503 0.878430 0.877854 2 0.880178 0.873765 2 0.875992 0.873653 2 0.881407 0.872927 1 0.869445 0.872243 2 0.883590 0.893737 2 0.861017 0.892770 2 0.886691 0.923715 2 0.856225 0.923998 2 0.884514 0.948060 2 0.858477 0.954527 2 0.879550 0.958830 2 0.863592 0.958642 2 0.880509 0.996953 2 0.858576 0.996503 2 0.879975 1.000000 1 0.855898 1.000000 1
0 0.833333 0.888228 0.043155 0.165344 0.834558 0.827580 2 0.836871 0.824380 2 0.832889 0.823846 2 0.839838 0.823579 2 0.830282 0.822466 2 0.844030 0.837945 2 0.826588 0.837849 2 0.854872 0.850002 2 0.819548 0.858280 2 0.848278 0.829864 2 0.815147 0.881597 2 0.837308 0.893429 2 0.827331 0.891819 2 0.830877 0.931802 2 0.826594 0.932243 2 0.827214 0.964634 2 0.828229 0.968353 2
0 0.795759 0.897487 0.040923 0.128307 0.791742 0.852336 2 0.793716 0.849952 2 0.790321 0.849450 2 0.796626 0.851672 2 0.788373 0.850355 2 0.797431 0.866015 2 0.785377 0.864287 2 0.803883 0.874889 2 0.783497 0.878058 2 0.811037 0.881805 2 0.787579 0.889186 2 0.794793 0.900673 2 0.786604 0.899927 2 0.796401 0.925738 2 0.785957 0.921200 2 0.798581 0.948782 2 0.786153 0.940005 2
0 0.855655 0.902778 0.032738 0.128307 0.877976 0.878793 2 0.877976 0.875151 1 0.876475 0.874628 2 0.877976 0.873851 1 0.870371 0.872283 2 0.877976 0.894007 2 0.861005 0.892080 2 0.877976 0.925767 1 0.856307 0.922874 2 0.877976 0.953149 1 0.858533 0.954587 2 0.877306 0.958865 2 0.863789 0.958751 2 0.877674 0.992006 1 0.858086 0.992063 2 0.875580 0.992063 1 0.853721 0.992063 1
0 0.623512 0.603175 0.028274 0.108466 0.627386 0.563488 2 0.628769 0.561251 2 0.626317 0.561286 2 0.630999 0.563555 2 0.625526 0.563373 2 0.631999 0.577530 2 0.626770 0.574850 2 0.634046 0.589886 2 0.628871 0.589850 2 0.633077 0.595071 2 0.626389 0.597828 2 0.630132 0.606422 2 0.625759 0.603446 2 0.629975 0.626646 2 0.618639 0.616134 2 0.630597 0.650686 2 0.617464 0.634209 2
