0 0.921875 0.717593 0.059524 0.144180 0.932616 0.657475 2 0.935041 0.656456 2 0.934991 0.656808 1 0.938009 0.666037 2 0.941800 0.665225 1 0.929861 0.681941 2 0.947776 0.684958 2 0.911772 0.687582 2 0.947541 0.697606 2 0.900286 0.687065 2 0.934807 0.689736 1 0.930652 0.740093 2 0.941599 0.739256 2 0.907583 0.728058 2 0.919479 0.724452 2 0.916708 0.769552 2 0.926019 0.766053 2
0 0.434524 0.867063 0.031250 0.125661 0.435855 0.821935 2 0.437765 0.818760 2 0.433558 0.818937 2 0.440490 0.819941 2 0.429932 0.820529 2 0.442141 0.835937 2 0.428266 0.836307 2 0.445137 0.854150 2 0.425011 0.854147 2 0.444859 0.870942 2 0.423566 0.873040 2 0.440115 0.870046 2 0.430635 0.870211 2 0.442185 0.891832 2 0.430588 0.892132 2 0.445535 0.912331 2 0.430606 0.912314 2
0 0.424851 0.814153 0.037202 0.210317 0.427515 0.725919 2 0.429621 0.722047 2 0.424848 0.722392 2 0.432756 0.725242 2 0.420859 0.726162 2 0.437949 0.748048 2 0.415585 0.751579 2 0.443933 0.773123 2 0.410224 0.782522 2 0.440004 0.777635 2 0.423579 0.785624 2 0.435194 0.810171 2 0.420129 0.811851 2 0.435647 0.857058 2 0.420302 0.858692 2 0.432416 0.901382 2 0.416747 0.902906 2
0 0.395461 0.567460 0.030506 0.132275 0.401001 0.510695 2 0.399735 0.509790 1 0.400156 0.509879 2 0.395020 0.513661 1 0.398675 0.514515 2 0.392738 0.522706 2 0.403542 0.524283 2 0.389727 0.510097 2 0.408074 0.512052 2 0.389636 0.502645 2 0.403721 0.511437 2 0.395675 0.557690 2 0.402528 0.558446 2 0.396484 0.581997 2 0.401860 0.585847 2 0.396348 0.605716 2 0.400619 0.614078 2
0 0.439360 0.523810 0.042411 0.132275 0.436180 0.476145 1 0.435342 0.473745 1 0.436279 0.473830 1 0.430509 0.475032 2 0.437711 0.475757 2 0.427591 0.487763 2 0.439390 0.490032 2 0.426588 0.500106 2 0.445415 0.505421 2 0.431876 0.500675 1 0.452913 0.511024 2 0.429463 0.522669 2 0.437501 0.523658 2 0.429199 0.548026 2 0.438225 0.550525 2 0.425417 0.572081 2 0.436218 0.577138 2
0 0.502604 0.675926 0.042411 0.177249 0.499461 0.593193 2 0.500745 0.589190 2 0.497863 0.589970 2 0.505465 0.587356 2 0.499473 0.589233 1 0.506965 0.602808 2 0.505579 0.599670 2 0.500423 0.619405 2 0.498306 0.604888 2 0.489323 0.625936 2 0.492869 0.602949 2 0.512744 0.647290 2 0.512724 0.645756 2 0.506262 0.684083 2 0.513582 0.681029 2 0.505835 0.719995 2 0.515385 0.710677 2
0 0.154762 0.616402 0.038690 0.126984 0.149949 0.582236 2 0.150480 0.579792 2 0.149678 0.579404 1 0.154892 0.577516 2 0.154562 0.577064 1 0.157278 0.585651 2 0.161722 0.584796 2 0.154126 0.597034 2 0.154821 0.591048 2 0.152300 0.589416 2 0.151986 0.589556 2 0.162968 0.618825 2 0.167055 0.618505 2 0.153430 0.634151 2 0.164032 0.639946 2 0.160435 0.652522 2 0.171848 0.662603 2
0 0.242560 0.491402 0.014881 0.078042 0.241893 0.464991 1 0.242199 0.463772 1 0.242300 0.463600 1 0.242786 0.465049 2 0.244518 0.464300 1 0.243162 0.473277 2 0.244988 0.471628 2 0.243548 0.484077 2 0.246518 0.480663 2 0.243751 0.489644 2 0.247787 0.484204 1 0.245263 0.490187 2 0.246297 0.489594 2 0.246964 0.502919 2 0.246634 0.502164 2 0.248286 0.515440 2 0.247453 0.514186 2
0 0.240699 0.461640 0.024554 0.095238 0.236083 0.429843 2 0.236041 0.428118 2 0.236321 0.427691 1 0.237557 0.427262 2 0.239534 0.426152 1 0.241987 0.435258 2 0.241927 0.431413 2 0.243061 0.446183 2 0.239778 0.440227 2 0.236732 0.445625 2 0.235644 0.443716 2 0.245418 0.460987 2 0.245506 0.458480 2 0.245468 0.485703 2 0.244879 0.479412 2 0.248177 0.507912 2 0.248018 0.500763 2
0 0.399926 0.312831 0.021577 0.041005 0.403463 0.300188 1 0.403502 0.299167 2 0.403879 0.299279 1 0.404513 0.298991 2 0.406769 0.298815 1 0.404713 0.302937 2 0.408765 0.303220 2 0.402796 0.309048 2 0.407133 0.310653 1 0.400442 0.315007 2 0.403178 0.314878 1 0.406231 0.317647 2 0.409054 0.317188 2 0.399609 0.318357 2 0.402150 0.318358 2 0.397051 0.325940 2 0.398778 0.325446 2
0 0.551339 0.388889 0.023810 0.105820 0.553054 0.350180 2 0.554011 0.348203 2 0.551796 0.348627 2 0.555655 0.349351 2 0.550214 0.350423 2 0.558824 0.360908 2 0.548087 0.362335 2 0.560875 0.375449 2 0.544642 0.377036 2 0.560744 0.388661 2 0.545277 0.392177 2 0.556849 0.392567 2 0.549675 0.393152 2 0.556267 0.412543 2 0.547883 0.414346 2 0.555714 0.431159 2 0.547352 0.433796 2
0 0.311384 0.336640 0.021577 0.067460 0.306923 0.311308 2 0.306912 0.309807 2 0.306627 0.309782 1 0.308057 0.308022 2 0.308710 0.307939 1 0.311892 0.311265 2 0.312667 0.312796 2 0.315844 0.316493 2 0.312560 0.321119 2 0.312639 0.320210 2 0.310610 0.324535 2 0.317831 0.332669 2 0.319158 0.332974 2 0.312423 0.345428 2 0.318402 0.346008 2 0.311037 0.354904 2 0.319554 0.357603 2
0 0.314360 0.341931 0.014137 0.054233 0.306454 0.310058 2 0.306461 0.308614 2 0.306154 0.308730 1 0.308182 0.308006 2 0.308420 0.308155 1 0.312696 0.311056 2 0.311055 0.312581 2 0.315573 0.315413 2 0.313046 0.320621 2 0.312579 0.320493 2 0.311413 0.324437 2 0.317926 0.326996 2 0.317265 0.327249 2 0.314699 0.340742 2 0.317877 0.340478 2 0.310956 0.354641 2 0.319098 0.354782 2
0 0.331101 0.325397 0.019345 0.055556 0.328300 0.308462 2 0.328728 0.307166 2 0.328084 0.307589 1 0.330376 0.306967 2 0.328757 0.307908 1 0.332935 0.311488 2 0.329365 0.312819 2 0.333719 0.318291 2 0.328917 0.320427 2 0.330640 0.323275 2 0.327251 0.325317 2 0.334348 0.324668 2 0.331765 0.325014 2 0.334471 0.335912 2 0.331198 0.336028 2 0.335188 0.346842 2 0.331469 0.346898 2
0 0.320312 0.318783 0.017113 0.071429 0.311395 0.319597 1 0.311495 0.318383 1 0.311597 0.317706 1 0.312876 0.317739 2 0.315091 0.315785 1 0.314761 0.323911 2 0.317744 0.319551 2 0.315431 0.334367 2 0.317352 0.321413 1 0.314800 0.333499 2 0.313216 0.319501 1 0.318077 0.339446 2 0.320807 0.337725 2 0.312590 0.344943 2 0.318692 0.346569 2 0.311533 0.353518 2 0.320517 0.356571 2
0 0.398438 0.304894 0.017113 0.046296 0.402951 0.290916 2 0.403318 0.289868 2 0.402465 0.290017 2 0.403610 0.289302 1 0.401469 0.289568 2 0.403479 0.294016 2 0.400022 0.293544 2 0.403479 0.300427 1 0.397295 0.298671 2 0.402098 0.305372 1 0.399102 0.304449 2 0.401753 0.306427 2 0.399513 0.306069 2 0.399981 0.315643 2 0.398732 0.315557 2 0.397232 0.324087 2 0.395618 0.323193 2
0 0.517857 0.187831 0.011905 0.039683 0.517587 0.174492 2 0.518071 0.173522 2 0.517077 0.173579 2 0.518847 0.174043 2 0.516448 0.174108 2 0.519929 0.179264 2 0.515633 0.178981 2 0.520588 0.186313 2 0.516618 0.184515 2 0.520951 0.192649 2 0.517886 0.184901 2 0.519134 0.189950 2 0.516078 0.189830 2 0.519651 0.198643 2 0.516093 0.198223 2 0.519193 0.207108 2 0.516282 0.206285 2
