0 0.957589 0.785714 0.063988 0.153439 0.968134 0.726575 2 0.969568 0.725691 2 0.971698 0.726846 1 0.971527 0.735461 2 0.981594 0.736350 1 0.964754 0.750921 2 0.984603 0.755794 2 0.946924 0.754146 2 0.987942 0.772510 2 0.935201 0.752028 2 0.983477 0.767797 1 0.963666 0.801490 2 0.975320 0.800717 2 0.939445 0.797921 2 0.949322 0.791590 2 0.944756 0.844131 2 0.954377 0.831001 2
0 0.382440 0.701058 0.035714 0.158730 0.381331 0.639204 2 0.382321 0.636889 2 0.381907 0.636542 1 0.383781 0.639586 2 0.386914 0.638846 1 0.379450 0.651301 2 0.391581 0.652667 2 0.371293 0.639969 2 0.394323 0.643187 2 0.376523 0.635792 2 0.384680 0.643927 2 0.381602 0.697824 2 0.389201 0.698693 2 0.383249 0.727371 2 0.388081 0.732405 2 0.383325 0.758556 2 0.388499 0.765632 2
0 0.433036 0.650794 0.053571 0.158730 0.431266 0.593643 1 0.430522 0.590636 1 0.431390 0.590731 1 0.424710 0.592422 2 0.433201 0.592612 2 0.421261 0.608878 2 0.435110 0.609780 2 0.420167 0.627885 2 0.443177 0.628515 2 0.426989 0.635241 1 0.452881 0.638569 2 0.423594 0.649445 2 0.432988 0.650388 2 0.422189 0.681668 2 0.433769 0.683929 2 0.417392 0.709715 2 0.432279 0.714962 2
0 0.518229 0.855159 0.054315 0.170635 0.515300 0.790855 2 0.517401 0.785462 2 0.512759 0.786108 2 0.522984 0.782130 2 0.513580 0.782941 1 0.525034 0.803632 2 0.519427 0.795783 2 0.516510 0.828797 2 0.511237 0.803880 2 0.501216 0.837503 2 0.501717 0.802907 2 0.533224 0.864388 2 0.531072 0.860609 2 0.522508 0.913154 2 0.532805 0.903599 2 0.524193 0.958964 2 0.541371 0.938078 2
0 0.091146 0.778439 0.051339 0.149471 0.088226 0.739459 2 0.089595 0.736327 2 0.087468 0.736263 2 0.093996 0.734293 2 0.088616 0.733938 1 0.099558 0.745564 2 0.087436 0.738545 2 0.098455 0.761926 2 0.079916 0.729621 2 0.093567 0.758236 2 0.069975 0.722342 2 0.103559 0.782767 2 0.095104 0.780967 2 0.106138 0.809785 2 0.093914 0.811866 2 0.107003 0.836630 2 0.099223 0.836681 2
0 0.211682 0.568783 0.018601 0.079365 0.207057 0.544332 2 0.207578 0.543105 2 0.207595 0.542502 1 0.209566 0.544503 2 0.210911 0.542764 1 0.210826 0.553784 2 0.212009 0.550162 2 0.213605 0.565811 2 0.213028 0.558002 1 0.213776 0.574274 2 0.211257 0.560507 1 0.212657 0.573345 2 0.213404 0.571643 2 0.214691 0.585944 2 0.214297 0.583883 2 0.216604 0.598917 2 0.215128 0.595454 2
0 0.211682 0.536376 0.030506 0.109788 0.212161 0.491806 1 0.212156 0.489944 1 0.212768 0.489059 1 0.212712 0.490397 2 0.217341 0.487853 2 0.215029 0.501879 2 0.219241 0.495808 2 0.213163 0.515614 2 0.214531 0.503285 2 0.207876 0.509441 2 0.209371 0.506136 2 0.218608 0.527352 2 0.221954 0.524674 2 0.217717 0.550135 2 0.222677 0.548820 2 0.218599 0.572576 2 0.224427 0.574196 2
0 0.396949 0.342593 0.026042 0.044974 0.399149 0.329229 1 0.399169 0.328209 1 0.399635 0.328434 1 0.399864 0.328498 2 0.402509 0.328542 1 0.400208 0.332851 2 0.403848 0.333317 2 0.398503 0.339006 2 0.400983 0.339937 1 0.395831 0.342352 2 0.397065 0.341117 1 0.401994 0.347888 2 0.404579 0.347615 2 0.394924 0.346265 2 0.397804 0.346958 2 0.393052 0.358303 2 0.394730 0.358731 2
0 0.571057 0.475529 0.029018 0.128307 0.571947 0.425426 2 0.572993 0.422929 2 0.570410 0.423728 2 0.575025 0.423719 2 0.568573 0.425574 2 0.578956 0.438138 2 0.565507 0.439109 2 0.581935 0.454745 2 0.563063 0.457903 2 0.583127 0.470486 2 0.564212 0.473555 2 0.577453 0.473390 2 0.568333 0.473492 2 0.577953 0.498122 2 0.567840 0.495368 2 0.578635 0.520707 2 0.568058 0.513290 2
0 0.297247 0.372354 0.021577 0.075397 0.292571 0.346174 2 0.292549 0.344313 2 0.292253 0.345235 1 0.294092 0.341479 2 0.293283 0.343645 1 0.298871 0.344059 2 0.295252 0.347466 2 0.302464 0.349820 2 0.296833 0.357186 2 0.298170 0.355011 2 0.295258 0.359226 2 0.304207 0.364240 2 0.301066 0.365312 2 0.305794 0.379433 2 0.299144 0.378749 2 0.306892 0.396023 2 0.297165 0.393101 2
0 0.299479 0.382275 0.017113 0.058201 0.292205 0.344746 1 0.292550 0.342851 1 0.291628 0.343746 1 0.294690 0.342654 1 0.292184 0.344540 1 0.298846 0.344763 2 0.293449 0.348204 1 0.302168 0.349984 2 0.296641 0.355306 2 0.300087 0.353097 2 0.296397 0.357942 2 0.303733 0.354197 2 0.299285 0.355877 2 0.305747 0.369127 2 0.297259 0.372216 2 0.305788 0.390976 2 0.296112 0.393547 2
0 0.318080 0.363757 0.018601 0.058201 0.313153 0.343758 2 0.313460 0.342225 2 0.313028 0.342723 1 0.315498 0.341290 2 0.314433 0.342400 1 0.318807 0.345090 2 0.315705 0.346656 2 0.318643 0.352396 2 0.315028 0.354973 2 0.314697 0.355998 2 0.312731 0.357482 2 0.321946 0.357892 2 0.319580 0.358378 2 0.322543 0.369828 2 0.319242 0.369703 2 0.323491 0.382378 2 0.320011 0.382037 2
0 0.308408 0.347222 0.017113 0.078042 0.305903 0.317888 1 0.306015 0.316298 1 0.306260 0.316103 1 0.306577 0.316426 2 0.309743 0.315527 2 0.306071 0.324959 2 0.313786 0.323056 2 0.304703 0.336310 2 0.316099 0.333429 2 0.303821 0.340071 2 0.313704 0.339007 1 0.307967 0.346770 2 0.313142 0.345781 2 0.308728 0.364533 2 0.313038 0.363653 2 0.310420 0.383363 2 0.312631 0.383273 2
0 0.559896 0.255952 0.017113 0.051587 0.559418 0.242498 2 0.560137 0.240656 2 0.558382 0.240998 2 0.561278 0.241186 2 0.557095 0.242007 2 0.563367 0.249849 2 0.556076 0.249786 2 0.566443 0.257386 2 0.554940 0.257504 2 0.565044 0.258463 2 0.556309 0.258754 2 0.562233 0.266263 2 0.557386 0.265706 2 0.561249 0.273867 2 0.554222 0.271797 2 0.562489 0.287767 2 0.557808 0.282973 2
0 0.528274 0.328042 0.017857 0.082011 0.525178 0.298897 2 0.525762 0.297503 2 0.524991 0.297623 1 0.527641 0.297785 2 0.525917 0.298048 1 0.531070 0.304651 2 0.525022 0.305280 2 0.534515 0.314039 2 0.523337 0.315028 2 0.535080 0.324014 2 0.523615 0.321422 1 0.530845 0.326115 2 0.527034 0.326345 2 0.530602 0.343230 2 0.527298 0.343073 2 0.530362 0.360401 2 0.527627 0.359838 2
0 0.392485 0.335317 0.015625 0.051587 0.399918 0.328848 2 0.400290 0.327646 1 0.399957 0.327677 1 0.400686 0.328341 1 0.400677 0.328216 1 0.400076 0.334866 2 0.400398 0.334514 2 0.396856 0.343203 2 0.396959 0.342631 2 0.394889 0.345400 2 0.394702 0.346297 2 0.401434 0.354403 2 0.401489 0.354340 2 0.400632 0.366798 1 0.400599 0.366755 1 0.399806 0.367160 1 0.399635 0.366816 1
0 0.537202 0.296958 0.020833 0.078042 0.539026 0.268097 2 0.539772 0.266548 2 0.538089 0.266659 2 0.540622 0.267168 2 0.536568 0.267343 2 0.542066 0.275552 2 0.534719 0.275536 2 0.543986 0.284205 2 0.531883 0.284353 2 0.544079 0.292528 2 0.533034 0.293241 2 0.540614 0.298058 2 0.536023 0.298042 2 0.539274 0.314252 2 0.535788 0.314323 2 0.538526 0.329285 2 0.536265 0.329202 2
0 0.525298 0.204365 0.011905 0.041005 0.524990 0.192275 2 0.525493 0.191240 2 0.524503 0.191285 2 0.526302 0.191311 2 0.523843 0.191400 2 0.527491 0.197102 2 0.522789 0.197241 2 0.528908 0.203083 2 0.521784 0.204231 2 0.526904 0.205163 2 0.522790 0.208735 2 0.526784 0.211283 2 0.523610 0.211260 2 0.526666 0.220988 2 0.523391 0.220576 2 0.527282 0.229871 2 0.523399 0.228649 2
