0 0.043899 0.558862 0.040179 0.136243 0.040806 0.507910 2 0.042502 0.504521 2 0.038979 0.505200 2 0.045555 0.503595 2 0.036692 0.505455 2 0.049101 0.516546 2 0.034288 0.518603 2 0.057797 0.522461 2 0.027819 0.525220 2 0.053284 0.536195 2 0.033217 0.537246 2 0.050366 0.554787 2 0.041681 0.556445 2 0.053554 0.580785 2 0.046036 0.582716 2 0.058189 0.607386 2 0.054134 0.604776 2
0 0.723214 0.226190 0.017857 0.082011 0.726230 0.198751 1 0.725821 0.197387 1 0.726531 0.197579 1 0.723534 0.197693 2 0.727314 0.198405 2 0.721287 0.205931 2 0.726767 0.207356 2 0.717605 0.216759 2 0.727050 0.218981 2 0.715710 0.228439 2 0.727979 0.227588 2 0.720541 0.226640 2 0.723031 0.227355 2 0.723885 0.241437 2 0.720046 0.243395 2 0.726796 0.256785 2 0.715502 0.259020 2
0 0.927083 0.287698 0.025298 0.099206 0.942988 0.269076 2 0.944013 0.267100 2 0.941951 0.266382 2 0.944196 0.268774 1 0.939415 0.267273 2 0.944196 0.281774 1 0.935123 0.280461 2 0.944196 0.297036 1 0.929431 0.296271 2 0.943601 0.305972 1 0.924270 0.309266 2 0.942571 0.315070 2 0.935700 0.314425 2 0.944196 0.339688 1 0.932216 0.339318 2 0.944196 0.355996 1 0.930571 0.355887 2
0 0.275670 0.146164 0.015625 0.054233 0.275819 0.125653 2 0.276329 0.124424 2 0.275186 0.124525 2 0.277050 0.124877 2 0.274424 0.125037 2 0.278379 0.131157 2 0.273177 0.131246 2 0.280485 0.138505 2 0.271290 0.138650 2 0.281970 0.144858 2 0.270614 0.145392 2 0.278203 0.146803 2 0.274837 0.147084 2 0.279565 0.157203 2 0.275186 0.157916 2 0.278589 0.168065 2 0.275563 0.168368 2
0 0.271205 0.130291 0.012649 0.051587 0.275550 0.125961 2 0.276022 0.124832 2 0.274982 0.124962 2 0.276783 0.124954 2 0.274281 0.125293 2 0.278129 0.130659 2 0.273330 0.130907 2 0.279215 0.137921 2 0.271578 0.137830 2 0.278141 0.142677 1 0.270786 0.143865 2 0.277776 0.145628 2 0.274560 0.145755 2 0.278714 0.156350 2 0.274754 0.156683 2 0.279127 0.163866 2 0.275201 0.163985 2
0 0.285714 0.152116 0.011905 0.037037 0.283488 0.148762 2 0.283894 0.147719 2 0.282938 0.147982 2 0.284709 0.147340 2 0.282323 0.148084 2 0.286674 0.151491 2 0.281670 0.152620 2 0.288654 0.158183 2 0.280868 0.160175 2 0.286523 0.162347 2 0.279630 0.167427 2 0.285952 0.166653 2 0.282471 0.166872 2 0.286620 0.172945 1 0.281573 0.173439 1 0.287071 0.172841 1 0.281943 0.173251 1
0 0.594122 0.412037 0.033482 0.123016 0.600388 0.374579 2 0.601504 0.372092 2 0.598956 0.372211 2 0.602674 0.370499 1 0.594722 0.370344 2 0.603003 0.380514 2 0.589463 0.380056 2 0.606039 0.398367 2 0.584860 0.397294 2 0.607107 0.415664 2 0.585248 0.415463 2 0.600490 0.409621 2 0.589958 0.409774 2 0.604130 0.435998 2 0.582389 0.437609 2 0.607220 0.464355 2 0.573830 0.464611 2
0 0.876860 0.267857 0.021577 0.054233 0.883503 0.254242 2 0.884697 0.252602 2 0.882763 0.251688 2 0.885851 0.252516 2 0.881047 0.250451 2 0.884954 0.258886 2 0.877971 0.257076 2 0.883862 0.271528 2 0.878779 0.274692 2 0.885989 0.280708 2 0.883963 0.282618 2 0.876146 0.273421 2 0.870678 0.272140 2 0.886502 0.278001 2 0.875720 0.272391 2 0.879315 0.288607 2 0.871531 0.284634 2
0 0.640625 0.183201 0.023810 0.072751 0.643823 0.162748 1 0.643739 0.161361 1 0.643804 0.161890 1 0.641224 0.161830 2 0.644398 0.163212 2 0.637839 0.168340 2 0.644137 0.170559 2 0.634703 0.175337 2 0.646409 0.179903 2 0.634248 0.184548 2 0.650399 0.184307 2 0.636088 0.187319 2 0.640569 0.188204 2 0.634553 0.201009 2 0.642456 0.200953 2 0.633378 0.216886 2 0.643653 0.213930 2
0 0.633929 0.433201 0.035714 0.141534 0.631513 0.389289 2 0.633428 0.387020 2 0.631323 0.385757 2 0.637865 0.387649 2 0.631762 0.384722 1 0.643184 0.405500 2 0.636580 0.403268 2 0.641431 0.431051 2 0.636460 0.427218 1 0.631964 0.449193 2 0.631663 0.445128 2 0.640148 0.449863 2 0.633428 0.446490 2 0.636488 0.479359 2 0.623121 0.473269 2 0.651789 0.492528 2 0.622155 0.501446 2
0 0.525670 0.477513 0.034970 0.140212 0.540174 0.427924 2 0.540023 0.424720 2 0.538594 0.425502 2 0.538430 0.425108 1 0.533440 0.427653 2 0.534173 0.439911 2 0.528576 0.446962 2 0.533301 0.460795 2 0.526994 0.469885 2 0.537593 0.471095 2 0.535820 0.480753 2 0.527839 0.471698 2 0.522538 0.477230 2 0.538897 0.492680 2 0.527872 0.508889 2 0.537776 0.516827 2 0.515530 0.535573 2
0 0.431920 0.430556 0.031994 0.138889 0.445039 0.368898 2 0.444277 0.366096 1 0.444116 0.366299 2 0.438398 0.366479 1 0.440082 0.367590 2 0.431781 0.380315 2 0.438205 0.382600 2 0.427447 0.400021 1 0.434538 0.404791 2 0.427954 0.422069 1 0.432331 0.426076 2 0.428757 0.423795 2 0.433796 0.425117 2 0.428319 0.454918 2 0.435840 0.456517 2 0.425623 0.482036 2 0.434335 0.484127 2
0 0.247396 0.567460 0.046875 0.190476 0.249911 0.500751 2 0.248101 0.498711 1 0.248931 0.498034 2 0.239297 0.504673 1 0.245889 0.503337 2 0.234646 0.526345 2 0.253038 0.524735 2 0.230602 0.556658 2 0.260206 0.546643 2 0.229504 0.578599 2 0.267212 0.561096 2 0.242502 0.574821 2 0.255499 0.574956 2 0.240854 0.608074 2 0.257556 0.611177 2 0.240290 0.637550 2 0.258546 0.653018 2
0 0.393973 0.491402 0.029018 0.157407 0.392941 0.437935 2 0.391682 0.435106 1 0.392002 0.435304 2 0.384916 0.436761 1 0.388463 0.437892 2 0.378970 0.452587 2 0.389255 0.453834 2 0.378187 0.475454 1 0.391132 0.479934 2 0.383055 0.489408 1 0.395619 0.499992 2 0.379770 0.492403 2 0.387272 0.493268 2 0.384137 0.528001 2 0.393885 0.526952 2 0.384190 0.561047 2 0.393390 0.560553 2
0 0.581845 0.495370 0.046131 0.146825 0.603403 0.446507 2 0.602815 0.442106 1 0.603171 0.443181 2 0.595663 0.438122 1 0.599101 0.441415 2 0.590654 0.446988 2 0.591470 0.453131 2 0.584228 0.470604 2 0.579733 0.478090 2 0.589626 0.486986 2 0.583070 0.501391 2 0.572821 0.477697 2 0.575151 0.480949 2 0.576479 0.504548 2 0.588585 0.512644 2 0.566689 0.528630 2 0.590840 0.550041 2
0 0.703497 0.501323 0.049851 0.153439 0.683737 0.443332 2 0.684641 0.440253 2 0.684383 0.439248 1 0.688073 0.440936 2 0.688924 0.437815 1 0.693928 0.459155 2 0.696938 0.453957 2 0.699900 0.484152 2 0.700803 0.477942 2 0.693081 0.491234 2 0.694278 0.489385 2 0.707390 0.493544 2 0.708350 0.489951 2 0.702658 0.528561 2 0.698924 0.517997 2 0.717256 0.553759 2 0.702971 0.545021 2
0 0.672619 0.636243 0.043155 0.203704 0.661328 0.554085 2 0.661184 0.550645 1 0.661810 0.550623 1 0.662548 0.554297 2 0.670191 0.553597 1 0.671888 0.578273 2 0.667185 0.574419 2 0.678081 0.606774 2 0.664001 0.601649 2 0.680015 0.633347 2 0.654467 0.615338 2 0.671247 0.636691 2 0.671782 0.633811 2 0.661911 0.674730 2 0.679184 0.667759 2 0.648780 0.716338 2 0.692004 0.700899 2
0 0.449033 0.439815 0.033482 0.144180 0.455502 0.372877 2 0.454955 0.370280 1 0.454740 0.370159 2 0.451403 0.370750 1 0.450802 0.370930 2 0.449537 0.385869 2 0.445024 0.387058 2 0.447576 0.408368 1 0.439973 0.409266 2 0.448883 0.426385 1 0.440052 0.431213 2 0.447766 0.428881 2 0.444203 0.430396 2 0.449526 0.456145 2 0.442643 0.461639 2 0.447751 0.485777 2 0.437566 0.493656 2
0 0.276414 0.345899 0.029018 0.123016 0.272497 0.298649 2 0.273795 0.296016 2 0.271211 0.296548 2 0.276235 0.296738 2 0.270352 0.298071 1 0.279751 0.311449 2 0.268811 0.310597 2 0.283447 0.328289 2 0.269160 0.325208 2 0.275168 0.329443 2 0.268404 0.326722 2 0.278763 0.342938 2 0.272791 0.341973 2 0.274837 0.368521 2 0.277992 0.364888 2 0.276074 0.394096 2 0.288149 0.382704 2
0 0.518973 0.287037 0.020089 0.111111 0.515328 0.247871 2 0.516678 0.246018 2 0.515207 0.245408 2 0.519991 0.247387 2 0.516714 0.245994 1 0.520843 0.258519 2 0.518971 0.257004 2 0.522200 0.276086 2 0.519220 0.273808 1 0.519912 0.294311 2 0.516234 0.289620 1 0.520023 0.289046 2 0.519310 0.287747 2 0.516554 0.309519 2 0.518470 0.307281 1 0.517473 0.322225 1 0.520982 0.320458 1
0 0.567336 0.304233 0.024554 0.100529 0.571523 0.265291 2 0.572566 0.263321 2 0.570904 0.263161 2 0.573887 0.264164 2 0.571454 0.263578 1 0.574388 0.274012 2 0.570753 0.273604 2 0.569555 0.284822 2 0.568401 0.285334 2 0.568172 0.277242 2 0.569025 0.279022 2 0.571988 0.302335 2 0.570456 0.301886 2 0.566624 0.323610 2 0.573442 0.323200 2 0.560015 0.342817 2 0.576462 0.343908 2
0 0.781994 0.278439 0.020833 0.078042 0.786368 0.242439 2 0.786712 0.240800 2 0.785512 0.240576 2 0.786000 0.241288 1 0.782543 0.240623 2 0.784318 0.250983 2 0.779091 0.249720 2 0.784089 0.264500 2 0.776694 0.262710 2 0.786737 0.271763 2 0.781605 0.272371 2 0.781825 0.273782 2 0.778337 0.273777 2 0.782580 0.289562 2 0.779022 0.290175 2 0.780691 0.305876 2 0.776768 0.306591 2
0 0.804315 0.270503 0.028274 0.083333 0.803520 0.242933 2 0.804316 0.240585 2 0.802522 0.240287 2 0.804263 0.239771 1 0.800024 0.239261 2 0.803930 0.245444 2 0.797183 0.248997 2 0.806952 0.260417 2 0.802039 0.263766 2 0.809842 0.268437 2 0.808443 0.272952 2 0.803805 0.267596 2 0.799090 0.271727 2 0.813909 0.268106 2 0.807163 0.281530 2 0.808371 0.281175 2 0.809576 0.300903 2
0 0.460193 0.164683 0.018601 0.070106 0.458883 0.139707 1 0.458853 0.138488 1 0.458984 0.138406 1 0.458142 0.138166 2 0.460768 0.137756 2 0.457612 0.143427 2 0.462458 0.142024 2 0.455636 0.149697 2 0.465398 0.146212 2 0.455721 0.147858 2 0.462840 0.147601 2 0.459147 0.160341 2 0.462331 0.159739 2 0.459456 0.175313 2 0.462708 0.175029 2 0.459192 0.189436 2 0.464015 0.189213 2
0 0.138021 0.342593 0.018601 0.066138 0.136460 0.325573 2 0.137472 0.323882 2 0.135911 0.324113 2 0.139966 0.324095 2 0.135816 0.324560 1 0.142417 0.331807 2 0.135756 0.332697 2 0.144696 0.341568 2 0.135890 0.342198 2 0.145350 0.350757 2 0.136933 0.347611 2 0.142898 0.349783 2 0.138278 0.350305 2 0.144743 0.357426 2 0.138926 0.357646 2 0.145265 0.369245 2 0.139300 0.369994 2
0 0.058780 0.342593 0.035714 0.058201 0.058900 0.328224 2 0.059637 0.326180 2 0.057400 0.327007 2 0.061147 0.325391 1 0.054892 0.327640 2 0.062854 0.332471 2 0.052848 0.335108 2 0.069345 0.339446 2 0.049144 0.345452 2 0.067932 0.340548 2 0.046488 0.354971 2 0.061088 0.349470 2 0.053853 0.350376 2 0.065760 0.345150 2 0.050250 0.347038 2 0.069201 0.361681 2 0.047088 0.359193 2
0 0.595238 0.148810 0.016369 0.072751 0.601791 0.119318 2 0.602072 0.117998 2 0.601063 0.118034 2 0.601980 0.118737 1 0.599326 0.118791 2 0.602654 0.125468 2 0.597376 0.125897 2 0.603966 0.132113 2 0.595808 0.133669 2 0.602726 0.129888 2 0.598367 0.130401 2 0.601604 0.144201 2 0.597907 0.144258 2 0.601165 0.158984 2 0.596566 0.158985 2 0.600397 0.172741 2 0.595533 0.173029 2
0 0.139137 0.152116 0.017857 0.052910 0.136475 0.130886 1 0.136550 0.129770 1 0.136870 0.129707 1 0.136053 0.130798 2 0.139042 0.130433 1 0.135188 0.137895 2 0.140605 0.137264 2 0.134414 0.145177 2 0.142459 0.142569 2 0.135392 0.149408 1 0.141789 0.140969 1 0.137562 0.153270 2 0.141227 0.153260 2 0.139539 0.164983 2 0.143061 0.164734 2 0.140770 0.174692 2 0.144213 0.174459 2
0 0.772693 0.187169 0.014137 0.054233 0.773238 0.191584 2 0.773524 0.190561 1 0.772905 0.190392 2 0.771951 0.191324 2 0.772216 0.191245 2 0.767274 0.197543 2 0.771648 0.198512 2 0.765093 0.207800 1 0.772397 0.209638 2 0.769839 0.209128 1 0.774187 0.205904 2 0.765136 0.217662 2 0.768112 0.218429 2 0.765451 0.224392 1 0.769184 0.224392 1 0.764935 0.224385 1 0.768020 0.223984 1
0 0.384301 0.113095 0.014137 0.051587 0.384849 0.099222 1 0.384508 0.098308 1 0.384772 0.098329 1 0.382268 0.098095 1 0.384450 0.098407 2 0.380225 0.102257 2 0.384836 0.102467 2 0.378194 0.108287 2 0.385764 0.108222 2 0.379546 0.110903 2 0.386036 0.111822 1 0.381564 0.115152 2 0.384713 0.115507 2 0.382376 0.125271 2 0.385885 0.125411 2 0.382499 0.135294 2 0.386002 0.134877 2
0 0.356399 0.098545 0.010417 0.051587 0.357032 0.080334 1 0.356824 0.079369 1 0.356882 0.079407 1 0.355703 0.079711 1 0.356288 0.079939 2 0.356189 0.084849 2 0.355004 0.085335 2 0.357422 0.090722 2 0.354417 0.091922 2 0.358665 0.094645 1 0.355849 0.096321 2 0.356765 0.096430 2 0.355960 0.096949 2 0.358405 0.104173 2 0.356639 0.104553 2 0.358482 0.112532 2 0.356744 0.112827 2
0 0.190476 0.131614 0.014881 0.046296 0.188946 0.118816 1 0.189044 0.118028 1 0.189216 0.117888 1 0.189341 0.118377 2 0.191061 0.117902 1 0.189445 0.122965 2 0.192527 0.122208 2 0.189144 0.127882 2 0.194044 0.127614 1 0.188483 0.128595 1 0.194005 0.132179 1 0.191728 0.134839 2 0.193643 0.134559 2 0.192684 0.143943 2 0.193732 0.143391 2 0.194521 0.152418 2 0.194622 0.151668 2
0 0.604539 0.255952 0.021577 0.091270 0.611404 0.216172 2 0.611344 0.214446 2 0.610451 0.214899 2 0.610434 0.215252 1 0.608154 0.215933 2 0.608265 0.225559 2 0.607844 0.225470 2 0.611116 0.237721 1 0.610339 0.237307 2 0.614734 0.235256 2 0.615050 0.234119 2 0.609683 0.251220 2 0.608773 0.251693 2 0.611418 0.270960 2 0.610313 0.271317 2 0.609030 0.287256 2 0.602464 0.283291 2
0 0.941220 0.316799 0.032738 0.130952 0.942721 0.269233 2 0.944257 0.267295 2 0.941623 0.266816 2 0.946359 0.268677 2 0.939805 0.267521 2 0.948035 0.281135 2 0.936131 0.279688 2 0.950445 0.296330 2 0.929650 0.293502 2 0.947653 0.310212 2 0.924706 0.308163 2 0.944344 0.313201 2 0.936262 0.312193 2 0.945204 0.337160 2 0.933040 0.335717 2 0.943792 0.359112 2 0.929750 0.357338 2
0 0.837426 0.377646 0.037946 0.133598 0.849101 0.328063 2 0.848039 0.325673 1 0.848512 0.326136 2 0.844194 0.325912 1 0.845563 0.327157 2 0.839929 0.340605 2 0.841893 0.341556 2 0.841035 0.359963 2 0.840039 0.366198 2 0.844717 0.373904 2 0.841173 0.384858 2 0.838452 0.377653 2 0.839265 0.378208 2 0.841290 0.403555 2 0.839198 0.402935 2 0.836701 0.428443 2 0.825820 0.420655 2
0 0.767485 0.222884 0.026042 0.067460 0.774037 0.193611 2 0.773818 0.191911 1 0.773695 0.192001 2 0.770594 0.191223 1 0.772127 0.191598 2 0.765797 0.197575 2 0.771349 0.198905 2 0.763890 0.207811 2 0.772459 0.210012 2 0.768236 0.206747 2 0.774337 0.204183 2 0.763300 0.218227 2 0.767363 0.219020 2 0.763560 0.234318 2 0.769173 0.235508 2 0.758856 0.249525 2 0.765383 0.250502 2
0 0.970982 0.274471 0.029762 0.112434 0.977029 0.239434 2 0.977945 0.237911 1 0.976939 0.236639 2 0.977112 0.236815 1 0.974814 0.233501 2 0.973110 0.243730 2 0.969019 0.238501 2 0.969931 0.256959 2 0.961083 0.245868 2 0.969668 0.264604 2 0.961219 0.257911 2 0.965023 0.266953 2 0.962608 0.264764 2 0.961641 0.288583 2 0.960351 0.288678 2 0.957735 0.309524 2 0.956413 0.313107 2
