0 0.592262 0.765212 0.008929 0.039683 0.588678 0.754535 1 0.588660 0.753632 1 0.588895 0.753838 1 0.587825 0.754102 1 0.589968 0.754580 2 0.586644 0.758778 2 0.590253 0.759732 2 0.586310 0.763746 1 0.590470 0.765799 2 0.586689 0.767323 1 0.589927 0.769357 1 0.586545 0.769538 2 0.589139 0.769959 2 0.586623 0.777495 2 0.589523 0.777639 2 0.586687 0.785344 2 0.589228 0.784837 2
0 0.006138 0.945767 0.010789 0.048942 0.005582 0.926838 2 0.006191 0.925966 2 0.005030 0.925622 2 0.006657 0.927103 1 0.003810 0.926296 2 0.006349 0.933217 2 0.001657 0.933157 2 0.007211 0.939709 2 0.000944 0.941621 2 0.006743 0.934353 2 0.003845 0.934967 2 0.006377 0.949576 2 0.003235 0.949863 2 0.006289 0.961022 2 0.003525 0.961227 2 0.005911 0.972151 2 0.003791 0.971013 2
0 0.061756 0.863095 0.009673 0.046296 0.064361 0.846936 1 0.064005 0.845863 1 0.064423 0.845837 1 0.062176 0.846465 2 0.064763 0.846559 2 0.061325 0.852355 2 0.065215 0.853001 2 0.059892 0.858828 2 0.066902 0.860432 2 0.060937 0.863612 2 0.067132 0.865050 1 0.062385 0.864786 2 0.064954 0.865112 2 0.063230 0.873821 2 0.064951 0.874345 2 0.061444 0.882698 2 0.064013 0.884314 2
0 0.163504 0.779431 0.010045 0.036376 0.164631 0.765185 2 0.165166 0.764364 2 0.164169 0.764256 2 0.165917 0.764490 2 0.163378 0.764232 2 0.167230 0.768860 2 0.162164 0.768869 2 0.167682 0.775616 2 0.161147 0.774247 2 0.167359 0.779534 2 0.161593 0.779738 2 0.166411 0.781355 2 0.162714 0.781581 2 0.167477 0.788413 2 0.161417 0.790440 2 0.167473 0.794902 2 0.160992 0.799302 2
0 0.190662 0.856481 0.010789 0.035714 0.193239 0.840331 2 0.192917 0.839561 1 0.193184 0.839544 1 0.190977 0.839865 2 0.192827 0.839668 2 0.190046 0.844405 2 0.194020 0.843303 2 0.187807 0.849806 2 0.196462 0.846361 2 0.185992 0.853000 2 0.196074 0.847481 2 0.191034 0.854945 2 0.193759 0.854544 2 0.192182 0.855791 2 0.196372 0.854396 2 0.191708 0.864417 2 0.197041 0.864591 1
0 0.194568 0.854167 0.008185 0.045635 0.194831 0.837374 2 0.195208 0.836528 2 0.194465 0.836601 2 0.196067 0.836308 2 0.194056 0.836514 1 0.197295 0.839700 2 0.193908 0.839673 2 0.197908 0.844880 2 0.193802 0.844056 2 0.195817 0.842822 2 0.194050 0.841676 1 0.197152 0.847842 2 0.194830 0.847714 2 0.197260 0.847039 1 0.195069 0.846883 1 0.197072 0.847306 1 0.195909 0.846974 1
0 0.247768 0.720899 0.008929 0.034392 0.248071 0.710326 2 0.248450 0.709498 2 0.247619 0.709491 2 0.249009 0.709802 2 0.246943 0.709718 2 0.249881 0.714557 2 0.246040 0.713887 2 0.251076 0.719961 2 0.244321 0.717373 2 0.251722 0.724606 2 0.245626 0.721800 2 0.249753 0.723526 2 0.247236 0.723583 2 0.250898 0.729836 2 0.247516 0.730531 2 0.251589 0.736602 2 0.248136 0.737519 2
0 0.536272 0.700397 0.008557 0.031746 0.538135 0.688729 2 0.538047 0.688019 1 0.537941 0.687985 2 0.537297 0.687875 1 0.536962 0.687841 2 0.536646 0.690657 2 0.535562 0.691060 2 0.538257 0.695322 2 0.537754 0.696057 2 0.540446 0.697988 2 0.540487 0.698843 2 0.536878 0.699798 2 0.535995 0.700690 2 0.540639 0.703770 2 0.539623 0.705612 2 0.539204 0.712652 2 0.538943 0.713653 2
0 0.227307 0.717593 0.009673 0.031746 0.229806 0.705565 1 0.229481 0.705027 1 0.229761 0.705055 1 0.227822 0.705692 1 0.229596 0.705868 2 0.226819 0.709625 2 0.229664 0.709596 2 0.228344 0.713256 1 0.231991 0.712809 2 0.230852 0.713310 1 0.233628 0.712907 2 0.227261 0.718797 2 0.229393 0.719032 2 0.229147 0.719467 2 0.232807 0.719489 2 0.228560 0.727745 2 0.232734 0.727121 2
0 0.549293 0.690807 0.008557 0.025794 0.549316 0.683511 2 0.549074 0.682992 1 0.549278 0.682943 2 0.547931 0.683229 1 0.548685 0.683242 2 0.547627 0.686111 2 0.547406 0.686032 2 0.549659 0.689894 2 0.549633 0.689671 2 0.551874 0.690625 2 0.552188 0.691077 2 0.547182 0.694859 2 0.546910 0.695290 2 0.551021 0.697619 2 0.550523 0.698258 2 0.551483 0.705255 2 0.551239 0.705301 2
0 0.532924 0.751984 0.009301 0.038360 0.533013 0.739543 1 0.532734 0.738773 1 0.532982 0.738844 1 0.531317 0.739098 1 0.532946 0.739349 2 0.530804 0.743064 2 0.532657 0.743877 2 0.530926 0.748097 2 0.533261 0.750064 2 0.532164 0.752613 1 0.533113 0.755119 2 0.530858 0.753715 2 0.532097 0.754223 2 0.531840 0.761365 2 0.532969 0.762404 2 0.529996 0.767883 2 0.531445 0.769469 2
0 0.614397 0.775794 0.007812 0.026455 0.614957 0.767738 2 0.615392 0.767126 2 0.614620 0.767081 2 0.616053 0.766795 2 0.614017 0.766642 2 0.616838 0.770212 2 0.612997 0.769615 2 0.617537 0.775440 2 0.612043 0.773068 2 0.617187 0.779341 2 0.611460 0.776890 2 0.616292 0.779252 2 0.613686 0.779010 2 0.615797 0.784728 2 0.613042 0.784737 2 0.616533 0.791613 2 0.612994 0.791517 2
0 0.334077 0.551257 0.004464 0.024471 0.335017 0.543013 1 0.334797 0.542549 1 0.334969 0.542562 1 0.333771 0.542672 1 0.334771 0.542796 2 0.333116 0.545264 2 0.335025 0.545241 2 0.333003 0.548540 2 0.335469 0.548569 2 0.333197 0.551110 1 0.335725 0.550935 2 0.333402 0.551458 2 0.334705 0.551413 2 0.333670 0.556338 2 0.334726 0.555826 2 0.333630 0.560998 2 0.334301 0.560292 2
0 0.563802 0.809854 0.007068 0.041667 0.564476 0.794426 2 0.564845 0.793587 2 0.564087 0.793597 2 0.565397 0.793863 2 0.563542 0.793951 2 0.566269 0.797841 2 0.562633 0.798670 2 0.567601 0.798793 2 0.561933 0.802208 2 0.566518 0.794014 2 0.563148 0.797820 2 0.565805 0.810073 2 0.563251 0.810374 2 0.565905 0.819746 2 0.563015 0.819587 2 0.566218 0.828358 2 0.562993 0.827530 2
0 0.555804 0.781085 0.007440 0.041005 0.554965 0.766718 2 0.555236 0.765872 2 0.554798 0.765918 1 0.555977 0.765816 2 0.555154 0.765939 1 0.556668 0.769790 2 0.555432 0.769746 2 0.556471 0.774754 2 0.554654 0.775868 2 0.555137 0.772307 2 0.553871 0.780290 2 0.556153 0.781498 2 0.555360 0.781266 2 0.555817 0.791310 2 0.555224 0.790968 2 0.556198 0.801336 2 0.555587 0.800894 2
0 0.707589 0.786706 0.008185 0.036376 0.708240 0.773300 2 0.708188 0.772505 1 0.707936 0.772619 2 0.707636 0.772481 1 0.707043 0.772765 2 0.707291 0.776523 2 0.706281 0.776862 2 0.707319 0.781765 1 0.705283 0.782873 2 0.708379 0.784103 1 0.707037 0.787098 2 0.706810 0.787990 2 0.706165 0.788231 2 0.707006 0.796374 2 0.706335 0.796736 2 0.706193 0.804457 2 0.705235 0.804974 2
0 0.585565 0.767857 0.005952 0.034392 0.588294 0.754118 1 0.588405 0.753301 1 0.588545 0.753436 1 0.587901 0.753871 2 0.589574 0.754100 1 0.586333 0.758791 2 0.589658 0.759057 2 0.584962 0.763897 2 0.589658 0.764940 1 0.585453 0.767380 2 0.589575 0.768141 1 0.586614 0.769870 2 0.588969 0.769997 2 0.586785 0.777790 2 0.589174 0.777357 2 0.587186 0.785533 2 0.588973 0.783512 2
0 0.591146 0.746693 0.007440 0.035714 0.587899 0.753841 1 0.587990 0.753139 1 0.588271 0.753342 1 0.587653 0.753858 2 0.589787 0.754228 2 0.586405 0.758593 2 0.590193 0.759707 2 0.585938 0.765093 1 0.590663 0.766652 2 0.586375 0.767687 1 0.589599 0.769553 1 0.586122 0.769846 2 0.588719 0.770473 2 0.586483 0.770122 1 0.589591 0.771123 1 0.586693 0.769866 1 0.588744 0.771109 1
0 0.748512 0.577712 0.005952 0.024471 0.747273 0.577685 2 0.747468 0.577342 2 0.747177 0.577333 1 0.747859 0.577558 2 0.747175 0.577541 1 0.748353 0.579607 2 0.746897 0.579544 2 0.748786 0.581930 2 0.746350 0.581494 2 0.748598 0.583531 2 0.745620 0.582398 2 0.748029 0.583775 2 0.747054 0.583652 2 0.747654 0.586053 2 0.746370 0.585969 2 0.747590 0.588820 2 0.746187 0.588693 2
0 0.558594 0.760913 0.006324 0.035053 0.560481 0.740362 2 0.562215 0.739671 2 0.560521 0.738554 2 0.562872 0.744666 2 0.560337 0.741740 1 0.559945 0.755361 1 0.559530 0.753791 2 0.559170 0.766055 1 0.559304 0.767498 2 0.560958 0.757839 1 0.560867 0.765411 2 0.559010 0.777795 1 0.558819 0.777473 1 0.558882 0.780795 1 0.557929 0.780549 1 0.558979 0.780967 1 0.559358 0.782445 1
0 0.251302 0.742063 0.007068 0.031746 0.250820 0.730383 1 0.250778 0.729713 1 0.250974 0.729665 1 0.250729 0.730212 2 0.252537 0.729821 2 0.250812 0.734642 2 0.254208 0.733466 2 0.249842 0.739675 2 0.255142 0.738756 1 0.249168 0.739946 1 0.253871 0.740730 1 0.252331 0.745036 2 0.254685 0.744049 2 0.249777 0.750972 2 0.252424 0.748675 2 0.249091 0.759347 2 0.251937 0.756346 2
0 0.620722 0.762897 0.006324 0.031085 0.622928 0.749095 2 0.623224 0.748447 2 0.622516 0.748393 2 0.623086 0.748941 1 0.621625 0.748725 2 0.622255 0.752902 2 0.621381 0.752851 2 0.621927 0.757971 1 0.621085 0.758594 2 0.623020 0.761207 1 0.623015 0.762703 2 0.622080 0.763250 2 0.621682 0.763300 2 0.621236 0.771551 2 0.622267 0.771443 2 0.620606 0.780110 2 0.621650 0.780584 2
0 0.692522 0.667328 0.007068 0.026455 0.693243 0.662257 1 0.692973 0.661562 1 0.693165 0.661585 2 0.691491 0.661406 1 0.692487 0.661609 2 0.690503 0.664772 2 0.691833 0.665195 2 0.690217 0.670042 1 0.691996 0.670831 2 0.691747 0.673858 1 0.693055 0.673629 2 0.690985 0.674645 2 0.691899 0.675044 2 0.691745 0.681463 2 0.692424 0.681715 2 0.691171 0.684931 1 0.691810 0.684970 1
0 0.447359 0.695106 0.008557 0.025132 0.448322 0.686087 1 0.448061 0.685563 1 0.448243 0.685560 1 0.446990 0.685784 1 0.447707 0.685770 2 0.446838 0.688548 2 0.447110 0.688638 2 0.448961 0.691889 2 0.449100 0.692088 2 0.450522 0.691857 2 0.450576 0.692026 2 0.447244 0.697623 2 0.447273 0.698096 2 0.450856 0.700444 2 0.451084 0.701077 2 0.448752 0.706275 2 0.448740 0.706652 2
0 0.040179 0.727183 0.010417 0.031085 0.046618 0.719851 2 0.047138 0.719276 1 0.046215 0.718533 2 0.046690 0.719660 1 0.044359 0.718106 2 0.044601 0.722661 2 0.041246 0.721292 2 0.045195 0.726596 1 0.042425 0.725681 2 0.045366 0.725949 1 0.044823 0.725891 2 0.041088 0.731612 2 0.038724 0.731638 2 0.045192 0.731810 2 0.043665 0.732412 2 0.042566 0.741413 2 0.041346 0.741759 2
0 0.912202 0.815146 0.008185 0.040344 0.913072 0.802303 2 0.913491 0.801678 2 0.912769 0.801304 2 0.913598 0.802062 1 0.911818 0.801052 2 0.913300 0.806034 2 0.910239 0.805177 2 0.913831 0.811287 2 0.910261 0.810751 2 0.914573 0.813920 2 0.913142 0.812604 2 0.912400 0.816290 2 0.910410 0.816058 2 0.912003 0.824605 2 0.910999 0.824063 2 0.910623 0.831359 2 0.910305 0.831469 2
0 0.885231 0.760582 0.009301 0.037037 0.885347 0.748091 2 0.885791 0.747268 2 0.884923 0.747297 2 0.886421 0.747634 2 0.884440 0.747667 2 0.886882 0.751446 2 0.883723 0.750554 2 0.886232 0.755028 2 0.882135 0.753389 2 0.885154 0.750998 2 0.883334 0.749886 2 0.885626 0.762303 2 0.883519 0.761652 2 0.884595 0.770216 2 0.882322 0.768684 2 0.883976 0.776512 2 0.883671 0.774085 2
0 0.897135 0.762897 0.007812 0.040344 0.896168 0.749270 2 0.896602 0.748450 2 0.895824 0.748478 2 0.897422 0.748634 2 0.895548 0.748681 1 0.898975 0.753050 2 0.894983 0.753041 2 0.900921 0.757490 2 0.894133 0.758014 2 0.900755 0.758808 2 0.893971 0.761799 2 0.897833 0.765167 2 0.895085 0.764898 2 0.898154 0.773631 2 0.894385 0.773121 2 0.898360 0.781561 2 0.894004 0.781718 2
0 0.573289 0.914021 0.011161 0.043651 0.571053 0.891849 1 0.571079 0.890965 1 0.571323 0.891131 1 0.570338 0.891427 2 0.573016 0.891709 2 0.568557 0.896089 2 0.574359 0.897033 2 0.567213 0.900131 2 0.575834 0.904073 2 0.568622 0.896511 1 0.576641 0.910138 2 0.569214 0.911452 2 0.573157 0.911936 2 0.568812 0.920590 2 0.573156 0.921604 2 0.569520 0.929588 2 0.572867 0.930381 2
0 0.592448 0.698743 0.010789 0.032407 0.593623 0.687272 1 0.593296 0.686642 1 0.593631 0.686656 1 0.591898 0.686800 1 0.593482 0.687015 2 0.590977 0.690082 2 0.593241 0.690362 2 0.592604 0.693919 2 0.595193 0.694253 2 0.594412 0.695515 1 0.596864 0.696393 2 0.590259 0.698740 2 0.591744 0.699119 2 0.593621 0.700003 2 0.594940 0.700869 2 0.592344 0.705834 2 0.593235 0.706537 2
0 0.689918 0.949405 0.015253 0.056217 0.693246 0.932388 1 0.692605 0.931078 1 0.693033 0.931293 1 0.689781 0.930547 1 0.691776 0.931440 2 0.687880 0.935067 2 0.691477 0.937032 2 0.685786 0.940541 2 0.694457 0.942136 2 0.684369 0.945694 2 0.695227 0.937706 2 0.687985 0.951383 2 0.689801 0.952461 2 0.688676 0.962369 2 0.688006 0.964094 2 0.687413 0.972840 2 0.685209 0.974010 2
0 0.602679 0.764220 0.010417 0.039021 0.604953 0.747481 2 0.605028 0.746638 1 0.604606 0.746560 2 0.604634 0.747081 1 0.603513 0.746947 2 0.604352 0.752642 2 0.602173 0.752916 2 0.604827 0.759294 1 0.600889 0.759763 2 0.604449 0.762103 1 0.602281 0.763303 2 0.604199 0.764894 2 0.602577 0.765271 2 0.604088 0.772706 2 0.601991 0.774353 2 0.603506 0.781277 2 0.599402 0.783289 2
0 0.636347 0.803571 0.009301 0.042328 0.637453 0.793099 2 0.637859 0.792200 2 0.637279 0.791807 2 0.637755 0.791464 1 0.636241 0.790353 2 0.637180 0.795085 2 0.634114 0.794701 2 0.637483 0.801221 2 0.633720 0.802451 2 0.639300 0.800836 2 0.637199 0.801807 2 0.636731 0.806596 2 0.634570 0.806874 2 0.637965 0.815561 2 0.634530 0.815761 2 0.636613 0.823518 2 0.633451 0.824533 2
0 0.712612 0.781085 0.008557 0.039683 0.712597 0.768087 2 0.713121 0.767411 2 0.712238 0.767125 2 0.713585 0.767616 2 0.711365 0.766782 2 0.713551 0.771856 2 0.709918 0.771026 2 0.713814 0.778302 2 0.708836 0.777370 2 0.714536 0.783719 2 0.711140 0.780241 2 0.712892 0.783382 2 0.710531 0.783228 2 0.712502 0.793301 2 0.710597 0.792486 2 0.711350 0.801950 2 0.709138 0.801267 2
0 0.641555 0.858796 0.013021 0.054894 0.642350 0.838228 1 0.642435 0.837237 1 0.642705 0.837371 1 0.641771 0.838030 2 0.644308 0.838158 2 0.640217 0.843917 2 0.645282 0.844242 2 0.638578 0.849857 2 0.646179 0.852078 2 0.638621 0.851573 1 0.646812 0.859352 2 0.640995 0.859851 2 0.644101 0.859929 2 0.641120 0.870855 2 0.642410 0.870212 2 0.642665 0.880257 2 0.641911 0.879036 2
0 0.747768 0.775794 0.006696 0.043651 0.746670 0.760143 2 0.747102 0.759322 2 0.746769 0.759319 1 0.748365 0.760177 2 0.747769 0.760083 1 0.748408 0.765341 2 0.748372 0.765113 2 0.747906 0.772003 2 0.747759 0.771638 1 0.746033 0.775886 2 0.745894 0.775620 1 0.747694 0.777190 2 0.747743 0.776921 2 0.747424 0.786276 2 0.747671 0.786054 2 0.747372 0.795355 2 0.747631 0.794653 2
0 0.883185 0.798611 0.007440 0.039021 0.881557 0.785056 2 0.881808 0.784197 2 0.881585 0.784209 1 0.882881 0.784217 2 0.882576 0.784241 1 0.883422 0.788522 2 0.882905 0.788158 2 0.882740 0.794134 2 0.881970 0.793271 1 0.881473 0.795592 2 0.881329 0.795258 1 0.882530 0.799616 2 0.882214 0.799294 2 0.882230 0.808500 2 0.882012 0.808431 2 0.882308 0.817085 2 0.882238 0.816610 2
0 0.866071 0.800926 0.008929 0.039683 0.866584 0.786673 1 0.866568 0.785764 1 0.866764 0.785823 1 0.865500 0.786149 2 0.867951 0.786278 2 0.863998 0.791211 2 0.868739 0.791594 2 0.862612 0.797432 2 0.870316 0.798105 2 0.864378 0.799129 1 0.869385 0.800824 1 0.864713 0.805669 2 0.867997 0.805899 2 0.864432 0.815663 2 0.868037 0.816282 2 0.864138 0.824041 1 0.868046 0.824252 1
0 0.868304 0.787368 0.007440 0.035053 0.866047 0.786291 1 0.866047 0.785459 1 0.866367 0.785625 1 0.865329 0.785957 2 0.867864 0.786151 2 0.863903 0.790843 2 0.868888 0.791351 2 0.863095 0.797285 1 0.870204 0.798424 2 0.863851 0.800901 1 0.869459 0.802372 1 0.864617 0.805686 2 0.867948 0.805993 2 0.864546 0.811260 1 0.868039 0.811260 1 0.864949 0.811260 1 0.867628 0.811260 1
0 0.845610 0.734127 0.007440 0.037037 0.846006 0.719424 1 0.845893 0.718524 1 0.846217 0.718623 1 0.844820 0.719071 1 0.847002 0.719384 1 0.843506 0.724113 2 0.847445 0.724702 2 0.842505 0.729671 2 0.847815 0.730507 2 0.842829 0.735070 1 0.847791 0.736041 2 0.843651 0.734643 2 0.846357 0.734893 2 0.843439 0.742436 2 0.845950 0.743010 2 0.843169 0.749967 2 0.845290 0.750424 2
0 0.852865 0.735119 0.007812 0.036376 0.852652 0.719378 1 0.852486 0.718567 1 0.852786 0.718586 1 0.851586 0.718747 2 0.853620 0.718844 2 0.850866 0.723228 2 0.854430 0.723227 2 0.850121 0.728945 2 0.855291 0.728945 2 0.850708 0.734128 2 0.854480 0.734072 2 0.851390 0.734785 2 0.853723 0.734663 2 0.851588 0.743084 2 0.852877 0.742796 2 0.851730 0.751242 2 0.852378 0.750852 2
0 0.890625 0.706019 0.007440 0.036376 0.888373 0.680795 1 0.888165 0.680556 1 0.888559 0.680556 1 0.887554 0.680556 1 0.889181 0.680641 1 0.886500 0.680573 1 0.890261 0.680556 1 0.885710 0.681708 1 0.891547 0.681008 2 0.886239 0.684745 2 0.891998 0.684328 2 0.887151 0.684101 2 0.889546 0.684012 2 0.887262 0.690167 2 0.889405 0.689645 2 0.887852 0.696485 2 0.889258 0.695136 2
0 0.874070 0.703704 0.006324 0.034392 0.873037 0.688554 1 0.873338 0.687652 1 0.872819 0.687627 1 0.874243 0.687611 1 0.873330 0.687498 1 0.874762 0.691556 2 0.873917 0.691315 2 0.874371 0.695832 2 0.873324 0.695322 1 0.873396 0.696521 1 0.872990 0.695512 1 0.874677 0.701293 2 0.874189 0.701032 2 0.873951 0.709091 2 0.874027 0.708946 2 0.873377 0.717039 2 0.873629 0.717201 2
0 0.880208 0.700728 0.008185 0.032407 0.880060 0.694690 1 0.880185 0.694072 1 0.879839 0.694110 1 0.880120 0.693619 1 0.879616 0.693763 1 0.879811 0.695629 2 0.879881 0.695743 2 0.879901 0.698681 2 0.879988 0.698902 2 0.879970 0.700422 2 0.879755 0.701590 2 0.879496 0.704217 2 0.879595 0.704203 2 0.879260 0.710838 2 0.879762 0.710889 2 0.879452 0.717233 2 0.880007 0.717145 2
0 0.872396 0.675595 0.008185 0.029762 0.868927 0.664427 1 0.869045 0.663809 1 0.869172 0.663880 1 0.869426 0.664193 2 0.870498 0.664188 1 0.869444 0.667526 2 0.870953 0.667511 2 0.869054 0.672274 2 0.871309 0.672486 2 0.867830 0.673926 2 0.870910 0.675942 2 0.869458 0.676761 2 0.870456 0.676595 2 0.867855 0.682517 2 0.869021 0.682639 2 0.868424 0.689498 2 0.869607 0.689202 2
0 0.847284 0.650132 0.005580 0.025132 0.850713 0.636975 1 0.850655 0.636376 1 0.850782 0.636408 1 0.849940 0.636502 2 0.851141 0.636614 1 0.849048 0.639661 2 0.851190 0.639776 1 0.848104 0.643622 2 0.851025 0.643607 1 0.848574 0.645663 2 0.850490 0.645279 1 0.849183 0.647863 2 0.850760 0.647971 2 0.849178 0.654280 2 0.850856 0.654628 2 0.849117 0.660700 2 0.850684 0.660767 2
