0 0.924107 0.722222 0.059524 0.145503 0.935278 0.660775 2 0.938311 0.660710 2 0.937498 0.659929 2 0.941457 0.671832 2 0.943250 0.668491 1 0.931576 0.686536 2 0.948977 0.687491 2 0.914722 0.690948 2 0.948685 0.700485 1 0.903914 0.690965 2 0.936382 0.694265 1 0.932275 0.741019 2 0.943159 0.739105 2 0.908414 0.734889 2 0.921703 0.728721 2 0.918184 0.772641 2 0.928641 0.768034 2
0 0.433780 0.884921 0.031250 0.126984 0.435323 0.841509 2 0.437284 0.838162 2 0.432805 0.838574 2 0.440071 0.839027 2 0.428889 0.840350 2 0.441634 0.855448 2 0.426995 0.857179 2 0.444516 0.874054 2 0.422857 0.878775 2 0.444671 0.891494 2 0.419226 0.903992 2 0.439415 0.891374 2 0.429633 0.891880 2 0.441815 0.913590 2 0.429872 0.914140 2 0.445443 0.934397 2 0.429484 0.934438 2
0 0.424479 0.833333 0.037946 0.214286 0.427129 0.743181 2 0.429339 0.739251 2 0.424504 0.739505 2 0.432655 0.742392 2 0.420495 0.743164 2 0.437656 0.765749 2 0.415042 0.769343 2 0.442882 0.791787 2 0.409800 0.801002 2 0.436986 0.797224 2 0.422639 0.804170 2 0.435555 0.829252 2 0.420038 0.831001 2 0.436652 0.876604 2 0.419604 0.878344 2 0.434714 0.924089 2 0.415924 0.925395 2
0 0.394717 0.576720 0.030506 0.134921 0.400007 0.519271 2 0.399077 0.517743 1 0.399207 0.517831 2 0.394551 0.520376 1 0.397559 0.521079 2 0.390832 0.529476 2 0.402475 0.531034 2 0.388071 0.518209 2 0.407127 0.519421 2 0.390451 0.507737 2 0.404022 0.515870 2 0.394185 0.564839 2 0.401615 0.565690 2 0.395309 0.589607 2 0.401290 0.593284 2 0.395923 0.614311 2 0.400320 0.622925 2
0 0.439360 0.530423 0.042411 0.134921 0.437155 0.482931 1 0.436050 0.480492 1 0.437138 0.480529 1 0.430437 0.481901 1 0.437571 0.482594 2 0.427702 0.495156 2 0.438809 0.496897 2 0.426132 0.507702 2 0.444414 0.511551 2 0.430681 0.508999 1 0.452104 0.519360 2 0.429430 0.531124 2 0.436976 0.531913 2 0.429083 0.557078 2 0.437713 0.559173 2 0.424935 0.581595 2 0.435880 0.587067 2
0 0.503720 0.687831 0.043155 0.179894 0.500600 0.604060 2 0.501960 0.600271 2 0.499250 0.600836 2 0.506619 0.598713 2 0.501388 0.599869 1 0.508077 0.613943 2 0.507739 0.609975 2 0.500910 0.631886 2 0.499872 0.616603 2 0.489646 0.638405 2 0.492397 0.617120 2 0.513982 0.659872 2 0.514612 0.657825 2 0.507608 0.697392 2 0.515154 0.693066 2 0.507369 0.733414 2 0.516632 0.724157 2
0 0.151414 0.623677 0.039435 0.128307 0.144517 0.588924 2 0.145565 0.586602 2 0.144857 0.586923 1 0.150848 0.586183 2 0.149936 0.586940 1 0.152328 0.594219 2 0.155259 0.595381 2 0.150648 0.605936 2 0.148152 0.601182 2 0.149058 0.600098 2 0.148132 0.601928 2 0.159557 0.626190 2 0.162478 0.627713 2 0.151979 0.645827 2 0.160563 0.655233 2 0.159755 0.663553 2 0.168098 0.676403 2
0 0.240327 0.496032 0.014881 0.079365 0.238980 0.471350 2 0.239676 0.469966 2 0.238975 0.469755 1 0.241486 0.470307 2 0.240684 0.469631 1 0.241415 0.477529 2 0.242683 0.476277 2 0.242523 0.488016 2 0.244344 0.484932 2 0.242849 0.489541 2 0.244281 0.485334 2 0.243378 0.495737 2 0.244232 0.495359 2 0.244459 0.509109 2 0.245269 0.508565 2 0.244957 0.522579 2 0.244822 0.520862 2
0 0.238467 0.466270 0.024554 0.096561 0.244973 0.467232 1 0.244234 0.465959 1 0.244699 0.465922 1 0.241449 0.467240 1 0.243536 0.467592 2 0.241419 0.474834 2 0.242249 0.476575 2 0.244076 0.484755 1 0.243807 0.487742 2 0.247223 0.486656 1 0.247350 0.484398 2 0.243528 0.494905 2 0.244030 0.496353 2 0.246492 0.507213 2 0.246051 0.509568 2 0.244974 0.519545 2 0.244378 0.522568 2
0 0.399926 0.314153 0.021577 0.041005 0.402285 0.292484 2 0.402713 0.291472 2 0.401860 0.291405 2 0.403027 0.291487 1 0.400841 0.291183 2 0.403484 0.297122 2 0.399022 0.296740 2 0.403669 0.303587 1 0.397184 0.303118 2 0.402384 0.307752 1 0.398635 0.308464 2 0.402321 0.311075 2 0.399400 0.310765 2 0.400226 0.320247 2 0.398010 0.320009 2 0.397623 0.328240 2 0.395956 0.328320 2
0 0.552455 0.392857 0.024554 0.105820 0.555291 0.354496 2 0.556140 0.352477 2 0.553946 0.353013 2 0.557647 0.353677 2 0.552121 0.354863 2 0.560516 0.366297 2 0.549433 0.366443 2 0.562407 0.380338 2 0.546412 0.380905 2 0.562527 0.393694 2 0.545991 0.395673 2 0.558185 0.397732 2 0.550676 0.397440 2 0.558156 0.418601 2 0.549598 0.416916 2 0.557433 0.436138 2 0.548313 0.431558 2
0 0.310268 0.339286 0.020833 0.067460 0.306568 0.314771 2 0.306538 0.313264 2 0.306311 0.313786 1 0.308167 0.310334 2 0.307805 0.311512 1 0.311687 0.313083 2 0.310999 0.314682 2 0.313379 0.317621 2 0.312137 0.323502 2 0.311004 0.322625 2 0.309316 0.327665 2 0.317048 0.332517 2 0.315824 0.332502 2 0.317084 0.348388 2 0.313089 0.345276 2 0.320431 0.361429 2 0.310333 0.356374 2
0 0.313244 0.344577 0.014881 0.054233 0.306090 0.312413 1 0.306151 0.310690 1 0.305704 0.310756 1 0.307606 0.310024 1 0.307523 0.309964 1 0.311226 0.314597 2 0.311164 0.314363 2 0.311948 0.320427 2 0.311743 0.320212 1 0.310459 0.322182 2 0.309918 0.325693 1 0.315777 0.328932 2 0.316069 0.328501 2 0.314233 0.344589 2 0.316739 0.343908 2 0.313830 0.356709 2 0.319198 0.359220 2
0 0.331101 0.328042 0.019345 0.055556 0.327417 0.311632 2 0.327849 0.310297 2 0.327165 0.310525 1 0.329380 0.309919 2 0.327698 0.310349 1 0.331967 0.314932 2 0.328303 0.315688 2 0.333116 0.322349 2 0.327343 0.323515 2 0.330600 0.325961 2 0.325956 0.328322 2 0.333889 0.326913 2 0.331355 0.327130 2 0.333969 0.338568 2 0.331070 0.338360 2 0.334464 0.349378 2 0.330872 0.349634 2
0 0.319568 0.320767 0.017113 0.072751 0.308086 0.314534 1 0.308036 0.313246 1 0.308154 0.312749 1 0.308076 0.311181 1 0.310274 0.309914 1 0.310607 0.314566 2 0.313118 0.312743 2 0.312373 0.323327 2 0.314724 0.320272 1 0.311435 0.324368 1 0.311310 0.324001 1 0.316378 0.334596 2 0.318124 0.333771 2 0.315916 0.349154 2 0.317417 0.348029 2 0.318931 0.359895 2 0.320063 0.360467 2
0 0.398065 0.306878 0.017857 0.047619 0.403539 0.302883 1 0.403560 0.301887 2 0.403922 0.301828 1 0.404280 0.301716 2 0.406580 0.301105 1 0.404714 0.306248 2 0.408374 0.304929 2 0.402295 0.314501 2 0.405412 0.312365 1 0.400635 0.315234 2 0.401290 0.315130 1 0.406383 0.320378 2 0.408957 0.319149 2 0.399476 0.320276 2 0.401400 0.319456 2 0.396568 0.328979 2 0.397673 0.328620 2
0 0.518601 0.189153 0.011905 0.039683 0.518282 0.175727 2 0.518655 0.174804 2 0.517785 0.174855 2 0.519209 0.175093 2 0.516972 0.175248 2 0.520266 0.179811 2 0.516167 0.180179 2 0.520847 0.185972 2 0.516775 0.185824 2 0.519887 0.188797 2 0.518737 0.187883 2 0.519560 0.189959 2 0.516516 0.190182 2 0.520806 0.196546 2 0.516284 0.197562 2 0.520718 0.204250 2 0.515992 0.206057 2
