0 0.657366 0.935847 0.045387 0.123016 0.663533 0.905766 2 0.665511 0.900451 2 0.660487 0.900533 2 0.666080 0.898293 1 0.653642 0.898319 2 0.659394 0.917683 2 0.654300 0.921835 2 0.669357 0.941371 2 0.670900 0.949797 2 0.675798 0.941691 2 0.679115 0.943683 2 0.663214 0.979625 2 0.659547 0.984639 2 0.678831 0.990292 1 0.681927 0.999745 2 0.672217 0.998498 1 0.673852 1.000000 1
0 0.702009 0.887566 0.043899 0.211640 0.704527 0.805871 2 0.707211 0.802092 2 0.702428 0.801561 2 0.711137 0.804076 2 0.699351 0.802810 2 0.714672 0.826564 2 0.693048 0.824366 2 0.720282 0.855494 2 0.685852 0.852179 2 0.716413 0.882285 2 0.685799 0.881958 2 0.707488 0.886520 2 0.693108 0.885003 2 0.706746 0.928794 2 0.685934 0.926810 2 0.701691 0.970802 2 0.682137 0.965493 2
0 0.637277 0.848545 0.073661 0.128307 0.663728 0.906000 2 0.665578 0.900091 2 0.660505 0.901138 2 0.665460 0.895149 1 0.653773 0.898430 2 0.653184 0.910853 2 0.656487 0.924908 2 0.660880 0.921901 2 0.666379 0.937831 1 0.672686 0.931989 1 0.675991 0.936819 1 0.653887 0.934309 1 0.656774 0.937831 1 0.670311 0.916220 1 0.677573 0.937831 1 0.670167 0.927435 1 0.670460 0.937831 1
0 0.306920 0.578704 0.027530 0.096561 0.310471 0.542397 2 0.311684 0.540612 2 0.309692 0.540736 2 0.313959 0.542019 2 0.308828 0.542319 2 0.315526 0.553111 2 0.306794 0.552276 2 0.316726 0.563031 2 0.300185 0.558895 2 0.314001 0.565253 2 0.301835 0.562267 2 0.315285 0.578952 2 0.309446 0.579163 2 0.317169 0.597762 2 0.309201 0.598255 2 0.319082 0.617262 2 0.309574 0.615982 2
0 0.579613 0.643519 0.032738 0.130952 0.576302 0.593892 2 0.577841 0.591325 2 0.575134 0.591378 2 0.580765 0.592182 2 0.574052 0.592621 2 0.583722 0.603380 2 0.572321 0.606909 2 0.589888 0.615213 2 0.569760 0.622317 2 0.596597 0.622952 2 0.575065 0.632636 2 0.582441 0.639751 2 0.574264 0.642349 2 0.588325 0.665615 2 0.573266 0.672466 2 0.588173 0.690353 2 0.570867 0.700541 2
0 0.568824 0.646164 0.029018 0.109788 0.576495 0.593931 2 0.578088 0.591380 2 0.575317 0.591283 2 0.580690 0.591985 2 0.573856 0.592048 2 0.583790 0.602584 2 0.572062 0.606407 2 0.588007 0.614426 2 0.570661 0.618966 2 0.587275 0.625578 2 0.574922 0.630173 2 0.582223 0.640885 2 0.573910 0.643555 2 0.586614 0.664329 2 0.572783 0.673785 2 0.583858 0.683894 2 0.570473 0.700958 2
0 0.481771 0.544974 0.020089 0.095238 0.485605 0.511741 1 0.485397 0.510131 1 0.486058 0.510158 1 0.483372 0.511357 2 0.488225 0.511568 2 0.480717 0.520752 2 0.489281 0.521442 2 0.478013 0.532404 2 0.490393 0.533091 2 0.476727 0.543654 2 0.490536 0.540422 2 0.481648 0.543135 2 0.487411 0.543465 2 0.481822 0.562913 2 0.486852 0.564452 2 0.480957 0.582638 2 0.484580 0.583508 2
0 0.526414 0.582672 0.030506 0.104497 0.538663 0.542537 1 0.537891 0.540680 1 0.538464 0.540825 1 0.533384 0.542238 2 0.538439 0.542930 2 0.529575 0.554040 2 0.540906 0.555225 2 0.523009 0.566443 2 0.545384 0.565413 2 0.516896 0.577108 2 0.544799 0.564303 2 0.530674 0.584601 2 0.537701 0.585410 2 0.531411 0.605024 2 0.536940 0.606803 2 0.530784 0.625082 2 0.535136 0.627485 2
0 0.530134 0.539021 0.024554 0.093915 0.538381 0.541834 1 0.537628 0.540146 1 0.538222 0.540326 1 0.533052 0.541906 2 0.537995 0.542591 2 0.529309 0.553843 2 0.540470 0.554774 2 0.522686 0.565599 2 0.545069 0.564643 2 0.517559 0.574991 2 0.542006 0.562579 2 0.530848 0.584239 2 0.537666 0.584800 2 0.531307 0.601960 2 0.537197 0.601699 2 0.532004 0.603753 1 0.536054 0.603753 1
0 0.546875 0.546958 0.013393 0.078042 0.539374 0.540977 1 0.539426 0.539302 1 0.539233 0.539267 1 0.539098 0.541984 1 0.539822 0.541803 1 0.539968 0.554795 2 0.540600 0.554531 2 0.546875 0.564969 2 0.547568 0.565393 2 0.551811 0.570621 2 0.552284 0.571530 2 0.538665 0.588113 2 0.538594 0.587854 2 0.539827 0.599387 1 0.539872 0.598933 1 0.541286 0.597239 1 0.540035 0.595610 1
0 0.505208 0.539021 0.019345 0.085979 0.504322 0.481461 1 0.503592 0.479753 1 0.503929 0.479880 1 0.499619 0.480478 1 0.502747 0.481259 2 0.497232 0.489860 2 0.503391 0.490841 2 0.495702 0.501925 2 0.503835 0.503125 2 0.496918 0.512091 2 0.501598 0.512040 2 0.497718 0.511954 2 0.502030 0.512536 2 0.498914 0.528972 2 0.502043 0.528905 2 0.499439 0.544934 2 0.501707 0.545123 2
0 0.487351 0.509259 0.017857 0.082011 0.484679 0.511522 1 0.484669 0.509883 1 0.485329 0.510102 1 0.483089 0.511304 2 0.488015 0.511692 2 0.480496 0.521237 2 0.489233 0.522099 2 0.477778 0.532275 2 0.490345 0.533179 2 0.476999 0.542846 2 0.490687 0.540492 2 0.481486 0.542295 2 0.487392 0.542710 2 0.481426 0.560586 2 0.487006 0.561261 2 0.481575 0.566138 1 0.486445 0.566138 1
0 0.390625 0.439815 0.017857 0.056878 0.392068 0.420884 1 0.392097 0.419779 1 0.392226 0.419822 1 0.391847 0.419992 2 0.394428 0.419814 2 0.391589 0.425597 2 0.395912 0.425356 2 0.390759 0.433327 2 0.397547 0.433447 2 0.390880 0.439689 2 0.397305 0.439394 2 0.392657 0.440347 2 0.395947 0.440166 2 0.391367 0.451803 2 0.396694 0.451543 2 0.390333 0.463182 2 0.397858 0.462593 2
0 0.825149 0.970238 0.053571 0.056878 0.820537 0.969548 2 0.824486 0.965723 2 0.819821 0.963618 2 0.832313 0.971101 2 0.820301 0.965643 1 0.837228 1.000000 2 0.822318 0.994828 2 0.836698 1.000000 1 0.820793 1.000000 1 0.823410 0.996957 1 0.816308 0.998873 1 0.834983 1.000000 1 0.825094 1.000000 1 0.827306 1.000000 1 0.821237 0.993392 1 0.828037 0.993949 1 0.824018 1.000000 1
