0 0.470238 0.533730 0.022321 0.112434 0.470939 0.530393 1 0.469855 0.528278 1 0.470407 0.528252 1 0.463982 0.530522 2 0.469127 0.531000 2 0.459818 0.545068 2 0.470974 0.545593 2 0.457234 0.561469 2 0.473202 0.563936 2 0.460300 0.570065 2 0.475222 0.578300 2 0.461382 0.577958 2 0.469322 0.578433 2 0.461707 0.601937 2 0.471232 0.600865 2 0.460767 0.612145 1 0.470545 0.612145 1
0 0.466518 0.580026 0.028274 0.125661 0.470477 0.530919 1 0.469371 0.528691 1 0.470118 0.528786 1 0.463513 0.530468 2 0.469501 0.531255 2 0.459302 0.545417 2 0.471003 0.545952 2 0.457760 0.562230 2 0.472917 0.564656 2 0.459492 0.574431 2 0.474941 0.578815 2 0.461312 0.579613 2 0.469531 0.579918 2 0.462391 0.604082 2 0.470929 0.602148 2 0.462552 0.629552 2 0.469318 0.626039 2
0 0.490327 0.531085 0.025298 0.109788 0.486721 0.490991 2 0.487254 0.488780 2 0.487584 0.488673 1 0.489912 0.489324 2 0.493775 0.488504 1 0.488449 0.501133 2 0.498199 0.500254 2 0.486887 0.515082 2 0.501394 0.514347 2 0.484138 0.515568 2 0.502151 0.528635 2 0.489424 0.531772 2 0.496428 0.531603 2 0.485830 0.551210 2 0.495492 0.555386 2 0.485473 0.573645 2 0.495099 0.577358 2
0 0.545759 0.541005 0.018601 0.089947 0.541418 0.511800 1 0.541436 0.510329 1 0.541938 0.509978 1 0.541312 0.511657 2 0.545852 0.510378 2 0.541483 0.521019 2 0.549066 0.519277 2 0.539109 0.530951 2 0.551784 0.528947 2 0.538804 0.539940 2 0.553355 0.539085 1 0.545121 0.542131 2 0.550125 0.541293 2 0.544941 0.557799 2 0.549829 0.556582 2 0.545111 0.572890 2 0.550733 0.573898 2
0 0.510789 0.537698 0.021577 0.099206 0.496480 0.492091 1 0.496459 0.490194 1 0.496280 0.490322 1 0.496367 0.490855 1 0.496650 0.491116 1 0.497847 0.500876 2 0.498139 0.501086 2 0.501521 0.513651 2 0.501353 0.514089 2 0.502665 0.528431 2 0.502432 0.527144 2 0.496823 0.530800 2 0.497061 0.530429 2 0.496530 0.553089 2 0.496668 0.552521 2 0.496501 0.573157 1 0.496852 0.573391 1
0 0.587426 0.491402 0.018601 0.085979 0.588495 0.459997 1 0.588674 0.458457 1 0.589117 0.458641 1 0.588120 0.459613 2 0.592560 0.459859 2 0.586142 0.468775 2 0.594103 0.469330 2 0.584414 0.481844 2 0.594494 0.480975 2 0.584417 0.491192 2 0.592125 0.488034 2 0.586573 0.491551 2 0.592196 0.491753 2 0.585009 0.507626 2 0.591109 0.510245 2 0.584760 0.525690 2 0.590330 0.528067 2
0 0.571429 0.486772 0.020833 0.092593 0.576239 0.454482 1 0.575733 0.452719 1 0.576365 0.452640 1 0.572899 0.453310 2 0.577067 0.453410 2 0.570628 0.462969 2 0.578381 0.463205 2 0.568604 0.475529 2 0.579830 0.475845 2 0.566438 0.485986 2 0.580266 0.485573 2 0.571807 0.485246 2 0.576984 0.485258 2 0.572149 0.505443 2 0.576286 0.506049 2 0.572572 0.524902 2 0.575135 0.526206 2
0 0.685640 0.452381 0.018601 0.068783 0.690685 0.432314 1 0.691304 0.431047 1 0.690101 0.431037 1 0.691920 0.429194 1 0.688807 0.429197 1 0.692016 0.432328 2 0.686773 0.432729 2 0.693251 0.440794 2 0.684994 0.442173 2 0.691382 0.442975 2 0.688273 0.444773 2 0.690107 0.450384 2 0.686849 0.450608 2 0.689379 0.463335 2 0.687408 0.463919 2 0.688760 0.477783 2 0.687043 0.477809 2
0 0.837054 0.474206 0.013393 0.059524 0.841339 0.457205 2 0.841314 0.455963 1 0.841229 0.455788 2 0.840052 0.455453 1 0.839929 0.455179 2 0.839775 0.460580 2 0.836895 0.461201 2 0.842757 0.465789 2 0.836121 0.469466 2 0.841811 0.463827 2 0.837457 0.476485 2 0.837918 0.476803 2 0.836158 0.477136 2 0.836231 0.487130 2 0.835220 0.487915 2 0.836389 0.498915 2 0.835643 0.498788 2
0 0.145089 0.577381 0.037202 0.099206 0.147931 0.547731 1 0.146717 0.545332 1 0.147515 0.545455 1 0.142039 0.546264 1 0.144960 0.546907 2 0.140394 0.557531 2 0.143791 0.558908 2 0.148754 0.566055 2 0.151804 0.569755 2 0.154450 0.566393 2 0.159889 0.570469 2 0.138806 0.589661 2 0.141011 0.591389 2 0.151320 0.594693 2 0.156568 0.595823 2 0.144682 0.617716 2 0.150818 0.618214 2
0 0.132068 0.597222 0.026042 0.115079 0.147248 0.546713 1 0.146135 0.544311 1 0.146441 0.544556 2 0.141463 0.545574 1 0.143332 0.546464 2 0.140962 0.558521 2 0.143548 0.559488 2 0.147610 0.568096 1 0.149728 0.569335 2 0.148393 0.565984 1 0.149728 0.563473 2 0.138811 0.587608 2 0.140556 0.588279 2 0.147292 0.599355 1 0.149728 0.597883 2 0.142894 0.617316 1 0.145554 0.616141 1
0 0.085938 0.740741 0.061756 0.185185 0.080453 0.680129 1 0.078587 0.676282 1 0.080328 0.676641 1 0.069446 0.677097 1 0.078439 0.678720 2 0.065271 0.692820 2 0.079459 0.699420 2 0.076768 0.717231 2 0.091868 0.720085 2 0.089626 0.728586 2 0.106361 0.726763 2 0.065195 0.749824 2 0.075468 0.756077 2 0.082139 0.754674 2 0.100413 0.772224 2 0.076894 0.793846 2 0.096613 0.824180 2
0 0.719494 0.430556 0.014881 0.051587 0.721918 0.412279 1 0.721990 0.411267 1 0.722007 0.411617 1 0.720385 0.411751 2 0.723430 0.412395 2 0.718043 0.417183 2 0.724775 0.418267 2 0.716260 0.423024 2 0.725105 0.426066 2 0.716290 0.424854 1 0.724023 0.427830 1 0.717871 0.431541 2 0.723311 0.431873 2 0.715335 0.437302 2 0.726189 0.436677 2 0.714017 0.449145 2 0.727077 0.447512 2
0 0.883185 0.446429 0.011905 0.054233 0.886026 0.430760 2 0.886340 0.429583 1 0.885940 0.429097 2 0.885609 0.429008 1 0.884950 0.427829 2 0.884093 0.434878 2 0.882237 0.434228 2 0.884199 0.442829 1 0.882649 0.442984 2 0.885735 0.441323 1 0.886086 0.440387 2 0.883986 0.452196 2 0.882739 0.452359 2 0.883502 0.463047 2 0.882663 0.463525 2 0.882782 0.475125 2 0.882066 0.474835 2
