0 0.975818 0.274471 0.030506 0.093915 0.988179 0.245378 2 0.987739 0.242590 1 0.986892 0.243409 2 0.984598 0.240904 1 0.983206 0.243810 2 0.977053 0.249094 2 0.982726 0.255053 2 0.969329 0.256981 2 0.981091 0.271344 2 0.967138 0.265488 2 0.985582 0.278000 2 0.972410 0.275562 2 0.975042 0.278340 2 0.975088 0.294658 2 0.969920 0.300197 2 0.973968 0.313554 2 0.960661 0.316267 2
0 0.553943 0.459656 0.030506 0.160053 0.561442 0.389290 1 0.560079 0.386242 1 0.560988 0.386339 1 0.552633 0.386445 1 0.558917 0.387716 2 0.545641 0.401118 2 0.559486 0.404298 2 0.539559 0.421718 2 0.560831 0.428021 2 0.541183 0.438233 2 0.560551 0.444085 2 0.545396 0.444037 2 0.554829 0.445502 2 0.544768 0.476478 2 0.553444 0.479911 2 0.542940 0.507551 2 0.551138 0.512339 2
0 0.806920 0.429894 0.043899 0.150794 0.817414 0.372320 2 0.819361 0.369940 2 0.816249 0.368942 2 0.821759 0.372047 2 0.814145 0.369351 2 0.822598 0.389592 2 0.807935 0.384076 2 0.823155 0.409609 2 0.800930 0.401437 2 0.822693 0.428181 2 0.794889 0.421339 2 0.815560 0.428998 2 0.805946 0.425697 2 0.813601 0.461274 2 0.802028 0.454514 2 0.807784 0.489460 2 0.799310 0.478826 2
0 0.669643 0.177249 0.016369 0.068783 0.668540 0.156154 1 0.668706 0.154799 1 0.668875 0.154899 1 0.668909 0.155278 2 0.672002 0.155370 2 0.667457 0.162536 2 0.673715 0.162920 2 0.665859 0.171278 2 0.674604 0.173399 2 0.668567 0.177116 2 0.673721 0.181644 2 0.667850 0.182538 2 0.672451 0.182536 2 0.666316 0.197682 2 0.672021 0.198495 2 0.665066 0.213284 2 0.672021 0.212747 2
0 0.617932 0.445767 0.034970 0.164021 0.613008 0.384013 1 0.613717 0.380993 2 0.614575 0.381272 1 0.614962 0.383143 2 0.620761 0.382658 1 0.615215 0.402026 2 0.624527 0.399981 2 0.611238 0.425720 2 0.627319 0.422415 2 0.602692 0.436562 2 0.620423 0.432431 2 0.617924 0.443131 2 0.622309 0.441255 2 0.618245 0.473778 2 0.612056 0.468950 2 0.625802 0.507404 2 0.610860 0.501700 2
0 0.334077 0.492725 0.031250 0.157407 0.333867 0.434408 1 0.332695 0.431536 1 0.333940 0.431426 1 0.326385 0.433171 2 0.334705 0.433234 2 0.322473 0.451664 2 0.337277 0.450363 2 0.322484 0.473672 2 0.342365 0.473373 2 0.323225 0.491903 2 0.347230 0.491572 2 0.326980 0.494831 2 0.337041 0.494304 2 0.331989 0.527219 2 0.341454 0.521519 2 0.333971 0.557111 2 0.340654 0.549240 2
0 0.408854 0.409392 0.029018 0.144180 0.415912 0.351983 1 0.414740 0.348918 1 0.415506 0.348982 1 0.407155 0.350216 2 0.414283 0.350640 2 0.401992 0.366733 2 0.416549 0.366384 2 0.399285 0.386469 2 0.425135 0.374987 2 0.404350 0.391504 2 0.422441 0.363835 2 0.404750 0.406059 2 0.414297 0.407159 2 0.405447 0.432425 2 0.413078 0.435907 2 0.404313 0.459729 2 0.413268 0.464548 2
0 0.238839 0.443783 0.026786 0.141534 0.241904 0.387674 2 0.240892 0.384997 1 0.240728 0.385321 2 0.237521 0.387803 1 0.236916 0.388714 2 0.239377 0.403945 2 0.233510 0.406181 2 0.241643 0.422543 2 0.232018 0.429955 2 0.246329 0.435767 2 0.235116 0.449653 2 0.241624 0.444078 2 0.237530 0.445971 2 0.245875 0.473263 2 0.242425 0.475358 2 0.238899 0.498032 2 0.238001 0.501857 2
0 0.319568 0.392196 0.021577 0.125661 0.317854 0.348929 1 0.316512 0.346524 1 0.317461 0.346454 1 0.310696 0.348175 1 0.316004 0.348712 2 0.307594 0.363304 2 0.317208 0.363468 2 0.306781 0.383293 2 0.320663 0.383047 2 0.307115 0.398769 2 0.324769 0.397352 2 0.310168 0.395632 2 0.316800 0.395932 2 0.313079 0.424656 2 0.319266 0.424178 2 0.313968 0.451616 2 0.319243 0.451620 2
0 0.547247 0.384921 0.039435 0.126984 0.561048 0.389991 1 0.559720 0.387131 1 0.560784 0.387486 1 0.552390 0.387015 2 0.558997 0.388818 2 0.546029 0.401644 2 0.559449 0.405754 2 0.539656 0.419881 2 0.560768 0.429611 2 0.541128 0.437688 2 0.560979 0.444480 2 0.545131 0.445571 2 0.553928 0.447151 2 0.543136 0.472795 2 0.551427 0.473545 2 0.543471 0.473545 1 0.549267 0.473545 1
0 0.367560 0.422619 0.031250 0.138889 0.379264 0.378753 2 0.379301 0.375918 1 0.378552 0.375974 2 0.375141 0.376310 1 0.374788 0.376150 2 0.371945 0.385654 2 0.370931 0.389966 2 0.375610 0.399886 2 0.370339 0.409673 2 0.381640 0.397066 2 0.375920 0.397140 2 0.368834 0.420442 2 0.370004 0.422932 2 0.365121 0.450819 2 0.376259 0.454316 2 0.354828 0.475741 2 0.375380 0.484752 2
0 0.434524 0.352513 0.028274 0.123016 0.437633 0.307482 2 0.438257 0.304930 2 0.436536 0.305031 2 0.437404 0.304050 1 0.433054 0.303985 2 0.434302 0.315573 2 0.429018 0.315651 2 0.433979 0.329928 1 0.426614 0.331831 2 0.437514 0.327911 2 0.434395 0.331474 2 0.432767 0.347986 2 0.429175 0.348949 2 0.434719 0.373333 2 0.431580 0.374513 2 0.431611 0.395651 2 0.425863 0.394815 2
0 0.348958 0.406746 0.026786 0.146825 0.345889 0.346117 1 0.344893 0.343718 1 0.345414 0.343432 1 0.337965 0.346934 2 0.345178 0.345753 2 0.335412 0.366035 2 0.350268 0.361245 2 0.335279 0.388348 2 0.355142 0.378151 2 0.338319 0.402260 2 0.350769 0.388520 2 0.341151 0.403335 2 0.352541 0.401238 2 0.339080 0.428454 2 0.357551 0.422544 2 0.337000 0.450751 2 0.359567 0.447458 2
0 0.134301 0.368386 0.034970 0.125661 0.127711 0.322812 2 0.128585 0.320526 2 0.126064 0.321042 2 0.130206 0.321985 2 0.123548 0.323380 2 0.134908 0.334412 2 0.121741 0.337134 2 0.141144 0.347414 2 0.120260 0.353836 2 0.136220 0.355028 2 0.123577 0.369454 2 0.138572 0.368321 2 0.129382 0.369986 2 0.143406 0.392772 2 0.131909 0.395435 2 0.148326 0.418928 2 0.133935 0.421136 2
0 0.065104 0.392196 0.034970 0.133598 0.050523 0.345680 2 0.052167 0.343269 2 0.050123 0.342916 2 0.056715 0.344202 2 0.050458 0.343952 1 0.063525 0.358539 2 0.051410 0.361392 2 0.067666 0.375223 2 0.047339 0.377874 2 0.069003 0.395472 2 0.043785 0.393207 2 0.064536 0.396170 2 0.056143 0.397615 2 0.068232 0.420967 2 0.058493 0.424790 2 0.079094 0.433853 2 0.063468 0.449126 2
0 0.548363 0.205026 0.019345 0.082011 0.549974 0.173309 1 0.549917 0.171591 1 0.550092 0.171745 1 0.548236 0.172645 2 0.552167 0.172816 2 0.546398 0.182718 2 0.554097 0.183190 2 0.544410 0.194742 2 0.555354 0.196168 2 0.543009 0.205126 2 0.555229 0.206000 2 0.546669 0.204707 2 0.552386 0.204762 2 0.544897 0.222005 2 0.552928 0.222545 2 0.542776 0.239569 2 0.552228 0.240489 2
0 0.949405 0.283069 0.028274 0.111111 0.956303 0.245213 2 0.957233 0.242971 2 0.955229 0.242482 2 0.957393 0.242962 1 0.952311 0.241515 2 0.955947 0.253986 2 0.947903 0.252821 2 0.955621 0.268230 2 0.944356 0.270603 2 0.957800 0.276898 2 0.945442 0.286160 2 0.951261 0.286207 2 0.945697 0.285675 2 0.952150 0.306888 2 0.943551 0.306890 2 0.945548 0.327274 2 0.938258 0.328270 2
0 0.787946 0.274471 0.020833 0.085979 0.792274 0.244192 2 0.792457 0.242054 2 0.791502 0.241832 2 0.791440 0.241944 1 0.788571 0.241206 2 0.790074 0.252138 2 0.784457 0.250825 2 0.789733 0.267454 2 0.781628 0.265080 2 0.792626 0.275695 2 0.788287 0.273287 2 0.788587 0.273437 2 0.784659 0.274449 2 0.798681 0.280959 2 0.794189 0.283361 2 0.793224 0.300158 2 0.790548 0.303538 2
0 0.811384 0.270503 0.024554 0.080688 0.810508 0.243323 2 0.810874 0.241192 2 0.809508 0.241040 2 0.810215 0.241336 1 0.806508 0.241202 2 0.809442 0.247111 2 0.802873 0.251307 2 0.812560 0.261415 2 0.808098 0.264415 2 0.815745 0.268272 2 0.813816 0.273082 2 0.810769 0.268710 2 0.806031 0.273677 2 0.820880 0.267255 2 0.813052 0.284011 2 0.815491 0.281074 2 0.815855 0.302833 2
0 0.585193 0.199074 0.015625 0.038360 0.582929 0.188627 2 0.583233 0.187516 2 0.582672 0.187726 1 0.584350 0.186739 2 0.583045 0.187294 1 0.586709 0.191665 2 0.582890 0.191773 2 0.587970 0.201202 2 0.580826 0.199234 2 0.586193 0.207589 2 0.578281 0.202976 2 0.585387 0.208104 2 0.582888 0.207595 2 0.583996 0.212441 1 0.580871 0.212300 1 0.585020 0.213307 1 0.581740 0.213553 1
0 0.969122 0.937169 0.057292 0.123016 0.982120 0.922260 2 0.987132 0.918025 2 0.980126 0.913705 2 0.992478 0.919018 2 0.974860 0.908423 2 0.990313 0.946593 2 0.965000 0.927631 2 0.977266 0.989028 2 0.955624 0.961635 2 0.960171 0.987512 2 0.950631 0.982955 2 0.974927 0.993174 2 0.957600 0.982447 2 0.968397 0.994344 1 0.945879 0.981174 1 0.960056 0.998629 1 0.950908 0.992386 1
0 0.539062 0.324074 0.026042 0.068783 0.542049 0.310325 2 0.543205 0.308815 1 0.541187 0.308252 2 0.544210 0.306020 1 0.539412 0.304857 2 0.545084 0.304055 2 0.535227 0.303913 2 0.549135 0.315112 2 0.531242 0.317104 2 0.545816 0.319002 2 0.537435 0.320733 2 0.542200 0.320246 2 0.535889 0.320605 2 0.546240 0.328080 2 0.532532 0.328753 2 0.543878 0.347005 2 0.538116 0.347092 2
0 0.486235 0.158069 0.017113 0.064815 0.484528 0.139486 2 0.484992 0.138174 2 0.484053 0.138303 2 0.486056 0.137723 2 0.484039 0.138045 1 0.487562 0.143154 2 0.485143 0.143418 2 0.484665 0.149773 2 0.484490 0.150181 2 0.480932 0.148577 2 0.480755 0.150645 2 0.489542 0.159497 2 0.487499 0.159381 2 0.488430 0.172894 2 0.485784 0.172248 2 0.490683 0.185291 2 0.487013 0.185373 2
0 0.121280 0.326720 0.017857 0.050265 0.127999 0.323314 2 0.129126 0.320806 2 0.126260 0.321262 2 0.130724 0.322034 1 0.123686 0.323260 2 0.133092 0.335454 2 0.121815 0.337096 2 0.133185 0.350213 1 0.120114 0.350514 2 0.132656 0.360087 1 0.121164 0.358951 2 0.132942 0.359550 1 0.125594 0.360575 1 0.131741 0.351676 1 0.124825 0.354816 1 0.130737 0.357012 1 0.126175 0.360497 1
0 0.093006 0.311508 0.032738 0.059524 0.098614 0.311057 2 0.099893 0.308806 2 0.097451 0.309008 2 0.102232 0.305018 2 0.095520 0.306002 2 0.103459 0.308075 2 0.093120 0.312769 2 0.109263 0.315004 2 0.089145 0.326612 2 0.106792 0.316533 2 0.088463 0.338289 2 0.102570 0.323782 2 0.095515 0.326409 2 0.106737 0.321643 2 0.091351 0.326920 2 0.110141 0.334680 2 0.091422 0.337782 2
0 0.201637 0.212963 0.011905 0.031746 0.204527 0.204045 2 0.204852 0.202898 1 0.203976 0.202979 2 0.205179 0.203197 1 0.203005 0.203506 2 0.206336 0.208694 2 0.201784 0.208914 2 0.206895 0.214636 2 0.200186 0.215315 2 0.205189 0.215579 2 0.202096 0.220905 2 0.205295 0.217593 2 0.202206 0.217626 2 0.205449 0.215511 2 0.200009 0.215644 2 0.205512 0.223977 2 0.201897 0.224047 2
0 0.182292 0.135582 0.016369 0.048942 0.181462 0.120923 1 0.181721 0.119927 1 0.181598 0.120120 1 0.182135 0.120656 1 0.182649 0.120896 2 0.182697 0.125831 2 0.182683 0.125689 2 0.181272 0.128331 2 0.181319 0.128677 2 0.179172 0.126526 2 0.179912 0.126768 1 0.184648 0.139820 2 0.184381 0.139610 2 0.184950 0.149210 2 0.183112 0.147353 2 0.188069 0.158298 2 0.186199 0.155246 2
0 0.782366 0.185185 0.018601 0.052910 0.783409 0.164887 1 0.783480 0.163760 1 0.783698 0.163939 1 0.782785 0.164467 2 0.785632 0.164593 2 0.781271 0.171010 2 0.786994 0.171210 2 0.779863 0.179025 2 0.788182 0.178923 2 0.780090 0.186042 2 0.787167 0.185066 2 0.781431 0.186144 2 0.785470 0.186219 2 0.780251 0.197158 2 0.784970 0.197717 2 0.779725 0.208202 2 0.784853 0.208671 2
0 0.396577 0.095899 0.010417 0.048942 0.398608 0.077533 2 0.399081 0.076675 2 0.398169 0.076662 2 0.399827 0.077132 2 0.397565 0.077106 2 0.400733 0.082559 2 0.396563 0.082367 2 0.401479 0.088995 2 0.395875 0.088643 2 0.400936 0.094856 2 0.396480 0.094826 2 0.400008 0.094640 2 0.397136 0.094582 2 0.400383 0.103182 2 0.397005 0.103186 2 0.400626 0.112237 2 0.396660 0.111823 2
0 0.975446 0.218254 0.017857 0.068783 0.979093 0.193939 2 0.979272 0.192195 2 0.979702 0.192135 1 0.980740 0.192568 2 0.983329 0.192555 1 0.980624 0.201441 2 0.984869 0.201430 2 0.973867 0.207605 2 0.978534 0.208828 2 0.975501 0.206273 2 0.976909 0.207421 2 0.976014 0.226345 2 0.978957 0.225451 2 0.975520 0.244145 2 0.978363 0.242987 2 0.975265 0.255024 1 0.978378 0.258038 1
0 0.560640 0.085317 0.011161 0.033069 0.561359 0.073760 2 0.561722 0.072997 2 0.560925 0.073050 2 0.562279 0.073550 1 0.560276 0.073658 2 0.562688 0.078345 2 0.559723 0.078651 2 0.563058 0.082952 2 0.559260 0.084000 2 0.562897 0.086051 2 0.561535 0.086623 2 0.562422 0.088143 2 0.560326 0.088359 2 0.562682 0.095185 2 0.560377 0.095310 2 0.563226 0.101832 2 0.559843 0.101884 2
