0 0.239211 0.542989 0.004464 0.025132 0.239355 0.535937 2 0.239540 0.535386 2 0.239120 0.535533 1 0.239937 0.535129 2 0.238924 0.535490 1 0.240570 0.537309 2 0.238605 0.537329 2 0.241305 0.540223 2 0.238035 0.539881 2 0.241840 0.543186 2 0.237605 0.542703 2 0.240136 0.543852 2 0.238861 0.543779 2 0.239960 0.548553 2 0.238932 0.548007 2 0.240377 0.552383 2 0.239788 0.550825 2
0 0.252976 0.846230 0.010417 0.025794 0.256261 0.839037 1 0.256069 0.838340 1 0.256281 0.838461 1 0.254511 0.838291 2 0.256480 0.838755 2 0.252900 0.841438 2 0.256931 0.842531 2 0.251710 0.844884 2 0.257758 0.847808 2 0.253343 0.843801 1 0.257369 0.847234 1 0.253339 0.852321 2 0.256148 0.852785 2 0.253290 0.859286 2 0.256443 0.859437 2 0.253107 0.863630 1 0.256171 0.863280 1
0 0.574591 0.916667 0.010789 0.027778 0.573733 0.907918 1 0.573742 0.907317 1 0.573963 0.907355 1 0.573402 0.907836 2 0.575595 0.907704 2 0.572041 0.912021 2 0.577249 0.911711 2 0.570909 0.914396 2 0.578572 0.914964 2 0.571770 0.910715 1 0.577455 0.914760 1 0.572710 0.924335 2 0.576449 0.924073 2 0.571769 0.920607 2 0.577131 0.920029 2 0.571778 0.930785 2 0.576362 0.929490 2
0 0.531994 0.480489 0.005208 0.015212 0.532763 0.479220 1 0.532755 0.478775 1 0.532892 0.478841 1 0.532308 0.478961 2 0.533441 0.479080 2 0.531486 0.481533 2 0.533845 0.481776 2 0.530782 0.484715 2 0.534134 0.485192 2 0.530613 0.487457 2 0.534168 0.488181 2 0.531731 0.487524 2 0.533316 0.487669 2 0.531793 0.490543 1 0.533321 0.490699 1 0.531967 0.490237 1 0.533074 0.490286 1
0 0.517857 0.420635 0.005208 0.014550 0.518897 0.418827 2 0.519009 0.418509 2 0.518733 0.418552 2 0.519179 0.418589 2 0.518518 0.418662 2 0.519624 0.420445 2 0.518250 0.420304 2 0.520331 0.422589 2 0.517588 0.421713 2 0.520356 0.424583 2 0.517805 0.422311 2 0.519379 0.424245 2 0.518500 0.424202 2 0.519543 0.426306 2 0.518431 0.426396 2 0.519642 0.428283 2 0.518335 0.428378 2
0 0.832217 0.551918 0.006696 0.024471 0.832156 0.543568 1 0.832106 0.543102 1 0.832234 0.543149 1 0.831558 0.543281 2 0.832761 0.543429 2 0.830979 0.545830 2 0.833101 0.546138 2 0.830105 0.548715 2 0.833655 0.549162 2 0.829450 0.549344 2 0.833748 0.551578 2 0.831091 0.552305 2 0.832572 0.552477 2 0.830508 0.555932 2 0.832616 0.556659 2 0.830254 0.558303 1 0.832611 0.559099 1
0 0.722284 0.381283 0.004836 0.017857 0.721806 0.375074 1 0.721807 0.374758 1 0.721873 0.374774 1 0.721601 0.374838 2 0.722343 0.374854 2 0.721266 0.376470 2 0.722685 0.376503 2 0.720751 0.378126 2 0.723237 0.378387 2 0.721088 0.378834 2 0.723085 0.379812 2 0.721444 0.380249 2 0.722337 0.380240 2 0.721548 0.383434 2 0.721966 0.383373 2 0.721597 0.386782 2 0.721779 0.386626 2
0 0.976562 0.693452 0.006696 0.031085 0.977062 0.683040 1 0.977132 0.682450 1 0.977387 0.682477 1 0.977363 0.682871 2 0.978876 0.682771 2 0.977237 0.686395 2 0.979190 0.686129 2 0.976245 0.689549 2 0.979053 0.688990 1 0.975434 0.689097 2 0.977653 0.688667 1 0.977189 0.693065 2 0.978497 0.692870 2 0.976708 0.697652 2 0.977719 0.697814 2 0.976511 0.703214 2 0.977583 0.703199 2
0 0.988653 0.692460 0.009301 0.034392 0.987108 0.681259 2 0.987351 0.680606 2 0.987254 0.680634 1 0.988280 0.681068 2 0.988540 0.681045 1 0.988541 0.684796 2 0.989069 0.684766 2 0.987836 0.689941 2 0.988282 0.689577 2 0.987217 0.693983 2 0.987439 0.693703 2 0.987640 0.693758 2 0.988242 0.693575 2 0.986199 0.699408 2 0.988044 0.699800 2 0.985802 0.705372 2 0.988973 0.706130 2
0 0.767857 0.410384 0.006696 0.019180 0.766551 0.416741 1 0.766424 0.416377 1 0.766577 0.416417 1 0.765687 0.416425 2 0.766647 0.416635 2 0.765039 0.418408 2 0.766673 0.418809 2 0.764634 0.421147 2 0.766872 0.421744 2 0.764768 0.422549 1 0.766882 0.423039 1 0.765031 0.422269 2 0.766166 0.422485 2 0.765011 0.422652 1 0.766275 0.423035 1 0.764996 0.422700 1 0.766089 0.422874 1
0 0.748698 0.417989 0.005580 0.021164 0.749629 0.411500 1 0.749528 0.411147 1 0.749580 0.411142 1 0.748987 0.411253 1 0.749395 0.411312 2 0.748836 0.413146 2 0.749182 0.413236 2 0.748848 0.415639 1 0.749144 0.415824 2 0.748974 0.417350 1 0.749152 0.417857 2 0.748794 0.417773 2 0.749054 0.417821 2 0.748761 0.420882 2 0.748862 0.420908 2 0.748362 0.423873 2 0.748472 0.423899 2
0 0.515067 0.327712 0.004092 0.012566 0.515471 0.325492 1 0.515448 0.325278 1 0.515507 0.325282 1 0.515260 0.325323 1 0.515737 0.325319 1 0.515191 0.326375 2 0.515864 0.326264 2 0.515094 0.327438 2 0.516318 0.327035 2 0.515155 0.328165 1 0.516043 0.327471 2 0.515316 0.329022 2 0.515753 0.328980 2 0.515466 0.331139 2 0.515783 0.331089 2 0.515503 0.333332 2 0.515962 0.333203 2
0 0.606213 0.764220 0.010789 0.031085 0.606838 0.753403 2 0.607077 0.752902 1 0.606558 0.752985 1 0.607499 0.752090 1 0.606186 0.752232 1 0.608537 0.752955 2 0.605321 0.752547 2 0.609451 0.757058 2 0.604925 0.757114 2 0.608328 0.760406 2 0.605730 0.760128 2 0.608330 0.760941 2 0.605927 0.760496 2 0.609022 0.767567 2 0.604365 0.765415 2 0.609355 0.775823 2 0.604370 0.771977 2
0 0.617001 0.721892 0.008557 0.029762 0.617418 0.710570 1 0.617403 0.709959 1 0.617620 0.709966 1 0.617012 0.709941 2 0.618653 0.709836 2 0.616337 0.713016 2 0.619351 0.712981 2 0.615157 0.717398 2 0.620308 0.717459 2 0.614999 0.721216 2 0.619962 0.722243 2 0.616925 0.721806 2 0.618803 0.721853 2 0.617353 0.727320 2 0.618286 0.727684 2 0.617712 0.732552 2 0.618168 0.733202 2
