0 0.460193 0.961640 0.081101 0.071429 0.432229 0.957072 2 0.433999 0.949705 2 0.428675 0.953566 2 0.438666 0.947367 2 0.426484 0.956858 2 0.451234 0.962550 2 0.427793 0.976528 2 0.462708 0.992700 2 0.428852 1.000000 1 0.468167 1.000000 2 0.432879 1.000000 1 0.456795 1.000000 1 0.440994 1.000000 1 0.462359 0.984622 1 0.433467 1.000000 1 0.458115 0.997348 1 0.446423 1.000000 1
0 0.081473 0.795635 0.060268 0.175926 0.084923 0.727911 2 0.087441 0.724573 2 0.083826 0.724585 2 0.092565 0.726731 2 0.082344 0.727126 1 0.096688 0.745444 2 0.079519 0.744758 2 0.100549 0.760478 2 0.070273 0.758419 2 0.093951 0.770887 2 0.061951 0.775270 2 0.095840 0.792274 2 0.083705 0.791078 2 0.100020 0.825721 2 0.078681 0.821518 2 0.107260 0.862536 2 0.081525 0.855840 2
0 0.493676 0.691138 0.039435 0.146825 0.483924 0.639152 2 0.484546 0.635656 2 0.483269 0.637082 2 0.488547 0.632101 2 0.484702 0.635728 1 0.498082 0.642715 2 0.485356 0.647334 2 0.506193 0.654900 2 0.485694 0.666795 2 0.508120 0.669337 2 0.485706 0.677943 2 0.497706 0.688132 2 0.487542 0.688477 2 0.502152 0.721948 2 0.480993 0.717226 2 0.506342 0.757062 2 0.477631 0.749999 2
0 0.482887 0.695106 0.032738 0.128307 0.484285 0.638017 2 0.485412 0.634475 2 0.483483 0.635448 2 0.489518 0.631996 2 0.484582 0.634205 1 0.497779 0.643593 2 0.484534 0.646814 2 0.505208 0.661018 2 0.486064 0.666469 2 0.501419 0.678523 2 0.487243 0.676250 2 0.497513 0.686757 2 0.487376 0.687102 2 0.502093 0.718673 2 0.482028 0.717123 2 0.503283 0.750438 2 0.478858 0.748575 2
0 0.428943 0.537698 0.021577 0.099206 0.430137 0.501444 1 0.429728 0.499474 1 0.430330 0.499563 1 0.426804 0.500426 2 0.431819 0.500773 2 0.424633 0.511782 2 0.433366 0.511980 2 0.422943 0.524749 2 0.435468 0.523303 2 0.422538 0.535838 2 0.433826 0.529359 2 0.426512 0.533391 2 0.432787 0.533581 2 0.426127 0.552556 2 0.433707 0.553311 2 0.426270 0.572259 2 0.434843 0.572452 2
0 0.476190 0.571429 0.020833 0.105820 0.476855 0.534202 1 0.476606 0.532127 1 0.477096 0.532218 1 0.473675 0.533766 2 0.478495 0.533964 2 0.471155 0.546667 2 0.480176 0.546531 2 0.468802 0.561864 2 0.483251 0.558268 2 0.469441 0.570031 2 0.480811 0.556407 2 0.473079 0.574970 2 0.478795 0.575152 2 0.474688 0.597332 2 0.477753 0.597827 2 0.475674 0.617034 2 0.476561 0.617563 2
0 0.452753 0.537698 0.026042 0.099206 0.448736 0.502058 1 0.448824 0.500212 1 0.449325 0.500118 1 0.448805 0.500924 2 0.453745 0.500142 2 0.447626 0.511051 2 0.457815 0.509811 2 0.446162 0.523827 2 0.461305 0.523793 2 0.448707 0.525220 2 0.461177 0.534021 2 0.451396 0.537802 2 0.457887 0.537262 2 0.452488 0.559730 2 0.456478 0.559151 2 0.453953 0.578867 2 0.455167 0.578860 2
0 0.492188 0.546296 0.015625 0.076720 0.492576 0.516776 1 0.492334 0.515482 1 0.492815 0.515488 1 0.490709 0.516520 2 0.494573 0.516397 2 0.489748 0.524945 2 0.496432 0.524377 2 0.488310 0.534709 2 0.498079 0.533672 2 0.487908 0.542889 2 0.498122 0.541850 2 0.491168 0.544479 2 0.495784 0.544137 2 0.491259 0.558607 2 0.496238 0.557786 2 0.491035 0.572086 2 0.496140 0.572068 2
0 0.501860 0.525794 0.017113 0.088624 0.491845 0.516799 1 0.491822 0.515298 1 0.492213 0.515352 1 0.491123 0.516106 2 0.494867 0.516057 2 0.490327 0.524823 2 0.496699 0.524500 2 0.490327 0.534967 1 0.498110 0.534115 2 0.490565 0.542741 1 0.497531 0.541939 2 0.491229 0.544275 2 0.495792 0.543947 2 0.490900 0.558448 2 0.495836 0.557940 2 0.490874 0.572778 2 0.495929 0.572458 2
0 0.463914 0.498677 0.015625 0.082011 0.453535 0.500628 1 0.453369 0.498920 1 0.453431 0.499105 1 0.453125 0.499302 1 0.454745 0.499593 1 0.453526 0.508898 1 0.458222 0.509012 2 0.457281 0.523046 1 0.461704 0.523365 2 0.460212 0.533773 1 0.462168 0.535378 2 0.454024 0.537849 1 0.457324 0.537286 2 0.453637 0.555080 1 0.457114 0.554132 2 0.454470 0.555080 1 0.457173 0.555080 1
0 0.451265 0.492725 0.015625 0.083333 0.449544 0.500815 1 0.449453 0.499342 1 0.450172 0.499158 1 0.448633 0.500319 2 0.453950 0.499482 2 0.447822 0.510785 2 0.457955 0.508985 2 0.446425 0.524147 2 0.461013 0.522798 2 0.448119 0.524514 2 0.461023 0.533254 2 0.451307 0.538741 2 0.457878 0.537555 2 0.451045 0.550265 1 0.457063 0.550265 1 0.452713 0.548884 1 0.455479 0.548835 1
0 0.396949 0.440476 0.017113 0.063492 0.399889 0.418469 1 0.399638 0.417272 1 0.399942 0.417386 1 0.397693 0.417435 2 0.400733 0.417540 2 0.396130 0.424071 2 0.401768 0.422180 2 0.395027 0.432193 2 0.404444 0.421939 2 0.395255 0.438972 2 0.402016 0.420019 2 0.396668 0.439390 2 0.400373 0.438958 2 0.397065 0.451232 2 0.399974 0.452511 2 0.396658 0.463950 2 0.399456 0.464423 2
0 0.577753 0.438492 0.012649 0.046296 0.580266 0.424952 1 0.579811 0.423946 1 0.580268 0.424027 1 0.577768 0.424003 1 0.579991 0.424329 2 0.577238 0.428750 2 0.579670 0.429038 2 0.579679 0.433340 2 0.581508 0.433510 2 0.581570 0.436634 1 0.582150 0.434507 2 0.576612 0.440080 2 0.578363 0.440232 2 0.577752 0.447590 2 0.579062 0.447541 2 0.576451 0.455115 2 0.577466 0.454756 2
0 0.537202 0.456349 0.010417 0.039683 0.533839 0.447597 2 0.533987 0.446703 2 0.533625 0.446622 1 0.534607 0.446183 2 0.534220 0.445803 1 0.535822 0.449338 2 0.536370 0.448587 2 0.537640 0.455181 2 0.537671 0.453755 1 0.535667 0.455789 2 0.535743 0.454914 1 0.539319 0.458029 2 0.539789 0.457577 2 0.537987 0.466433 2 0.539133 0.465516 2 0.537991 0.474164 2 0.538870 0.473284 2
