0 0.249070 0.496362 0.004836 0.020503 0.248779 0.489497 1 0.248877 0.489118 1 0.248750 0.489129 1 0.249132 0.489139 2 0.248934 0.489183 1 0.250200 0.491078 2 0.248533 0.491201 2 0.251185 0.493795 2 0.247944 0.493561 2 0.251171 0.497136 2 0.247358 0.495762 2 0.250038 0.497526 2 0.248881 0.497550 2 0.250445 0.501942 2 0.248886 0.501951 2 0.250971 0.505468 2 0.249587 0.505782 2
0 0.222656 0.903108 0.010789 0.025794 0.223590 0.894560 1 0.223523 0.893852 1 0.223851 0.893932 1 0.222650 0.894240 2 0.224983 0.894331 2 0.221290 0.898265 2 0.225916 0.898271 2 0.220259 0.902053 2 0.227247 0.902712 2 0.221059 0.897595 1 0.227293 0.901630 1 0.221975 0.911058 2 0.225116 0.911049 2 0.221848 0.914540 2 0.225540 0.914346 2 0.222106 0.919249 1 0.224887 0.918559 1
0 0.579055 0.964286 0.010789 0.027778 0.578567 0.956483 1 0.578521 0.955743 1 0.578845 0.955809 1 0.577970 0.956119 2 0.580264 0.956221 2 0.577168 0.960006 2 0.581588 0.960545 2 0.575356 0.962150 2 0.583660 0.963893 2 0.575600 0.962552 2 0.582834 0.964913 2 0.578165 0.973051 2 0.580781 0.973198 2 0.578880 0.981594 2 0.580138 0.981657 2 0.579638 0.983110 1 0.579856 0.983393 1
0 0.526972 0.492394 0.004836 0.017857 0.526631 0.493861 1 0.526624 0.493406 1 0.526772 0.493483 1 0.526217 0.493651 2 0.527374 0.493798 2 0.525447 0.496158 2 0.527732 0.496520 2 0.524710 0.499023 2 0.528244 0.499632 2 0.524871 0.501322 1 0.528256 0.502172 1 0.525733 0.499843 2 0.527322 0.500055 2 0.525557 0.503000 1 0.527411 0.503291 1 0.525518 0.503689 1 0.527383 0.503674 1
0 0.516369 0.441799 0.005208 0.014550 0.517441 0.442313 2 0.517603 0.441900 2 0.517226 0.441926 2 0.517848 0.442009 2 0.516905 0.442073 2 0.518387 0.444311 2 0.516354 0.444324 2 0.518895 0.447120 2 0.515676 0.446990 2 0.518673 0.449680 2 0.515836 0.449020 2 0.518048 0.449325 2 0.516673 0.449349 2 0.518350 0.448269 1 0.516221 0.448348 1 0.518374 0.450390 1 0.516258 0.450251 1
0 0.835938 0.530093 0.006696 0.024471 0.835964 0.524988 1 0.835951 0.524465 1 0.836184 0.524662 1 0.835510 0.524639 2 0.836900 0.525100 2 0.834916 0.527195 2 0.837083 0.528330 2 0.833513 0.530131 2 0.837250 0.532248 2 0.832257 0.531843 2 0.837076 0.534654 2 0.834607 0.534617 2 0.836027 0.535006 2 0.832979 0.536653 2 0.834864 0.537646 2 0.833839 0.540493 2 0.836046 0.541889 2
0 0.718936 0.360450 0.004836 0.018519 0.718753 0.357397 1 0.718886 0.357082 1 0.718639 0.357058 1 0.719038 0.357178 1 0.718558 0.357106 2 0.719323 0.358674 2 0.718347 0.358696 2 0.720231 0.360269 2 0.718003 0.360500 2 0.719836 0.360882 2 0.718143 0.361897 2 0.719145 0.362864 2 0.718587 0.362863 2 0.718832 0.365826 2 0.718376 0.365960 2 0.718598 0.369022 2 0.718436 0.369116 2
0 0.986979 0.678241 0.009673 0.032407 0.988119 0.671137 1 0.988244 0.670505 1 0.988496 0.670584 1 0.988579 0.670967 2 0.990000 0.670939 1 0.988307 0.674687 2 0.990263 0.674560 2 0.986932 0.678702 2 0.990825 0.679651 2 0.985752 0.677725 2 0.990973 0.682048 2 0.988157 0.682764 2 0.989268 0.682445 2 0.986609 0.686930 2 0.987133 0.686199 2 0.987054 0.693890 2 0.987211 0.692357 2
0 0.996094 0.677910 0.005580 0.030423 0.997789 0.669553 1 0.997839 0.668901 1 0.998023 0.668951 1 0.997861 0.669206 2 0.999427 0.669200 1 0.997281 0.672923 2 1.000000 0.673037 2 0.996417 0.677798 2 0.999861 0.678077 1 0.995240 0.681781 2 0.998851 0.681928 1 0.997486 0.682167 2 0.999500 0.682196 2 0.996221 0.687721 2 0.998829 0.688562 2 0.996141 0.694082 2 0.998706 0.694404 2
0 0.748140 0.394511 0.005208 0.019180 0.748783 0.388647 1 0.748620 0.388297 1 0.748755 0.388294 1 0.747795 0.388349 1 0.748481 0.388419 2 0.747307 0.390090 2 0.748342 0.390155 2 0.747649 0.392269 1 0.748632 0.392297 2 0.748800 0.393709 1 0.749300 0.393962 2 0.747344 0.394400 2 0.748134 0.394475 2 0.747362 0.397402 2 0.748399 0.397434 2 0.747076 0.400144 2 0.748353 0.400271 2
0 0.738653 0.389220 0.006324 0.020503 0.739396 0.383873 1 0.739325 0.383535 1 0.739371 0.383552 1 0.738835 0.383637 1 0.739279 0.383710 2 0.738748 0.385492 2 0.738941 0.385584 2 0.738875 0.387968 2 0.738878 0.388063 2 0.739183 0.390096 1 0.738986 0.390227 2 0.738616 0.390027 2 0.738741 0.390091 2 0.738551 0.392919 2 0.738439 0.393054 2 0.738251 0.395916 2 0.738015 0.396007 2
0 0.507812 0.310185 0.005208 0.013228 0.508024 0.309589 1 0.508006 0.309336 1 0.508046 0.309353 1 0.507824 0.309314 1 0.508200 0.309368 2 0.507647 0.310385 2 0.508251 0.310423 2 0.507377 0.311643 2 0.508560 0.311632 2 0.507476 0.311772 2 0.508552 0.311695 2 0.507711 0.312919 2 0.508081 0.312931 2 0.507698 0.315055 2 0.507920 0.315078 2 0.507718 0.317459 2 0.507980 0.317326 2
0 0.513393 0.310847 0.004464 0.011905 0.514111 0.311319 1 0.514073 0.311074 1 0.514153 0.311101 1 0.513721 0.311206 2 0.514346 0.311301 1 0.513320 0.312622 2 0.514512 0.312705 2 0.512936 0.314141 2 0.514733 0.314040 2 0.512892 0.315116 1 0.514598 0.314543 1 0.513438 0.315687 2 0.514263 0.315730 2 0.513375 0.317670 2 0.514346 0.317736 2 0.513341 0.318783 1 0.514316 0.318701 1
0 0.599888 0.726190 0.010045 0.030423 0.598818 0.715824 2 0.599082 0.715278 2 0.598539 0.715313 2 0.599527 0.714359 2 0.598161 0.714395 2 0.600518 0.715537 2 0.597387 0.714973 2 0.601144 0.719570 2 0.596807 0.719484 2 0.600121 0.720280 2 0.597427 0.720734 2 0.600155 0.723482 2 0.597823 0.722967 2 0.601065 0.729599 2 0.596399 0.727409 2 0.601344 0.737468 2 0.596483 0.733950 2
0 0.617001 0.718915 0.008557 0.030423 0.617727 0.711932 1 0.617698 0.711336 1 0.617766 0.711332 1 0.617223 0.710724 2 0.618304 0.710701 2 0.616502 0.712774 2 0.618852 0.712770 2 0.615174 0.716061 2 0.620478 0.715823 2 0.615260 0.718770 2 0.620407 0.718997 2 0.616805 0.720460 2 0.618250 0.720518 2 0.617093 0.725048 2 0.617922 0.725519 2 0.616969 0.729830 2 0.618041 0.730208 2
