0 0.260045 0.468585 0.008929 0.025794 0.258397 0.464512 2 0.258599 0.464068 2 0.258178 0.464122 2 0.258975 0.463979 2 0.257955 0.464121 2 0.259672 0.465989 2 0.257603 0.466040 2 0.260696 0.468450 2 0.257016 0.468210 2 0.260540 0.470789 2 0.256912 0.470240 2 0.259378 0.471799 2 0.258100 0.471807 2 0.259435 0.476051 2 0.258378 0.476088 2 0.259511 0.480249 2 0.258731 0.480110 2
0 0.829427 0.520833 0.008557 0.028439 0.830551 0.510148 1 0.830563 0.509631 1 0.830675 0.509678 1 0.830342 0.509822 2 0.831624 0.509865 2 0.829811 0.512682 2 0.832490 0.512563 2 0.829240 0.516438 2 0.832889 0.516009 2 0.828611 0.519256 2 0.831984 0.517247 1 0.829695 0.520591 2 0.831476 0.520385 2 0.829608 0.525254 2 0.830827 0.524967 2 0.829588 0.530225 2 0.830080 0.529673 2
0 0.844308 0.534722 0.007812 0.024471 0.844452 0.524469 1 0.844528 0.523977 1 0.844650 0.524167 1 0.844399 0.524205 2 0.845719 0.524498 2 0.843333 0.526846 2 0.846735 0.527537 2 0.842345 0.530704 2 0.847245 0.531579 2 0.840884 0.532553 2 0.846584 0.534126 2 0.843043 0.535229 2 0.845405 0.535496 2 0.840641 0.534288 2 0.844242 0.535395 2 0.842069 0.539452 2 0.844733 0.540214 2
0 0.724144 0.360119 0.006324 0.020503 0.724410 0.355634 2 0.724532 0.355325 2 0.724273 0.355376 1 0.724782 0.355386 2 0.724169 0.355508 2 0.725276 0.356911 2 0.724086 0.357178 2 0.726195 0.358201 2 0.724052 0.359013 2 0.725607 0.359531 2 0.724387 0.359553 2 0.725230 0.361015 2 0.724401 0.361019 2 0.725098 0.364340 2 0.724051 0.363988 2 0.725085 0.367587 2 0.723486 0.366837 2
0 0.736421 0.378638 0.006324 0.019180 0.737574 0.374180 1 0.737515 0.373841 1 0.737583 0.373843 1 0.737165 0.373976 1 0.737696 0.373993 2 0.737023 0.375790 2 0.737777 0.375836 2 0.737132 0.377878 1 0.738174 0.377898 2 0.737379 0.379537 1 0.738071 0.379363 2 0.737071 0.379883 2 0.737574 0.379882 2 0.737072 0.382880 2 0.737273 0.382950 2 0.736779 0.385719 2 0.736958 0.385852 2
0 0.743490 0.344577 0.006324 0.017196 0.743907 0.341408 1 0.743821 0.341102 1 0.743924 0.341094 1 0.743343 0.341195 1 0.743971 0.341241 2 0.743076 0.342713 2 0.743985 0.342800 2 0.742500 0.344480 2 0.744355 0.344632 2 0.742682 0.345516 2 0.744550 0.345161 2 0.743313 0.346223 2 0.743872 0.346253 2 0.743463 0.349244 2 0.743733 0.349132 2 0.743354 0.352172 2 0.743740 0.352097 2
0 0.597098 0.713624 0.008185 0.027778 0.598286 0.701379 2 0.598516 0.700859 2 0.598006 0.700888 2 0.598900 0.700790 2 0.597614 0.700775 2 0.599831 0.703140 2 0.596690 0.702267 2 0.600481 0.706552 2 0.595903 0.705889 2 0.599271 0.708929 2 0.596816 0.708466 2 0.599396 0.710570 2 0.597054 0.709933 2 0.600171 0.716995 2 0.595600 0.714397 2 0.600466 0.724719 2 0.595754 0.720281 2
0 0.621838 0.724537 0.007812 0.032407 0.622055 0.714606 1 0.621978 0.714057 1 0.622217 0.714099 1 0.621218 0.714480 2 0.623217 0.714478 2 0.620528 0.717681 2 0.623955 0.717360 2 0.619548 0.719588 2 0.625550 0.718237 2 0.620136 0.718021 1 0.624639 0.715822 2 0.621119 0.725856 2 0.623377 0.725694 2 0.620900 0.730556 2 0.622995 0.730221 2 0.620241 0.735487 2 0.622687 0.734791 2
0 0.533854 0.497685 0.006696 0.023148 0.533771 0.488481 2 0.533981 0.488057 2 0.533569 0.488020 2 0.534272 0.488161 2 0.533228 0.488079 2 0.534782 0.490259 2 0.532637 0.490375 2 0.535839 0.491691 2 0.531746 0.492340 2 0.534940 0.493644 2 0.532381 0.494635 2 0.534443 0.496506 2 0.532972 0.496558 2 0.534852 0.500249 2 0.532420 0.500133 2 0.535052 0.503867 1 0.532161 0.503600 1
0 0.539249 0.510913 0.007068 0.025794 0.540109 0.503007 1 0.540310 0.502639 1 0.539979 0.502587 1 0.540619 0.502888 1 0.539870 0.502687 1 0.541077 0.505102 2 0.539361 0.504243 2 0.541239 0.507282 2 0.538232 0.503650 2 0.541121 0.509311 2 0.538514 0.501537 2 0.540673 0.510288 2 0.539470 0.510000 2 0.540607 0.514528 2 0.539219 0.514341 2 0.540388 0.518250 2 0.538861 0.518236 2
