0 0.399182 0.889550 0.063244 0.210317 0.392494 0.813825 2 0.395272 0.808868 2 0.390077 0.809392 2 0.400836 0.807239 2 0.387026 0.808981 2 0.407137 0.826829 2 0.385109 0.833959 2 0.418046 0.847078 2 0.379051 0.864448 2 0.422849 0.871873 2 0.382013 0.888674 2 0.408328 0.896756 2 0.391550 0.900303 2 0.418113 0.946353 2 0.383071 0.951198 2 0.427597 0.990936 2 0.377570 0.997817 2
0 0.382812 0.879630 0.048363 0.145503 0.392372 0.813372 2 0.395128 0.808295 2 0.389985 0.808901 2 0.400730 0.807607 2 0.387423 0.809579 2 0.407878 0.827223 2 0.383929 0.833976 2 0.416667 0.845694 2 0.378239 0.864170 2 0.415241 0.853794 2 0.381576 0.888897 2 0.407708 0.896513 2 0.390375 0.899460 2 0.414598 0.945427 2 0.381679 0.951135 2 0.413703 0.974917 1 0.376111 0.981481 2
0 0.409598 0.571429 0.023065 0.113757 0.424702 0.525244 1 0.425019 0.523176 1 0.424848 0.523249 1 0.424481 0.524172 1 0.425595 0.524192 1 0.422558 0.536137 2 0.424576 0.535776 1 0.419402 0.553359 2 0.421320 0.552303 1 0.420392 0.568837 2 0.421272 0.568411 1 0.423997 0.568994 2 0.425402 0.569227 1 0.423037 0.589966 2 0.423776 0.590918 1 0.424757 0.613232 2 0.425219 0.612424 1
0 0.453125 0.621693 0.026786 0.129630 0.462982 0.570069 1 0.462063 0.567764 1 0.462847 0.567637 1 0.456361 0.569270 2 0.462764 0.569755 2 0.451930 0.583269 2 0.464970 0.585194 2 0.448535 0.600962 2 0.467998 0.601678 2 0.451541 0.603746 2 0.466751 0.598578 1 0.453766 0.619694 2 0.462473 0.620907 2 0.454489 0.642956 2 0.461574 0.646488 2 0.455141 0.663816 2 0.460552 0.670195 2
0 0.424479 0.566799 0.024554 0.115079 0.424367 0.524432 1 0.424849 0.522151 1 0.425428 0.522461 1 0.425420 0.523467 2 0.431120 0.523476 2 0.422367 0.535459 2 0.434296 0.536647 2 0.420556 0.551062 2 0.435757 0.553234 2 0.422151 0.560704 2 0.434861 0.565836 1 0.424612 0.567230 2 0.432898 0.568263 2 0.422970 0.589313 2 0.431434 0.593859 2 0.424507 0.610928 2 0.431359 0.615608 2
0 0.475818 0.568783 0.020089 0.084656 0.477807 0.536771 1 0.477130 0.535144 1 0.477535 0.535217 1 0.473270 0.535926 2 0.476861 0.536350 2 0.470339 0.545384 2 0.478040 0.545154 2 0.469138 0.555412 2 0.479837 0.553702 2 0.471790 0.560592 2 0.478187 0.552514 2 0.472009 0.568096 2 0.477451 0.568016 2 0.472660 0.586406 2 0.478441 0.584406 2 0.472653 0.604521 2 0.479024 0.600847 2
0 0.443824 0.570106 0.018601 0.100529 0.456695 0.571611 1 0.456845 0.569415 1 0.456719 0.569333 1 0.455616 0.570658 2 0.456845 0.570359 1 0.451792 0.584458 2 0.456764 0.584167 1 0.448447 0.601951 2 0.454101 0.602019 1 0.452218 0.603554 2 0.454547 0.603724 1 0.453679 0.619363 2 0.456845 0.619956 1 0.454009 0.637504 1 0.456514 0.638880 1 0.454224 0.639612 1 0.455312 0.639612 1
0 0.465774 0.510582 0.014881 0.087302 0.465020 0.480547 1 0.464895 0.478796 1 0.465281 0.478937 1 0.462907 0.479713 2 0.467195 0.479921 2 0.461070 0.489775 2 0.468915 0.490135 2 0.460038 0.502173 2 0.470094 0.501799 2 0.460834 0.512229 2 0.466717 0.507406 2 0.462233 0.512314 2 0.467696 0.512486 2 0.462135 0.530717 2 0.466623 0.531137 2 0.462199 0.548037 2 0.465741 0.548310 2
0 0.446801 0.507937 0.017113 0.089947 0.453371 0.476162 1 0.452766 0.474437 1 0.453294 0.474476 1 0.449208 0.475337 2 0.453376 0.475757 2 0.446714 0.485525 2 0.454704 0.485997 2 0.445469 0.497915 2 0.456847 0.497484 2 0.445449 0.508026 2 0.456452 0.502747 2 0.448044 0.507885 2 0.453358 0.508261 2 0.449416 0.528785 2 0.452974 0.529223 2 0.450115 0.547935 2 0.451992 0.548029 2
0 0.457589 0.447751 0.016369 0.062169 0.453259 0.475910 1 0.452506 0.474399 1 0.453383 0.474382 1 0.449286 0.475218 2 0.453469 0.475324 2 0.448196 0.484765 2 0.454695 0.485045 2 0.448387 0.489921 1 0.456657 0.490327 1 0.451098 0.486752 1 0.457109 0.488138 1 0.449960 0.490327 1 0.454125 0.490327 1 0.450782 0.487215 1 0.454096 0.486837 1 0.451213 0.489832 1 0.452661 0.490327 1
0 0.617188 0.453704 0.014137 0.052910 0.619814 0.438912 1 0.619509 0.437788 1 0.619604 0.437896 1 0.617808 0.437439 1 0.618533 0.437864 2 0.616713 0.442135 2 0.617594 0.442863 2 0.618236 0.447522 1 0.617621 0.449780 2 0.620396 0.450216 1 0.619603 0.453303 2 0.616298 0.454082 2 0.617156 0.454484 2 0.616051 0.463068 2 0.617368 0.462820 2 0.615000 0.472170 2 0.616477 0.470724 2
0 0.587426 0.493386 0.018601 0.052910 0.592711 0.480004 2 0.592464 0.478844 1 0.592474 0.479243 2 0.590078 0.478776 1 0.591495 0.479958 2 0.587754 0.482630 2 0.590506 0.485020 2 0.583358 0.485762 2 0.589356 0.493171 2 0.582996 0.488532 2 0.591623 0.500107 2 0.584924 0.495321 2 0.587203 0.496293 2 0.586617 0.504670 2 0.593118 0.504401 2 0.584075 0.515391 2 0.594906 0.516584 2
0 0.637649 0.429233 0.008929 0.048942 0.638841 0.413421 1 0.638599 0.412331 1 0.638783 0.412359 1 0.636883 0.412230 1 0.638346 0.412448 2 0.635840 0.417240 2 0.637250 0.417586 2 0.635951 0.423088 1 0.638026 0.423693 2 0.637701 0.424752 1 0.638722 0.426277 1 0.636202 0.430381 2 0.637280 0.430825 2 0.636605 0.439933 2 0.637997 0.440694 2 0.636126 0.449483 2 0.638711 0.449345 2
