0 0.960938 0.289021 0.024554 0.093915 0.969388 0.251517 2 0.968664 0.249352 1 0.968926 0.249684 2 0.963415 0.248887 1 0.966569 0.250616 2 0.957455 0.255383 2 0.965656 0.260902 2 0.952507 0.265091 2 0.966487 0.275936 2 0.956379 0.267929 2 0.968858 0.272842 2 0.953060 0.281206 2 0.958719 0.283809 2 0.954282 0.301155 2 0.961004 0.306371 2 0.949324 0.319029 2 0.957135 0.327522 2
0 0.357887 0.160053 0.016369 0.068783 0.360650 0.138659 2 0.360688 0.137353 1 0.359951 0.136999 2 0.359655 0.137799 1 0.356796 0.137300 2 0.359403 0.143612 2 0.353692 0.145205 2 0.362551 0.143065 2 0.351378 0.153974 2 0.360664 0.137952 2 0.352097 0.162457 2 0.359287 0.162949 2 0.355536 0.163564 2 0.360239 0.176868 2 0.355040 0.176750 2 0.360269 0.191649 2 0.354425 0.191341 2
0 0.186012 0.102513 0.016369 0.048942 0.186487 0.115175 1 0.186621 0.114159 1 0.186896 0.114238 1 0.186868 0.114951 2 0.189403 0.114700 2 0.186344 0.121548 2 0.191048 0.120978 2 0.185350 0.129313 2 0.193459 0.128151 2 0.185193 0.134852 1 0.193836 0.134003 2 0.187708 0.134191 2 0.190951 0.133996 2 0.187354 0.134135 1 0.192043 0.133991 1 0.186834 0.135747 1 0.191975 0.135747 1
0 0.906994 0.269841 0.025298 0.063492 0.918078 0.231393 1 0.917862 0.229400 1 0.917576 0.229653 1 0.916477 0.228895 1 0.916607 0.229930 1 0.915533 0.230208 1 0.915376 0.231159 1 0.912231 0.239624 1 0.913707 0.239217 1 0.908861 0.245155 1 0.911590 0.242079 1 0.911599 0.237105 1 0.911523 0.237288 1 0.910893 0.244164 2 0.911306 0.245382 2 0.906332 0.286425 2 0.905158 0.288198 2
0 0.531250 0.419312 0.023810 0.148148 0.521486 0.364079 1 0.521731 0.361820 1 0.522414 0.362015 1 0.522482 0.363914 2 0.528923 0.363499 2 0.522782 0.378896 2 0.531949 0.376340 2 0.521817 0.400858 2 0.535994 0.395622 2 0.516782 0.418542 2 0.537242 0.408026 2 0.524558 0.417100 2 0.531316 0.415419 2 0.520620 0.447127 2 0.530842 0.443076 2 0.523660 0.475509 2 0.537545 0.466829 2
0 0.783482 0.375661 0.032738 0.126984 0.792853 0.332282 2 0.794750 0.331141 2 0.792549 0.329138 2 0.796625 0.330282 2 0.791147 0.325361 2 0.796417 0.336930 2 0.783969 0.331082 2 0.796932 0.353008 2 0.775564 0.344082 2 0.796863 0.367425 2 0.772171 0.360704 2 0.789129 0.369081 2 0.781167 0.366380 2 0.786712 0.396201 2 0.778732 0.393341 2 0.782497 0.419584 2 0.775708 0.419228 2
0 0.668899 0.179894 0.016369 0.068783 0.668116 0.155738 1 0.668412 0.154335 1 0.668552 0.154468 1 0.669360 0.155031 2 0.671931 0.155008 1 0.667903 0.162147 2 0.673981 0.162318 2 0.665227 0.169958 2 0.676465 0.170659 2 0.664308 0.177373 2 0.674452 0.177160 2 0.667645 0.181223 2 0.671884 0.181265 2 0.666739 0.195879 2 0.671869 0.196934 2 0.665389 0.211798 2 0.672450 0.211157 2
0 0.656250 0.447090 0.028274 0.164021 0.654821 0.385875 2 0.655947 0.382588 2 0.655768 0.382808 1 0.659559 0.386036 2 0.661880 0.385775 1 0.657954 0.407218 2 0.665396 0.405558 2 0.655144 0.431881 2 0.663776 0.428560 1 0.649525 0.434769 2 0.654458 0.430644 1 0.655883 0.449497 2 0.661337 0.448340 2 0.654893 0.480715 2 0.660749 0.480122 2 0.654917 0.516114 2 0.660998 0.511330 2
0 0.354911 0.451058 0.031250 0.142857 0.353696 0.397621 1 0.352657 0.395167 1 0.353629 0.395170 1 0.346277 0.397839 2 0.354755 0.398296 2 0.343210 0.414920 2 0.357063 0.415208 2 0.340490 0.433724 2 0.362870 0.433793 2 0.345080 0.442934 1 0.363209 0.451058 2 0.345700 0.455884 2 0.355320 0.456313 2 0.347440 0.485143 2 0.357444 0.486157 2 0.346568 0.512881 2 0.359460 0.516402 2
0 0.433780 0.415344 0.029762 0.142857 0.428613 0.355680 1 0.428824 0.353206 1 0.429080 0.353094 1 0.429186 0.356181 2 0.434460 0.355226 1 0.430102 0.373678 2 0.436956 0.370825 2 0.429547 0.395385 2 0.437940 0.391661 1 0.427514 0.395775 2 0.431775 0.394731 1 0.434235 0.411539 2 0.439766 0.409851 2 0.429642 0.439773 2 0.439630 0.436949 2 0.428599 0.469283 2 0.443961 0.462131 2
0 0.234003 0.419974 0.034970 0.138889 0.237275 0.365713 2 0.236201 0.363456 1 0.236257 0.363819 2 0.232129 0.366563 1 0.233041 0.367895 2 0.232256 0.382457 2 0.231270 0.384770 2 0.232282 0.403896 1 0.230678 0.406768 2 0.235501 0.422409 1 0.234591 0.424511 2 0.233812 0.420207 2 0.233645 0.422051 2 0.236032 0.445304 2 0.237330 0.447988 2 0.233770 0.471382 2 0.238653 0.476480 2
0 0.312872 0.405423 0.030506 0.138889 0.313278 0.351718 2 0.312652 0.349527 1 0.311898 0.349951 2 0.310416 0.352899 1 0.308514 0.354376 2 0.309702 0.368526 2 0.307676 0.370681 2 0.310092 0.387765 1 0.309073 0.390634 2 0.313876 0.403452 1 0.314092 0.406929 2 0.309453 0.399960 2 0.307399 0.401570 2 0.313694 0.427831 2 0.308261 0.432171 2 0.314706 0.454059 2 0.304851 0.459430 2
0 0.449405 0.406085 0.028274 0.137566 0.430060 0.353855 1 0.430060 0.351309 1 0.430305 0.351238 1 0.430158 0.354324 2 0.435743 0.353528 1 0.430479 0.373718 2 0.437490 0.369745 2 0.430331 0.395523 1 0.438361 0.390805 2 0.430060 0.393884 1 0.433884 0.393655 1 0.434023 0.413317 2 0.439693 0.410735 2 0.430060 0.442243 2 0.440044 0.435441 2 0.430060 0.472069 2 0.444757 0.457907 2
0 0.348214 0.421296 0.029762 0.144180 0.351104 0.398314 1 0.350487 0.395784 1 0.351558 0.395827 1 0.346022 0.398378 2 0.354368 0.398503 2 0.342850 0.415098 2 0.357674 0.415113 2 0.340810 0.434238 2 0.363215 0.435074 2 0.344405 0.445570 1 0.363340 0.454490 2 0.345531 0.455264 2 0.355634 0.455262 2 0.346287 0.486671 2 0.356168 0.486714 2 0.346148 0.512302 2 0.355464 0.514155 2
0 0.378348 0.384921 0.024554 0.140212 0.375816 0.333160 1 0.375124 0.330983 1 0.375862 0.330390 1 0.371043 0.334234 2 0.377167 0.332945 2 0.370027 0.350205 2 0.381027 0.349157 2 0.369742 0.369907 2 0.386241 0.366862 2 0.370732 0.383487 2 0.391317 0.380184 2 0.374825 0.384951 2 0.382326 0.384835 2 0.378050 0.413567 2 0.386217 0.414265 2 0.377846 0.436901 2 0.386810 0.445012 2
0 0.418155 0.404101 0.034226 0.146825 0.427966 0.354788 1 0.428396 0.352357 1 0.428673 0.352297 1 0.429424 0.355743 2 0.434686 0.354750 1 0.430016 0.373694 2 0.437950 0.370234 2 0.430977 0.393155 2 0.439348 0.388316 1 0.428039 0.398482 2 0.432142 0.395744 1 0.433383 0.410896 2 0.439636 0.408816 2 0.429653 0.440297 2 0.439506 0.436188 2 0.428903 0.470643 2 0.441964 0.460871 2
0 0.167411 0.368386 0.026786 0.125661 0.159238 0.319149 2 0.160787 0.317001 2 0.158751 0.316782 2 0.164489 0.318087 2 0.158682 0.317683 1 0.167695 0.330631 2 0.161577 0.331171 2 0.173790 0.348539 2 0.164074 0.346792 2 0.165264 0.355139 2 0.160404 0.353052 2 0.170957 0.361321 2 0.165871 0.361529 2 0.173235 0.387901 2 0.164247 0.389407 2 0.182268 0.412495 2 0.163547 0.416175 2
0 0.115327 0.369048 0.029762 0.129630 0.106849 0.321989 2 0.108203 0.319592 2 0.106450 0.319336 2 0.112570 0.320434 2 0.108999 0.319852 1 0.116419 0.332818 2 0.109305 0.332120 2 0.124739 0.342591 2 0.110652 0.345242 2 0.125643 0.342895 2 0.107904 0.356072 2 0.115973 0.365411 2 0.112947 0.364789 2 0.112205 0.389345 2 0.118080 0.388114 2 0.110878 0.418065 2 0.124539 0.412134 2
0 0.406994 0.298942 0.017857 0.100529 0.411042 0.269248 2 0.411441 0.267151 2 0.409984 0.266908 2 0.410817 0.267757 1 0.406595 0.267204 2 0.411041 0.278777 2 0.402216 0.278474 2 0.412549 0.290975 2 0.400248 0.292231 2 0.410656 0.282712 2 0.406905 0.288242 2 0.409573 0.307000 2 0.403494 0.307373 2 0.410207 0.326831 2 0.402774 0.327654 2 0.409426 0.345041 2 0.403038 0.345383 2
0 0.550967 0.206349 0.018601 0.084656 0.550771 0.172673 1 0.550802 0.170982 1 0.551101 0.171147 1 0.549700 0.172113 2 0.553504 0.172399 2 0.547920 0.182313 2 0.555332 0.182836 2 0.545714 0.193640 2 0.556962 0.195316 2 0.544671 0.203773 2 0.555236 0.202684 2 0.548475 0.205832 2 0.553352 0.205762 2 0.548813 0.223182 2 0.552324 0.222476 2 0.549607 0.241817 2 0.551831 0.240210 2
0 0.943824 0.276455 0.029018 0.113757 0.947686 0.233535 2 0.946710 0.231440 1 0.946996 0.231489 2 0.940759 0.232432 1 0.944249 0.232827 2 0.934549 0.243967 2 0.947298 0.245226 2 0.930554 0.260007 2 0.950823 0.259071 2 0.928220 0.273915 2 0.948790 0.260579 2 0.934742 0.277395 2 0.943630 0.278165 2 0.932565 0.299240 2 0.943468 0.300982 2 0.931348 0.320147 2 0.941925 0.323998 2
0 0.787946 0.274471 0.020833 0.085979 0.793430 0.243604 2 0.793391 0.241731 2 0.792624 0.241427 2 0.791952 0.242470 1 0.789156 0.241638 2 0.790775 0.252699 2 0.784289 0.251114 2 0.790734 0.267740 2 0.782141 0.265422 2 0.793366 0.275080 2 0.788834 0.274033 2 0.788600 0.273705 2 0.783953 0.274447 2 0.798359 0.281178 2 0.793122 0.282494 2 0.793703 0.302207 2 0.790133 0.303850 2
0 0.811756 0.271164 0.025298 0.082011 0.811430 0.242024 2 0.811135 0.239901 2 0.810510 0.239839 2 0.809314 0.241081 1 0.807533 0.241405 2 0.809424 0.247265 2 0.803475 0.251440 2 0.812429 0.260945 2 0.808454 0.264432 2 0.815673 0.268553 2 0.814054 0.273483 2 0.809765 0.268803 2 0.805493 0.273508 2 0.821119 0.268794 2 0.812294 0.283494 2 0.813681 0.284885 2 0.816156 0.303412 2
0 0.964658 0.931878 0.061756 0.133598 0.975526 0.911368 2 0.979992 0.907073 2 0.972838 0.903731 2 0.984327 0.910708 2 0.966688 0.902682 2 0.982334 0.942549 2 0.956937 0.925728 2 0.971032 0.983731 2 0.948193 0.959498 2 0.954122 0.988688 2 0.945287 0.982102 2 0.967531 0.992071 2 0.950061 0.982452 2 0.964328 0.991129 1 0.942601 0.978212 1 0.956587 0.998045 1 0.946738 0.986768 1
0 0.539807 0.326058 0.024554 0.064815 0.540972 0.309901 2 0.542102 0.308085 1 0.540028 0.307896 1 0.543627 0.305744 1 0.538683 0.305344 2 0.545035 0.306100 2 0.534706 0.304647 2 0.543998 0.322109 2 0.531631 0.318047 2 0.534861 0.319868 2 0.536620 0.320116 2 0.544338 0.321596 2 0.537093 0.321555 2 0.547911 0.320892 2 0.531663 0.323147 2 0.545874 0.345749 2 0.538003 0.345737 2
0 0.520833 0.294312 0.022321 0.075397 0.523807 0.268101 2 0.524665 0.266422 2 0.522937 0.266306 2 0.525697 0.266350 2 0.521449 0.266051 2 0.527070 0.273996 2 0.519029 0.273438 2 0.529538 0.283922 2 0.515133 0.282750 2 0.527221 0.293132 2 0.517970 0.292056 2 0.525159 0.296939 2 0.519928 0.296865 2 0.526635 0.312601 2 0.519317 0.313175 2 0.526177 0.327837 1 0.518919 0.328467 1
0 0.128348 0.334656 0.018601 0.039683 0.125588 0.326654 2 0.126608 0.324766 2 0.124974 0.325019 2 0.128797 0.325117 2 0.124895 0.325345 1 0.130078 0.333379 2 0.127111 0.333098 2 0.127244 0.343590 2 0.124897 0.341637 2 0.122267 0.345929 2 0.122139 0.343335 2 0.133625 0.353442 2 0.131238 0.352481 2 0.124838 0.349175 2 0.122257 0.347071 1 0.127282 0.352916 1 0.123864 0.351713 1
0 0.095238 0.315476 0.032738 0.059524 0.098050 0.305420 2 0.099312 0.303380 2 0.097032 0.303415 2 0.101613 0.302340 2 0.095664 0.302604 2 0.103921 0.309111 2 0.093223 0.310862 2 0.107493 0.321076 2 0.088823 0.325209 2 0.106200 0.329455 2 0.088388 0.336590 2 0.102355 0.326186 2 0.095192 0.326930 2 0.103299 0.324482 2 0.089963 0.325836 2 0.103599 0.337615 2 0.090406 0.338498 2
0 0.658482 0.148810 0.014881 0.051587 0.660285 0.127637 1 0.660205 0.126563 1 0.660484 0.126864 1 0.659274 0.126083 2 0.662031 0.126876 2 0.657485 0.129384 2 0.662995 0.131328 2 0.655270 0.131760 2 0.664070 0.138731 2 0.656526 0.132761 1 0.663955 0.143854 1 0.657008 0.144426 2 0.660709 0.144980 2 0.656066 0.155409 2 0.659828 0.155609 2 0.656028 0.167335 2 0.659594 0.166585 2
0 0.184896 0.201720 0.011161 0.027778 0.186646 0.194406 2 0.187178 0.193317 2 0.186075 0.193225 2 0.187825 0.193621 2 0.185064 0.193425 2 0.188663 0.199912 2 0.183712 0.199719 2 0.189876 0.206902 2 0.183330 0.206912 2 0.189337 0.211446 2 0.184758 0.211190 2 0.188315 0.213738 2 0.184896 0.213781 2 0.189034 0.219068 1 0.185008 0.219043 1 0.188767 0.220734 1 0.185028 0.220703 1
0 0.188616 0.132937 0.017113 0.048942 0.186680 0.115578 1 0.186801 0.114616 1 0.187053 0.114534 1 0.186952 0.115469 2 0.189330 0.114998 2 0.186313 0.122007 2 0.191086 0.121054 2 0.185620 0.129235 2 0.193326 0.127942 2 0.185340 0.135885 2 0.194390 0.134602 2 0.188751 0.136544 2 0.191909 0.136214 2 0.190283 0.147037 2 0.193159 0.145947 2 0.191918 0.157198 2 0.194420 0.155430 2
0 0.782366 0.185185 0.018601 0.052910 0.783372 0.164027 1 0.783452 0.162859 1 0.783699 0.163038 1 0.783086 0.163703 2 0.786159 0.163905 2 0.782355 0.170151 2 0.786836 0.170523 2 0.779917 0.176618 2 0.787334 0.177765 2 0.780362 0.177296 2 0.785046 0.179183 1 0.781779 0.185172 2 0.785029 0.185133 2 0.779970 0.195856 2 0.784238 0.196440 2 0.778114 0.207160 2 0.784879 0.207281 2
0 0.401042 0.096561 0.010417 0.044974 0.402281 0.077492 2 0.402353 0.076673 1 0.401842 0.076833 2 0.402326 0.076936 1 0.401028 0.077329 2 0.403631 0.081310 2 0.400538 0.081825 2 0.405389 0.086729 2 0.400171 0.087850 2 0.404712 0.091640 2 0.401304 0.094295 2 0.403563 0.093527 2 0.401558 0.093766 2 0.403802 0.101319 2 0.401914 0.101446 2 0.403964 0.109679 2 0.402004 0.109982 2
0 0.138765 0.115741 0.014137 0.030423 0.138610 0.111668 2 0.139093 0.110436 2 0.138046 0.110605 2 0.139842 0.110447 2 0.137299 0.110845 2 0.141224 0.115916 2 0.136671 0.115980 2 0.141619 0.124180 2 0.137523 0.123346 2 0.140975 0.126945 2 0.141521 0.127074 2 0.140665 0.126669 2 0.137668 0.126750 2 0.140647 0.123680 2 0.137505 0.124006 2 0.141461 0.128484 2 0.142038 0.129285 2
0 0.990327 0.272487 0.017857 0.113757 0.993097 0.246390 2 0.994252 0.243924 2 0.992075 0.244172 2 0.996494 0.244241 2 0.990889 0.244817 1 0.999197 0.254812 2 0.990421 0.253577 2 1.000000 0.270044 2 0.987737 0.265403 2 0.992886 0.270842 2 0.985800 0.268780 2 0.999169 0.279750 2 0.993062 0.278347 2 0.997378 0.299302 2 0.988244 0.295975 2 0.996538 0.320291 2 0.989512 0.315277 2
0 0.958705 0.218254 0.020089 0.068783 0.952815 0.191891 2 0.953829 0.190810 2 0.952906 0.190482 1 0.956074 0.192404 2 0.953739 0.191497 1 0.956560 0.200839 2 0.952273 0.198683 2 0.954548 0.211334 2 0.949506 0.206671 1 0.951459 0.210839 2 0.948668 0.207436 1 0.952753 0.219784 2 0.949871 0.218305 2 0.948824 0.232545 2 0.947398 0.231240 2 0.948431 0.244016 2 0.947648 0.242710 1
0 0.906622 0.189815 0.020089 0.038360 0.905709 0.176218 2 0.906688 0.174940 2 0.905352 0.174860 2 0.908776 0.175290 2 0.905139 0.175079 1 0.910354 0.182330 2 0.902870 0.182806 2 0.908577 0.191246 2 0.900671 0.194856 2 0.903135 0.194448 2 0.901958 0.195732 2 0.907632 0.205519 2 0.902136 0.205187 2 0.907574 0.215257 1 0.901034 0.213635 1 0.907313 0.211795 1 0.900554 0.209464 1
0 0.925967 0.190476 0.018601 0.034392 0.926019 0.187464 2 0.926291 0.185943 1 0.925403 0.185773 2 0.925149 0.185204 1 0.923427 0.185090 2 0.921171 0.191465 2 0.922991 0.192503 2 0.921568 0.200493 1 0.923613 0.202630 2 0.925517 0.205326 1 0.926334 0.206400 2 0.919461 0.209085 1 0.920864 0.210280 2 0.921570 0.212473 1 0.923380 0.213686 1 0.920748 0.213686 1 0.921517 0.213686 1
