0 0.985119 0.273148 0.023810 0.093915 0.997920 0.241138 2 0.998014 0.238699 1 0.996910 0.238759 2 0.995607 0.238134 1 0.993498 0.238666 2 0.990962 0.247621 2 0.990413 0.248849 2 0.988153 0.261952 1 0.987186 0.264992 2 0.990009 0.270242 1 0.988595 0.273082 2 0.985043 0.273192 2 0.984486 0.273943 2 0.986412 0.292023 2 0.983389 0.294262 2 0.979661 0.311111 2 0.975837 0.312921 2
0 0.185268 0.105159 0.016369 0.048942 0.176876 0.122146 1 0.177006 0.121158 1 0.177403 0.121114 1 0.177718 0.121804 2 0.179886 0.121276 1 0.179195 0.127033 2 0.180725 0.126383 2 0.177144 0.133831 2 0.178292 0.133023 1 0.175393 0.130857 2 0.175709 0.131069 1 0.182397 0.138393 2 0.183297 0.137931 2 0.176010 0.135478 1 0.176753 0.134310 1 0.176008 0.137929 1 0.177205 0.138077 1
0 0.567336 0.472884 0.030506 0.165344 0.570340 0.411572 1 0.569940 0.408277 1 0.570144 0.408752 1 0.564178 0.409350 2 0.571659 0.410777 2 0.559277 0.425901 2 0.572514 0.429377 2 0.553139 0.447472 2 0.573800 0.452340 2 0.554754 0.466785 2 0.574212 0.470159 2 0.558005 0.469349 2 0.568338 0.471474 2 0.556795 0.500500 2 0.574760 0.505680 2 0.551838 0.529857 2 0.578179 0.537860 2
0 0.809524 0.440476 0.044643 0.153439 0.818723 0.380316 2 0.820956 0.378050 2 0.817586 0.376527 2 0.823441 0.380077 2 0.815403 0.376456 2 0.825365 0.395938 2 0.810753 0.392609 2 0.829753 0.416218 2 0.803303 0.410175 2 0.832477 0.433527 2 0.797258 0.430718 2 0.816492 0.436928 2 0.807723 0.434915 2 0.812374 0.469258 2 0.805893 0.469570 2 0.806877 0.495057 2 0.804812 0.502356 2
0 0.669643 0.177249 0.016369 0.068783 0.667845 0.155494 1 0.668137 0.154180 1 0.668378 0.154274 1 0.668812 0.154895 2 0.671913 0.154846 2 0.667084 0.162333 2 0.673898 0.162481 2 0.665533 0.171698 2 0.674732 0.172648 2 0.667437 0.177037 2 0.674385 0.181546 2 0.667610 0.182358 2 0.672570 0.182349 2 0.665938 0.197192 2 0.672068 0.198165 2 0.665091 0.212979 2 0.671396 0.212772 2
0 0.606771 0.447751 0.039435 0.165344 0.602483 0.384027 1 0.602768 0.381420 1 0.603817 0.381285 1 0.602628 0.383561 2 0.609030 0.382834 2 0.603368 0.401385 2 0.612451 0.401566 2 0.598787 0.422725 2 0.614049 0.424975 2 0.590706 0.438943 2 0.613111 0.442465 2 0.603795 0.445016 2 0.608268 0.443602 2 0.595544 0.472528 2 0.595415 0.471127 2 0.607580 0.494711 2 0.600066 0.498250 2
0 0.331101 0.499339 0.031250 0.160053 0.333546 0.440666 1 0.331523 0.437955 1 0.333541 0.437946 1 0.323899 0.440597 2 0.333250 0.441587 2 0.320588 0.459769 2 0.335476 0.461475 2 0.318216 0.481386 2 0.342596 0.481320 2 0.316855 0.499280 2 0.348647 0.495512 2 0.325185 0.504766 2 0.334022 0.506320 2 0.331953 0.534636 2 0.334125 0.539289 2 0.333755 0.564459 2 0.329282 0.572114 2
0 0.407738 0.406746 0.026786 0.144180 0.414930 0.350209 1 0.413766 0.347540 1 0.414141 0.347378 2 0.406768 0.348812 1 0.411194 0.349048 2 0.399997 0.363146 2 0.414132 0.364227 2 0.397882 0.378894 2 0.422072 0.377757 2 0.404145 0.381640 1 0.423446 0.375724 2 0.402647 0.404416 2 0.412288 0.405392 2 0.403262 0.432437 2 0.414306 0.434875 2 0.401033 0.458785 2 0.413632 0.463494 2
0 0.248512 0.445106 0.026786 0.141534 0.250191 0.392021 2 0.249277 0.389211 1 0.249026 0.389911 2 0.245159 0.392207 1 0.244852 0.393721 2 0.248778 0.406836 2 0.241814 0.410435 2 0.251802 0.422810 2 0.237307 0.430267 2 0.258403 0.436658 2 0.232390 0.447733 2 0.247791 0.448118 2 0.244887 0.449874 2 0.247217 0.475450 2 0.250838 0.477599 2 0.239973 0.500246 2 0.258464 0.510777 2
0 0.323289 0.390873 0.023065 0.125661 0.333172 0.345079 2 0.331776 0.341947 1 0.332329 0.342260 2 0.324732 0.343359 1 0.329511 0.344560 2 0.320735 0.361471 2 0.331818 0.362358 2 0.321095 0.383817 2 0.336474 0.383644 2 0.324189 0.397417 1 0.338884 0.397992 2 0.325181 0.400577 2 0.333050 0.401901 2 0.328417 0.431757 2 0.337018 0.432505 2 0.328244 0.457871 2 0.336062 0.458588 2
0 0.582217 0.384259 0.034970 0.133598 0.588595 0.334031 2 0.588394 0.331110 1 0.587700 0.330864 2 0.585153 0.331721 1 0.583971 0.330967 2 0.582128 0.345487 2 0.580992 0.346009 2 0.586726 0.361567 2 0.586174 0.363792 2 0.593203 0.358504 2 0.594681 0.356685 2 0.580100 0.381742 2 0.579348 0.382673 2 0.581248 0.411260 2 0.582056 0.413335 2 0.572203 0.437661 2 0.574238 0.439915 2
0 0.383185 0.421958 0.031250 0.140212 0.394720 0.374021 2 0.393981 0.371286 1 0.393782 0.370989 2 0.390216 0.373382 1 0.389918 0.373487 2 0.387678 0.386731 2 0.383858 0.389222 2 0.386213 0.403472 2 0.381702 0.410160 2 0.392635 0.398732 2 0.391039 0.408671 2 0.384177 0.419971 2 0.380618 0.422187 2 0.390450 0.446260 2 0.379755 0.453182 2 0.385116 0.475521 2 0.375807 0.484780 2
0 0.445312 0.353175 0.031994 0.124339 0.448278 0.309973 2 0.449160 0.307146 2 0.447162 0.307790 2 0.448103 0.306903 1 0.443908 0.307740 2 0.447871 0.315769 2 0.441028 0.319560 2 0.449901 0.318232 2 0.436860 0.334468 2 0.451892 0.315548 2 0.434918 0.348535 2 0.444305 0.350671 2 0.441612 0.351555 2 0.439884 0.376949 2 0.447638 0.375525 2 0.434243 0.400426 2 0.453666 0.403669 2
0 0.332961 0.409392 0.026042 0.146825 0.333431 0.439801 1 0.331608 0.437473 1 0.333482 0.437444 1 0.323692 0.440923 2 0.332923 0.441544 2 0.320629 0.459999 2 0.335692 0.461602 2 0.318639 0.478503 2 0.342740 0.481864 2 0.317826 0.498160 2 0.347315 0.498010 2 0.323548 0.502785 2 0.332929 0.503612 2 0.326892 0.509069 1 0.334248 0.508500 1 0.327801 0.511033 1 0.331237 0.511450 1
0 0.134301 0.369709 0.034970 0.125661 0.130213 0.322285 2 0.131269 0.320012 2 0.128757 0.320420 2 0.133253 0.321268 2 0.126623 0.322504 2 0.137947 0.333923 2 0.125263 0.336869 2 0.144075 0.346860 2 0.123819 0.353370 2 0.139412 0.355213 2 0.127004 0.371503 2 0.140210 0.368590 2 0.131438 0.370329 2 0.144306 0.394124 2 0.133507 0.397222 2 0.149291 0.418432 2 0.135166 0.422679 2
0 0.058036 0.394841 0.035714 0.133598 0.043678 0.348929 2 0.045071 0.345598 2 0.042943 0.346380 2 0.049491 0.346575 2 0.043950 0.348601 1 0.055791 0.361231 2 0.043615 0.366066 2 0.061646 0.379388 2 0.039100 0.384532 2 0.062253 0.398584 2 0.042120 0.372232 2 0.059434 0.398975 2 0.052280 0.401652 2 0.059675 0.427831 2 0.056379 0.428327 2 0.063208 0.453350 2 0.063780 0.452613 2
0 0.405878 0.296958 0.015625 0.101852 0.414255 0.349232 2 0.412712 0.346914 1 0.413622 0.347086 2 0.406030 0.347614 1 0.410665 0.348774 2 0.400246 0.362535 2 0.413285 0.363583 2 0.398297 0.367395 1 0.416667 0.367252 1 0.405751 0.361517 1 0.414647 0.357479 1 0.402791 0.367642 1 0.411692 0.367642 1 0.405555 0.366778 1 0.413675 0.367060 1 0.406055 0.367642 1 0.412219 0.367642 1
0 0.547619 0.205026 0.019345 0.082011 0.548530 0.172479 1 0.548765 0.170883 1 0.548949 0.171184 1 0.548868 0.172092 2 0.552567 0.172508 2 0.547466 0.181063 2 0.554955 0.182652 2 0.544871 0.191329 2 0.555484 0.195969 2 0.543046 0.202923 2 0.553615 0.202605 2 0.547101 0.204590 2 0.552631 0.204907 2 0.544789 0.221608 2 0.552376 0.222185 2 0.543299 0.239717 2 0.552505 0.239754 2
0 0.950149 0.283730 0.028274 0.109788 0.960504 0.245350 2 0.961252 0.242965 2 0.959290 0.242972 2 0.961551 0.242227 1 0.955803 0.241774 2 0.961208 0.254983 2 0.950995 0.253153 2 0.961910 0.269982 2 0.945855 0.269058 2 0.962476 0.279619 2 0.945420 0.286460 2 0.957547 0.288448 2 0.950092 0.287239 2 0.955837 0.309572 2 0.944116 0.307879 2 0.953764 0.332269 2 0.938288 0.328784 2
0 0.787946 0.274471 0.020833 0.085979 0.792759 0.243713 2 0.792841 0.241650 2 0.791877 0.241525 2 0.791687 0.241728 1 0.788516 0.241189 2 0.789779 0.252025 2 0.784860 0.250662 2 0.789119 0.267222 2 0.782042 0.265279 2 0.792794 0.273850 2 0.788109 0.272858 2 0.787752 0.273405 2 0.784232 0.274161 2 0.797561 0.279985 2 0.793891 0.280795 2 0.792474 0.298596 2 0.789520 0.299963 2
0 0.811012 0.269841 0.025298 0.082011 0.811193 0.242424 2 0.811405 0.240428 2 0.810196 0.240393 2 0.810403 0.240565 1 0.806743 0.240800 2 0.809556 0.247036 2 0.803877 0.251381 2 0.811694 0.260619 2 0.808087 0.265353 2 0.815344 0.268413 2 0.813571 0.273342 2 0.809425 0.269144 2 0.805448 0.273427 2 0.818067 0.270546 2 0.813636 0.283705 2 0.815312 0.285954 2 0.815790 0.305183 2
0 0.968750 0.936508 0.058036 0.124339 0.980892 0.919233 2 0.986203 0.915314 2 0.979243 0.909913 2 0.991194 0.919046 2 0.974170 0.905885 2 0.989558 0.947666 2 0.964335 0.927854 2 0.976165 0.988891 2 0.954542 0.959037 2 0.956827 0.989456 2 0.949951 0.980245 2 0.976771 0.995866 2 0.959732 0.984937 2 0.966618 0.993158 1 0.943906 0.981853 1 0.956923 0.995323 1 0.955316 0.997621 1
0 0.539062 0.323413 0.026042 0.070106 0.542129 0.310026 2 0.543302 0.308187 2 0.541227 0.307858 2 0.544504 0.304791 1 0.539489 0.304023 2 0.545586 0.303492 2 0.534986 0.303515 2 0.549685 0.315679 2 0.531396 0.316437 2 0.545675 0.319768 2 0.538102 0.320256 2 0.543586 0.321410 2 0.536551 0.322233 2 0.548735 0.322886 2 0.532597 0.325347 2 0.545744 0.347756 2 0.537296 0.348683 2
0 0.518973 0.291005 0.023065 0.066138 0.524079 0.269422 2 0.524918 0.267790 2 0.523272 0.267635 2 0.525999 0.267367 2 0.521626 0.267056 2 0.527221 0.275489 2 0.518817 0.275015 2 0.529253 0.286048 2 0.515147 0.285016 2 0.527962 0.293620 2 0.518533 0.292516 2 0.525653 0.299033 2 0.519819 0.298903 2 0.526776 0.314129 2 0.518255 0.314672 2 0.527401 0.328581 2 0.518024 0.329236 2
0 0.486235 0.157407 0.017113 0.066138 0.487815 0.130474 2 0.488454 0.129368 2 0.487212 0.129289 2 0.489324 0.129830 2 0.486243 0.129600 2 0.490680 0.136702 2 0.484978 0.136732 2 0.492169 0.145268 2 0.483813 0.143669 2 0.492498 0.153031 2 0.485035 0.149524 2 0.489882 0.153869 2 0.486066 0.154180 2 0.489561 0.165400 2 0.486082 0.167347 2 0.489793 0.175904 2 0.485243 0.179677 2
0 0.119792 0.324735 0.017857 0.051587 0.130244 0.321886 2 0.131024 0.319584 2 0.128868 0.319957 2 0.131696 0.321018 1 0.126959 0.321966 2 0.131696 0.333497 1 0.125176 0.334011 2 0.131696 0.348810 1 0.123038 0.348668 2 0.131308 0.358360 1 0.124184 0.358026 2 0.131696 0.358022 1 0.127864 0.358591 1 0.131696 0.354541 1 0.126462 0.355922 1 0.130438 0.359788 1 0.127941 0.357797 1
0 0.092634 0.310185 0.033482 0.059524 0.098999 0.304269 2 0.099982 0.302504 2 0.097925 0.302813 2 0.101901 0.302313 2 0.096375 0.303177 2 0.104396 0.309901 2 0.094135 0.311614 2 0.109672 0.320382 2 0.090621 0.322361 2 0.111517 0.333655 2 0.088531 0.332332 2 0.104173 0.326178 2 0.096926 0.327083 2 0.106062 0.320602 2 0.091851 0.322858 2 0.109383 0.336821 2 0.091612 0.337223 2
0 0.628348 0.143519 0.017113 0.056878 0.628951 0.113401 2 0.629591 0.112275 2 0.628858 0.112254 1 0.631424 0.113438 2 0.629589 0.113402 1 0.632273 0.120929 2 0.628350 0.120031 2 0.631774 0.128993 2 0.626582 0.127736 2 0.628293 0.129178 2 0.628115 0.128420 2 0.629822 0.138103 2 0.627364 0.137332 2 0.626565 0.151407 2 0.626771 0.150027 2 0.626914 0.163252 2 0.629756 0.158937 2
0 0.202381 0.213624 0.011905 0.033069 0.206309 0.206936 2 0.206873 0.205733 2 0.205669 0.205831 2 0.207677 0.205609 1 0.204621 0.205900 2 0.208693 0.210561 2 0.203316 0.211332 2 0.207600 0.218024 2 0.203920 0.219561 2 0.205744 0.217874 2 0.204766 0.220704 2 0.208091 0.220937 2 0.204277 0.221243 2 0.208043 0.216875 2 0.203049 0.217393 2 0.207778 0.226603 2 0.204724 0.227019 2
0 0.180804 0.136905 0.016369 0.048942 0.176919 0.122988 1 0.177023 0.122002 1 0.177415 0.121776 1 0.177654 0.122378 2 0.179842 0.121650 1 0.179010 0.127761 2 0.181383 0.126756 2 0.176856 0.134512 2 0.178813 0.133455 2 0.174895 0.130443 2 0.175602 0.131570 1 0.183072 0.141301 2 0.184389 0.140590 2 0.181164 0.151299 2 0.180842 0.149661 2 0.185729 0.158788 2 0.183914 0.158922 2
0 0.782366 0.185185 0.018601 0.052910 0.786184 0.165180 1 0.785722 0.163873 1 0.786015 0.163992 1 0.783180 0.163826 1 0.785239 0.164339 2 0.781393 0.169883 2 0.785050 0.171057 2 0.781888 0.176566 1 0.785661 0.179554 2 0.785191 0.179815 1 0.787023 0.183071 2 0.780892 0.185492 2 0.783467 0.186095 2 0.781233 0.196692 2 0.783365 0.197221 2 0.779977 0.207615 2 0.781648 0.208509 2
0 0.428943 0.114418 0.012649 0.051587 0.427770 0.097453 1 0.427895 0.096441 1 0.428082 0.096382 1 0.428389 0.097114 2 0.430044 0.096815 1 0.429277 0.102912 2 0.430746 0.102653 2 0.429938 0.109794 2 0.431237 0.109740 1 0.428518 0.115436 2 0.429724 0.115174 1 0.429583 0.117343 2 0.430689 0.117081 2 0.429814 0.128463 2 0.430971 0.128278 2 0.430455 0.138953 2 0.432085 0.139019 2
0 0.395833 0.095899 0.010417 0.048942 0.397843 0.078325 2 0.398281 0.077511 2 0.397404 0.077479 2 0.398990 0.077983 2 0.396715 0.077877 2 0.399837 0.083165 2 0.395795 0.082964 2 0.400731 0.088471 2 0.395097 0.088413 2 0.400405 0.092606 2 0.395746 0.093200 2 0.399459 0.093546 2 0.396560 0.093466 2 0.399852 0.101726 2 0.396185 0.101479 2 0.400210 0.110630 2 0.394893 0.110141 2
0 0.138393 0.115741 0.013393 0.030423 0.138590 0.115543 2 0.139756 0.113611 2 0.137475 0.113652 2 0.141313 0.114497 1 0.136072 0.114658 2 0.140979 0.122772 2 0.136487 0.123066 2 0.143347 0.127587 2 0.138850 0.127674 2 0.143113 0.129438 2 0.142633 0.129801 2 0.140529 0.130263 1 0.137619 0.130631 1 0.142425 0.124409 1 0.137905 0.125885 1 0.141423 0.126985 1 0.140340 0.128368 1
0 0.252604 0.112434 0.012649 0.039683 0.253757 0.084656 1 0.253702 0.084656 1 0.253858 0.084656 1 0.253291 0.084656 1 0.254859 0.084656 1 0.252321 0.085798 2 0.255787 0.085787 2 0.250349 0.094056 2 0.256097 0.093479 2 0.250453 0.102281 2 0.255271 0.100565 2 0.253075 0.100519 2 0.255299 0.100486 2 0.252756 0.112571 2 0.254096 0.112593 2 0.254160 0.124416 2 0.254730 0.124275 2
0 0.979167 0.218254 0.017857 0.068783 0.981985 0.194927 1 0.982217 0.193344 1 0.982956 0.193619 1 0.983287 0.194017 2 0.987334 0.194311 1 0.981522 0.201322 2 0.989091 0.203302 2 0.975894 0.207704 2 0.990253 0.212140 2 0.975790 0.208801 2 0.987495 0.213361 1 0.980694 0.224065 2 0.985725 0.224667 2 0.976876 0.236110 2 0.982338 0.237731 1 0.975670 0.252029 1 0.982445 0.252874 1
0 0.941592 0.192460 0.020089 0.033069 0.941731 0.186492 2 0.942419 0.184750 2 0.940896 0.185035 2 0.943470 0.184460 2 0.939965 0.185150 2 0.945289 0.189340 2 0.939274 0.188660 2 0.945826 0.198072 2 0.936077 0.194594 2 0.941167 0.199464 2 0.935455 0.197699 2 0.943376 0.202099 2 0.939541 0.201109 2 0.942452 0.201895 2 0.934525 0.200769 2 0.939557 0.208917 2 0.938985 0.207381 2
0 0.925967 0.190476 0.018601 0.034392 0.924186 0.195867 2 0.927435 0.191409 2 0.923104 0.190848 2 0.932221 0.193908 2 0.922026 0.191692 1 0.931364 0.208864 2 0.922820 0.207273 2 0.930097 0.213686 1 0.922983 0.212956 1 0.928900 0.203656 1 0.930776 0.205761 1 0.929042 0.213686 1 0.923657 0.213686 1 0.923294 0.201873 1 0.918538 0.200263 1 0.927487 0.208791 1 0.922267 0.205821 1
