0 0.563244 0.590608 0.019345 0.107143 0.562054 0.545862 2 0.561171 0.543807 1 0.561764 0.543796 2 0.557158 0.544019 1 0.559702 0.544209 2 0.555540 0.553450 2 0.558777 0.554654 2 0.560020 0.565883 1 0.563515 0.566979 2 0.564818 0.564602 1 0.566314 0.564648 2 0.558124 0.581795 2 0.560204 0.583023 2 0.560261 0.602414 2 0.560597 0.605082 2 0.559210 0.622213 2 0.558842 0.625654 2
0 0.561384 0.556878 0.033482 0.071429 0.561973 0.544789 2 0.561187 0.542755 1 0.561697 0.542828 2 0.557109 0.542872 1 0.559978 0.543217 2 0.554639 0.553212 2 0.558730 0.553979 2 0.559257 0.566294 2 0.563498 0.567260 2 0.564958 0.565491 1 0.566588 0.565533 2 0.557059 0.581909 2 0.559600 0.583437 2 0.562748 0.596623 1 0.564756 0.598875 2 0.560912 0.604540 1 0.560757 0.604283 1
0 0.405878 0.426587 0.011161 0.046296 0.403020 0.408226 1 0.403196 0.407301 1 0.403224 0.407258 1 0.404108 0.407610 2 0.404883 0.407433 1 0.404554 0.412430 2 0.405627 0.412063 2 0.403820 0.418395 2 0.404730 0.417703 1 0.403571 0.423395 2 0.403681 0.421732 1 0.405339 0.423803 2 0.406125 0.423619 2 0.405913 0.432704 2 0.406262 0.432573 2 0.406713 0.441389 2 0.407162 0.441260 2
0 0.537946 0.498677 0.013393 0.074074 0.539290 0.474309 2 0.539797 0.472768 2 0.538555 0.472798 2 0.540027 0.472277 1 0.536733 0.472265 2 0.540920 0.478143 2 0.534226 0.479099 2 0.542271 0.486886 2 0.533607 0.489738 2 0.542430 0.492262 2 0.538450 0.494553 2 0.539924 0.498105 2 0.535343 0.498674 2 0.540020 0.513631 2 0.534911 0.514512 2 0.538322 0.527865 2 0.534037 0.529854 2
0 0.552455 0.496693 0.017113 0.075397 0.546609 0.465912 1 0.546594 0.464791 1 0.546979 0.464861 1 0.545718 0.465319 2 0.549144 0.465455 2 0.544265 0.471405 2 0.550350 0.472314 2 0.541906 0.477180 2 0.550518 0.480168 2 0.543207 0.480837 1 0.549252 0.483499 1 0.544843 0.487155 2 0.549109 0.487507 2 0.545084 0.493777 2 0.550117 0.493901 2 0.543702 0.493444 1 0.548829 0.493941 1
0 0.469866 0.523810 0.018601 0.089947 0.466476 0.491077 1 0.466331 0.489532 1 0.466795 0.489701 1 0.464661 0.490759 2 0.468656 0.490853 2 0.463276 0.499532 2 0.470363 0.499356 2 0.462156 0.509779 2 0.472770 0.510002 2 0.461059 0.521004 2 0.472916 0.520479 2 0.464712 0.518479 2 0.469350 0.518293 2 0.464831 0.536569 2 0.468329 0.535218 2 0.465510 0.553317 2 0.467579 0.551476 2
0 0.496280 0.548280 0.022321 0.099206 0.502149 0.513418 1 0.501380 0.511760 1 0.501830 0.511622 1 0.496841 0.512478 1 0.500266 0.512616 2 0.492995 0.522394 2 0.500903 0.523109 2 0.491309 0.536152 2 0.502964 0.536032 2 0.492382 0.547213 1 0.504633 0.545466 2 0.493791 0.549532 2 0.499225 0.550217 2 0.494137 0.567123 2 0.499536 0.569041 2 0.493649 0.583988 2 0.498222 0.587932 2
0 0.495536 0.519841 0.022321 0.089947 0.502430 0.513236 1 0.501490 0.511589 1 0.502154 0.511545 1 0.496629 0.512164 1 0.500650 0.512638 2 0.492752 0.522091 2 0.501184 0.522531 2 0.490971 0.535715 2 0.503033 0.535775 2 0.492120 0.546976 2 0.504703 0.545531 2 0.493856 0.550263 2 0.499582 0.550667 2 0.494597 0.569672 2 0.499755 0.569530 2 0.494752 0.581167 1 0.498242 0.580777 2
0 0.508929 0.515212 0.014881 0.067460 0.501150 0.510900 1 0.500805 0.509384 1 0.500933 0.509320 1 0.499056 0.510856 1 0.500450 0.510976 1 0.499757 0.522103 1 0.500337 0.522608 2 0.503339 0.536729 1 0.503209 0.537410 2 0.504163 0.547832 1 0.504248 0.548255 2 0.499430 0.553177 1 0.499779 0.553315 2 0.500098 0.561848 1 0.500144 0.562004 1 0.500575 0.560173 1 0.500497 0.561264 1
0 0.516369 0.501323 0.016369 0.076720 0.517801 0.477105 2 0.517832 0.475833 2 0.517149 0.475683 2 0.516761 0.476646 1 0.515311 0.476443 2 0.515237 0.484180 2 0.514604 0.484165 2 0.515129 0.492997 2 0.514713 0.493330 2 0.516474 0.501027 2 0.516473 0.501303 2 0.515041 0.502488 2 0.514580 0.502680 2 0.515378 0.516592 2 0.514023 0.517255 2 0.514947 0.529805 2 0.513401 0.530338 2
0 0.475446 0.505952 0.014881 0.078042 0.466441 0.491600 1 0.466130 0.490122 1 0.466590 0.490199 1 0.465030 0.490623 1 0.468027 0.490875 1 0.465030 0.497631 1 0.469964 0.497968 2 0.465030 0.504546 1 0.472137 0.505674 2 0.465561 0.510645 1 0.471622 0.514551 2 0.465600 0.518354 2 0.469280 0.518148 2 0.465394 0.537496 1 0.468245 0.536854 2 0.465647 0.554159 1 0.467875 0.554478 2
0 0.457589 0.501984 0.016369 0.083333 0.459493 0.471723 1 0.458938 0.470123 1 0.459356 0.470083 1 0.455819 0.470896 2 0.459449 0.470997 2 0.454032 0.480776 2 0.461208 0.480726 2 0.453376 0.493067 2 0.462716 0.492811 2 0.454609 0.503296 2 0.461318 0.501569 2 0.455494 0.501647 2 0.460366 0.501783 2 0.457652 0.518886 2 0.460580 0.518509 2 0.458853 0.535131 2 0.459914 0.535408 2
0 0.916667 0.961640 0.049107 0.074074 0.907081 0.946867 2 0.909088 0.941386 2 0.903743 0.942237 2 0.911270 0.939947 1 0.897288 0.941860 2 0.916617 0.961016 2 0.889867 0.965042 2 0.922504 0.993515 2 0.886754 0.997972 1 0.923594 0.995442 1 0.895988 1.000000 1 0.912895 1.000000 1 0.895664 1.000000 1 0.915662 0.977038 1 0.897000 0.986774 1 0.907031 0.987325 1 0.899461 0.998514 1
0 0.867560 0.931878 0.046131 0.133598 0.872253 0.884332 2 0.874811 0.881680 2 0.869947 0.880849 2 0.877937 0.884512 2 0.865982 0.882497 2 0.879921 0.905293 2 0.859447 0.900474 2 0.886375 0.930588 2 0.851459 0.922691 2 0.890010 0.947693 2 0.848408 0.948629 2 0.871145 0.961042 2 0.858353 0.958762 2 0.868476 0.997324 2 0.858875 0.995905 2 0.866427 1.000000 1 0.858872 1.000000 1
0 0.622768 0.610450 0.028274 0.109788 0.625481 0.569043 2 0.626997 0.566756 2 0.624951 0.567082 2 0.629961 0.569762 2 0.625144 0.569644 1 0.631460 0.584709 2 0.626021 0.577513 2 0.633226 0.596139 2 0.624348 0.573490 2 0.633294 0.602726 2 0.622611 0.564412 2 0.629627 0.614238 2 0.624951 0.610086 2 0.630778 0.635129 2 0.616704 0.623965 2 0.630763 0.658780 2 0.615787 0.640951 2
