0 0.638021 0.936508 0.045387 0.121693 0.643334 0.908912 2 0.645245 0.903789 2 0.640257 0.903859 2 0.645675 0.902074 1 0.633546 0.902204 2 0.638250 0.921885 2 0.634550 0.924602 2 0.647659 0.948057 2 0.649503 0.953214 2 0.656247 0.946232 2 0.659061 0.947759 2 0.642261 0.983549 2 0.639699 0.988076 2 0.659572 0.993423 1 0.663307 1.000000 2 0.657119 1.000000 1 0.658506 1.000000 1
0 0.682664 0.887566 0.046875 0.211640 0.687597 0.808072 2 0.690208 0.804197 2 0.685577 0.803870 2 0.694350 0.806023 2 0.682793 0.805149 2 0.698306 0.828659 2 0.676781 0.826711 2 0.705167 0.857148 2 0.669133 0.853408 2 0.700100 0.883167 2 0.668178 0.884212 2 0.690985 0.889989 2 0.676602 0.888585 2 0.689602 0.933537 2 0.669683 0.931932 2 0.685398 0.978052 2 0.665664 0.972233 2
0 0.618304 0.848545 0.074405 0.128307 0.643504 0.908530 2 0.645551 0.903666 2 0.640558 0.903613 2 0.645802 0.900728 1 0.634189 0.901375 2 0.633780 0.915134 2 0.636096 0.926061 2 0.642557 0.923314 2 0.646107 0.937831 2 0.654996 0.932749 1 0.656998 0.936867 1 0.635236 0.933949 1 0.637370 0.937831 1 0.655303 0.918754 1 0.662145 0.937831 1 0.654868 0.927799 1 0.655681 0.937831 1
0 0.291295 0.590608 0.029018 0.101852 0.296198 0.553961 2 0.297012 0.551874 2 0.294871 0.551971 2 0.298053 0.553433 2 0.292435 0.553547 2 0.299668 0.565539 2 0.289740 0.565054 2 0.301892 0.575646 2 0.284086 0.572882 2 0.299219 0.577320 2 0.287764 0.577795 2 0.299299 0.593194 2 0.292046 0.593658 2 0.301757 0.611257 2 0.287946 0.613945 2 0.304396 0.630044 2 0.287308 0.632690 2
0 0.570312 0.642857 0.033482 0.132275 0.566378 0.593926 2 0.567825 0.591330 2 0.565113 0.591296 2 0.570302 0.591837 2 0.563106 0.592008 2 0.573536 0.602847 2 0.560319 0.606838 2 0.579218 0.614301 2 0.559333 0.621546 2 0.585297 0.622735 2 0.565507 0.632342 2 0.572610 0.638121 2 0.562921 0.641424 2 0.579391 0.662971 2 0.562601 0.672811 2 0.578859 0.684436 2 0.559536 0.700033 2
0 0.556548 0.645503 0.029762 0.111111 0.566237 0.594247 2 0.567747 0.591695 2 0.564988 0.591721 2 0.570351 0.592182 2 0.563390 0.592491 2 0.574418 0.603316 2 0.561216 0.606399 2 0.576956 0.620437 2 0.559456 0.620059 2 0.575439 0.629305 2 0.564586 0.631805 2 0.573253 0.639668 2 0.563822 0.642334 2 0.576719 0.661851 2 0.562288 0.673070 2 0.573354 0.678860 2 0.559635 0.699072 2
0 0.476562 0.541005 0.020089 0.095238 0.477813 0.508696 1 0.477577 0.507016 1 0.478322 0.507010 1 0.475773 0.508465 2 0.480735 0.508358 2 0.474061 0.519027 2 0.482578 0.518669 2 0.472664 0.531848 2 0.485211 0.531236 2 0.471212 0.543237 2 0.486640 0.542077 2 0.475757 0.541999 2 0.481292 0.541651 2 0.476183 0.560933 2 0.480492 0.560448 2 0.476895 0.577767 2 0.479479 0.577453 2
0 0.520089 0.578042 0.028274 0.103175 0.528335 0.540369 1 0.527947 0.538672 1 0.528546 0.538591 1 0.525061 0.540020 2 0.530219 0.540034 2 0.522191 0.551638 2 0.532397 0.551308 2 0.520937 0.565566 2 0.534093 0.564764 2 0.523768 0.569683 1 0.532494 0.568617 1 0.524083 0.581350 2 0.530882 0.581091 2 0.525496 0.602326 2 0.530304 0.601702 2 0.526852 0.621219 2 0.528877 0.620148 2
0 0.521205 0.536376 0.024554 0.093915 0.528940 0.539643 1 0.528364 0.538013 1 0.529169 0.537862 1 0.524839 0.539544 2 0.530404 0.539582 2 0.522209 0.551368 2 0.532411 0.551365 2 0.520571 0.565232 2 0.534199 0.564775 2 0.523145 0.569211 1 0.532195 0.568903 1 0.523967 0.581801 2 0.530780 0.581714 2 0.524902 0.598739 2 0.530743 0.598555 2 0.526242 0.600962 1 0.529805 0.601108 1
0 0.505952 0.535053 0.019345 0.085979 0.518331 0.503816 1 0.518749 0.501913 1 0.518505 0.501854 1 0.518468 0.503461 1 0.519345 0.503181 1 0.517204 0.515117 2 0.518036 0.514654 1 0.514907 0.528584 2 0.515087 0.527938 1 0.513849 0.540646 2 0.514304 0.540884 1 0.517944 0.542855 2 0.518551 0.543140 2 0.518191 0.562959 2 0.518275 0.563936 2 0.518157 0.581574 2 0.518673 0.580568 2
0 0.493304 0.509921 0.016369 0.085979 0.498441 0.480719 1 0.497593 0.479294 1 0.498166 0.479209 1 0.493940 0.479998 1 0.497017 0.480301 2 0.491302 0.488364 2 0.498099 0.488611 2 0.490164 0.499515 2 0.499595 0.499328 2 0.490793 0.508440 2 0.498309 0.504655 2 0.492505 0.509196 2 0.497143 0.509228 2 0.493491 0.526367 2 0.497242 0.526124 2 0.493958 0.544524 2 0.496932 0.544306 2
0 0.478423 0.505291 0.017857 0.082011 0.477629 0.508904 1 0.477408 0.507337 1 0.478263 0.507352 1 0.475718 0.508660 2 0.480891 0.508646 2 0.474056 0.518982 2 0.482649 0.518872 2 0.472407 0.532141 2 0.485023 0.531724 2 0.471388 0.543402 2 0.486399 0.542502 2 0.476008 0.541024 2 0.481475 0.540950 2 0.476763 0.558803 2 0.480734 0.558901 2 0.477957 0.559907 1 0.479219 0.560168 1
0 0.379836 0.439815 0.020089 0.056878 0.381411 0.419660 2 0.381735 0.418357 2 0.381711 0.418374 1 0.382663 0.418781 2 0.383483 0.418696 1 0.383535 0.425185 2 0.383578 0.425095 2 0.381894 0.432823 2 0.380494 0.432492 2 0.377405 0.437718 2 0.375100 0.436603 2 0.384677 0.439872 2 0.384758 0.439575 2 0.384035 0.452127 2 0.383490 0.451504 2 0.384362 0.464263 2 0.384426 0.463309 2
0 0.799851 0.972222 0.053571 0.052910 0.797392 0.972309 2 0.798383 0.969348 2 0.798966 0.969005 1 0.803643 0.974844 2 0.806781 0.972373 1 0.810085 0.996364 2 0.813052 0.990406 2 0.809718 0.998987 1 0.809700 0.997010 1 0.804029 0.998987 1 0.804614 0.994265 1 0.813403 0.997755 1 0.815425 0.992533 1 0.807695 0.998987 1 0.807435 0.990226 1 0.804613 0.998987 1 0.808245 0.995460 1
