0 0.475074 0.931217 0.081101 0.126984 0.447933 0.891599 2 0.449726 0.885222 2 0.444612 0.888628 2 0.454570 0.881066 2 0.441672 0.889691 2 0.462344 0.896895 2 0.442327 0.908219 2 0.474105 0.924689 2 0.441085 0.937022 2 0.484165 0.941362 2 0.443210 0.943664 2 0.469738 0.943516 2 0.456274 0.950630 2 0.482161 0.962959 2 0.458766 0.975576 2 0.493759 0.984069 2 0.472128 0.991065 2
0 0.137649 0.731481 0.050595 0.161376 0.137012 0.669942 2 0.138979 0.667322 2 0.135538 0.667194 2 0.142413 0.668898 2 0.133380 0.669269 2 0.146270 0.683402 2 0.131089 0.684545 2 0.149031 0.696200 2 0.123527 0.696294 2 0.147585 0.704318 2 0.116975 0.706314 2 0.145903 0.725238 2 0.134763 0.725695 2 0.150770 0.752616 2 0.130348 0.753872 2 0.158205 0.769765 2 0.131855 0.772765 2
0 0.492188 0.671296 0.039435 0.146825 0.483457 0.617165 2 0.484596 0.614058 2 0.483171 0.614761 2 0.489194 0.612521 2 0.484784 0.614414 1 0.496122 0.624210 2 0.483793 0.627526 2 0.502724 0.637634 2 0.481868 0.645234 2 0.506571 0.649150 2 0.483842 0.655438 2 0.494407 0.666879 2 0.484739 0.667821 2 0.500510 0.697734 2 0.480975 0.697509 2 0.504092 0.730200 2 0.477231 0.730356 2
0 0.483631 0.674603 0.032738 0.124339 0.483703 0.616714 2 0.484709 0.613642 2 0.483259 0.614358 2 0.489186 0.612272 2 0.484716 0.614231 1 0.496510 0.624331 2 0.484004 0.627512 2 0.503382 0.636994 2 0.482450 0.644206 2 0.505648 0.647090 2 0.484898 0.655760 2 0.494789 0.666128 2 0.485013 0.666882 2 0.500228 0.698088 2 0.480924 0.697703 2 0.503136 0.730011 2 0.477504 0.729480 2
0 0.431176 0.532407 0.021577 0.096561 0.433139 0.498479 1 0.432229 0.496725 1 0.433063 0.496583 1 0.427878 0.497706 2 0.432727 0.497803 2 0.425394 0.508936 2 0.433787 0.508091 2 0.424543 0.521649 2 0.436535 0.518892 2 0.426338 0.529674 1 0.438856 0.528592 2 0.427744 0.530332 2 0.433270 0.530253 2 0.429351 0.548012 2 0.432723 0.547963 2 0.430688 0.565990 2 0.432364 0.566117 2
0 0.471726 0.566138 0.020833 0.105820 0.470474 0.529264 1 0.470369 0.527292 1 0.470811 0.527424 1 0.467938 0.528558 2 0.472833 0.528785 2 0.465237 0.540123 2 0.475051 0.540369 2 0.463452 0.553788 2 0.477557 0.553752 2 0.464185 0.564056 2 0.477925 0.563020 2 0.467115 0.569161 2 0.473634 0.569283 2 0.467508 0.591782 2 0.472373 0.591404 2 0.469097 0.610987 2 0.472066 0.610457 2
0 0.453869 0.534392 0.025298 0.097884 0.469804 0.528930 1 0.469863 0.527013 1 0.470140 0.527005 1 0.468146 0.528343 2 0.470982 0.528175 1 0.465260 0.540147 2 0.470982 0.539637 2 0.463031 0.553792 2 0.470982 0.553720 1 0.464872 0.561484 2 0.470982 0.563652 1 0.466367 0.567220 2 0.470982 0.567290 2 0.467466 0.587648 2 0.470733 0.587852 1 0.468328 0.600143 2 0.469705 0.598978 1
0 0.492188 0.543651 0.015625 0.076720 0.489412 0.515185 1 0.489332 0.513871 1 0.489854 0.513862 1 0.488250 0.514851 2 0.492172 0.514619 2 0.487288 0.523347 2 0.493885 0.522918 2 0.485951 0.532728 2 0.495673 0.533311 2 0.486868 0.539458 2 0.496308 0.542528 2 0.489122 0.542964 2 0.493167 0.542600 2 0.490319 0.557778 2 0.491466 0.556623 2 0.491759 0.571232 2 0.490153 0.570637 2
0 0.496652 0.524471 0.017113 0.088624 0.489304 0.515239 1 0.489179 0.513900 1 0.489681 0.513855 1 0.487988 0.514983 2 0.491812 0.514647 2 0.487147 0.523625 2 0.493792 0.522916 2 0.485949 0.533138 2 0.495675 0.532871 2 0.486778 0.539605 2 0.495597 0.541905 2 0.489181 0.542538 2 0.493293 0.542054 2 0.490003 0.558317 2 0.491572 0.557095 2 0.491666 0.571839 2 0.490489 0.571439 2
0 0.461682 0.498677 0.015625 0.082011 0.451559 0.494428 1 0.451397 0.492877 1 0.451534 0.492827 1 0.450893 0.494231 1 0.453006 0.493974 2 0.450893 0.504459 1 0.456628 0.504055 2 0.452086 0.517218 1 0.460243 0.516874 2 0.455613 0.527112 1 0.461253 0.528293 2 0.451397 0.531280 2 0.456514 0.530755 2 0.450893 0.551697 1 0.457108 0.549986 2 0.451319 0.555080 1 0.457533 0.555080 1
0 0.445312 0.492725 0.015625 0.083333 0.446504 0.496913 1 0.446760 0.495224 1 0.447199 0.495056 1 0.447452 0.496481 2 0.451616 0.495360 1 0.446403 0.506492 2 0.455171 0.504395 2 0.441752 0.517189 2 0.455553 0.516114 1 0.437711 0.514212 2 0.451845 0.523205 1 0.450324 0.532579 2 0.455960 0.531679 2 0.449920 0.550265 2 0.456066 0.549303 1 0.449511 0.550265 1 0.455041 0.550265 1
0 0.379836 0.440476 0.017113 0.063492 0.381406 0.418734 1 0.381351 0.417475 1 0.381584 0.417374 1 0.380644 0.417102 2 0.383258 0.416556 2 0.379823 0.423635 2 0.384161 0.420978 2 0.378566 0.431773 2 0.386426 0.421419 2 0.378978 0.439748 2 0.384516 0.421609 2 0.380613 0.438351 2 0.383429 0.437513 2 0.381226 0.449821 2 0.382991 0.450495 2 0.380584 0.462107 2 0.382727 0.461907 2
0 0.564360 0.435185 0.014137 0.044974 0.568217 0.422508 2 0.568150 0.421659 1 0.567941 0.421759 2 0.567460 0.421765 1 0.567229 0.421957 2 0.567937 0.425885 2 0.566703 0.426251 2 0.569056 0.431459 2 0.566303 0.432498 2 0.569970 0.434928 2 0.567694 0.435887 2 0.566929 0.437255 2 0.566247 0.437227 2 0.565804 0.444065 2 0.565584 0.443866 2 0.564500 0.452787 2 0.565011 0.453647 2
0 0.525298 0.453042 0.010417 0.038360 0.522839 0.443967 2 0.522920 0.443140 2 0.522846 0.443144 1 0.523830 0.442682 2 0.524030 0.442562 1 0.525281 0.445139 2 0.525313 0.444824 2 0.525690 0.450693 2 0.525788 0.450788 2 0.523286 0.451616 2 0.524178 0.452663 2 0.528499 0.452496 2 0.528484 0.452252 2 0.527799 0.460422 2 0.527978 0.459448 2 0.527556 0.469320 2 0.527718 0.467247 2
0 0.584077 0.417328 0.010417 0.043651 0.586385 0.400531 1 0.586236 0.399894 1 0.586388 0.399942 1 0.585262 0.400218 1 0.586718 0.400323 2 0.584730 0.403963 2 0.586908 0.404092 2 0.584440 0.408334 2 0.587395 0.408457 2 0.584952 0.411376 1 0.587586 0.411303 2 0.584994 0.412141 2 0.586389 0.412213 2 0.585181 0.418464 2 0.586057 0.418558 2 0.585390 0.424180 2 0.585730 0.424333 2
