0 0.040704 0.924370 0.033088 0.089636 0.034250 0.898076 2 0.035087 0.896242 2 0.033336 0.896542 2 0.037282 0.893447 2 0.032500 0.894509 1 0.042639 0.898721 2 0.032126 0.900173 2 0.043940 0.913373 2 0.031453 0.913260 2 0.037758 0.919171 2 0.034493 0.921823 2 0.043404 0.924122 2 0.036365 0.924851 2 0.043266 0.941894 2 0.038867 0.943842 2 0.050091 0.947789 2 0.045642 0.953456 2
0 0.012868 0.929505 0.025735 0.088702 0.006546 0.913729 1 0.007441 0.911044 1 0.004957 0.912544 1 0.009846 0.906608 1 0.003500 0.910204 1 0.013180 0.909604 2 0.002997 0.911911 2 0.019153 0.914869 2 0.001803 0.916888 1 0.020661 0.923240 2 0.002588 0.920797 1 0.013866 0.928255 2 0.007406 0.929281 2 0.015486 0.943148 2 0.008430 0.943397 2 0.020778 0.957820 2 0.013012 0.951600 2
0 0.292017 0.604575 0.021008 0.055089 0.292911 0.588843 2 0.293563 0.587387 2 0.292034 0.587967 2 0.295024 0.586697 2 0.291189 0.588092 2 0.297793 0.591690 2 0.290552 0.594059 2 0.301369 0.598198 2 0.288680 0.602522 2 0.301777 0.607205 2 0.289768 0.609379 2 0.298595 0.609082 2 0.294216 0.610236 2 0.297250 0.621471 2 0.294864 0.622962 2 0.296834 0.632033 2 0.295153 0.632947 2
0 0.586660 0.431373 0.013655 0.046685 0.587980 0.419144 1 0.588082 0.418165 1 0.588244 0.418232 1 0.587758 0.418560 2 0.590050 0.418554 2 0.586450 0.423871 2 0.591407 0.423775 2 0.584524 0.428931 2 0.594979 0.427055 2 0.585557 0.428692 2 0.595434 0.425719 2 0.587017 0.437661 2 0.590155 0.437786 2 0.587443 0.444362 2 0.590680 0.445839 2 0.587073 0.452812 2 0.590999 0.454323 2
0 0.358718 0.273109 0.012605 0.047619 0.360628 0.257646 2 0.360477 0.256546 1 0.360280 0.256627 2 0.359490 0.256313 1 0.359205 0.256824 2 0.358600 0.260250 2 0.357939 0.261829 2 0.359849 0.267757 2 0.356888 0.268984 2 0.361554 0.271809 2 0.357958 0.274971 2 0.357936 0.273670 2 0.357296 0.275221 2 0.362124 0.277934 2 0.357959 0.283094 2 0.361444 0.287456 2 0.356644 0.293473 2
0 0.592962 0.345472 0.016807 0.054155 0.593406 0.328036 2 0.594013 0.327059 2 0.593028 0.327050 2 0.595226 0.327507 2 0.592731 0.327460 1 0.596097 0.333491 2 0.592112 0.332452 2 0.595953 0.340737 2 0.589508 0.337485 2 0.593622 0.342737 2 0.590907 0.338735 2 0.594636 0.346171 2 0.592059 0.345610 2 0.593524 0.356475 2 0.591876 0.355590 2 0.594745 0.365649 2 0.592570 0.364657 2
0 0.137605 0.295985 0.015756 0.052288 0.136912 0.278508 1 0.137032 0.277583 1 0.137196 0.277402 1 0.137500 0.278352 2 0.139552 0.277801 2 0.137414 0.283467 2 0.141889 0.283369 2 0.135496 0.286864 2 0.143631 0.290063 2 0.135998 0.281621 2 0.144964 0.294976 2 0.139548 0.295985 2 0.142378 0.295799 2 0.140035 0.306373 2 0.142354 0.306515 2 0.140998 0.315036 2 0.143253 0.317324 2
0 0.191964 0.258170 0.013130 0.045752 0.197127 0.241848 2 0.197172 0.240809 1 0.196698 0.241181 2 0.197131 0.240232 1 0.196096 0.241152 2 0.198420 0.243461 2 0.196118 0.245568 2 0.200811 0.247826 2 0.196261 0.252417 2 0.200999 0.252224 1 0.196997 0.255935 2 0.199211 0.256280 2 0.197899 0.257246 2 0.199438 0.265521 2 0.199143 0.266363 2 0.199652 0.274379 2 0.199748 0.275541 2
0 0.239496 0.291783 0.014706 0.028945 0.244805 0.280080 1 0.244390 0.279302 1 0.244879 0.279274 1 0.242610 0.279647 2 0.244812 0.279865 2 0.241718 0.283943 2 0.244773 0.284309 2 0.241220 0.289704 2 0.244997 0.290545 2 0.242176 0.292950 2 0.246012 0.292835 2 0.241604 0.293601 2 0.243591 0.293926 2 0.245918 0.292865 2 0.246511 0.292628 2 0.245893 0.297106 1 0.246164 0.297753 1
0 0.221639 0.254435 0.016807 0.053221 0.222751 0.237308 2 0.222557 0.236464 1 0.222463 0.236437 2 0.221489 0.236930 1 0.221533 0.236992 2 0.221125 0.241746 2 0.221330 0.241854 2 0.221349 0.248172 1 0.221387 0.248263 2 0.222594 0.253054 1 0.222460 0.253763 2 0.222092 0.253708 2 0.222296 0.253967 2 0.222823 0.262874 2 0.222935 0.263030 2 0.223268 0.271926 2 0.223417 0.272635 2
0 0.252626 0.275910 0.012605 0.055089 0.248645 0.264132 2 0.248986 0.263210 2 0.248742 0.263179 1 0.250123 0.263510 2 0.249768 0.263277 1 0.252300 0.268385 2 0.249501 0.268219 2 0.253612 0.275011 2 0.249957 0.274741 2 0.251643 0.277766 2 0.250654 0.277566 1 0.253474 0.280059 2 0.251382 0.280060 2 0.253795 0.286999 2 0.250888 0.287047 2 0.255016 0.295474 2 0.252048 0.295842 2
0 0.248424 0.258170 0.014706 0.055089 0.244857 0.280461 1 0.244506 0.279676 1 0.244831 0.279791 1 0.242434 0.279759 1 0.244745 0.280128 2 0.241594 0.283355 2 0.244243 0.284220 2 0.240998 0.288668 2 0.244803 0.290165 2 0.242254 0.292654 2 0.245829 0.293502 2 0.241414 0.293416 2 0.243130 0.294124 2 0.244010 0.293958 1 0.246030 0.294751 1 0.243463 0.294758 1 0.245263 0.295660 1
0 0.332721 0.273576 0.012080 0.048553 0.338145 0.250609 2 0.338561 0.249787 2 0.337673 0.249848 2 0.339104 0.250351 1 0.336979 0.250486 2 0.339466 0.254704 2 0.336258 0.254783 2 0.340285 0.257906 2 0.335017 0.257001 2 0.340034 0.258716 2 0.336496 0.255822 2 0.339274 0.266248 2 0.337279 0.266544 2 0.339863 0.274459 2 0.338931 0.274903 2 0.339774 0.283722 2 0.338979 0.284002 2
0 0.366071 0.211018 0.012605 0.039216 0.368090 0.198824 2 0.368090 0.198038 1 0.367709 0.198058 2 0.367762 0.198290 1 0.366657 0.198505 2 0.367925 0.201619 2 0.365210 0.203172 2 0.369931 0.203939 2 0.364873 0.208343 2 0.372732 0.205810 2 0.367130 0.209650 2 0.367674 0.210322 2 0.365784 0.211601 2 0.371077 0.212742 2 0.367301 0.214593 2 0.371294 0.220391 2 0.367587 0.222009 2
0 0.597426 0.186741 0.013130 0.039216 0.597519 0.175391 2 0.597787 0.174702 2 0.597821 0.174638 1 0.598617 0.175201 2 0.599273 0.174892 1 0.598551 0.178991 2 0.599689 0.178610 2 0.596263 0.183117 2 0.597432 0.182747 1 0.594479 0.184039 2 0.594965 0.184057 1 0.599194 0.188693 2 0.599960 0.188182 2 0.595467 0.191834 2 0.596136 0.191211 2 0.595779 0.199765 2 0.596525 0.198920 2
0 0.404149 0.113912 0.014181 0.039216 0.406634 0.104128 2 0.406939 0.103418 2 0.406308 0.103473 2 0.407409 0.103746 2 0.405856 0.103896 2 0.408185 0.107288 2 0.405208 0.107614 2 0.409418 0.110757 2 0.404100 0.111250 2 0.409161 0.111078 2 0.404352 0.111662 2 0.407846 0.115337 2 0.405875 0.115518 2 0.408240 0.121942 2 0.405838 0.122313 2 0.408798 0.128855 2 0.406051 0.129209 2
0 0.193015 0.151261 0.009979 0.041083 0.194061 0.137292 2 0.194426 0.136495 2 0.193858 0.136509 1 0.195224 0.136838 2 0.193922 0.136869 1 0.196218 0.141202 2 0.194008 0.141481 2 0.197456 0.146484 2 0.193845 0.146810 2 0.197426 0.151257 2 0.193895 0.152006 2 0.196582 0.151804 2 0.195009 0.151987 2 0.197277 0.159402 2 0.195260 0.159730 2 0.198260 0.166579 2 0.195507 0.167365 2
0 0.200630 0.151261 0.009454 0.033613 0.202732 0.138860 2 0.203047 0.138150 2 0.202339 0.138223 2 0.203548 0.138240 1 0.201733 0.138445 2 0.204303 0.141193 2 0.201171 0.141692 2 0.205162 0.143271 2 0.200503 0.144277 2 0.203354 0.142113 2 0.203062 0.144180 2 0.204596 0.150942 2 0.202380 0.151235 2 0.205297 0.157879 2 0.202785 0.158443 2 0.205652 0.164629 2 0.202849 0.165336 2
0 0.208771 0.151727 0.008929 0.038282 0.210088 0.138897 2 0.210480 0.138117 2 0.209725 0.138145 2 0.211138 0.138412 2 0.209359 0.138523 2 0.212473 0.142354 2 0.208705 0.142607 2 0.214543 0.146301 2 0.208074 0.146730 2 0.213305 0.150566 2 0.208251 0.150725 2 0.211987 0.153140 2 0.209557 0.153199 2 0.212453 0.160837 2 0.209585 0.160802 2 0.212248 0.168338 2 0.210528 0.167972 2
0 0.570116 0.695145 0.019433 0.049486 0.571444 0.676618 1 0.571250 0.675132 1 0.571914 0.675404 1 0.570149 0.675738 2 0.574219 0.676197 2 0.568670 0.682840 2 0.576177 0.685175 2 0.565677 0.682683 2 0.579057 0.687396 2 0.565300 0.679916 2 0.575135 0.681856 2 0.569753 0.702167 2 0.574619 0.703043 2 0.565700 0.692051 2 0.570558 0.693794 2 0.566444 0.706152 2 0.570817 0.708038 2
0 0.271796 0.101774 0.008929 0.039216 0.268638 0.091954 2 0.268851 0.091239 2 0.268499 0.091392 1 0.269585 0.090999 2 0.268790 0.091358 1 0.271078 0.093739 2 0.269007 0.094218 2 0.271970 0.097387 2 0.268910 0.097818 2 0.269684 0.097683 2 0.269169 0.097262 2 0.271742 0.103355 2 0.270223 0.103529 2 0.272369 0.110719 2 0.270487 0.110843 2 0.273223 0.117484 2 0.270810 0.117709 2
0 0.249212 0.095705 0.020483 0.036415 0.247620 0.084038 2 0.248006 0.083319 1 0.247271 0.083420 1 0.248716 0.084017 2 0.246981 0.084256 2 0.249733 0.088777 2 0.246363 0.089371 2 0.251239 0.092975 2 0.245402 0.093896 2 0.251978 0.096910 2 0.245112 0.097815 2 0.250020 0.097942 2 0.247808 0.098419 2 0.250644 0.103763 2 0.248287 0.104570 2 0.251702 0.109359 2 0.248681 0.109937 2
0 0.608456 0.125584 0.013130 0.045752 0.609519 0.112316 1 0.609545 0.111664 1 0.609575 0.111636 1 0.609248 0.111317 2 0.610416 0.111255 2 0.608458 0.113873 2 0.611172 0.113712 2 0.607558 0.117149 2 0.612584 0.116869 2 0.608744 0.118616 2 0.611937 0.118176 2 0.608870 0.122094 2 0.610609 0.121950 2 0.609263 0.128221 2 0.610427 0.128149 2 0.609126 0.134161 2 0.610233 0.133684 2
