0 0.624256 0.472884 0.028274 0.165344 0.620529 0.407011 1 0.621458 0.404448 1 0.622225 0.405234 1 0.623938 0.408430 2 0.630578 0.409266 1 0.619164 0.426512 2 0.632921 0.426480 2 0.612654 0.441450 2 0.636605 0.450699 2 0.607463 0.455675 2 0.636709 0.467018 2 0.618252 0.470312 2 0.627865 0.468957 2 0.614986 0.503460 2 0.627331 0.495317 2 0.612780 0.539009 2 0.628831 0.517678 2
0 0.836682 0.584656 0.049851 0.190476 0.847366 0.522459 2 0.849975 0.519338 2 0.846309 0.517155 2 0.850967 0.517056 1 0.841152 0.511258 2 0.852036 0.530060 2 0.832383 0.527350 2 0.857624 0.557029 2 0.823262 0.547656 2 0.859604 0.579710 2 0.817483 0.571414 2 0.843028 0.580108 2 0.830366 0.579697 2 0.840364 0.614764 2 0.827426 0.622432 2 0.836648 0.638340 2 0.825031 0.663098 2
0 0.553199 0.463624 0.042411 0.165344 0.546889 0.399779 1 0.547609 0.396877 1 0.547998 0.397169 1 0.548708 0.399983 2 0.554818 0.399795 2 0.545798 0.420334 2 0.558557 0.419238 2 0.544081 0.444349 2 0.562170 0.442671 2 0.539044 0.460522 2 0.564945 0.461061 2 0.546938 0.466688 2 0.556117 0.466152 2 0.544876 0.499435 2 0.557910 0.499405 2 0.544681 0.534364 2 0.557856 0.530200 2
0 0.325149 0.514550 0.034226 0.174603 0.325774 0.451222 1 0.324813 0.448427 1 0.325961 0.448507 1 0.318562 0.450839 2 0.327500 0.451812 2 0.314422 0.468138 2 0.329054 0.471697 2 0.312744 0.486368 2 0.333974 0.496011 2 0.317192 0.497298 1 0.337342 0.517245 2 0.317866 0.514685 2 0.328182 0.516621 2 0.318761 0.547100 2 0.331213 0.551361 2 0.319747 0.575906 2 0.334235 0.582893 2
0 0.392857 0.375000 0.035714 0.141534 0.388883 0.318692 2 0.389201 0.316495 2 0.389720 0.316329 1 0.391016 0.319478 2 0.396424 0.318007 1 0.392704 0.335943 2 0.399389 0.329793 2 0.391493 0.353126 2 0.392527 0.328986 2 0.381951 0.355740 2 0.380482 0.317357 2 0.395131 0.373030 2 0.401210 0.370678 2 0.388085 0.399440 2 0.401961 0.400356 2 0.386314 0.429371 2 0.405565 0.428549 2
0 0.337054 0.373016 0.035714 0.134921 0.335375 0.326246 2 0.334763 0.324371 1 0.333976 0.325094 2 0.331902 0.328279 1 0.330825 0.329436 2 0.334290 0.338512 2 0.332893 0.340488 2 0.341954 0.344120 2 0.341399 0.348711 2 0.346512 0.332464 2 0.346212 0.334472 2 0.338104 0.370021 2 0.338147 0.370774 2 0.335958 0.398542 2 0.343560 0.397306 2 0.328467 0.419135 2 0.345166 0.420291 2
0 0.451265 0.400794 0.031994 0.140212 0.447837 0.345178 1 0.448504 0.342445 1 0.448571 0.342322 1 0.451535 0.345005 2 0.455969 0.344122 1 0.452518 0.361876 2 0.458432 0.359545 2 0.448223 0.379691 2 0.457089 0.376253 2 0.445411 0.379924 2 0.448171 0.377413 1 0.452789 0.400975 2 0.458107 0.399493 2 0.449180 0.429413 2 0.461729 0.428070 2 0.446052 0.455705 2 0.468059 0.450839 2
0 0.299107 0.419312 0.031250 0.156085 0.300100 0.366090 1 0.298811 0.363837 1 0.299806 0.364250 1 0.294931 0.365325 1 0.298608 0.366821 2 0.293912 0.381036 2 0.297009 0.385368 2 0.297349 0.400931 2 0.302705 0.405894 2 0.302476 0.411348 2 0.308816 0.417777 2 0.300684 0.421373 2 0.300587 0.425416 2 0.310729 0.441306 2 0.298843 0.453294 2 0.314968 0.467536 2 0.289777 0.479037 2
0 0.134673 0.371693 0.032738 0.124339 0.133373 0.321369 2 0.133943 0.318772 2 0.131763 0.319380 2 0.134407 0.319464 1 0.127975 0.320742 2 0.137982 0.333219 2 0.125210 0.335366 2 0.143920 0.346569 2 0.123429 0.351993 2 0.139273 0.352129 2 0.125655 0.368657 2 0.139562 0.368542 2 0.130768 0.369744 2 0.142368 0.393621 2 0.132104 0.396317 2 0.148048 0.417998 2 0.133748 0.422062 2
0 0.405878 0.299603 0.018601 0.104497 0.393474 0.317769 1 0.393593 0.315923 1 0.394385 0.315609 1 0.393437 0.318697 2 0.398408 0.317292 1 0.394392 0.334514 2 0.400118 0.331796 2 0.394192 0.357152 2 0.399998 0.351966 1 0.392857 0.357685 1 0.394519 0.354886 1 0.397670 0.368032 2 0.401787 0.366320 1 0.392984 0.364820 1 0.398141 0.362524 1 0.395094 0.371466 1 0.399515 0.371161 1
0 0.537574 0.203042 0.018601 0.083333 0.535799 0.170820 1 0.535849 0.169107 1 0.535964 0.169281 1 0.534591 0.170378 2 0.538449 0.170504 2 0.532873 0.180900 2 0.540460 0.181118 2 0.530577 0.191805 2 0.542555 0.193327 2 0.530327 0.200336 2 0.543011 0.204066 2 0.533768 0.203503 2 0.539308 0.203501 2 0.532677 0.220708 2 0.540478 0.220611 2 0.531447 0.237271 2 0.541500 0.237027 2
0 0.956473 0.282407 0.034970 0.117725 0.959988 0.290743 1 0.959495 0.289019 1 0.960602 0.289011 1 0.956266 0.291194 2 0.963292 0.291059 2 0.954510 0.303513 2 0.966203 0.303071 2 0.952418 0.322658 2 0.968128 0.319494 2 0.949732 0.336495 2 0.968037 0.333134 2 0.956287 0.333930 2 0.964099 0.333389 2 0.951154 0.347548 2 0.957256 0.348642 2 0.951105 0.353391 1 0.954885 0.357258 1
0 0.787574 0.274471 0.021577 0.088624 0.791366 0.242827 2 0.791407 0.241010 2 0.790444 0.240825 2 0.790358 0.241957 1 0.787209 0.241257 2 0.789353 0.252258 2 0.783754 0.250346 2 0.789927 0.266386 2 0.780724 0.263874 2 0.792191 0.273544 2 0.787201 0.273032 2 0.787215 0.273538 2 0.783364 0.273977 2 0.797527 0.280642 2 0.794440 0.281010 2 0.791175 0.299098 2 0.789166 0.300302 2
0 0.809524 0.268519 0.025298 0.084656 0.809348 0.242247 2 0.809347 0.240443 2 0.808424 0.240408 2 0.808089 0.241108 1 0.804972 0.241162 2 0.807907 0.248597 2 0.801735 0.251268 2 0.810933 0.260939 2 0.806813 0.264232 2 0.814690 0.268638 2 0.811902 0.272554 2 0.808003 0.270480 2 0.803631 0.273707 2 0.816777 0.275394 2 0.813189 0.283599 2 0.813377 0.294632 2 0.813452 0.305449 2
0 0.968006 0.934524 0.058036 0.123016 0.980478 0.917738 2 0.985057 0.912176 2 0.977874 0.909455 2 0.989775 0.913593 2 0.971986 0.906976 2 0.988913 0.945732 2 0.964030 0.932074 2 0.978316 0.988967 2 0.953494 0.963070 2 0.956868 0.988951 2 0.949866 0.980798 2 0.975609 0.998286 2 0.959176 0.990349 2 0.962453 0.989811 1 0.943746 0.983966 1 0.955688 0.997186 1 0.952204 0.997084 1
0 0.538690 0.322751 0.028274 0.076720 0.537715 0.301929 2 0.538985 0.300642 2 0.536887 0.300272 2 0.541245 0.297894 2 0.535508 0.297309 2 0.543833 0.298164 2 0.532925 0.300012 2 0.547255 0.308119 2 0.531754 0.313471 2 0.543479 0.320506 2 0.532995 0.324173 2 0.542273 0.313750 2 0.534534 0.314578 2 0.544293 0.329341 2 0.532137 0.331357 2 0.545573 0.347109 2 0.530427 0.350702 2
0 0.518229 0.291005 0.023065 0.066138 0.516735 0.272238 2 0.517462 0.270186 2 0.515842 0.270541 2 0.518690 0.268214 2 0.514448 0.269040 2 0.521208 0.275529 2 0.512353 0.276458 2 0.522945 0.287015 2 0.509446 0.287071 2 0.520047 0.294116 2 0.512688 0.295754 2 0.519772 0.299226 2 0.513908 0.299918 2 0.521126 0.314336 2 0.514009 0.316442 2 0.521406 0.326937 1 0.514157 0.329435 1
0 0.492932 0.159392 0.017113 0.054233 0.494737 0.149045 2 0.495115 0.147921 2 0.494238 0.147893 2 0.495858 0.148832 1 0.493489 0.148741 2 0.496718 0.154193 2 0.492332 0.153760 2 0.498442 0.161170 2 0.491127 0.159649 2 0.497882 0.163742 2 0.492891 0.161505 2 0.495440 0.162084 2 0.491736 0.161928 2 0.498227 0.169733 2 0.488439 0.170637 2 0.497799 0.183281 2 0.484806 0.183846 2
0 0.097470 0.319444 0.017857 0.062169 0.092278 0.302306 2 0.092651 0.300198 2 0.091463 0.301004 2 0.094771 0.296421 2 0.091475 0.298602 1 0.098442 0.297675 2 0.092100 0.301570 2 0.101311 0.307925 2 0.090829 0.316087 2 0.099105 0.311795 2 0.087394 0.329621 2 0.102750 0.311343 2 0.098021 0.313194 2 0.105669 0.320030 2 0.094997 0.321825 2 0.106376 0.338510 2 0.094138 0.337059 2
0 0.608259 0.140212 0.014137 0.068783 0.608839 0.118657 2 0.609217 0.117308 2 0.608134 0.117290 2 0.609254 0.117956 1 0.606588 0.117851 2 0.609896 0.125116 2 0.604767 0.124971 2 0.610770 0.132769 2 0.603856 0.133934 2 0.609459 0.126899 2 0.605535 0.133887 2 0.609326 0.142968 2 0.605819 0.142977 2 0.609780 0.156067 2 0.605737 0.156507 2 0.609266 0.169192 2 0.606064 0.169666 2
0 0.215030 0.218254 0.016369 0.037037 0.213162 0.223494 2 0.214669 0.220846 2 0.212284 0.220880 2 0.217240 0.221645 2 0.211287 0.221628 1 0.219557 0.232337 2 0.209641 0.232606 2 0.220335 0.234274 1 0.209037 0.234396 1 0.216008 0.227454 1 0.210901 0.229511 1 0.217842 0.235841 1 0.211277 0.235732 1 0.217993 0.233022 1 0.209450 0.232994 1 0.214422 0.230202 1 0.213782 0.232213 1
0 0.177455 0.134259 0.014137 0.056878 0.182864 0.120556 1 0.182493 0.119651 1 0.182515 0.119650 1 0.180692 0.120963 1 0.181460 0.120887 2 0.180785 0.127267 2 0.181423 0.126923 2 0.182477 0.133924 1 0.182028 0.134032 2 0.184413 0.132810 1 0.183942 0.133967 2 0.181439 0.140925 2 0.182385 0.140846 2 0.181689 0.151228 2 0.185512 0.150023 2 0.178018 0.159195 2 0.184439 0.159052 2
0 0.775298 0.181217 0.016369 0.060847 0.775011 0.163646 1 0.774959 0.162667 1 0.775323 0.162643 1 0.774220 0.163560 2 0.777241 0.163391 2 0.774060 0.169588 2 0.778172 0.169460 2 0.771341 0.174430 2 0.780012 0.175340 2 0.771579 0.172864 2 0.778322 0.178137 2 0.775515 0.183298 2 0.778059 0.183114 2 0.775111 0.194247 2 0.776683 0.193797 2 0.774679 0.204949 2 0.777341 0.205029 2
0 0.411086 0.115741 0.017113 0.054233 0.413069 0.094444 1 0.412766 0.093447 1 0.413008 0.093514 1 0.410782 0.093595 2 0.413174 0.093878 2 0.409305 0.099158 2 0.414214 0.099123 2 0.408524 0.105758 2 0.415826 0.104277 2 0.408445 0.112368 1 0.414408 0.107475 1 0.409732 0.112093 2 0.413316 0.112076 2 0.409515 0.121044 2 0.414222 0.121301 2 0.409131 0.130080 1 0.414004 0.130174 1
0 0.388021 0.106481 0.015625 0.048942 0.389393 0.114267 2 0.390777 0.111559 2 0.388276 0.111665 2 0.392990 0.112627 2 0.387063 0.112787 2 0.397592 0.123953 2 0.385525 0.125063 2 0.397976 0.131960 1 0.384039 0.133884 1 0.392146 0.125119 1 0.388488 0.125899 1 0.396231 0.137033 1 0.388367 0.137055 1 0.395706 0.127017 1 0.386119 0.125877 1 0.390919 0.126046 1 0.392208 0.129749 1
0 0.136161 0.119048 0.016369 0.031746 0.133259 0.113403 2 0.133572 0.112369 2 0.132575 0.112630 2 0.134116 0.112247 1 0.131445 0.113017 2 0.135317 0.115012 2 0.131670 0.117213 2 0.138239 0.119554 2 0.132283 0.123143 2 0.137583 0.123788 2 0.133069 0.127177 2 0.137704 0.122184 2 0.135244 0.123535 2 0.138414 0.119174 2 0.133900 0.121493 2 0.141527 0.126408 2 0.136770 0.128614 2
0 0.831101 0.175265 0.014881 0.051587 0.831267 0.159791 1 0.831336 0.158684 1 0.831654 0.158643 1 0.831539 0.159201 2 0.833907 0.158804 2 0.831619 0.165983 2 0.834986 0.165066 2 0.831036 0.173920 2 0.836563 0.172012 2 0.831258 0.180838 2 0.835470 0.179004 2 0.831628 0.180244 2 0.833754 0.179630 2 0.831273 0.188729 2 0.831852 0.188297 2 0.830652 0.196944 2 0.830880 0.196687 2
0 0.682664 0.133598 0.011161 0.047619 0.683648 0.121313 2 0.683843 0.120150 1 0.683146 0.120098 2 0.683534 0.119858 1 0.681460 0.119751 2 0.683322 0.125604 2 0.680004 0.125586 2 0.683337 0.132571 2 0.678746 0.132605 2 0.682298 0.138451 2 0.678716 0.138870 2 0.682076 0.139003 2 0.679959 0.138977 2 0.680962 0.148011 2 0.679221 0.147976 2 0.680095 0.154182 1 0.678528 0.154239 2
0 0.569940 0.106481 0.011905 0.051587 0.563854 0.084205 2 0.564241 0.082850 2 0.563414 0.083229 2 0.565369 0.083464 1 0.563563 0.084162 1 0.567830 0.089665 2 0.564776 0.090167 2 0.570547 0.097082 2 0.564822 0.096942 2 0.570076 0.103112 2 0.564154 0.101084 2 0.568436 0.101383 2 0.566633 0.101235 2 0.567844 0.110483 2 0.566729 0.109571 2 0.568014 0.120952 2 0.567807 0.121069 2
0 0.958333 0.320106 0.041667 0.137566 0.960013 0.290423 1 0.959694 0.288579 1 0.960558 0.288694 1 0.956684 0.290774 2 0.963809 0.290728 2 0.954816 0.303979 2 0.966079 0.302722 2 0.952767 0.321717 2 0.967892 0.320221 2 0.951318 0.334500 2 0.967981 0.333204 2 0.955559 0.335665 2 0.963474 0.334130 2 0.948985 0.358759 2 0.957757 0.355320 2 0.947546 0.384336 2 0.955991 0.379786 2
0 0.955729 0.171958 0.020089 0.066138 0.952273 0.156827 2 0.952440 0.155307 2 0.952442 0.155296 1 0.954347 0.154510 2 0.955552 0.154383 1 0.954862 0.161164 2 0.959717 0.160317 2 0.954100 0.170750 2 0.962895 0.168066 2 0.952133 0.179089 2 0.961037 0.173839 2 0.954431 0.180331 2 0.957568 0.179421 2 0.952355 0.193994 2 0.954470 0.193914 2 0.952853 0.209490 2 0.954305 0.208837 2
0 0.905878 0.188492 0.020089 0.038360 0.905518 0.178109 2 0.906416 0.176471 2 0.904900 0.176413 2 0.907770 0.176653 2 0.904092 0.176474 1 0.908895 0.181689 2 0.902494 0.181177 2 0.907358 0.191281 2 0.899993 0.189463 2 0.901022 0.196510 2 0.900060 0.194768 2 0.906835 0.195805 2 0.902478 0.195073 2 0.906915 0.193151 2 0.897781 0.192669 2 0.900248 0.199431 2 0.899173 0.199419 2
0 0.941592 0.192460 0.020089 0.033069 0.938840 0.187567 2 0.939705 0.185723 2 0.938158 0.186062 2 0.941508 0.185221 2 0.937601 0.185954 1 0.944118 0.190258 2 0.936882 0.190436 2 0.944867 0.199214 2 0.933858 0.198414 2 0.940210 0.199731 2 0.935179 0.200868 2 0.943355 0.204138 2 0.938647 0.203669 2 0.941910 0.203698 2 0.933644 0.202807 2 0.939602 0.209894 2 0.937013 0.209264 2
