0 0.569940 0.374339 0.022321 0.134921 0.567030 0.325911 2 0.568215 0.323930 2 0.567590 0.323825 1 0.571347 0.327310 2 0.572698 0.326579 1 0.570547 0.342810 2 0.575481 0.341993 2 0.570388 0.363467 2 0.573300 0.361102 1 0.566843 0.382554 2 0.566999 0.375269 1 0.570111 0.381620 2 0.575010 0.381050 2 0.563957 0.405699 2 0.576614 0.406876 2 0.563125 0.432102 2 0.581084 0.430567 2
0 0.588170 0.902116 0.060268 0.190476 0.578033 0.846014 2 0.580905 0.843352 2 0.578915 0.842201 1 0.590661 0.849573 2 0.584912 0.845637 1 0.604071 0.880056 2 0.580127 0.867518 2 0.613115 0.929879 2 0.572513 0.895858 2 0.607213 0.972731 2 0.562300 0.928604 2 0.593788 0.954778 2 0.577508 0.946253 2 0.590005 1.000000 1 0.571378 0.993267 1 0.586841 1.000000 1 0.566613 0.993561 1
0 0.652158 0.182540 0.018601 0.071429 0.655453 0.159002 1 0.655451 0.157565 1 0.655724 0.157872 1 0.654163 0.157803 2 0.657520 0.158362 2 0.652060 0.164401 2 0.658478 0.165979 2 0.649795 0.173984 2 0.659361 0.176546 2 0.648731 0.182322 2 0.658633 0.185345 2 0.651384 0.183716 2 0.655872 0.184464 2 0.648973 0.198069 2 0.654566 0.200405 2 0.647614 0.213438 2 0.653421 0.215766 2
0 0.524182 0.414683 0.026042 0.152116 0.519465 0.349253 2 0.520841 0.347286 2 0.519821 0.346879 1 0.524917 0.351458 2 0.522755 0.350439 1 0.528736 0.367849 2 0.522361 0.366133 2 0.534441 0.387788 2 0.524592 0.386257 1 0.530502 0.404885 2 0.522287 0.402180 2 0.528876 0.408295 2 0.525342 0.406971 2 0.525664 0.438814 2 0.526472 0.434975 2 0.525609 0.467708 2 0.532747 0.458358 2
0 0.476190 0.494709 0.043155 0.156085 0.471967 0.429973 1 0.472381 0.427588 1 0.473859 0.426961 1 0.473369 0.431030 2 0.480786 0.428052 1 0.477196 0.449873 2 0.482683 0.440084 2 0.471857 0.472379 2 0.477726 0.442523 2 0.467149 0.475543 2 0.471498 0.437293 2 0.487014 0.484995 2 0.488890 0.480731 2 0.486674 0.512387 2 0.477239 0.505665 2 0.493881 0.539278 2 0.479106 0.535484 2
0 0.416667 0.405423 0.041667 0.138889 0.403769 0.353952 1 0.403524 0.351621 1 0.403680 0.351401 1 0.400245 0.354384 2 0.407585 0.353148 2 0.399301 0.369790 2 0.412154 0.367097 2 0.397296 0.386296 2 0.422002 0.380566 2 0.403580 0.386439 1 0.428964 0.381180 2 0.404505 0.409472 2 0.414495 0.408249 2 0.401428 0.437561 2 0.422358 0.434664 2 0.393988 0.464138 2 0.428049 0.464158 2
0 0.469866 0.455688 0.036458 0.154762 0.472814 0.430225 1 0.473000 0.428084 1 0.474552 0.427776 1 0.473448 0.431700 2 0.481106 0.429564 1 0.476474 0.447947 2 0.483032 0.441014 2 0.471118 0.467818 2 0.478339 0.447470 2 0.467114 0.475174 2 0.471580 0.450993 1 0.485936 0.485305 2 0.488922 0.482166 2 0.483855 0.512394 2 0.477232 0.507035 2 0.490287 0.539120 2 0.479655 0.536278 2
0 0.299107 0.408730 0.032738 0.145503 0.299313 0.350395 2 0.299035 0.348439 2 0.297632 0.349107 2 0.298511 0.352054 1 0.294204 0.353686 2 0.302780 0.367534 2 0.291825 0.370569 2 0.306437 0.385471 2 0.290875 0.392225 2 0.307376 0.402180 2 0.295653 0.406559 2 0.304339 0.403230 2 0.295915 0.404738 2 0.306819 0.431430 2 0.293357 0.433925 2 0.308634 0.459722 2 0.289027 0.463500 2
0 0.481027 0.395503 0.030506 0.150794 0.472282 0.428965 1 0.472358 0.427244 1 0.474050 0.426038 1 0.472738 0.431880 2 0.481535 0.427386 2 0.475212 0.451004 2 0.483354 0.439960 2 0.471548 0.473351 2 0.475770 0.443387 2 0.467207 0.476598 2 0.468883 0.440809 2 0.486028 0.482678 2 0.491284 0.478359 2 0.480998 0.498575 1 0.485207 0.493761 1 0.483331 0.499525 1 0.484663 0.498744 1
0 0.383929 0.427910 0.034226 0.146825 0.392783 0.367400 1 0.391566 0.365310 1 0.392644 0.364888 1 0.385431 0.368818 1 0.391702 0.368514 2 0.383654 0.384733 2 0.391005 0.386551 2 0.385382 0.405323 2 0.392545 0.410042 2 0.392280 0.415322 1 0.399406 0.421044 2 0.386678 0.425518 2 0.392240 0.427175 2 0.389767 0.453553 2 0.396778 0.456933 2 0.388586 0.482582 2 0.397203 0.491915 2
0 0.134301 0.370370 0.036458 0.126984 0.131578 0.320920 2 0.132751 0.318340 2 0.130162 0.318675 2 0.134808 0.318758 2 0.127916 0.319748 2 0.139139 0.331780 2 0.126274 0.335362 2 0.145622 0.344111 2 0.124487 0.352917 2 0.141600 0.351592 2 0.126269 0.369552 2 0.140841 0.366120 2 0.132072 0.368170 2 0.143910 0.391994 2 0.133355 0.394649 2 0.148944 0.416176 2 0.134631 0.419682 2
0 0.354911 0.319444 0.022321 0.109788 0.369335 0.351933 2 0.367902 0.349699 1 0.368564 0.349918 2 0.362338 0.352448 1 0.365696 0.353770 2 0.360286 0.368876 2 0.364627 0.371586 2 0.361450 0.387804 1 0.364979 0.393034 2 0.366280 0.389313 1 0.368796 0.393455 1 0.361655 0.394459 1 0.364648 0.395296 1 0.365488 0.387569 1 0.367787 0.391271 1 0.364007 0.394668 1 0.365492 0.395296 1
0 0.511905 0.205688 0.020833 0.080688 0.515796 0.217169 1 0.514979 0.215635 1 0.515653 0.215712 1 0.511481 0.215943 1 0.514318 0.216688 2 0.511238 0.224648 2 0.511556 0.225866 2 0.509097 0.237572 2 0.508901 0.239704 2 0.507808 0.249849 1 0.507542 0.252638 2 0.511258 0.250478 2 0.511442 0.251175 2 0.510725 0.261781 1 0.510646 0.261781 1 0.509882 0.260768 1 0.510218 0.261781 1
0 0.962426 0.282407 0.034970 0.117725 0.976024 0.238294 2 0.975565 0.235709 1 0.975317 0.235850 2 0.970076 0.235160 1 0.972107 0.235606 2 0.963073 0.245755 2 0.972204 0.247649 2 0.961709 0.260597 2 0.975521 0.262202 2 0.969118 0.268335 2 0.981833 0.268001 2 0.961356 0.280483 2 0.968014 0.281702 2 0.957163 0.302781 2 0.966473 0.305813 2 0.952210 0.323987 2 0.962659 0.329653 2
0 0.789435 0.275132 0.023810 0.097884 0.792501 0.241886 2 0.792549 0.240000 2 0.791671 0.239716 2 0.791351 0.240464 1 0.788365 0.239656 2 0.790394 0.249897 2 0.784091 0.248890 2 0.791138 0.263967 2 0.781951 0.263953 2 0.793129 0.272045 2 0.789108 0.271690 2 0.789094 0.271919 2 0.784377 0.272980 2 0.800927 0.279843 2 0.793737 0.280469 2 0.797070 0.300673 2 0.790230 0.301659 2
0 0.808408 0.269841 0.024554 0.089947 0.810290 0.240910 2 0.809715 0.239025 1 0.810127 0.239051 2 0.807041 0.239162 1 0.808804 0.239531 2 0.807133 0.247081 2 0.805091 0.248523 2 0.811405 0.260164 2 0.807796 0.263406 2 0.815175 0.269028 2 0.813119 0.272960 2 0.806183 0.270191 2 0.804916 0.272090 2 0.815126 0.277173 2 0.813120 0.280164 2 0.812653 0.297158 2 0.814789 0.299528 2
0 0.556176 0.240741 0.014137 0.058201 0.558187 0.221704 2 0.558883 0.220578 2 0.557713 0.220484 2 0.560048 0.221182 2 0.557152 0.221037 1 0.561131 0.227601 2 0.556203 0.227674 2 0.562422 0.233360 2 0.554971 0.233157 2 0.560379 0.235420 2 0.555190 0.236994 2 0.559936 0.240194 2 0.556719 0.240206 2 0.559816 0.248370 2 0.556593 0.249128 2 0.559499 0.257037 2 0.556853 0.258269 2
0 0.856027 0.882275 0.070685 0.219577 0.865521 0.804201 1 0.865446 0.799766 1 0.866594 0.801436 1 0.859376 0.802173 2 0.871497 0.806501 2 0.849719 0.821656 2 0.872058 0.834238 2 0.840162 0.836712 2 0.865749 0.855056 2 0.847895 0.834770 2 0.855838 0.842772 1 0.841293 0.878944 2 0.857924 0.885569 2 0.835861 0.912233 2 0.859602 0.931104 2 0.832077 0.955243 2 0.860910 0.981756 2
0 0.538318 0.325397 0.026042 0.108466 0.537689 0.286454 2 0.538063 0.284104 2 0.536982 0.284688 1 0.540064 0.280968 2 0.537930 0.282418 1 0.544384 0.289065 2 0.539898 0.288440 2 0.546655 0.305531 2 0.540866 0.301116 1 0.540163 0.303317 2 0.538474 0.299959 1 0.543149 0.319112 2 0.540347 0.318065 2 0.542799 0.341335 2 0.541436 0.339697 2 0.543557 0.361771 2 0.543333 0.357958 2
0 0.519717 0.294974 0.024554 0.082011 0.511946 0.238095 1 0.511878 0.238095 1 0.512147 0.238095 1 0.511438 0.238095 1 0.512917 0.238095 1 0.510561 0.238095 1 0.513087 0.238350 1 0.508330 0.243216 2 0.510948 0.243124 2 0.506811 0.252807 2 0.507726 0.251886 2 0.510897 0.250585 2 0.512384 0.250745 2 0.511180 0.266660 2 0.511361 0.267256 2 0.511801 0.280336 2 0.510137 0.281016 2
0 0.477679 0.157407 0.017857 0.063492 0.475516 0.132026 2 0.476046 0.130707 2 0.474900 0.130891 2 0.477094 0.130564 2 0.474071 0.131083 2 0.479483 0.136622 2 0.473866 0.137750 2 0.482698 0.144368 2 0.473396 0.145626 2 0.480146 0.152634 2 0.473279 0.152168 2 0.479263 0.155241 2 0.475334 0.155597 2 0.480303 0.168551 2 0.475342 0.169043 2 0.482525 0.181938 2 0.476069 0.183427 2
0 0.095982 0.316138 0.017857 0.066138 0.095195 0.295069 2 0.095544 0.292923 2 0.094285 0.294100 2 0.096889 0.291016 2 0.093586 0.293976 2 0.099029 0.295834 2 0.093924 0.300358 2 0.102527 0.301142 2 0.093186 0.310658 2 0.100909 0.305558 2 0.094106 0.313982 2 0.099463 0.311918 2 0.095597 0.313628 2 0.103154 0.318873 2 0.094016 0.320372 2 0.103350 0.334711 2 0.091158 0.333142 2
0 0.616071 0.138889 0.016369 0.074074 0.616497 0.114571 2 0.616780 0.113512 1 0.615900 0.113377 2 0.616623 0.114637 1 0.614501 0.114486 2 0.617081 0.118974 2 0.613523 0.121247 2 0.620884 0.112071 2 0.615481 0.121676 2 0.621623 0.106413 2 0.616956 0.116886 2 0.615921 0.137835 2 0.613389 0.138366 2 0.615302 0.152398 2 0.612453 0.152338 2 0.614510 0.165603 2 0.612101 0.165982 2
0 0.194196 0.183862 0.016369 0.037037 0.196907 0.174044 1 0.196479 0.173046 1 0.196851 0.173142 2 0.194117 0.173069 1 0.196073 0.173449 2 0.193010 0.177640 2 0.195557 0.178006 2 0.192206 0.183056 2 0.195706 0.183271 2 0.193778 0.184495 1 0.196072 0.184645 2 0.193295 0.187209 2 0.195186 0.187499 2 0.193711 0.194105 2 0.196034 0.193804 2 0.193088 0.200094 2 0.196736 0.200500 2
0 0.156622 0.136243 0.017113 0.055556 0.155653 0.116958 1 0.155818 0.115961 1 0.156078 0.115949 1 0.155820 0.116579 2 0.158355 0.116258 2 0.154627 0.122891 2 0.159887 0.121917 2 0.153376 0.128952 2 0.162249 0.127547 2 0.154779 0.133317 1 0.162778 0.133975 2 0.157131 0.136002 2 0.160417 0.135659 2 0.158630 0.145117 2 0.160440 0.143838 2 0.160230 0.153591 2 0.160776 0.150888 2
0 0.807664 0.199074 0.017113 0.062169 0.810082 0.177576 1 0.809806 0.176467 1 0.810217 0.176704 1 0.807815 0.177023 1 0.810960 0.177602 2 0.806770 0.182852 2 0.810554 0.184159 2 0.808184 0.187866 2 0.812495 0.190682 2 0.812339 0.187103 1 0.812707 0.187385 2 0.804713 0.197703 2 0.807564 0.198344 2 0.805043 0.208513 2 0.809448 0.209319 2 0.802566 0.218091 2 0.809228 0.218518 2
0 0.432664 0.113095 0.012649 0.056878 0.432801 0.094870 1 0.432749 0.094114 1 0.432937 0.094100 1 0.432317 0.094845 2 0.434480 0.094742 2 0.431505 0.099988 2 0.435689 0.099744 2 0.430004 0.106150 2 0.436364 0.105782 2 0.429691 0.109573 1 0.436002 0.109665 1 0.432031 0.111781 2 0.434817 0.111608 2 0.431868 0.119561 2 0.434717 0.119475 1 0.432296 0.123927 1 0.434458 0.123785 1
0 0.399926 0.093915 0.012649 0.052910 0.402662 0.077583 2 0.403045 0.076728 1 0.402183 0.076736 2 0.403488 0.077066 1 0.401383 0.077092 2 0.403985 0.081606 2 0.400539 0.081835 2 0.404990 0.086713 2 0.399810 0.086892 2 0.404997 0.090016 2 0.401513 0.086830 2 0.403509 0.092648 2 0.401099 0.092824 2 0.403797 0.100890 2 0.400825 0.101200 2 0.404049 0.109814 2 0.400113 0.110055 2
0 0.135789 0.106481 0.015625 0.051587 0.135846 0.091324 1 0.135687 0.090615 1 0.135907 0.090464 1 0.134671 0.090483 2 0.136371 0.090255 2 0.134022 0.094040 2 0.136981 0.093593 2 0.132959 0.098821 2 0.138038 0.098297 2 0.133441 0.101082 2 0.138846 0.102239 2 0.134930 0.103395 2 0.136899 0.103284 2 0.136352 0.109466 2 0.138210 0.109127 2 0.136734 0.115233 2 0.138620 0.115620 2
0 0.822917 0.175265 0.014881 0.048942 0.826066 0.155556 1 0.825801 0.154558 1 0.826273 0.154750 1 0.823989 0.155062 2 0.826874 0.155510 2 0.823202 0.160975 2 0.827228 0.161235 2 0.822715 0.168655 2 0.827905 0.166315 2 0.822062 0.175808 2 0.827603 0.165294 1 0.823289 0.175009 2 0.825964 0.175064 2 0.822289 0.183219 2 0.824810 0.183380 2 0.822250 0.191491 2 0.824151 0.191974 2
0 0.531250 0.254630 0.014881 0.054233 0.532915 0.277392 2 0.533776 0.275657 2 0.532155 0.275347 2 0.534668 0.275958 2 0.530701 0.275157 2 0.535827 0.286418 2 0.527977 0.285459 2 0.537419 0.292163 1 0.527124 0.292163 1 0.534175 0.286521 1 0.529955 0.290273 1 0.534455 0.292163 1 0.529444 0.292163 1 0.533930 0.287049 1 0.530134 0.286386 1 0.532278 0.291123 1 0.531472 0.289543 1
0 0.581845 0.097222 0.010417 0.038360 0.584198 0.085233 2 0.583928 0.084484 1 0.584073 0.084501 2 0.582833 0.084599 1 0.583364 0.084751 2 0.582518 0.088691 2 0.582644 0.088834 2 0.581348 0.093782 2 0.581986 0.093921 2 0.581070 0.098422 1 0.582227 0.098029 2 0.583197 0.098422 2 0.583041 0.098634 2 0.584130 0.105505 2 0.582413 0.105707 2 0.584517 0.112793 2 0.581938 0.113188 2
0 0.746652 0.133598 0.017113 0.052910 0.748572 0.115329 2 0.749066 0.114350 2 0.748010 0.114293 2 0.749635 0.114734 1 0.746897 0.114506 2 0.750125 0.120525 2 0.745212 0.120386 2 0.751181 0.126872 2 0.743601 0.127799 2 0.751507 0.131547 2 0.745272 0.131053 2 0.748747 0.134773 2 0.745441 0.134569 2 0.747800 0.145695 2 0.744457 0.145095 2 0.746928 0.155908 2 0.743065 0.154977 2
0 0.955729 0.174603 0.020089 0.063492 0.957155 0.153236 2 0.957752 0.151936 2 0.957225 0.152093 1 0.958935 0.152753 2 0.958183 0.153004 1 0.958655 0.160352 2 0.957410 0.160176 2 0.958313 0.171198 2 0.954999 0.169594 1 0.955746 0.180303 2 0.953633 0.176658 1 0.955129 0.179305 2 0.954469 0.178840 2 0.952604 0.192318 2 0.953024 0.192672 2 0.953253 0.208177 2 0.953653 0.207353 2
0 0.905134 0.186508 0.020089 0.042328 0.905704 0.177788 2 0.906606 0.176155 2 0.905237 0.176195 2 0.908232 0.176032 2 0.904793 0.175994 1 0.909736 0.180785 2 0.903305 0.180234 2 0.908256 0.190164 2 0.900209 0.188032 2 0.901802 0.195254 2 0.900196 0.194690 2 0.907353 0.194723 2 0.902932 0.193932 2 0.907579 0.191369 2 0.898415 0.190795 2 0.901486 0.197865 2 0.899249 0.198374 2
0 0.940848 0.193122 0.018601 0.034392 0.941099 0.182193 2 0.941995 0.180932 2 0.940888 0.180842 2 0.943882 0.181428 2 0.940774 0.181075 1 0.945951 0.187435 2 0.939678 0.187310 2 0.945896 0.196862 2 0.936013 0.194675 2 0.939370 0.198257 2 0.936200 0.196740 2 0.944574 0.202538 2 0.940532 0.201836 2 0.938734 0.198552 2 0.934996 0.199266 2 0.936661 0.200037 1 0.935305 0.203469 1
0 0.925967 0.189815 0.018601 0.035714 0.927882 0.184021 2 0.928183 0.182579 2 0.927050 0.182513 2 0.928273 0.183119 1 0.925078 0.183176 2 0.929778 0.190997 2 0.922793 0.190960 2 0.931174 0.197907 2 0.921450 0.198029 2 0.926692 0.197182 2 0.926265 0.197933 2 0.928489 0.205290 2 0.923624 0.205214 2 0.929076 0.204042 1 0.921820 0.203911 1 0.928630 0.206724 1 0.923595 0.206008 1
