0 0.666295 0.933201 0.045387 0.125661 0.673721 0.902724 2 0.675614 0.897803 2 0.670682 0.897429 2 0.675505 0.896905 1 0.663733 0.895980 2 0.667360 0.916501 2 0.665433 0.920031 2 0.676949 0.939373 2 0.680759 0.948159 2 0.684589 0.939932 2 0.688827 0.941465 2 0.673537 0.977120 2 0.672103 0.982037 2 0.688767 0.989677 1 0.692939 0.998061 2 0.685050 0.996944 1 0.686034 0.999346 1
0 0.706473 0.884259 0.043899 0.210317 0.713008 0.804366 2 0.715655 0.800640 2 0.710915 0.800226 2 0.719691 0.802626 2 0.707880 0.801504 2 0.723242 0.825156 2 0.702060 0.822843 2 0.727980 0.853797 2 0.694632 0.849135 2 0.725236 0.880992 2 0.694313 0.879761 2 0.716315 0.885886 2 0.702089 0.884387 2 0.714187 0.928046 2 0.695214 0.926084 2 0.710573 0.971076 2 0.691431 0.966515 2
0 0.642485 0.844577 0.073661 0.128307 0.673694 0.903018 2 0.675435 0.897829 2 0.670834 0.898030 2 0.674869 0.894259 1 0.664433 0.895432 2 0.664946 0.912008 2 0.666206 0.920139 2 0.672931 0.924033 1 0.674366 0.933862 1 0.685106 0.929762 1 0.683607 0.933386 1 0.666206 0.933862 1 0.667507 0.933862 1 0.679061 0.920844 1 0.683035 0.933862 1 0.680216 0.929718 1 0.678912 0.933862 1
0 0.318080 0.569444 0.026042 0.093915 0.321534 0.535339 2 0.322493 0.533676 2 0.320479 0.533833 2 0.324021 0.534956 2 0.319150 0.535246 2 0.325416 0.545060 2 0.316880 0.544121 2 0.326714 0.555740 2 0.310929 0.552221 2 0.328589 0.556909 2 0.314171 0.556203 2 0.325001 0.570981 2 0.319027 0.571246 2 0.327590 0.589670 2 0.317001 0.590737 2 0.328729 0.609041 2 0.316113 0.608847 2
0 0.584077 0.643519 0.032738 0.130952 0.582140 0.593732 2 0.583541 0.591084 2 0.580847 0.591327 2 0.586148 0.591957 2 0.579463 0.592748 2 0.589324 0.603586 2 0.577655 0.607573 2 0.594618 0.615859 2 0.575841 0.621785 2 0.601213 0.623509 2 0.580396 0.631416 2 0.588235 0.639640 2 0.579788 0.642696 2 0.594073 0.664346 2 0.578837 0.673079 2 0.592939 0.688237 2 0.575417 0.701307 2
0 0.571801 0.646164 0.027530 0.109788 0.582161 0.593976 2 0.583611 0.591464 2 0.581004 0.591546 2 0.586202 0.591417 2 0.579284 0.591659 2 0.589466 0.603956 2 0.576639 0.606283 2 0.590774 0.620753 1 0.574597 0.621181 2 0.589277 0.633055 1 0.580036 0.631580 2 0.588561 0.640268 2 0.579492 0.642159 2 0.588735 0.665268 2 0.578582 0.672684 2 0.587371 0.687059 2 0.575109 0.699879 2
0 0.484747 0.546958 0.020089 0.096561 0.486162 0.516399 1 0.486205 0.514609 1 0.487070 0.514760 1 0.485494 0.516040 2 0.490882 0.515858 2 0.483700 0.526210 2 0.492231 0.525823 2 0.481353 0.538736 2 0.494402 0.538736 2 0.481093 0.548993 2 0.495831 0.548285 2 0.485701 0.547408 2 0.491096 0.547277 2 0.485855 0.566801 2 0.489386 0.566119 2 0.486375 0.585699 2 0.488532 0.583582 2
0 0.531250 0.585979 0.031250 0.105820 0.538940 0.546536 1 0.538021 0.544655 1 0.538885 0.544640 1 0.533493 0.545869 2 0.539070 0.546103 2 0.529842 0.558809 2 0.541335 0.557030 2 0.527786 0.574082 2 0.546946 0.569187 2 0.526713 0.584918 2 0.552679 0.575277 2 0.532037 0.589762 2 0.539466 0.588824 2 0.533075 0.611697 2 0.540399 0.608609 2 0.533819 0.634238 2 0.539434 0.628796 2
0 0.532366 0.541667 0.024554 0.093915 0.539573 0.545858 1 0.538669 0.544112 1 0.539460 0.543993 1 0.534002 0.545427 2 0.539278 0.545581 2 0.530362 0.557979 2 0.541496 0.557064 2 0.527486 0.573451 2 0.546691 0.567564 2 0.526527 0.584367 2 0.548533 0.569414 2 0.532283 0.588356 2 0.539476 0.588213 2 0.532720 0.605428 2 0.540036 0.605339 2 0.533357 0.606390 1 0.538815 0.605527 1
0 0.503720 0.541667 0.019345 0.085979 0.511830 0.512472 1 0.511132 0.510900 1 0.511880 0.510826 1 0.507587 0.511465 2 0.511830 0.511752 2 0.504683 0.520423 2 0.512395 0.521168 2 0.502675 0.532455 2 0.514708 0.532307 2 0.501871 0.542463 2 0.517113 0.540755 2 0.505303 0.542980 2 0.510308 0.543553 2 0.505942 0.557347 2 0.509914 0.559853 2 0.505772 0.572902 2 0.508290 0.576485 2
0 0.503720 0.517857 0.016369 0.085979 0.511943 0.512324 1 0.511272 0.510716 1 0.511935 0.510782 1 0.507664 0.511202 2 0.511771 0.511758 2 0.504441 0.520330 2 0.512354 0.521228 2 0.502331 0.532937 2 0.513949 0.533400 2 0.501729 0.543201 2 0.514063 0.540168 2 0.504932 0.542524 2 0.510205 0.543189 2 0.505800 0.558462 2 0.509914 0.560252 2 0.505415 0.572047 2 0.507808 0.573253 2
0 0.488095 0.510582 0.017857 0.082011 0.486745 0.516365 1 0.486705 0.514491 1 0.487734 0.514692 1 0.485542 0.515947 2 0.491137 0.515999 2 0.483584 0.527282 2 0.492243 0.527260 2 0.481573 0.540613 2 0.494362 0.540101 2 0.481249 0.549403 2 0.496135 0.550139 2 0.485337 0.547293 2 0.490781 0.547407 2 0.485778 0.564525 2 0.489609 0.565079 2 0.487182 0.566872 1 0.488257 0.567361 1
0 0.397321 0.439153 0.016369 0.055556 0.400343 0.420043 1 0.400098 0.419121 1 0.400379 0.419060 1 0.398380 0.419425 2 0.400694 0.419209 2 0.397083 0.424925 2 0.401836 0.423776 2 0.396766 0.432773 2 0.403850 0.425721 2 0.394524 0.438966 2 0.404841 0.425108 2 0.398679 0.438675 2 0.401738 0.438648 2 0.398714 0.449665 2 0.401180 0.450989 2 0.400408 0.458319 2 0.401498 0.459994 2
