0 0.562500 0.363095 0.029762 0.115079 0.558584 0.324409 2 0.560191 0.322418 2 0.557676 0.321985 2 0.563050 0.323223 2 0.556672 0.322139 2 0.566142 0.334795 2 0.554801 0.333762 2 0.572511 0.347406 2 0.554085 0.349383 2 0.568948 0.361042 2 0.557074 0.359525 2 0.564576 0.366903 2 0.557174 0.365676 2 0.562224 0.390318 2 0.554588 0.384596 2 0.562173 0.411526 2 0.555406 0.402631 2
0 0.724330 0.761243 0.058780 0.244709 0.736771 0.662379 2 0.739823 0.658440 2 0.734517 0.657289 2 0.744029 0.661629 2 0.730634 0.658713 2 0.748456 0.688243 2 0.726047 0.684076 2 0.753599 0.729041 2 0.718361 0.707156 2 0.748402 0.759577 2 0.709503 0.735744 2 0.740571 0.750749 2 0.724749 0.749086 2 0.739770 0.791237 2 0.714779 0.798735 2 0.736489 0.826578 2 0.706105 0.843797 2
0 0.659226 0.185847 0.016369 0.070106 0.662985 0.161244 1 0.663087 0.159918 1 0.663340 0.160212 1 0.662279 0.160954 2 0.665652 0.161321 2 0.660577 0.168493 2 0.666840 0.169395 2 0.658430 0.178617 2 0.668247 0.179129 2 0.656586 0.186671 2 0.667667 0.185473 2 0.660376 0.186931 2 0.664845 0.187436 2 0.657917 0.200138 2 0.664366 0.202365 2 0.656857 0.215757 2 0.664774 0.217827 2
0 0.528646 0.370370 0.027530 0.121693 0.536387 0.331075 2 0.535292 0.328501 1 0.535597 0.329177 2 0.530955 0.329678 1 0.533059 0.332132 2 0.526461 0.341887 2 0.531737 0.348088 2 0.528595 0.356561 2 0.532642 0.366989 2 0.535662 0.358644 1 0.539288 0.361192 2 0.524577 0.372079 2 0.527989 0.376324 2 0.533715 0.387094 2 0.537920 0.395944 2 0.525515 0.401443 2 0.527495 0.409936 2
0 0.497396 0.473545 0.042411 0.166667 0.497207 0.419912 1 0.496770 0.418296 1 0.497501 0.418283 1 0.492036 0.423358 2 0.500850 0.422250 2 0.488655 0.443214 2 0.503866 0.432448 2 0.486649 0.462015 2 0.510936 0.414240 2 0.489982 0.458680 2 0.515187 0.392847 2 0.494515 0.482512 2 0.505381 0.480333 2 0.494304 0.509626 2 0.511001 0.512164 2 0.495666 0.535519 2 0.516552 0.535900 2
0 0.398438 0.394180 0.027530 0.134921 0.411982 0.346681 1 0.411025 0.343836 1 0.411584 0.344129 1 0.403756 0.344936 1 0.409960 0.346131 2 0.397934 0.360034 2 0.409789 0.362502 2 0.394451 0.378040 2 0.412069 0.383724 2 0.399172 0.388397 2 0.416298 0.400637 2 0.398019 0.399651 2 0.407240 0.401053 2 0.396025 0.427303 2 0.412406 0.429504 2 0.391164 0.453909 2 0.413180 0.458358 2
0 0.335938 0.453704 0.030506 0.156085 0.334626 0.398026 1 0.333282 0.395879 1 0.334114 0.395873 1 0.326736 0.399445 1 0.332635 0.399850 2 0.323304 0.416511 2 0.334346 0.417592 2 0.323570 0.438422 2 0.334491 0.438902 2 0.324888 0.452030 2 0.335656 0.459978 2 0.327093 0.456319 2 0.335990 0.457388 2 0.325620 0.481896 2 0.340152 0.485859 2 0.321009 0.509920 2 0.337860 0.518635 2
0 0.309524 0.386243 0.032738 0.126984 0.310736 0.339741 2 0.310361 0.337495 2 0.309347 0.338004 2 0.309087 0.339941 1 0.305831 0.341168 2 0.312624 0.353607 2 0.302680 0.357256 2 0.314642 0.370435 2 0.301298 0.378360 2 0.319181 0.385356 2 0.305295 0.394743 2 0.313119 0.386793 2 0.306022 0.389237 2 0.314998 0.413948 2 0.306628 0.418277 2 0.313011 0.438838 2 0.304114 0.446761 2
0 0.478051 0.395503 0.026042 0.140212 0.484225 0.341925 2 0.483367 0.338943 1 0.483484 0.339515 2 0.477004 0.339982 1 0.481253 0.341717 2 0.471824 0.355356 2 0.481824 0.358856 2 0.468472 0.374740 2 0.481119 0.380629 2 0.470435 0.388734 2 0.484744 0.397996 2 0.470833 0.393290 2 0.479057 0.395389 2 0.469326 0.419740 2 0.485579 0.421895 2 0.466939 0.440529 2 0.487917 0.445423 2
0 0.235491 0.460979 0.055804 0.165344 0.245151 0.397204 2 0.244191 0.394590 1 0.244086 0.395122 2 0.239555 0.396086 1 0.240068 0.397898 2 0.235759 0.411916 2 0.236434 0.415021 2 0.232061 0.434496 1 0.235327 0.439431 2 0.237880 0.451707 1 0.240270 0.458774 2 0.231758 0.453731 2 0.231388 0.455994 2 0.237371 0.478357 2 0.233444 0.482947 2 0.238549 0.510127 2 0.229855 0.515975 2
0 0.134301 0.371032 0.034970 0.125661 0.133913 0.321631 2 0.134403 0.319073 2 0.132372 0.319633 2 0.134873 0.319839 1 0.128710 0.321075 2 0.138476 0.333126 2 0.126105 0.336104 2 0.144629 0.345252 2 0.123972 0.354293 2 0.141262 0.352981 2 0.125944 0.370701 2 0.140288 0.367527 2 0.131748 0.369064 2 0.143260 0.393559 2 0.132860 0.395112 2 0.148767 0.418895 2 0.133811 0.421334 2
0 0.396949 0.306878 0.023065 0.108466 0.412238 0.344648 1 0.410640 0.342470 1 0.411716 0.342669 1 0.403459 0.344227 2 0.409626 0.345616 2 0.397821 0.357558 2 0.410556 0.360752 2 0.393523 0.375691 2 0.411584 0.381676 1 0.399227 0.378759 1 0.411388 0.378710 1 0.397740 0.381676 1 0.406702 0.381676 1 0.402568 0.370996 1 0.411023 0.371739 1 0.397709 0.380392 1 0.407406 0.381088 1
0 0.538690 0.207672 0.020833 0.084656 0.534086 0.172257 1 0.534292 0.170640 1 0.534686 0.170655 1 0.534475 0.171591 2 0.537939 0.171239 2 0.533976 0.181682 2 0.540731 0.181041 2 0.532626 0.195601 2 0.542927 0.193704 2 0.531733 0.206783 2 0.542013 0.204504 2 0.536456 0.203244 2 0.540618 0.202835 2 0.535668 0.217637 2 0.537415 0.217401 2 0.539981 0.235239 2 0.538591 0.235613 2
0 0.962426 0.282407 0.034970 0.117725 0.973310 0.243589 1 0.972558 0.240619 1 0.972871 0.241158 1 0.966227 0.239570 2 0.971057 0.241348 2 0.959934 0.251070 2 0.971597 0.254517 2 0.955435 0.268483 2 0.972449 0.272604 2 0.958285 0.274692 2 0.971810 0.279273 1 0.957221 0.285835 2 0.965454 0.288025 2 0.953781 0.308757 2 0.964757 0.313001 2 0.949687 0.328549 2 0.960818 0.333648 2
0 0.788318 0.274471 0.023065 0.093915 0.791057 0.243222 2 0.791306 0.241372 2 0.790214 0.241017 2 0.790416 0.242106 1 0.787216 0.241072 2 0.788931 0.252043 2 0.783033 0.249998 2 0.789415 0.266420 2 0.780245 0.262361 2 0.792470 0.274100 2 0.785674 0.271907 2 0.787165 0.272753 2 0.783244 0.273181 2 0.793795 0.283402 2 0.788695 0.284771 2 0.790918 0.303203 2 0.787967 0.304390 2
0 0.809152 0.268519 0.024554 0.087302 0.809588 0.241843 2 0.809627 0.240047 2 0.808750 0.239969 2 0.808377 0.240542 1 0.805481 0.240689 2 0.808573 0.247237 2 0.802057 0.251317 2 0.811154 0.260543 2 0.806821 0.264525 2 0.814605 0.269147 2 0.812783 0.273194 2 0.808238 0.268817 2 0.803633 0.272884 2 0.816133 0.270475 2 0.811738 0.283219 2 0.813620 0.285394 2 0.813869 0.304629 2
0 0.940104 0.923942 0.067708 0.146825 0.957006 0.898828 2 0.959095 0.897438 2 0.959591 0.896558 1 0.965524 0.907722 2 0.966729 0.903592 1 0.970408 0.936368 2 0.963342 0.921444 2 0.947873 0.971119 2 0.949075 0.938391 2 0.929308 0.955504 2 0.932470 0.945186 2 0.957027 0.996061 2 0.951211 0.985352 2 0.938013 0.955139 1 0.933907 0.941647 1 0.933684 0.978720 1 0.933921 0.975331 1
0 0.538318 0.320767 0.027530 0.099206 0.534072 0.335117 1 0.532488 0.333220 1 0.533397 0.333675 1 0.527225 0.334955 1 0.530930 0.337128 2 0.526264 0.345899 2 0.530337 0.349280 2 0.531383 0.361527 2 0.533340 0.366497 2 0.537379 0.360644 1 0.538252 0.360993 2 0.523668 0.374479 2 0.526243 0.376690 2 0.532971 0.386375 1 0.534481 0.388998 2 0.529710 0.386166 1 0.529316 0.389099 1
0 0.518973 0.292989 0.024554 0.075397 0.517487 0.273896 2 0.518337 0.272127 2 0.516650 0.272306 2 0.519602 0.270412 2 0.515261 0.270691 2 0.521550 0.277232 2 0.512688 0.277233 2 0.523270 0.289192 2 0.510148 0.288581 2 0.521173 0.297607 2 0.513104 0.297593 2 0.520224 0.302254 2 0.514460 0.302407 2 0.519994 0.322452 2 0.515069 0.322588 2 0.520088 0.341027 2 0.514979 0.340537 2
0 0.478795 0.152778 0.017113 0.062169 0.477627 0.136259 2 0.478050 0.134900 2 0.477068 0.135228 2 0.479102 0.134888 2 0.476601 0.135651 1 0.481585 0.140354 2 0.477154 0.141706 2 0.485083 0.146377 2 0.477527 0.148511 2 0.482068 0.151757 2 0.477743 0.150243 2 0.482764 0.156713 2 0.479661 0.157044 2 0.482972 0.172548 2 0.479385 0.172241 2 0.484812 0.186465 2 0.479057 0.186108 2
0 0.096726 0.317460 0.017857 0.063492 0.095063 0.295972 2 0.095690 0.294017 2 0.094093 0.294799 2 0.097359 0.293328 2 0.093120 0.295320 2 0.099461 0.299560 2 0.093459 0.301641 2 0.103209 0.307519 2 0.092712 0.310429 2 0.102494 0.310952 2 0.095454 0.309219 2 0.099432 0.314454 2 0.094668 0.315049 2 0.103722 0.322565 2 0.091318 0.322237 2 0.105800 0.337343 2 0.089440 0.334991 2
0 0.613467 0.143519 0.018601 0.070106 0.618246 0.120093 2 0.618690 0.118986 2 0.617651 0.118742 2 0.618724 0.120009 1 0.616226 0.119231 2 0.618843 0.126954 2 0.614513 0.125534 2 0.618762 0.134809 2 0.613935 0.131468 2 0.618252 0.132924 2 0.616557 0.130486 2 0.617475 0.144469 2 0.614482 0.143998 2 0.617603 0.158445 2 0.615198 0.158246 2 0.615790 0.170814 2 0.614465 0.171821 2
0 0.204985 0.210317 0.017113 0.037037 0.204089 0.200357 1 0.203841 0.199630 1 0.204290 0.199503 1 0.202598 0.200131 2 0.205022 0.199869 2 0.202183 0.204855 2 0.205579 0.204669 2 0.202388 0.210174 1 0.206296 0.210037 2 0.204074 0.211205 1 0.207721 0.211183 1 0.203248 0.215331 2 0.205655 0.215288 2 0.203414 0.217511 2 0.206056 0.217321 2 0.203212 0.223762 2 0.205213 0.224891 2
0 0.178199 0.137566 0.014137 0.055556 0.176058 0.123903 1 0.176090 0.122852 1 0.176319 0.122788 1 0.176124 0.123789 2 0.178580 0.123384 2 0.175892 0.130522 2 0.180549 0.129410 2 0.174826 0.135606 2 0.182219 0.134513 2 0.174863 0.130436 2 0.181262 0.134172 1 0.178349 0.145382 2 0.181377 0.144872 2 0.179297 0.156336 2 0.181855 0.155624 2 0.180199 0.166759 2 0.182504 0.165834 2
0 0.795015 0.183201 0.017113 0.062169 0.796714 0.165125 1 0.796676 0.164023 1 0.796874 0.164254 1 0.795207 0.165194 2 0.798185 0.165707 2 0.794174 0.171829 2 0.798355 0.172858 2 0.792205 0.177748 2 0.800348 0.178545 2 0.791976 0.179582 2 0.798612 0.178832 1 0.793919 0.186466 2 0.796915 0.186988 2 0.792541 0.196565 2 0.797205 0.198064 2 0.791068 0.208534 2 0.798559 0.209717 2
0 0.421875 0.117063 0.014881 0.059524 0.425943 0.096947 1 0.425524 0.095817 1 0.425805 0.095899 1 0.423149 0.095969 1 0.425391 0.096435 2 0.421504 0.101485 2 0.425852 0.102192 2 0.420332 0.107728 2 0.427106 0.108829 2 0.420909 0.110678 1 0.427520 0.113430 2 0.421762 0.116004 2 0.424702 0.116405 2 0.421669 0.127293 2 0.424535 0.127830 2 0.421253 0.137934 2 0.423992 0.138596 2
0 0.398810 0.095899 0.013393 0.051587 0.401672 0.078300 2 0.401966 0.077388 2 0.401131 0.077458 2 0.402223 0.077831 1 0.400199 0.077989 2 0.403164 0.082976 2 0.399192 0.083194 2 0.404228 0.088592 2 0.398331 0.089054 2 0.404491 0.093391 2 0.398541 0.094138 2 0.402916 0.093708 2 0.400240 0.093923 2 0.403257 0.102345 2 0.400117 0.102631 2 0.403437 0.111606 2 0.400032 0.111719 2
0 0.835565 0.175926 0.014881 0.050265 0.832126 0.162496 1 0.831405 0.161054 1 0.832268 0.161171 1 0.827785 0.161376 2 0.832547 0.161976 2 0.825484 0.169071 2 0.834279 0.170214 2 0.825149 0.179282 1 0.835166 0.181162 2 0.827155 0.182532 1 0.834424 0.186531 1 0.826203 0.190070 2 0.832604 0.190619 2 0.827561 0.187393 1 0.834962 0.187380 1 0.827778 0.196431 1 0.834032 0.198452 1
0 0.729539 0.146825 0.014137 0.039683 0.730247 0.147219 1 0.730307 0.146292 1 0.730077 0.146669 1 0.730362 0.144194 1 0.729756 0.145308 2 0.730328 0.143294 2 0.728349 0.144298 2 0.730772 0.149460 2 0.727640 0.150050 2 0.730787 0.153471 2 0.728045 0.153983 2 0.725913 0.143264 2 0.724595 0.143673 2 0.727948 0.149894 2 0.726911 0.150910 2 0.727729 0.157444 2 0.726189 0.157336 2
0 0.525670 0.111111 0.012649 0.055556 0.529638 0.073418 1 0.530037 0.072751 1 0.529276 0.072751 1 0.531007 0.072751 1 0.529413 0.072751 1 0.532090 0.075665 1 0.528768 0.075781 1 0.532298 0.085988 1 0.527777 0.086384 2 0.531149 0.094133 2 0.529482 0.095106 2 0.530885 0.096468 2 0.528571 0.096038 2 0.527308 0.112151 2 0.525750 0.111530 2 0.527822 0.131783 2 0.525460 0.130531 2
0 0.491071 0.236111 0.014881 0.054233 0.491817 0.217312 2 0.492640 0.216239 2 0.491407 0.215967 2 0.494154 0.216849 2 0.491073 0.216227 1 0.495268 0.223455 2 0.490543 0.222549 2 0.496825 0.231447 2 0.489038 0.229761 2 0.494637 0.236018 2 0.488267 0.236694 2 0.493047 0.237327 2 0.490163 0.236514 2 0.491645 0.247248 2 0.489629 0.246430 2 0.490989 0.256715 2 0.489386 0.256975 2
0 0.969866 0.315476 0.037946 0.123016 0.995598 0.275362 1 0.995356 0.272965 1 0.995893 0.273428 1 0.992245 0.273625 2 0.996280 0.275150 2 0.986795 0.286006 2 0.996280 0.289182 2 0.981021 0.301886 2 0.995715 0.307882 1 0.978781 0.317094 2 0.995125 0.319738 1 0.984577 0.319292 2 0.990941 0.320840 2 0.985563 0.341544 2 0.987216 0.345916 2 0.984449 0.363269 2 0.980055 0.365191 2
0 0.983631 0.320767 0.026786 0.123016 0.999568 0.281284 1 0.998615 0.278581 1 0.999687 0.279065 1 0.993510 0.276488 2 0.999415 0.278421 2 0.987641 0.286296 2 0.998764 0.289294 2 0.982166 0.301931 2 0.999308 0.306531 2 0.979529 0.316036 2 0.999930 0.318175 1 0.984784 0.318842 2 0.991433 0.320327 2 0.985986 0.340719 2 0.986848 0.345135 2 0.985391 0.362703 2 0.980592 0.364333 2
0 0.745908 0.132275 0.017113 0.052910 0.748224 0.115204 2 0.748577 0.114244 2 0.747651 0.114232 2 0.748814 0.114708 1 0.746193 0.114545 2 0.749644 0.120822 2 0.744113 0.120851 2 0.750703 0.127972 2 0.742643 0.128867 2 0.750538 0.130575 2 0.744331 0.130993 2 0.748385 0.135503 2 0.744619 0.135537 2 0.747806 0.146289 2 0.744067 0.146045 2 0.747503 0.156398 2 0.742572 0.156220 2
0 0.955729 0.173280 0.020089 0.063492 0.954907 0.153619 1 0.954742 0.152242 1 0.955128 0.152389 1 0.953264 0.152528 2 0.956972 0.152711 2 0.951570 0.159953 2 0.958922 0.159693 2 0.949650 0.169300 2 0.961023 0.167513 2 0.950032 0.174881 2 0.959351 0.171619 1 0.952395 0.179487 2 0.957340 0.179366 2 0.951888 0.194118 2 0.956278 0.194204 2 0.951387 0.208723 2 0.955086 0.208438 2
0 0.905506 0.187169 0.020833 0.041005 0.908449 0.176313 2 0.908977 0.174848 2 0.907563 0.174622 2 0.908856 0.175263 1 0.905278 0.175000 2 0.908773 0.181735 2 0.902528 0.181086 2 0.907526 0.189905 2 0.899286 0.188469 2 0.902510 0.194594 2 0.898270 0.194583 2 0.906671 0.195749 2 0.902470 0.195398 2 0.906831 0.190105 2 0.900048 0.189914 2 0.902823 0.197750 2 0.899666 0.196659 2
0 0.941220 0.193122 0.019345 0.034392 0.941792 0.183712 2 0.942656 0.182289 2 0.941124 0.182104 2 0.943700 0.183173 2 0.940297 0.182618 2 0.945136 0.188821 2 0.939771 0.186676 2 0.944800 0.198034 2 0.937023 0.192375 2 0.939641 0.200522 2 0.935130 0.195908 2 0.944015 0.200165 2 0.940509 0.198397 2 0.940247 0.201373 2 0.933399 0.199208 2 0.937058 0.207063 2 0.937709 0.205664 2
