0 0.558036 0.566138 0.017857 0.097884 0.552967 0.530287 1 0.552106 0.528413 1 0.553043 0.528323 1 0.548299 0.529146 1 0.552689 0.529417 2 0.547155 0.538530 2 0.551728 0.539615 2 0.551156 0.548611 1 0.554603 0.550854 2 0.555915 0.547455 1 0.557020 0.548977 2 0.547761 0.564782 2 0.550889 0.565536 2 0.550169 0.585265 2 0.551863 0.586420 2 0.550376 0.604837 2 0.551246 0.606556 2
0 0.555432 0.542328 0.033482 0.071429 0.553517 0.528815 1 0.552575 0.527169 1 0.553569 0.527129 1 0.548364 0.527880 1 0.552967 0.528242 2 0.545864 0.537556 2 0.551286 0.537968 2 0.549425 0.548661 1 0.554239 0.549398 2 0.555621 0.547971 1 0.557487 0.548080 2 0.547462 0.561962 2 0.551067 0.563173 2 0.555587 0.570685 2 0.558266 0.572079 2 0.553765 0.586948 1 0.555004 0.585915 2
0 0.528646 0.492063 0.014137 0.074074 0.525669 0.483092 1 0.524983 0.481552 1 0.525506 0.481530 1 0.521707 0.482147 1 0.524777 0.482431 2 0.520016 0.490516 2 0.525693 0.491175 2 0.520204 0.500612 1 0.527990 0.501819 2 0.523115 0.505603 1 0.528664 0.505074 2 0.521076 0.510949 2 0.524840 0.511258 2 0.522155 0.528116 2 0.524442 0.527715 2 0.522874 0.539502 1 0.523960 0.540196 2
0 0.461310 0.525132 0.017857 0.089947 0.459756 0.495589 1 0.459556 0.493919 1 0.460092 0.493879 1 0.457663 0.495190 2 0.462055 0.494922 2 0.455717 0.505422 2 0.464114 0.504651 2 0.453948 0.517898 2 0.466478 0.515712 2 0.453802 0.528084 2 0.466244 0.525959 2 0.457506 0.525574 2 0.463013 0.525359 2 0.458639 0.544095 2 0.462597 0.543976 2 0.459881 0.560727 2 0.462064 0.561071 2
0 0.488467 0.549603 0.023065 0.099206 0.492203 0.515846 1 0.491417 0.514050 1 0.491864 0.514068 1 0.486841 0.515260 2 0.491214 0.515642 2 0.483296 0.526734 2 0.493144 0.526919 2 0.481166 0.540425 2 0.496150 0.540967 2 0.482804 0.550923 2 0.496982 0.550981 2 0.485068 0.553931 2 0.491725 0.554106 2 0.485720 0.573348 2 0.491700 0.572122 2 0.485983 0.592064 2 0.490737 0.590510 2
0 0.486235 0.524471 0.018601 0.096561 0.491615 0.516400 1 0.490860 0.514701 1 0.491471 0.514689 1 0.486585 0.515794 2 0.491190 0.516055 2 0.483530 0.526734 2 0.493106 0.526761 2 0.481355 0.540294 2 0.496181 0.540289 2 0.482613 0.550330 2 0.496300 0.550389 2 0.485243 0.554011 2 0.491748 0.554038 2 0.485822 0.573688 2 0.492026 0.572647 2 0.485690 0.588531 2 0.490993 0.588028 2
0 0.500000 0.517857 0.014881 0.067460 0.499707 0.494204 2 0.500264 0.492822 2 0.499004 0.492917 2 0.500938 0.492921 2 0.497830 0.493087 2 0.502054 0.500023 2 0.496370 0.499725 2 0.503522 0.509126 2 0.494747 0.508300 2 0.504408 0.517768 2 0.495463 0.516236 2 0.501287 0.516572 2 0.497504 0.516591 2 0.502303 0.530035 2 0.497772 0.529841 2 0.503077 0.543201 2 0.498284 0.542304 2
0 0.523065 0.510582 0.016369 0.076720 0.525599 0.483272 1 0.524918 0.481818 1 0.525468 0.481785 1 0.521532 0.482172 2 0.524956 0.482432 2 0.519129 0.490104 2 0.525967 0.490307 2 0.517467 0.498880 2 0.528001 0.499726 2 0.518483 0.502993 1 0.529683 0.504721 1 0.521013 0.508050 2 0.525377 0.508264 2 0.522077 0.522961 2 0.524473 0.522357 2 0.523309 0.537453 2 0.523776 0.536618 2
0 0.465774 0.508598 0.014881 0.078042 0.459711 0.495191 1 0.459527 0.493584 1 0.460148 0.493632 1 0.458026 0.495277 2 0.462412 0.495130 2 0.456824 0.505756 2 0.463861 0.505335 2 0.455946 0.517207 2 0.465678 0.516681 2 0.456033 0.523089 1 0.465546 0.525280 2 0.458286 0.526157 2 0.462954 0.526030 2 0.459042 0.544934 2 0.462678 0.544869 2 0.459667 0.560398 2 0.462306 0.560805 2
0 0.441592 0.507275 0.017113 0.088624 0.440561 0.476831 1 0.440285 0.475267 1 0.440692 0.475211 1 0.438084 0.476241 2 0.442256 0.476019 2 0.436452 0.485906 2 0.444529 0.485201 2 0.436674 0.498029 2 0.446066 0.497455 2 0.439061 0.506556 2 0.444060 0.506652 2 0.438328 0.506929 2 0.443953 0.506566 2 0.439307 0.525126 2 0.443619 0.523477 2 0.440512 0.542623 2 0.443027 0.540825 2
0 0.793899 0.830026 0.040179 0.178571 0.801890 0.767438 2 0.802067 0.764026 2 0.800125 0.763808 2 0.799819 0.765064 1 0.794326 0.764712 2 0.802011 0.778262 2 0.786857 0.782116 2 0.802059 0.799028 2 0.783625 0.808251 2 0.802929 0.823294 2 0.783522 0.832767 2 0.800587 0.830176 2 0.790474 0.832832 2 0.803920 0.862970 2 0.789353 0.869449 2 0.792943 0.886716 2 0.790962 0.900657 2
0 0.767485 0.794974 0.031994 0.153439 0.789203 0.764194 1 0.789312 0.760926 1 0.789037 0.761015 1 0.787914 0.761717 1 0.788797 0.761958 1 0.786690 0.779555 1 0.786271 0.779626 2 0.785131 0.807206 1 0.784521 0.806312 2 0.785653 0.831500 1 0.785398 0.831978 2 0.787899 0.827109 2 0.787714 0.827647 2 0.788591 0.862383 1 0.787839 0.863551 2 0.788586 0.895158 1 0.788564 0.894761 1
0 0.738467 0.795635 0.031994 0.107143 0.735140 0.763910 2 0.736725 0.761652 2 0.733927 0.761770 2 0.739616 0.761751 2 0.732438 0.761890 2 0.740178 0.773926 2 0.730229 0.773066 2 0.746029 0.781228 2 0.729145 0.785957 2 0.752226 0.786460 2 0.732011 0.793562 2 0.737144 0.801569 2 0.730447 0.800677 2 0.737696 0.821462 2 0.729271 0.816557 2 0.738714 0.838814 2 0.727148 0.827043 2
0 0.614583 0.589286 0.016369 0.104497 0.612052 0.553958 1 0.612171 0.551935 1 0.612667 0.551758 1 0.613156 0.552911 2 0.616316 0.552316 1 0.616316 0.564872 2 0.616623 0.563306 2 0.617208 0.582008 2 0.617222 0.579309 1 0.614842 0.584158 2 0.615871 0.582608 1 0.615684 0.592430 2 0.615681 0.591316 2 0.616626 0.614991 2 0.615299 0.613755 2 0.617816 0.634621 2 0.616692 0.633931 2
