0 0.899182 0.680556 0.055804 0.138889 0.904814 0.633165 1 0.905518 0.630366 1 0.907201 0.630933 1 0.907115 0.633433 2 0.916313 0.633997 1 0.902613 0.648284 2 0.920072 0.651792 2 0.888931 0.654452 2 0.921558 0.665325 1 0.880835 0.647299 2 0.915888 0.657434 1 0.900312 0.700554 2 0.911197 0.700001 2 0.879946 0.693230 2 0.893020 0.694015 2 0.886366 0.731430 2 0.899807 0.729410 2
0 0.438244 0.699735 0.029762 0.105820 0.433825 0.629552 1 0.434839 0.627741 1 0.432032 0.627931 1 0.436721 0.626425 1 0.428254 0.627533 1 0.439862 0.625805 1 0.424325 0.627068 1 0.442804 0.628675 2 0.420334 0.631210 2 0.439610 0.628374 2 0.430252 0.634812 2 0.439466 0.657537 2 0.427983 0.658278 2 0.440481 0.693047 2 0.426729 0.694613 2 0.440320 0.725638 2 0.423036 0.726583 2
0 0.428571 0.652778 0.029762 0.170635 0.438121 0.590961 2 0.438527 0.587687 2 0.435995 0.588539 2 0.438137 0.588351 1 0.430493 0.590481 2 0.441434 0.603469 2 0.424159 0.606761 2 0.445791 0.624178 2 0.419610 0.630311 2 0.440416 0.629825 2 0.429681 0.634600 2 0.439866 0.649457 2 0.427752 0.650996 2 0.441289 0.687654 2 0.427217 0.689469 2 0.441253 0.724287 2 0.424720 0.724809 2
0 0.604911 0.691138 0.037202 0.104497 0.610581 0.628071 2 0.611342 0.624529 2 0.607675 0.624971 2 0.611481 0.623903 1 0.601956 0.625454 2 0.616482 0.640428 2 0.595951 0.641077 2 0.622826 0.661375 2 0.593259 0.665624 2 0.629001 0.675902 2 0.595799 0.681094 2 0.611849 0.683191 2 0.596531 0.682863 2 0.619614 0.708099 2 0.588279 0.704905 2 0.621265 0.735696 2 0.591318 0.733704 2
0 0.610863 0.677910 0.047619 0.149471 0.609195 0.627113 2 0.611013 0.623267 2 0.606935 0.622562 2 0.613190 0.624934 2 0.603308 0.623686 2 0.615867 0.640573 2 0.597920 0.639494 2 0.620920 0.660058 2 0.591542 0.663581 2 0.625806 0.673928 2 0.594305 0.679907 2 0.610538 0.683443 2 0.597451 0.682818 2 0.621180 0.708337 2 0.586239 0.706900 2 0.621310 0.736733 2 0.593346 0.735032 2
0 0.404762 0.488757 0.025298 0.112434 0.403669 0.447013 1 0.403874 0.445431 1 0.404049 0.445081 1 0.403137 0.447071 2 0.407421 0.446268 2 0.400740 0.454940 2 0.410313 0.455646 2 0.396716 0.441704 2 0.414239 0.445143 2 0.400749 0.441337 2 0.409685 0.446711 2 0.403138 0.487137 2 0.409188 0.487452 2 0.403884 0.509133 2 0.408029 0.510780 2 0.403088 0.532884 2 0.407985 0.535749 2
0 0.439360 0.456349 0.034970 0.111111 0.437250 0.415680 1 0.436624 0.413553 1 0.437390 0.413525 1 0.432530 0.414784 2 0.438625 0.415000 2 0.430141 0.427012 2 0.439837 0.428041 2 0.429663 0.439980 2 0.445002 0.440815 2 0.434447 0.445364 1 0.452771 0.447933 2 0.432471 0.457332 2 0.439120 0.458070 2 0.431602 0.480303 2 0.439058 0.482562 2 0.428796 0.502059 2 0.437315 0.506588 2
0 0.493676 0.556878 0.036458 0.142857 0.491491 0.501699 2 0.492832 0.498431 2 0.490228 0.498942 2 0.496508 0.497607 2 0.490206 0.498853 1 0.499684 0.509597 2 0.493569 0.508194 2 0.490944 0.524220 2 0.489944 0.514595 2 0.482383 0.531084 2 0.486270 0.514297 2 0.504308 0.546637 2 0.499309 0.545910 2 0.503437 0.575915 2 0.497147 0.573747 2 0.503831 0.599478 2 0.497677 0.599093 2
0 0.193080 0.549603 0.029018 0.107143 0.189123 0.510897 2 0.189348 0.508792 2 0.188891 0.509731 1 0.192357 0.506735 2 0.192919 0.509282 1 0.194621 0.512438 2 0.196337 0.516669 2 0.194610 0.523936 2 0.190982 0.522979 2 0.191289 0.516826 2 0.190511 0.518390 2 0.198784 0.539746 2 0.201376 0.542872 2 0.189370 0.550765 2 0.201109 0.565912 2 0.193434 0.567960 2 0.208053 0.584136 2
0 0.264137 0.445106 0.013393 0.072751 0.261342 0.396562 1 0.261426 0.395156 1 0.261226 0.395367 1 0.262770 0.394272 1 0.263390 0.394661 1 0.264807 0.397393 2 0.265891 0.396707 1 0.264825 0.403755 2 0.264893 0.401358 1 0.260318 0.405791 2 0.260298 0.403178 1 0.266253 0.419958 2 0.267027 0.419137 2 0.265235 0.440652 2 0.266444 0.439503 2 0.267719 0.461439 2 0.268278 0.459890 2
0 0.260417 0.421958 0.020833 0.087302 0.257755 0.389085 2 0.257891 0.387502 2 0.257857 0.387471 1 0.259595 0.386831 2 0.260146 0.386845 1 0.263770 0.393443 2 0.262025 0.392230 2 0.265001 0.403804 2 0.260535 0.400087 2 0.258403 0.404061 2 0.255873 0.401953 2 0.266128 0.418170 2 0.265002 0.417097 2 0.266149 0.439807 2 0.264488 0.437705 2 0.268361 0.460597 2 0.267336 0.458667 2
0 0.405134 0.293651 0.020089 0.042328 0.406832 0.283526 2 0.406835 0.282590 2 0.407090 0.282574 1 0.407906 0.282239 2 0.409608 0.281913 1 0.408529 0.286069 2 0.411229 0.285707 2 0.406265 0.292628 2 0.408708 0.292463 1 0.404680 0.295114 2 0.405520 0.294953 1 0.409785 0.299981 2 0.411858 0.299401 2 0.403639 0.298605 2 0.406802 0.298887 2 0.401178 0.308009 2 0.404659 0.308186 2
0 0.539435 0.345238 0.020833 0.095238 0.540885 0.310535 2 0.541644 0.308811 2 0.539877 0.309002 2 0.542632 0.309669 2 0.538329 0.309986 2 0.545487 0.319933 2 0.536208 0.320148 2 0.547193 0.332861 2 0.533108 0.331893 2 0.547548 0.344806 2 0.532344 0.344162 2 0.543280 0.347066 2 0.537314 0.347066 2 0.542662 0.364775 2 0.537496 0.365122 2 0.540967 0.380390 2 0.537439 0.382768 2
0 0.337798 0.306878 0.017857 0.052910 0.334518 0.288482 2 0.334934 0.287298 2 0.334187 0.287609 1 0.336437 0.286821 2 0.334572 0.287628 1 0.338709 0.291439 2 0.335362 0.292229 2 0.339786 0.298251 2 0.334893 0.299389 2 0.337948 0.300418 2 0.333656 0.305112 2 0.338964 0.305309 2 0.336714 0.305312 2 0.338729 0.315165 2 0.336422 0.314905 2 0.340155 0.325088 2 0.337513 0.325247 2
0 0.392485 0.287698 0.014137 0.048942 0.394303 0.273169 2 0.394356 0.272212 1 0.393999 0.272345 2 0.393552 0.272207 1 0.393239 0.272474 2 0.393212 0.276726 2 0.392287 0.277184 2 0.393939 0.282612 2 0.390819 0.283615 2 0.395540 0.286492 2 0.391542 0.288262 2 0.392210 0.287657 2 0.392167 0.288138 2 0.392895 0.293967 2 0.395929 0.294212 2 0.391190 0.301485 2 0.396297 0.302129 2
