0 0.492560 0.765873 0.050595 0.174603 0.487441 0.705347 2 0.488943 0.701230 2 0.486778 0.702247 2 0.494375 0.697388 2 0.487973 0.699918 1 0.503918 0.710494 2 0.487178 0.713655 2 0.512063 0.732970 2 0.484162 0.731839 2 0.512965 0.741456 2 0.484691 0.725733 2 0.501355 0.763297 2 0.487973 0.764218 2 0.509215 0.801075 2 0.481657 0.802219 2 0.515212 0.836391 2 0.477229 0.840026 2
0 0.480655 0.754630 0.046131 0.128307 0.487336 0.706795 2 0.488110 0.702638 2 0.486547 0.703656 2 0.493519 0.697017 2 0.488483 0.699995 1 0.505072 0.708862 2 0.487780 0.714349 2 0.511164 0.730110 2 0.484370 0.735719 2 0.512649 0.744222 2 0.484606 0.724212 2 0.502307 0.762837 2 0.489113 0.764262 2 0.507034 0.800868 2 0.482008 0.801644 2 0.508263 0.834708 2 0.477228 0.837724 2
0 0.443080 0.551587 0.021577 0.100529 0.453096 0.513484 1 0.453290 0.511247 1 0.453713 0.511282 1 0.454021 0.511680 2 0.456996 0.511484 1 0.454319 0.523215 2 0.457589 0.522218 1 0.451931 0.538717 2 0.455012 0.536362 1 0.449354 0.542592 2 0.451020 0.540540 1 0.455419 0.553080 2 0.457589 0.552617 2 0.455850 0.575523 2 0.456940 0.575605 1 0.456549 0.596868 2 0.457003 0.595894 1
0 0.489583 0.594577 0.020833 0.117725 0.494847 0.549142 1 0.493894 0.546813 1 0.494081 0.546896 2 0.488364 0.548056 1 0.491879 0.548556 2 0.483657 0.561799 2 0.494436 0.561839 2 0.483091 0.578149 1 0.497514 0.578059 2 0.486870 0.585237 1 0.497193 0.582503 2 0.485943 0.593792 2 0.493442 0.594042 2 0.487685 0.618432 2 0.494793 0.616154 2 0.488577 0.641476 2 0.493807 0.638630 2
0 0.456101 0.550926 0.025298 0.104497 0.453330 0.513689 1 0.453361 0.511427 1 0.453942 0.511359 1 0.454170 0.511518 2 0.459426 0.510764 2 0.453810 0.522636 2 0.463893 0.520699 2 0.452353 0.536787 2 0.466365 0.534272 2 0.450993 0.543233 2 0.462114 0.542322 1 0.456527 0.550247 2 0.463405 0.549170 2 0.456435 0.573191 2 0.462138 0.571649 2 0.457686 0.595969 2 0.462172 0.592835 2
0 0.500000 0.556878 0.016369 0.076720 0.494270 0.547305 1 0.493583 0.545690 1 0.493674 0.545662 2 0.489897 0.547627 1 0.492005 0.547858 2 0.488839 0.559142 1 0.494222 0.559979 2 0.490475 0.573646 1 0.497622 0.575352 2 0.494597 0.573259 1 0.498599 0.571750 2 0.489067 0.589848 1 0.493475 0.590129 2 0.488977 0.608413 1 0.494462 0.607208 2 0.489537 0.609375 1 0.494363 0.609375 1
0 0.484747 0.543651 0.017113 0.089947 0.494986 0.547909 1 0.493985 0.546048 1 0.494276 0.545784 2 0.488866 0.548034 1 0.491896 0.547863 2 0.484093 0.561955 2 0.494524 0.561323 2 0.482898 0.578639 2 0.496280 0.577564 1 0.485280 0.589541 1 0.495902 0.585615 1 0.485759 0.595622 2 0.492906 0.595583 2 0.486816 0.605779 1 0.493609 0.605779 1 0.487940 0.605779 1 0.491597 0.605686 1
0 0.473586 0.504630 0.015625 0.083333 0.462798 0.511990 1 0.462798 0.510283 1 0.462798 0.510421 1 0.462798 0.511166 1 0.462798 0.511505 1 0.463679 0.521956 1 0.464429 0.522321 2 0.466136 0.537617 1 0.466433 0.538094 2 0.465370 0.548363 1 0.465693 0.549003 2 0.462817 0.552650 1 0.463348 0.552204 2 0.462798 0.562169 1 0.463369 0.562169 1 0.462905 0.561504 1 0.463530 0.562169 1
0 0.462798 0.497354 0.017857 0.082011 0.453156 0.513569 1 0.453163 0.511725 1 0.453755 0.511542 1 0.454161 0.511577 2 0.458950 0.510664 1 0.454340 0.522038 2 0.464284 0.520791 2 0.452392 0.538378 2 0.466088 0.536468 2 0.452691 0.544248 1 0.462516 0.540300 2 0.456341 0.551443 2 0.463409 0.550489 2 0.454032 0.554233 1 0.463361 0.554232 1 0.453976 0.553605 1 0.462848 0.554233 1
0 0.431176 0.443122 0.015625 0.060847 0.438917 0.423295 1 0.438721 0.421920 1 0.438957 0.422076 1 0.436804 0.421407 2 0.439337 0.421857 2 0.435370 0.427046 2 0.438893 0.428144 2 0.433335 0.434828 2 0.439542 0.437605 2 0.433421 0.444950 2 0.439019 0.445319 2 0.435064 0.443563 2 0.437600 0.444048 2 0.435113 0.456300 2 0.438074 0.456528 2 0.434227 0.468050 2 0.439235 0.467767 2
0 0.602307 0.445106 0.011161 0.046296 0.607109 0.431646 2 0.607006 0.430732 1 0.606968 0.430661 2 0.606030 0.430460 1 0.606129 0.430332 2 0.605838 0.434760 2 0.604620 0.434573 2 0.606510 0.440803 1 0.603681 0.441209 2 0.607908 0.442299 1 0.606322 0.443759 2 0.604876 0.446396 2 0.604150 0.446322 2 0.604007 0.454364 2 0.603275 0.453940 2 0.603604 0.462718 2 0.603253 0.462538 2
0 0.557664 0.468254 0.011161 0.044974 0.557353 0.456951 2 0.557613 0.455674 2 0.556909 0.456057 1 0.558425 0.454864 2 0.556838 0.455741 1 0.560521 0.459357 2 0.557860 0.459191 2 0.562633 0.466465 2 0.556931 0.463493 2 0.561647 0.473812 2 0.555659 0.463434 1 0.561523 0.470092 2 0.559943 0.469546 2 0.559756 0.473098 2 0.557459 0.471763 2 0.561810 0.483122 2 0.560684 0.480859 2
0 0.620164 0.422619 0.009673 0.041005 0.620450 0.407667 1 0.620571 0.406933 1 0.620648 0.406966 1 0.620686 0.407316 2 0.621825 0.407284 2 0.620291 0.411469 2 0.622089 0.411350 2 0.619625 0.415998 2 0.623014 0.415405 2 0.619750 0.417555 2 0.622515 0.415506 1 0.620609 0.420602 2 0.621773 0.420589 2 0.620958 0.427042 2 0.621807 0.427341 2 0.621216 0.433820 2 0.622394 0.433423 2
0 0.633557 0.441138 0.011161 0.046296 0.635020 0.431620 2 0.635055 0.430966 1 0.634685 0.430906 2 0.634725 0.431406 1 0.633621 0.431319 2 0.634990 0.434043 2 0.632919 0.434476 2 0.637849 0.431968 2 0.635300 0.432758 2 0.637146 0.428964 2 0.636784 0.429442 2 0.634809 0.444830 2 0.633124 0.445087 2 0.635544 0.452770 2 0.632711 0.453799 2 0.635237 0.460641 2 0.631945 0.461483 2
