0 0.955357 0.298942 0.026786 0.097884 0.968581 0.258423 1 0.967802 0.255853 1 0.968510 0.256136 1 0.962696 0.254140 1 0.966785 0.255465 2 0.957054 0.262496 2 0.964323 0.265614 2 0.952363 0.276326 2 0.961973 0.282422 2 0.954348 0.286603 2 0.964217 0.291895 2 0.954077 0.288881 2 0.959247 0.290290 2 0.950959 0.311631 2 0.956737 0.314818 2 0.947374 0.332762 2 0.953254 0.335692 2
0 0.344122 0.156085 0.012649 0.063492 0.344578 0.132881 2 0.345021 0.131623 1 0.343984 0.131666 2 0.345517 0.132482 1 0.343215 0.132488 2 0.346553 0.139366 2 0.342350 0.139891 2 0.348646 0.147103 2 0.342137 0.147854 2 0.348040 0.147457 2 0.345310 0.143932 2 0.346816 0.157175 2 0.344157 0.157619 2 0.346509 0.170686 2 0.345159 0.171092 2 0.345220 0.183686 2 0.344605 0.183934 2
0 0.185268 0.095899 0.016369 0.048942 0.190356 0.114350 1 0.190506 0.113456 1 0.190730 0.113331 1 0.191189 0.114465 2 0.193692 0.113990 1 0.190968 0.121042 2 0.195464 0.120247 2 0.190005 0.128706 1 0.196170 0.127629 1 0.189671 0.127470 1 0.194986 0.126732 1 0.192361 0.129134 1 0.195437 0.129134 1 0.190532 0.127369 1 0.193380 0.127009 1 0.191528 0.129134 1 0.193344 0.129134 1
0 0.527530 0.445106 0.035714 0.144180 0.518717 0.394636 2 0.520445 0.391981 2 0.517272 0.391943 2 0.522798 0.389688 2 0.514303 0.389516 2 0.525463 0.399043 2 0.511285 0.400169 2 0.530077 0.416286 2 0.507836 0.418395 2 0.530836 0.435005 2 0.506176 0.435621 2 0.525361 0.432574 2 0.515118 0.433431 2 0.529025 0.462437 2 0.512330 0.463635 2 0.534223 0.489986 2 0.509905 0.492415 2
0 0.770461 0.321429 0.023065 0.116402 0.772271 0.274992 2 0.773867 0.272864 2 0.771370 0.272389 2 0.776284 0.274725 2 0.770064 0.273556 2 0.777969 0.288648 2 0.766965 0.285613 2 0.779831 0.305207 2 0.761822 0.298891 2 0.772946 0.309806 2 0.763324 0.303852 2 0.771626 0.318617 2 0.764608 0.316264 2 0.768768 0.343747 2 0.761725 0.339783 2 0.765729 0.367691 2 0.761981 0.362716 2
0 0.670015 0.183862 0.017113 0.068783 0.668032 0.156040 1 0.668094 0.154874 1 0.668387 0.155141 1 0.667221 0.156090 2 0.670523 0.156074 2 0.665867 0.163831 2 0.672176 0.160693 2 0.663132 0.170549 2 0.675367 0.154362 2 0.661789 0.174920 2 0.674971 0.147096 2 0.666731 0.181184 2 0.670598 0.180369 2 0.665829 0.195420 2 0.669087 0.195978 2 0.665765 0.211586 2 0.668879 0.210930 2
0 0.654018 0.496032 0.034226 0.169312 0.650492 0.431108 1 0.650589 0.427678 1 0.651378 0.428051 1 0.648825 0.429788 2 0.657205 0.430202 2 0.644595 0.450389 2 0.660684 0.451203 2 0.642173 0.468233 2 0.664269 0.477176 2 0.645488 0.463500 1 0.665009 0.494352 2 0.646721 0.497260 2 0.657340 0.497313 2 0.648707 0.529573 2 0.657183 0.529665 2 0.648116 0.562021 2 0.652373 0.560065 2
0 0.362723 0.486772 0.033482 0.161376 0.367672 0.426550 2 0.367314 0.422973 2 0.365770 0.424286 2 0.365629 0.422188 1 0.360285 0.425405 2 0.362908 0.438694 2 0.359347 0.443822 2 0.364588 0.453511 1 0.360043 0.468365 2 0.368194 0.461694 1 0.362930 0.489434 2 0.365627 0.482976 2 0.362108 0.485493 2 0.369135 0.513767 2 0.360953 0.516357 2 0.370127 0.540916 2 0.350096 0.539595 2
0 0.463542 0.441138 0.035714 0.144180 0.474711 0.461194 2 0.476544 0.458381 2 0.473332 0.457316 2 0.478162 0.456124 1 0.469572 0.454073 2 0.479136 0.459460 2 0.463533 0.461550 2 0.484961 0.473076 2 0.453720 0.479118 2 0.488095 0.490306 2 0.449648 0.502025 2 0.473938 0.476315 2 0.463260 0.478277 2 0.485522 0.491550 2 0.461146 0.499197 2 0.486588 0.504714 2 0.463871 0.521032 2
0 0.197917 0.422619 0.032738 0.141534 0.203444 0.374017 2 0.202678 0.371353 1 0.202405 0.371688 2 0.199345 0.371398 1 0.197909 0.372539 2 0.196113 0.387697 2 0.195042 0.389129 2 0.194891 0.410014 1 0.193306 0.410324 2 0.197808 0.427085 1 0.196479 0.429857 2 0.197906 0.428663 2 0.195927 0.430576 2 0.204456 0.453840 2 0.195356 0.458763 2 0.208480 0.480939 2 0.189378 0.485832 2
0 0.303943 0.424603 0.021577 0.142857 0.314937 0.441004 2 0.314505 0.437872 2 0.313048 0.438371 2 0.312318 0.439744 1 0.307991 0.441460 2 0.312170 0.458078 2 0.304500 0.461825 2 0.314046 0.478920 2 0.302133 0.489141 2 0.317607 0.493730 1 0.308882 0.511285 2 0.311798 0.506046 2 0.306092 0.508584 2 0.315216 0.523686 1 0.305613 0.523686 1 0.313310 0.521962 1 0.301707 0.523686 1
0 0.472098 0.479497 0.048363 0.115079 0.474880 0.460859 2 0.476444 0.458082 2 0.473611 0.457548 2 0.477682 0.454776 1 0.469742 0.454138 2 0.477890 0.457082 2 0.463114 0.461783 2 0.484570 0.467124 2 0.453053 0.478892 2 0.490487 0.480817 2 0.448820 0.500346 2 0.473445 0.474660 2 0.462910 0.478138 2 0.485345 0.491932 2 0.460494 0.501463 2 0.491220 0.509759 2 0.462262 0.524937 2
0 0.311756 0.501323 0.035714 0.161376 0.314572 0.441750 2 0.314134 0.438182 1 0.312895 0.438674 2 0.311410 0.440129 1 0.307609 0.441418 2 0.312024 0.457164 2 0.303853 0.461739 2 0.311380 0.478256 2 0.302861 0.489791 2 0.317178 0.494636 2 0.308167 0.511468 2 0.311331 0.501390 2 0.306064 0.504243 2 0.313076 0.530964 2 0.309851 0.536523 2 0.304703 0.553773 2 0.308941 0.565700 2
0 0.511533 0.536376 0.037946 0.173280 0.509988 0.475720 1 0.509904 0.472604 1 0.510679 0.473033 1 0.506572 0.474993 2 0.514893 0.475790 2 0.502270 0.493272 2 0.517661 0.497060 2 0.497536 0.519063 2 0.520776 0.520102 2 0.495927 0.537572 2 0.523421 0.535719 2 0.504044 0.539985 2 0.514502 0.543149 2 0.503762 0.568735 2 0.515838 0.580972 2 0.503674 0.601136 2 0.515311 0.619000 2
0 0.454613 0.408069 0.034226 0.130952 0.475208 0.460687 2 0.477003 0.457362 2 0.473479 0.457454 2 0.478423 0.453322 1 0.469504 0.453636 2 0.478423 0.460510 2 0.463681 0.462091 2 0.478423 0.476904 1 0.454024 0.480104 2 0.477769 0.493833 1 0.451726 0.493689 2 0.473835 0.488776 1 0.463190 0.489163 2 0.474564 0.492061 1 0.458973 0.492653 1 0.470909 0.496369 1 0.458574 0.497961 1
0 0.214286 0.355159 0.025298 0.125661 0.208767 0.308510 2 0.209737 0.305935 2 0.207317 0.306433 2 0.211148 0.306176 2 0.205033 0.307203 2 0.214464 0.317562 2 0.203135 0.319078 2 0.217154 0.328947 2 0.199072 0.333591 2 0.211081 0.322150 2 0.200610 0.334777 2 0.216425 0.350446 2 0.209023 0.351714 2 0.217864 0.375993 2 0.211024 0.377162 2 0.219761 0.400570 2 0.214352 0.400419 2
0 0.189732 0.342593 0.028274 0.121693 0.202661 0.373933 2 0.202572 0.371306 2 0.201057 0.371383 2 0.199738 0.371864 1 0.196390 0.372340 2 0.196154 0.388030 2 0.195044 0.387643 2 0.195681 0.411137 2 0.192302 0.409673 2 0.201342 0.422370 2 0.195713 0.424238 2 0.195144 0.425035 1 0.194604 0.425720 2 0.197613 0.423287 1 0.197148 0.424757 1 0.196346 0.426670 1 0.194399 0.426670 1
0 0.408110 0.302249 0.018601 0.099206 0.409755 0.268889 2 0.410595 0.266737 1 0.408700 0.266489 2 0.411073 0.267754 1 0.406332 0.267086 2 0.411661 0.278717 2 0.403001 0.277575 2 0.412545 0.290616 2 0.400067 0.289750 2 0.409672 0.286133 2 0.402352 0.292868 2 0.409584 0.302785 2 0.403742 0.302433 2 0.409580 0.323682 2 0.402938 0.324072 2 0.409067 0.344495 2 0.403354 0.344802 2
0 0.553943 0.208333 0.018601 0.088624 0.554089 0.174447 1 0.553994 0.172718 1 0.554232 0.172924 1 0.552017 0.173767 2 0.555811 0.174220 2 0.549843 0.183194 2 0.556821 0.184123 2 0.547328 0.193913 2 0.557890 0.196598 2 0.546963 0.201061 2 0.559611 0.205939 2 0.550039 0.205230 2 0.555008 0.205637 2 0.549772 0.224445 2 0.556360 0.225057 2 0.549130 0.242194 2 0.556598 0.243231 2
0 0.930432 0.285053 0.029018 0.115079 0.941726 0.241588 1 0.941094 0.239095 1 0.941426 0.239710 1 0.935776 0.239328 2 0.941355 0.241017 2 0.930579 0.251015 2 0.943157 0.254265 2 0.925250 0.264877 2 0.945255 0.271458 2 0.925535 0.278210 2 0.942032 0.281460 2 0.928006 0.285347 2 0.936864 0.286530 2 0.925345 0.306851 2 0.936342 0.307984 2 0.920601 0.327739 2 0.933769 0.329396 2
0 0.419271 0.289683 0.021577 0.103175 0.412439 0.252109 1 0.412955 0.249843 2 0.412396 0.250154 1 0.415484 0.250172 2 0.414455 0.250769 1 0.420355 0.261200 2 0.415291 0.261300 2 0.423376 0.276682 2 0.415551 0.275565 1 0.414516 0.277153 2 0.413951 0.276370 1 0.419300 0.289160 2 0.415723 0.288352 2 0.418408 0.314084 2 0.414853 0.313452 2 0.418932 0.338240 2 0.414010 0.337704 2
0 0.789435 0.274471 0.020833 0.085979 0.792741 0.245650 2 0.792925 0.243516 2 0.791923 0.243361 2 0.791910 0.242957 1 0.788717 0.242373 2 0.790670 0.252554 2 0.784609 0.251271 2 0.791110 0.266983 2 0.781752 0.265842 2 0.793697 0.274467 2 0.788148 0.274738 2 0.788155 0.274684 2 0.784068 0.275431 2 0.797631 0.282683 2 0.793692 0.283286 2 0.792267 0.301279 2 0.790139 0.302075 2
0 0.812872 0.274471 0.024554 0.083333 0.810902 0.244203 2 0.810772 0.242282 2 0.810125 0.242313 2 0.809260 0.242191 1 0.806989 0.242401 2 0.808789 0.248819 2 0.803333 0.251694 2 0.812188 0.262143 2 0.808190 0.265003 2 0.816365 0.269947 2 0.813110 0.274428 2 0.809125 0.270405 2 0.805239 0.273956 2 0.817907 0.275392 2 0.814101 0.285715 2 0.813752 0.293376 2 0.814546 0.306318 2
0 0.957217 0.927910 0.061756 0.136243 0.963346 0.900675 2 0.968096 0.897844 2 0.962925 0.893074 2 0.975338 0.902732 2 0.961349 0.890895 1 0.976056 0.930646 2 0.952981 0.914299 2 0.964984 0.971404 2 0.943038 0.946101 2 0.946089 0.972778 2 0.937749 0.972230 2 0.960987 0.992215 2 0.944757 0.982858 2 0.954689 0.982831 1 0.934304 0.973151 1 0.948963 0.996238 1 0.935496 1.000000 1
0 0.541667 0.328042 0.023810 0.063492 0.541449 0.309953 1 0.542398 0.308021 1 0.540308 0.308051 1 0.543517 0.305624 1 0.538518 0.305869 1 0.544904 0.304447 2 0.534440 0.304763 2 0.549108 0.316386 2 0.530456 0.316894 2 0.545013 0.319734 2 0.537278 0.320685 2 0.543137 0.320293 2 0.536240 0.321135 2 0.548701 0.323899 2 0.531877 0.326463 2 0.545662 0.347995 2 0.537256 0.347372 2
0 0.541667 0.164683 0.017857 0.062169 0.540781 0.144681 1 0.540880 0.143415 1 0.541065 0.143391 1 0.541517 0.143953 2 0.543906 0.143589 1 0.542058 0.151135 2 0.546133 0.150251 2 0.542525 0.161316 2 0.546861 0.159686 1 0.542157 0.170072 2 0.545117 0.167888 1 0.543881 0.169646 2 0.546887 0.169120 2 0.542144 0.184855 2 0.545584 0.184511 2 0.542711 0.199895 2 0.546324 0.198822 2
0 0.128348 0.337963 0.018601 0.043651 0.124511 0.327919 2 0.125439 0.325966 2 0.124025 0.326487 2 0.127853 0.325586 2 0.124334 0.326544 1 0.129475 0.332324 2 0.126232 0.332760 2 0.127126 0.341957 2 0.124368 0.339906 2 0.123444 0.345361 2 0.121371 0.344473 2 0.134256 0.345427 2 0.131599 0.345257 2 0.128370 0.341212 2 0.123722 0.341287 2 0.132799 0.349457 2 0.127721 0.349764 2
0 0.098214 0.318122 0.031250 0.056878 0.098610 0.304080 2 0.099660 0.302449 2 0.097589 0.302551 2 0.101533 0.302756 2 0.096179 0.303433 2 0.103609 0.308477 2 0.094396 0.311594 2 0.109229 0.315935 2 0.090381 0.323473 2 0.106970 0.316224 2 0.088376 0.334806 2 0.103496 0.323908 2 0.096914 0.325467 2 0.107349 0.320132 2 0.090792 0.323949 2 0.109857 0.335555 2 0.090736 0.338668 2
0 0.194196 0.136243 0.017857 0.047619 0.190718 0.115086 1 0.190875 0.114084 1 0.191082 0.114065 1 0.191214 0.114819 2 0.193551 0.114477 2 0.190654 0.120982 2 0.195609 0.120487 2 0.189930 0.128428 2 0.197383 0.126813 2 0.190239 0.135437 2 0.197013 0.131297 1 0.192995 0.136035 2 0.196276 0.136004 2 0.193761 0.146089 2 0.196530 0.146466 2 0.194850 0.154065 2 0.197115 0.154127 2
0 0.782366 0.185185 0.018601 0.052910 0.785835 0.164534 1 0.785334 0.163323 1 0.785847 0.163446 1 0.782769 0.163837 2 0.785804 0.164454 2 0.781077 0.170499 2 0.785844 0.171452 2 0.779613 0.177653 2 0.787450 0.179504 2 0.780569 0.183082 2 0.789140 0.184736 2 0.780667 0.186196 2 0.783669 0.186483 2 0.780649 0.197570 2 0.782367 0.197826 2 0.780390 0.208581 2 0.781450 0.208919 2
0 0.403646 0.094577 0.009673 0.043651 0.403659 0.078152 2 0.404003 0.077221 2 0.403215 0.077348 2 0.404606 0.077316 2 0.402610 0.077589 2 0.405859 0.082104 2 0.401894 0.082335 2 0.407330 0.087739 2 0.400731 0.087823 2 0.406887 0.092996 2 0.400682 0.092259 2 0.405556 0.092973 2 0.402917 0.093072 2 0.406026 0.101051 2 0.403140 0.101153 2 0.406917 0.109944 2 0.403235 0.109945 2
0 0.139881 0.115079 0.014881 0.029101 0.138905 0.114116 2 0.139201 0.113210 1 0.138532 0.113178 2 0.139477 0.113254 1 0.137957 0.113198 2 0.140173 0.116717 2 0.136715 0.116806 2 0.142231 0.123904 2 0.137350 0.124533 2 0.143761 0.128396 2 0.143008 0.128552 2 0.139758 0.125819 2 0.137522 0.126462 2 0.143879 0.124163 2 0.141371 0.124933 2 0.144030 0.128853 1 0.143522 0.129909 1
0 0.294643 0.113757 0.011905 0.037037 0.292336 0.104126 1 0.292446 0.103318 1 0.292335 0.103256 1 0.293062 0.103575 2 0.293542 0.103352 1 0.294029 0.107937 2 0.293764 0.107527 2 0.293835 0.113313 2 0.293206 0.112854 2 0.292167 0.115778 2 0.291864 0.115411 2 0.294679 0.117362 2 0.294840 0.117128 2 0.293976 0.123906 2 0.296004 0.123748 2 0.293240 0.129811 2 0.297657 0.129117 2
0 0.876488 0.214947 0.019345 0.083333 0.884236 0.184224 1 0.883509 0.182454 1 0.883936 0.182460 1 0.880041 0.182257 1 0.882315 0.182730 2 0.877790 0.189427 2 0.880920 0.190138 2 0.879116 0.198405 1 0.885505 0.198621 2 0.884858 0.202259 1 0.889092 0.199598 2 0.876950 0.212512 2 0.878614 0.213190 2 0.879893 0.227387 2 0.878340 0.228878 2 0.876345 0.243014 2 0.875193 0.243312 2
0 0.959449 0.223545 0.023065 0.068783 0.968261 0.256625 1 0.967230 0.254195 1 0.968015 0.254672 1 0.962246 0.253088 1 0.966214 0.255226 2 0.956145 0.261990 2 0.964260 0.264586 2 0.952234 0.270764 1 0.965452 0.271019 1 0.957461 0.269075 1 0.968321 0.266264 1 0.955299 0.270269 1 0.960610 0.271019 1 0.960204 0.263692 1 0.962420 0.268602 1 0.958034 0.268602 1 0.964007 0.268694 1
0 0.906622 0.189815 0.020089 0.038360 0.906259 0.177851 2 0.906933 0.176260 2 0.905562 0.176377 2 0.908009 0.176299 2 0.904615 0.176583 2 0.909322 0.182313 2 0.903436 0.182042 2 0.908496 0.191954 2 0.901511 0.190162 2 0.902881 0.195763 2 0.899858 0.196736 2 0.908004 0.197604 2 0.903909 0.197042 2 0.907895 0.194613 2 0.899389 0.194519 2 0.903884 0.201306 2 0.900317 0.200629 2
0 0.926711 0.191799 0.018601 0.034392 0.928018 0.186696 2 0.928655 0.184789 2 0.926807 0.184632 2 0.929260 0.186390 1 0.924349 0.186357 2 0.931281 0.200068 2 0.921114 0.201490 2 0.933966 0.205540 1 0.920825 0.210879 1 0.930302 0.202934 1 0.926024 0.207825 1 0.929146 0.210532 1 0.922530 0.211159 1 0.927249 0.207971 1 0.922451 0.207493 1 0.926287 0.209140 1 0.924228 0.206603 1
