0 0.659598 0.907407 0.039435 0.179894 0.663504 0.849169 2 0.665585 0.844307 2 0.660643 0.843159 2 0.665048 0.844990 1 0.655012 0.842950 2 0.654512 0.860509 2 0.658050 0.867240 2 0.664137 0.884254 2 0.669218 0.890597 2 0.672303 0.879151 2 0.677363 0.884231 2 0.657503 0.921947 2 0.659591 0.929103 2 0.670439 0.949995 2 0.663678 0.977784 2 0.661520 0.971893 2 0.657137 1.000000 2
0 0.702753 0.837302 0.049851 0.198413 0.702195 0.765094 2 0.704653 0.761565 2 0.700237 0.760946 2 0.707836 0.763510 2 0.697123 0.761808 2 0.710829 0.784597 2 0.691064 0.782485 2 0.715224 0.812014 2 0.685197 0.808808 2 0.718872 0.840696 2 0.684077 0.837262 2 0.705464 0.840705 2 0.692516 0.839737 2 0.703571 0.880862 2 0.687624 0.879459 2 0.698902 0.919504 2 0.685451 0.917017 2
0 0.640625 0.809524 0.066964 0.126984 0.663645 0.848569 2 0.665712 0.844285 2 0.660841 0.843737 2 0.666094 0.843382 1 0.655318 0.842606 2 0.654508 0.859350 2 0.657278 0.865693 2 0.662918 0.878740 2 0.669063 0.890562 2 0.671899 0.882088 2 0.679349 0.885511 2 0.654352 0.894659 1 0.656242 0.898148 1 0.675503 0.875466 1 0.678918 0.893084 1 0.671757 0.888166 1 0.670915 0.898148 1
0 0.356399 0.500661 0.019345 0.067460 0.356110 0.476565 2 0.356736 0.475114 2 0.355183 0.475215 2 0.357478 0.476008 1 0.353598 0.476292 2 0.358756 0.483721 2 0.351912 0.485308 2 0.361464 0.491913 2 0.349779 0.496602 2 0.359465 0.495827 2 0.351685 0.503937 2 0.358881 0.504545 2 0.354404 0.505602 2 0.360221 0.518988 2 0.354880 0.520513 2 0.360695 0.533866 2 0.355070 0.534905 2
0 0.585565 0.628307 0.031250 0.126984 0.585190 0.578351 2 0.584920 0.576020 1 0.584127 0.575700 2 0.582958 0.577891 1 0.580457 0.577278 2 0.581732 0.589609 2 0.575911 0.590294 2 0.584781 0.603855 2 0.577567 0.603496 2 0.593051 0.608310 2 0.584935 0.614106 2 0.583041 0.622981 2 0.578238 0.625445 2 0.590357 0.645168 2 0.576636 0.654503 2 0.585856 0.667042 2 0.573706 0.677532 2
0 0.575521 0.630291 0.030506 0.104497 0.574504 0.592250 2 0.574360 0.590064 1 0.574249 0.589706 2 0.571614 0.590040 1 0.571856 0.588971 2 0.572710 0.598262 2 0.566753 0.599719 2 0.575758 0.610742 1 0.565905 0.616544 2 0.575530 0.609875 1 0.572498 0.614931 2 0.573895 0.629666 2 0.570221 0.630875 2 0.574470 0.653168 2 0.574967 0.654406 2 0.565683 0.671701 2 0.572378 0.677556 2
0 0.498512 0.563492 0.022321 0.100529 0.497473 0.525663 1 0.497638 0.523830 1 0.498284 0.523976 1 0.496902 0.525855 2 0.502329 0.525685 2 0.494771 0.537755 2 0.504430 0.536936 2 0.492838 0.551714 2 0.506756 0.550412 2 0.492335 0.563115 2 0.507250 0.558809 2 0.496620 0.561696 2 0.503119 0.561205 2 0.497137 0.583284 2 0.503106 0.581686 2 0.498099 0.604378 2 0.502932 0.600959 2
0 0.529018 0.605820 0.029762 0.113757 0.529254 0.560093 1 0.529140 0.558005 1 0.529929 0.558058 1 0.526824 0.559507 2 0.533316 0.559624 2 0.523597 0.572837 2 0.535641 0.573349 2 0.521039 0.589983 2 0.538558 0.590018 2 0.520132 0.604244 2 0.538797 0.603484 2 0.525334 0.605722 2 0.533161 0.606035 2 0.526349 0.627398 2 0.531486 0.629291 2 0.528091 0.649786 2 0.529728 0.651971 2
0 0.529018 0.556878 0.023810 0.095238 0.528365 0.560334 1 0.528396 0.558271 1 0.529207 0.558587 1 0.526832 0.559596 2 0.533002 0.560070 2 0.523457 0.573109 2 0.535164 0.573439 2 0.520647 0.590236 2 0.538363 0.589618 2 0.520026 0.604526 2 0.537920 0.603098 2 0.525145 0.606578 2 0.532412 0.606777 2 0.525844 0.622410 1 0.530465 0.622603 1 0.527951 0.619288 1 0.527718 0.618653 1
0 0.483259 0.562831 0.020089 0.099206 0.486991 0.530034 1 0.487122 0.528188 1 0.487876 0.528561 1 0.486180 0.529161 2 0.491301 0.529598 2 0.482978 0.538811 2 0.492637 0.539980 2 0.479614 0.550740 2 0.493546 0.553237 2 0.479388 0.562709 2 0.492800 0.563481 2 0.483209 0.563937 2 0.489379 0.564576 2 0.484076 0.581455 2 0.487711 0.582819 2 0.485250 0.598245 2 0.486365 0.598997 2
0 0.508557 0.527116 0.015625 0.085979 0.499396 0.526218 1 0.499248 0.524453 1 0.499650 0.524514 1 0.498222 0.526027 1 0.501770 0.526061 2 0.497906 0.537132 1 0.504019 0.537054 2 0.498455 0.548926 1 0.506283 0.548991 2 0.500287 0.555088 1 0.506455 0.556501 2 0.498877 0.559454 2 0.503122 0.559116 2 0.499050 0.579041 1 0.503237 0.578037 2 0.499582 0.586806 1 0.503769 0.586806 2
0 0.491071 0.521164 0.017857 0.082011 0.497472 0.525270 1 0.497690 0.523425 1 0.498346 0.523559 1 0.497116 0.525086 2 0.501756 0.524889 1 0.494486 0.536715 2 0.502976 0.536037 2 0.492851 0.550509 2 0.502976 0.548905 1 0.491785 0.561837 2 0.502735 0.560354 1 0.496330 0.559558 2 0.502034 0.559500 2 0.496910 0.576028 2 0.501348 0.576839 1 0.496962 0.578042 1 0.500028 0.578042 1
0 0.441592 0.433201 0.017113 0.054233 0.442030 0.414621 2 0.442536 0.413586 2 0.441510 0.413685 2 0.443368 0.413383 2 0.440637 0.413670 2 0.444497 0.418557 2 0.440405 0.419076 2 0.445316 0.425565 2 0.440080 0.425824 2 0.444029 0.431962 2 0.439538 0.431687 2 0.444114 0.432870 2 0.440916 0.432998 2 0.445015 0.443070 2 0.439570 0.443527 2 0.447362 0.452180 2 0.438825 0.453559 2
