0 0.103051 0.921296 0.034970 0.112434 0.101492 0.879248 1 0.100467 0.877407 1 0.102117 0.876737 1 0.095728 0.880809 2 0.105110 0.878948 2 0.094270 0.898305 2 0.108200 0.892468 2 0.092780 0.918977 2 0.113770 0.903885 2 0.095792 0.931865 2 0.114528 0.906316 1 0.101999 0.928749 2 0.111634 0.926450 2 0.103694 0.951172 2 0.113720 0.945975 2 0.105485 0.973295 2 0.118410 0.967739 2
0 0.089286 0.884259 0.026786 0.154762 0.104902 0.878180 1 0.103321 0.876056 1 0.105203 0.875409 1 0.096172 0.879257 2 0.105220 0.878147 2 0.094603 0.896471 2 0.106922 0.892888 2 0.093495 0.917672 2 0.107887 0.910101 1 0.095473 0.934421 2 0.107765 0.921609 1 0.100185 0.926589 2 0.107887 0.925099 2 0.103703 0.951652 2 0.107013 0.948918 2 0.104830 0.971700 2 0.105527 0.972576 2
0 0.109747 0.899471 0.031994 0.105820 0.103196 0.878668 1 0.102002 0.876650 1 0.103536 0.875938 1 0.096345 0.879618 2 0.104747 0.877909 2 0.094630 0.897413 2 0.107396 0.892108 2 0.093255 0.919412 2 0.113257 0.906003 2 0.095951 0.935034 2 0.115069 0.912112 2 0.101522 0.927905 2 0.110397 0.925758 2 0.103792 0.950505 2 0.113648 0.945228 2 0.105218 0.970825 2 0.117880 0.966652 2
0 0.257440 0.644180 0.017857 0.074074 0.262253 0.618949 1 0.261181 0.617455 1 0.262124 0.617505 1 0.257039 0.618140 1 0.261244 0.619037 2 0.255089 0.626671 2 0.261473 0.628255 2 0.255846 0.635143 1 0.263555 0.637793 2 0.259653 0.639445 1 0.263489 0.641723 2 0.255752 0.647118 2 0.259880 0.647902 2 0.258680 0.660193 2 0.260289 0.661206 2 0.259823 0.672469 2 0.259504 0.673785 2
0 0.238467 0.873016 0.054315 0.103175 0.248167 0.824452 2 0.249600 0.820367 2 0.246546 0.820360 2 0.254097 0.817493 2 0.248071 0.816734 1 0.254115 0.832350 2 0.255824 0.825886 2 0.240939 0.845234 2 0.244654 0.834636 2 0.230717 0.851137 2 0.232957 0.846423 2 0.262094 0.877640 2 0.263910 0.872311 2 0.239861 0.853473 2 0.247247 0.840541 2 0.241221 0.896125 2 0.248617 0.878693 2
0 0.470982 0.467593 0.017857 0.096561 0.468612 0.425774 1 0.468785 0.423952 1 0.469516 0.424173 1 0.468354 0.425811 2 0.473754 0.425783 2 0.466540 0.436831 2 0.475640 0.437115 2 0.465075 0.449464 2 0.477619 0.450920 2 0.465309 0.460229 2 0.477380 0.460899 2 0.468429 0.461731 2 0.474557 0.461861 2 0.468939 0.480811 2 0.474062 0.480717 2 0.469774 0.500120 2 0.473896 0.499310 2
0 0.257812 0.751323 0.037946 0.066138 0.257871 0.730260 2 0.258752 0.727672 2 0.257056 0.728673 2 0.262303 0.727285 2 0.259169 0.729128 1 0.263461 0.735637 2 0.265593 0.735101 2 0.256340 0.742758 2 0.257599 0.739018 2 0.250342 0.744943 2 0.250625 0.745026 2 0.272623 0.762735 2 0.274315 0.761314 2 0.258676 0.748864 2 0.264103 0.745201 2 0.264207 0.770709 2 0.267247 0.765718 2
0 0.267485 0.719577 0.029018 0.063492 0.257653 0.730842 2 0.258658 0.727404 2 0.256707 0.728910 2 0.262566 0.726116 2 0.259854 0.728813 2 0.263656 0.735467 2 0.270434 0.738795 2 0.257358 0.746736 2 0.277078 0.754816 2 0.253812 0.742895 2 0.271044 0.757978 1 0.266037 0.761429 1 0.269934 0.760585 1 0.252825 0.750902 1 0.255145 0.748638 1 0.252628 0.758793 1 0.254907 0.758610 1
0 0.282366 0.701720 0.036458 0.072751 0.257440 0.730591 2 0.258366 0.727971 2 0.257440 0.727851 1 0.261660 0.727612 2 0.260743 0.726396 1 0.262110 0.740270 2 0.267799 0.734858 2 0.260036 0.752645 1 0.265827 0.743213 1 0.259176 0.751230 1 0.259182 0.747308 1 0.270762 0.752645 1 0.274655 0.752247 1 0.261108 0.750813 1 0.265203 0.744214 1 0.264854 0.752645 1 0.266367 0.748224 1
0 0.422619 0.431878 0.020833 0.091270 0.428685 0.394649 1 0.428258 0.392966 1 0.428805 0.393217 1 0.424891 0.393320 2 0.429553 0.394161 2 0.422056 0.401570 2 0.429568 0.403469 2 0.419773 0.413579 2 0.430167 0.416891 2 0.420147 0.423625 2 0.426540 0.423034 2 0.421927 0.426070 2 0.427333 0.427225 2 0.422932 0.445099 2 0.429191 0.446665 2 0.422677 0.462788 2 0.430215 0.463447 2
0 0.435268 0.417328 0.017857 0.085979 0.437646 0.383485 1 0.436732 0.382276 1 0.437500 0.382064 1 0.433085 0.384124 2 0.437492 0.383991 2 0.431608 0.394617 2 0.440330 0.393353 2 0.431707 0.406597 2 0.442915 0.405084 2 0.432849 0.414691 1 0.441631 0.412256 2 0.434079 0.418250 2 0.439909 0.417209 2 0.436731 0.436860 2 0.440254 0.433260 2 0.437993 0.452423 2 0.439197 0.449563 2
0 0.488467 0.395503 0.017113 0.082011 0.489933 0.365621 2 0.490642 0.364151 2 0.489149 0.364243 2 0.491730 0.364516 2 0.487789 0.364521 2 0.493257 0.372465 2 0.485902 0.371957 2 0.494897 0.382198 2 0.484669 0.381758 2 0.491295 0.386696 2 0.487924 0.385830 2 0.491897 0.391021 2 0.486908 0.390905 2 0.491663 0.407196 2 0.487229 0.406323 2 0.491663 0.422208 2 0.486747 0.419928 2
0 0.538318 0.406746 0.021577 0.085979 0.539694 0.373860 2 0.540773 0.372377 2 0.538882 0.372401 2 0.542840 0.373095 2 0.538036 0.373167 2 0.545130 0.381584 2 0.536136 0.381452 2 0.547682 0.391090 2 0.533841 0.391547 2 0.548911 0.401051 2 0.533345 0.402665 2 0.543373 0.404054 2 0.537607 0.403892 2 0.543088 0.418938 2 0.537991 0.418607 2 0.542393 0.431452 2 0.538799 0.430625 2
0 0.530506 0.362434 0.019345 0.082011 0.539714 0.373225 2 0.540854 0.371879 2 0.539015 0.371724 2 0.542734 0.373015 2 0.538003 0.372755 2 0.543899 0.381721 2 0.535662 0.381526 2 0.543899 0.393141 1 0.533477 0.391264 2 0.543618 0.405815 1 0.533266 0.401789 2 0.542934 0.405219 2 0.537340 0.405335 2 0.543134 0.417941 1 0.537981 0.418651 2 0.543127 0.417996 1 0.538602 0.418651 1
0 0.510789 0.312831 0.017113 0.067460 0.513039 0.292878 2 0.513763 0.291641 2 0.512384 0.291527 2 0.514638 0.292066 2 0.511335 0.291690 2 0.515768 0.299034 2 0.509578 0.298595 2 0.518058 0.306946 2 0.508387 0.306514 2 0.519724 0.314239 2 0.508883 0.313205 2 0.514905 0.316971 2 0.510951 0.316995 2 0.514797 0.330241 2 0.511533 0.329905 2 0.514742 0.342816 2 0.512740 0.341757 2
0 0.436012 0.257275 0.011905 0.048942 0.437627 0.241677 2 0.438097 0.240645 2 0.437071 0.240871 2 0.439006 0.240826 2 0.436524 0.241368 2 0.440652 0.246225 2 0.436094 0.246520 2 0.442354 0.252773 2 0.435346 0.252445 2 0.441341 0.257873 2 0.435130 0.257044 2 0.440193 0.259272 2 0.437376 0.259307 2 0.439819 0.268430 2 0.438266 0.268198 2 0.439707 0.275938 2 0.439164 0.275170 2
0 0.313616 0.625000 0.026042 0.112434 0.318433 0.584303 2 0.319987 0.581840 2 0.317025 0.581900 2 0.322378 0.581457 2 0.314907 0.581494 2 0.325121 0.591534 2 0.312330 0.590990 2 0.328501 0.606253 2 0.308960 0.603578 2 0.330087 0.619514 2 0.309250 0.614596 2 0.322644 0.620858 2 0.314309 0.620641 2 0.321344 0.640846 2 0.313311 0.640990 2 0.321793 0.661289 2 0.315457 0.661415 2
0 0.303943 0.655423 0.020089 0.083333 0.310999 0.620868 2 0.312037 0.619147 2 0.310188 0.619175 2 0.313949 0.618431 2 0.309183 0.618563 1 0.315868 0.626352 2 0.307678 0.626388 2 0.317621 0.636274 2 0.305254 0.635551 2 0.316721 0.645491 2 0.303291 0.645446 2 0.314511 0.649350 2 0.309000 0.649175 2 0.314601 0.664770 2 0.308614 0.664094 2 0.315140 0.675824 2 0.307969 0.674875 2
0 0.296875 0.631614 0.016369 0.080688 0.295534 0.603534 2 0.296239 0.601498 2 0.294513 0.602051 2 0.297835 0.600967 2 0.293550 0.602256 2 0.300969 0.609670 2 0.292706 0.611408 2 0.306133 0.620530 2 0.291567 0.622779 2 0.305725 0.634341 2 0.293419 0.635780 2 0.302563 0.634696 2 0.297458 0.635873 2 0.302945 0.653115 2 0.299539 0.654711 2 0.304123 0.670983 2 0.300477 0.670617 2
0 0.293899 0.545635 0.020833 0.088624 0.292754 0.511423 1 0.292638 0.509883 1 0.293218 0.509755 1 0.291821 0.511344 2 0.296683 0.510567 2 0.291347 0.521846 2 0.299920 0.519816 2 0.288221 0.533026 2 0.302845 0.530387 2 0.286008 0.539632 2 0.304537 0.541534 2 0.294730 0.544713 2 0.300212 0.543573 2 0.294615 0.561913 2 0.299240 0.559554 2 0.294195 0.579092 2 0.298291 0.577699 2
0 0.217262 0.711640 0.023810 0.095238 0.212753 0.675565 1 0.213265 0.673932 1 0.213492 0.673498 1 0.215877 0.676151 2 0.218968 0.674358 1 0.215699 0.687787 2 0.222190 0.683173 2 0.216000 0.699033 2 0.226513 0.688967 2 0.220990 0.704113 2 0.228441 0.697175 2 0.220442 0.711151 2 0.224933 0.709554 2 0.220814 0.728381 2 0.226153 0.726595 2 0.219925 0.748585 2 0.227654 0.743477 2
0 0.226562 0.646164 0.026042 0.088624 0.212266 0.675975 2 0.212970 0.674609 2 0.213344 0.673446 1 0.215998 0.676354 2 0.218910 0.672791 1 0.217507 0.689050 2 0.222679 0.680728 2 0.218225 0.703424 2 0.227014 0.692345 2 0.221986 0.697004 2 0.228106 0.696465 2 0.220638 0.706576 2 0.224087 0.701704 2 0.218305 0.704194 1 0.222589 0.695408 1 0.221430 0.705207 1 0.226026 0.697342 1
0 0.247396 0.570106 0.024554 0.082011 0.240894 0.548978 1 0.240386 0.547117 1 0.240991 0.545829 1 0.240937 0.542492 2 0.245087 0.539082 1 0.243547 0.545197 2 0.250823 0.539387 2 0.247167 0.562772 2 0.257096 0.550554 2 0.250042 0.578656 2 0.257460 0.568298 2 0.253094 0.560347 2 0.258461 0.558291 2 0.250630 0.582899 2 0.256810 0.581784 2 0.251923 0.604752 2 0.259347 0.604525 2
0 0.268601 0.540344 0.023810 0.104497 0.262919 0.505793 2 0.263090 0.503192 2 0.262101 0.503880 1 0.265675 0.500453 2 0.263542 0.502329 1 0.270200 0.508777 2 0.267590 0.508818 2 0.270594 0.525623 2 0.268414 0.522520 1 0.268541 0.539029 2 0.267635 0.537284 1 0.272411 0.532968 2 0.270851 0.532728 2 0.272988 0.553903 2 0.272110 0.553861 2 0.273762 0.577278 2 0.274282 0.576176 2
