0 0.042783 0.593254 0.036458 0.146825 0.029445 0.540512 2 0.031227 0.538037 2 0.029966 0.537510 1 0.036902 0.539446 2 0.032440 0.538197 1 0.044626 0.552607 2 0.030376 0.554481 2 0.056585 0.564139 2 0.023608 0.561941 2 0.050813 0.575836 2 0.026663 0.558372 2 0.045968 0.590852 2 0.036348 0.592703 2 0.049875 0.614213 2 0.037029 0.620372 2 0.053258 0.638358 2 0.035928 0.650630 2
0 0.790551 0.194444 0.018601 0.068783 0.795029 0.172025 1 0.794393 0.170166 1 0.794897 0.170429 1 0.791018 0.169766 1 0.793718 0.170827 2 0.789268 0.177612 2 0.792268 0.179542 2 0.788705 0.187587 1 0.792331 0.190098 2 0.790103 0.197737 1 0.792798 0.199991 2 0.788853 0.197211 2 0.791076 0.198469 2 0.789621 0.211184 2 0.791830 0.213007 2 0.788760 0.224449 2 0.791858 0.226103 2
0 0.917039 0.256614 0.021577 0.092593 0.930300 0.237410 2 0.931149 0.235983 2 0.929749 0.235034 2 0.931489 0.236230 1 0.927693 0.233729 2 0.930942 0.244513 2 0.923953 0.239793 2 0.930980 0.258235 2 0.918001 0.248650 2 0.930147 0.269262 2 0.914713 0.260019 2 0.926813 0.264375 2 0.921517 0.262011 2 0.928691 0.280909 2 0.915811 0.278599 2 0.926859 0.295358 2 0.910482 0.294747 2
0 0.812128 0.731481 0.066220 0.253968 0.818817 0.630003 1 0.819452 0.626252 1 0.821114 0.627150 1 0.821064 0.631793 2 0.832066 0.632951 1 0.816624 0.659100 2 0.836379 0.662656 2 0.807595 0.693224 2 0.830773 0.685976 2 0.794507 0.694203 2 0.815720 0.683306 2 0.811064 0.722907 2 0.825168 0.725000 2 0.796194 0.752277 2 0.817184 0.772682 2 0.788403 0.793967 2 0.812246 0.819024 2
0 0.920387 0.242063 0.029762 0.095238 0.931188 0.237042 2 0.931733 0.235650 2 0.930459 0.235270 2 0.931829 0.235528 1 0.927644 0.234318 2 0.932222 0.243384 2 0.923348 0.241854 2 0.936686 0.250342 2 0.917385 0.249832 2 0.937823 0.253584 2 0.915054 0.259684 2 0.928275 0.264930 2 0.921949 0.263969 2 0.928745 0.279588 2 0.917460 0.279199 2 0.927633 0.293029 2 0.910344 0.293793 2
0 0.289062 0.130291 0.011161 0.067460 0.290358 0.107682 2 0.290806 0.106455 2 0.289735 0.106456 2 0.291357 0.107133 1 0.288723 0.107089 2 0.292578 0.113597 2 0.287589 0.113816 2 0.293974 0.120983 2 0.286786 0.120934 2 0.294776 0.128132 2 0.288121 0.125592 2 0.292758 0.128023 2 0.289301 0.128402 2 0.293743 0.140055 2 0.289331 0.140727 2 0.294146 0.152212 2 0.289221 0.153392 2
0 0.154018 0.090608 0.016369 0.048942 0.148185 0.103119 1 0.148200 0.102240 1 0.148408 0.102186 1 0.147787 0.103137 2 0.150280 0.102764 2 0.147715 0.109471 2 0.152602 0.109086 2 0.146210 0.116393 2 0.154369 0.116115 2 0.145821 0.119440 1 0.153268 0.119481 1 0.149015 0.122761 2 0.152367 0.122363 2 0.147812 0.123843 1 0.152301 0.123434 1 0.147766 0.123620 1 0.152365 0.123843 1
0 0.850446 0.229497 0.023810 0.064815 0.857479 0.209433 2 0.858252 0.207576 2 0.856505 0.207367 2 0.858499 0.207625 1 0.853568 0.206874 2 0.859702 0.218342 2 0.848976 0.215100 2 0.860812 0.231201 2 0.842228 0.221782 2 0.858789 0.239866 2 0.842104 0.230279 2 0.852915 0.248617 2 0.845602 0.246704 2 0.849672 0.268155 2 0.842115 0.265785 2 0.849977 0.272720 1 0.842489 0.270648 1
0 0.481399 0.362434 0.026786 0.134921 0.480108 0.318275 2 0.481642 0.316290 2 0.479260 0.315944 2 0.484371 0.316724 2 0.478372 0.316250 2 0.488262 0.326422 2 0.476993 0.328707 2 0.496102 0.334424 2 0.474804 0.338949 2 0.494687 0.335358 2 0.473242 0.338299 2 0.486146 0.363594 2 0.478135 0.364342 2 0.487931 0.389991 2 0.475491 0.392991 2 0.489894 0.410433 2 0.472623 0.417548 2
0 0.824033 0.213624 0.018601 0.080688 0.825281 0.183443 2 0.826436 0.181722 2 0.825208 0.181533 2 0.829097 0.182967 2 0.825642 0.182363 1 0.831653 0.193300 2 0.823617 0.191317 2 0.832424 0.205950 2 0.821572 0.200217 2 0.828236 0.209649 2 0.820851 0.206697 2 0.827100 0.216391 2 0.821508 0.214873 2 0.826210 0.235946 2 0.819277 0.234342 2 0.823647 0.254686 2 0.818364 0.253799 2
0 0.614583 0.163360 0.016369 0.051587 0.609424 0.150732 1 0.609356 0.150178 1 0.609632 0.149276 1 0.609751 0.147845 2 0.611550 0.145584 1 0.610725 0.147658 2 0.614676 0.145070 2 0.611266 0.154619 2 0.618986 0.151760 2 0.609603 0.155236 2 0.618652 0.155954 1 0.616039 0.156597 2 0.618036 0.155520 2 0.616493 0.169381 2 0.615424 0.168043 2 0.619446 0.181436 2 0.614476 0.181908 2
0 0.591518 0.481481 0.038690 0.169312 0.585077 0.422176 2 0.585681 0.419047 2 0.585954 0.418902 1 0.588528 0.421595 2 0.593731 0.420864 1 0.589472 0.442345 2 0.598965 0.440502 2 0.587773 0.469209 2 0.605188 0.459468 2 0.583238 0.488370 2 0.605124 0.478096 2 0.589648 0.488190 2 0.596889 0.487431 2 0.581035 0.511743 2 0.595479 0.517891 2 0.581367 0.543209 2 0.604542 0.549473 2
0 0.438616 0.434524 0.030506 0.144180 0.429354 0.424910 1 0.428253 0.422209 1 0.429750 0.421976 1 0.422842 0.423913 2 0.431594 0.423620 2 0.419671 0.443252 2 0.435160 0.440796 2 0.417411 0.467587 2 0.442908 0.461068 2 0.420522 0.477205 2 0.449180 0.478123 2 0.423258 0.488763 2 0.432961 0.487520 2 0.423881 0.517744 2 0.430750 0.515963 2 0.426189 0.533751 1 0.429225 0.533751 1
0 0.377976 0.369709 0.031250 0.128307 0.382463 0.317132 1 0.381109 0.314636 1 0.382439 0.314652 1 0.375010 0.315780 2 0.382391 0.316708 2 0.370960 0.331649 2 0.384101 0.333829 2 0.369082 0.351210 2 0.387973 0.351944 2 0.372401 0.359277 1 0.390288 0.351548 2 0.374086 0.369720 2 0.382145 0.371267 2 0.378829 0.395150 2 0.381383 0.398849 2 0.380890 0.419249 2 0.375772 0.424788 2
0 0.224330 0.433201 0.033482 0.152116 0.226950 0.370218 1 0.225483 0.367981 1 0.226986 0.368112 1 0.219760 0.370772 2 0.227442 0.371829 2 0.216917 0.388114 2 0.229908 0.390053 2 0.214941 0.408921 2 0.234059 0.410752 2 0.213982 0.424092 2 0.239103 0.424873 2 0.220843 0.426779 2 0.228365 0.428459 2 0.229683 0.451923 2 0.229895 0.456291 2 0.234390 0.477734 2 0.225740 0.485252 2
0 0.308780 0.378968 0.028274 0.125661 0.313941 0.331977 2 0.313730 0.329239 2 0.312341 0.330131 2 0.312247 0.330231 1 0.308230 0.332768 2 0.312214 0.342591 2 0.306489 0.347860 2 0.311634 0.359871 2 0.304699 0.367526 2 0.313150 0.375727 2 0.307475 0.383383 2 0.310220 0.376791 2 0.306452 0.379776 2 0.310500 0.400572 2 0.307648 0.408546 2 0.309705 0.422026 2 0.307553 0.434211 2
0 0.408854 0.329365 0.027530 0.121693 0.406178 0.284207 2 0.407641 0.281045 2 0.405250 0.281271 2 0.410486 0.282160 2 0.404819 0.282875 1 0.413714 0.295308 2 0.404887 0.295415 2 0.415284 0.311249 2 0.403016 0.310625 2 0.410991 0.320241 2 0.398120 0.320809 2 0.411691 0.329409 2 0.405611 0.328378 2 0.412521 0.354820 2 0.401135 0.351342 2 0.410542 0.376443 2 0.406786 0.372098 2
0 0.271577 0.376323 0.034226 0.136243 0.264869 0.328927 2 0.265994 0.325609 2 0.263372 0.326794 2 0.268715 0.324062 2 0.262381 0.326885 2 0.273795 0.336675 2 0.262711 0.339006 2 0.279372 0.352712 2 0.260518 0.355418 2 0.284180 0.369800 2 0.257038 0.371135 2 0.275242 0.371120 2 0.268420 0.371803 2 0.273931 0.397921 2 0.268146 0.396506 2 0.273911 0.423707 2 0.270799 0.418797 2
0 0.431920 0.486111 0.037946 0.160053 0.430168 0.380191 1 0.430541 0.378088 1 0.431366 0.377900 1 0.431378 0.379991 2 0.437106 0.379117 1 0.430915 0.395376 2 0.442131 0.391953 2 0.427001 0.413031 2 0.450338 0.405183 2 0.429394 0.418565 2 0.453227 0.421891 2 0.436845 0.429104 2 0.442265 0.427197 2 0.439749 0.457553 2 0.439081 0.455904 2 0.450257 0.482562 2 0.440159 0.482912 2
0 0.382068 0.356481 0.030506 0.130952 0.382137 0.316930 1 0.380804 0.314361 1 0.382141 0.314480 1 0.374718 0.315788 2 0.382332 0.316836 2 0.370681 0.332081 2 0.384165 0.334635 2 0.369282 0.351496 2 0.388262 0.352610 2 0.372638 0.361046 1 0.389304 0.349773 2 0.373511 0.370118 2 0.381750 0.371896 2 0.378856 0.395215 2 0.381034 0.399026 2 0.380742 0.419041 2 0.375138 0.424345 2
0 0.209077 0.314153 0.025298 0.104497 0.207693 0.281893 2 0.208576 0.279614 2 0.206527 0.280281 2 0.210341 0.277816 2 0.204845 0.279396 2 0.214405 0.286864 2 0.203559 0.288385 2 0.218884 0.301196 2 0.199499 0.301681 2 0.213154 0.301339 2 0.202735 0.302591 2 0.215005 0.318826 2 0.207763 0.319735 2 0.217224 0.342294 2 0.209331 0.343516 2 0.221326 0.364405 2 0.210364 0.365535 2
0 0.384673 0.272487 0.019345 0.103175 0.382249 0.316804 1 0.380924 0.314360 1 0.382339 0.314493 1 0.375027 0.315940 2 0.382043 0.316689 2 0.371895 0.331984 2 0.383948 0.333357 2 0.371841 0.342883 1 0.386833 0.343915 1 0.377615 0.338669 1 0.387694 0.340787 1 0.373832 0.343915 1 0.381807 0.343915 1 0.375939 0.335828 1 0.383212 0.336721 1 0.376695 0.342220 1 0.380439 0.343915 1
0 0.529018 0.180556 0.019345 0.080688 0.525149 0.151457 1 0.524973 0.150095 1 0.525209 0.150024 1 0.523185 0.151422 2 0.526690 0.151316 2 0.521622 0.160681 2 0.528357 0.160511 2 0.522025 0.170597 2 0.530873 0.173267 2 0.525806 0.173876 2 0.535415 0.181987 2 0.523743 0.182230 2 0.528593 0.182085 2 0.525463 0.200576 2 0.532136 0.198591 2 0.526663 0.217469 2 0.534014 0.215187 2
0 0.852679 0.246693 0.026786 0.101852 0.857684 0.209541 2 0.858245 0.207716 2 0.856772 0.207493 2 0.858145 0.208261 1 0.853813 0.207302 2 0.859170 0.219273 2 0.848950 0.215483 2 0.861851 0.231176 2 0.842408 0.220802 2 0.859104 0.239145 2 0.844051 0.222860 2 0.852983 0.246790 2 0.846185 0.244691 2 0.849397 0.265340 2 0.842320 0.261679 2 0.848510 0.282211 2 0.842088 0.276879 2
0 0.424479 0.256614 0.021577 0.108466 0.425220 0.214635 2 0.426004 0.212046 2 0.424055 0.213219 2 0.428069 0.210442 2 0.423212 0.213484 2 0.432058 0.218355 2 0.423457 0.223239 2 0.437693 0.222209 2 0.420511 0.235439 2 0.432869 0.214924 2 0.415778 0.251536 2 0.431305 0.247919 2 0.426187 0.249301 2 0.430832 0.270077 2 0.428091 0.271126 2 0.431042 0.292413 2 0.428839 0.291714 2
0 0.740327 0.244709 0.020833 0.082011 0.741705 0.215041 2 0.742015 0.213382 2 0.741021 0.213197 2 0.741468 0.213426 1 0.738674 0.212800 2 0.739855 0.222059 2 0.735279 0.220829 2 0.739617 0.234339 2 0.732914 0.232385 2 0.742088 0.241388 2 0.736790 0.241499 2 0.737815 0.242357 2 0.734618 0.242711 2 0.742716 0.253038 2 0.738214 0.254014 2 0.740248 0.271307 2 0.736040 0.271810 2
0 0.758557 0.243386 0.023065 0.082011 0.757253 0.215756 2 0.758098 0.213995 2 0.756405 0.213574 2 0.758349 0.213962 1 0.754131 0.213151 2 0.757697 0.219267 2 0.751677 0.222563 2 0.760479 0.231508 2 0.756651 0.234711 2 0.763449 0.239453 2 0.762147 0.243171 2 0.757519 0.238843 2 0.753469 0.242654 2 0.765510 0.240399 2 0.761560 0.252811 2 0.762004 0.253703 2 0.763812 0.271857 2
0 0.885417 0.771825 0.056548 0.215608 0.895398 0.692804 2 0.898813 0.689670 2 0.893854 0.687229 2 0.903090 0.693772 2 0.890498 0.687732 2 0.902977 0.720064 2 0.883740 0.710427 2 0.898308 0.751262 2 0.878020 0.740971 2 0.890056 0.760011 2 0.878894 0.757838 2 0.893945 0.771447 2 0.880134 0.765554 2 0.890795 0.802615 2 0.871059 0.789575 2 0.886270 0.840964 2 0.867441 0.826678 2
0 0.511533 0.297619 0.023065 0.063492 0.513371 0.279595 2 0.514272 0.277903 1 0.512433 0.277873 2 0.515267 0.275128 1 0.510893 0.275106 2 0.516730 0.274336 2 0.507179 0.274547 2 0.520765 0.284769 2 0.503632 0.285333 2 0.516920 0.290078 2 0.508608 0.289618 2 0.514991 0.291761 2 0.508706 0.292322 2 0.519874 0.293025 2 0.504780 0.294497 2 0.516802 0.315554 2 0.509121 0.314612 2
0 0.504836 0.271164 0.023065 0.063492 0.512999 0.278124 2 0.513860 0.276485 1 0.512128 0.276522 2 0.515042 0.274157 1 0.510835 0.274417 2 0.516600 0.274281 2 0.507736 0.274943 2 0.520731 0.283548 2 0.504236 0.285315 2 0.518234 0.287532 2 0.508566 0.289430 2 0.515504 0.291718 2 0.509630 0.292216 2 0.518782 0.292869 2 0.504972 0.294312 2 0.516510 0.310772 2 0.508436 0.309952 2
0 0.488467 0.144180 0.017113 0.066138 0.491579 0.123883 2 0.491299 0.122671 1 0.491319 0.122579 2 0.489610 0.123230 1 0.489938 0.123102 2 0.489159 0.129585 2 0.488188 0.129631 2 0.488966 0.137720 1 0.486008 0.138060 2 0.490652 0.141349 1 0.486393 0.145119 2 0.487916 0.145351 2 0.487509 0.145561 2 0.488659 0.158339 2 0.488722 0.159174 2 0.486231 0.170199 2 0.487428 0.173270 2
0 0.093378 0.300926 0.033482 0.059524 0.090996 0.285765 2 0.091129 0.283990 2 0.089735 0.284689 2 0.091399 0.283716 1 0.086831 0.285767 2 0.093372 0.290298 2 0.084189 0.293485 2 0.099275 0.296584 2 0.080674 0.303348 2 0.097152 0.298731 2 0.078729 0.313658 2 0.092347 0.307219 2 0.085796 0.308527 2 0.094896 0.300636 2 0.080998 0.303777 2 0.097738 0.317882 2 0.079948 0.317849 2
0 0.581845 0.130952 0.010417 0.068783 0.584404 0.107796 2 0.584608 0.106588 2 0.583777 0.106570 2 0.584376 0.107266 1 0.582252 0.107196 2 0.585003 0.114210 2 0.580148 0.114127 2 0.585666 0.123058 2 0.579098 0.122666 2 0.585923 0.130634 2 0.580022 0.131182 2 0.584492 0.130949 2 0.581228 0.131176 2 0.584771 0.144322 2 0.580653 0.145239 2 0.583368 0.157863 2 0.580149 0.158697 2
0 0.149554 0.120370 0.013393 0.052910 0.147855 0.104024 1 0.147904 0.103137 1 0.148140 0.102955 1 0.147689 0.103953 2 0.150262 0.103391 2 0.147346 0.109756 2 0.152272 0.109161 2 0.146227 0.116389 2 0.153958 0.114989 2 0.145978 0.118955 2 0.153208 0.118854 1 0.149183 0.122340 2 0.152515 0.122214 2 0.149899 0.130666 2 0.153041 0.131408 2 0.151121 0.137646 2 0.154359 0.139947 2
0 0.202009 0.121032 0.012649 0.046296 0.200734 0.104135 1 0.200793 0.103239 1 0.200892 0.103188 1 0.201179 0.103510 2 0.202644 0.103336 1 0.201590 0.108276 2 0.203811 0.107820 2 0.201629 0.114208 2 0.204892 0.112674 2 0.201079 0.119523 2 0.203958 0.114947 1 0.202591 0.119857 2 0.204166 0.119588 2 0.203048 0.128382 2 0.204982 0.128432 2 0.203549 0.137201 2 0.206312 0.136962 2
0 0.665179 0.207672 0.019345 0.082011 0.667271 0.179422 1 0.666594 0.177782 1 0.667170 0.178004 1 0.663051 0.178754 1 0.666841 0.179542 2 0.662279 0.187020 2 0.666126 0.189098 2 0.660398 0.197370 2 0.668068 0.200198 2 0.662127 0.205891 2 0.672199 0.203931 2 0.661897 0.208340 2 0.664899 0.209346 2 0.661212 0.222418 2 0.666890 0.224088 2 0.656097 0.235684 2 0.666951 0.240472 2
0 0.964286 0.308862 0.032738 0.130952 0.975463 0.265715 2 0.975241 0.263610 1 0.974971 0.263376 2 0.973150 0.264257 1 0.972162 0.263627 2 0.971744 0.278341 2 0.965668 0.276537 2 0.968767 0.294938 2 0.960347 0.292757 2 0.969609 0.304096 2 0.958076 0.306444 2 0.966389 0.308368 2 0.961515 0.307252 2 0.964709 0.331274 2 0.955598 0.330342 2 0.960027 0.351701 2 0.945550 0.349056 2
0 0.917783 0.355820 0.036458 0.129630 0.929509 0.309064 1 0.928234 0.306153 1 0.929109 0.306783 1 0.923059 0.304289 1 0.926889 0.306897 2 0.918159 0.314309 2 0.925650 0.320979 2 0.918669 0.323292 1 0.926876 0.341504 2 0.922836 0.325447 1 0.930214 0.356752 2 0.914302 0.348528 2 0.918648 0.351309 2 0.915341 0.372722 2 0.914712 0.379159 2 0.916359 0.396996 2 0.908727 0.403404 2
0 0.857515 0.192460 0.021577 0.067460 0.857355 0.209294 2 0.858060 0.207526 2 0.856393 0.207237 2 0.858212 0.207813 1 0.853582 0.206769 2 0.859384 0.219455 2 0.848297 0.214965 2 0.860053 0.234779 2 0.843998 0.224903 2 0.860073 0.236386 2 0.843982 0.238148 1 0.854393 0.239005 1 0.846984 0.238041 1 0.855675 0.227063 1 0.847060 0.226368 1 0.852792 0.237612 1 0.847030 0.236579 1
0 0.885417 0.169312 0.016369 0.031746 0.888988 0.148306 1 0.889534 0.148148 1 0.888402 0.148148 1 0.890954 0.148148 1 0.887848 0.148148 1 0.892615 0.148148 1 0.886588 0.148148 1 0.893677 0.149897 2 0.885043 0.150117 1 0.892969 0.153856 2 0.884150 0.154259 2 0.890694 0.155872 2 0.886757 0.155626 2 0.889468 0.170480 2 0.886650 0.170252 2 0.889026 0.184405 2 0.887282 0.183503 2
