0 0.894717 0.675926 0.055804 0.137566 0.898594 0.624920 1 0.899471 0.622857 1 0.901229 0.623699 1 0.901078 0.628325 2 0.910699 0.629085 1 0.896467 0.643266 2 0.915004 0.646624 2 0.883128 0.651390 2 0.916517 0.660870 2 0.876694 0.644912 2 0.907874 0.650741 1 0.896391 0.693990 2 0.908042 0.693285 2 0.876023 0.685013 2 0.887426 0.684089 2 0.880815 0.726329 2 0.892341 0.721930 2
0 0.438616 0.676587 0.029018 0.101852 0.439027 0.638819 2 0.440315 0.636508 2 0.437475 0.636760 2 0.442206 0.637454 2 0.434990 0.638226 2 0.443963 0.649795 2 0.433108 0.650996 2 0.446653 0.661697 2 0.429870 0.664560 2 0.446423 0.674262 2 0.428588 0.678952 2 0.442307 0.677222 2 0.434991 0.677707 2 0.444583 0.695086 2 0.435542 0.695578 2 0.446684 0.712336 2 0.435655 0.712404 2
0 0.429688 0.637566 0.029018 0.158730 0.439068 0.571448 2 0.439255 0.568310 2 0.436861 0.569381 2 0.438420 0.569530 1 0.431363 0.572167 2 0.441605 0.584144 2 0.425376 0.588342 2 0.445642 0.603176 2 0.421353 0.611696 2 0.444175 0.605127 2 0.430986 0.614834 2 0.440374 0.631260 2 0.428970 0.633487 2 0.441642 0.667687 2 0.428569 0.670373 2 0.439849 0.702298 2 0.425181 0.703289 2
0 0.597842 0.660053 0.034970 0.100529 0.601194 0.591541 2 0.601988 0.589947 1 0.598693 0.589947 1 0.602482 0.589947 1 0.593805 0.590262 2 0.607063 0.599925 2 0.587568 0.603579 2 0.611577 0.617108 2 0.585661 0.628885 2 0.616715 0.631662 2 0.589513 0.639932 2 0.603668 0.644611 2 0.589268 0.645636 2 0.608812 0.666300 2 0.580386 0.664133 2 0.610127 0.689662 2 0.583869 0.687676 2
0 0.598214 0.637566 0.044643 0.140212 0.598209 0.587794 2 0.600131 0.583997 2 0.596134 0.583795 2 0.602991 0.585775 2 0.593506 0.585588 2 0.606358 0.601313 2 0.589281 0.601291 2 0.611693 0.619483 2 0.584465 0.623443 2 0.616618 0.634186 2 0.587464 0.637873 2 0.602559 0.641488 2 0.590059 0.641415 2 0.611469 0.667112 2 0.579349 0.666183 2 0.610404 0.691490 2 0.584142 0.688609 2
0 0.405878 0.477513 0.024554 0.111111 0.408360 0.436677 1 0.407861 0.434984 1 0.408106 0.434812 1 0.404914 0.436647 1 0.408142 0.436289 2 0.403107 0.446669 2 0.410892 0.445709 2 0.403520 0.443224 2 0.415164 0.438140 2 0.403800 0.435221 2 0.408639 0.436282 2 0.405632 0.475303 2 0.410687 0.475099 2 0.405993 0.496941 2 0.409890 0.499608 2 0.404882 0.519067 2 0.408377 0.523643 2
0 0.439732 0.449074 0.034226 0.109788 0.438118 0.407805 1 0.437358 0.405726 1 0.438217 0.405691 1 0.433256 0.406765 2 0.439206 0.406956 2 0.431185 0.418561 2 0.440581 0.418770 2 0.430680 0.433313 2 0.446079 0.431208 2 0.432774 0.442242 1 0.453846 0.438305 2 0.433084 0.448923 2 0.439478 0.449177 2 0.432237 0.470653 2 0.439607 0.472201 2 0.428949 0.491864 2 0.437730 0.495439 2
0 0.492932 0.545635 0.036458 0.138889 0.490699 0.488807 2 0.491864 0.485752 2 0.489684 0.486271 2 0.495600 0.484804 2 0.490524 0.486161 1 0.498100 0.496359 2 0.494465 0.495735 2 0.490105 0.510798 2 0.490262 0.505350 2 0.481292 0.518149 2 0.485390 0.507128 2 0.502246 0.532336 2 0.499179 0.531759 2 0.501653 0.560027 2 0.497976 0.557664 2 0.502963 0.580607 2 0.498146 0.578372 2
0 0.197917 0.540344 0.028274 0.104497 0.195616 0.500839 2 0.195846 0.498597 2 0.195288 0.499267 1 0.198226 0.496084 2 0.197803 0.497678 1 0.201408 0.502236 2 0.201201 0.502897 2 0.199307 0.512216 2 0.197140 0.509633 2 0.196771 0.508229 2 0.196513 0.506496 2 0.205372 0.528516 2 0.205398 0.528318 2 0.194849 0.540394 2 0.197663 0.542182 2 0.199835 0.559444 2 0.203076 0.560638 2
0 0.263021 0.417328 0.020089 0.085979 0.261720 0.383442 2 0.261846 0.381841 2 0.261731 0.381915 1 0.263623 0.381317 2 0.263831 0.381490 1 0.268100 0.388478 2 0.265566 0.386729 2 0.267676 0.398323 2 0.263318 0.393830 2 0.261579 0.397459 2 0.259220 0.395972 2 0.270189 0.413106 2 0.268299 0.411641 2 0.270316 0.434044 2 0.267385 0.430468 2 0.272221 0.453720 2 0.269634 0.450386 2
0 0.405878 0.291005 0.020089 0.042328 0.407915 0.281271 1 0.407886 0.280387 1 0.408142 0.280540 1 0.408105 0.280400 2 0.409762 0.280381 2 0.409080 0.284667 2 0.410527 0.284320 2 0.406851 0.290951 2 0.408442 0.290112 2 0.404782 0.292772 2 0.405515 0.292329 2 0.410037 0.296416 2 0.410894 0.295628 2 0.404771 0.295995 2 0.405294 0.295096 2 0.402229 0.304204 2 0.402827 0.304354 2
0 0.537946 0.338624 0.020833 0.092593 0.539545 0.304739 2 0.540238 0.302983 2 0.538496 0.303281 2 0.541135 0.303762 2 0.536661 0.304297 2 0.543586 0.314042 2 0.534304 0.314429 2 0.545312 0.326892 2 0.531378 0.326115 2 0.545299 0.338246 2 0.530776 0.338696 2 0.541548 0.341346 2 0.535363 0.341477 2 0.540999 0.359550 2 0.534499 0.360503 2 0.539991 0.375042 2 0.533623 0.377199 2
0 0.338914 0.303571 0.017113 0.051587 0.336351 0.284368 2 0.336815 0.283052 2 0.335922 0.283530 2 0.338394 0.282676 2 0.336119 0.283884 1 0.340689 0.287753 2 0.337034 0.289384 2 0.343469 0.293057 2 0.336967 0.296165 2 0.341877 0.295638 2 0.335973 0.300571 2 0.340944 0.301969 2 0.338539 0.302327 2 0.341270 0.312014 2 0.338800 0.312212 2 0.342358 0.322103 2 0.339026 0.321916 2
0 0.390997 0.284392 0.011161 0.047619 0.393037 0.270091 2 0.392588 0.269129 1 0.392893 0.269198 2 0.390694 0.269344 1 0.392168 0.269757 2 0.389472 0.274232 2 0.391873 0.275209 2 0.389427 0.280321 1 0.391803 0.281978 2 0.390621 0.285466 1 0.392104 0.287038 2 0.389997 0.285644 2 0.391575 0.286444 2 0.392898 0.291138 2 0.393968 0.292375 2 0.391013 0.296396 2 0.391237 0.297988 2
