0 0.454985 0.209656 0.009673 0.051587 0.456546 0.192355 2 0.457059 0.191096 2 0.455919 0.191297 2 0.457935 0.191655 2 0.455160 0.192088 2 0.459361 0.198164 2 0.454510 0.198653 2 0.460529 0.205011 2 0.454038 0.205528 2 0.459083 0.208310 2 0.456358 0.207699 2 0.459091 0.211491 2 0.456029 0.211708 2 0.457418 0.222077 2 0.456104 0.222128 2 0.457591 0.231937 2 0.457619 0.231584 2
0 0.620164 0.500000 0.033482 0.177249 0.612568 0.432398 1 0.613151 0.429343 1 0.614157 0.429583 1 0.613873 0.431048 2 0.622150 0.431152 2 0.610923 0.447520 2 0.627325 0.451178 2 0.608522 0.474204 2 0.629803 0.473762 2 0.606384 0.496636 2 0.625755 0.487626 2 0.611202 0.494610 2 0.622410 0.497112 2 0.609051 0.520041 2 0.618849 0.533800 2 0.608972 0.544952 2 0.614700 0.565512 2
0 0.831473 0.557540 0.048363 0.183862 0.845093 0.485017 2 0.847036 0.481280 2 0.843118 0.481160 2 0.849108 0.481835 2 0.839173 0.480881 2 0.850192 0.503351 2 0.830606 0.496864 2 0.849540 0.528172 2 0.822683 0.521148 2 0.846796 0.545185 2 0.817843 0.545935 2 0.842647 0.553519 2 0.829331 0.548964 2 0.839981 0.595853 2 0.823279 0.582242 2 0.836413 0.633714 2 0.824242 0.608336 2
0 0.639137 0.189153 0.017857 0.068783 0.639759 0.160730 2 0.640558 0.159665 2 0.639127 0.159476 2 0.641791 0.160850 2 0.638069 0.160334 2 0.642909 0.169459 2 0.636550 0.168579 2 0.643772 0.179878 2 0.635226 0.177564 2 0.641591 0.189161 2 0.634894 0.186352 2 0.641501 0.187665 2 0.636933 0.187140 2 0.640814 0.200992 2 0.635013 0.200532 2 0.641299 0.214076 2 0.632471 0.213577 2
0 0.552827 0.462963 0.043155 0.166667 0.548678 0.399982 1 0.549011 0.397006 1 0.549572 0.397368 1 0.547876 0.399835 2 0.555542 0.399804 2 0.545114 0.419689 2 0.558435 0.418964 2 0.543637 0.442250 2 0.562145 0.442363 2 0.539077 0.460165 2 0.565737 0.460535 2 0.546979 0.465872 2 0.556466 0.465351 2 0.545037 0.499664 2 0.557880 0.497991 2 0.544840 0.534570 2 0.557659 0.529338 2
0 0.325893 0.513228 0.032738 0.166667 0.327988 0.451689 1 0.326637 0.448774 1 0.327920 0.448810 1 0.319097 0.451395 1 0.328082 0.452153 2 0.315908 0.469213 2 0.329374 0.471185 2 0.316155 0.488783 1 0.335215 0.492894 2 0.320619 0.496796 1 0.337436 0.506286 2 0.318867 0.513119 2 0.328401 0.514464 2 0.320629 0.545554 2 0.331071 0.547760 2 0.320727 0.576144 2 0.333562 0.581188 2
0 0.393229 0.388889 0.031994 0.148148 0.399317 0.342434 1 0.398209 0.339853 1 0.398728 0.340129 1 0.391206 0.341470 1 0.396652 0.342542 2 0.386005 0.356941 2 0.396848 0.358470 2 0.382253 0.372153 2 0.397195 0.379333 2 0.386365 0.380561 2 0.401485 0.397209 2 0.387700 0.396526 2 0.396150 0.397291 2 0.388289 0.423859 2 0.402815 0.422006 2 0.384983 0.450869 2 0.404048 0.450248 2
0 0.341518 0.466270 0.034226 0.160053 0.327512 0.450764 1 0.326246 0.447702 1 0.327500 0.447785 1 0.319556 0.450799 1 0.328090 0.451664 2 0.317708 0.471008 2 0.329784 0.472613 2 0.317769 0.495313 1 0.335679 0.497559 2 0.320531 0.512894 1 0.339343 0.519956 2 0.319536 0.517219 2 0.328889 0.518248 2 0.319375 0.552041 1 0.330555 0.553508 2 0.320088 0.575931 1 0.332734 0.578042 2
0 0.363467 0.375000 0.036458 0.133598 0.363213 0.329121 2 0.362847 0.326863 1 0.361810 0.327580 2 0.361551 0.328060 1 0.358092 0.329890 2 0.361727 0.341780 2 0.356636 0.344917 2 0.364333 0.357645 2 0.357927 0.364897 2 0.367836 0.365816 2 0.364709 0.377962 2 0.364103 0.371475 2 0.358944 0.373879 2 0.371798 0.395170 2 0.359503 0.400004 2 0.376675 0.416575 2 0.351168 0.421147 2
0 0.466146 0.368386 0.052827 0.112434 0.468904 0.319753 2 0.470473 0.317025 2 0.468919 0.316897 2 0.474527 0.317664 2 0.470077 0.316879 1 0.479580 0.330807 2 0.471513 0.324668 2 0.487041 0.346079 2 0.465334 0.314056 2 0.478800 0.354065 2 0.459626 0.305523 2 0.483079 0.363355 2 0.477169 0.361616 2 0.488773 0.390654 2 0.474407 0.392167 2 0.498753 0.413249 2 0.482053 0.417066 2
0 0.463914 0.400794 0.039435 0.140212 0.468731 0.319324 2 0.470058 0.316272 2 0.468826 0.316420 2 0.474117 0.316808 2 0.470982 0.317222 1 0.480539 0.329269 2 0.471404 0.331411 2 0.485789 0.344019 2 0.471852 0.346337 2 0.479649 0.352360 2 0.470023 0.352314 2 0.483573 0.363572 2 0.476832 0.364480 2 0.488292 0.388448 2 0.475104 0.389785 2 0.490921 0.409740 2 0.479143 0.413694 2
0 0.478795 0.367063 0.046875 0.149471 0.468663 0.318982 2 0.469915 0.316471 2 0.468751 0.316138 2 0.473700 0.316917 2 0.470746 0.315565 1 0.480152 0.330414 2 0.471189 0.322355 2 0.487965 0.344319 2 0.464165 0.308580 2 0.479727 0.353385 2 0.457510 0.293722 2 0.483500 0.363400 2 0.476533 0.360827 2 0.489789 0.391578 2 0.475216 0.392103 2 0.499432 0.416089 2 0.480381 0.417406 2
0 0.307664 0.410053 0.027530 0.156085 0.312574 0.352676 2 0.311284 0.350116 1 0.311787 0.350028 2 0.305960 0.352174 1 0.308762 0.352517 2 0.302393 0.369260 2 0.309090 0.370086 2 0.306326 0.389608 2 0.313183 0.392235 2 0.314789 0.401636 1 0.319600 0.404330 2 0.306812 0.407820 2 0.311603 0.409110 2 0.313268 0.433430 2 0.317775 0.434029 2 0.313039 0.459282 2 0.316059 0.459098 2
0 0.134673 0.371693 0.032738 0.124339 0.130741 0.320600 2 0.131913 0.318186 2 0.129295 0.318355 2 0.133834 0.319142 2 0.126775 0.319694 2 0.137661 0.332764 2 0.124928 0.335754 2 0.144209 0.345461 2 0.123702 0.353799 2 0.139997 0.352241 2 0.126135 0.368796 2 0.139490 0.367983 2 0.130765 0.369835 2 0.142280 0.392983 2 0.132368 0.395913 2 0.147866 0.418136 2 0.133709 0.421935 2
0 0.405506 0.298280 0.017857 0.104497 0.404477 0.266174 2 0.405792 0.263990 2 0.403948 0.264084 1 0.408571 0.265979 2 0.404043 0.266167 1 0.409838 0.277760 2 0.403090 0.277869 2 0.407836 0.289257 2 0.399762 0.289231 2 0.404947 0.277140 2 0.401597 0.277846 2 0.408012 0.305467 2 0.403107 0.305406 2 0.409079 0.326988 2 0.402579 0.326745 2 0.409542 0.344297 2 0.403558 0.344659 2
0 0.536086 0.203042 0.018601 0.083333 0.532814 0.170932 1 0.532754 0.169190 1 0.532948 0.169224 1 0.531156 0.170294 2 0.535146 0.170114 2 0.529525 0.181236 2 0.537537 0.180676 2 0.528251 0.193946 2 0.539820 0.193293 2 0.527743 0.204584 2 0.540259 0.202883 2 0.531225 0.203076 2 0.537100 0.202803 2 0.531130 0.220264 2 0.539101 0.219295 2 0.531204 0.237351 2 0.540495 0.236182 2
0 0.954985 0.282407 0.034970 0.117725 0.961280 0.242876 2 0.962275 0.240895 2 0.959721 0.240991 2 0.963251 0.242547 1 0.956816 0.242672 2 0.963628 0.254504 2 0.953740 0.255296 2 0.964499 0.267165 2 0.948803 0.272008 2 0.965209 0.273987 2 0.948700 0.289029 2 0.958307 0.286964 2 0.951590 0.286822 2 0.956074 0.310961 2 0.947831 0.311083 2 0.950089 0.332082 2 0.938808 0.332909 2
0 0.787202 0.273810 0.020833 0.087302 0.791066 0.243614 2 0.791478 0.241732 2 0.790214 0.241591 2 0.791184 0.241701 1 0.787318 0.241001 2 0.790150 0.251226 2 0.783571 0.250088 2 0.790414 0.265174 2 0.780843 0.264595 2 0.792230 0.272794 2 0.786248 0.273083 2 0.788367 0.272044 2 0.783862 0.272643 2 0.796409 0.281579 2 0.792471 0.281766 2 0.793290 0.302580 2 0.789530 0.302924 2
0 0.809524 0.267857 0.025298 0.083333 0.808795 0.243199 2 0.809241 0.241398 2 0.807929 0.241257 2 0.808737 0.241249 1 0.804738 0.240881 2 0.808209 0.248379 2 0.801840 0.251029 2 0.811299 0.261215 2 0.807172 0.264666 2 0.815299 0.269399 2 0.812696 0.272740 2 0.809029 0.270603 2 0.804683 0.273710 2 0.815123 0.275987 2 0.812688 0.284747 2 0.813530 0.292750 2 0.814079 0.305243 2
0 0.967262 0.933201 0.058036 0.125661 0.980131 0.917341 2 0.984932 0.912354 2 0.977647 0.908941 2 0.989666 0.914746 2 0.971755 0.906486 2 0.987898 0.945672 2 0.963509 0.930167 2 0.977736 0.990773 2 0.953669 0.964299 2 0.957977 0.990370 2 0.949319 0.981381 2 0.974529 0.998739 2 0.958296 0.989804 2 0.962470 0.993877 1 0.941949 0.985869 1 0.955775 0.999693 1 0.950708 0.997566 1
0 0.538318 0.326720 0.026042 0.071429 0.542302 0.330251 2 0.543001 0.328373 1 0.541936 0.328362 2 0.543768 0.322665 1 0.540475 0.322612 2 0.543781 0.318431 2 0.536245 0.317303 2 0.544706 0.336464 2 0.535183 0.333365 2 0.545427 0.350317 2 0.535206 0.348165 2 0.536264 0.313579 2 0.531210 0.312796 2 0.537232 0.335688 2 0.531635 0.335499 2 0.535887 0.358121 2 0.529954 0.356517 2
0 0.518229 0.290344 0.023065 0.064815 0.523959 0.266606 2 0.524791 0.264952 2 0.523044 0.264971 2 0.525763 0.264926 2 0.521061 0.264896 2 0.527417 0.273649 2 0.518314 0.273009 2 0.528203 0.285872 2 0.515502 0.283672 2 0.523374 0.291924 2 0.517726 0.291894 2 0.524589 0.295398 2 0.518460 0.294896 2 0.523690 0.308670 2 0.517258 0.308665 2 0.523558 0.323637 2 0.517517 0.324265 2
0 0.490327 0.158069 0.016369 0.056878 0.498108 0.149301 2 0.497961 0.148653 1 0.498405 0.148352 2 0.496386 0.147243 1 0.497343 0.146870 2 0.493260 0.150306 2 0.492851 0.148326 2 0.491252 0.157072 2 0.487456 0.151471 2 0.493472 0.162821 2 0.486916 0.156393 2 0.487501 0.160843 2 0.486114 0.160202 2 0.491520 0.170653 2 0.482911 0.171576 2 0.494564 0.182403 2 0.479167 0.182016 2
0 0.097470 0.320106 0.017857 0.060847 0.096110 0.299251 1 0.095451 0.297597 1 0.096241 0.297520 1 0.092285 0.298053 1 0.095920 0.297898 2 0.092011 0.307054 2 0.096057 0.305834 2 0.089648 0.319519 2 0.097874 0.313310 2 0.086766 0.330135 2 0.100068 0.313219 2 0.093767 0.322805 2 0.096346 0.322486 2 0.096467 0.328013 2 0.099111 0.327399 2 0.095115 0.340455 2 0.098887 0.343257 2
0 0.611235 0.142196 0.015625 0.067460 0.611587 0.118029 2 0.612176 0.116821 2 0.611016 0.116736 2 0.612854 0.116901 1 0.609962 0.116597 2 0.613829 0.123346 2 0.608327 0.122952 2 0.615005 0.131372 2 0.606674 0.130752 2 0.613272 0.136663 2 0.606870 0.137570 2 0.612174 0.141130 2 0.608451 0.140899 2 0.611777 0.155032 2 0.607740 0.154919 2 0.610989 0.168143 2 0.606324 0.168149 2
0 0.177455 0.133598 0.014137 0.055556 0.179434 0.125483 2 0.179768 0.124391 2 0.178863 0.124526 2 0.180303 0.124454 1 0.178008 0.124816 2 0.181538 0.129045 2 0.177176 0.129539 2 0.182431 0.136150 2 0.176872 0.136754 2 0.181718 0.141385 2 0.178162 0.142130 2 0.181588 0.141597 2 0.178120 0.141999 2 0.184679 0.147611 2 0.176839 0.148446 2 0.185678 0.158667 2 0.176710 0.159616 2
0 0.775670 0.181878 0.015625 0.059524 0.772451 0.171323 1 0.772400 0.170450 1 0.772861 0.170195 1 0.772549 0.171083 2 0.775399 0.170217 2 0.773111 0.176914 2 0.777275 0.175030 2 0.773580 0.183389 2 0.779168 0.179945 2 0.773376 0.189028 1 0.778655 0.183681 1 0.775742 0.186580 2 0.778604 0.185444 2 0.774372 0.195573 2 0.776824 0.194414 2 0.774067 0.205176 2 0.776537 0.204173 2
0 0.411830 0.113757 0.015625 0.052910 0.411821 0.094935 1 0.411597 0.093725 1 0.411993 0.093734 1 0.410041 0.093961 2 0.412978 0.094084 2 0.408468 0.100789 2 0.414039 0.100843 2 0.407032 0.108928 2 0.415178 0.109576 2 0.406268 0.115775 2 0.415511 0.116440 2 0.409120 0.115519 2 0.412837 0.115379 2 0.409328 0.125962 2 0.412399 0.125291 2 0.409913 0.134905 2 0.411973 0.133867 2
0 0.389509 0.103836 0.014137 0.048942 0.386534 0.096436 2 0.386860 0.095422 2 0.386125 0.095709 2 0.387890 0.094443 2 0.385984 0.095008 1 0.390315 0.097463 2 0.386449 0.097184 2 0.392020 0.105546 2 0.387218 0.103746 2 0.389097 0.107548 2 0.387601 0.107623 2 0.391337 0.107672 2 0.388645 0.107397 2 0.390819 0.115979 2 0.388024 0.115238 2 0.391887 0.123098 2 0.389393 0.121835 2
0 0.136905 0.117725 0.014881 0.031746 0.136069 0.114974 2 0.136512 0.114086 2 0.135522 0.114129 2 0.137192 0.114271 2 0.134795 0.114431 2 0.138254 0.117432 2 0.134199 0.117730 2 0.139635 0.122075 2 0.134113 0.122510 2 0.138668 0.126114 2 0.134960 0.125925 2 0.138249 0.126103 2 0.135398 0.126269 2 0.139762 0.127915 2 0.134552 0.128215 2 0.139295 0.128517 1 0.135498 0.128509 1
0 0.827009 0.174603 0.015625 0.052910 0.832744 0.158746 1 0.832201 0.157639 1 0.832735 0.157694 1 0.829604 0.158151 2 0.832599 0.158579 2 0.828327 0.164493 2 0.832960 0.164712 2 0.825650 0.170559 2 0.834713 0.170461 2 0.824965 0.170561 2 0.835358 0.170935 2 0.828263 0.179360 2 0.831063 0.179323 2 0.827674 0.188459 2 0.829173 0.188340 2 0.826952 0.195529 2 0.828022 0.195638 2
0 0.978423 0.216931 0.022321 0.074074 0.982960 0.188798 1 0.982240 0.186920 1 0.982698 0.187271 1 0.977883 0.186582 1 0.981282 0.187865 2 0.975140 0.193782 2 0.980760 0.196163 2 0.974949 0.203439 1 0.985481 0.205960 2 0.978613 0.205387 1 0.985654 0.201890 2 0.973286 0.217777 2 0.977250 0.219051 2 0.973412 0.235291 2 0.979181 0.236436 2 0.971583 0.251923 1 0.979496 0.252149 1
0 0.578497 0.105820 0.011161 0.050265 0.576471 0.089195 2 0.576952 0.087984 2 0.576292 0.088136 1 0.578289 0.088395 2 0.576812 0.088652 1 0.579325 0.093929 2 0.576491 0.094218 2 0.578769 0.103432 2 0.575302 0.104079 2 0.576841 0.112147 2 0.574783 0.116140 2 0.578960 0.103045 2 0.577251 0.103069 2 0.577303 0.108034 2 0.576416 0.108450 2 0.576734 0.123022 2 0.576791 0.122972 2
0 0.960565 0.322751 0.041667 0.142857 0.964185 0.286124 1 0.964176 0.284279 1 0.964566 0.284960 1 0.961430 0.287075 2 0.968158 0.287903 2 0.958126 0.296500 2 0.969382 0.296637 2 0.957732 0.283492 2 0.973390 0.278592 2 0.963096 0.271616 2 0.972174 0.263531 2 0.957019 0.330312 2 0.965153 0.330837 2 0.952334 0.356344 2 0.964673 0.359314 2 0.946262 0.381919 2 0.963504 0.382390 2
0 0.590402 0.100529 0.011161 0.037037 0.591628 0.085519 1 0.591731 0.084717 1 0.591901 0.084760 1 0.591919 0.085251 2 0.593506 0.085151 2 0.591638 0.089672 2 0.593924 0.089435 2 0.590655 0.095332 2 0.594170 0.094761 2 0.590194 0.098588 2 0.593737 0.096417 1 0.591794 0.100082 2 0.593400 0.099942 2 0.591623 0.108791 2 0.593398 0.108652 2 0.591525 0.118184 2 0.593874 0.117621 2
0 0.561384 0.083333 0.008185 0.037037 0.564260 0.075524 2 0.564603 0.074938 2 0.564001 0.074844 2 0.565039 0.074899 2 0.563516 0.074652 2 0.565350 0.078158 2 0.562575 0.077894 2 0.565657 0.082152 2 0.562359 0.081836 2 0.563794 0.081412 2 0.564348 0.082189 2 0.564806 0.087006 2 0.562905 0.086983 2 0.564734 0.093386 2 0.563362 0.093635 2 0.564500 0.099405 2 0.562871 0.099453 2
0 0.955729 0.171958 0.020089 0.066138 0.952422 0.156490 2 0.952804 0.155031 2 0.952710 0.154981 1 0.955270 0.154686 2 0.955997 0.154273 1 0.955689 0.161578 2 0.959644 0.160124 2 0.954328 0.171983 2 0.962600 0.168334 2 0.953110 0.179699 2 0.960194 0.174705 2 0.954340 0.181230 2 0.956812 0.180018 2 0.952512 0.193361 2 0.953842 0.192602 2 0.953501 0.208246 2 0.954052 0.207221 2
0 0.905878 0.188492 0.020089 0.038360 0.907602 0.175827 2 0.908347 0.174316 2 0.906694 0.174172 2 0.909102 0.174865 1 0.904893 0.174684 2 0.910481 0.182306 2 0.902670 0.182294 2 0.911178 0.191119 2 0.899807 0.190941 2 0.905107 0.192509 2 0.900346 0.193656 2 0.908765 0.198226 2 0.903632 0.197817 2 0.906230 0.194043 2 0.899514 0.193852 2 0.904572 0.200668 1 0.901020 0.200155 1
0 0.941592 0.192460 0.020089 0.033069 0.939723 0.188441 2 0.940724 0.186708 2 0.938949 0.186722 2 0.942351 0.186109 2 0.937902 0.186103 2 0.944525 0.191292 2 0.936742 0.190903 2 0.945189 0.199387 2 0.933933 0.197856 2 0.940266 0.202781 2 0.935126 0.200844 2 0.943051 0.202798 2 0.937929 0.202039 2 0.941527 0.202545 2 0.933602 0.201064 2 0.940704 0.207470 2 0.937838 0.207002 2
0 0.925967 0.189815 0.018601 0.035714 0.926372 0.187754 2 0.927202 0.186030 2 0.925420 0.186147 2 0.928333 0.185001 1 0.923696 0.185322 2 0.930270 0.191122 2 0.921754 0.192348 2 0.931705 0.201123 2 0.920423 0.204201 2 0.927965 0.200999 2 0.920871 0.206704 2 0.929549 0.210223 2 0.923849 0.210608 2 0.929643 0.206796 1 0.922817 0.206703 1 0.928585 0.210644 1 0.923318 0.210252 1
