0 0.583705 0.947090 0.045387 0.100529 0.583086 0.917565 2 0.584620 0.912084 2 0.579961 0.912763 2 0.584867 0.909358 1 0.572893 0.911045 2 0.579570 0.928485 2 0.572261 0.933966 2 0.586074 0.953927 2 0.587518 0.962321 2 0.594622 0.957980 2 0.598185 0.959903 2 0.584247 0.990007 2 0.578377 0.995609 2 0.596027 0.992306 1 0.590393 1.000000 1 0.593027 0.998776 1 0.584563 1.000000 1
0 0.632440 0.892196 0.049107 0.207672 0.637444 0.813935 2 0.640112 0.810331 2 0.635479 0.809730 2 0.644118 0.812661 2 0.632640 0.811354 2 0.647989 0.833734 2 0.626148 0.832976 2 0.655665 0.860157 2 0.618592 0.860127 2 0.649345 0.884016 2 0.617130 0.890986 2 0.640416 0.896960 2 0.625742 0.896138 2 0.639593 0.940523 2 0.618357 0.940751 2 0.635634 0.982462 2 0.614942 0.979886 2
0 0.568080 0.862434 0.075149 0.137566 0.549697 0.815025 2 0.551268 0.811608 2 0.547739 0.812074 2 0.553079 0.811514 2 0.544731 0.812934 2 0.555360 0.825290 2 0.541684 0.828567 2 0.563930 0.848912 2 0.543359 0.854499 2 0.574564 0.860867 2 0.555278 0.865134 2 0.562203 0.868195 2 0.552985 0.872738 2 0.580077 0.885464 2 0.570808 0.889633 2 0.596103 0.914507 2 0.588562 0.915033 2
0 0.251116 0.617725 0.031994 0.111111 0.253281 0.577929 2 0.254571 0.575643 2 0.252206 0.575821 2 0.256970 0.577244 2 0.250938 0.577779 2 0.259893 0.589893 2 0.248818 0.590466 2 0.263321 0.598524 2 0.242515 0.598853 2 0.262581 0.599790 2 0.243879 0.603692 2 0.259289 0.620606 2 0.251293 0.621044 2 0.262899 0.642416 2 0.247116 0.643826 2 0.265784 0.664619 2 0.246888 0.666366 2
0 0.540179 0.646164 0.035714 0.141534 0.535780 0.594072 2 0.537139 0.591442 2 0.534573 0.591602 2 0.539808 0.591901 2 0.532991 0.592446 2 0.543134 0.604493 2 0.530138 0.607160 2 0.548679 0.616225 2 0.528329 0.623521 2 0.554305 0.623989 2 0.533395 0.631550 2 0.542813 0.641161 2 0.533133 0.643137 2 0.548973 0.668857 2 0.531403 0.672774 2 0.550722 0.696227 2 0.528381 0.700745 2
0 0.527902 0.648810 0.031994 0.112434 0.535709 0.594117 2 0.537099 0.591559 2 0.534453 0.591791 2 0.539774 0.592160 2 0.532919 0.592981 2 0.543514 0.603645 2 0.530553 0.606773 2 0.548895 0.615956 2 0.528774 0.619405 2 0.549188 0.625474 2 0.533319 0.630276 2 0.542611 0.640350 2 0.533308 0.642642 2 0.546830 0.665224 2 0.531031 0.672598 2 0.546640 0.688157 2 0.528951 0.698728 2
0 0.459077 0.534392 0.020833 0.092593 0.464384 0.503439 1 0.464379 0.501840 1 0.465044 0.501989 1 0.462937 0.503002 2 0.468117 0.503275 2 0.460853 0.512131 2 0.469347 0.513027 2 0.458135 0.523800 2 0.471296 0.524932 2 0.456255 0.534456 2 0.472254 0.531851 2 0.461729 0.534963 2 0.467275 0.535398 2 0.462043 0.553584 2 0.466679 0.555056 2 0.462838 0.571988 2 0.466295 0.573394 2
0 0.501116 0.572090 0.023065 0.104497 0.493265 0.501166 1 0.493577 0.500000 1 0.494152 0.500000 1 0.494498 0.500000 2 0.498962 0.500000 1 0.493262 0.507698 2 0.502084 0.509452 2 0.491047 0.522589 2 0.503371 0.526373 2 0.486935 0.534647 2 0.503156 0.537838 2 0.493960 0.537969 2 0.499774 0.538656 2 0.491458 0.554613 2 0.496606 0.557432 2 0.495134 0.570950 2 0.497997 0.574825 2
0 0.494048 0.533730 0.023810 0.093915 0.493788 0.499587 1 0.494120 0.497682 1 0.494671 0.497848 1 0.495097 0.498362 2 0.499231 0.498470 1 0.493613 0.508574 2 0.502061 0.509535 2 0.491197 0.521420 2 0.503225 0.523679 2 0.487546 0.533027 2 0.503510 0.533847 2 0.494201 0.536990 2 0.499763 0.537222 2 0.492306 0.554550 2 0.497289 0.556297 2 0.495656 0.571616 2 0.498586 0.572983 2
0 0.519717 0.542328 0.014137 0.076720 0.527320 0.517660 1 0.526677 0.516155 1 0.527212 0.516184 1 0.523377 0.516771 1 0.526659 0.517057 2 0.521692 0.525113 2 0.527089 0.525300 2 0.520105 0.535212 2 0.528135 0.534922 2 0.519921 0.544500 2 0.527580 0.543556 2 0.522203 0.545012 2 0.525972 0.545081 2 0.522060 0.559773 2 0.525609 0.559902 2 0.520992 0.574034 2 0.525250 0.575104 2
0 0.496652 0.527778 0.018601 0.087302 0.493485 0.499796 1 0.493783 0.497832 1 0.494378 0.498069 1 0.494765 0.498250 2 0.498999 0.498395 2 0.493414 0.508243 2 0.501955 0.509644 2 0.491514 0.521849 2 0.503475 0.524787 2 0.487387 0.533380 2 0.503489 0.535040 2 0.493829 0.537191 2 0.499517 0.537684 2 0.492025 0.554379 2 0.496888 0.556923 2 0.495395 0.571738 2 0.498337 0.574514 2
0 0.477679 0.505291 0.016369 0.084656 0.477601 0.473797 1 0.477418 0.472178 1 0.477690 0.472231 1 0.475200 0.472850 2 0.478878 0.473001 2 0.473199 0.482294 2 0.480448 0.482359 2 0.472094 0.493025 2 0.481363 0.492734 2 0.473004 0.500813 2 0.478437 0.497732 2 0.474126 0.501640 2 0.479241 0.501640 2 0.474468 0.518332 2 0.478948 0.517806 2 0.475064 0.534790 2 0.478700 0.533931 2
0 0.462426 0.499339 0.018601 0.083333 0.464163 0.502252 1 0.464228 0.500706 1 0.465015 0.500962 1 0.462980 0.502100 2 0.468158 0.502461 2 0.460715 0.511602 2 0.469086 0.512265 2 0.458387 0.523585 2 0.471218 0.523929 2 0.456709 0.535200 2 0.473610 0.532513 2 0.461563 0.534579 2 0.466908 0.534952 2 0.461860 0.552839 2 0.466536 0.553718 2 0.463159 0.555849 1 0.465780 0.556208 1
0 0.367188 0.439153 0.018601 0.058201 0.368464 0.420369 2 0.368844 0.419182 2 0.368198 0.419357 1 0.369473 0.419088 2 0.368446 0.419406 2 0.369630 0.424451 2 0.368877 0.424653 2 0.369975 0.431891 2 0.369453 0.431793 2 0.369939 0.438413 2 0.370556 0.438016 2 0.369334 0.439382 2 0.368761 0.439449 2 0.369599 0.450713 2 0.368512 0.450959 2 0.370150 0.462389 2 0.368714 0.462217 2
0 0.568824 0.434524 0.011161 0.046296 0.571545 0.422395 2 0.571646 0.421579 1 0.571268 0.421462 2 0.571219 0.421686 1 0.570372 0.421301 2 0.571190 0.425198 2 0.569292 0.424517 2 0.573466 0.427077 2 0.569096 0.425968 2 0.575477 0.426126 2 0.569909 0.424125 2 0.570184 0.434780 2 0.569028 0.434543 2 0.570224 0.442468 2 0.568715 0.442128 2 0.568820 0.450217 2 0.568326 0.449752 2
