0 0.275670 0.808201 0.033482 0.142857 0.273820 0.754776 2 0.274725 0.751724 2 0.274825 0.751422 1 0.278706 0.753210 2 0.281742 0.751677 1 0.279752 0.770829 2 0.286266 0.767216 2 0.280575 0.794737 2 0.285753 0.785921 1 0.284099 0.810148 2 0.280506 0.791632 1 0.280863 0.808547 2 0.285592 0.806734 2 0.282993 0.834438 2 0.284754 0.831995 2 0.287973 0.860801 2 0.288042 0.858687 2
0 0.279762 0.787037 0.029762 0.137566 0.271714 0.743090 2 0.273303 0.739502 2 0.271435 0.739724 1 0.277748 0.739978 2 0.274527 0.740078 1 0.278491 0.757588 2 0.279499 0.755573 2 0.275657 0.777293 2 0.276510 0.772897 1 0.271082 0.773910 2 0.270424 0.777494 1 0.281600 0.799290 2 0.282214 0.798063 2 0.284395 0.831061 2 0.283854 0.827839 2 0.288627 0.861296 2 0.285629 0.857681 2
0 0.472842 0.941799 0.049851 0.111111 0.471806 0.912051 2 0.473858 0.907735 2 0.469429 0.907946 2 0.476479 0.906701 2 0.464973 0.907019 2 0.481333 0.927420 2 0.459340 0.930078 2 0.488866 0.950792 2 0.454586 0.958976 2 0.493908 0.978669 2 0.456064 0.987646 2 0.479860 0.986998 2 0.465348 0.988871 2 0.480935 1.000000 1 0.465368 1.000000 1 0.480759 0.997709 1 0.465608 0.999112 1
0 0.311384 0.566138 0.015625 0.068783 0.307194 0.526113 2 0.307849 0.524660 2 0.306256 0.524654 2 0.308117 0.525402 1 0.304720 0.525294 2 0.306225 0.532503 2 0.305220 0.533412 2 0.307340 0.539531 1 0.305191 0.544295 2 0.309173 0.539215 1 0.307791 0.552984 2 0.306866 0.554085 2 0.306363 0.554896 2 0.308703 0.570046 2 0.309904 0.571524 2 0.306346 0.586604 2 0.306679 0.588476 2
0 0.305432 0.555556 0.014137 0.089947 0.307091 0.526019 2 0.307897 0.524375 2 0.305931 0.524494 2 0.308196 0.525104 1 0.304233 0.525267 2 0.306105 0.532800 2 0.305457 0.533376 2 0.306789 0.542186 1 0.305480 0.543682 2 0.309186 0.548303 1 0.307872 0.553274 2 0.306227 0.553786 2 0.306196 0.554369 2 0.307540 0.570199 2 0.309799 0.571271 2 0.305217 0.586739 2 0.306784 0.589017 2
0 0.325521 0.560847 0.015625 0.066138 0.324220 0.540414 1 0.324050 0.539276 1 0.324490 0.539064 1 0.322878 0.540141 2 0.326539 0.539569 2 0.322374 0.547296 2 0.328544 0.546297 2 0.322483 0.554766 2 0.331635 0.552693 2 0.325478 0.557167 2 0.328736 0.556743 2 0.325138 0.563672 2 0.329285 0.563156 2 0.326363 0.576428 2 0.329361 0.576008 2 0.326646 0.588565 2 0.330044 0.588914 2
0 0.330357 0.478175 0.014881 0.051587 0.328043 0.461804 1 0.328206 0.460964 1 0.328573 0.460951 1 0.328521 0.462490 2 0.331394 0.462012 2 0.328326 0.469357 2 0.332860 0.467844 2 0.327279 0.475001 2 0.334960 0.471288 2 0.327671 0.471862 2 0.333858 0.467878 2 0.330057 0.482612 2 0.332936 0.481917 2 0.330459 0.491374 2 0.332436 0.490549 2 0.330573 0.500425 2 0.332534 0.499195 2
0 0.396577 0.529762 0.029762 0.059524 0.398194 0.515146 2 0.399182 0.513410 2 0.397353 0.513678 2 0.401480 0.512479 2 0.396835 0.512923 1 0.403626 0.518418 2 0.396731 0.518197 2 0.399551 0.527686 2 0.393208 0.526338 2 0.393046 0.529172 2 0.390169 0.530106 2 0.406086 0.538068 2 0.401206 0.537056 2 0.395390 0.534479 2 0.391870 0.533096 2 0.394184 0.553473 2 0.391617 0.551327 2
0 0.464286 0.433862 0.019345 0.084656 0.462650 0.407675 1 0.462885 0.406127 1 0.463156 0.406234 1 0.463398 0.406998 2 0.466557 0.406935 2 0.462173 0.415317 2 0.468789 0.415113 2 0.460366 0.424993 2 0.470519 0.425332 2 0.460870 0.432016 1 0.469295 0.431964 1 0.463645 0.435291 2 0.467952 0.435088 2 0.464342 0.452526 2 0.467238 0.452208 2 0.465270 0.469739 2 0.466689 0.468047 2
0 0.383557 0.499339 0.023065 0.041005 0.383327 0.491683 2 0.384232 0.489756 2 0.382275 0.490243 2 0.385986 0.489789 2 0.381151 0.490740 2 0.388849 0.498770 2 0.380949 0.497198 2 0.390995 0.513698 2 0.377189 0.505851 2 0.384370 0.506077 2 0.381140 0.506032 2 0.390374 0.519562 2 0.385378 0.518704 2 0.383372 0.520474 2 0.379714 0.522501 2 0.385138 0.523326 1 0.383140 0.525262 1
0 0.389509 0.488757 0.018601 0.038360 0.383124 0.492160 2 0.384057 0.490107 2 0.382078 0.490621 2 0.385941 0.489535 2 0.380877 0.490722 2 0.389106 0.498104 2 0.380028 0.498066 2 0.392049 0.509965 2 0.377025 0.506167 2 0.384789 0.507018 2 0.380803 0.507216 2 0.388755 0.514323 1 0.382980 0.514323 1 0.386210 0.506583 1 0.380738 0.508727 1 0.386188 0.508699 1 0.382727 0.511278 1
0 0.390253 0.470899 0.021577 0.039683 0.383184 0.491873 2 0.384007 0.490237 2 0.382331 0.490518 2 0.385665 0.489787 2 0.381327 0.490434 2 0.388223 0.495902 2 0.380267 0.496273 2 0.390701 0.497933 1 0.378432 0.497892 1 0.388221 0.497603 1 0.379495 0.496019 1 0.387242 0.497933 1 0.382150 0.497933 1 0.385298 0.495944 1 0.381695 0.496019 1 0.384704 0.496672 1 0.382769 0.497057 1
0 0.510045 0.486772 0.030506 0.089947 0.509364 0.457798 2 0.510375 0.455953 2 0.508298 0.456092 2 0.512125 0.456496 2 0.506999 0.456916 2 0.515044 0.465341 2 0.504847 0.465713 2 0.518832 0.475824 2 0.502921 0.478260 2 0.521590 0.487841 2 0.504042 0.488255 2 0.516230 0.491304 2 0.508914 0.491673 2 0.520108 0.509873 2 0.505918 0.508227 2 0.523822 0.530879 2 0.509364 0.526388 2
0 0.482515 0.488757 0.017113 0.088624 0.482044 0.455782 2 0.483047 0.453807 2 0.480788 0.454384 2 0.484966 0.455002 2 0.479541 0.456272 2 0.487147 0.465828 2 0.478458 0.465265 2 0.488737 0.476788 2 0.478957 0.474217 2 0.485103 0.477501 2 0.483735 0.476219 2 0.486359 0.490943 2 0.480414 0.490574 2 0.485967 0.508443 2 0.480129 0.507083 2 0.485607 0.525256 2 0.481345 0.520056 2
0 0.438244 0.351852 0.014881 0.066138 0.434149 0.329435 2 0.434435 0.328134 2 0.434021 0.328136 1 0.436020 0.327833 2 0.435293 0.328036 1 0.438030 0.334109 2 0.436362 0.334148 2 0.439570 0.342978 2 0.437188 0.343036 1 0.440289 0.351425 2 0.436542 0.351128 1 0.437765 0.352871 2 0.436759 0.352796 2 0.438602 0.366948 2 0.437510 0.367067 2 0.439606 0.380665 2 0.439236 0.380070 2
0 0.571057 0.352513 0.014137 0.064815 0.572038 0.329592 2 0.572761 0.328418 2 0.571512 0.328283 2 0.573912 0.328855 2 0.570825 0.328575 2 0.575503 0.334987 2 0.569019 0.335185 2 0.577563 0.342220 2 0.567653 0.343432 2 0.576035 0.348345 2 0.568636 0.350692 2 0.574617 0.351144 2 0.570000 0.351202 2 0.575955 0.360126 2 0.567452 0.360527 2 0.575279 0.372187 2 0.566812 0.372547 2
0 0.424107 0.389550 0.019345 0.070106 0.423824 0.371826 2 0.424468 0.370011 2 0.423231 0.370311 2 0.426574 0.369125 2 0.423568 0.369850 1 0.428989 0.377816 2 0.425394 0.376384 2 0.429593 0.391151 2 0.424439 0.384592 1 0.425709 0.397085 2 0.422363 0.388184 1 0.428228 0.394957 2 0.426020 0.393614 2 0.424866 0.402341 2 0.423742 0.401353 2 0.427207 0.413833 2 0.425803 0.412580 2
0 0.414807 0.404762 0.015625 0.050265 0.416947 0.377735 2 0.417215 0.376827 2 0.417077 0.376874 1 0.418738 0.377159 2 0.418930 0.377244 1 0.419785 0.382263 2 0.419758 0.381847 2 0.418431 0.390065 2 0.417791 0.388593 2 0.415508 0.394327 2 0.414899 0.392243 2 0.419983 0.398204 2 0.420096 0.397705 2 0.418199 0.408746 2 0.419023 0.408347 2 0.419055 0.419398 2 0.420357 0.418142 2
0 0.415923 0.390873 0.010417 0.056878 0.417071 0.377713 2 0.417329 0.376628 2 0.417330 0.376580 1 0.418432 0.376944 2 0.419264 0.376730 1 0.418750 0.382668 2 0.420391 0.382019 2 0.417824 0.390817 2 0.418423 0.389062 1 0.414682 0.393898 2 0.414289 0.390203 1 0.419146 0.397686 2 0.420403 0.397080 2 0.417969 0.408616 2 0.419183 0.407993 2 0.418572 0.419496 2 0.419528 0.418135 2
0 0.346726 0.492063 0.013393 0.058201 0.344947 0.472577 1 0.344855 0.471392 1 0.345271 0.471220 1 0.344633 0.472416 2 0.347886 0.471782 2 0.345286 0.480223 2 0.349861 0.478931 2 0.346336 0.487729 2 0.352150 0.486770 2 0.347009 0.493279 1 0.352740 0.493138 2 0.346938 0.496739 2 0.350200 0.495789 2 0.347198 0.508827 2 0.350896 0.506471 2 0.347445 0.519657 2 0.352106 0.517670 2
