0 0.526414 0.419974 0.029018 0.144180 0.537958 0.366753 2 0.536819 0.363462 1 0.537052 0.363939 2 0.530845 0.363331 1 0.532851 0.365328 2 0.525768 0.377355 2 0.529916 0.381686 2 0.521881 0.398356 1 0.526516 0.404109 2 0.521971 0.416777 1 0.526059 0.424150 2 0.523245 0.418808 2 0.526147 0.421678 2 0.524660 0.443428 2 0.527413 0.449598 2 0.517556 0.466397 2 0.519444 0.473756 2
0 0.664435 0.182540 0.016369 0.068783 0.670608 0.156611 2 0.670040 0.155923 1 0.670071 0.156246 2 0.667618 0.158155 1 0.668862 0.159002 2 0.667367 0.163788 2 0.669929 0.165832 2 0.672907 0.166848 2 0.673561 0.170815 2 0.674600 0.167672 1 0.675408 0.171207 2 0.665489 0.183801 2 0.667873 0.184542 2 0.664273 0.197864 2 0.669663 0.200042 2 0.660427 0.212046 2 0.667327 0.215830 2
0 0.543527 0.505952 0.046875 0.170635 0.556832 0.440434 1 0.556100 0.436848 1 0.556154 0.437395 1 0.548456 0.438368 2 0.555758 0.439855 2 0.540949 0.458844 2 0.557797 0.461309 2 0.534542 0.483129 2 0.559553 0.490541 2 0.541956 0.495719 2 0.557831 0.501850 2 0.542190 0.509296 2 0.555531 0.510047 2 0.537296 0.542469 2 0.560379 0.540306 2 0.528298 0.575920 2 0.559898 0.571945 2
0 0.635045 0.406746 0.030506 0.136243 0.640542 0.362995 2 0.642156 0.360495 2 0.639331 0.359819 2 0.643571 0.360492 2 0.636023 0.358735 2 0.645399 0.374401 2 0.631991 0.374797 2 0.647035 0.390172 2 0.625400 0.389779 2 0.646497 0.404351 2 0.626063 0.408998 2 0.641869 0.409041 2 0.633106 0.409952 2 0.642966 0.430627 2 0.634749 0.435796 2 0.644485 0.441646 2 0.635421 0.456593 2
0 0.372396 0.402116 0.030506 0.148148 0.385912 0.342401 2 0.385165 0.339774 1 0.384769 0.340047 2 0.381399 0.341363 1 0.380543 0.342419 2 0.379220 0.355681 2 0.377331 0.357508 2 0.380270 0.377930 2 0.376012 0.377648 2 0.384888 0.388006 2 0.384306 0.365763 2 0.377688 0.390274 2 0.376919 0.391861 2 0.379186 0.422214 2 0.380388 0.424505 2 0.375743 0.453632 2 0.379009 0.455654 2
0 0.488839 0.551587 0.038690 0.171958 0.491203 0.486597 1 0.491017 0.483139 1 0.492066 0.483556 1 0.487418 0.484978 2 0.497543 0.485955 2 0.482548 0.504824 2 0.500429 0.507807 2 0.478169 0.527301 2 0.502463 0.536058 2 0.476095 0.549295 2 0.504655 0.557234 2 0.484094 0.555610 2 0.496684 0.556616 2 0.482035 0.590473 2 0.496161 0.591909 2 0.481095 0.626108 2 0.494186 0.626137 2
0 0.425967 0.461640 0.029018 0.148148 0.432196 0.403910 2 0.431405 0.401198 1 0.430964 0.401594 2 0.428329 0.402961 1 0.427143 0.404131 2 0.425375 0.420219 2 0.426069 0.421281 2 0.428239 0.441471 1 0.427138 0.444969 2 0.433082 0.455980 1 0.432820 0.462627 2 0.426784 0.456590 2 0.426911 0.457818 2 0.432224 0.489578 2 0.430841 0.490581 2 0.431008 0.518060 2 0.422166 0.515639 2
0 0.692336 0.433862 0.031994 0.153439 0.686206 0.384444 2 0.687737 0.380848 2 0.685883 0.380870 2 0.692350 0.380209 2 0.687147 0.380410 1 0.698167 0.396463 2 0.686540 0.395121 2 0.700586 0.421406 2 0.685754 0.411981 2 0.695438 0.439632 2 0.682616 0.428015 2 0.698019 0.433664 2 0.690107 0.432976 2 0.700516 0.460586 2 0.689008 0.461360 2 0.701113 0.478794 2 0.694997 0.480632 2
0 0.582217 0.386243 0.030506 0.132275 0.580384 0.342374 2 0.581854 0.339510 2 0.579243 0.340002 2 0.585368 0.339318 2 0.578467 0.340479 1 0.589724 0.354023 2 0.577069 0.354299 2 0.595924 0.367780 2 0.577534 0.373639 2 0.599451 0.385434 2 0.578245 0.388176 2 0.589648 0.390409 2 0.581135 0.389603 2 0.589946 0.419713 2 0.580518 0.411648 2 0.591597 0.446665 2 0.581205 0.431345 2
0 0.133929 0.369709 0.038690 0.128307 0.130372 0.317507 2 0.131559 0.314997 2 0.128895 0.315213 2 0.133486 0.315916 2 0.126560 0.316611 2 0.136946 0.328550 2 0.124185 0.331219 2 0.142350 0.341234 2 0.121006 0.346938 2 0.139852 0.347463 2 0.126384 0.347815 2 0.139080 0.362745 2 0.130221 0.364301 2 0.142520 0.389390 2 0.131429 0.391290 2 0.146576 0.415142 2 0.132558 0.417241 2
0 0.159970 0.344577 0.026786 0.112434 0.155011 0.306443 2 0.155893 0.304211 2 0.155853 0.304123 1 0.158589 0.305919 2 0.159614 0.305397 1 0.159824 0.319320 2 0.159601 0.317143 2 0.154575 0.332706 2 0.153874 0.328449 1 0.147781 0.334302 2 0.149492 0.325844 1 0.159332 0.350856 2 0.158789 0.349209 2 0.159419 0.375356 2 0.156283 0.371129 2 0.164573 0.396378 2 0.161477 0.391441 2
0 0.552083 0.205688 0.020833 0.083333 0.559481 0.198527 2 0.560171 0.196789 2 0.558491 0.197027 2 0.559827 0.197970 1 0.556463 0.198097 2 0.559107 0.206780 2 0.554582 0.207672 2 0.559632 0.217333 2 0.553124 0.221329 2 0.562382 0.215892 2 0.559493 0.220399 2 0.557704 0.230117 2 0.555819 0.230719 2 0.554177 0.249654 2 0.559897 0.249569 2 0.549422 0.261839 2 0.560979 0.262731 2
0 0.953497 0.306878 0.036458 0.124339 0.964923 0.261991 1 0.964442 0.259309 1 0.964892 0.260139 1 0.959549 0.260306 2 0.966329 0.262162 2 0.955447 0.274085 2 0.969507 0.276885 2 0.949835 0.291720 2 0.971833 0.292041 2 0.945733 0.307969 2 0.968684 0.292620 2 0.952891 0.311072 2 0.962784 0.312079 2 0.948285 0.333561 2 0.961593 0.335166 2 0.944678 0.356798 2 0.960324 0.360147 2
0 0.790923 0.276455 0.026786 0.105820 0.790279 0.239818 2 0.790355 0.237941 2 0.789545 0.237603 2 0.789030 0.238681 1 0.786517 0.237738 2 0.788035 0.249184 2 0.781937 0.247539 2 0.788680 0.263594 2 0.778787 0.261595 2 0.791356 0.269729 2 0.784892 0.269748 2 0.785525 0.271013 2 0.781320 0.271555 2 0.794415 0.278275 2 0.789774 0.279749 2 0.789241 0.297536 2 0.785498 0.300200 2
0 0.808036 0.271164 0.023810 0.095238 0.808111 0.239023 2 0.807829 0.237508 1 0.807683 0.237447 2 0.806292 0.238122 1 0.805748 0.238111 2 0.806623 0.246073 2 0.801330 0.247068 2 0.809033 0.258128 2 0.804639 0.261992 2 0.813240 0.266470 2 0.810504 0.270037 2 0.805537 0.268857 2 0.801407 0.270436 2 0.813274 0.277462 2 0.807221 0.279816 2 0.811934 0.299938 2 0.807423 0.300952 2
0 0.848214 0.876984 0.061012 0.232804 0.857468 0.798279 2 0.860942 0.794135 2 0.854887 0.792617 2 0.865391 0.796390 2 0.849995 0.792398 2 0.866611 0.823320 2 0.844402 0.817486 2 0.867999 0.856995 2 0.843407 0.850221 2 0.863640 0.874029 2 0.849290 0.871617 2 0.857090 0.882739 2 0.841773 0.878811 2 0.852685 0.923880 2 0.835224 0.917007 2 0.845006 0.964408 2 0.826967 0.958814 2
0 0.538318 0.325397 0.026042 0.108466 0.537358 0.281323 2 0.537903 0.278922 2 0.536855 0.279492 1 0.540191 0.277077 2 0.537802 0.278503 1 0.544415 0.285582 2 0.538233 0.285400 2 0.543855 0.300638 2 0.535230 0.297834 2 0.537686 0.294406 2 0.534206 0.294383 2 0.541856 0.313716 2 0.537651 0.313120 2 0.540839 0.336634 2 0.538241 0.335821 2 0.541627 0.357240 2 0.540864 0.355963 2
0 0.520833 0.300926 0.026786 0.099206 0.516841 0.261315 2 0.518019 0.259801 2 0.516445 0.259583 2 0.520532 0.261087 2 0.516456 0.260633 1 0.523603 0.271091 2 0.513130 0.270436 2 0.528962 0.276952 2 0.507705 0.276047 2 0.525220 0.282682 2 0.510987 0.282872 2 0.521213 0.300798 2 0.514704 0.300522 2 0.521137 0.323063 2 0.515832 0.322460 2 0.521781 0.346735 2 0.516676 0.344760 2
0 0.484747 0.167989 0.017113 0.063492 0.478481 0.168101 2 0.478388 0.166720 2 0.478185 0.166855 1 0.478959 0.163844 2 0.479072 0.163934 1 0.481561 0.162960 2 0.481334 0.162320 2 0.484083 0.170757 2 0.485180 0.167315 2 0.483627 0.174201 2 0.484724 0.171682 2 0.487939 0.163444 2 0.488435 0.163550 2 0.483841 0.176461 2 0.488890 0.177160 2 0.484257 0.187050 2 0.494561 0.186099 2
0 0.094494 0.312831 0.017857 0.070106 0.094525 0.294158 2 0.094905 0.292241 2 0.093249 0.293185 2 0.095532 0.291833 1 0.091190 0.294112 2 0.097410 0.298090 2 0.090998 0.300627 2 0.099500 0.305778 2 0.090615 0.310314 2 0.096798 0.306179 2 0.091049 0.312496 2 0.097188 0.314558 2 0.092629 0.315119 2 0.096769 0.322877 2 0.089741 0.322894 2 0.098030 0.335669 2 0.089680 0.334168 2
0 0.626860 0.138228 0.017113 0.070106 0.629357 0.116954 2 0.629963 0.115780 2 0.628691 0.115636 2 0.630412 0.116267 1 0.627241 0.115806 2 0.630905 0.123473 2 0.625149 0.122361 2 0.631493 0.131712 2 0.622864 0.129899 2 0.631324 0.138729 2 0.621967 0.134779 2 0.629293 0.141686 2 0.625330 0.141021 2 0.629388 0.155325 2 0.624396 0.153669 2 0.629480 0.167703 2 0.623599 0.165423 2
0 0.195312 0.142196 0.017113 0.054233 0.195749 0.124757 1 0.195748 0.123686 1 0.196042 0.123698 1 0.195223 0.124369 2 0.198091 0.124239 2 0.194183 0.130905 2 0.199642 0.130736 2 0.192894 0.138693 2 0.201056 0.138525 2 0.192739 0.145291 2 0.201583 0.145090 2 0.195875 0.145713 2 0.199650 0.145696 2 0.195982 0.156571 2 0.200201 0.156877 2 0.196345 0.167738 2 0.200523 0.167968 2
0 0.786086 0.189815 0.017113 0.062169 0.784574 0.166416 1 0.784724 0.165221 1 0.785188 0.165441 1 0.784514 0.166443 2 0.787783 0.166583 2 0.783337 0.173742 2 0.788527 0.174154 2 0.781484 0.179598 2 0.789157 0.180659 2 0.781813 0.176102 1 0.787093 0.180437 1 0.783152 0.189010 2 0.786493 0.189169 2 0.782639 0.199671 2 0.785091 0.200589 2 0.782465 0.209807 2 0.784550 0.210782 2
0 0.463914 0.115079 0.012649 0.055556 0.463375 0.097419 1 0.463401 0.096421 1 0.463547 0.096452 1 0.462907 0.096915 2 0.465214 0.096738 2 0.462243 0.102530 2 0.466839 0.102192 2 0.461142 0.109692 2 0.468677 0.108985 2 0.460601 0.114743 2 0.468660 0.114110 2 0.463790 0.115855 2 0.466890 0.115765 2 0.463744 0.125559 2 0.466961 0.125379 2 0.464287 0.135070 2 0.467543 0.135055 2
0 0.400670 0.095238 0.012649 0.058201 0.402031 0.077219 2 0.402028 0.076349 1 0.401560 0.076431 2 0.401572 0.076965 1 0.400488 0.077152 2 0.401833 0.082031 2 0.399942 0.082180 2 0.402770 0.087640 2 0.399311 0.088117 2 0.404119 0.090795 2 0.400995 0.091976 2 0.401268 0.093180 2 0.400158 0.093388 2 0.401943 0.100851 2 0.401228 0.101045 2 0.400372 0.108087 2 0.400133 0.108870 2
0 0.830729 0.175265 0.014137 0.054233 0.831751 0.159376 2 0.832184 0.158819 2 0.832185 0.158896 1 0.832496 0.160824 2 0.833513 0.160909 1 0.830274 0.166004 2 0.833142 0.166014 2 0.825640 0.163299 2 0.829266 0.163540 2 0.824339 0.155957 2 0.826162 0.156705 2 0.829214 0.180894 2 0.831153 0.180861 2 0.828484 0.189766 2 0.830917 0.189886 2 0.828872 0.197677 2 0.831489 0.196942 2
0 0.242932 0.113757 0.014137 0.044974 0.247242 0.092867 1 0.247205 0.091809 1 0.247498 0.091862 1 0.246517 0.092007 2 0.248574 0.092041 2 0.245734 0.097468 2 0.248905 0.097335 2 0.244218 0.103992 2 0.249303 0.103625 2 0.243542 0.106549 2 0.248632 0.106226 1 0.245964 0.110006 2 0.247964 0.109910 2 0.246196 0.118819 2 0.247078 0.118664 2 0.247218 0.128094 2 0.247535 0.127920 2
0 0.702009 0.136905 0.012649 0.048942 0.701409 0.124405 2 0.701897 0.123420 2 0.701111 0.123332 2 0.702635 0.123918 2 0.700781 0.123661 1 0.703472 0.129997 2 0.699721 0.129463 2 0.703923 0.137687 2 0.698550 0.136246 2 0.702630 0.143839 2 0.698542 0.142935 2 0.701849 0.143443 2 0.699341 0.143030 2 0.700745 0.153059 2 0.698019 0.152922 2 0.699968 0.162331 2 0.697665 0.162395 2
0 0.373140 0.128307 0.014137 0.060847 0.370841 0.106540 2 0.371342 0.105574 2 0.371028 0.105568 1 0.373027 0.106270 2 0.372111 0.106232 1 0.374040 0.112464 2 0.372100 0.112346 2 0.374163 0.119699 2 0.371248 0.119160 1 0.371416 0.124276 2 0.370512 0.123821 1 0.373317 0.126468 2 0.371806 0.126196 2 0.373129 0.135616 2 0.371024 0.135461 2 0.374250 0.143488 2 0.370245 0.143027 2
0 0.613467 0.271825 0.014137 0.064815 0.616238 0.248019 2 0.616568 0.246349 2 0.615049 0.246971 2 0.616842 0.247019 1 0.613120 0.248642 2 0.616665 0.254453 2 0.613427 0.255801 2 0.618291 0.258574 2 0.615593 0.259014 2 0.618508 0.257044 2 0.617588 0.256922 2 0.614489 0.271369 2 0.612054 0.271790 2 0.614009 0.282213 2 0.611223 0.284222 2 0.613632 0.294324 2 0.609642 0.295037 2
0 0.932292 0.287037 0.028274 0.111111 0.933028 0.259230 1 0.933356 0.257381 1 0.933505 0.257582 1 0.934734 0.257939 2 0.938450 0.258059 1 0.933698 0.266047 2 0.939615 0.265965 2 0.928361 0.268507 2 0.933698 0.269017 2 0.929383 0.261958 2 0.930442 0.264232 1 0.934911 0.294564 2 0.940170 0.294310 2 0.922578 0.308694 2 0.936142 0.310971 2 0.920917 0.330885 2 0.941671 0.330460 2
0 0.958705 0.271825 0.026042 0.104497 0.965936 0.262317 1 0.965389 0.259567 1 0.965945 0.260399 1 0.960213 0.260329 2 0.966417 0.262485 2 0.955652 0.273818 2 0.968678 0.277600 2 0.949682 0.291416 2 0.971030 0.292563 2 0.945915 0.305889 2 0.967197 0.289903 2 0.952884 0.312236 2 0.961723 0.313831 2 0.947748 0.335708 2 0.959116 0.338396 2 0.945617 0.343543 1 0.956993 0.343543 1
0 0.557292 0.228175 0.017857 0.078042 0.559326 0.198610 2 0.559971 0.196770 2 0.558273 0.197090 2 0.559461 0.198029 1 0.555985 0.198342 2 0.558651 0.207001 2 0.554729 0.208573 2 0.559746 0.216959 2 0.552560 0.222076 2 0.562351 0.217087 2 0.559565 0.222027 2 0.557600 0.230808 2 0.556085 0.231649 2 0.553975 0.249683 2 0.559785 0.250259 2 0.550104 0.266409 2 0.560876 0.269654 2
0 0.738467 0.134921 0.017113 0.052910 0.740241 0.112977 2 0.740650 0.111981 2 0.739584 0.111878 2 0.740968 0.112972 1 0.738156 0.112665 2 0.741583 0.120045 2 0.736108 0.119499 2 0.742044 0.128456 2 0.734210 0.127760 2 0.741984 0.132617 2 0.737259 0.129114 2 0.739973 0.134927 2 0.736203 0.134518 2 0.738647 0.146356 2 0.734979 0.145609 2 0.737310 0.158520 2 0.733447 0.157851 2
0 0.976190 0.271825 0.020833 0.099206 0.968811 0.260202 1 0.967902 0.257452 1 0.968253 0.257940 1 0.963937 0.258406 1 0.967131 0.259961 2 0.964108 0.274395 1 0.969718 0.276458 2 0.966735 0.290338 1 0.971637 0.293387 2 0.966022 0.286872 1 0.967777 0.286870 2 0.962054 0.312434 1 0.964666 0.312292 2 0.962054 0.336332 1 0.963164 0.334498 1 0.963102 0.336304 1 0.962304 0.338475 1
0 0.955729 0.174603 0.020089 0.063492 0.953129 0.155261 1 0.953219 0.153820 1 0.953413 0.154112 1 0.954860 0.153470 2 0.956330 0.154029 1 0.955930 0.158563 2 0.958064 0.158796 2 0.951831 0.161658 2 0.955110 0.162784 2 0.952941 0.156220 2 0.953357 0.157008 2 0.953432 0.177426 2 0.954639 0.176623 2 0.950324 0.189325 2 0.950472 0.188188 2 0.950339 0.205091 2 0.950199 0.205410 2
0 0.904762 0.184524 0.020833 0.046296 0.903323 0.173787 2 0.904082 0.172380 2 0.902876 0.172381 2 0.905398 0.172756 2 0.902529 0.172680 1 0.906922 0.178767 2 0.901605 0.178306 2 0.906556 0.187355 2 0.900067 0.185524 2 0.902117 0.191209 2 0.899494 0.189528 2 0.905603 0.191266 2 0.902131 0.190484 2 0.903094 0.193279 2 0.898405 0.192523 2 0.899592 0.197115 2 0.899450 0.196832 2
0 0.940476 0.193783 0.017857 0.035714 0.938565 0.182278 2 0.939435 0.180650 2 0.937709 0.180985 2 0.940951 0.181196 2 0.936675 0.181795 2 0.943283 0.187240 2 0.935344 0.187996 2 0.942222 0.196433 2 0.933095 0.197157 2 0.937340 0.200250 2 0.934568 0.200047 2 0.944157 0.202022 2 0.938703 0.202018 2 0.939065 0.201006 2 0.931935 0.200738 2 0.936649 0.207651 2 0.933370 0.206858 1
0 0.925967 0.189815 0.018601 0.035714 0.928603 0.179538 2 0.928625 0.177938 2 0.927903 0.177776 2 0.928030 0.178001 1 0.925492 0.177841 2 0.929228 0.184820 2 0.923470 0.184674 2 0.930532 0.193400 2 0.921493 0.192708 2 0.926391 0.194439 2 0.927649 0.194808 2 0.927990 0.200795 2 0.923796 0.200711 2 0.929119 0.199401 1 0.919548 0.199882 1 0.928902 0.203072 1 0.922233 0.205071 1
