0 0.240327 0.535714 0.004464 0.025132 0.240080 0.527151 1 0.239947 0.526729 1 0.240112 0.526672 1 0.239165 0.527026 2 0.240398 0.526914 2 0.238791 0.529793 2 0.241060 0.529557 2 0.238430 0.532687 2 0.241925 0.532238 2 0.238557 0.534854 2 0.241927 0.534700 2 0.239482 0.535389 2 0.240968 0.535293 2 0.239851 0.539442 2 0.240783 0.539182 2 0.240221 0.543202 2 0.240849 0.543442 2
0 0.250000 0.850860 0.010417 0.025794 0.251871 0.841605 1 0.251751 0.840897 1 0.251918 0.841034 1 0.250350 0.841057 2 0.252462 0.841387 2 0.248688 0.844694 2 0.252967 0.845168 2 0.247602 0.848330 2 0.254449 0.850171 2 0.249073 0.846625 1 0.254858 0.849007 2 0.249186 0.856164 2 0.252404 0.856345 2 0.248965 0.858020 2 0.254725 0.857117 2 0.247676 0.867232 2 0.254304 0.864977 2
0 0.574219 0.920635 0.010789 0.027778 0.573461 0.911147 1 0.573420 0.910366 1 0.573746 0.910431 1 0.572739 0.910913 2 0.575227 0.910911 2 0.571419 0.915911 2 0.576802 0.915837 2 0.570138 0.919886 2 0.578085 0.920166 2 0.570517 0.917417 1 0.576436 0.918760 1 0.571941 0.927518 2 0.575527 0.927365 2 0.572227 0.928845 2 0.575095 0.928402 2 0.573086 0.937033 2 0.574600 0.936615 2
0 0.530506 0.479828 0.005208 0.015212 0.531682 0.478085 1 0.531678 0.477653 1 0.531828 0.477719 1 0.531295 0.477870 2 0.532429 0.477949 2 0.530498 0.480355 2 0.532892 0.480509 2 0.529971 0.483499 2 0.533208 0.483763 2 0.530007 0.485674 1 0.533135 0.486374 1 0.530677 0.486071 2 0.532311 0.486168 2 0.530567 0.489333 1 0.532224 0.489549 1 0.530639 0.489816 1 0.531963 0.489952 1
0 0.517857 0.420635 0.005208 0.014550 0.518611 0.418812 2 0.518731 0.418471 1 0.518471 0.418475 2 0.518893 0.418546 1 0.518312 0.418556 2 0.519222 0.420279 2 0.517992 0.420285 2 0.519924 0.422145 2 0.517354 0.422132 2 0.520005 0.423518 2 0.517330 0.423655 2 0.519020 0.423555 2 0.518261 0.423601 2 0.519489 0.424122 2 0.518225 0.424248 2 0.519360 0.426545 2 0.518389 0.426575 2
0 0.804315 0.534722 0.005952 0.024471 0.804788 0.525413 1 0.804844 0.524899 1 0.804967 0.524960 1 0.804909 0.525242 2 0.806015 0.525240 2 0.804884 0.528165 2 0.806531 0.528295 2 0.804398 0.532008 2 0.806500 0.532189 2 0.804205 0.535458 2 0.805758 0.534931 1 0.804676 0.535098 2 0.805870 0.535030 2 0.803562 0.539337 2 0.805076 0.539467 2 0.803441 0.544198 2 0.805368 0.544749 2
0 0.832217 0.547950 0.006696 0.024471 0.832634 0.538708 1 0.832650 0.538242 1 0.832772 0.538296 1 0.832350 0.538436 2 0.833562 0.538509 2 0.831835 0.540936 2 0.833936 0.541095 2 0.831083 0.543764 2 0.834648 0.543908 2 0.830809 0.544740 1 0.834741 0.546924 2 0.831786 0.547506 2 0.833209 0.547580 2 0.830981 0.551541 2 0.832657 0.552179 2 0.830786 0.555034 1 0.832531 0.555703 2
0 0.720982 0.376653 0.004464 0.017857 0.721261 0.370959 2 0.721393 0.370675 1 0.721125 0.370636 2 0.721535 0.370799 1 0.720905 0.370683 2 0.721772 0.372421 2 0.720471 0.372283 2 0.722533 0.373666 2 0.720061 0.373984 2 0.722026 0.373950 2 0.720607 0.374671 2 0.721491 0.376327 2 0.720648 0.376210 2 0.721303 0.379566 2 0.720372 0.379104 2 0.721069 0.382905 2 0.719980 0.382004 2
0 0.976190 0.689484 0.006696 0.031085 0.976540 0.679053 1 0.976649 0.678477 1 0.976926 0.678508 1 0.977147 0.678907 2 0.978582 0.678806 1 0.976962 0.682231 2 0.979169 0.682167 2 0.976252 0.685923 2 0.979601 0.686212 2 0.975377 0.687260 2 0.979128 0.689424 2 0.976973 0.689326 2 0.978383 0.689210 2 0.976418 0.694167 2 0.977224 0.694351 2 0.976913 0.699663 2 0.977383 0.699622 2
0 0.988653 0.688492 0.009301 0.034392 0.988300 0.678325 1 0.988475 0.677659 1 0.988676 0.677708 1 0.989139 0.678176 2 0.990568 0.678026 1 0.988808 0.682133 2 0.991915 0.681964 2 0.987731 0.687052 2 0.993882 0.685033 2 0.986347 0.690233 2 0.994828 0.687558 2 0.988490 0.690600 2 0.990545 0.690452 2 0.985868 0.692614 2 0.988757 0.694461 2 0.985566 0.697377 2 0.988787 0.700188 2
0 0.764137 0.416667 0.006696 0.018519 0.764651 0.411059 1 0.764457 0.410665 1 0.764636 0.410685 1 0.763537 0.410657 1 0.764458 0.410819 2 0.763057 0.412534 2 0.764461 0.412802 2 0.762805 0.414953 2 0.764874 0.415253 2 0.762929 0.416900 1 0.765009 0.416707 2 0.763127 0.417222 2 0.764074 0.417352 2 0.763143 0.420122 2 0.763884 0.420242 2 0.763006 0.422829 2 0.763652 0.423057 2
0 0.746838 0.411376 0.005580 0.021164 0.748017 0.406153 1 0.747968 0.405794 1 0.747930 0.405770 1 0.747585 0.405881 1 0.747603 0.405874 2 0.747556 0.407822 2 0.747196 0.407845 2 0.747735 0.410109 1 0.747145 0.410138 2 0.747782 0.411921 1 0.747386 0.412124 2 0.747438 0.412191 2 0.747228 0.412226 2 0.747212 0.415090 2 0.747002 0.415198 2 0.746815 0.418035 2 0.746760 0.418172 2
0 0.503906 0.315146 0.003348 0.016534 0.504389 0.311772 1 0.504503 0.311505 1 0.504272 0.311506 1 0.504672 0.311675 1 0.504152 0.311659 2 0.504869 0.313111 2 0.503965 0.312997 2 0.505239 0.314044 2 0.503490 0.313644 2 0.504905 0.313897 2 0.503931 0.313598 2 0.504733 0.316140 2 0.504167 0.316137 2 0.504571 0.318521 2 0.504181 0.318621 2 0.504603 0.320966 2 0.504285 0.320984 2
0 0.604725 0.756283 0.010789 0.031085 0.605190 0.746389 2 0.605439 0.745835 1 0.604923 0.745892 1 0.605919 0.745331 2 0.604641 0.745436 1 0.607089 0.746614 2 0.603894 0.746270 2 0.608031 0.750636 2 0.603442 0.750765 2 0.606346 0.752806 2 0.604379 0.752845 2 0.606848 0.754570 2 0.604459 0.754148 2 0.607759 0.761463 2 0.603022 0.759550 2 0.608037 0.769580 2 0.603223 0.766407 2
0 0.616257 0.721230 0.008557 0.029762 0.617996 0.708992 1 0.618211 0.708313 1 0.617744 0.708365 1 0.618383 0.707930 1 0.617471 0.708013 2 0.618786 0.710757 2 0.616844 0.710644 2 0.619569 0.714956 2 0.615121 0.714364 2 0.619885 0.719463 2 0.615079 0.718825 2 0.618491 0.719658 2 0.617449 0.719700 2 0.618261 0.725971 2 0.617756 0.726105 2 0.618099 0.731778 2 0.618263 0.731688 2
