0 0.627232 0.383598 0.049107 0.126984 0.618445 0.333468 1 0.618607 0.331007 1 0.619643 0.330766 1 0.620075 0.332609 2 0.626934 0.331611 2 0.619360 0.347474 2 0.631159 0.345531 2 0.614183 0.357512 2 0.640377 0.354072 2 0.608338 0.369494 2 0.650977 0.361625 2 0.624856 0.387874 2 0.632101 0.387059 2 0.624818 0.414861 2 0.633009 0.413596 2 0.627377 0.441030 2 0.638537 0.436833 2
0 0.663318 0.182540 0.020089 0.071429 0.667511 0.154507 1 0.667450 0.153067 1 0.667724 0.153376 1 0.665685 0.153679 2 0.669179 0.154234 2 0.663507 0.160941 2 0.670160 0.162048 2 0.661203 0.170613 2 0.671604 0.171629 2 0.660807 0.177872 2 0.671328 0.179866 2 0.662739 0.179084 2 0.667390 0.179629 2 0.660288 0.193787 2 0.666376 0.195670 2 0.658388 0.208322 2 0.665323 0.210589 2
0 0.706473 0.447090 0.031994 0.164021 0.695870 0.386330 1 0.696111 0.383399 1 0.696721 0.383080 1 0.696429 0.385197 2 0.702749 0.383676 2 0.698722 0.402977 2 0.707232 0.399814 2 0.703108 0.425195 2 0.709826 0.421904 2 0.697008 0.432896 2 0.700238 0.430320 1 0.706223 0.446029 2 0.712398 0.444235 2 0.707174 0.483157 2 0.712128 0.477640 2 0.716179 0.518689 2 0.719536 0.509922 2
0 0.531622 0.392857 0.031994 0.119048 0.542045 0.348077 1 0.541251 0.345609 1 0.541805 0.346108 1 0.535316 0.346839 2 0.541685 0.348706 2 0.530947 0.359787 2 0.541484 0.363663 2 0.525968 0.373716 2 0.543187 0.383519 2 0.529878 0.381618 2 0.544704 0.398086 2 0.528814 0.391945 2 0.536908 0.393618 2 0.528697 0.411703 2 0.543142 0.413606 2 0.524345 0.428896 2 0.546320 0.432625 2
0 0.408482 0.417989 0.028274 0.150794 0.419937 0.366063 2 0.418766 0.363591 1 0.419412 0.363493 2 0.411621 0.365040 1 0.416540 0.365565 2 0.406063 0.378435 2 0.415383 0.381224 2 0.400920 0.392498 2 0.417086 0.401509 2 0.404455 0.397019 2 0.422524 0.409375 2 0.407827 0.419988 2 0.414629 0.421566 2 0.407896 0.452291 2 0.418487 0.453492 2 0.404971 0.481056 2 0.420002 0.485007 2
0 0.474702 0.500661 0.032738 0.165344 0.468697 0.436641 1 0.468302 0.433703 1 0.469016 0.433438 1 0.464624 0.436019 2 0.472819 0.435102 2 0.462029 0.456024 2 0.477219 0.453941 2 0.460872 0.479814 2 0.480832 0.476684 2 0.461062 0.496991 2 0.485530 0.495115 2 0.467487 0.499559 2 0.478355 0.498773 2 0.467935 0.532606 2 0.481520 0.529967 2 0.468721 0.563800 2 0.482314 0.561844 2
0 0.329613 0.429894 0.025298 0.134921 0.335043 0.380527 2 0.335244 0.377828 1 0.334560 0.377255 2 0.332851 0.376715 1 0.331434 0.375229 2 0.332198 0.385105 2 0.325594 0.386099 2 0.336349 0.401889 2 0.328673 0.400510 2 0.341224 0.414851 2 0.333742 0.388077 2 0.332698 0.416701 2 0.328486 0.418746 2 0.335230 0.446532 2 0.332794 0.449503 2 0.330853 0.475153 2 0.333455 0.478731 2
0 0.613095 0.338624 0.029762 0.105820 0.618395 0.334922 1 0.618488 0.332473 1 0.619681 0.332427 1 0.619927 0.333484 2 0.627379 0.332580 1 0.619745 0.346065 2 0.631860 0.345489 2 0.614417 0.357509 2 0.630963 0.360411 1 0.609174 0.370509 2 0.624030 0.371784 1 0.624244 0.387273 2 0.632471 0.386683 2 0.622935 0.412698 2 0.632299 0.411900 1 0.622621 0.412698 1 0.632671 0.411435 1
0 0.357143 0.386243 0.025298 0.140212 0.361176 0.341241 2 0.360909 0.338571 1 0.360259 0.338518 2 0.358023 0.339605 1 0.356816 0.339587 2 0.356542 0.352455 2 0.354342 0.354566 2 0.359707 0.367046 2 0.356588 0.370519 2 0.364294 0.369824 2 0.361119 0.359249 2 0.355882 0.387190 2 0.354625 0.388644 2 0.355056 0.417510 2 0.355410 0.419242 2 0.351688 0.446941 2 0.353948 0.449127 2
0 0.309524 0.462963 0.038690 0.164021 0.314103 0.402353 2 0.312699 0.399232 1 0.312970 0.399888 2 0.308095 0.401081 1 0.309527 0.403667 2 0.306158 0.418090 2 0.306499 0.422626 2 0.304639 0.437747 1 0.306083 0.447170 2 0.307152 0.452557 1 0.309128 0.467975 2 0.304571 0.461886 2 0.303336 0.464460 2 0.312450 0.490209 2 0.299714 0.497271 2 0.312645 0.522431 2 0.295585 0.529689 2
0 0.133929 0.370370 0.037202 0.126984 0.130387 0.328408 2 0.131583 0.326055 2 0.129213 0.326227 2 0.133583 0.323308 2 0.127113 0.323840 2 0.137437 0.331277 2 0.124664 0.333303 2 0.143705 0.343265 2 0.122225 0.349022 2 0.139127 0.350193 2 0.124718 0.367337 2 0.138983 0.366179 2 0.130349 0.367466 2 0.142337 0.391676 2 0.132184 0.394277 2 0.147091 0.417077 2 0.133543 0.420461 2
0 0.270833 0.335317 0.022321 0.109788 0.267985 0.293574 2 0.269568 0.292017 2 0.268210 0.291474 2 0.272850 0.294496 2 0.269114 0.292997 1 0.274050 0.307152 2 0.267419 0.304737 2 0.271496 0.318675 2 0.262530 0.316714 2 0.268835 0.310230 2 0.262911 0.323566 2 0.272875 0.336298 2 0.267066 0.335155 2 0.275928 0.360502 2 0.263443 0.359038 2 0.282863 0.379992 2 0.262612 0.381339 2
0 0.546503 0.199735 0.021577 0.092593 0.549657 0.171701 1 0.549969 0.170073 1 0.549870 0.170492 1 0.548756 0.171104 2 0.552249 0.171980 2 0.545866 0.179374 2 0.552770 0.181693 2 0.542409 0.189171 2 0.555343 0.193093 2 0.541148 0.201462 2 0.557496 0.203220 2 0.544086 0.201993 2 0.549276 0.203114 2 0.541516 0.218414 2 0.551729 0.221633 2 0.538596 0.235038 2 0.553473 0.237656 2
0 0.944568 0.303571 0.036458 0.123016 0.947406 0.259251 1 0.947312 0.256735 1 0.948173 0.257583 1 0.945033 0.257414 2 0.951813 0.258919 2 0.940008 0.269986 2 0.954730 0.272077 2 0.933533 0.285748 2 0.958519 0.284787 2 0.927294 0.299510 2 0.959079 0.282976 2 0.938479 0.306445 2 0.947530 0.307377 2 0.937168 0.330331 2 0.944017 0.332996 2 0.935759 0.354423 2 0.938682 0.355687 2
0 0.790179 0.275794 0.025298 0.101852 0.791194 0.240348 2 0.791324 0.238569 2 0.790365 0.238256 2 0.790317 0.239480 1 0.787295 0.238685 2 0.788838 0.249218 2 0.783289 0.247989 2 0.788556 0.262406 2 0.780314 0.261473 2 0.791008 0.270338 2 0.785414 0.270631 2 0.786622 0.270178 2 0.782712 0.270698 2 0.794911 0.279600 2 0.789708 0.280387 2 0.792503 0.300147 2 0.788172 0.301456 2
0 0.808408 0.269841 0.024554 0.092593 0.809859 0.240378 2 0.809958 0.238361 2 0.809039 0.238262 2 0.808800 0.238415 1 0.806084 0.238468 2 0.808534 0.244468 2 0.802011 0.248619 2 0.810979 0.258840 2 0.806441 0.262091 2 0.813749 0.266567 2 0.812327 0.270929 2 0.808918 0.265996 2 0.804296 0.270634 2 0.818019 0.266941 2 0.811644 0.282406 2 0.812980 0.279727 2 0.814543 0.300710 2
0 0.847470 0.877646 0.059524 0.226190 0.862028 0.806909 2 0.865230 0.802682 2 0.859088 0.801489 2 0.869222 0.804979 2 0.853512 0.801621 2 0.869536 0.831841 2 0.847155 0.825342 2 0.866657 0.863818 2 0.840410 0.853630 2 0.863098 0.885240 2 0.846763 0.877949 2 0.860139 0.891179 2 0.844469 0.887207 2 0.855653 0.931564 2 0.836974 0.925532 2 0.848717 0.970511 2 0.829736 0.966738 2
0 0.538318 0.325397 0.026042 0.108466 0.541498 0.348127 1 0.540607 0.345639 1 0.541436 0.346107 1 0.534608 0.346064 2 0.541041 0.347700 2 0.529796 0.359138 2 0.541443 0.361745 2 0.526027 0.374114 2 0.543660 0.376386 2 0.529597 0.378447 1 0.541714 0.372962 1 0.528076 0.392225 2 0.536249 0.393770 2 0.528658 0.399884 1 0.539839 0.399884 1 0.526871 0.399884 1 0.539032 0.399884 1
0 0.520461 0.297619 0.026042 0.089947 0.515354 0.271812 2 0.516182 0.269976 2 0.514362 0.270408 2 0.517701 0.269035 2 0.513098 0.269930 2 0.519931 0.276734 2 0.511819 0.276762 2 0.521797 0.288409 2 0.509559 0.286321 2 0.519807 0.296558 2 0.512094 0.293971 2 0.519248 0.300447 2 0.513966 0.300417 2 0.518521 0.318246 2 0.514222 0.318088 2 0.518474 0.335892 2 0.513812 0.334986 2
0 0.487351 0.157407 0.017857 0.063492 0.490519 0.185918 2 0.490855 0.184548 2 0.489587 0.184654 2 0.490948 0.185651 1 0.487642 0.185911 2 0.491914 0.194683 2 0.486043 0.194680 2 0.493789 0.200581 1 0.485050 0.201058 1 0.492888 0.197400 1 0.488287 0.198648 1 0.491012 0.201058 1 0.487081 0.201058 1 0.491755 0.198167 1 0.488635 0.198280 1 0.491036 0.201058 1 0.487930 0.201058 1
0 0.095238 0.314153 0.017857 0.067460 0.094462 0.294322 2 0.094627 0.292390 2 0.093160 0.293796 2 0.095272 0.291967 1 0.091413 0.295516 2 0.097462 0.297377 2 0.091543 0.302420 2 0.099916 0.299556 2 0.091868 0.309841 2 0.098203 0.303454 2 0.094764 0.310522 2 0.097608 0.314814 2 0.093356 0.316412 2 0.097078 0.324658 2 0.091290 0.325469 2 0.098515 0.337443 2 0.090769 0.335700 2
0 0.641369 0.141534 0.013393 0.071429 0.644248 0.117780 1 0.643832 0.116664 1 0.643872 0.116858 1 0.641827 0.117999 1 0.643291 0.118675 2 0.641409 0.124899 2 0.643796 0.126742 2 0.642452 0.125765 2 0.646326 0.131003 2 0.643354 0.120240 2 0.645943 0.126396 2 0.640740 0.142586 2 0.641924 0.143271 2 0.642251 0.156525 2 0.642064 0.156870 2 0.639658 0.166157 2 0.637498 0.166400 2
0 0.182292 0.160053 0.016369 0.034392 0.182518 0.164496 2 0.183508 0.162073 2 0.181573 0.162294 2 0.185227 0.163039 2 0.180456 0.163509 2 0.189295 0.177473 2 0.177818 0.177783 2 0.190968 0.180709 1 0.176141 0.181303 1 0.187273 0.174404 1 0.178626 0.177879 1 0.187605 0.182627 1 0.180184 0.182463 1 0.185990 0.177989 1 0.179681 0.176857 1 0.183232 0.175914 1 0.183153 0.175194 1
0 0.161086 0.130291 0.015625 0.046296 0.162569 0.118094 2 0.163107 0.117125 2 0.162016 0.117149 2 0.163927 0.117594 2 0.161385 0.117410 2 0.165229 0.122546 2 0.160628 0.121979 2 0.167854 0.125418 2 0.157662 0.125079 2 0.170783 0.126008 2 0.157525 0.128838 2 0.163998 0.135311 2 0.161296 0.134950 2 0.163791 0.144092 2 0.161302 0.142938 2 0.160913 0.152005 2 0.159088 0.151566 2
0 0.803943 0.216270 0.017113 0.062169 0.808616 0.240056 2 0.808672 0.238487 2 0.807849 0.238478 2 0.807678 0.238373 1 0.805134 0.238466 2 0.808733 0.246756 2 0.801025 0.247301 2 0.810715 0.256888 2 0.799853 0.258253 1 0.811215 0.258093 1 0.805450 0.257751 1 0.807481 0.259135 1 0.802153 0.259135 1 0.809094 0.252544 1 0.803938 0.254225 1 0.806876 0.258996 1 0.802542 0.259135 1
0 0.441964 0.108466 0.013393 0.052910 0.435942 0.101599 2 0.436472 0.100650 2 0.435978 0.100647 1 0.438062 0.101377 2 0.436835 0.101350 1 0.439019 0.107077 2 0.437271 0.106917 2 0.439494 0.114649 2 0.436606 0.113363 1 0.436781 0.119751 2 0.435878 0.116350 1 0.438346 0.121261 2 0.437182 0.121018 2 0.438055 0.132442 2 0.437279 0.132331 2 0.438877 0.140611 2 0.437430 0.140500 1
0 0.397693 0.096561 0.012649 0.052910 0.395597 0.077019 2 0.396017 0.076009 2 0.395017 0.076245 2 0.396827 0.076385 2 0.394377 0.076943 2 0.398230 0.081651 2 0.394005 0.082329 2 0.399603 0.087066 2 0.393435 0.088132 2 0.399961 0.091826 2 0.393592 0.093476 2 0.398505 0.092742 2 0.395686 0.093126 2 0.399056 0.100832 2 0.396215 0.101175 2 0.399761 0.109778 2 0.396377 0.109942 2
0 0.134301 0.104497 0.014137 0.050265 0.131720 0.091029 1 0.131880 0.090125 1 0.131649 0.090163 1 0.132698 0.089458 1 0.132605 0.089559 1 0.133865 0.092477 2 0.133689 0.092727 2 0.133946 0.098790 2 0.133134 0.098958 1 0.132482 0.103572 2 0.131936 0.103102 1 0.135285 0.104406 2 0.135125 0.104469 2 0.135623 0.113719 2 0.135259 0.114039 2 0.138594 0.121393 2 0.137084 0.122510 2
0 0.790179 0.160714 0.014881 0.048942 0.790290 0.146570 1 0.790461 0.145461 1 0.790772 0.145687 1 0.790603 0.145923 2 0.792827 0.146176 2 0.789701 0.151869 2 0.793820 0.152045 2 0.788177 0.158827 2 0.793025 0.158190 1 0.787707 0.161330 2 0.790906 0.160041 1 0.789179 0.165366 2 0.791838 0.165250 2 0.787377 0.173693 2 0.789114 0.174259 2 0.789332 0.180102 2 0.789751 0.180806 2
0 0.230655 0.120370 0.014881 0.026455 0.229614 0.130127 2 0.230268 0.129263 1 0.229299 0.128279 2 0.230073 0.128443 1 0.227097 0.126229 2 0.229096 0.130999 2 0.224373 0.129296 2 0.230352 0.130897 1 0.222239 0.129266 2 0.229492 0.130625 1 0.225250 0.131654 2 0.226965 0.131824 1 0.223969 0.131408 1 0.225747 0.128920 1 0.222693 0.129050 1 0.226717 0.127909 1 0.225381 0.130982 1
0 0.722842 0.146164 0.012649 0.048942 0.725027 0.128861 1 0.724727 0.127952 1 0.724935 0.127957 1 0.723089 0.128627 1 0.724458 0.128781 2 0.722486 0.134242 2 0.723656 0.134425 2 0.723609 0.140628 2 0.723557 0.141374 2 0.725157 0.144733 1 0.724419 0.146136 2 0.722164 0.147731 2 0.723174 0.147919 2 0.722829 0.156959 2 0.724148 0.157024 2 0.721698 0.165584 2 0.723345 0.165562 2
0 0.436012 0.122354 0.014881 0.062169 0.435746 0.101597 2 0.436307 0.100609 2 0.435883 0.100588 1 0.438013 0.101397 2 0.436972 0.101324 1 0.439010 0.107410 2 0.437338 0.107311 2 0.439485 0.114781 2 0.436885 0.114420 1 0.436833 0.119380 2 0.436270 0.118778 1 0.438549 0.122918 2 0.437134 0.122736 2 0.439165 0.134280 2 0.436814 0.134112 2 0.441013 0.143733 2 0.436772 0.143456 2
0 0.571801 0.278439 0.014137 0.056878 0.574652 0.262803 2 0.575577 0.261121 2 0.573807 0.260997 2 0.576952 0.261762 2 0.572469 0.261544 2 0.578555 0.270448 2 0.570864 0.270708 2 0.580464 0.281130 2 0.569591 0.279597 2 0.577982 0.285300 2 0.572476 0.267395 2 0.577719 0.287495 2 0.572485 0.287603 2 0.578753 0.284133 1 0.571514 0.284245 1 0.577663 0.289109 1 0.571837 0.289332 1
0 0.562872 0.094577 0.011161 0.038360 0.560796 0.080847 1 0.561002 0.080054 1 0.561135 0.080051 1 0.562024 0.080845 2 0.563343 0.080680 1 0.561890 0.085281 2 0.564499 0.085438 2 0.560421 0.088478 2 0.565246 0.090413 2 0.560271 0.088255 2 0.565023 0.092268 2 0.562305 0.096233 2 0.564018 0.096087 2 0.561920 0.104481 2 0.563530 0.104536 2 0.561818 0.112762 2 0.564178 0.112778 2
0 0.488839 0.220238 0.017857 0.078042 0.490413 0.186206 2 0.490963 0.184699 2 0.489478 0.184662 2 0.491437 0.186153 1 0.487801 0.186094 2 0.492254 0.194695 2 0.485795 0.195262 2 0.493598 0.204420 2 0.484658 0.206810 2 0.492463 0.207379 2 0.488931 0.208590 2 0.491690 0.216827 2 0.487045 0.217208 2 0.493622 0.233881 2 0.486267 0.234444 2 0.493544 0.252054 2 0.486174 0.252510 2
0 0.739955 0.133598 0.017113 0.052910 0.742708 0.113417 2 0.743627 0.112497 2 0.742384 0.112302 2 0.745287 0.113311 2 0.741935 0.112890 1 0.745153 0.119488 2 0.741365 0.118649 2 0.741402 0.124337 2 0.738303 0.122527 2 0.739225 0.123187 2 0.737835 0.124274 2 0.743980 0.134894 2 0.740920 0.134483 2 0.744093 0.145566 2 0.740140 0.145098 2 0.746970 0.154805 2 0.739778 0.156245 2
0 0.955729 0.174603 0.020089 0.063492 0.953287 0.155522 2 0.954004 0.153753 2 0.952935 0.154222 2 0.956333 0.153928 2 0.954488 0.154852 1 0.955812 0.161726 2 0.957947 0.161444 2 0.953220 0.174777 2 0.956745 0.172248 1 0.951173 0.182727 2 0.952839 0.180329 1 0.954472 0.179705 2 0.956039 0.178843 2 0.951410 0.191622 2 0.953085 0.191084 2 0.952142 0.206728 2 0.952364 0.205497 2
0 0.904762 0.185185 0.020833 0.044974 0.903600 0.175008 2 0.904249 0.173478 2 0.903404 0.173680 1 0.905828 0.173740 2 0.903729 0.174053 1 0.908287 0.179388 2 0.902314 0.179158 2 0.907594 0.188828 2 0.900323 0.186729 2 0.901801 0.193202 2 0.900005 0.192465 2 0.906565 0.193735 2 0.902457 0.193059 2 0.905350 0.190631 2 0.897224 0.190331 2 0.900605 0.197414 2 0.898213 0.197372 2
0 0.940848 0.193783 0.018601 0.035714 0.940338 0.180969 2 0.941035 0.179542 2 0.940147 0.179701 2 0.942584 0.179738 2 0.940397 0.179980 1 0.944611 0.185408 2 0.939768 0.184533 2 0.944554 0.195454 2 0.936826 0.191061 2 0.938887 0.197423 2 0.934869 0.193845 2 0.943340 0.198866 2 0.940161 0.197640 2 0.938909 0.198419 2 0.933779 0.197985 2 0.937467 0.203753 2 0.936992 0.203678 2
0 0.925967 0.189815 0.018601 0.035714 0.926833 0.180118 2 0.927761 0.178112 2 0.925994 0.178588 2 0.929245 0.178572 2 0.924849 0.179752 2 0.930581 0.187895 2 0.924332 0.190217 2 0.930808 0.194140 2 0.921293 0.198340 2 0.924733 0.199960 2 0.923690 0.200481 2 0.929454 0.203276 2 0.925328 0.203635 2 0.925353 0.198800 1 0.921146 0.198076 1 0.927218 0.201072 1 0.924591 0.200058 1
