0 0.255208 0.474537 0.008929 0.025794 0.255588 0.467114 2 0.255804 0.466712 2 0.255388 0.466714 2 0.256172 0.466767 2 0.255131 0.466819 2 0.256684 0.468767 2 0.254977 0.468925 2 0.257510 0.470871 2 0.254570 0.471103 2 0.256558 0.470784 2 0.254235 0.473437 2 0.256470 0.474688 2 0.255283 0.474735 2 0.256871 0.478452 2 0.255206 0.478932 2 0.257424 0.482139 2 0.255187 0.482999 2
0 0.202753 0.960317 0.011161 0.039683 0.202607 0.949139 1 0.202483 0.948444 1 0.202697 0.948488 1 0.201203 0.948964 2 0.203456 0.949158 2 0.199449 0.953443 2 0.204503 0.953858 2 0.198260 0.958205 2 0.206074 0.958108 2 0.199376 0.957305 1 0.206497 0.955142 1 0.200077 0.965968 2 0.203615 0.966363 2 0.201245 0.964521 2 0.206335 0.965231 2 0.200806 0.973814 1 0.204962 0.974504 2
0 0.825335 0.514220 0.008557 0.028439 0.826890 0.505795 1 0.826919 0.505265 1 0.827092 0.505354 1 0.826717 0.505548 2 0.828084 0.505680 2 0.826220 0.508544 2 0.828767 0.508717 2 0.825090 0.511669 2 0.829151 0.512328 2 0.823849 0.512668 2 0.828234 0.514183 1 0.826221 0.516188 2 0.827756 0.516114 2 0.825837 0.520826 2 0.826512 0.520755 2 0.826677 0.523977 2 0.826335 0.523756 2
0 0.841332 0.529431 0.007812 0.024471 0.841435 0.520683 1 0.841466 0.520223 1 0.841633 0.520351 1 0.841124 0.520413 2 0.842400 0.520602 2 0.840358 0.522809 2 0.842937 0.523093 2 0.839513 0.525894 2 0.843584 0.526865 2 0.838495 0.528028 2 0.843534 0.529377 2 0.840324 0.530271 2 0.841988 0.530152 2 0.837594 0.530245 2 0.839795 0.529603 2 0.839355 0.535056 2 0.840985 0.533319 2
0 0.722284 0.354828 0.006324 0.020503 0.722811 0.351477 2 0.722960 0.351121 2 0.722649 0.351152 2 0.723172 0.351182 2 0.722480 0.351261 2 0.723563 0.352843 2 0.722293 0.352974 2 0.724249 0.354487 2 0.721914 0.354641 2 0.723714 0.354931 2 0.722281 0.354583 2 0.723218 0.357075 2 0.722454 0.357068 2 0.722812 0.360483 2 0.722321 0.360465 2 0.722646 0.363785 2 0.722445 0.363704 2
0 0.736049 0.375661 0.006324 0.018519 0.738075 0.372319 1 0.737992 0.371927 1 0.738096 0.371931 1 0.737472 0.372030 1 0.738160 0.372077 2 0.737339 0.374112 2 0.738005 0.374226 2 0.737212 0.376526 2 0.738054 0.376763 2 0.737278 0.378723 1 0.737988 0.378954 2 0.737403 0.378600 2 0.737845 0.378655 2 0.737510 0.381614 2 0.737579 0.381624 2 0.737370 0.384700 2 0.737418 0.384829 2
0 0.743490 0.341270 0.006324 0.017196 0.745033 0.338312 1 0.744961 0.337936 1 0.745066 0.337961 1 0.744455 0.337947 1 0.745155 0.338035 1 0.744011 0.339635 2 0.745219 0.339547 2 0.742887 0.341118 2 0.746107 0.340097 2 0.742599 0.342776 2 0.746285 0.340076 2 0.744145 0.343547 2 0.744784 0.343544 2 0.744431 0.346672 2 0.744504 0.346722 2 0.744252 0.350053 2 0.744476 0.350011 2
0 0.597098 0.713624 0.008185 0.027778 0.597846 0.702224 2 0.598076 0.701731 2 0.597585 0.701812 2 0.598445 0.701066 1 0.597206 0.701186 2 0.599368 0.702232 2 0.596244 0.701705 2 0.600293 0.705524 2 0.595689 0.705726 2 0.598775 0.708277 2 0.596290 0.708350 2 0.599093 0.710201 2 0.596780 0.709638 2 0.599826 0.716827 2 0.595312 0.714144 2 0.600128 0.724716 2 0.595506 0.719866 2
0 0.620722 0.722553 0.007812 0.032407 0.620596 0.711052 1 0.620607 0.710524 1 0.620859 0.710597 1 0.620351 0.710708 2 0.622153 0.710792 2 0.619611 0.713260 2 0.622644 0.713447 2 0.618273 0.716106 2 0.623755 0.716580 2 0.618356 0.718916 2 0.623258 0.720006 2 0.619777 0.721422 2 0.621661 0.721471 2 0.620012 0.726337 2 0.620930 0.726706 2 0.619691 0.731766 2 0.620285 0.731803 2
0 0.533854 0.494048 0.006696 0.022487 0.534299 0.487081 2 0.534541 0.486685 2 0.534069 0.486634 2 0.534840 0.486900 2 0.533675 0.486788 2 0.535248 0.489049 2 0.533054 0.489112 2 0.536151 0.490488 2 0.532066 0.490955 2 0.535125 0.491885 2 0.532527 0.492190 2 0.534795 0.495255 2 0.533360 0.495239 2 0.534787 0.499696 2 0.532962 0.499593 2 0.534705 0.503675 2 0.532884 0.503527 2
0 0.539249 0.506944 0.007068 0.025794 0.539768 0.501473 1 0.539960 0.501046 1 0.539630 0.501048 1 0.540319 0.501141 1 0.539521 0.501058 1 0.540842 0.503236 2 0.539122 0.502606 2 0.541190 0.505770 2 0.538068 0.502839 2 0.541032 0.508098 2 0.538493 0.501882 2 0.540481 0.508395 2 0.539295 0.508180 2 0.540539 0.512863 2 0.538903 0.512585 2 0.540315 0.516773 2 0.538504 0.516574 2
