0 0.244420 0.512566 0.004464 0.021164 0.243724 0.505816 1 0.243740 0.505377 1 0.243833 0.505372 1 0.243567 0.505611 2 0.244693 0.505516 2 0.243139 0.508292 2 0.245421 0.508100 2 0.242556 0.511202 2 0.246029 0.510918 2 0.242563 0.513438 2 0.245900 0.513483 2 0.243678 0.514256 2 0.245285 0.514144 2 0.243467 0.518475 2 0.245371 0.518423 2 0.243495 0.523152 2 0.245490 0.523074 2
0 0.239583 0.867394 0.010417 0.025794 0.238301 0.860488 1 0.238367 0.859809 1 0.238545 0.859898 1 0.238143 0.860247 2 0.240165 0.860251 2 0.237029 0.864148 2 0.241368 0.864250 2 0.235969 0.868154 2 0.243147 0.868033 2 0.237275 0.867344 1 0.241986 0.867597 1 0.237576 0.874876 2 0.240605 0.874957 2 0.236823 0.879626 2 0.240489 0.880305 2 0.236143 0.883933 1 0.240230 0.884135 1
0 0.576451 0.937831 0.010789 0.027778 0.577883 0.927625 1 0.577925 0.926863 1 0.578129 0.927124 1 0.577237 0.927347 2 0.579462 0.927700 2 0.575226 0.931966 2 0.580748 0.932124 2 0.574132 0.936960 2 0.581718 0.934751 2 0.574962 0.938032 1 0.579907 0.931895 1 0.575799 0.945440 2 0.579794 0.945718 2 0.574303 0.939354 2 0.579976 0.940403 2 0.575320 0.949188 2 0.579813 0.949017 2
0 0.529390 0.483466 0.005208 0.015873 0.530272 0.480763 1 0.530282 0.480339 1 0.530379 0.480378 1 0.529911 0.480530 2 0.530998 0.480581 2 0.529106 0.483049 2 0.531573 0.483140 2 0.528183 0.485992 2 0.532024 0.486417 2 0.528723 0.486954 2 0.531803 0.488782 1 0.529614 0.489870 2 0.531255 0.489934 2 0.529704 0.493703 1 0.531265 0.493770 1 0.529892 0.493903 1 0.531098 0.493903 1
0 0.809710 0.524802 0.006324 0.024471 0.810057 0.514118 1 0.810084 0.513597 1 0.810255 0.513678 1 0.810099 0.513797 2 0.811280 0.513812 2 0.810059 0.516565 2 0.811879 0.516625 2 0.809217 0.520317 2 0.811749 0.520271 1 0.807699 0.522906 2 0.810442 0.521564 1 0.809968 0.523906 2 0.811208 0.523671 2 0.807575 0.524168 2 0.809203 0.523919 2 0.807745 0.528866 2 0.809132 0.528610 2
0 0.833705 0.539352 0.006696 0.024471 0.834569 0.528738 1 0.834555 0.528240 1 0.834739 0.528311 1 0.834173 0.528418 2 0.835541 0.528543 2 0.833590 0.530848 2 0.835937 0.531374 2 0.832375 0.533598 2 0.836536 0.534996 2 0.831949 0.534478 2 0.836533 0.538112 2 0.833701 0.538053 2 0.835216 0.538269 2 0.832868 0.541767 2 0.834243 0.542072 2 0.832829 0.545448 1 0.834028 0.545686 1
0 0.718750 0.365410 0.004464 0.017857 0.719856 0.360712 2 0.719999 0.360418 1 0.719706 0.360416 1 0.720195 0.360558 1 0.719514 0.360542 2 0.720467 0.362142 2 0.719181 0.362163 2 0.721010 0.363668 2 0.718586 0.363578 2 0.720837 0.365225 2 0.719014 0.364584 2 0.720147 0.365914 2 0.719391 0.365949 2 0.719771 0.368840 2 0.719494 0.368982 2 0.719618 0.371680 2 0.719557 0.371833 2
0 0.621838 0.333995 0.004092 0.015873 0.622645 0.327445 1 0.622666 0.327175 1 0.622704 0.327172 1 0.622822 0.327181 2 0.623223 0.327133 1 0.622984 0.328445 2 0.623595 0.328342 2 0.622889 0.330375 2 0.623868 0.330249 2 0.622668 0.332115 2 0.623629 0.331795 1 0.622958 0.332088 2 0.623353 0.331969 2 0.623003 0.334864 2 0.623181 0.334729 2 0.623107 0.337545 2 0.623233 0.337536 2
0 0.981771 0.685185 0.008185 0.031746 0.982294 0.671530 1 0.982369 0.671010 1 0.982513 0.671112 1 0.982477 0.671579 2 0.983805 0.671682 1 0.982442 0.674609 2 0.983949 0.674817 2 0.981840 0.677894 2 0.983852 0.677716 1 0.980706 0.679049 2 0.982331 0.678247 1 0.981671 0.682346 2 0.982935 0.682382 2 0.980213 0.687114 2 0.982938 0.688081 2 0.979150 0.692606 2 0.983743 0.693395 2
0 0.992746 0.683201 0.007068 0.034392 0.993077 0.669884 1 0.993092 0.669187 1 0.993332 0.669312 1 0.992729 0.669499 2 0.994540 0.669671 2 0.992198 0.673168 2 0.995334 0.673628 2 0.991306 0.677862 2 0.995923 0.678332 2 0.990330 0.681900 2 0.995500 0.681734 2 0.991807 0.682548 2 0.993825 0.682621 2 0.990949 0.688409 2 0.992406 0.688996 2 0.991315 0.693502 2 0.992078 0.694764 2
0 0.756696 0.402116 0.005952 0.018519 0.758566 0.396610 1 0.758479 0.396252 1 0.758533 0.396262 1 0.757778 0.396422 1 0.758463 0.396454 2 0.757460 0.398317 2 0.758463 0.398454 2 0.757634 0.400729 1 0.758683 0.400787 2 0.758453 0.402042 1 0.759087 0.401773 2 0.757440 0.403012 2 0.758232 0.403131 2 0.757118 0.405787 2 0.758486 0.406046 2 0.756366 0.408001 2 0.758326 0.408740 2
0 0.742560 0.396825 0.005952 0.021164 0.743825 0.391708 1 0.743809 0.391368 1 0.743733 0.391346 1 0.743512 0.391496 1 0.743462 0.391482 2 0.743476 0.393388 2 0.743084 0.393394 2 0.743701 0.395635 2 0.743011 0.395643 2 0.743865 0.397261 1 0.743330 0.397240 2 0.743374 0.397728 2 0.743133 0.397768 2 0.743260 0.400724 2 0.743006 0.400858 2 0.742881 0.403872 2 0.742711 0.403948 2
0 0.500558 0.305225 0.003348 0.016534 0.500823 0.301776 1 0.500802 0.301514 1 0.500845 0.301504 1 0.500579 0.301614 1 0.501086 0.301609 1 0.500444 0.302997 2 0.501276 0.303007 2 0.500182 0.304072 2 0.501606 0.304180 2 0.500462 0.304164 1 0.501400 0.304407 2 0.500631 0.306035 2 0.501174 0.306026 2 0.500721 0.308387 2 0.501108 0.308315 2 0.500631 0.310643 2 0.501123 0.310603 2
0 0.602493 0.738426 0.010789 0.031085 0.602056 0.729042 2 0.602283 0.728442 2 0.601779 0.728569 1 0.602751 0.727516 2 0.601474 0.727741 1 0.603868 0.728724 2 0.600747 0.727978 2 0.604890 0.732435 2 0.599968 0.731655 2 0.603391 0.734341 2 0.600899 0.733566 2 0.603600 0.736634 2 0.601263 0.736017 2 0.604440 0.743573 2 0.599475 0.740868 2 0.604823 0.751841 2 0.599746 0.746873 2
0 0.613281 0.718585 0.008557 0.029762 0.615717 0.707170 2 0.615631 0.706612 1 0.615728 0.706630 2 0.614936 0.706540 1 0.615465 0.706633 2 0.615055 0.709574 2 0.614069 0.709458 2 0.615359 0.713279 2 0.612492 0.712431 2 0.616015 0.717243 2 0.612390 0.714478 2 0.614761 0.717271 2 0.614067 0.717274 2 0.614705 0.722121 2 0.613443 0.722296 2 0.614207 0.726122 2 0.612940 0.726105 2
