0 0.092634 0.495370 0.034970 0.125661 0.091620 0.453240 2 0.093117 0.450193 2 0.089900 0.450637 2 0.095525 0.450892 2 0.087855 0.452136 2 0.099394 0.464334 2 0.086459 0.465470 2 0.108485 0.473354 2 0.080555 0.471409 2 0.103919 0.485327 2 0.084137 0.476624 2 0.099302 0.498421 2 0.091806 0.499243 2 0.100005 0.519011 2 0.092586 0.521706 2 0.101888 0.541996 2 0.098842 0.543539 2
0 0.052083 0.572090 0.035714 0.120370 0.046568 0.531325 2 0.048683 0.528959 2 0.046323 0.529128 2 0.054026 0.531138 2 0.047289 0.530928 1 0.057208 0.544963 2 0.046303 0.542851 2 0.058753 0.560284 2 0.045666 0.562260 2 0.049914 0.560722 2 0.046027 0.577691 2 0.060633 0.575738 2 0.052980 0.574223 2 0.062340 0.598732 2 0.053939 0.591012 2 0.066142 0.616441 2 0.057617 0.603026 2
0 0.015997 0.487434 0.031994 0.170635 0.009039 0.434382 2 0.010687 0.430566 2 0.006669 0.431091 2 0.013204 0.431206 2 0.002642 0.432427 2 0.020081 0.449324 2 0.000172 0.452483 2 0.029190 0.468447 2 0.000000 0.477191 1 0.037356 0.483467 2 0.000368 0.497260 1 0.020715 0.498798 2 0.006909 0.501015 2 0.025787 0.531861 2 0.006619 0.533384 2 0.033235 0.565132 2 0.010196 0.568656 2
0 0.747396 0.187831 0.014137 0.074074 0.747980 0.205712 2 0.748648 0.204014 2 0.746996 0.203922 2 0.748865 0.203946 1 0.744743 0.203657 2 0.748112 0.210193 2 0.743063 0.211134 2 0.750562 0.220901 2 0.746996 0.223776 2 0.753750 0.228103 2 0.751915 0.230548 2 0.748368 0.228917 2 0.744796 0.230489 2 0.755441 0.235026 2 0.752193 0.237460 2 0.753057 0.236536 1 0.752297 0.238797 1
0 0.893601 0.243386 0.025298 0.092593 0.899436 0.212032 1 0.898424 0.210185 1 0.899161 0.210476 1 0.893482 0.209756 2 0.897995 0.211018 2 0.888592 0.218223 2 0.898656 0.219576 2 0.884806 0.227945 2 0.901919 0.231037 2 0.886986 0.234799 1 0.902747 0.240034 2 0.888083 0.244602 2 0.894594 0.245164 2 0.889760 0.262288 2 0.894345 0.262631 2 0.885991 0.279409 2 0.888997 0.277845 2
0 0.873884 0.742725 0.084077 0.257937 0.872332 0.644657 1 0.873713 0.640399 1 0.875753 0.641557 1 0.874808 0.645216 2 0.886617 0.646904 2 0.866879 0.673497 2 0.891514 0.677022 2 0.851615 0.694323 2 0.898716 0.712384 2 0.839526 0.702847 2 0.905146 0.740391 2 0.870195 0.743715 2 0.883299 0.742906 2 0.860456 0.784856 2 0.864073 0.779204 2 0.877744 0.825530 2 0.867512 0.812784 2
0 0.963542 0.241402 0.022321 0.088624 0.964855 0.206108 2 0.966085 0.204538 2 0.965337 0.204708 1 0.969179 0.206836 2 0.966827 0.206829 1 0.972070 0.217491 2 0.965502 0.216430 2 0.974375 0.230934 2 0.965339 0.226902 2 0.972564 0.243191 2 0.963081 0.237487 2 0.968827 0.241387 2 0.963577 0.240207 2 0.970576 0.260533 2 0.960167 0.257841 2 0.972677 0.278176 2 0.960738 0.275731 2
0 0.315848 0.136243 0.017113 0.055556 0.310829 0.114933 2 0.311365 0.113844 2 0.310430 0.113922 2 0.312460 0.114174 2 0.310202 0.114341 1 0.314293 0.119337 2 0.309131 0.119973 2 0.315456 0.124703 2 0.308715 0.127636 2 0.312360 0.127535 2 0.309625 0.131878 2 0.314682 0.133685 2 0.311153 0.133967 2 0.315129 0.145991 2 0.311476 0.145471 2 0.315050 0.155717 2 0.312307 0.153997 2
0 0.291667 0.122354 0.013393 0.056878 0.294083 0.101338 2 0.294522 0.100180 1 0.293442 0.100166 2 0.294985 0.100680 1 0.292329 0.100616 2 0.296165 0.107037 2 0.291058 0.107205 2 0.297462 0.115125 2 0.290970 0.115591 2 0.297887 0.122621 2 0.293255 0.121134 2 0.296460 0.123109 2 0.292845 0.123429 2 0.297476 0.136202 2 0.292734 0.136576 2 0.298201 0.149022 2 0.292930 0.149315 2
0 0.161458 0.091931 0.016369 0.048942 0.153267 0.061880 1 0.153706 0.059814 1 0.152429 0.060088 1 0.154696 0.060328 1 0.153146 0.060549 1 0.157985 0.071250 2 0.158129 0.071471 2 0.163577 0.092159 2 0.164240 0.093513 1 0.164287 0.108447 1 0.164903 0.109577 1 0.156657 0.114389 2 0.156728 0.113493 2 0.157558 0.125165 1 0.156933 0.123572 1 0.158204 0.125165 1 0.156473 0.125165 1
0 0.983631 0.305556 0.031250 0.124339 0.996396 0.276803 2 0.997028 0.274423 2 0.995117 0.274733 2 0.997302 0.274505 1 0.992005 0.275207 2 0.993037 0.287129 2 0.986273 0.285717 2 0.990089 0.301862 2 0.986952 0.301577 2 0.992486 0.314843 2 0.992414 0.313952 2 0.987272 0.314331 2 0.981187 0.313743 2 0.991360 0.336591 2 0.978264 0.334481 2 0.988612 0.353103 2 0.970887 0.339861 2
0 0.510417 0.336640 0.023810 0.120370 0.503616 0.284089 2 0.504955 0.282089 2 0.503467 0.281915 2 0.507974 0.284175 2 0.504506 0.283697 1 0.509706 0.298050 2 0.505901 0.297633 2 0.511895 0.316458 2 0.505874 0.314606 1 0.504143 0.325526 2 0.502933 0.324387 2 0.508605 0.331155 2 0.506112 0.330380 2 0.507376 0.356018 2 0.505534 0.355592 2 0.511244 0.378256 2 0.507629 0.378617 2
0 0.815476 0.228836 0.016369 0.052910 0.819820 0.220463 2 0.820424 0.219151 2 0.819559 0.218668 2 0.820246 0.216586 1 0.817587 0.215522 2 0.819106 0.218374 2 0.812846 0.217144 2 0.820150 0.234565 2 0.812079 0.232350 2 0.818874 0.242502 2 0.815953 0.241362 2 0.813829 0.224067 2 0.809334 0.224057 2 0.819748 0.226776 2 0.811436 0.228317 2 0.818156 0.240871 2 0.809936 0.242480 2
0 0.613839 0.156085 0.014881 0.060847 0.613491 0.133550 1 0.613640 0.132372 1 0.613936 0.132417 1 0.614302 0.132513 2 0.616632 0.132381 1 0.614073 0.137994 2 0.618364 0.138197 2 0.612223 0.146198 2 0.618422 0.147138 1 0.610628 0.152056 2 0.616183 0.152193 1 0.614936 0.154388 2 0.617698 0.154363 2 0.614081 0.168001 2 0.615633 0.168316 2 0.615809 0.181234 2 0.616126 0.181405 2
0 0.546503 0.417989 0.029018 0.156085 0.545630 0.361066 1 0.546216 0.358166 1 0.546500 0.358636 1 0.546010 0.361123 2 0.552861 0.361422 2 0.543549 0.379201 2 0.555483 0.380723 2 0.541730 0.402916 2 0.557702 0.403206 2 0.539139 0.417771 2 0.552251 0.408799 2 0.543402 0.421883 2 0.552498 0.422808 2 0.539830 0.449653 2 0.553725 0.454054 2 0.536721 0.481842 2 0.554548 0.484774 2
0 0.459821 0.387566 0.031250 0.129630 0.464687 0.345343 1 0.464125 0.342598 1 0.464980 0.343183 1 0.459385 0.343795 2 0.466728 0.345661 2 0.453870 0.358624 2 0.467285 0.362364 2 0.449731 0.374236 2 0.469851 0.383074 2 0.451249 0.387355 2 0.472528 0.396588 2 0.453463 0.396306 2 0.462704 0.397783 2 0.451889 0.421420 2 0.461906 0.423792 2 0.450119 0.447259 2 0.459949 0.447431 2
0 0.398065 0.339947 0.031250 0.113757 0.395073 0.294888 1 0.394958 0.292930 1 0.395177 0.292714 1 0.392300 0.295634 2 0.397832 0.294311 2 0.390651 0.309265 2 0.400798 0.306018 2 0.393168 0.317793 2 0.405211 0.308399 2 0.399273 0.308912 1 0.404854 0.300654 2 0.395308 0.340938 2 0.403030 0.340322 2 0.394922 0.366772 2 0.407674 0.366467 2 0.392929 0.392167 2 0.409258 0.392372 2
0 0.262649 0.397487 0.031250 0.136243 0.267241 0.340590 1 0.265960 0.338729 1 0.266792 0.338403 1 0.259983 0.342118 1 0.265607 0.341803 2 0.258196 0.357888 2 0.268170 0.357243 2 0.258066 0.377887 2 0.270310 0.376293 2 0.260442 0.388618 2 0.274863 0.390921 2 0.262235 0.392653 2 0.269602 0.392717 2 0.263626 0.419244 2 0.272852 0.418777 2 0.264444 0.444196 2 0.274611 0.448984 2
0 0.347098 0.347884 0.020089 0.119048 0.351812 0.305131 2 0.350470 0.303637 1 0.351434 0.303748 2 0.346148 0.305809 1 0.349884 0.306782 2 0.343215 0.319379 2 0.349924 0.320363 2 0.343437 0.335911 2 0.352728 0.336145 2 0.350659 0.343267 2 0.357267 0.343709 2 0.345441 0.347020 2 0.348760 0.348144 2 0.352062 0.371237 2 0.348829 0.374532 2 0.355988 0.394841 2 0.342028 0.397569 2
0 0.438616 0.294974 0.024554 0.089947 0.442918 0.265288 2 0.444256 0.263283 2 0.442656 0.263332 2 0.447211 0.265198 2 0.443871 0.265014 1 0.449115 0.277871 2 0.445182 0.277399 2 0.451265 0.297205 2 0.444351 0.293487 2 0.446272 0.311210 2 0.440881 0.300975 2 0.447430 0.308224 2 0.445510 0.307466 2 0.444979 0.330573 2 0.446792 0.329330 2 0.446132 0.352598 2 0.449574 0.352362 2
0 0.432292 0.432540 0.026786 0.145503 0.426502 0.377196 1 0.426702 0.374711 1 0.427160 0.374871 1 0.425646 0.377193 2 0.432216 0.376749 2 0.424809 0.393905 2 0.436793 0.393544 2 0.424619 0.417609 2 0.439210 0.413412 2 0.421479 0.434220 2 0.437127 0.427345 2 0.428142 0.434032 2 0.436740 0.434001 2 0.423569 0.459601 2 0.434479 0.463000 2 0.424431 0.487444 2 0.434571 0.494094 2
0 0.404762 0.342593 0.029762 0.126984 0.395941 0.294638 1 0.395511 0.292497 1 0.395872 0.292530 1 0.391923 0.294947 1 0.397652 0.294412 2 0.390282 0.308449 2 0.400577 0.306280 2 0.393361 0.312548 2 0.405808 0.305814 2 0.400160 0.301835 1 0.405313 0.297789 2 0.395256 0.340624 2 0.402917 0.340368 2 0.395094 0.366607 2 0.406632 0.366056 2 0.393170 0.392558 2 0.408390 0.391708 2
0 0.234003 0.298942 0.023065 0.111111 0.233129 0.265789 2 0.234118 0.263169 2 0.231911 0.263669 2 0.235869 0.261295 2 0.230539 0.262526 2 0.239295 0.269493 2 0.229520 0.269233 2 0.243237 0.283476 2 0.226941 0.280671 2 0.237810 0.283009 2 0.228521 0.282213 2 0.239366 0.299465 2 0.233052 0.298965 2 0.240076 0.321267 2 0.231131 0.319807 2 0.241312 0.342507 2 0.236344 0.338520 2
0 0.517485 0.181878 0.020089 0.078042 0.519587 0.151540 1 0.519785 0.150072 1 0.519841 0.150300 1 0.519083 0.151116 2 0.522568 0.151386 2 0.517292 0.159419 2 0.524283 0.160379 2 0.514735 0.168879 2 0.525647 0.171659 2 0.514604 0.178890 2 0.525220 0.180445 2 0.517273 0.180398 2 0.522477 0.180689 2 0.515707 0.196670 2 0.523569 0.197062 2 0.514025 0.212883 2 0.524415 0.212939 2
0 0.888021 0.217593 0.023065 0.096561 0.899226 0.212729 1 0.898224 0.210860 1 0.898983 0.210963 1 0.892999 0.210877 1 0.897424 0.211629 2 0.888246 0.219740 2 0.897874 0.220878 2 0.885052 0.230482 2 0.899401 0.233767 2 0.886820 0.236417 1 0.898283 0.242156 1 0.887769 0.245265 2 0.894453 0.245749 2 0.888476 0.263961 2 0.895285 0.264181 2 0.885079 0.278741 2 0.891697 0.278826 2
0 0.456101 0.235450 0.020833 0.097884 0.443422 0.264865 2 0.445054 0.263014 2 0.443137 0.262412 2 0.448316 0.265255 2 0.443315 0.263657 1 0.450418 0.278583 2 0.442830 0.276346 2 0.451769 0.297450 2 0.442822 0.293215 1 0.448051 0.302290 2 0.442644 0.295923 1 0.447625 0.301608 1 0.442335 0.300171 1 0.449377 0.297128 1 0.443065 0.294751 1 0.448341 0.301427 1 0.442627 0.302221 1
0 0.732143 0.232804 0.022321 0.079365 0.732887 0.205732 2 0.733143 0.204122 2 0.732230 0.203943 2 0.732372 0.204145 1 0.729943 0.203546 2 0.730899 0.212668 2 0.726817 0.211545 2 0.731334 0.224777 1 0.725110 0.224061 2 0.734385 0.231378 1 0.730434 0.232229 2 0.729292 0.232547 2 0.726544 0.233166 2 0.737700 0.237887 2 0.735912 0.237764 2 0.734832 0.257032 2 0.733398 0.256564 2
0 0.750372 0.235450 0.024554 0.082011 0.748085 0.206139 2 0.748550 0.204522 2 0.747232 0.204489 2 0.748449 0.204327 1 0.744747 0.204135 2 0.747442 0.210709 2 0.743403 0.211989 2 0.750988 0.220843 2 0.747538 0.224774 2 0.753776 0.228211 2 0.752133 0.231750 2 0.747965 0.230345 2 0.745205 0.231941 2 0.754521 0.237487 2 0.753116 0.239507 2 0.753062 0.255868 2 0.752266 0.257613 2
0 0.836310 0.661376 0.044643 0.198413 0.843137 0.594521 2 0.845221 0.591244 2 0.841211 0.590636 2 0.847627 0.593266 2 0.837482 0.591526 2 0.846995 0.616576 2 0.832072 0.610058 2 0.838170 0.640089 2 0.825782 0.630102 2 0.825215 0.643925 2 0.821433 0.645070 2 0.840446 0.665183 2 0.829896 0.661388 2 0.839406 0.702889 2 0.830596 0.694901 2 0.837008 0.736576 2 0.828987 0.723667 2
0 0.514509 0.284392 0.023065 0.066138 0.516097 0.265628 2 0.516904 0.264279 1 0.515354 0.264106 2 0.517657 0.261215 1 0.513654 0.260881 2 0.518382 0.259514 2 0.509624 0.260228 2 0.522586 0.270575 2 0.506422 0.272275 2 0.518670 0.274615 2 0.512712 0.275402 2 0.516757 0.276344 2 0.510775 0.277494 2 0.522273 0.277023 2 0.507352 0.280331 2 0.519997 0.298625 2 0.508815 0.300301 2
0 0.505208 0.255952 0.025298 0.067460 0.515579 0.265721 2 0.516693 0.264342 2 0.514949 0.263660 2 0.517709 0.261784 1 0.513280 0.260409 2 0.517985 0.261100 2 0.508951 0.260770 2 0.519932 0.271292 2 0.505818 0.272833 2 0.513989 0.271652 2 0.512193 0.274427 2 0.515024 0.279236 2 0.508972 0.279519 2 0.521745 0.275702 2 0.509442 0.276745 2 0.518593 0.296656 2 0.512228 0.298169 2
0 0.466146 0.142857 0.015625 0.066138 0.464595 0.119899 2 0.464647 0.118811 1 0.463981 0.118978 2 0.464464 0.119662 1 0.462551 0.119979 2 0.465070 0.126364 2 0.461576 0.126949 2 0.466490 0.132324 2 0.463401 0.133835 2 0.466663 0.127234 2 0.465894 0.128199 2 0.465720 0.142784 2 0.462817 0.143298 2 0.467216 0.156158 2 0.463071 0.156654 2 0.467563 0.169731 2 0.460690 0.169309 2
0 0.176339 0.283069 0.014881 0.052910 0.178985 0.269013 2 0.179717 0.267642 2 0.178862 0.267620 2 0.181782 0.268242 2 0.179634 0.268023 1 0.182923 0.276088 2 0.179746 0.275273 2 0.184025 0.284958 2 0.177766 0.281858 2 0.183724 0.292449 2 0.176071 0.286998 2 0.182637 0.291508 2 0.180700 0.291070 2 0.182674 0.300738 2 0.180794 0.300062 2 0.182705 0.309507 2 0.180770 0.308769 2
0 0.108259 0.284392 0.029018 0.052910 0.113230 0.270963 2 0.113404 0.269472 2 0.112077 0.269895 2 0.113703 0.269586 1 0.109562 0.271102 2 0.115172 0.276252 2 0.106550 0.279328 2 0.120423 0.281801 2 0.102327 0.290249 2 0.120096 0.283184 2 0.101863 0.300558 2 0.114218 0.293015 2 0.107955 0.294595 2 0.118467 0.285064 2 0.103549 0.288729 2 0.122028 0.301003 2 0.102752 0.301505 2
0 0.581101 0.125661 0.013393 0.071429 0.582718 0.103439 2 0.583094 0.102209 2 0.582112 0.102248 2 0.583244 0.102541 1 0.580981 0.102636 2 0.584184 0.108897 2 0.579394 0.108931 2 0.585068 0.117248 2 0.577966 0.115939 2 0.584245 0.124411 2 0.579710 0.116901 2 0.582817 0.124833 2 0.579673 0.124891 2 0.582764 0.137260 2 0.579630 0.137950 2 0.581726 0.149246 2 0.579486 0.150203 2
0 0.385789 0.098545 0.014137 0.051587 0.383670 0.082452 1 0.383585 0.081762 1 0.383836 0.081685 1 0.382736 0.082188 2 0.385081 0.081881 2 0.381998 0.087067 2 0.386852 0.086287 2 0.381554 0.093296 2 0.388644 0.091732 2 0.381900 0.097450 1 0.388774 0.095932 2 0.383114 0.098717 2 0.386716 0.098215 2 0.382398 0.101214 2 0.388065 0.100583 2 0.382291 0.108931 1 0.388130 0.109353 1
0 0.357887 0.083333 0.010417 0.050265 0.361849 0.067979 2 0.362123 0.066959 1 0.361293 0.067175 2 0.362458 0.067232 1 0.360427 0.067739 2 0.363218 0.072361 2 0.359831 0.073005 2 0.363784 0.078101 2 0.358670 0.078956 2 0.363477 0.083069 2 0.359647 0.084152 2 0.362765 0.083492 2 0.360639 0.083823 2 0.362422 0.091360 2 0.360903 0.091807 2 0.361892 0.099504 2 0.360668 0.100042 2
0 0.209821 0.116402 0.011905 0.044974 0.209874 0.103631 1 0.210063 0.102770 1 0.209868 0.102776 1 0.210692 0.102779 2 0.210464 0.102751 1 0.212324 0.106927 2 0.210260 0.107153 2 0.213406 0.111829 2 0.210348 0.112576 2 0.211322 0.112791 2 0.211387 0.113384 2 0.212713 0.117948 2 0.211169 0.118047 2 0.213639 0.126619 2 0.211548 0.126555 2 0.214538 0.135138 2 0.212150 0.135482 2
0 0.635789 0.201720 0.015625 0.085979 0.635706 0.175257 1 0.635566 0.173832 1 0.635715 0.173923 1 0.633741 0.174715 1 0.636759 0.174851 2 0.632990 0.182028 2 0.637040 0.183315 2 0.632248 0.189478 2 0.639801 0.194222 2 0.635253 0.194931 2 0.640966 0.199458 2 0.633269 0.204068 2 0.636222 0.204454 2 0.632294 0.219623 2 0.636622 0.219626 2 0.628856 0.233094 2 0.636917 0.233998 2
0 0.928571 0.292989 0.032738 0.130952 0.921759 0.286425 1 0.920717 0.284049 1 0.921440 0.284172 1 0.914902 0.284398 1 0.919556 0.285343 2 0.910730 0.294799 2 0.918901 0.297508 2 0.910490 0.309973 1 0.920839 0.313472 2 0.914350 0.312634 1 0.921961 0.313154 2 0.909456 0.326397 2 0.915524 0.328021 2 0.910750 0.349756 2 0.918653 0.353458 2 0.906250 0.371545 2 0.914893 0.377881 2
0 0.914062 0.332011 0.036458 0.129630 0.921587 0.286757 1 0.920613 0.284298 1 0.921193 0.284369 1 0.914689 0.285117 1 0.919364 0.285746 2 0.911057 0.295502 2 0.918888 0.298316 2 0.911189 0.309214 1 0.920623 0.313895 2 0.917229 0.311273 1 0.922447 0.313624 2 0.909312 0.324965 2 0.915478 0.326558 2 0.909130 0.348903 2 0.918748 0.352567 2 0.901038 0.370229 2 0.914950 0.378396 2
0 0.803943 0.185847 0.021577 0.067460 0.807720 0.168685 1 0.807258 0.166986 1 0.807654 0.167389 1 0.804182 0.165383 1 0.806826 0.167042 2 0.800622 0.169399 2 0.804412 0.173620 2 0.796263 0.175376 2 0.803325 0.184855 2 0.799355 0.181852 2 0.807515 0.189974 2 0.795739 0.186947 2 0.798102 0.188966 2 0.798701 0.198997 2 0.800411 0.202516 2 0.794063 0.210634 2 0.796454 0.215285 2
0 0.523438 0.072751 0.009673 0.037037 0.523478 0.063668 1 0.523356 0.062983 1 0.523432 0.063053 1 0.522376 0.063299 1 0.523465 0.063524 2 0.522011 0.066826 2 0.523127 0.067003 2 0.521403 0.071074 2 0.523361 0.071310 2 0.521821 0.074242 1 0.523726 0.075041 2 0.521801 0.075054 2 0.522739 0.075153 2 0.521527 0.081067 2 0.523481 0.080982 2 0.520329 0.086321 2 0.523959 0.086188 2
0 0.909970 0.245370 0.029762 0.112434 0.916838 0.208903 2 0.917986 0.207648 2 0.916138 0.206844 2 0.918752 0.209520 2 0.914253 0.207407 2 0.918468 0.218597 2 0.909253 0.214505 2 0.920619 0.226180 2 0.902488 0.218233 2 0.918693 0.227632 2 0.902765 0.227278 2 0.911688 0.241592 2 0.905972 0.239694 2 0.910206 0.261582 2 0.904964 0.260419 2 0.906236 0.280348 2 0.902954 0.278966 2
