0 0.488051 0.140850 0.009926 0.033333 0.487567 0.130811 1 0.487549 0.130154 1 0.487681 0.130218 1 0.486753 0.130576 2 0.488468 0.130674 2 0.485744 0.134681 2 0.489247 0.135194 2 0.484207 0.137956 2 0.490146 0.139800 2 0.483988 0.137785 2 0.490498 0.143864 1 0.486322 0.144764 2 0.488860 0.145046 2 0.485130 0.144422 2 0.489282 0.144464 2 0.485805 0.151865 2 0.490060 0.151897 2
0 0.163235 0.478758 0.022059 0.052941 0.158582 0.461906 1 0.158572 0.460965 1 0.158921 0.460662 1 0.159389 0.460465 2 0.161278 0.459456 1 0.160768 0.466229 2 0.163855 0.463557 2 0.160887 0.475942 2 0.165011 0.469514 1 0.159709 0.479735 2 0.162352 0.474494 1 0.163941 0.480602 2 0.165541 0.479362 2 0.165329 0.490430 2 0.164293 0.488686 2 0.169626 0.498177 2 0.164328 0.497346 2
0 0.431801 0.417320 0.015074 0.041176 0.436457 0.390163 1 0.436808 0.389418 1 0.435985 0.389615 1 0.437543 0.389049 1 0.435358 0.389519 1 0.439037 0.391938 2 0.434112 0.392598 2 0.440388 0.398150 2 0.433832 0.399224 2 0.440305 0.403618 2 0.435897 0.402505 2 0.438990 0.404476 2 0.435435 0.404952 2 0.439919 0.412929 2 0.435618 0.413331 2 0.441158 0.421700 2 0.435613 0.421290 2
0 0.436397 0.408824 0.012500 0.051634 0.437172 0.389839 2 0.437488 0.388760 2 0.436572 0.389103 2 0.437953 0.388062 1 0.435389 0.388790 2 0.439091 0.392094 2 0.434123 0.393014 2 0.440295 0.397707 2 0.433541 0.399644 2 0.440387 0.403189 2 0.435718 0.402976 2 0.438949 0.404447 2 0.435416 0.404954 2 0.440148 0.413463 2 0.435624 0.413569 2 0.441237 0.422216 2 0.435395 0.421472 2
0 0.449816 0.412092 0.011397 0.046405 0.450002 0.394981 2 0.450463 0.393930 2 0.449405 0.394069 2 0.451151 0.394262 2 0.448597 0.394508 2 0.452442 0.400072 2 0.447426 0.399663 2 0.453557 0.407001 2 0.446369 0.405722 2 0.452673 0.412321 2 0.447153 0.411809 2 0.451439 0.413449 2 0.448229 0.413218 2 0.451017 0.422797 2 0.448462 0.422119 2 0.450472 0.430274 2 0.449381 0.428693 2
0 0.372610 0.389869 0.009191 0.037255 0.375309 0.382081 2 0.375537 0.381191 2 0.374801 0.381316 2 0.375609 0.380904 1 0.373502 0.381222 2 0.376177 0.384250 2 0.371846 0.385953 2 0.377388 0.389745 2 0.372279 0.394093 2 0.377446 0.393626 2 0.374769 0.397902 2 0.376157 0.395731 2 0.373280 0.397041 2 0.378881 0.399214 1 0.377198 0.400258 2 0.377650 0.407107 1 0.376408 0.407422 1
0 0.255147 0.229412 0.011765 0.028758 0.257547 0.220539 2 0.257964 0.219868 2 0.257133 0.219582 2 0.258253 0.220552 1 0.256159 0.219912 2 0.258256 0.225312 2 0.254406 0.225031 2 0.259598 0.229753 2 0.252485 0.229904 2 0.258999 0.232569 2 0.253941 0.233388 2 0.257325 0.235150 2 0.254969 0.235384 2 0.257757 0.236766 2 0.255554 0.237765 2 0.256913 0.243199 2 0.255081 0.244014 2
0 0.568566 0.334314 0.012868 0.047712 0.571254 0.320507 1 0.571018 0.319552 1 0.571230 0.319752 1 0.569138 0.319700 1 0.571255 0.320393 2 0.567209 0.323942 2 0.571229 0.325338 2 0.565745 0.329150 2 0.571151 0.331325 2 0.566746 0.333605 2 0.569504 0.333728 2 0.566693 0.335990 2 0.569515 0.336740 2 0.566532 0.344137 2 0.569347 0.345510 2 0.565819 0.353046 2 0.568667 0.354012 2
0 0.280515 0.145098 0.009559 0.043137 0.280750 0.133934 2 0.280946 0.133099 1 0.280465 0.133198 1 0.280866 0.132876 2 0.280583 0.132984 2 0.280175 0.136712 2 0.282003 0.136481 2 0.280086 0.141738 2 0.283258 0.141941 2 0.280913 0.145422 2 0.282728 0.145494 2 0.280835 0.146666 2 0.282226 0.146423 2 0.281102 0.154898 2 0.283286 0.153284 2 0.281527 0.162384 2 0.284003 0.159922 2
0 0.299449 0.142810 0.013603 0.041176 0.297350 0.127104 1 0.297225 0.126365 1 0.297371 0.126374 1 0.296145 0.126965 2 0.297923 0.126928 2 0.295312 0.131566 2 0.298850 0.131011 2 0.294944 0.136108 2 0.300469 0.134967 2 0.296126 0.136882 1 0.300811 0.135631 1 0.296138 0.141247 2 0.298507 0.141063 2 0.297394 0.149551 2 0.299589 0.148417 2 0.297822 0.157666 2 0.299817 0.156123 2
0 0.740625 0.465686 0.012132 0.047712 0.743388 0.451525 2 0.744018 0.450714 2 0.742886 0.450433 2 0.744603 0.451096 2 0.741783 0.450377 2 0.744769 0.455560 2 0.740333 0.455199 2 0.744687 0.458948 2 0.738790 0.460157 2 0.743990 0.455314 2 0.739993 0.462277 2 0.742921 0.468219 2 0.739944 0.467928 2 0.741488 0.475258 2 0.738790 0.475278 2 0.740266 0.481277 2 0.737695 0.482841 2
0 0.646507 0.117974 0.012132 0.021569 0.648076 0.112515 1 0.648055 0.111947 1 0.648275 0.112047 1 0.648383 0.112069 2 0.649957 0.112097 2 0.648247 0.114669 2 0.650940 0.115093 2 0.647118 0.117932 2 0.651820 0.119658 2 0.646244 0.118128 2 0.651493 0.123244 1 0.648206 0.122661 2 0.650178 0.122686 2 0.645375 0.120115 2 0.648645 0.121060 2 0.643820 0.126309 2 0.647953 0.127073 2
0 0.449449 0.041503 0.008456 0.034641 0.450141 0.029974 1 0.450124 0.029384 1 0.450189 0.029374 1 0.449590 0.029736 2 0.450932 0.029662 2 0.449134 0.033410 2 0.452086 0.033361 2 0.448624 0.038268 2 0.452751 0.037720 2 0.448325 0.041990 2 0.451835 0.040556 2 0.449370 0.041886 2 0.451415 0.041838 2 0.449343 0.047476 2 0.451296 0.047677 2 0.449879 0.053141 2 0.451452 0.054231 2
0 0.531801 0.300327 0.009191 0.045098 0.532815 0.284629 2 0.533338 0.283891 2 0.532443 0.283731 2 0.533898 0.283903 2 0.531748 0.283549 2 0.534532 0.287531 2 0.530533 0.287689 2 0.535292 0.292686 1 0.529113 0.292779 2 0.535377 0.296160 1 0.528432 0.297610 2 0.533166 0.298521 2 0.530685 0.298575 2 0.532094 0.306879 2 0.530537 0.307650 2 0.531360 0.314171 2 0.530757 0.316484 2
0 0.539706 0.302288 0.009559 0.042484 0.539838 0.288657 2 0.540277 0.287727 2 0.539331 0.287848 2 0.540777 0.287536 2 0.538492 0.287753 2 0.542201 0.291643 2 0.537346 0.292185 2 0.542846 0.297552 2 0.535468 0.298158 2 0.542575 0.303459 2 0.535029 0.304115 2 0.540896 0.305258 2 0.537890 0.305378 2 0.539745 0.314241 2 0.537839 0.314520 2 0.538340 0.320851 2 0.538035 0.322560 2
0 0.517279 0.183007 0.009559 0.044444 0.517830 0.169347 1 0.517800 0.168536 1 0.517976 0.168575 1 0.517109 0.168823 2 0.519186 0.168854 2 0.516211 0.173496 2 0.520298 0.173393 2 0.515813 0.179387 2 0.521204 0.179321 2 0.517679 0.182453 1 0.519612 0.182152 2 0.516745 0.185278 2 0.519456 0.185133 2 0.517205 0.194087 2 0.518639 0.193513 2 0.517537 0.202671 2 0.517732 0.201735 2
