0 0.858718 0.974790 0.037815 0.048553 0.864109 0.966104 1 0.864505 0.964773 1 0.865045 0.964910 1 0.865609 0.966190 2 0.867525 0.965901 1 0.866337 0.975582 2 0.866655 0.972296 2 0.862009 0.986596 2 0.861147 0.974194 2 0.856616 0.983606 2 0.862038 0.964139 2 0.861080 0.995140 2 0.860983 0.992280 2 0.849797 0.997621 2 0.850550 0.994990 1 0.849630 1.000000 1 0.850323 1.000000 1
0 0.192227 0.796919 0.023109 0.051354 0.192923 0.784285 2 0.193250 0.782636 1 0.192094 0.782703 2 0.192722 0.781670 1 0.189494 0.782026 2 0.191785 0.788005 2 0.186916 0.789134 2 0.193026 0.799932 1 0.187568 0.802179 2 0.195479 0.796182 1 0.194860 0.797383 2 0.192145 0.813806 2 0.188843 0.815328 2 0.194923 0.822075 1 0.193043 0.824317 1 0.195666 0.828968 1 0.193448 0.829482 1
0 0.262605 0.772176 0.025210 0.048553 0.255381 0.774373 1 0.255984 0.773346 1 0.254742 0.773273 1 0.258313 0.770411 1 0.255022 0.770324 1 0.263929 0.767566 2 0.254033 0.767233 2 0.269395 0.777501 2 0.252962 0.775735 2 0.260773 0.788880 2 0.254081 0.783835 2 0.265546 0.785208 2 0.258788 0.784357 2 0.265403 0.800629 1 0.255757 0.799458 1 0.267004 0.803061 1 0.258617 0.802202 1
0 0.289916 0.830999 0.024160 0.082166 0.288636 0.802179 1 0.287622 0.800447 1 0.288426 0.800346 1 0.282578 0.801834 1 0.287177 0.802069 2 0.280082 0.813050 2 0.287499 0.813401 2 0.279119 0.826042 2 0.290060 0.827981 2 0.282389 0.835566 2 0.291976 0.837484 2 0.283742 0.837265 2 0.289030 0.837914 2 0.287189 0.851415 2 0.293075 0.849629 2 0.288342 0.864322 2 0.295384 0.862151 2
0 0.367910 0.898226 0.024685 0.082166 0.382110 0.865413 1 0.381608 0.864008 1 0.382330 0.863829 1 0.378692 0.864739 2 0.382901 0.864552 2 0.376403 0.873249 2 0.383747 0.872786 2 0.375359 0.882673 2 0.384710 0.882016 1 0.377229 0.886016 1 0.383593 0.887203 1 0.378655 0.891821 2 0.383615 0.891830 2 0.380255 0.904909 2 0.383700 0.904714 2 0.381349 0.916455 2 0.383023 0.916124 2
0 0.393382 0.836134 0.021008 0.092437 0.394177 0.798768 1 0.394039 0.796663 1 0.394789 0.797158 1 0.391761 0.797943 2 0.397323 0.798955 2 0.388735 0.809252 2 0.399218 0.812056 2 0.386624 0.823782 2 0.400839 0.828271 2 0.387080 0.832994 2 0.399094 0.835071 1 0.389810 0.838293 2 0.396756 0.839747 2 0.390066 0.855741 2 0.394862 0.857526 2 0.391042 0.871267 2 0.392817 0.872654 1
0 0.381565 0.884687 0.017332 0.058824 0.381586 0.866075 1 0.381291 0.864634 1 0.381755 0.864662 1 0.379222 0.864776 2 0.382428 0.864795 2 0.377346 0.872139 2 0.383423 0.871564 2 0.375616 0.881448 2 0.386776 0.878482 2 0.377282 0.885311 1 0.386979 0.880302 2 0.379357 0.888003 2 0.383124 0.888040 2 0.381047 0.900224 2 0.382946 0.899933 2 0.381846 0.911600 2 0.383022 0.910873 2
0 0.429097 0.950514 0.022059 0.091503 0.426934 0.917280 1 0.427056 0.915416 1 0.427482 0.915531 1 0.426545 0.916648 2 0.431217 0.916452 2 0.424446 0.928134 2 0.434058 0.926930 2 0.422321 0.941342 2 0.435967 0.940426 2 0.422455 0.951156 2 0.434018 0.948745 2 0.425635 0.951643 2 0.432383 0.950519 2 0.424254 0.969881 2 0.431501 0.966526 2 0.423830 0.986867 2 0.430960 0.981132 2
0 0.528361 0.902894 0.027311 0.076564 0.534658 0.874368 1 0.534788 0.873223 1 0.534884 0.873244 1 0.535548 0.873545 2 0.536619 0.873411 1 0.537393 0.879322 2 0.536931 0.878333 2 0.536954 0.888716 2 0.536028 0.887129 1 0.533192 0.894409 2 0.533128 0.891895 1 0.535447 0.896033 2 0.535034 0.894712 2 0.533342 0.906964 2 0.531991 0.904769 2 0.531268 0.917647 2 0.530252 0.915509 2
0 0.631040 0.947712 0.028887 0.072829 0.638221 0.921011 1 0.637294 0.919096 1 0.638168 0.919499 1 0.632853 0.918703 1 0.637486 0.920383 2 0.628370 0.925916 2 0.637667 0.928829 2 0.625581 0.934660 2 0.642753 0.937979 2 0.628515 0.932463 1 0.644549 0.929815 2 0.628931 0.949951 2 0.634628 0.952562 2 0.642874 0.947446 2 0.648533 0.950179 2 0.642258 0.971354 1 0.646228 0.972434 2
0 0.407038 0.857610 0.017857 0.092437 0.408651 0.823850 2 0.408602 0.821986 1 0.407633 0.822029 2 0.407384 0.822537 1 0.404346 0.822890 2 0.407806 0.832383 2 0.401676 0.833041 2 0.409677 0.846724 2 0.402898 0.849234 2 0.409380 0.845685 1 0.407713 0.853132 2 0.406701 0.860669 2 0.402553 0.861101 2 0.405896 0.882327 2 0.402893 0.883144 2 0.405559 0.902267 2 0.403758 0.902600 2
0 0.342700 0.867880 0.023634 0.079365 0.335822 0.839752 1 0.335568 0.838917 1 0.336388 0.838528 1 0.333865 0.842796 2 0.339649 0.841479 2 0.333484 0.855211 2 0.342619 0.851214 2 0.332266 0.865244 2 0.346742 0.858497 2 0.333281 0.862666 1 0.344670 0.854828 2 0.337500 0.874745 2 0.343798 0.872522 2 0.339078 0.888438 2 0.346044 0.882705 2 0.339889 0.901470 2 0.348667 0.895400 2
0 0.335347 0.829599 0.017332 0.073763 0.339376 0.838019 1 0.338024 0.836729 1 0.339779 0.836316 1 0.332655 0.840236 2 0.340376 0.839515 2 0.332672 0.855395 2 0.342916 0.853427 2 0.332544 0.866410 2 0.346722 0.863126 2 0.333921 0.868339 1 0.345984 0.865430 1 0.337029 0.878419 2 0.343937 0.877232 2 0.338212 0.877151 1 0.343565 0.873668 1 0.339149 0.878753 1 0.343747 0.879852 1
0 0.387080 0.808590 0.022059 0.087768 0.394262 0.798618 1 0.394044 0.796829 1 0.394866 0.797032 1 0.391853 0.798328 2 0.397403 0.798962 2 0.388545 0.809527 2 0.399086 0.811667 2 0.386425 0.823512 2 0.400481 0.827407 2 0.386505 0.834323 2 0.398931 0.836168 2 0.389663 0.836047 2 0.396621 0.837013 2 0.390816 0.853215 2 0.395255 0.855265 2 0.392241 0.866454 2 0.393409 0.867731 2
0 0.768382 0.931839 0.027311 0.048553 0.764282 0.936017 2 0.766163 0.933668 2 0.762917 0.932975 2 0.768632 0.935673 2 0.760368 0.934129 2 0.770905 0.950388 2 0.755363 0.949867 2 0.775432 0.959816 2 0.754154 0.960033 1 0.768608 0.948492 2 0.762353 0.947176 1 0.767335 0.963642 1 0.757234 0.963724 1 0.765999 0.959658 1 0.757904 0.960641 1 0.764220 0.958347 1 0.761318 0.958978 1
0 0.751838 0.411298 0.023634 0.040149 0.751683 0.413805 2 0.754146 0.410952 2 0.749858 0.410414 2 0.757514 0.412752 2 0.747088 0.411215 2 0.760152 0.427639 2 0.742851 0.425536 2 0.761899 0.438076 1 0.739596 0.437946 1 0.757867 0.431788 1 0.743163 0.432051 1 0.755833 0.438842 1 0.744893 0.438842 1 0.755188 0.430526 1 0.745101 0.426517 1 0.749283 0.428829 1 0.748255 0.425783 1
0 0.483193 0.764706 0.018908 0.076564 0.479647 0.736234 1 0.479809 0.735136 1 0.480626 0.735119 1 0.480056 0.737674 2 0.484273 0.736747 2 0.480463 0.748373 2 0.484789 0.744431 2 0.479616 0.759195 2 0.486399 0.742787 2 0.478065 0.767839 2 0.485703 0.739821 2 0.481031 0.765952 2 0.483470 0.764640 2 0.481670 0.778887 2 0.482277 0.779182 2 0.482293 0.789420 2 0.481421 0.790410 2
0 0.492122 0.737628 0.015756 0.067227 0.489418 0.717494 1 0.489734 0.716040 2 0.489959 0.715873 1 0.491037 0.716451 2 0.493046 0.715730 1 0.491715 0.724715 2 0.494436 0.723248 2 0.493483 0.736393 2 0.494465 0.732971 1 0.488838 0.739777 2 0.489734 0.733314 1 0.491559 0.744522 2 0.493790 0.743439 2 0.489579 0.756735 2 0.492469 0.756550 2 0.489814 0.770323 2 0.492466 0.768900 1
0 0.505252 0.756769 0.023109 0.079365 0.501267 0.729759 1 0.501521 0.728016 1 0.502033 0.727970 1 0.502052 0.728008 2 0.505906 0.727397 2 0.500075 0.735807 2 0.508481 0.735239 2 0.497961 0.747173 2 0.510982 0.746734 2 0.496508 0.756044 2 0.510854 0.755652 2 0.501941 0.756020 2 0.507422 0.755946 2 0.502030 0.768615 2 0.505821 0.769369 2 0.502827 0.782219 2 0.504751 0.782018 2
0 0.487132 0.634921 0.016282 0.059757 0.488491 0.613993 1 0.487772 0.612821 1 0.488306 0.613029 1 0.484298 0.613988 1 0.487413 0.614834 2 0.482731 0.621046 2 0.487022 0.622473 2 0.483120 0.626307 1 0.488292 0.631524 2 0.486242 0.626599 1 0.489128 0.630856 2 0.483218 0.636639 2 0.486639 0.637083 2 0.484068 0.646518 2 0.489885 0.644319 2 0.482870 0.656581 2 0.492030 0.653164 2
0 0.528361 0.636321 0.021008 0.075630 0.529724 0.613307 2 0.530549 0.611624 2 0.528896 0.611747 2 0.531607 0.609892 1 0.527258 0.610127 2 0.531940 0.615103 2 0.525769 0.616905 2 0.532857 0.622699 2 0.524573 0.628819 2 0.534384 0.627201 2 0.525125 0.638408 2 0.531642 0.634604 2 0.527364 0.635565 2 0.531261 0.646461 2 0.526207 0.648551 2 0.530912 0.657438 2 0.524319 0.660326 2
0 0.439076 0.707750 0.021008 0.082166 0.439980 0.682218 2 0.440738 0.680654 2 0.439186 0.680727 2 0.441995 0.680284 2 0.438235 0.680529 2 0.444739 0.686970 2 0.436659 0.687050 2 0.448500 0.696726 2 0.431633 0.694919 2 0.446264 0.707396 2 0.432133 0.704996 2 0.443156 0.708895 2 0.438226 0.708955 2 0.444037 0.723588 2 0.438527 0.724240 2 0.443650 0.736182 2 0.439788 0.737985 2
0 0.407300 0.644258 0.016282 0.070962 0.398048 0.619638 2 0.398231 0.617981 2 0.398387 0.617079 1 0.400201 0.618287 2 0.402197 0.615650 1 0.404313 0.627887 2 0.407345 0.622468 2 0.405291 0.642590 2 0.409019 0.634168 1 0.404767 0.648649 2 0.407771 0.643038 1 0.408957 0.644567 2 0.410941 0.641245 2 0.408288 0.659441 2 0.408716 0.654137 2 0.409860 0.668527 2 0.410368 0.669310 2
0 0.398109 0.651727 0.014706 0.044818 0.398231 0.639565 1 0.398308 0.638677 1 0.398693 0.638463 1 0.398555 0.639531 2 0.401172 0.638624 2 0.398733 0.646149 2 0.402830 0.643017 2 0.396588 0.652434 2 0.402882 0.645073 2 0.395439 0.650075 2 0.400156 0.644735 1 0.401153 0.659103 2 0.403726 0.657810 2 0.403438 0.669648 2 0.404616 0.667134 2 0.406264 0.678496 2 0.406753 0.675946 2
0 0.454307 0.574697 0.015756 0.058824 0.452626 0.556254 1 0.452648 0.555046 1 0.453187 0.554914 1 0.452841 0.555780 2 0.456643 0.555112 2 0.452167 0.563474 2 0.458114 0.561363 2 0.449571 0.571206 2 0.460316 0.569258 2 0.448837 0.569812 2 0.459383 0.574346 2 0.453397 0.579590 2 0.457419 0.578470 2 0.453964 0.590704 2 0.458411 0.588599 2 0.454398 0.601464 2 0.460203 0.597492 2
0 0.321166 0.499533 0.020483 0.070962 0.312270 0.477434 2 0.312246 0.475601 2 0.312086 0.475413 1 0.313620 0.474053 2 0.314608 0.473516 1 0.317634 0.480838 2 0.319180 0.479300 2 0.318242 0.491901 2 0.318684 0.488366 1 0.315168 0.496855 2 0.313215 0.495440 1 0.322734 0.504150 2 0.324011 0.502849 2 0.320885 0.521221 2 0.322902 0.518708 2 0.322793 0.531514 2 0.325880 0.531716 2
0 0.528099 0.509804 0.021534 0.059757 0.525619 0.486011 1 0.525831 0.484915 1 0.525489 0.484996 1 0.526242 0.484395 2 0.526253 0.484462 2 0.528150 0.489259 2 0.525806 0.488768 2 0.531174 0.497009 2 0.524407 0.496715 2 0.531643 0.505517 2 0.522552 0.502837 2 0.527133 0.505951 2 0.525944 0.505244 2 0.526841 0.517523 2 0.525859 0.514973 2 0.526218 0.529089 2 0.526487 0.525433 2
0 0.499212 0.552754 0.016282 0.063492 0.498277 0.528672 2 0.498522 0.527460 2 0.498963 0.527548 1 0.499670 0.527953 2 0.502505 0.527808 1 0.498823 0.534124 2 0.504412 0.534179 2 0.496429 0.541353 2 0.507103 0.542777 2 0.494257 0.549538 2 0.506735 0.546575 2 0.499266 0.552760 2 0.502782 0.552424 2 0.498757 0.566178 2 0.501236 0.565002 2 0.498319 0.579874 2 0.500819 0.576855 2
0 0.509979 0.545285 0.015756 0.059757 0.512972 0.528803 2 0.513631 0.527573 2 0.512226 0.527628 2 0.514612 0.528743 2 0.511179 0.528847 2 0.515099 0.536218 2 0.510391 0.535146 2 0.515897 0.543917 2 0.508127 0.540412 2 0.512644 0.546255 2 0.507389 0.542167 2 0.512640 0.549899 2 0.509528 0.549171 2 0.511524 0.560187 2 0.508517 0.559402 2 0.511764 0.571004 2 0.508855 0.568730 2
0 0.406513 0.456583 0.014706 0.063492 0.412051 0.424256 2 0.412743 0.422980 2 0.411385 0.423006 2 0.413593 0.423525 2 0.410485 0.423495 2 0.414515 0.430896 2 0.408605 0.429897 2 0.415757 0.439557 2 0.404611 0.433633 2 0.415492 0.446593 2 0.405216 0.429775 2 0.412257 0.451051 2 0.408722 0.450717 2 0.410435 0.465567 2 0.408653 0.464848 2 0.410084 0.479138 2 0.410114 0.477352 2
0 0.430410 0.436975 0.017332 0.063492 0.428409 0.413475 1 0.428537 0.412188 1 0.428709 0.412247 1 0.428174 0.412949 2 0.431033 0.412863 2 0.426678 0.420891 2 0.433257 0.420275 2 0.425562 0.429816 2 0.434744 0.428860 2 0.426592 0.434989 2 0.432750 0.433743 2 0.427621 0.437340 2 0.432098 0.436759 2 0.427138 0.448910 2 0.431204 0.447525 2 0.428583 0.461848 2 0.431839 0.459407 2
0 0.464286 0.514939 0.012605 0.042017 0.458489 0.495471 2 0.459092 0.494316 2 0.457738 0.494422 2 0.459864 0.494223 1 0.456499 0.494388 2 0.460550 0.499312 2 0.456100 0.499006 2 0.459994 0.509052 2 0.456211 0.507622 1 0.456784 0.513117 2 0.456292 0.512578 1 0.459074 0.512049 2 0.456283 0.511714 1 0.458462 0.511588 2 0.457240 0.511364 1 0.456311 0.520492 1 0.456822 0.520817 1
0 0.455357 0.505135 0.016807 0.037348 0.458323 0.494956 2 0.458998 0.493819 2 0.457584 0.493818 2 0.459796 0.493870 2 0.456322 0.493739 2 0.460735 0.498947 2 0.454765 0.497978 2 0.459311 0.509263 2 0.454612 0.506881 2 0.454812 0.510925 2 0.453399 0.509996 2 0.459607 0.511244 2 0.455710 0.510394 2 0.456876 0.512051 2 0.453280 0.511363 2 0.452815 0.520495 2 0.452927 0.519218 2
0 0.378939 0.543417 0.015231 0.063492 0.372938 0.511584 2 0.373583 0.509498 2 0.372369 0.510047 2 0.376232 0.507614 2 0.372999 0.509138 1 0.380401 0.513991 2 0.374559 0.517032 2 0.385614 0.520718 2 0.372838 0.527955 2 0.381432 0.521963 2 0.371715 0.534556 2 0.380951 0.538646 2 0.376956 0.539306 2 0.383071 0.553527 2 0.376563 0.554311 2 0.385408 0.566947 2 0.375947 0.568838 2
0 0.418592 0.445378 0.010504 0.044818 0.411639 0.423345 2 0.411741 0.422315 2 0.411695 0.422321 1 0.412598 0.422329 2 0.413375 0.422215 1 0.413801 0.427529 2 0.415160 0.427218 2 0.413997 0.434685 1 0.416481 0.434911 1 0.413705 0.437465 1 0.416249 0.440882 1 0.413210 0.443675 2 0.414086 0.443133 2 0.412713 0.454496 2 0.412978 0.453880 2 0.412351 0.465580 2 0.412421 0.466084 2
0 0.685137 0.172736 0.014181 0.052288 0.686725 0.155964 1 0.686958 0.154995 1 0.686339 0.154821 1 0.686770 0.155435 1 0.685384 0.154974 2 0.687055 0.161364 2 0.683311 0.160037 2 0.687998 0.167680 2 0.680150 0.166328 2 0.688811 0.173132 2 0.679903 0.173563 2 0.684506 0.173224 2 0.682369 0.172473 2 0.683885 0.182462 2 0.682617 0.180620 2 0.682088 0.191301 2 0.681944 0.188792 2
0 0.702206 0.173669 0.014706 0.048553 0.704230 0.159296 1 0.704125 0.158127 1 0.704408 0.158332 1 0.702860 0.158296 2 0.705327 0.158887 2 0.701157 0.163875 2 0.705951 0.165451 2 0.698723 0.170200 2 0.707210 0.172990 2 0.698324 0.175125 2 0.706472 0.175633 2 0.700774 0.176290 2 0.703781 0.176896 2 0.700287 0.183910 2 0.701848 0.185099 2 0.699853 0.192597 2 0.700529 0.193651 2
0 0.605042 0.189076 0.012605 0.038282 0.604034 0.178275 2 0.604440 0.177621 2 0.603684 0.177552 2 0.604985 0.178044 2 0.603150 0.177869 2 0.605620 0.182020 2 0.602232 0.181975 2 0.606812 0.186170 2 0.601337 0.186288 2 0.606187 0.190499 2 0.601512 0.191005 2 0.604702 0.191802 2 0.602597 0.191748 2 0.604159 0.197992 2 0.602657 0.198060 2 0.603405 0.203324 2 0.602566 0.203437 2
0 0.612920 0.179272 0.011555 0.048553 0.612990 0.163582 1 0.612958 0.162644 1 0.613196 0.162740 1 0.612083 0.163123 2 0.614289 0.163412 2 0.610715 0.168339 2 0.614872 0.168868 2 0.609219 0.175001 2 0.615602 0.175420 2 0.608282 0.181007 2 0.615917 0.180694 2 0.610410 0.181498 2 0.613063 0.181710 2 0.610617 0.191091 2 0.612567 0.192088 2 0.611062 0.201317 2 0.611993 0.202363 2
0 0.538078 0.276844 0.011029 0.045752 0.538669 0.261539 2 0.539078 0.260688 2 0.538364 0.260738 2 0.539891 0.260622 2 0.538075 0.260879 1 0.540998 0.264712 2 0.538037 0.265668 2 0.542513 0.270749 2 0.536978 0.271376 2 0.542079 0.275797 2 0.536095 0.280099 2 0.540174 0.277093 2 0.537935 0.277506 2 0.540191 0.284957 2 0.536504 0.287226 2 0.542524 0.292837 2 0.536296 0.297086 2
0 0.568540 0.608310 0.017332 0.058824 0.568685 0.587113 1 0.568674 0.585726 1 0.568989 0.585949 1 0.568021 0.586307 2 0.571213 0.586631 2 0.566339 0.593913 2 0.572798 0.593805 2 0.562656 0.602425 2 0.573456 0.603144 2 0.562072 0.606311 2 0.573856 0.611446 2 0.565969 0.613183 2 0.570343 0.612925 2 0.565569 0.628053 2 0.570598 0.627620 2 0.565827 0.641830 2 0.570967 0.641390 2
0 0.788866 0.024276 0.007353 0.044818 0.785648 0.012393 1 0.785678 0.011613 1 0.785938 0.011729 1 0.785443 0.011935 2 0.787218 0.012144 2 0.784908 0.015770 2 0.787533 0.016382 2 0.785047 0.020878 1 0.788268 0.021767 2 0.786193 0.026299 1 0.788625 0.027004 2 0.784477 0.026616 2 0.786225 0.026856 2 0.784139 0.034396 1 0.785106 0.035119 2 0.784243 0.041353 1 0.784671 0.041989 1
0 0.736607 0.035014 0.009979 0.040149 0.737552 0.025291 1 0.737329 0.024289 1 0.737618 0.024395 1 0.736006 0.024626 2 0.737908 0.025060 2 0.734949 0.029635 2 0.738079 0.030350 2 0.733542 0.034635 2 0.738535 0.035585 2 0.733201 0.038690 2 0.738565 0.038675 1 0.734531 0.039738 2 0.736588 0.039957 2 0.733892 0.047401 2 0.735601 0.048017 2 0.733224 0.054944 2 0.735042 0.055539 2
0 0.727679 0.031279 0.008929 0.038282 0.726808 0.020653 1 0.726458 0.019907 1 0.726776 0.019894 1 0.724684 0.020296 2 0.726674 0.020421 2 0.723691 0.024596 2 0.727353 0.024492 2 0.722854 0.029301 2 0.728963 0.028126 2 0.722827 0.031533 1 0.728853 0.027331 1 0.723868 0.035353 2 0.726302 0.035207 2 0.723576 0.043508 2 0.725897 0.043160 2 0.723235 0.050382 2 0.725739 0.050346 2
0 0.721376 0.028478 0.009979 0.040149 0.719900 0.016745 1 0.719840 0.015715 1 0.719966 0.015828 1 0.718829 0.015794 2 0.720385 0.016071 2 0.717606 0.020690 2 0.720689 0.021373 2 0.716438 0.026621 2 0.721849 0.027333 2 0.716996 0.030347 1 0.720916 0.029896 1 0.717572 0.032186 2 0.719556 0.032511 2 0.717181 0.039745 2 0.718190 0.040551 2 0.716617 0.047672 2 0.717366 0.048258 2
0 0.714023 0.024743 0.008929 0.042017 0.713637 0.012280 1 0.713391 0.011364 1 0.713639 0.011467 1 0.711624 0.011402 1 0.713529 0.011770 2 0.710070 0.015870 2 0.713285 0.016156 2 0.708919 0.020929 1 0.714080 0.020113 2 0.709920 0.023632 1 0.714416 0.019900 1 0.710050 0.027938 2 0.712167 0.028186 2 0.709972 0.036036 2 0.711681 0.036311 2 0.709363 0.044322 2 0.711033 0.043945 2
0 0.677784 0.101307 0.012080 0.027077 0.675203 0.101423 2 0.675458 0.100885 2 0.674935 0.100977 1 0.676184 0.100327 2 0.674768 0.100466 1 0.677582 0.101324 2 0.674804 0.101274 2 0.679285 0.104712 2 0.674041 0.104492 2 0.678100 0.106800 2 0.673651 0.106592 2 0.677875 0.105091 2 0.675812 0.104750 2 0.677167 0.107141 2 0.673156 0.106482 2 0.676946 0.110789 2 0.671302 0.110192 2
0 0.668067 0.097572 0.010504 0.028945 0.668307 0.089232 1 0.668471 0.088660 1 0.668278 0.088563 1 0.668294 0.088481 1 0.668102 0.088279 2 0.667830 0.091109 2 0.666582 0.090892 2 0.667508 0.095241 2 0.665032 0.094930 2 0.667594 0.097691 2 0.664863 0.098546 2 0.667078 0.098493 2 0.666306 0.098563 2 0.666829 0.103521 2 0.665871 0.104046 2 0.666689 0.110133 2 0.666095 0.109888 2
0 0.695378 0.026611 0.007353 0.038282 0.696550 0.012900 1 0.696948 0.012080 1 0.696194 0.012077 1 0.697611 0.012157 1 0.695716 0.012106 1 0.698035 0.016017 2 0.695138 0.015780 2 0.698454 0.020909 2 0.694282 0.020038 2 0.697842 0.024180 2 0.693996 0.024083 2 0.697083 0.025924 2 0.694997 0.025724 2 0.696498 0.034553 2 0.693762 0.034665 2 0.696017 0.042716 2 0.692059 0.042729 2
0 0.640494 0.637255 0.014181 0.053221 0.642484 0.619136 1 0.642922 0.618177 1 0.642185 0.617815 1 0.643100 0.617817 1 0.641032 0.617329 1 0.642606 0.620028 2 0.639515 0.622248 2 0.642804 0.622419 2 0.637347 0.628170 2 0.642257 0.622992 2 0.637053 0.632821 2 0.642605 0.629030 2 0.639955 0.630627 2 0.646039 0.638069 2 0.639116 0.642553 2 0.648928 0.645230 2 0.638071 0.652890 2
0 0.657300 0.640056 0.012080 0.040149 0.658930 0.631328 2 0.659511 0.630487 2 0.658506 0.630372 2 0.660340 0.630757 2 0.657900 0.630462 2 0.660547 0.635896 2 0.656811 0.635038 2 0.660817 0.641995 2 0.655683 0.639924 2 0.660339 0.645369 2 0.655491 0.645020 1 0.658966 0.646973 2 0.656487 0.646615 2 0.658776 0.654272 2 0.656583 0.654261 2 0.658706 0.660969 2 0.656374 0.660499 2
0 0.717174 0.828665 0.016282 0.055089 0.719278 0.816526 1 0.718527 0.814943 1 0.719149 0.815354 1 0.714862 0.814019 1 0.717652 0.815651 2 0.711903 0.819108 2 0.716248 0.821876 2 0.709227 0.824674 2 0.715342 0.830485 2 0.710804 0.830914 1 0.715421 0.835569 1 0.710763 0.833983 2 0.713665 0.835216 2 0.710853 0.844482 2 0.712834 0.845415 2 0.710025 0.853965 2 0.711733 0.853573 2
0 0.756040 0.654062 0.014181 0.045752 0.758400 0.644789 1 0.758005 0.643523 1 0.758448 0.643629 1 0.756016 0.643660 1 0.758444 0.643982 2 0.755189 0.649540 2 0.757710 0.649484 2 0.754575 0.656843 2 0.760323 0.655849 2 0.758806 0.659208 2 0.762848 0.659478 2 0.755063 0.663082 2 0.756387 0.663323 2 0.757668 0.672023 2 0.756360 0.672710 2 0.754163 0.680200 2 0.753714 0.680925 2
0 0.708771 0.655462 0.017332 0.044818 0.709671 0.635808 1 0.709644 0.634321 1 0.710270 0.634570 1 0.709197 0.634465 2 0.712466 0.635018 2 0.707873 0.640420 2 0.711284 0.641922 2 0.700582 0.642760 2 0.706240 0.647701 2 0.702987 0.644522 2 0.706130 0.651768 1 0.706583 0.657572 2 0.708943 0.657978 2 0.704905 0.665130 2 0.707814 0.664979 2 0.702674 0.670958 2 0.708456 0.672543 2
0 0.722164 0.548086 0.012605 0.048553 0.723971 0.533362 1 0.723749 0.531978 1 0.724206 0.532306 1 0.721818 0.531662 2 0.724632 0.532484 2 0.720000 0.537136 2 0.723812 0.538106 2 0.716147 0.542785 2 0.726528 0.543180 2 0.716465 0.541760 2 0.726671 0.539311 2 0.717613 0.553855 2 0.719470 0.554175 2 0.718493 0.567104 2 0.717971 0.567594 2 0.716541 0.577142 2 0.716114 0.577313 2
0 0.757090 0.817460 0.018382 0.064426 0.758155 0.786525 1 0.757924 0.784934 1 0.759199 0.785405 1 0.755804 0.787604 2 0.762605 0.788718 2 0.754305 0.798188 2 0.762212 0.801312 2 0.751069 0.795825 2 0.762536 0.801597 2 0.754502 0.788019 2 0.760773 0.790687 1 0.752222 0.819488 2 0.757573 0.820506 2 0.749573 0.827504 2 0.755074 0.829359 2 0.747618 0.835192 1 0.755080 0.838378 1
