0 0.584077 0.645833 0.010417 0.040344 0.585490 0.628574 1 0.585635 0.627790 2 0.585694 0.627808 1 0.586243 0.628012 2 0.587652 0.627862 1 0.586177 0.632467 2 0.589238 0.632149 2 0.585357 0.638969 2 0.589721 0.637608 2 0.584102 0.644085 2 0.588068 0.641608 1 0.586242 0.644346 2 0.588496 0.644111 2 0.584792 0.651891 2 0.587827 0.652648 2 0.584449 0.659697 2 0.588034 0.660600 2
0 0.072545 0.909722 0.012649 0.048280 0.064666 0.895751 1 0.064541 0.894444 1 0.064655 0.894203 1 0.065288 0.892371 2 0.066071 0.891780 1 0.067388 0.893609 2 0.068117 0.893158 2 0.068051 0.903455 2 0.068557 0.902951 2 0.066465 0.911650 2 0.066966 0.910724 2 0.074440 0.898884 2 0.074963 0.898802 2 0.072810 0.913146 2 0.073040 0.912782 2 0.074206 0.926945 2 0.074129 0.926110 2
0 0.046875 0.789352 0.011905 0.045635 0.049634 0.772622 2 0.050160 0.771787 2 0.049330 0.771256 2 0.050180 0.772221 1 0.048311 0.770926 2 0.048749 0.778162 2 0.046360 0.777549 2 0.048840 0.785304 1 0.046185 0.785780 2 0.050552 0.781320 1 0.049698 0.782202 2 0.048600 0.795222 2 0.046671 0.795358 2 0.048974 0.807934 2 0.045765 0.808678 2 0.048604 0.818449 1 0.042833 0.819255 2
0 0.052455 0.742063 0.009673 0.046296 0.053021 0.728186 1 0.052759 0.727174 1 0.053045 0.727080 1 0.051257 0.727467 1 0.052947 0.727396 2 0.050496 0.733152 2 0.052628 0.733275 2 0.049388 0.739243 2 0.051643 0.739734 2 0.050904 0.740399 2 0.052290 0.739986 2 0.052279 0.745284 2 0.053748 0.745533 2 0.052994 0.753650 2 0.053688 0.753516 2 0.053318 0.761806 2 0.053814 0.762188 2
0 0.155134 0.678241 0.010417 0.036376 0.153285 0.665612 1 0.153279 0.664661 1 0.153459 0.664568 1 0.153907 0.664530 2 0.155212 0.664112 1 0.155477 0.669138 2 0.156775 0.668353 2 0.156703 0.676274 2 0.157583 0.675026 1 0.156753 0.678661 2 0.157954 0.676982 1 0.156449 0.680839 2 0.157321 0.680015 2 0.153318 0.689384 2 0.153858 0.688215 2 0.153689 0.697250 2 0.154084 0.696744 2
0 0.205543 0.716601 0.012277 0.035053 0.204895 0.703883 2 0.205303 0.702964 2 0.204452 0.703146 2 0.206136 0.702873 2 0.203943 0.703397 2 0.207468 0.706704 2 0.203352 0.706917 2 0.208907 0.711824 2 0.201494 0.709749 2 0.207848 0.715298 2 0.199766 0.712591 2 0.206780 0.716415 2 0.203840 0.716456 2 0.207986 0.720192 2 0.201557 0.721579 2 0.208644 0.728261 2 0.201703 0.729758 2
0 0.216890 0.681878 0.006696 0.038360 0.215825 0.665059 2 0.216266 0.664427 2 0.215461 0.664405 2 0.217005 0.664747 2 0.214876 0.664747 2 0.218445 0.669011 2 0.214838 0.669104 2 0.219078 0.674901 2 0.212717 0.671043 2 0.218221 0.679940 2 0.213430 0.668256 2 0.217297 0.679755 2 0.214811 0.679904 2 0.217670 0.687075 2 0.215155 0.688308 2 0.219735 0.691405 2 0.215058 0.696216 2
0 0.243304 0.726521 0.010417 0.036376 0.245084 0.712650 2 0.245604 0.712017 2 0.244801 0.711920 2 0.246534 0.711755 2 0.244447 0.711557 1 0.247473 0.714738 2 0.243560 0.714315 2 0.247364 0.719925 2 0.241357 0.717841 2 0.245420 0.721180 2 0.239600 0.721268 2 0.247053 0.724028 2 0.244423 0.723765 2 0.245731 0.729859 2 0.243057 0.730401 2 0.246631 0.735829 2 0.243775 0.737032 2
0 0.216518 0.732474 0.009673 0.036376 0.217092 0.718948 2 0.217658 0.717937 2 0.216523 0.717857 2 0.218413 0.717931 2 0.215663 0.717762 2 0.219337 0.721786 2 0.214673 0.721352 2 0.220565 0.727886 2 0.213286 0.727153 2 0.218382 0.722802 2 0.212716 0.731127 2 0.219192 0.732106 2 0.216110 0.732109 2 0.220439 0.736837 2 0.215551 0.738213 2 0.218978 0.741819 1 0.216111 0.743374 1
0 0.249814 0.617063 0.007068 0.035714 0.247726 0.602949 2 0.247899 0.602311 2 0.247998 0.602329 1 0.248425 0.602852 2 0.249813 0.602766 1 0.247742 0.606794 2 0.250961 0.606898 2 0.246679 0.611815 2 0.252128 0.612710 2 0.246666 0.615498 2 0.252538 0.618111 2 0.248271 0.616472 2 0.250574 0.616527 2 0.247729 0.623511 2 0.250808 0.624009 2 0.247627 0.631053 2 0.251516 0.630963 2
0 0.300037 0.607804 0.008557 0.031746 0.302849 0.596817 1 0.302444 0.596095 1 0.302764 0.596240 2 0.300820 0.595883 1 0.302130 0.596553 2 0.299450 0.598486 2 0.301798 0.600299 2 0.301324 0.601638 2 0.303819 0.604781 2 0.304194 0.603157 1 0.305627 0.605042 2 0.299312 0.607767 2 0.300877 0.609056 2 0.302771 0.608449 2 0.304052 0.611076 2 0.302291 0.615894 2 0.302878 0.618148 2
0 0.231027 0.598876 0.008929 0.031085 0.232098 0.587635 2 0.231813 0.587025 1 0.231904 0.586968 2 0.230591 0.587561 1 0.231261 0.587554 2 0.229765 0.591710 2 0.231740 0.591575 2 0.231123 0.595548 1 0.234026 0.594887 2 0.234332 0.595348 1 0.235775 0.594907 2 0.230742 0.600259 2 0.232014 0.600622 2 0.234462 0.600083 2 0.235618 0.600647 2 0.234383 0.608047 2 0.235023 0.608946 2
0 0.188802 0.598545 0.008557 0.027778 0.193350 0.589379 2 0.193992 0.588297 2 0.192899 0.588152 2 0.194568 0.588948 1 0.191991 0.588575 2 0.194568 0.595793 2 0.190143 0.594981 2 0.194568 0.604340 1 0.187608 0.601476 2 0.194116 0.608058 1 0.187485 0.604644 2 0.193806 0.611634 2 0.190825 0.611520 2 0.193315 0.616088 1 0.189809 0.617037 1 0.192432 0.615396 1 0.190508 0.616051 1
0 0.359561 0.595569 0.008557 0.025794 0.362517 0.586828 2 0.362216 0.585992 1 0.362339 0.585986 2 0.360751 0.585834 1 0.360928 0.585985 2 0.359579 0.588886 2 0.359719 0.589533 2 0.362162 0.592008 2 0.362078 0.593597 2 0.364092 0.592809 1 0.364272 0.594360 2 0.359498 0.598471 2 0.359553 0.599423 2 0.364228 0.598938 2 0.364503 0.599964 2 0.363372 0.608568 1 0.363741 0.608284 2
0 0.414621 0.628307 0.007812 0.037037 0.416591 0.614278 2 0.416542 0.613525 1 0.416299 0.613555 2 0.415919 0.613873 1 0.415477 0.613923 2 0.415520 0.618428 2 0.415008 0.618698 2 0.416185 0.623983 1 0.414846 0.624951 2 0.417573 0.627585 1 0.416560 0.628551 2 0.415926 0.628968 2 0.415725 0.629281 2 0.416184 0.636530 2 0.416483 0.636829 2 0.414847 0.642543 2 0.415170 0.642865 2
0 0.013765 0.485780 0.006696 0.025794 0.016135 0.471235 1 0.016328 0.470564 1 0.015954 0.470676 1 0.016466 0.470474 1 0.015745 0.470651 2 0.016146 0.473646 2 0.015232 0.473611 2 0.016589 0.476438 2 0.014424 0.476569 2 0.016826 0.477228 2 0.014810 0.479798 2 0.015632 0.482972 2 0.014832 0.483041 2 0.016181 0.490747 2 0.014344 0.491160 2 0.015944 0.496795 2 0.012155 0.496375 2
0 0.442522 0.610780 0.007812 0.025794 0.442497 0.600655 2 0.442422 0.600156 1 0.442264 0.600165 2 0.441962 0.600530 1 0.441542 0.600557 2 0.442191 0.603396 2 0.440614 0.603793 2 0.443870 0.606229 2 0.442122 0.608217 2 0.445548 0.607250 2 0.445117 0.609328 2 0.442387 0.612091 2 0.441255 0.612576 2 0.444576 0.616163 2 0.443752 0.616495 2 0.443435 0.623390 2 0.443250 0.623284 2
0 0.320499 0.456680 0.004092 0.021825 0.320776 0.449342 2 0.320950 0.448840 1 0.320547 0.448836 2 0.321112 0.448846 1 0.320133 0.448821 2 0.321411 0.451570 2 0.319660 0.451334 2 0.321775 0.454880 2 0.319249 0.453539 2 0.321733 0.457861 2 0.319744 0.452236 2 0.321166 0.457123 2 0.319994 0.457058 2 0.321332 0.461092 2 0.320044 0.461169 2 0.321469 0.465282 2 0.320101 0.465330 2
0 0.292597 0.500331 0.007812 0.024471 0.291338 0.506767 2 0.291374 0.506353 1 0.291089 0.506346 2 0.291207 0.506598 1 0.290496 0.506626 2 0.291255 0.508955 2 0.289998 0.509107 2 0.291407 0.511662 2 0.289419 0.512534 2 0.291954 0.512949 2 0.289131 0.515764 2 0.291250 0.514248 2 0.290375 0.514405 2 0.291296 0.516868 1 0.290126 0.517030 1 0.291140 0.517030 1 0.289805 0.517030 1
0 0.543899 0.667328 0.007440 0.038360 0.544182 0.655521 2 0.544563 0.654778 2 0.543805 0.654829 2 0.545235 0.655231 2 0.543347 0.655350 2 0.546325 0.659892 2 0.542607 0.659916 2 0.547319 0.664840 2 0.542006 0.665076 2 0.547038 0.668983 2 0.542136 0.669327 2 0.545619 0.670320 2 0.543084 0.670233 2 0.545857 0.678345 2 0.543121 0.678070 2 0.546132 0.685803 2 0.543085 0.685330 2
0 0.534970 0.648810 0.007440 0.038360 0.534060 0.633098 2 0.534304 0.632460 2 0.534255 0.632451 1 0.535037 0.632835 2 0.535364 0.632743 1 0.535053 0.636012 2 0.535446 0.635941 2 0.533686 0.639537 2 0.534408 0.639848 1 0.533492 0.638647 2 0.533972 0.639155 1 0.534946 0.645570 2 0.535096 0.645455 2 0.534708 0.655451 2 0.534266 0.655288 2 0.535010 0.664873 2 0.534265 0.664604 2
0 0.581845 0.632937 0.005952 0.033069 0.582553 0.619360 2 0.582842 0.618821 2 0.582204 0.618464 2 0.582589 0.619438 1 0.581056 0.618580 2 0.581936 0.622589 2 0.580147 0.622612 2 0.582570 0.627099 1 0.581236 0.627395 2 0.582877 0.625832 2 0.583123 0.625740 2 0.581940 0.632016 2 0.580809 0.632387 2 0.581641 0.638086 2 0.581804 0.639712 2 0.580636 0.643129 2 0.581880 0.646359 2
0 0.565290 0.637235 0.006324 0.035053 0.565901 0.622050 1 0.566031 0.621433 1 0.566098 0.621580 1 0.565775 0.622031 2 0.567113 0.622304 2 0.564652 0.625689 2 0.567704 0.626417 2 0.563430 0.630004 2 0.567928 0.631407 2 0.563410 0.634394 2 0.568000 0.635125 2 0.564742 0.635719 2 0.566764 0.636026 2 0.564497 0.642588 2 0.566233 0.643297 2 0.564724 0.649623 2 0.565785 0.650286 2
0 0.568452 0.620040 0.007440 0.036376 0.565815 0.622018 1 0.565885 0.621363 1 0.566092 0.621512 1 0.565556 0.621899 2 0.567279 0.622163 2 0.564576 0.625815 2 0.567757 0.626363 2 0.563396 0.630574 2 0.568064 0.631677 2 0.563487 0.634381 2 0.568200 0.635970 2 0.564723 0.635945 2 0.566840 0.636160 2 0.564341 0.642893 2 0.566392 0.643373 2 0.564637 0.645488 1 0.566167 0.645503 1
0 0.716146 0.476521 0.005952 0.024471 0.717167 0.464569 1 0.717237 0.464069 1 0.717267 0.464142 1 0.717457 0.464167 2 0.717992 0.464252 1 0.717464 0.466540 2 0.718273 0.466567 2 0.716675 0.469795 2 0.717819 0.469781 1 0.715214 0.471129 2 0.716659 0.471607 1 0.717269 0.472192 2 0.717808 0.472127 2 0.716767 0.475919 2 0.717257 0.476171 2 0.716915 0.479879 2 0.717368 0.480045 2
0 0.731213 0.529101 0.007812 0.021164 0.732272 0.523871 1 0.732294 0.523428 1 0.732537 0.523435 1 0.732404 0.523802 2 0.733923 0.523564 2 0.732357 0.526592 2 0.734820 0.525730 2 0.730731 0.530027 2 0.734864 0.527725 2 0.729644 0.530520 2 0.732985 0.528435 1 0.733294 0.534045 2 0.734754 0.533609 2 0.732676 0.540139 2 0.733277 0.539687 2 0.733260 0.543234 1 0.733205 0.542947 1
0 0.451265 0.650132 0.006696 0.035714 0.455295 0.631316 2 0.454907 0.630532 1 0.454919 0.630589 2 0.453416 0.631491 1 0.453591 0.631950 2 0.452834 0.636798 2 0.453107 0.637780 2 0.453359 0.642470 1 0.453424 0.644421 2 0.454461 0.646724 1 0.454175 0.648851 2 0.452711 0.647776 2 0.452983 0.648320 2 0.452522 0.654646 2 0.452630 0.655515 2 0.451950 0.661190 2 0.452186 0.661789 2
0 0.465588 0.629299 0.007068 0.032407 0.467227 0.616483 2 0.466990 0.615975 1 0.467103 0.616065 2 0.466200 0.615897 1 0.466357 0.616223 2 0.466049 0.619068 2 0.465287 0.620065 2 0.467266 0.621919 2 0.466406 0.625350 2 0.468146 0.622460 2 0.467986 0.623093 2 0.466405 0.629238 2 0.465370 0.629660 2 0.467863 0.636785 2 0.464700 0.636413 2 0.469466 0.644169 2 0.462620 0.642307 2
0 0.474330 0.644511 0.010417 0.039021 0.476178 0.630932 2 0.476070 0.630147 1 0.475945 0.630345 2 0.474853 0.630574 1 0.475134 0.630824 2 0.475429 0.634454 2 0.474106 0.634738 2 0.475982 0.639834 2 0.473388 0.640140 2 0.476741 0.644684 2 0.472782 0.645562 2 0.475092 0.645549 2 0.474780 0.645632 2 0.473430 0.652584 2 0.476281 0.652315 2 0.470505 0.658518 2 0.477936 0.659820 2
0 0.489397 0.637897 0.007812 0.031085 0.490977 0.616825 1 0.490717 0.616402 1 0.490974 0.616402 1 0.489348 0.616402 1 0.490615 0.616402 1 0.489103 0.618625 2 0.489828 0.618748 2 0.488494 0.624770 2 0.489439 0.624740 2 0.489249 0.629945 2 0.489927 0.630346 2 0.489551 0.628421 2 0.490098 0.628663 2 0.490182 0.635150 2 0.490941 0.635133 2 0.490201 0.641746 2 0.491677 0.642142 2
0 0.492374 0.572090 0.007068 0.026455 0.493672 0.563742 2 0.493644 0.563042 1 0.493361 0.563028 2 0.492992 0.562939 1 0.492217 0.562864 2 0.491614 0.565829 2 0.492245 0.565977 2 0.493614 0.570401 1 0.494200 0.570856 2 0.496017 0.572387 1 0.496304 0.572710 2 0.491743 0.574781 2 0.492089 0.575373 2 0.495343 0.575658 2 0.496044 0.576614 2 0.493411 0.583131 2 0.493140 0.583572 2
0 0.575521 0.580357 0.006696 0.025794 0.576403 0.572911 1 0.576173 0.572294 1 0.576441 0.572382 1 0.574798 0.572372 2 0.576412 0.572722 2 0.573590 0.575521 2 0.576449 0.576439 2 0.572512 0.578521 2 0.577135 0.580768 2 0.573143 0.579602 1 0.577770 0.581280 2 0.573199 0.583707 2 0.575143 0.584244 2 0.575019 0.584190 2 0.577473 0.583970 2 0.574242 0.589027 1 0.576725 0.588669 2
0 0.533296 0.567791 0.007068 0.025794 0.534585 0.559482 1 0.534275 0.558910 1 0.534535 0.558944 1 0.532740 0.559098 1 0.534087 0.559371 2 0.531805 0.561985 2 0.533676 0.562378 2 0.533143 0.565504 1 0.535322 0.565664 2 0.535818 0.567610 1 0.537252 0.567060 2 0.531649 0.570259 2 0.532981 0.570739 2 0.533335 0.574098 2 0.535036 0.574963 2 0.533048 0.580140 2 0.534757 0.580759 2
0 0.503348 0.562169 0.006696 0.031746 0.505221 0.552298 2 0.505026 0.551734 1 0.505163 0.551636 2 0.503845 0.551636 1 0.504385 0.551514 2 0.502888 0.554184 2 0.503096 0.554340 2 0.503801 0.558562 1 0.503872 0.559096 2 0.505507 0.558566 1 0.505831 0.557781 2 0.502802 0.561767 2 0.502935 0.562282 2 0.505582 0.564597 2 0.506070 0.565107 2 0.504480 0.570997 2 0.505047 0.571026 2
0 0.599888 0.543981 0.007812 0.023148 0.601640 0.534526 1 0.601419 0.533842 1 0.601612 0.534060 1 0.600105 0.533575 1 0.601278 0.534342 2 0.599175 0.536039 2 0.600449 0.537187 2 0.600038 0.540673 2 0.600436 0.542173 2 0.601286 0.544256 1 0.601141 0.545259 2 0.596892 0.544062 2 0.597834 0.544858 2 0.600637 0.544350 1 0.601818 0.545667 2 0.599938 0.547892 1 0.601204 0.549291 1
0 0.584077 0.558862 0.007440 0.025132 0.585629 0.550493 2 0.585376 0.549976 1 0.585535 0.549959 2 0.584140 0.550135 1 0.584748 0.550178 2 0.583177 0.552502 2 0.584374 0.552711 2 0.585554 0.554682 1 0.586482 0.554932 2 0.587759 0.554532 1 0.588264 0.554571 2 0.583517 0.559791 2 0.584386 0.560247 2 0.585509 0.562039 2 0.587092 0.562660 2 0.584864 0.568164 2 0.586349 0.568139 2
0 0.665737 0.548611 0.007068 0.024471 0.667160 0.542540 1 0.667155 0.541866 1 0.666980 0.541734 1 0.666516 0.542194 1 0.666337 0.542044 2 0.666032 0.545295 2 0.664666 0.545722 2 0.666954 0.550103 2 0.664236 0.550744 2 0.668914 0.550882 2 0.667294 0.552129 2 0.665823 0.553573 2 0.664826 0.554408 2 0.668037 0.557684 2 0.665157 0.560485 2 0.666451 0.563110 2 0.664745 0.565332 2
0 0.404204 0.592923 0.010789 0.032407 0.405876 0.580095 2 0.405720 0.579521 1 0.405624 0.579522 2 0.404900 0.580010 1 0.404718 0.580128 2 0.404297 0.583272 2 0.404151 0.583746 2 0.406231 0.586717 2 0.406349 0.587324 2 0.408075 0.587528 2 0.408370 0.587875 2 0.403752 0.592169 2 0.403584 0.592775 2 0.406433 0.594862 2 0.406563 0.596391 2 0.405240 0.601725 2 0.405391 0.603133 2
0 0.611421 0.778108 0.013765 0.037698 0.610561 0.766629 1 0.610648 0.765844 1 0.610809 0.765764 1 0.611346 0.765788 2 0.612248 0.765331 1 0.613555 0.770499 2 0.612397 0.768572 2 0.611319 0.777295 2 0.609610 0.772538 2 0.606997 0.777815 2 0.606605 0.775204 2 0.612607 0.783330 2 0.611569 0.781586 2 0.609297 0.790005 2 0.607600 0.787521 2 0.608637 0.797060 2 0.606885 0.796989 2
0 0.646577 0.798280 0.011905 0.054233 0.647441 0.777459 1 0.647528 0.776451 1 0.647754 0.776623 1 0.646911 0.777090 2 0.649518 0.777289 2 0.645173 0.783091 2 0.650762 0.783715 2 0.643384 0.791222 2 0.651837 0.792024 2 0.642303 0.798994 2 0.652240 0.798998 2 0.645354 0.799512 2 0.649091 0.799862 2 0.644783 0.810394 2 0.648454 0.811811 2 0.644941 0.821257 2 0.647682 0.822827 2
0 0.805618 0.905093 0.014509 0.057540 0.808156 0.883635 1 0.808143 0.882320 1 0.808474 0.882763 1 0.806600 0.882796 2 0.809992 0.883767 2 0.803855 0.888729 2 0.810508 0.889956 2 0.801416 0.891409 2 0.813070 0.891763 2 0.803616 0.889805 1 0.810771 0.887184 1 0.803571 0.905740 2 0.807803 0.906384 2 0.803566 0.916114 2 0.806562 0.917372 2 0.802437 0.927872 2 0.805016 0.926839 2
0 0.906994 0.752976 0.009673 0.045635 0.909628 0.734919 2 0.909772 0.734071 2 0.908998 0.734051 2 0.909527 0.734985 1 0.907340 0.734860 2 0.909831 0.740559 2 0.905706 0.739568 2 0.910397 0.746521 2 0.903813 0.745444 2 0.910168 0.749108 2 0.902175 0.751253 2 0.908903 0.752617 2 0.906293 0.751932 2 0.907596 0.762046 2 0.905360 0.760370 2 0.906605 0.771367 2 0.905542 0.768706 2
0 0.913876 0.752976 0.008557 0.045635 0.914168 0.735549 2 0.914337 0.734707 1 0.913788 0.734625 2 0.914107 0.734596 1 0.912620 0.734470 2 0.914376 0.737898 2 0.911206 0.738369 2 0.915852 0.742011 2 0.910048 0.743609 2 0.914966 0.746525 2 0.910452 0.748373 2 0.913426 0.750326 2 0.911380 0.750571 2 0.913172 0.760611 2 0.910640 0.761293 2 0.912322 0.770956 2 0.910054 0.771813 2
0 0.893043 0.724206 0.008557 0.048942 0.894419 0.708104 2 0.895069 0.707234 2 0.893932 0.707005 2 0.895649 0.707274 2 0.892998 0.706683 2 0.895610 0.711557 2 0.891885 0.710887 2 0.896060 0.717878 2 0.889971 0.716167 2 0.896883 0.722255 2 0.888529 0.720740 2 0.893658 0.723409 2 0.891509 0.723099 2 0.892895 0.732530 2 0.892147 0.732734 2 0.891690 0.741343 2 0.892014 0.742895 2
0 0.884301 0.726852 0.008929 0.041005 0.884845 0.711174 2 0.885278 0.710391 2 0.884325 0.710305 2 0.885671 0.710964 1 0.883214 0.710597 2 0.886102 0.715761 2 0.881572 0.714805 2 0.886735 0.720887 2 0.880230 0.719524 2 0.886307 0.724161 2 0.879448 0.724567 2 0.884909 0.727618 2 0.881982 0.727057 2 0.884193 0.736258 2 0.881521 0.734899 2 0.882159 0.743659 2 0.880400 0.741432 2
0 0.710379 0.637897 0.007068 0.045635 0.711620 0.623634 2 0.711894 0.622965 2 0.711837 0.622945 1 0.712600 0.623809 2 0.712905 0.623681 1 0.712940 0.628425 2 0.712884 0.628121 2 0.712628 0.634072 2 0.712260 0.633478 1 0.711172 0.636333 2 0.710864 0.635820 1 0.712280 0.638461 2 0.712266 0.638196 2 0.712164 0.646596 2 0.711997 0.646404 2 0.712123 0.654905 2 0.712096 0.654405 2
0 0.831473 0.652778 0.007440 0.037037 0.831196 0.641411 1 0.831300 0.640660 1 0.831406 0.640639 1 0.831939 0.640738 2 0.832851 0.640620 1 0.832428 0.644476 2 0.833491 0.644264 2 0.832134 0.649934 2 0.833127 0.649679 1 0.831267 0.654746 2 0.831787 0.654049 1 0.832065 0.654523 2 0.832820 0.654229 2 0.831753 0.661762 2 0.832074 0.661652 2 0.832069 0.669464 2 0.832379 0.669374 2
0 0.817894 0.656746 0.008557 0.039683 0.818135 0.642616 1 0.818072 0.641745 1 0.818297 0.641930 1 0.816951 0.641960 2 0.819144 0.642323 2 0.815405 0.646425 2 0.819838 0.647064 2 0.814616 0.652730 2 0.820703 0.653534 2 0.814769 0.657377 2 0.820211 0.658159 2 0.815668 0.659165 2 0.818735 0.659619 2 0.815584 0.667054 2 0.818980 0.667797 2 0.815684 0.673101 1 0.818521 0.673150 1
0 0.821057 0.648479 0.006696 0.036376 0.818381 0.642464 1 0.818233 0.641579 1 0.818479 0.641655 1 0.817137 0.641839 1 0.819198 0.642102 2 0.816592 0.646591 2 0.819739 0.647100 2 0.816592 0.652742 1 0.820935 0.653283 2 0.817227 0.656008 1 0.820511 0.656847 2 0.816592 0.659484 2 0.818725 0.659720 2 0.816592 0.667613 1 0.819076 0.668279 2 0.816592 0.672496 1 0.819013 0.673226 1
0 0.594680 0.711971 0.006324 0.035053 0.592773 0.700164 2 0.592654 0.699266 2 0.592780 0.699301 1 0.593236 0.697981 2 0.594038 0.698136 1 0.595341 0.700517 2 0.595375 0.700583 2 0.595759 0.706865 2 0.595428 0.707126 2 0.593372 0.710108 2 0.593108 0.711061 2 0.595974 0.713318 2 0.596020 0.712973 2 0.595974 0.722986 2 0.595765 0.722443 2 0.595835 0.732197 2 0.596071 0.732246 2
0 0.800595 0.603175 0.007440 0.034392 0.800708 0.589102 1 0.800554 0.588387 1 0.800848 0.588366 1 0.799609 0.588547 2 0.801634 0.588570 2 0.798835 0.592378 2 0.802309 0.592563 2 0.798134 0.597467 2 0.803097 0.597739 2 0.797984 0.601738 2 0.803340 0.601947 2 0.799446 0.601854 2 0.801836 0.601956 2 0.799447 0.608732 2 0.801801 0.609215 2 0.799365 0.615531 2 0.801495 0.616366 2
0 0.843936 0.582672 0.007068 0.035714 0.847300 0.568931 1 0.846989 0.568132 1 0.847252 0.568238 1 0.845098 0.568129 2 0.846950 0.568467 2 0.843625 0.572008 2 0.847092 0.572084 2 0.842510 0.576702 2 0.847909 0.575823 2 0.842372 0.580797 2 0.847745 0.579405 2 0.843481 0.581622 2 0.845910 0.581732 2 0.843082 0.588530 2 0.845966 0.588722 2 0.842175 0.595781 2 0.845384 0.595732 2
0 0.829985 0.574735 0.005208 0.035714 0.829886 0.562101 2 0.830060 0.561430 2 0.830021 0.561388 1 0.830851 0.561546 2 0.831314 0.561427 1 0.830783 0.564756 2 0.832171 0.564543 2 0.829144 0.568016 2 0.830776 0.567843 1 0.828860 0.565021 2 0.829208 0.565028 1 0.830345 0.573911 2 0.831359 0.573628 2 0.829724 0.580829 2 0.830963 0.580715 2 0.829638 0.587597 2 0.831091 0.587811 2
0 0.836682 0.572751 0.008185 0.029101 0.837415 0.561486 1 0.837282 0.560824 1 0.837539 0.560904 1 0.836379 0.561158 2 0.838181 0.561388 1 0.835656 0.564780 2 0.838674 0.564945 2 0.835065 0.568907 2 0.838869 0.568693 2 0.835527 0.570284 1 0.837866 0.569483 1 0.835932 0.573573 2 0.838029 0.573634 2 0.835905 0.580360 2 0.837844 0.580418 2 0.835729 0.587051 2 0.837436 0.586949 2
0 0.848028 0.565807 0.008557 0.029762 0.846554 0.567791 1 0.846367 0.567079 1 0.846703 0.567177 1 0.845003 0.567459 2 0.847084 0.567793 2 0.843758 0.571704 2 0.847024 0.571820 2 0.842418 0.576514 2 0.848145 0.575514 2 0.842442 0.580602 1 0.847797 0.578905 2 0.843643 0.581480 2 0.845747 0.581615 2 0.843738 0.586044 1 0.845776 0.586517 1 0.843546 0.586029 1 0.845562 0.585923 1
0 0.853051 0.566138 0.005208 0.031746 0.854530 0.544633 1 0.854680 0.544312 1 0.854409 0.544312 1 0.854989 0.544312 1 0.854599 0.544312 1 0.855386 0.546328 2 0.854048 0.546174 1 0.855308 0.552239 2 0.853077 0.551896 2 0.854165 0.554498 2 0.853833 0.554328 2 0.854933 0.558369 2 0.854100 0.558309 2 0.854463 0.568670 2 0.854082 0.568811 2 0.854181 0.579102 2 0.853992 0.578879 2
