0 0.473586 0.935185 0.081101 0.121693 0.445859 0.897276 2 0.448258 0.890819 2 0.442741 0.893740 2 0.454176 0.887271 2 0.440185 0.894629 2 0.461107 0.903622 2 0.439696 0.915880 2 0.472524 0.930701 2 0.437062 0.947914 2 0.482863 0.948375 2 0.448298 0.952528 2 0.469139 0.953039 2 0.454297 0.961287 2 0.481719 0.970166 2 0.452686 0.985073 2 0.492151 0.981428 1 0.463689 0.992616 1
0 0.134301 0.737434 0.051339 0.162698 0.132319 0.674634 2 0.134404 0.671874 2 0.130865 0.671631 2 0.137926 0.673340 2 0.128694 0.673457 2 0.141579 0.689218 2 0.126629 0.690409 2 0.144536 0.702044 2 0.118696 0.700544 2 0.142651 0.708764 2 0.111988 0.710002 2 0.141765 0.731254 2 0.131165 0.732195 2 0.146145 0.758174 2 0.129492 0.761632 2 0.155119 0.771824 2 0.132970 0.778494 2
0 0.491443 0.672619 0.039435 0.146825 0.482846 0.618831 2 0.483930 0.615621 2 0.482552 0.616391 2 0.488231 0.614222 2 0.484341 0.615994 1 0.495829 0.626562 2 0.483536 0.628966 2 0.503646 0.641295 2 0.482797 0.648265 2 0.504802 0.651363 2 0.484105 0.657638 2 0.494609 0.668706 2 0.484936 0.668722 2 0.499840 0.702574 2 0.480604 0.699323 2 0.504031 0.736028 2 0.477070 0.731723 2
0 0.483631 0.676587 0.032738 0.125661 0.483513 0.618931 2 0.484518 0.615872 2 0.483014 0.616640 2 0.489178 0.614316 2 0.484396 0.616370 1 0.497057 0.626509 2 0.483951 0.629266 2 0.504562 0.639658 2 0.482940 0.646479 2 0.505877 0.652473 2 0.484843 0.658618 2 0.495622 0.668731 2 0.485311 0.668922 2 0.500497 0.701978 2 0.480421 0.699212 2 0.504260 0.735443 2 0.476658 0.731168 2
0 0.431176 0.533730 0.021577 0.096561 0.432334 0.498707 1 0.431608 0.496938 1 0.432407 0.496907 1 0.427630 0.498019 2 0.432799 0.498119 2 0.425016 0.509471 2 0.433929 0.507803 2 0.424364 0.521757 2 0.438629 0.517023 2 0.425384 0.530704 2 0.442360 0.521773 2 0.427474 0.530661 2 0.433200 0.529954 2 0.428773 0.549132 2 0.432619 0.545797 2 0.430296 0.566849 2 0.432416 0.560776 2
0 0.471726 0.566799 0.020833 0.104497 0.470877 0.530044 1 0.470766 0.528155 1 0.471309 0.528233 1 0.468695 0.529325 2 0.473790 0.529518 2 0.465796 0.540642 2 0.476422 0.540876 2 0.463932 0.554909 2 0.478724 0.553662 2 0.464607 0.564261 2 0.476523 0.555509 2 0.467613 0.569838 2 0.474607 0.569732 2 0.467782 0.590288 2 0.472321 0.590373 2 0.469064 0.608403 2 0.470910 0.607874 2
0 0.453497 0.535714 0.026042 0.097884 0.469539 0.529980 1 0.469538 0.528046 1 0.469789 0.528026 1 0.467691 0.529204 2 0.471157 0.528997 1 0.464959 0.540913 2 0.471157 0.540124 2 0.462507 0.555049 2 0.471157 0.554180 1 0.463762 0.563457 2 0.471157 0.564420 1 0.466288 0.569121 2 0.471048 0.569010 2 0.467107 0.591596 2 0.469953 0.591478 1 0.468183 0.602694 2 0.468871 0.601389 1
0 0.491443 0.543651 0.015625 0.076720 0.492009 0.515053 1 0.491459 0.513809 1 0.491992 0.513651 1 0.488612 0.514976 2 0.492179 0.514722 2 0.487259 0.523611 2 0.493622 0.522900 2 0.486128 0.533395 2 0.495207 0.532324 2 0.487329 0.539720 2 0.495575 0.539636 2 0.488980 0.542589 2 0.493120 0.542263 2 0.489771 0.557451 2 0.492220 0.556350 2 0.490476 0.570635 2 0.491527 0.570907 2
0 0.497396 0.524471 0.017113 0.088624 0.491158 0.514926 1 0.490806 0.513683 1 0.491217 0.513633 1 0.488532 0.514589 2 0.492166 0.514634 2 0.487307 0.522446 2 0.493778 0.522689 2 0.486170 0.531853 2 0.495692 0.532332 2 0.487000 0.540351 2 0.496003 0.539796 2 0.488788 0.542023 2 0.493056 0.542116 2 0.489791 0.557263 2 0.492577 0.557166 2 0.490613 0.571306 2 0.492125 0.572441 2
0 0.461682 0.498677 0.015625 0.082011 0.451669 0.494495 1 0.451478 0.492967 1 0.451800 0.492919 1 0.450893 0.494294 1 0.453890 0.494002 2 0.450893 0.504550 1 0.456424 0.504124 2 0.451780 0.517420 1 0.459726 0.517322 2 0.454982 0.527076 1 0.461521 0.528132 2 0.450968 0.530971 2 0.455865 0.530684 2 0.450893 0.550408 1 0.456949 0.549672 2 0.451053 0.555080 1 0.457638 0.555080 2
0 0.445312 0.492725 0.015625 0.083333 0.446955 0.497392 1 0.446904 0.495814 1 0.447468 0.495356 1 0.446324 0.496794 2 0.451358 0.495335 1 0.445349 0.507162 2 0.455038 0.504556 2 0.443594 0.519982 2 0.456101 0.515971 1 0.444842 0.522518 1 0.453512 0.522760 1 0.449244 0.533651 2 0.455954 0.532550 2 0.449213 0.550265 2 0.456101 0.549393 1 0.449249 0.550265 1 0.455905 0.550265 1
0 0.381324 0.441138 0.017113 0.064815 0.384386 0.417219 1 0.383975 0.416008 1 0.384311 0.416053 1 0.381663 0.416504 2 0.384433 0.416588 2 0.380610 0.423441 2 0.385162 0.421790 2 0.379656 0.429659 2 0.388713 0.420779 2 0.380107 0.437087 1 0.385972 0.418746 2 0.381525 0.439180 2 0.384376 0.438711 2 0.382290 0.450931 2 0.383950 0.451502 2 0.381309 0.462492 2 0.383811 0.462611 2
0 0.565104 0.436508 0.014137 0.044974 0.569189 0.423119 2 0.569249 0.422288 1 0.568814 0.422356 2 0.568938 0.422158 1 0.567811 0.422403 2 0.569474 0.425713 2 0.566854 0.426413 2 0.570572 0.430094 2 0.567238 0.431693 2 0.570188 0.431013 2 0.568991 0.433663 2 0.569418 0.435668 2 0.567455 0.436030 2 0.569618 0.440907 2 0.566644 0.441279 2 0.569813 0.446613 1 0.566199 0.446701 2
0 0.526042 0.454365 0.010417 0.038360 0.523531 0.443924 2 0.523796 0.443008 2 0.523261 0.443166 1 0.524771 0.442532 2 0.523536 0.442861 1 0.526504 0.445464 2 0.524203 0.445990 2 0.528145 0.451035 2 0.524957 0.451654 2 0.527728 0.455916 2 0.524541 0.455977 2 0.529037 0.454005 2 0.527567 0.454318 2 0.528118 0.461826 2 0.527025 0.462015 2 0.528602 0.470904 2 0.528127 0.470256 2
0 0.584821 0.418651 0.010417 0.043651 0.587929 0.401544 1 0.587657 0.400703 1 0.587862 0.400676 1 0.586294 0.400691 1 0.587493 0.400785 2 0.585487 0.405184 2 0.587393 0.405081 2 0.584858 0.410644 2 0.588522 0.410285 2 0.585860 0.413760 1 0.590118 0.413744 2 0.585800 0.415673 2 0.586981 0.415653 2 0.586071 0.422679 2 0.586596 0.422675 2 0.585853 0.429215 2 0.586255 0.429216 2
