0 0.585565 0.392196 0.046131 0.130952 0.585469 0.351964 1 0.586016 0.349710 1 0.586397 0.350267 1 0.587138 0.352495 2 0.594012 0.352970 2 0.584119 0.366859 2 0.596632 0.368335 2 0.575269 0.378950 2 0.598799 0.390923 2 0.566778 0.392634 2 0.599911 0.407076 2 0.584609 0.407448 2 0.594838 0.407036 2 0.574888 0.429434 2 0.599241 0.425988 2 0.568176 0.458108 2 0.604988 0.447536 2
0 0.665179 0.182540 0.017857 0.068783 0.669846 0.154698 1 0.669884 0.153438 1 0.670313 0.153456 1 0.669772 0.154173 2 0.673268 0.153959 2 0.669284 0.161147 2 0.675262 0.160951 2 0.667146 0.169868 2 0.675889 0.169594 2 0.664778 0.175837 2 0.674991 0.176391 1 0.669763 0.178520 2 0.673911 0.178128 2 0.666984 0.191969 2 0.671807 0.192664 2 0.666808 0.206685 2 0.671628 0.208190 2
0 0.620536 0.447751 0.035714 0.183862 0.621990 0.394865 1 0.622168 0.391894 1 0.622841 0.392465 1 0.622788 0.395681 2 0.629751 0.395981 1 0.622032 0.412457 2 0.633741 0.409258 2 0.613063 0.403231 2 0.630181 0.391687 2 0.609993 0.384597 2 0.624967 0.372277 2 0.622166 0.460153 2 0.629729 0.458031 2 0.613993 0.493726 2 0.621623 0.492897 2 0.608608 0.527767 2 0.618667 0.526816 2
0 0.586310 0.364418 0.040179 0.101852 0.585848 0.350914 1 0.586463 0.348966 1 0.587401 0.349446 1 0.587253 0.352092 2 0.594735 0.352242 2 0.583136 0.364960 2 0.597273 0.367144 2 0.574824 0.379602 2 0.599537 0.389603 2 0.566405 0.393237 2 0.601147 0.408519 2 0.585268 0.407878 2 0.595723 0.408634 2 0.576308 0.429965 2 0.597013 0.429804 2 0.576734 0.435185 1 0.603979 0.435185 1
0 0.383929 0.415344 0.026786 0.150794 0.394484 0.365199 2 0.393491 0.362036 1 0.394078 0.361986 2 0.387501 0.362360 1 0.391771 0.363291 2 0.381084 0.376630 2 0.389721 0.380903 2 0.375639 0.390552 2 0.390028 0.400645 2 0.382681 0.386867 2 0.397873 0.387919 2 0.381678 0.415698 2 0.387229 0.418295 2 0.385403 0.450265 2 0.389375 0.453216 2 0.383968 0.481997 2 0.387450 0.485196 2
0 0.488467 0.517857 0.036458 0.167989 0.491143 0.462266 1 0.490997 0.459157 1 0.491866 0.459143 1 0.488124 0.461714 2 0.496744 0.461026 2 0.484260 0.483623 2 0.500605 0.480147 2 0.482810 0.507746 2 0.504328 0.505350 2 0.484839 0.521516 2 0.507614 0.523998 2 0.489729 0.529692 2 0.500623 0.527585 2 0.490216 0.565543 2 0.499207 0.557189 2 0.491102 0.598653 2 0.495411 0.584583 2
0 0.363839 0.441138 0.026786 0.138889 0.364230 0.389093 2 0.365073 0.385692 2 0.362556 0.386255 2 0.365178 0.385300 1 0.358575 0.386378 2 0.366307 0.396667 2 0.355537 0.401058 2 0.370998 0.411197 2 0.357109 0.419963 2 0.372584 0.411292 2 0.365201 0.408338 2 0.366548 0.433743 2 0.359537 0.436410 2 0.368073 0.465842 2 0.363750 0.468988 2 0.365181 0.494775 2 0.363731 0.499164 2
0 0.641369 0.347884 0.034226 0.100529 0.633075 0.321407 2 0.633212 0.318627 2 0.632711 0.319398 1 0.636487 0.317042 2 0.635240 0.318426 1 0.644434 0.324764 2 0.638395 0.324220 2 0.647188 0.342783 2 0.639862 0.340311 2 0.645156 0.356728 2 0.636913 0.354886 2 0.654927 0.338092 2 0.650337 0.337325 2 0.651677 0.361550 2 0.645899 0.357333 2 0.651918 0.386202 2 0.646099 0.378619 2
0 0.406994 0.410714 0.032738 0.138889 0.394277 0.364603 2 0.392961 0.361644 1 0.394098 0.361751 2 0.387642 0.362972 1 0.392191 0.363943 2 0.385670 0.378424 2 0.389954 0.380813 2 0.387975 0.397663 1 0.390170 0.402489 2 0.395854 0.386769 1 0.397689 0.388730 2 0.385570 0.417737 2 0.388306 0.419055 2 0.387941 0.451560 2 0.387707 0.452840 2 0.388184 0.484149 2 0.385834 0.487029 2
0 0.347098 0.443783 0.037946 0.165344 0.364181 0.388980 2 0.365150 0.385731 2 0.362617 0.385905 2 0.365344 0.385800 1 0.359005 0.385969 2 0.365862 0.397554 2 0.356276 0.400894 2 0.368904 0.415612 2 0.356533 0.420669 2 0.369933 0.420285 2 0.364200 0.410841 2 0.366309 0.433527 2 0.360093 0.435955 2 0.367930 0.465468 2 0.363640 0.469417 2 0.365674 0.492158 2 0.364267 0.499435 2
0 0.134301 0.369709 0.037946 0.128307 0.130823 0.327845 2 0.132073 0.325239 2 0.129596 0.325493 2 0.134085 0.322158 2 0.127405 0.322931 2 0.137745 0.330205 2 0.124627 0.333485 2 0.143752 0.342701 2 0.120930 0.349582 2 0.139008 0.350081 2 0.126603 0.350839 2 0.138906 0.364889 2 0.130142 0.366828 2 0.142571 0.391147 2 0.132149 0.393200 2 0.147830 0.417247 2 0.133981 0.419845 2
0 0.232143 0.341931 0.023810 0.109788 0.232318 0.300244 2 0.233783 0.298466 2 0.232954 0.298108 2 0.236633 0.301309 2 0.234605 0.300252 1 0.236584 0.314286 2 0.232245 0.312313 2 0.231180 0.324872 2 0.226640 0.322745 2 0.230131 0.314275 2 0.227741 0.314690 2 0.234262 0.344982 2 0.230179 0.343987 2 0.237377 0.368996 2 0.227910 0.365664 2 0.243130 0.389819 2 0.231198 0.387277 2
0 0.550223 0.198413 0.021577 0.092593 0.552600 0.170299 1 0.552655 0.169484 1 0.552840 0.170058 1 0.551091 0.171605 2 0.554561 0.172354 2 0.548782 0.179030 2 0.555045 0.175486 2 0.544881 0.184452 2 0.557573 0.164577 2 0.543329 0.183432 2 0.557716 0.153995 2 0.548601 0.198584 2 0.552593 0.197859 2 0.546543 0.215825 2 0.552242 0.217986 2 0.546182 0.236009 2 0.552769 0.235111 2
0 0.940104 0.308862 0.039435 0.128307 0.948329 0.266158 1 0.947716 0.263352 1 0.948131 0.264108 1 0.941445 0.262942 2 0.947894 0.264890 2 0.936289 0.274823 2 0.948641 0.279214 2 0.930807 0.292819 2 0.950851 0.299091 2 0.928962 0.307805 2 0.951690 0.307240 2 0.933897 0.312622 2 0.943059 0.314497 2 0.928016 0.336000 2 0.944406 0.339061 2 0.920655 0.357112 2 0.942824 0.362876 2
0 0.790551 0.276455 0.026042 0.103175 0.791466 0.239805 2 0.791244 0.238100 1 0.790797 0.237893 2 0.789472 0.238964 1 0.787755 0.238483 2 0.788429 0.249172 2 0.783502 0.247987 2 0.787718 0.262749 2 0.780524 0.261379 2 0.790555 0.271340 2 0.786250 0.269950 2 0.785615 0.271620 2 0.782203 0.271736 2 0.789636 0.283557 2 0.786533 0.283598 2 0.784931 0.301215 2 0.782330 0.302085 2
0 0.808036 0.270503 0.023810 0.093915 0.809843 0.239711 2 0.809816 0.237926 1 0.809250 0.237843 2 0.808150 0.238058 1 0.807138 0.238152 2 0.807940 0.245830 2 0.803736 0.247749 2 0.810881 0.258544 2 0.806858 0.261480 2 0.814318 0.267344 2 0.812887 0.271345 2 0.807807 0.267906 2 0.804928 0.270344 2 0.815399 0.273332 2 0.812313 0.279642 2 0.813881 0.293589 2 0.813767 0.301370 2
0 0.847470 0.876984 0.059524 0.227513 0.864395 0.805833 2 0.867693 0.801479 2 0.861736 0.800327 2 0.871404 0.801445 2 0.855817 0.797852 2 0.872233 0.825202 2 0.849729 0.817989 2 0.870856 0.856327 2 0.851144 0.852322 2 0.863265 0.831689 2 0.862862 0.865867 2 0.862890 0.885639 2 0.846650 0.880889 2 0.856230 0.929650 2 0.838674 0.922977 2 0.849944 0.970016 2 0.830230 0.965164 2
0 0.538318 0.325397 0.026042 0.108466 0.536776 0.282114 2 0.537150 0.279748 2 0.536167 0.280385 1 0.539336 0.277644 2 0.537452 0.279237 1 0.543254 0.286172 2 0.539979 0.285855 2 0.544421 0.301762 2 0.539784 0.302479 2 0.538232 0.300795 2 0.535946 0.308939 2 0.542339 0.316940 2 0.540304 0.315601 2 0.541062 0.340236 2 0.540974 0.335878 2 0.542307 0.363276 2 0.543276 0.355601 2
0 0.520461 0.298942 0.026042 0.092593 0.516181 0.265510 2 0.517316 0.263822 2 0.515482 0.263626 2 0.519448 0.264534 2 0.514816 0.264149 1 0.521169 0.274714 2 0.513334 0.274328 2 0.522276 0.287351 2 0.513052 0.286566 2 0.520133 0.296128 2 0.516034 0.295961 2 0.519554 0.299196 2 0.514398 0.298984 2 0.518377 0.317183 2 0.514613 0.316921 2 0.517954 0.335637 2 0.514771 0.335309 2
0 0.503348 0.161376 0.017113 0.063492 0.509584 0.136726 2 0.510044 0.135901 2 0.509088 0.135677 2 0.510573 0.136670 1 0.507939 0.136186 2 0.510459 0.143798 2 0.506165 0.142489 2 0.509854 0.151848 2 0.503330 0.149080 2 0.509250 0.157571 2 0.503391 0.155449 2 0.506426 0.159628 2 0.502964 0.158787 2 0.507265 0.172511 2 0.501227 0.172215 2 0.508505 0.185887 2 0.497631 0.186465 2
0 0.094494 0.313492 0.017857 0.068783 0.094791 0.294600 2 0.095120 0.292372 2 0.093420 0.293397 2 0.095736 0.292443 1 0.091697 0.295183 2 0.097629 0.299178 2 0.092314 0.303095 2 0.100980 0.306446 2 0.092158 0.313274 2 0.100229 0.307392 2 0.092849 0.316271 2 0.097661 0.318076 2 0.093785 0.319328 2 0.096440 0.324683 2 0.087421 0.326756 2 0.099375 0.337306 2 0.091489 0.337481 2
0 0.652158 0.143519 0.012649 0.070106 0.654672 0.116962 2 0.654924 0.115771 2 0.653993 0.115854 2 0.654935 0.116325 1 0.652362 0.116366 2 0.655220 0.123540 2 0.650796 0.123189 2 0.656277 0.130565 2 0.649624 0.132092 2 0.655145 0.126738 2 0.650886 0.139553 2 0.654630 0.141660 2 0.651308 0.141388 2 0.654381 0.155365 2 0.649983 0.155138 2 0.653798 0.167969 2 0.646724 0.167009 2
0 0.175967 0.156746 0.017113 0.035714 0.177288 0.145268 1 0.177168 0.144584 1 0.177455 0.144584 1 0.176356 0.144781 2 0.178382 0.144722 2 0.175677 0.148585 2 0.178936 0.148382 2 0.175524 0.152684 2 0.180308 0.152345 2 0.176181 0.155344 1 0.181002 0.154957 1 0.176465 0.156470 2 0.178715 0.156481 2 0.177124 0.161109 2 0.179756 0.161006 2 0.176664 0.166303 2 0.179224 0.165902 2
0 0.198661 0.139550 0.017857 0.046296 0.194354 0.126129 1 0.194439 0.125299 1 0.194686 0.124936 1 0.194626 0.125927 2 0.197048 0.124838 2 0.194624 0.131273 2 0.199244 0.129687 2 0.194551 0.137708 2 0.201872 0.134599 2 0.196179 0.143343 2 0.201945 0.140752 1 0.198929 0.144493 2 0.201900 0.144045 2 0.200232 0.154965 2 0.202147 0.154529 2 0.201875 0.165014 2 0.203370 0.165046 2
0 0.803943 0.205688 0.017113 0.062169 0.809692 0.184622 1 0.809307 0.183458 1 0.809878 0.183735 1 0.806700 0.183953 2 0.810237 0.184721 2 0.804558 0.190342 2 0.810728 0.190852 2 0.801997 0.196673 2 0.811317 0.194690 1 0.802377 0.199450 2 0.808288 0.192338 1 0.803701 0.206805 2 0.807660 0.207081 2 0.803444 0.218665 2 0.806252 0.219253 2 0.803687 0.230851 2 0.805804 0.231419 2
0 0.447173 0.110450 0.016369 0.056878 0.447150 0.091671 1 0.447364 0.090765 1 0.447543 0.090794 1 0.447551 0.091505 2 0.449766 0.091300 2 0.446798 0.096900 2 0.451347 0.096502 2 0.445668 0.103228 2 0.452891 0.100555 2 0.446225 0.109140 2 0.451271 0.101782 1 0.448327 0.110784 2 0.451364 0.110761 2 0.448480 0.119623 2 0.451021 0.120482 2 0.449474 0.128504 2 0.451834 0.129502 2
0 0.397693 0.096561 0.012649 0.052910 0.398508 0.078900 2 0.398692 0.077908 1 0.397956 0.078053 2 0.398802 0.078479 1 0.396922 0.078809 2 0.399448 0.083693 2 0.396220 0.083917 2 0.400404 0.089170 2 0.395395 0.089645 2 0.400350 0.093339 2 0.395753 0.094760 2 0.399012 0.093758 2 0.397008 0.093902 2 0.399222 0.101492 2 0.397843 0.101548 2 0.398485 0.109130 2 0.397801 0.108903 2
0 0.138765 0.103175 0.014137 0.050265 0.134217 0.085876 2 0.134723 0.084813 2 0.133712 0.085008 2 0.135772 0.085434 2 0.133317 0.085881 2 0.137325 0.091355 2 0.133054 0.091610 2 0.139300 0.098068 2 0.132243 0.098873 2 0.139612 0.103491 2 0.132162 0.104998 2 0.138043 0.104182 2 0.135242 0.104265 2 0.138729 0.115320 2 0.136108 0.114226 2 0.141163 0.126324 2 0.137821 0.124134 2
0 0.810268 0.166667 0.014881 0.047619 0.810354 0.184437 1 0.809762 0.183395 1 0.810329 0.183588 1 0.806760 0.183923 2 0.810178 0.184670 2 0.804496 0.190791 2 0.810951 0.191746 2 0.802216 0.197026 2 0.811911 0.197256 1 0.803609 0.198599 1 0.811170 0.192502 1 0.804423 0.199570 1 0.808826 0.199570 1 0.804376 0.194508 1 0.808921 0.194716 1 0.803320 0.197810 1 0.807007 0.198049 1
0 0.709449 0.139550 0.012649 0.048942 0.713189 0.126160 2 0.713346 0.125147 2 0.712640 0.125101 2 0.712930 0.125488 1 0.711006 0.125436 2 0.712369 0.130571 2 0.709661 0.130964 2 0.713692 0.134228 1 0.707977 0.137233 2 0.714498 0.135621 1 0.707866 0.143631 2 0.710411 0.144224 2 0.708787 0.144169 2 0.708933 0.154197 2 0.707600 0.154245 2 0.707431 0.164263 2 0.706027 0.164542 2
0 0.603795 0.281085 0.014137 0.056878 0.607799 0.265552 2 0.607451 0.264217 1 0.607289 0.264373 2 0.605306 0.264691 1 0.605563 0.265178 2 0.602835 0.271862 2 0.605449 0.272566 2 0.601770 0.281190 2 0.605095 0.282050 2 0.605430 0.282771 2 0.609970 0.281435 2 0.602613 0.291399 2 0.604511 0.292005 2 0.603819 0.303445 2 0.607001 0.303929 2 0.600141 0.311808 2 0.603206 0.312917 2
0 0.957217 0.296958 0.026042 0.104497 0.949026 0.266318 1 0.947867 0.263433 1 0.948971 0.263892 1 0.942267 0.262437 1 0.948037 0.264247 2 0.938988 0.274175 2 0.947468 0.277657 2 0.940510 0.293512 1 0.950367 0.298415 2 0.944010 0.309308 1 0.949995 0.313490 2 0.938988 0.313148 2 0.943709 0.315001 2 0.939553 0.336832 1 0.944447 0.340363 2 0.939333 0.359224 1 0.942533 0.362680 2
0 0.979911 0.260582 0.025298 0.108466 0.989277 0.241275 1 0.989755 0.239283 1 0.989805 0.239352 1 0.990289 0.241398 2 0.993743 0.241099 1 0.988174 0.253587 2 0.994417 0.253406 2 0.984399 0.269278 2 0.995940 0.268800 2 0.982328 0.282478 2 0.994221 0.276924 1 0.987960 0.283312 2 0.992704 0.283121 2 0.985240 0.302963 2 0.993364 0.303973 2 0.980064 0.323770 2 0.992246 0.322163 2
0 0.514881 0.220238 0.017857 0.078042 0.515902 0.190652 2 0.516196 0.188832 2 0.514881 0.188884 2 0.515777 0.189433 1 0.512405 0.189559 2 0.514904 0.197625 2 0.510812 0.198625 2 0.515575 0.208442 2 0.510508 0.212550 2 0.519082 0.206349 2 0.516812 0.211324 2 0.515556 0.221133 2 0.512500 0.222165 2 0.518745 0.238218 2 0.512085 0.239344 2 0.517955 0.256359 2 0.511441 0.257404 2
0 0.734003 0.130952 0.017113 0.052910 0.735391 0.112433 2 0.735818 0.111376 2 0.734792 0.111358 2 0.736229 0.111447 1 0.733304 0.111264 2 0.736711 0.117121 2 0.731620 0.116513 2 0.738117 0.123719 2 0.729261 0.121797 2 0.735592 0.122006 2 0.731956 0.122945 2 0.735635 0.130319 2 0.732089 0.130146 2 0.735569 0.139496 2 0.731032 0.140362 2 0.735752 0.148891 2 0.729164 0.150253 2
0 0.990699 0.283730 0.017113 0.123016 0.997829 0.245909 1 0.996738 0.243651 1 0.997548 0.243886 1 0.990906 0.244620 1 0.996097 0.245557 2 0.987480 0.255910 2 0.996307 0.257422 2 0.983722 0.270099 2 0.998292 0.273539 2 0.983131 0.278308 1 0.998701 0.280996 2 0.987206 0.282955 2 0.993701 0.283437 2 0.985125 0.304591 2 0.994600 0.304123 2 0.979809 0.322593 2 0.993034 0.323400 2
0 0.955729 0.174603 0.020089 0.063492 0.952776 0.156461 2 0.952959 0.154658 2 0.952847 0.155005 1 0.954796 0.153431 2 0.955519 0.153966 1 0.955756 0.160393 2 0.958349 0.160199 2 0.954347 0.173138 2 0.957836 0.171699 1 0.951897 0.180996 2 0.954430 0.178734 1 0.954778 0.178653 2 0.956529 0.177891 2 0.951696 0.189937 2 0.952524 0.189809 2 0.951445 0.206281 2 0.951025 0.205646 2
0 0.904762 0.185185 0.020833 0.044974 0.902544 0.175835 2 0.903199 0.174330 2 0.902310 0.174439 2 0.904946 0.174176 2 0.902641 0.174245 1 0.907616 0.179013 2 0.902308 0.178504 2 0.906980 0.188440 2 0.900371 0.186108 2 0.901566 0.193529 2 0.899636 0.192346 2 0.907325 0.192588 2 0.903550 0.191654 2 0.906195 0.190440 2 0.898385 0.189063 2 0.901371 0.196826 2 0.898311 0.196875 2
