0 0.681920 0.930556 0.045387 0.133598 0.684053 0.896040 2 0.686329 0.891403 2 0.681032 0.890432 2 0.686730 0.891730 1 0.674573 0.889385 2 0.678419 0.911897 2 0.676450 0.913718 2 0.688422 0.934503 2 0.691185 0.941629 2 0.695003 0.929247 2 0.698836 0.932107 2 0.682931 0.973087 2 0.681674 0.976857 2 0.696863 0.985638 2 0.700340 0.992602 2 0.692444 0.998515 1 0.694170 1.000000 1
0 0.716890 0.878307 0.042411 0.208995 0.721463 0.800373 2 0.723972 0.796768 2 0.719399 0.796469 2 0.727892 0.798723 2 0.716472 0.797850 2 0.731626 0.821980 2 0.710529 0.818325 2 0.734646 0.851548 2 0.703805 0.845471 2 0.732439 0.879234 2 0.703619 0.875841 2 0.724533 0.880851 2 0.710291 0.878354 2 0.722982 0.922724 2 0.703650 0.917350 2 0.718893 0.963409 2 0.699389 0.953393 2
0 0.645089 0.841931 0.053571 0.125661 0.682186 0.897165 2 0.682292 0.893172 1 0.680600 0.892508 2 0.680897 0.890233 1 0.674702 0.889034 2 0.674642 0.906041 2 0.673522 0.912551 2 0.679477 0.917495 1 0.682292 0.929507 1 0.682125 0.909780 1 0.682180 0.911894 1 0.677418 0.929894 1 0.676709 0.929894 1 0.682292 0.914739 1 0.682292 0.926598 1 0.680239 0.922191 1 0.679710 0.929894 1
0 0.340030 0.555556 0.023810 0.087302 0.342342 0.519591 2 0.343098 0.517709 2 0.341357 0.517712 2 0.343976 0.518568 2 0.339501 0.518564 2 0.345410 0.528611 2 0.336802 0.527898 2 0.346975 0.538267 2 0.331830 0.535278 2 0.345841 0.540410 2 0.333909 0.538515 2 0.344448 0.551421 2 0.338280 0.551487 2 0.347008 0.565677 2 0.335252 0.566663 2 0.349390 0.584613 2 0.336343 0.585440 2
0 0.593750 0.642196 0.032738 0.128307 0.589816 0.593533 2 0.591282 0.591010 2 0.588609 0.591031 2 0.593970 0.591774 2 0.587118 0.592106 2 0.596167 0.603072 2 0.584870 0.606007 2 0.602519 0.614312 2 0.582407 0.618226 2 0.609055 0.622488 2 0.587908 0.630263 2 0.594221 0.637951 2 0.585975 0.640804 2 0.601041 0.662319 2 0.585063 0.672315 2 0.600275 0.684934 2 0.580554 0.698903 2
0 0.577381 0.644841 0.023810 0.107143 0.589652 0.593313 2 0.591120 0.590972 2 0.588398 0.591005 2 0.593554 0.591461 2 0.586510 0.591739 2 0.593750 0.603303 2 0.584590 0.605087 2 0.593750 0.619075 1 0.582345 0.619168 2 0.593750 0.631575 1 0.587273 0.630568 2 0.593750 0.639206 2 0.586138 0.640580 2 0.593750 0.665900 2 0.584650 0.670843 2 0.593671 0.687527 2 0.581386 0.696984 2
0 0.491815 0.552910 0.020833 0.097884 0.504110 0.521638 1 0.503381 0.519646 1 0.503846 0.519575 1 0.498898 0.520490 1 0.502326 0.520498 2 0.496334 0.530433 2 0.503152 0.530655 2 0.493849 0.543056 2 0.505275 0.542156 2 0.493032 0.552894 2 0.503443 0.548044 1 0.497555 0.553780 2 0.502345 0.554040 2 0.496830 0.574028 2 0.502499 0.573933 2 0.496348 0.592109 2 0.503682 0.594350 2
0 0.542039 0.593254 0.033482 0.109788 0.544767 0.551491 1 0.543967 0.549541 1 0.544802 0.549437 1 0.539305 0.550582 2 0.544736 0.550710 2 0.535970 0.562859 2 0.545637 0.562923 2 0.533327 0.579589 2 0.549997 0.576061 2 0.533226 0.592210 2 0.557100 0.584879 2 0.537547 0.593665 2 0.543611 0.594285 2 0.538765 0.614461 2 0.543287 0.616928 2 0.539418 0.634951 2 0.541730 0.639417 2
0 0.536830 0.545635 0.024554 0.093915 0.544955 0.550592 1 0.543977 0.548946 1 0.544874 0.548783 1 0.539393 0.550298 2 0.544590 0.550535 2 0.536204 0.562273 2 0.545831 0.562069 2 0.533626 0.578185 2 0.549086 0.575601 2 0.533364 0.591140 2 0.553571 0.582963 2 0.537582 0.593900 2 0.543647 0.593992 2 0.538512 0.610367 1 0.543356 0.610367 1 0.539397 0.609441 1 0.541353 0.610110 1
0 0.561756 0.549603 0.013393 0.078042 0.566792 0.523566 2 0.566697 0.522153 1 0.566183 0.522219 2 0.565488 0.522581 1 0.564214 0.522818 2 0.565535 0.529580 2 0.562734 0.529972 2 0.566218 0.537865 2 0.561928 0.538999 2 0.566839 0.541687 2 0.562747 0.546354 2 0.565298 0.548020 2 0.563565 0.548403 2 0.564551 0.564689 2 0.563349 0.565092 2 0.563889 0.579893 2 0.563589 0.580457 2
0 0.499628 0.548280 0.020089 0.088624 0.503616 0.519827 1 0.502843 0.518116 1 0.503410 0.518028 1 0.498427 0.519496 2 0.502418 0.519460 2 0.495814 0.529453 2 0.503768 0.529480 2 0.494018 0.542929 2 0.507188 0.540641 2 0.493259 0.553362 2 0.508617 0.549194 2 0.497147 0.552495 2 0.502722 0.552707 2 0.495145 0.572092 2 0.502225 0.573511 2 0.494091 0.590838 2 0.502825 0.595031 2
0 0.506696 0.520503 0.016369 0.085979 0.503007 0.518432 1 0.502250 0.516927 1 0.503071 0.516772 1 0.498494 0.518431 2 0.503319 0.518505 2 0.496837 0.528500 2 0.504614 0.528561 2 0.495686 0.541128 1 0.505915 0.540890 2 0.496507 0.549445 1 0.505818 0.546865 2 0.497887 0.551131 2 0.503136 0.551035 2 0.498609 0.571481 2 0.502589 0.570231 2 0.500506 0.580355 1 0.502987 0.580605 1
0 0.490327 0.513228 0.017857 0.082011 0.500178 0.521233 1 0.500001 0.519586 1 0.500323 0.519553 1 0.497665 0.520105 2 0.500732 0.520147 2 0.495023 0.528839 2 0.500090 0.529225 2 0.493790 0.540632 2 0.497847 0.541053 1 0.493516 0.551507 2 0.494281 0.550905 1 0.496592 0.550737 2 0.500445 0.551351 2 0.495445 0.567232 2 0.500446 0.568989 1 0.494800 0.569783 1 0.500034 0.569666 1
0 0.411086 0.437169 0.017113 0.054233 0.409409 0.421702 1 0.409408 0.420753 1 0.409610 0.420615 1 0.409687 0.420894 2 0.412086 0.420236 2 0.410129 0.426467 2 0.413905 0.424284 2 0.409785 0.434576 2 0.415964 0.428328 2 0.408139 0.443262 2 0.415605 0.437637 2 0.411107 0.440530 2 0.413843 0.439611 2 0.409434 0.450635 2 0.413617 0.450926 2 0.409957 0.461449 2 0.415770 0.461430 2
