0 0.187500 0.751984 0.026786 0.099206 0.188706 0.717706 1 0.188129 0.715785 1 0.189066 0.715218 1 0.185254 0.716780 2 0.191931 0.715446 2 0.183975 0.729453 2 0.194807 0.726100 2 0.181749 0.741747 2 0.198189 0.737957 2 0.184358 0.735737 2 0.196610 0.739891 2 0.188619 0.754255 2 0.196017 0.752540 2 0.190602 0.772420 2 0.197336 0.768022 2 0.191825 0.790671 2 0.199800 0.786166 2
0 0.175223 0.727513 0.020089 0.126984 0.180804 0.681511 2 0.180627 0.678924 1 0.179748 0.679129 2 0.178389 0.678831 1 0.176086 0.679465 2 0.178814 0.688689 2 0.172644 0.692444 2 0.181461 0.701035 1 0.172676 0.710746 2 0.183429 0.710869 1 0.176462 0.723800 2 0.181306 0.720189 2 0.177252 0.722726 2 0.181768 0.747644 2 0.179000 0.749692 2 0.178965 0.774106 2 0.178058 0.776490 2
0 0.214286 0.726190 0.020833 0.089947 0.211299 0.703332 2 0.210952 0.701490 2 0.211238 0.701571 1 0.212367 0.696884 2 0.214595 0.697139 1 0.214552 0.699381 2 0.219544 0.699065 2 0.211946 0.706922 2 0.220973 0.709758 1 0.213058 0.710188 2 0.216516 0.712685 1 0.216816 0.719004 2 0.219795 0.717916 2 0.215383 0.738573 2 0.215229 0.734372 2 0.220373 0.759043 2 0.217259 0.753265 2
0 0.268601 0.570767 0.014881 0.062169 0.259539 0.579127 1 0.259922 0.577812 1 0.260676 0.577662 1 0.261509 0.579688 2 0.265294 0.578744 1 0.260343 0.590569 2 0.266317 0.588024 2 0.258446 0.600289 2 0.268489 0.594270 2 0.263621 0.601923 1 0.271300 0.599856 2 0.262377 0.610183 2 0.266087 0.609301 2 0.262953 0.612608 1 0.266213 0.612655 1 0.263501 0.611802 1 0.265956 0.610976 1
0 0.301339 0.695106 0.041667 0.088624 0.303879 0.668222 2 0.305002 0.664974 2 0.302688 0.665394 2 0.308639 0.663867 2 0.304213 0.664408 1 0.308758 0.676291 2 0.310815 0.673758 2 0.297454 0.685105 2 0.301360 0.682449 2 0.289497 0.691529 2 0.291321 0.690810 2 0.315122 0.711593 2 0.316994 0.708262 2 0.296691 0.694058 2 0.303938 0.684493 2 0.298684 0.725418 2 0.305362 0.712808 2
0 0.465402 0.435185 0.018601 0.089947 0.464251 0.402539 1 0.464310 0.400848 1 0.464729 0.400894 1 0.463706 0.401518 2 0.467848 0.401362 2 0.461987 0.411373 2 0.470248 0.410967 2 0.460660 0.423631 2 0.471941 0.422086 2 0.460259 0.433069 2 0.471177 0.430976 1 0.464062 0.432833 2 0.469807 0.432700 2 0.463889 0.450630 2 0.469590 0.451856 2 0.464424 0.469259 2 0.469161 0.470210 2
0 0.302083 0.631614 0.029762 0.059524 0.300110 0.615160 2 0.301265 0.612595 2 0.299115 0.613235 2 0.304225 0.612355 2 0.299975 0.613510 1 0.305094 0.619563 2 0.305635 0.619959 2 0.297127 0.626601 2 0.301393 0.625949 2 0.293872 0.628729 2 0.296087 0.629786 1 0.311523 0.643609 2 0.311621 0.642512 2 0.299081 0.630828 2 0.300106 0.627982 2 0.303537 0.646345 2 0.304141 0.646354 2
0 0.306920 0.610450 0.023065 0.054233 0.299737 0.614265 2 0.301095 0.611873 2 0.298760 0.612416 2 0.304228 0.612408 2 0.299230 0.613256 1 0.305284 0.620245 2 0.303958 0.620893 2 0.297010 0.626514 2 0.301667 0.627340 2 0.292553 0.628951 2 0.298001 0.630516 2 0.311263 0.643689 2 0.309687 0.642999 2 0.301309 0.638707 1 0.300147 0.635705 1 0.306624 0.644422 1 0.304073 0.644835 1
0 0.316964 0.593915 0.029762 0.058201 0.305612 0.597096 2 0.306022 0.594912 2 0.306178 0.594721 1 0.308453 0.594829 2 0.310505 0.593911 1 0.309407 0.605631 2 0.314425 0.603262 2 0.304703 0.618024 2 0.310344 0.614120 1 0.304339 0.604356 2 0.305307 0.603644 1 0.312038 0.632822 2 0.315506 0.630827 1 0.307074 0.632937 1 0.310480 0.632937 1 0.309619 0.632937 1 0.313254 0.632937 1
0 0.468378 0.420635 0.018601 0.076720 0.465252 0.402242 1 0.465202 0.400477 1 0.465733 0.400542 1 0.463800 0.401726 2 0.468342 0.401515 2 0.461882 0.412098 2 0.470435 0.411812 2 0.460465 0.425123 2 0.472368 0.423949 2 0.460965 0.433808 2 0.471460 0.432589 1 0.464291 0.433260 2 0.470037 0.433389 2 0.464414 0.450844 2 0.469191 0.451654 2 0.465436 0.468098 2 0.468910 0.469174 2
0 0.412202 0.919974 0.066964 0.154762 0.398411 0.871375 2 0.400785 0.867173 2 0.396459 0.867298 2 0.405315 0.864427 2 0.394195 0.864758 2 0.412281 0.879661 2 0.391848 0.880129 2 0.419399 0.909736 2 0.388679 0.907534 2 0.422604 0.942069 2 0.385932 0.935003 2 0.416113 0.934592 2 0.401015 0.935209 2 0.423621 0.975734 2 0.392775 0.975659 2 0.431239 0.998985 1 0.397274 0.999137 1
0 0.344494 0.904762 0.035714 0.158730 0.338875 0.854010 2 0.340835 0.849148 2 0.336707 0.850354 2 0.346317 0.845766 2 0.335657 0.848607 1 0.353329 0.865847 2 0.334601 0.865174 2 0.358510 0.890859 2 0.332396 0.888271 2 0.353274 0.898591 2 0.341394 0.901253 2 0.351249 0.921310 2 0.339539 0.920344 2 0.347873 0.963964 2 0.341622 0.959204 2 0.348718 0.995660 2 0.345961 0.983730 2
0 0.344866 0.893519 0.023065 0.088624 0.338620 0.853603 2 0.340550 0.848964 2 0.336541 0.850204 2 0.346449 0.845802 2 0.335711 0.848600 1 0.354802 0.864565 2 0.334968 0.864733 2 0.356110 0.892440 2 0.332574 0.887758 2 0.342583 0.901026 2 0.340871 0.901020 2 0.352844 0.923266 2 0.339578 0.922790 2 0.350494 0.951220 1 0.341949 0.951139 1 0.350544 0.948535 1 0.343613 0.948136 1
0 0.404762 0.398148 0.016369 0.074074 0.404419 0.372654 1 0.404140 0.371382 1 0.404492 0.371441 1 0.402045 0.372042 2 0.406496 0.372176 2 0.399778 0.380095 2 0.408450 0.380255 2 0.398476 0.390864 2 0.409742 0.391294 2 0.400013 0.394292 1 0.408750 0.394977 1 0.401200 0.399005 2 0.407124 0.399130 2 0.401490 0.404127 1 0.407005 0.404366 1 0.402476 0.405817 1 0.406401 0.405989 1
0 0.388021 0.490079 0.024554 0.083333 0.387019 0.461278 2 0.387984 0.458928 2 0.385885 0.459569 2 0.390326 0.457449 2 0.385105 0.459045 2 0.393843 0.467007 2 0.384151 0.468037 2 0.395893 0.482314 2 0.382319 0.482832 2 0.396243 0.495906 2 0.381806 0.495986 2 0.392027 0.495870 2 0.385851 0.496054 2 0.391891 0.517441 2 0.386594 0.517475 2 0.392712 0.532746 2 0.388533 0.531754 2
0 0.422991 0.384259 0.015625 0.072751 0.420246 0.363870 2 0.420601 0.362084 2 0.419666 0.362521 2 0.422549 0.360396 2 0.420181 0.361652 1 0.425706 0.367145 2 0.421509 0.367737 2 0.427181 0.377399 2 0.421399 0.377342 2 0.425400 0.386575 2 0.419483 0.385364 2 0.424614 0.388192 2 0.421946 0.387820 2 0.423959 0.401140 2 0.421534 0.400145 2 0.424771 0.415302 2 0.422316 0.413012 2
0 0.467634 0.355820 0.018601 0.071429 0.467033 0.332312 2 0.467889 0.330855 2 0.466256 0.330944 2 0.469291 0.330871 2 0.465371 0.331133 2 0.471226 0.338730 2 0.463817 0.338805 2 0.473112 0.349737 2 0.461717 0.348625 2 0.472715 0.360019 2 0.461223 0.359029 2 0.469566 0.361675 2 0.464951 0.361678 2 0.468900 0.377579 2 0.466183 0.377652 2 0.468835 0.388489 2 0.467049 0.388380 2
0 0.515625 0.346561 0.019345 0.074074 0.516625 0.321779 2 0.517457 0.320608 2 0.515867 0.320661 2 0.518774 0.321499 2 0.514925 0.321590 2 0.520431 0.328035 2 0.513352 0.328075 2 0.522070 0.335887 2 0.511833 0.335068 2 0.522713 0.343234 2 0.512853 0.339823 2 0.519604 0.345990 2 0.514971 0.346219 2 0.519492 0.359193 2 0.515048 0.359967 2 0.518732 0.370428 2 0.515180 0.371186 2
0 0.424107 0.246693 0.011905 0.046296 0.424272 0.231830 2 0.424472 0.230910 1 0.424194 0.230936 1 0.424707 0.230724 2 0.425142 0.230629 2 0.423977 0.234407 2 0.426780 0.234550 2 0.422559 0.239896 2 0.428580 0.241326 2 0.422810 0.243982 2 0.427886 0.246031 2 0.424794 0.246158 2 0.426585 0.246236 2 0.425207 0.254913 2 0.426634 0.254338 2 0.425674 0.261531 2 0.426981 0.260453 2
0 0.348214 0.522487 0.022321 0.089947 0.344033 0.491500 2 0.344659 0.489190 2 0.343113 0.489964 2 0.347288 0.487080 2 0.343329 0.489154 1 0.352083 0.495463 2 0.342781 0.497125 2 0.355582 0.505975 2 0.341679 0.509997 2 0.355617 0.518944 2 0.342199 0.521324 2 0.351779 0.521920 2 0.345986 0.522310 2 0.351915 0.540903 2 0.348321 0.539089 2 0.351922 0.558148 2 0.350834 0.551834 2
0 0.327381 0.552910 0.019345 0.071429 0.317814 0.591332 2 0.320288 0.587178 2 0.316310 0.588421 2 0.325717 0.589394 2 0.315582 0.591885 1 0.330792 0.600512 1 0.316020 0.601438 1 0.334147 0.600153 1 0.315419 0.600394 1 0.326777 0.598476 1 0.318571 0.597813 1 0.330502 0.597905 1 0.320974 0.597983 1 0.331678 0.593691 1 0.319036 0.593090 1 0.325254 0.597072 1 0.326135 0.599723 1
0 0.330357 0.529101 0.014881 0.066138 0.323544 0.531187 2 0.324578 0.529423 2 0.322674 0.529704 2 0.326918 0.528826 2 0.322099 0.529564 1 0.328704 0.535978 2 0.321856 0.536407 2 0.330968 0.544581 2 0.320326 0.544119 2 0.331356 0.551686 2 0.320775 0.552974 1 0.328631 0.555281 2 0.324192 0.555657 2 0.329151 0.566806 2 0.324632 0.568138 2 0.329877 0.572940 2 0.324725 0.573641 2
0 0.311012 0.503307 0.020833 0.083333 0.312308 0.475487 1 0.312214 0.473954 1 0.312835 0.473978 1 0.310817 0.475054 2 0.315432 0.475025 2 0.309430 0.484406 2 0.316856 0.484589 2 0.307331 0.493336 2 0.319073 0.494848 2 0.306879 0.497218 2 0.320520 0.505218 2 0.310832 0.504691 2 0.315658 0.504755 2 0.310868 0.519524 2 0.314504 0.519466 2 0.311469 0.534496 2 0.314082 0.534843 2
0 0.263021 0.609788 0.021577 0.084656 0.259717 0.579595 1 0.260062 0.578112 1 0.260508 0.578006 1 0.261173 0.580106 2 0.264799 0.579335 1 0.260101 0.589817 2 0.266738 0.588399 2 0.257364 0.595200 2 0.269601 0.595582 2 0.257779 0.586520 2 0.270775 0.596088 2 0.263043 0.609967 2 0.267228 0.609344 2 0.263395 0.624451 2 0.267144 0.623545 2 0.263560 0.640651 2 0.267714 0.637928 2
0 0.265625 0.564153 0.022321 0.085979 0.259312 0.579217 1 0.259813 0.577945 1 0.260472 0.577839 1 0.260858 0.580099 2 0.264534 0.579241 2 0.259754 0.590229 2 0.265478 0.588251 2 0.258115 0.597698 2 0.267936 0.595505 2 0.260398 0.592228 2 0.270856 0.600941 2 0.262933 0.609145 2 0.266080 0.608344 2 0.264553 0.621839 2 0.264799 0.620411 2 0.267086 0.623760 1 0.264404 0.622140 1
0 0.274926 0.503968 0.024554 0.074074 0.269475 0.482293 1 0.269179 0.480817 1 0.269807 0.479456 1 0.269010 0.479622 2 0.273003 0.475812 2 0.270938 0.486284 2 0.277341 0.478511 2 0.273236 0.500843 2 0.283159 0.483963 2 0.275650 0.513172 2 0.283501 0.495397 2 0.279242 0.499436 2 0.283498 0.496061 2 0.279425 0.518256 2 0.282562 0.514617 2 0.279901 0.533739 2 0.283137 0.533252 2
0 0.290923 0.484127 0.020833 0.095238 0.287482 0.452426 1 0.287341 0.450408 1 0.287223 0.450849 1 0.289191 0.448375 2 0.289551 0.449758 1 0.293067 0.452558 2 0.292466 0.454324 2 0.289697 0.449598 2 0.289031 0.454836 1 0.287684 0.446806 2 0.287974 0.453537 1 0.294307 0.475114 2 0.293811 0.475215 2 0.294807 0.495310 2 0.294631 0.494436 2 0.295941 0.514082 2 0.296810 0.515785 2
