0 0.953869 0.301587 0.028274 0.097884 0.966792 0.257578 2 0.966031 0.255409 1 0.966815 0.255689 2 0.960468 0.254596 1 0.964836 0.255785 2 0.956596 0.262264 2 0.960530 0.266211 2 0.954940 0.276003 2 0.957698 0.281641 2 0.959418 0.286474 1 0.961369 0.288632 2 0.952322 0.290234 2 0.955760 0.292530 2 0.948836 0.309441 2 0.956584 0.315348 2 0.941811 0.326989 2 0.954298 0.336459 2
0 0.341518 0.156085 0.013393 0.063492 0.340705 0.130638 2 0.341279 0.129289 2 0.340109 0.129333 2 0.342180 0.130291 2 0.339418 0.130277 2 0.343646 0.138404 2 0.337965 0.137842 2 0.345501 0.147245 2 0.335060 0.144402 2 0.343177 0.145476 2 0.338024 0.140386 2 0.342872 0.156374 2 0.339260 0.156363 2 0.343523 0.170138 2 0.340685 0.170466 2 0.342259 0.184705 2 0.340057 0.184859 2
0 0.183036 0.094577 0.016369 0.048942 0.178686 0.086510 2 0.178901 0.085582 1 0.178104 0.085765 2 0.179273 0.086245 1 0.177277 0.086703 2 0.180618 0.092009 2 0.176976 0.092610 2 0.181837 0.096427 2 0.176681 0.097547 2 0.181641 0.099419 2 0.177476 0.101372 2 0.180782 0.101367 2 0.178277 0.101686 2 0.181272 0.107321 2 0.178517 0.107530 2 0.181680 0.113719 2 0.178211 0.114085 2
0 0.527158 0.451058 0.029018 0.145503 0.529812 0.397496 2 0.531968 0.395225 2 0.528678 0.394141 2 0.534842 0.394820 2 0.526518 0.392295 2 0.537452 0.406536 2 0.523184 0.405257 2 0.540786 0.426412 2 0.520716 0.422520 2 0.542576 0.444616 2 0.517732 0.439996 2 0.533270 0.441681 2 0.523677 0.441253 2 0.532896 0.471394 2 0.521897 0.473777 2 0.532038 0.495910 2 0.520332 0.504982 2
0 0.775670 0.309524 0.021577 0.113757 0.778525 0.264479 2 0.779675 0.262388 2 0.777384 0.262112 2 0.781167 0.263457 2 0.775109 0.262759 2 0.783429 0.275995 2 0.772213 0.274943 2 0.786875 0.292274 2 0.767940 0.288488 2 0.778347 0.294906 2 0.768977 0.294043 2 0.777803 0.307214 2 0.770282 0.305853 2 0.774805 0.331505 2 0.765852 0.332057 2 0.772716 0.352942 2 0.762947 0.355801 2
0 0.671503 0.185185 0.017113 0.068783 0.668048 0.156583 1 0.668103 0.155194 1 0.668455 0.155462 1 0.667348 0.156088 2 0.670674 0.156432 2 0.665869 0.163147 2 0.671971 0.164226 2 0.662554 0.170954 2 0.673355 0.174452 2 0.661874 0.175974 2 0.672706 0.181439 1 0.666873 0.181561 2 0.670701 0.181942 2 0.665436 0.196541 2 0.668352 0.196342 2 0.665655 0.211132 2 0.668401 0.210419 2
0 0.648065 0.519841 0.035714 0.174603 0.648007 0.455867 1 0.648171 0.452120 1 0.648947 0.452656 1 0.646059 0.453449 2 0.654602 0.454422 2 0.640742 0.474054 2 0.657525 0.476698 2 0.636395 0.490389 2 0.660128 0.505772 2 0.637631 0.479194 2 0.662165 0.528068 2 0.640993 0.525703 2 0.652010 0.526174 2 0.637424 0.557650 2 0.646374 0.559156 2 0.639125 0.592560 2 0.643097 0.591525 2
0 0.371652 0.492063 0.021577 0.164021 0.383301 0.438403 2 0.383340 0.434833 2 0.381801 0.435142 2 0.379339 0.434241 1 0.376205 0.434905 2 0.373377 0.446982 2 0.377332 0.451874 2 0.375518 0.465298 1 0.381052 0.476135 2 0.382237 0.479580 1 0.385490 0.490336 2 0.373661 0.488747 2 0.377247 0.491733 2 0.374588 0.517580 2 0.383075 0.523160 2 0.370749 0.542970 2 0.382310 0.555458 2
0 0.488839 0.434524 0.035714 0.144180 0.485790 0.377083 2 0.487559 0.373983 2 0.484063 0.374078 2 0.490187 0.374071 2 0.481850 0.373907 2 0.491976 0.390493 2 0.480823 0.385843 2 0.495418 0.413505 2 0.478771 0.401011 2 0.494299 0.433165 2 0.474631 0.415410 2 0.486967 0.429247 2 0.479647 0.426263 2 0.485783 0.457918 2 0.475868 0.451895 2 0.488156 0.485048 2 0.479845 0.474939 2
0 0.184896 0.422619 0.029018 0.141534 0.190169 0.375684 2 0.190439 0.372988 1 0.188881 0.372959 2 0.187881 0.374237 1 0.185055 0.374281 2 0.183058 0.388181 2 0.183594 0.388701 2 0.182942 0.398371 1 0.180401 0.399795 2 0.186224 0.413293 1 0.179365 0.420995 2 0.183869 0.428112 2 0.185291 0.428843 2 0.185874 0.455234 2 0.191345 0.455296 2 0.183523 0.485349 2 0.189882 0.484935 2
0 0.313244 0.431217 0.020833 0.140212 0.314237 0.379681 2 0.314638 0.376137 2 0.312151 0.377804 2 0.315347 0.376238 1 0.308375 0.379816 2 0.316624 0.391363 2 0.306804 0.394231 2 0.319063 0.409049 2 0.308457 0.415981 2 0.322642 0.425175 2 0.314213 0.431860 2 0.317243 0.424839 2 0.310102 0.426085 2 0.318748 0.456158 2 0.311271 0.455599 2 0.320022 0.485058 2 0.308484 0.478352 2
0 0.457217 0.492725 0.057292 0.123016 0.462055 0.456544 2 0.463644 0.453749 2 0.460623 0.453488 2 0.465139 0.451428 1 0.456409 0.450986 2 0.464107 0.458783 2 0.449314 0.460806 2 0.470903 0.473075 2 0.437754 0.473631 2 0.476173 0.489475 2 0.430123 0.492988 2 0.458854 0.485580 2 0.448094 0.488200 2 0.470639 0.504528 2 0.445119 0.515405 2 0.473354 0.531105 2 0.439185 0.543768 2
0 0.343006 0.518519 0.035714 0.169312 0.349809 0.453742 2 0.349300 0.450001 1 0.348385 0.450057 2 0.345273 0.452487 1 0.342775 0.452801 2 0.347235 0.470020 2 0.338736 0.474667 2 0.350802 0.487383 2 0.333848 0.502161 2 0.361028 0.491549 2 0.328384 0.523529 2 0.344889 0.517054 2 0.340570 0.519410 2 0.347683 0.548663 2 0.346877 0.553537 2 0.339331 0.571727 2 0.350764 0.589006 2
0 0.501860 0.598545 0.048363 0.205026 0.500988 0.523347 1 0.500775 0.519736 1 0.501666 0.519786 1 0.496469 0.521900 2 0.506289 0.522178 2 0.491425 0.543473 2 0.508938 0.546055 2 0.487250 0.573003 2 0.511852 0.574139 2 0.489697 0.593410 2 0.514049 0.595951 2 0.493786 0.597206 2 0.505781 0.599590 2 0.495502 0.631887 2 0.506583 0.641513 2 0.497089 0.668529 2 0.506289 0.682552 2
0 0.484003 0.399471 0.031994 0.124339 0.485745 0.376889 2 0.487355 0.374080 2 0.484104 0.374080 2 0.489659 0.374296 2 0.481718 0.373953 2 0.492019 0.390701 2 0.481157 0.386241 2 0.495559 0.412538 2 0.478638 0.401760 2 0.493588 0.432107 2 0.474010 0.417664 2 0.486771 0.428637 2 0.479409 0.425134 2 0.484767 0.457654 2 0.475047 0.449838 2 0.488037 0.480260 2 0.476070 0.470480 2
0 0.218750 0.351190 0.025298 0.125661 0.213630 0.302611 2 0.214845 0.300361 2 0.212456 0.300427 2 0.216961 0.301210 2 0.210650 0.301211 2 0.220734 0.313301 2 0.208984 0.313913 2 0.225731 0.326726 2 0.206342 0.328635 2 0.220066 0.326192 2 0.208830 0.334143 2 0.221322 0.346139 2 0.212913 0.346957 2 0.223800 0.371588 2 0.214014 0.372827 2 0.228984 0.396021 2 0.215411 0.397621 2
0 0.211682 0.336640 0.029018 0.117725 0.214043 0.302656 2 0.215068 0.300458 2 0.212717 0.300487 2 0.216697 0.301612 2 0.210426 0.301610 2 0.220131 0.313711 2 0.208933 0.314378 2 0.225732 0.326734 2 0.206434 0.327983 2 0.220888 0.325588 2 0.206831 0.327187 2 0.221143 0.347095 2 0.213229 0.347908 2 0.223982 0.372060 2 0.213877 0.373301 2 0.228119 0.396372 2 0.215098 0.397489 2
0 0.555432 0.210317 0.018601 0.087302 0.554672 0.171997 1 0.554435 0.171252 1 0.554814 0.171569 1 0.551869 0.174112 2 0.556148 0.174448 2 0.550233 0.182795 2 0.556974 0.180064 2 0.546899 0.186905 2 0.559577 0.172943 2 0.546868 0.179908 2 0.557177 0.166393 2 0.551926 0.204657 2 0.556421 0.204300 2 0.550705 0.222448 2 0.556466 0.224954 2 0.549871 0.241418 2 0.557301 0.243110 2
0 0.926711 0.290344 0.029018 0.115079 0.935922 0.246532 1 0.935829 0.244247 1 0.936370 0.244816 1 0.932978 0.245420 2 0.939080 0.246561 2 0.928531 0.257576 2 0.941252 0.260452 2 0.922377 0.273141 2 0.943834 0.275476 2 0.919745 0.286175 2 0.942285 0.285671 2 0.926140 0.291200 2 0.934569 0.292757 2 0.923338 0.310627 2 0.932359 0.316608 2 0.920435 0.331760 2 0.929640 0.340012 2
0 0.419643 0.289683 0.020833 0.103175 0.413872 0.249834 2 0.414631 0.247630 2 0.413878 0.247975 1 0.417562 0.248642 2 0.415857 0.249144 1 0.422992 0.260411 2 0.415391 0.259960 2 0.425713 0.276413 2 0.413080 0.273293 2 0.416831 0.279045 2 0.412361 0.276591 2 0.421339 0.289836 2 0.416001 0.288972 2 0.420841 0.313074 2 0.414426 0.312354 2 0.420739 0.335256 2 0.413673 0.335291 2
0 0.790179 0.275132 0.020833 0.087302 0.778069 0.264210 2 0.779316 0.261899 2 0.777034 0.261768 2 0.781218 0.262816 2 0.776042 0.262572 1 0.782675 0.275613 2 0.776042 0.275058 1 0.785976 0.290976 2 0.776534 0.289704 1 0.779763 0.292088 2 0.780125 0.291609 1 0.778727 0.305889 2 0.776042 0.305041 1 0.777280 0.327034 2 0.776042 0.326178 1 0.776356 0.333626 1 0.776042 0.333287 1
0 0.812872 0.274471 0.024554 0.083333 0.811447 0.243373 2 0.811338 0.241517 2 0.810590 0.241465 2 0.809721 0.241990 1 0.807280 0.241990 2 0.809737 0.249730 2 0.803806 0.251561 2 0.812635 0.262894 2 0.808441 0.265571 2 0.817382 0.269987 2 0.813656 0.274701 2 0.809487 0.271259 2 0.805312 0.273878 2 0.817922 0.276510 2 0.813813 0.283099 2 0.814678 0.295736 2 0.814571 0.304510 2
0 0.967634 0.931217 0.061756 0.134921 0.964987 0.899059 2 0.969829 0.895776 2 0.964512 0.891533 2 0.977216 0.901436 2 0.962839 0.890879 1 0.977696 0.931070 2 0.954246 0.916917 2 0.968063 0.971542 2 0.943854 0.949290 2 0.948961 0.974687 2 0.939367 0.975608 2 0.961766 0.996792 2 0.945242 0.988588 2 0.955236 0.983129 1 0.935133 0.975242 1 0.951502 0.990029 1 0.938328 0.995998 1
0 0.541667 0.328042 0.023810 0.063492 0.542155 0.311994 2 0.543432 0.310144 2 0.541306 0.309507 2 0.544771 0.306392 1 0.539715 0.305035 2 0.545811 0.304572 2 0.535128 0.303969 2 0.550134 0.316929 2 0.531811 0.317910 2 0.545893 0.320777 2 0.538575 0.321228 2 0.542359 0.322538 2 0.535211 0.322822 2 0.549661 0.322625 2 0.531851 0.323449 2 0.545824 0.345961 2 0.536781 0.345617 2
0 0.524554 0.299603 0.020833 0.083333 0.523944 0.270285 2 0.524869 0.268394 2 0.523004 0.268475 2 0.525990 0.267466 2 0.521218 0.267550 2 0.527573 0.275646 2 0.518397 0.275475 2 0.529439 0.287154 2 0.515091 0.286060 2 0.527332 0.296698 2 0.518964 0.293626 2 0.525517 0.303336 2 0.519617 0.303177 2 0.524082 0.326055 2 0.519353 0.325844 2 0.523621 0.348279 2 0.519739 0.347973 2
0 0.128348 0.338624 0.020089 0.042328 0.125763 0.330839 2 0.125730 0.329269 1 0.125758 0.329596 2 0.126590 0.327668 1 0.126779 0.328292 2 0.130743 0.332953 2 0.126107 0.334400 2 0.132325 0.344416 2 0.121197 0.345799 2 0.129198 0.344695 2 0.124857 0.342547 2 0.134235 0.349245 2 0.131072 0.349769 2 0.129256 0.339741 2 0.124209 0.340772 2 0.133922 0.347356 2 0.128429 0.349915 2
0 0.098958 0.317460 0.031250 0.055556 0.097129 0.305542 2 0.098403 0.303689 2 0.096590 0.304010 2 0.101566 0.303213 2 0.096266 0.304258 1 0.104258 0.307622 2 0.094394 0.311725 2 0.110293 0.315443 2 0.089842 0.324211 2 0.106431 0.316841 2 0.088018 0.333708 2 0.104669 0.324432 2 0.097726 0.326360 2 0.107856 0.322560 2 0.091789 0.326315 2 0.110378 0.336252 2 0.092137 0.338923 2
0 0.191964 0.136905 0.017857 0.046296 0.192258 0.114123 1 0.192271 0.113172 1 0.192564 0.113133 1 0.191767 0.113652 2 0.194507 0.113401 2 0.190488 0.118355 2 0.196228 0.118606 2 0.186281 0.120529 2 0.199067 0.123147 2 0.183212 0.120957 2 0.200780 0.124841 2 0.192622 0.132963 2 0.196126 0.133089 2 0.193150 0.142637 2 0.196685 0.142170 2 0.193891 0.151756 2 0.197921 0.151595 2
0 0.783854 0.185185 0.018601 0.052910 0.785437 0.167102 1 0.785354 0.166014 1 0.785730 0.166382 1 0.783949 0.166389 2 0.786853 0.167330 2 0.781916 0.171543 2 0.786697 0.173686 2 0.780201 0.177540 2 0.787123 0.181965 2 0.781447 0.181982 1 0.785588 0.185304 2 0.779932 0.186139 2 0.783119 0.186987 2 0.779739 0.196646 2 0.782416 0.198153 2 0.779319 0.207844 2 0.781970 0.208970 2
0 0.405506 0.091931 0.011905 0.043651 0.406253 0.076189 2 0.406604 0.075337 1 0.405828 0.075361 2 0.407118 0.075819 1 0.405107 0.075834 2 0.407762 0.081025 2 0.404198 0.081127 2 0.408539 0.086916 2 0.403024 0.087365 2 0.408657 0.091905 2 0.403381 0.092879 2 0.407284 0.091751 2 0.404851 0.091823 2 0.407170 0.100650 2 0.404575 0.100838 2 0.407099 0.109105 2 0.403122 0.109276 2
0 0.863467 0.216270 0.018601 0.083333 0.870403 0.185279 1 0.869636 0.183597 1 0.870252 0.183763 1 0.865977 0.183802 1 0.869714 0.184629 2 0.863599 0.191637 2 0.869114 0.193740 2 0.862596 0.201173 2 0.870540 0.205663 2 0.867109 0.207013 2 0.874390 0.210706 2 0.863331 0.213287 2 0.866918 0.214486 2 0.865287 0.228178 2 0.867636 0.230209 2 0.860570 0.241430 2 0.862577 0.244305 2
0 0.962426 0.226190 0.023065 0.068783 0.953931 0.178571 1 0.954440 0.178571 1 0.953453 0.178571 1 0.955761 0.178571 1 0.952904 0.178571 1 0.957233 0.179113 1 0.951678 0.178981 1 0.958180 0.179273 1 0.950334 0.178731 1 0.956052 0.180279 1 0.950514 0.180481 1 0.955499 0.180844 2 0.951887 0.180515 2 0.953422 0.194603 2 0.951663 0.194189 2 0.952716 0.211016 2 0.952605 0.209408 2
0 0.576637 0.105159 0.011905 0.043651 0.578043 0.088107 1 0.578224 0.087129 1 0.578255 0.087218 1 0.579138 0.087182 2 0.579926 0.087132 1 0.579891 0.092012 2 0.580895 0.091644 2 0.578484 0.098290 2 0.581750 0.097216 1 0.577174 0.103149 1 0.580666 0.101273 1 0.579877 0.104989 2 0.580159 0.104558 2 0.579898 0.114679 2 0.578716 0.114080 2 0.580207 0.123701 2 0.577925 0.123565 2
0 0.582961 0.083995 0.011161 0.033069 0.584156 0.073909 2 0.584542 0.073291 2 0.583821 0.073259 2 0.585129 0.073519 2 0.583387 0.073448 2 0.586141 0.077115 2 0.582659 0.077174 2 0.587191 0.081551 2 0.582195 0.081800 2 0.586549 0.085776 2 0.581994 0.085614 2 0.585422 0.087086 2 0.583146 0.086985 2 0.585136 0.093995 2 0.583019 0.093676 2 0.584976 0.100199 2 0.582946 0.100020 2
0 0.943080 0.193783 0.020089 0.033069 0.940983 0.188834 2 0.941747 0.187080 2 0.940532 0.187238 2 0.943190 0.186724 2 0.940415 0.186949 1 0.945979 0.191096 2 0.939895 0.190122 2 0.946332 0.199974 2 0.936452 0.196047 2 0.941398 0.200970 2 0.936085 0.198328 2 0.944495 0.202587 2 0.940604 0.201278 2 0.942400 0.203958 2 0.934522 0.202097 2 0.938484 0.208571 2 0.939695 0.208342 2
