0 0.433036 0.875000 0.068452 0.228836 0.425296 0.787942 2 0.428005 0.783907 2 0.423336 0.783971 2 0.433279 0.783781 2 0.420489 0.784559 2 0.439680 0.802281 2 0.416733 0.807947 2 0.450709 0.819461 2 0.410310 0.831885 2 0.454193 0.843148 2 0.413308 0.856962 2 0.438860 0.866789 2 0.421475 0.870056 2 0.449096 0.910293 2 0.414563 0.917742 2 0.458201 0.954176 2 0.409193 0.966682 2
0 0.416295 0.853175 0.048363 0.145503 0.425233 0.787872 2 0.427970 0.783688 2 0.423206 0.783789 2 0.433268 0.783592 2 0.420862 0.784262 2 0.440036 0.801501 2 0.416600 0.805963 2 0.450149 0.824306 2 0.409875 0.834318 2 0.450149 0.849095 2 0.412427 0.857637 2 0.437720 0.867000 2 0.421280 0.869080 2 0.443061 0.912458 2 0.413666 0.917109 2 0.442849 0.947158 1 0.409302 0.955021 2
0 0.418527 0.568783 0.023065 0.113757 0.419919 0.526011 1 0.419728 0.523895 1 0.420414 0.523951 1 0.417199 0.524769 2 0.422930 0.524899 2 0.413982 0.536660 2 0.424744 0.536453 2 0.411031 0.551613 2 0.426815 0.550496 2 0.409655 0.563208 2 0.426701 0.558870 1 0.415609 0.564321 2 0.422848 0.564335 2 0.416830 0.588640 2 0.423435 0.589040 2 0.417584 0.611643 2 0.422656 0.610760 2
0 0.464286 0.617063 0.025298 0.125661 0.470302 0.567253 1 0.469682 0.565088 1 0.470389 0.565085 1 0.465610 0.566646 2 0.471954 0.566880 2 0.461926 0.581208 2 0.475201 0.580798 2 0.460239 0.599872 2 0.478789 0.596907 2 0.462081 0.608748 2 0.476699 0.588618 1 0.464902 0.617458 2 0.473700 0.617036 2 0.466514 0.643357 2 0.472963 0.639853 2 0.468440 0.668227 2 0.471646 0.661884 2
0 0.433036 0.564815 0.025298 0.111111 0.419877 0.525420 1 0.419679 0.523365 1 0.420233 0.523373 1 0.417754 0.524448 1 0.423090 0.524325 2 0.416514 0.536423 2 0.425462 0.535555 2 0.416053 0.552164 1 0.426719 0.549987 2 0.417347 0.560277 1 0.425029 0.556744 1 0.417519 0.564136 2 0.423897 0.563536 2 0.417420 0.588716 2 0.424008 0.587807 2 0.417321 0.612094 2 0.423244 0.612051 2
0 0.484747 0.567460 0.020089 0.082011 0.484601 0.535618 1 0.484211 0.534053 1 0.484859 0.534126 1 0.481540 0.534991 2 0.486200 0.535421 2 0.479431 0.544430 2 0.486945 0.545105 2 0.477532 0.555334 2 0.488475 0.555320 2 0.476941 0.564681 2 0.490655 0.564023 2 0.480055 0.566905 2 0.485246 0.567377 2 0.480702 0.582360 2 0.486610 0.584040 2 0.480566 0.598479 2 0.486307 0.600965 2
0 0.450521 0.568122 0.017113 0.101852 0.446718 0.533261 1 0.446906 0.531200 1 0.447372 0.531231 1 0.447798 0.531894 2 0.452100 0.531428 1 0.448047 0.543342 2 0.455576 0.542266 2 0.447084 0.558628 2 0.457145 0.556169 2 0.445981 0.570961 2 0.455047 0.567136 1 0.449867 0.570151 2 0.455179 0.569486 2 0.448972 0.590075 2 0.454654 0.590104 2 0.449243 0.607806 2 0.455332 0.608346 2
0 0.466518 0.509259 0.014881 0.087302 0.467039 0.481042 1 0.466974 0.479290 1 0.467490 0.479500 1 0.466162 0.480400 2 0.470487 0.480515 2 0.465211 0.490393 2 0.472819 0.490095 2 0.464214 0.502256 2 0.474784 0.501612 2 0.465328 0.509809 1 0.472831 0.508686 2 0.466699 0.512198 2 0.471847 0.511868 2 0.467039 0.530414 2 0.471136 0.529482 2 0.467241 0.546614 2 0.470713 0.545566 2
0 0.453497 0.447090 0.015625 0.060847 0.456102 0.472783 1 0.456073 0.471653 1 0.456654 0.471989 1 0.454600 0.473553 2 0.458749 0.474000 2 0.451925 0.483933 2 0.460467 0.484430 2 0.450889 0.489170 1 0.462847 0.489273 1 0.452186 0.483376 1 0.462310 0.489236 1 0.453187 0.489273 1 0.458862 0.489273 1 0.453752 0.484873 1 0.458964 0.484844 1 0.453887 0.487835 1 0.456883 0.486439 1
0 0.616071 0.452381 0.014881 0.050265 0.617944 0.437732 2 0.617939 0.436714 1 0.617638 0.436627 2 0.617209 0.436471 1 0.616435 0.436286 2 0.617057 0.440399 2 0.615191 0.440733 2 0.618426 0.445412 2 0.614877 0.447450 2 0.618957 0.449251 2 0.616847 0.451782 2 0.616070 0.452705 2 0.614871 0.452791 2 0.616325 0.461735 2 0.614256 0.461569 2 0.614708 0.470353 2 0.613696 0.470917 2
0 0.577009 0.486772 0.014137 0.052910 0.582346 0.469030 2 0.582076 0.467971 1 0.581934 0.468172 2 0.580724 0.468469 1 0.580570 0.469044 2 0.580819 0.474343 2 0.579146 0.475188 2 0.582432 0.480938 2 0.577164 0.483238 2 0.583472 0.487299 2 0.579134 0.490988 2 0.578845 0.489265 2 0.578059 0.489441 2 0.576738 0.498410 2 0.576537 0.498940 2 0.573631 0.505928 2 0.573646 0.507075 2
0 0.633185 0.427249 0.008929 0.047619 0.635592 0.412734 1 0.635602 0.411751 1 0.635410 0.411714 1 0.634739 0.411699 1 0.634855 0.411676 2 0.633798 0.416635 2 0.633904 0.416610 2 0.633372 0.422776 2 0.633403 0.422554 2 0.635023 0.427175 1 0.634769 0.426609 2 0.634058 0.429631 2 0.634277 0.429957 2 0.634365 0.438851 2 0.635162 0.439468 2 0.634129 0.448503 2 0.635613 0.448593 2
