0 0.294643 0.785714 0.029762 0.134921 0.291255 0.735929 1 0.291468 0.733387 1 0.292535 0.732905 1 0.294384 0.733984 2 0.299992 0.732296 1 0.295786 0.747810 2 0.304072 0.744437 2 0.293909 0.767530 2 0.306209 0.762995 1 0.289399 0.769750 1 0.300826 0.775668 1 0.298641 0.783392 2 0.304092 0.781726 2 0.299901 0.809357 2 0.304001 0.809642 2 0.300555 0.834998 2 0.304141 0.835050 2
0 0.292039 0.765212 0.030506 0.130952 0.291684 0.736824 1 0.291865 0.734507 1 0.292841 0.733766 1 0.293969 0.735405 2 0.300135 0.732958 1 0.295251 0.750066 2 0.304533 0.743886 2 0.292689 0.771634 2 0.303955 0.761319 1 0.290436 0.768312 2 0.295632 0.767084 1 0.299235 0.787359 2 0.305427 0.784089 2 0.300580 0.811191 2 0.304688 0.808272 2 0.303081 0.835165 2 0.305126 0.832901 2
0 0.446801 0.835979 0.039435 0.169312 0.450787 0.774725 2 0.452826 0.771539 2 0.448982 0.771071 2 0.454912 0.771761 2 0.445043 0.770188 2 0.457271 0.789039 2 0.439451 0.788653 2 0.462106 0.810018 2 0.433874 0.811957 2 0.465534 0.831577 2 0.432607 0.836681 2 0.455095 0.838280 2 0.443580 0.838488 2 0.453785 0.872939 2 0.441981 0.873307 2 0.451445 0.900049 2 0.440211 0.902289 2
0 0.321801 0.558201 0.015625 0.063492 0.322918 0.534365 1 0.323111 0.533281 1 0.323828 0.533430 1 0.322996 0.535299 2 0.327085 0.535175 2 0.321269 0.543139 2 0.327744 0.543501 2 0.318329 0.551681 2 0.328958 0.554080 2 0.316790 0.558765 2 0.329055 0.561613 2 0.322964 0.561595 2 0.326964 0.561830 2 0.323977 0.574190 2 0.326453 0.573988 2 0.324994 0.588103 2 0.326556 0.586926 2
0 0.313616 0.551587 0.014137 0.089947 0.318610 0.512388 2 0.317945 0.510433 1 0.318468 0.510373 2 0.314710 0.511167 1 0.317021 0.511410 2 0.314471 0.522825 2 0.313577 0.523735 2 0.315584 0.535696 1 0.312610 0.537824 2 0.317930 0.544571 1 0.314341 0.547801 2 0.315383 0.547176 2 0.314748 0.548182 2 0.317019 0.565145 2 0.314491 0.566477 2 0.317360 0.584345 2 0.314055 0.585282 2
0 0.333333 0.552249 0.013393 0.062169 0.324405 0.536337 1 0.324491 0.535131 1 0.324788 0.535105 1 0.324826 0.536335 1 0.327089 0.536119 1 0.325094 0.544225 1 0.327928 0.543974 2 0.325980 0.553140 1 0.328597 0.553211 2 0.326606 0.559114 1 0.328422 0.560571 1 0.324921 0.560890 2 0.326934 0.560527 2 0.324655 0.573699 2 0.326159 0.573189 2 0.325636 0.587006 2 0.326725 0.586960 2
0 0.336682 0.481481 0.014137 0.052910 0.333639 0.466058 1 0.333733 0.464915 1 0.333978 0.464786 1 0.334560 0.465423 2 0.336843 0.464738 1 0.334960 0.472382 2 0.339229 0.470463 2 0.334656 0.480389 2 0.341068 0.474504 2 0.334189 0.485131 2 0.340521 0.475224 1 0.336957 0.486053 2 0.339825 0.485265 2 0.336845 0.494888 2 0.339364 0.494361 2 0.336590 0.503885 2 0.339262 0.503094 2
0 0.401786 0.523148 0.028274 0.059524 0.404774 0.506952 2 0.405529 0.504979 2 0.403895 0.505651 2 0.407942 0.503989 2 0.404204 0.505455 1 0.409812 0.510105 2 0.406422 0.510369 2 0.403301 0.520771 2 0.403180 0.518629 2 0.395409 0.521996 2 0.397603 0.521634 2 0.412236 0.530624 2 0.409853 0.529735 2 0.401464 0.524045 2 0.401097 0.523498 2 0.399746 0.542644 2 0.400836 0.541378 2
0 0.470982 0.453704 0.019345 0.084656 0.469919 0.418437 1 0.470058 0.416922 1 0.470426 0.416876 1 0.469766 0.418041 2 0.473698 0.417593 2 0.468774 0.427323 2 0.476295 0.426615 2 0.466914 0.436976 2 0.478466 0.436889 2 0.469099 0.441751 2 0.479613 0.445844 2 0.470661 0.448255 2 0.475578 0.447784 2 0.471376 0.465654 2 0.474933 0.464600 2 0.471930 0.482017 2 0.474418 0.482084 2
0 0.388021 0.492063 0.023065 0.037037 0.389281 0.485269 2 0.390401 0.483358 2 0.388148 0.483885 2 0.392493 0.483942 2 0.386952 0.485085 1 0.395709 0.491581 2 0.387124 0.492373 2 0.396671 0.508137 2 0.383873 0.506182 2 0.389224 0.497283 2 0.384992 0.496714 2 0.395639 0.513003 2 0.390132 0.512510 2 0.387680 0.499407 2 0.382183 0.500281 1 0.386466 0.510545 1 0.384053 0.512966 1
0 0.393973 0.491402 0.018601 0.038360 0.389310 0.484963 2 0.390379 0.483225 2 0.388493 0.483623 2 0.392582 0.484077 2 0.388021 0.484900 1 0.395721 0.492218 2 0.389006 0.492328 2 0.396539 0.507401 2 0.386200 0.504193 2 0.389623 0.497870 2 0.385991 0.497638 2 0.396655 0.514360 2 0.392173 0.513858 2 0.393861 0.515794 1 0.389372 0.516237 1 0.394671 0.512308 1 0.391655 0.515836 1
0 0.399926 0.472222 0.021577 0.039683 0.389407 0.485006 2 0.390391 0.482980 2 0.388418 0.483541 2 0.392348 0.483615 2 0.387470 0.484995 2 0.395570 0.491491 2 0.387807 0.494064 2 0.398460 0.498474 1 0.388228 0.498994 1 0.392403 0.494576 1 0.388660 0.492552 1 0.396840 0.497121 1 0.391837 0.498270 1 0.394770 0.493017 1 0.390528 0.496743 1 0.394808 0.494755 1 0.394226 0.499256 1
0 0.472098 0.444444 0.017113 0.079365 0.470514 0.418433 1 0.470484 0.416779 1 0.470909 0.416827 1 0.469661 0.417981 2 0.473732 0.417728 2 0.468514 0.427795 2 0.476172 0.427204 2 0.466860 0.437741 2 0.478569 0.437766 2 0.468670 0.441844 2 0.479282 0.445517 2 0.470599 0.448543 2 0.475584 0.448218 2 0.471308 0.465889 2 0.474890 0.465132 2 0.471804 0.481744 2 0.474423 0.481644 2
0 0.517857 0.462302 0.025298 0.088624 0.511876 0.430522 2 0.512987 0.428928 2 0.511611 0.428860 2 0.515649 0.429280 2 0.511826 0.429091 1 0.519226 0.436383 2 0.510589 0.435755 2 0.523607 0.446556 2 0.508716 0.445451 2 0.523234 0.457560 2 0.508453 0.455767 2 0.520851 0.460145 2 0.514439 0.459805 2 0.524110 0.477752 2 0.510931 0.474842 2 0.528051 0.495941 2 0.514373 0.491260 2
0 0.488839 0.460317 0.017857 0.084656 0.488626 0.430575 2 0.489364 0.428452 2 0.487666 0.429378 2 0.491293 0.428443 2 0.487005 0.430546 1 0.493786 0.438798 2 0.486366 0.438648 2 0.493359 0.449286 2 0.485987 0.447890 2 0.488194 0.447582 2 0.490648 0.448136 2 0.492157 0.461577 2 0.487025 0.461079 2 0.491615 0.479423 2 0.487978 0.476773 2 0.491760 0.496198 2 0.488965 0.489202 2
0 0.438988 0.347884 0.014881 0.066138 0.436106 0.357489 2 0.436640 0.356264 2 0.435665 0.356421 2 0.437998 0.355587 2 0.435489 0.356040 1 0.439148 0.360151 2 0.435235 0.359653 2 0.437402 0.366774 2 0.433212 0.364830 2 0.434037 0.368766 2 0.433693 0.365987 2 0.438502 0.373961 2 0.435770 0.373545 2 0.438336 0.383996 2 0.435706 0.383722 2 0.438564 0.391296 2 0.436068 0.390921 1
0 0.563988 0.324735 0.013393 0.064815 0.564816 0.295359 2 0.565568 0.294285 2 0.564291 0.294145 2 0.566789 0.294321 2 0.563605 0.294008 2 0.568183 0.299485 2 0.562309 0.299773 2 0.569890 0.306524 2 0.560944 0.307315 2 0.569116 0.310742 2 0.562781 0.312387 2 0.566984 0.314060 2 0.563005 0.314214 2 0.566761 0.324126 2 0.561267 0.325096 2 0.565797 0.333973 2 0.559962 0.336144 2
0 0.438244 0.369048 0.014881 0.055556 0.444659 0.348129 2 0.445498 0.346970 2 0.444129 0.346907 2 0.447041 0.347190 2 0.443351 0.347060 1 0.448024 0.353981 2 0.442071 0.353390 2 0.448661 0.361709 1 0.440105 0.360425 2 0.447710 0.366474 1 0.440672 0.365933 2 0.446484 0.370163 2 0.442356 0.369762 2 0.446439 0.382168 2 0.441752 0.381185 2 0.447163 0.391597 2 0.441048 0.390287 2
0 0.353795 0.488757 0.012649 0.059524 0.354142 0.467917 1 0.354290 0.466552 1 0.354706 0.466451 1 0.354734 0.467341 2 0.357787 0.466786 2 0.354492 0.475790 2 0.358913 0.474427 2 0.352705 0.483857 2 0.359088 0.481603 1 0.352372 0.482241 1 0.356323 0.480503 1 0.354922 0.491378 2 0.357887 0.490667 2 0.355621 0.502430 2 0.357575 0.501859 2 0.356117 0.512333 2 0.358143 0.511555 2
