0 0.249256 0.495040 0.004464 0.020503 0.249232 0.488287 2 0.249423 0.487905 2 0.249034 0.487943 2 0.249764 0.487946 2 0.248790 0.488064 2 0.250361 0.490038 2 0.248452 0.490165 2 0.251190 0.493042 2 0.247849 0.492764 2 0.250937 0.495083 2 0.247639 0.495614 2 0.250208 0.496020 2 0.248897 0.496125 2 0.250392 0.499584 2 0.248726 0.500130 2 0.251312 0.503163 2 0.248927 0.503818 2
0 0.222284 0.903770 0.010789 0.025794 0.223209 0.894805 1 0.223100 0.894087 1 0.223415 0.894212 1 0.222038 0.894499 2 0.224272 0.894740 2 0.220514 0.898952 2 0.225135 0.899163 2 0.219327 0.902971 2 0.226667 0.903439 2 0.220686 0.897723 1 0.226775 0.900803 1 0.221060 0.910583 2 0.224249 0.910774 2 0.221451 0.910441 2 0.225662 0.910655 2 0.221356 0.918893 1 0.224822 0.918725 2
0 0.579055 0.965608 0.010789 0.027778 0.578540 0.957404 1 0.578481 0.956610 1 0.578792 0.956658 1 0.577856 0.957088 2 0.580262 0.957152 2 0.576934 0.961489 2 0.581736 0.962007 2 0.575281 0.963978 2 0.583780 0.965327 2 0.575691 0.961459 2 0.582660 0.966208 1 0.577615 0.974447 2 0.580711 0.974697 2 0.577847 0.979046 2 0.580674 0.980247 2 0.578149 0.981676 1 0.580759 0.983786 1
0 0.526600 0.492394 0.004836 0.017857 0.526265 0.493912 1 0.526293 0.493437 1 0.526439 0.493585 1 0.526040 0.493639 2 0.527241 0.493940 2 0.525076 0.496418 2 0.527746 0.497194 2 0.524401 0.499885 2 0.528203 0.500894 2 0.524654 0.502520 1 0.527816 0.503415 1 0.525295 0.502805 2 0.527172 0.503238 2 0.524927 0.503152 1 0.527365 0.504083 1 0.525229 0.504293 1 0.527218 0.504578 1
0 0.525112 0.447751 0.004092 0.014550 0.525865 0.447889 1 0.525838 0.447564 1 0.525921 0.447576 1 0.525481 0.447782 2 0.526277 0.447761 2 0.525268 0.449725 2 0.526631 0.449644 2 0.525058 0.452035 2 0.527178 0.451535 2 0.524833 0.454187 1 0.527255 0.452762 2 0.525478 0.454094 2 0.526460 0.454053 2 0.525202 0.456736 1 0.526672 0.456634 2 0.525029 0.457624 1 0.526828 0.457672 1
0 0.816964 0.514881 0.006696 0.024471 0.815669 0.509426 1 0.815672 0.508891 1 0.815829 0.508935 1 0.815505 0.509208 2 0.816785 0.509136 2 0.815338 0.512568 2 0.817380 0.511534 2 0.814676 0.515754 2 0.818294 0.510653 2 0.814040 0.518441 2 0.817107 0.508949 2 0.815364 0.519387 2 0.816689 0.518989 2 0.814768 0.522627 2 0.816013 0.523317 2 0.814603 0.524223 1 0.816050 0.525017 1
0 0.835938 0.529431 0.006696 0.024471 0.835849 0.524265 1 0.835853 0.523731 1 0.835979 0.523870 1 0.835381 0.523918 2 0.836671 0.524233 2 0.834632 0.526480 2 0.836758 0.527306 2 0.833757 0.529097 2 0.837461 0.530771 2 0.833744 0.529711 2 0.837352 0.533118 2 0.834702 0.533127 2 0.836169 0.533605 2 0.834436 0.536877 2 0.836252 0.537913 2 0.834177 0.540550 2 0.836296 0.541216 2
0 0.718936 0.360450 0.004836 0.018519 0.718785 0.356902 2 0.718932 0.356568 1 0.718642 0.356567 2 0.719143 0.356590 1 0.718460 0.356560 2 0.719447 0.358154 2 0.718237 0.358114 2 0.720013 0.359833 2 0.717874 0.359848 2 0.719285 0.359819 2 0.718233 0.360499 2 0.719177 0.362226 2 0.718430 0.362189 2 0.718808 0.365516 2 0.718371 0.365539 2 0.718655 0.368726 2 0.718355 0.368731 2
0 0.986979 0.678241 0.009673 0.032407 0.988155 0.670824 1 0.988242 0.670177 1 0.988486 0.670253 1 0.988363 0.670471 2 0.989908 0.670478 2 0.987900 0.674028 2 0.990290 0.674002 2 0.986740 0.677866 2 0.990702 0.678935 2 0.986228 0.677278 2 0.991200 0.682575 2 0.987925 0.681979 2 0.989370 0.681790 2 0.986781 0.686267 2 0.987576 0.685903 2 0.987469 0.691054 2 0.987582 0.690238 2
0 0.747954 0.393849 0.005580 0.019180 0.748421 0.387581 1 0.748271 0.387205 1 0.748383 0.387239 1 0.747444 0.387208 1 0.748150 0.387359 2 0.747061 0.388903 2 0.747937 0.389104 2 0.747274 0.391314 1 0.748295 0.391577 2 0.748398 0.392665 1 0.748847 0.393019 2 0.747051 0.393369 2 0.747731 0.393520 2 0.747019 0.396364 2 0.747994 0.396486 2 0.746598 0.398991 2 0.748087 0.399156 2
0 0.738467 0.388558 0.005952 0.020503 0.739258 0.382959 1 0.739140 0.382639 1 0.739213 0.382635 1 0.738576 0.382708 1 0.738986 0.382759 2 0.738362 0.384343 2 0.738828 0.384426 2 0.738434 0.386682 1 0.738959 0.386820 2 0.738463 0.388354 1 0.739020 0.388551 2 0.738386 0.388919 2 0.738708 0.388948 2 0.738384 0.392175 2 0.738455 0.392217 2 0.738021 0.395373 2 0.737967 0.395459 2
0 0.496838 0.300595 0.003348 0.016534 0.496992 0.299020 1 0.497098 0.298749 1 0.496885 0.298764 1 0.497259 0.298824 1 0.496771 0.298844 2 0.497476 0.300231 2 0.496520 0.300164 2 0.497683 0.301454 2 0.496124 0.301270 2 0.497220 0.301633 2 0.496655 0.301464 2 0.497339 0.302942 2 0.496738 0.302942 2 0.497280 0.304895 2 0.496873 0.304873 2 0.497169 0.306701 2 0.496953 0.306519 2
0 0.507812 0.309524 0.005208 0.013228 0.507579 0.307885 1 0.507596 0.307596 1 0.507614 0.307611 1 0.507558 0.307676 1 0.507945 0.307671 2 0.507480 0.309148 2 0.508114 0.309110 2 0.507127 0.310781 2 0.508557 0.310657 2 0.507046 0.311670 1 0.508679 0.311596 2 0.507597 0.312451 2 0.507989 0.312435 2 0.507610 0.314742 2 0.507899 0.314771 2 0.507501 0.317110 2 0.507942 0.317130 2
0 0.599516 0.725860 0.010045 0.029762 0.598757 0.714158 2 0.599010 0.713600 1 0.598450 0.713644 2 0.599412 0.713201 1 0.597991 0.713263 2 0.600147 0.714962 2 0.597161 0.714559 2 0.600964 0.718414 2 0.596744 0.718810 2 0.600191 0.719839 2 0.597598 0.720931 2 0.599821 0.722372 2 0.597590 0.721991 2 0.600725 0.728176 2 0.596184 0.726373 2 0.600978 0.736441 2 0.596155 0.733032 2
0 0.617188 0.718915 0.008185 0.030423 0.617545 0.711705 1 0.617507 0.711108 1 0.617684 0.711139 1 0.617035 0.710889 2 0.618575 0.710918 2 0.616345 0.713385 2 0.619050 0.713351 2 0.614768 0.716150 2 0.621036 0.715837 2 0.615102 0.717364 2 0.620257 0.717603 2 0.616860 0.721387 2 0.618454 0.721419 2 0.617315 0.726233 2 0.617885 0.726604 2 0.617170 0.731279 2 0.617982 0.731114 2
