0 0.882440 0.234788 0.020833 0.075397 0.885873 0.225101 2 0.886871 0.223746 2 0.885007 0.223429 2 0.888168 0.225056 2 0.883577 0.224335 2 0.889464 0.235636 2 0.881474 0.233510 2 0.890588 0.249293 2 0.878286 0.244221 2 0.885273 0.252597 2 0.877896 0.251533 2 0.884642 0.260426 2 0.879381 0.258742 2 0.881360 0.281291 2 0.877536 0.279965 2 0.881539 0.286339 1 0.877015 0.285337 1
0 0.928943 0.863757 0.069196 0.246032 0.961379 0.781348 2 0.959171 0.775126 1 0.958820 0.776947 2 0.945632 0.775690 1 0.950395 0.783121 2 0.928336 0.799542 2 0.949983 0.819147 2 0.908725 0.822204 2 0.953364 0.864731 2 0.908711 0.827366 2 0.957118 0.886465 2 0.918861 0.870554 2 0.931793 0.880691 2 0.915615 0.910372 2 0.923166 0.929507 2 0.905724 0.958180 2 0.904476 0.977235 2
0 0.928571 0.300265 0.032738 0.097884 0.933334 0.266361 2 0.934426 0.264789 2 0.932482 0.264037 2 0.935540 0.265779 2 0.930536 0.263753 2 0.936432 0.277323 2 0.927336 0.273175 2 0.937425 0.289552 2 0.922484 0.282808 2 0.933970 0.286876 2 0.920203 0.289849 2 0.930320 0.301017 2 0.923988 0.298109 2 0.925878 0.319512 2 0.917801 0.316810 2 0.922152 0.335094 2 0.912804 0.334030 2
0 0.919643 0.273148 0.023810 0.064815 0.933812 0.266205 2 0.934660 0.264353 2 0.932738 0.264026 2 0.935355 0.265084 1 0.930507 0.264351 2 0.935813 0.275844 2 0.928248 0.273368 2 0.935880 0.289327 1 0.924954 0.284967 2 0.933051 0.289370 1 0.922015 0.293024 2 0.930645 0.299621 2 0.925085 0.297503 2 0.927751 0.315727 1 0.917552 0.313967 2 0.926463 0.317047 1 0.916128 0.317047 1
0 0.515625 0.445106 0.028274 0.149471 0.515904 0.399327 2 0.517928 0.397214 2 0.514981 0.396006 2 0.520757 0.397418 2 0.513550 0.394616 2 0.523348 0.408015 2 0.510682 0.406662 2 0.528284 0.424688 2 0.508554 0.421712 2 0.523881 0.409353 2 0.515743 0.409221 2 0.519702 0.447070 2 0.511378 0.446429 2 0.517716 0.479008 2 0.511214 0.481389 2 0.515707 0.503903 2 0.509776 0.512990 2
0 0.879836 0.255952 0.018601 0.091270 0.885570 0.224864 2 0.886636 0.223163 2 0.884807 0.222949 2 0.888208 0.224242 2 0.883615 0.223813 2 0.889786 0.235623 2 0.880981 0.233572 2 0.890912 0.249230 2 0.877582 0.245508 2 0.883927 0.252831 2 0.876724 0.253626 2 0.885006 0.261376 2 0.879219 0.259495 2 0.882259 0.282538 2 0.877647 0.279087 2 0.882863 0.303143 2 0.879609 0.297441 2
0 0.667039 0.187831 0.017113 0.066138 0.669482 0.166799 1 0.669336 0.165357 1 0.669535 0.165543 1 0.667276 0.165703 2 0.670561 0.166187 2 0.665028 0.172935 2 0.671582 0.174025 2 0.662945 0.182192 2 0.672834 0.183995 2 0.663280 0.189163 2 0.672935 0.191902 2 0.664735 0.191072 2 0.669517 0.191569 2 0.663173 0.205025 2 0.670098 0.206734 2 0.662171 0.219042 2 0.670445 0.221418 2
0 0.677455 0.654101 0.037946 0.215608 0.670796 0.573700 2 0.672564 0.570280 2 0.672559 0.570261 1 0.676926 0.575930 2 0.681266 0.574357 1 0.676362 0.601877 2 0.689936 0.598743 2 0.677971 0.637707 2 0.694495 0.622938 2 0.670141 0.661780 2 0.685014 0.637573 2 0.680388 0.659546 2 0.689560 0.657932 2 0.672067 0.696292 2 0.679729 0.698911 2 0.683293 0.735390 2 0.685934 0.740213 2
0 0.411830 0.505291 0.040923 0.153439 0.404384 0.457327 2 0.406648 0.453643 2 0.404867 0.453349 1 0.412048 0.455770 2 0.407592 0.454435 1 0.416158 0.472919 2 0.407742 0.468918 2 0.419702 0.493661 2 0.408692 0.484473 1 0.413192 0.506245 2 0.405896 0.497201 2 0.414261 0.513104 2 0.408195 0.510083 2 0.416248 0.542467 2 0.402664 0.534651 2 0.415978 0.569659 2 0.411333 0.560694 2
0 0.424107 0.429894 0.032738 0.129630 0.404134 0.456551 2 0.405960 0.454025 2 0.404343 0.453550 1 0.411797 0.455577 2 0.407844 0.453961 1 0.415087 0.471834 2 0.409291 0.469012 2 0.419502 0.493057 2 0.410768 0.485838 1 0.412660 0.506927 2 0.407292 0.495931 1 0.413377 0.512279 2 0.409224 0.510379 2 0.413153 0.519759 1 0.408174 0.518024 1 0.414630 0.519759 1 0.407411 0.519759 1
0 0.202381 0.481481 0.031250 0.156085 0.201709 0.426304 1 0.200297 0.423802 1 0.201687 0.423404 1 0.193869 0.426948 2 0.202417 0.426232 2 0.191131 0.446578 2 0.206498 0.444257 2 0.190541 0.465900 2 0.210582 0.466703 2 0.191214 0.480172 2 0.215198 0.483639 2 0.197898 0.488697 2 0.208001 0.487395 2 0.202895 0.521365 2 0.210085 0.513047 2 0.205597 0.549809 2 0.208503 0.540766 2
0 0.316592 0.451720 0.026042 0.141534 0.317247 0.403906 2 0.316823 0.401823 1 0.316183 0.402138 2 0.315120 0.403384 1 0.312651 0.404119 2 0.317425 0.417036 2 0.305721 0.417776 2 0.320286 0.432371 2 0.303798 0.439586 2 0.323355 0.450684 2 0.307231 0.457154 2 0.317059 0.452489 2 0.308984 0.453121 2 0.318566 0.484569 2 0.309640 0.481612 2 0.319461 0.514452 2 0.311005 0.505167 2
0 0.424107 0.398148 0.028274 0.134921 0.430762 0.378667 1 0.429811 0.375887 1 0.430103 0.376174 1 0.424709 0.377676 1 0.427392 0.379020 2 0.422349 0.393073 2 0.423768 0.395670 2 0.424372 0.411607 2 0.421530 0.420194 2 0.430007 0.416828 2 0.423955 0.440219 2 0.422652 0.431663 2 0.424534 0.433764 2 0.424218 0.461732 2 0.429205 0.464844 2 0.422199 0.485981 1 0.429633 0.487441 2
0 0.256324 0.484127 0.033482 0.150794 0.254531 0.432468 2 0.255102 0.428323 2 0.252079 0.430612 2 0.256009 0.427792 1 0.248289 0.432918 2 0.258956 0.443756 2 0.244572 0.448334 2 0.263852 0.451806 2 0.241457 0.471119 2 0.268740 0.462818 2 0.243853 0.487768 2 0.259665 0.486938 2 0.250166 0.487727 2 0.258584 0.519993 2 0.248174 0.511043 2 0.260209 0.552651 2 0.251065 0.529150 2
0 0.491443 0.623016 0.040923 0.195767 0.482524 0.564818 1 0.482779 0.561437 1 0.483798 0.561831 1 0.481394 0.563784 2 0.490971 0.563345 2 0.477313 0.589415 2 0.496669 0.584598 2 0.473705 0.617898 2 0.501703 0.614139 2 0.469619 0.636045 2 0.494031 0.624718 2 0.484190 0.643935 2 0.495626 0.640159 2 0.483828 0.686620 2 0.486470 0.671690 2 0.494089 0.727008 2 0.480229 0.699247 2
0 0.377976 0.403439 0.026786 0.137566 0.376029 0.357008 2 0.376987 0.353846 2 0.374150 0.354579 2 0.377711 0.355083 2 0.370832 0.356377 2 0.381157 0.370512 2 0.367838 0.371441 2 0.384397 0.382813 2 0.359375 0.381773 1 0.381107 0.384594 2 0.359375 0.381351 1 0.381489 0.410609 2 0.373258 0.411127 2 0.378141 0.441207 2 0.375194 0.442608 2 0.372475 0.467592 2 0.372362 0.469590 2
0 0.219122 0.363095 0.027530 0.120370 0.214347 0.324300 2 0.215365 0.321775 2 0.212975 0.322528 2 0.217336 0.320557 2 0.211109 0.322291 2 0.221764 0.331449 2 0.209767 0.332180 2 0.226511 0.345418 2 0.205637 0.342870 2 0.219852 0.345491 2 0.208456 0.345627 2 0.221917 0.365497 2 0.213896 0.365902 2 0.223920 0.390244 2 0.215128 0.391360 2 0.227424 0.415217 2 0.216170 0.416078 2
0 0.378720 0.312831 0.019345 0.101852 0.378505 0.278992 2 0.379269 0.276698 2 0.377128 0.277271 2 0.379620 0.277357 2 0.374915 0.278400 2 0.382603 0.289240 2 0.373280 0.289992 2 0.385520 0.306341 2 0.369926 0.303239 2 0.385657 0.321490 2 0.367719 0.310627 2 0.381140 0.321650 2 0.376065 0.321916 2 0.377265 0.342248 2 0.378596 0.342676 2 0.375047 0.359093 2 0.382356 0.361195 2
0 0.450521 0.302910 0.021577 0.100529 0.447681 0.276985 2 0.448871 0.275199 2 0.447196 0.275053 1 0.451099 0.276882 2 0.447886 0.276411 1 0.451481 0.288481 2 0.446884 0.286404 2 0.448029 0.299372 2 0.443380 0.296479 1 0.445587 0.290956 2 0.444718 0.292690 1 0.448628 0.315197 2 0.446061 0.314068 2 0.445702 0.335112 2 0.448287 0.333135 2 0.446352 0.352249 2 0.453035 0.349078 2
0 0.557664 0.212963 0.020089 0.084656 0.559521 0.184256 1 0.559342 0.182430 1 0.559804 0.182713 1 0.557109 0.183152 2 0.561379 0.183918 2 0.554250 0.192893 2 0.562255 0.194923 2 0.551163 0.204457 2 0.563270 0.208998 2 0.549378 0.214757 2 0.563059 0.219223 2 0.553576 0.216310 2 0.558817 0.217201 2 0.553611 0.233249 2 0.557378 0.235088 2 0.553063 0.250514 2 0.554844 0.252194 2
0 0.896577 0.310847 0.028274 0.113757 0.905845 0.279108 2 0.906738 0.277614 2 0.905019 0.276274 2 0.906363 0.279261 1 0.901056 0.275702 2 0.906886 0.291508 2 0.894679 0.286476 2 0.909643 0.304595 2 0.886744 0.294158 2 0.906124 0.304877 2 0.886001 0.307722 2 0.899583 0.324381 2 0.891468 0.321950 2 0.897721 0.346072 2 0.888780 0.346953 2 0.893775 0.358999 2 0.884250 0.367449 2
0 0.440476 0.289683 0.019345 0.121693 0.435792 0.256705 2 0.436604 0.254338 2 0.434823 0.255089 2 0.438823 0.253627 2 0.434360 0.255715 1 0.442603 0.263992 2 0.434985 0.265898 2 0.445928 0.278346 2 0.433679 0.279723 2 0.445268 0.294009 2 0.432409 0.295449 2 0.439825 0.292762 2 0.434883 0.292911 2 0.440047 0.316085 2 0.435146 0.316083 2 0.441138 0.336990 2 0.435134 0.337579 2
0 0.791667 0.282407 0.020833 0.083333 0.800969 0.258794 2 0.801217 0.257047 2 0.800257 0.256615 2 0.800090 0.257384 1 0.797259 0.256199 2 0.798657 0.267219 2 0.792259 0.265319 2 0.798412 0.281263 2 0.789104 0.279060 2 0.800287 0.288582 2 0.794986 0.288706 2 0.795868 0.288952 2 0.791548 0.289389 2 0.803648 0.296654 2 0.799226 0.296974 2 0.800238 0.317663 2 0.797590 0.318109 2
0 0.814360 0.280423 0.024554 0.082011 0.817987 0.255750 2 0.817741 0.254004 1 0.817483 0.253989 2 0.816096 0.254506 1 0.815486 0.254781 2 0.816725 0.262174 2 0.811098 0.265265 2 0.819924 0.276803 2 0.815854 0.280818 2 0.824004 0.285100 2 0.821214 0.288822 2 0.817143 0.285342 2 0.813089 0.288863 2 0.826320 0.290313 2 0.822091 0.300159 2 0.822871 0.310845 2 0.823363 0.322269 2
0 0.367932 0.183862 0.012649 0.037037 0.370969 0.176408 2 0.371111 0.175316 1 0.370763 0.175169 2 0.370646 0.175112 1 0.370010 0.174792 2 0.370325 0.180260 2 0.367436 0.179806 2 0.370996 0.187080 2 0.365733 0.186087 2 0.371533 0.192211 2 0.366043 0.193428 2 0.369228 0.191730 2 0.367305 0.192061 2 0.371895 0.193431 2 0.367966 0.195022 2 0.369451 0.201778 2 0.367184 0.202453 2
0 0.547619 0.335317 0.023810 0.064815 0.547426 0.329156 2 0.548664 0.327450 1 0.546492 0.326953 2 0.549951 0.323769 1 0.544723 0.322826 2 0.550829 0.320669 2 0.540131 0.320921 2 0.555289 0.332762 2 0.536392 0.334923 2 0.550799 0.336483 2 0.543789 0.337727 2 0.547483 0.335440 2 0.540457 0.336226 2 0.554422 0.339632 2 0.537630 0.341631 2 0.551463 0.361825 2 0.542628 0.362636 2
0 0.546503 0.173942 0.017113 0.064815 0.547829 0.148738 2 0.547808 0.147446 1 0.547473 0.147550 2 0.546658 0.147906 1 0.546193 0.147862 2 0.546126 0.155537 2 0.544728 0.155322 2 0.546827 0.164878 2 0.543633 0.164383 2 0.550261 0.170316 2 0.546299 0.168065 2 0.544707 0.172459 2 0.544208 0.172501 2 0.543919 0.185447 2 0.546460 0.184825 2 0.540523 0.197502 2 0.543941 0.197735 2
0 0.146577 0.329365 0.020833 0.060847 0.140663 0.318258 1 0.140529 0.316971 1 0.141323 0.316719 1 0.140884 0.317589 2 0.144958 0.316603 2 0.142026 0.326149 2 0.147059 0.324280 2 0.141298 0.337908 2 0.147833 0.335103 2 0.141392 0.344823 2 0.145858 0.343916 1 0.144995 0.347427 2 0.148155 0.346528 2 0.146864 0.359000 2 0.147736 0.357652 2 0.148687 0.362490 2 0.148166 0.362524 1
0 0.096726 0.333995 0.032738 0.059524 0.097200 0.320148 2 0.097374 0.318289 2 0.095825 0.319153 2 0.097769 0.317781 1 0.092739 0.320201 2 0.098410 0.324693 2 0.089684 0.327593 2 0.103485 0.331088 2 0.085751 0.339496 2 0.103765 0.332133 2 0.083681 0.351433 2 0.096307 0.341320 2 0.089919 0.342535 2 0.101095 0.338273 2 0.086783 0.339772 2 0.103645 0.353865 2 0.083411 0.349247 2
0 0.622768 0.156085 0.014881 0.071429 0.626045 0.131207 2 0.626509 0.130023 2 0.625388 0.129895 2 0.626558 0.130666 1 0.623754 0.130168 2 0.626905 0.137797 2 0.621536 0.136997 2 0.627164 0.145319 2 0.619781 0.144873 2 0.627725 0.144205 2 0.621166 0.147730 2 0.624883 0.155955 2 0.621315 0.155651 2 0.624058 0.170081 2 0.620955 0.169965 2 0.622708 0.183500 2 0.620079 0.184183 2
0 0.177827 0.132937 0.014881 0.043651 0.176605 0.117536 1 0.176575 0.116704 1 0.176873 0.116649 1 0.175897 0.117589 2 0.178527 0.117342 2 0.175250 0.123496 2 0.179880 0.122968 2 0.174587 0.130288 2 0.181797 0.128346 2 0.174227 0.136604 2 0.181486 0.129030 2 0.176791 0.136452 2 0.179941 0.136226 2 0.177646 0.145545 2 0.180749 0.145126 2 0.178438 0.154526 2 0.181399 0.154048 2
0 0.795387 0.192460 0.014881 0.054233 0.795182 0.178419 1 0.795232 0.177241 1 0.795603 0.177512 1 0.794277 0.178044 2 0.797611 0.178542 2 0.792941 0.184246 2 0.798074 0.185430 2 0.790911 0.191859 2 0.799330 0.192294 2 0.789844 0.199243 2 0.799387 0.190684 1 0.792645 0.199991 2 0.796266 0.200523 2 0.791542 0.211216 2 0.796453 0.212250 2 0.791203 0.222092 2 0.797119 0.222835 2
0 0.413690 0.115741 0.013393 0.054233 0.410985 0.100058 1 0.411081 0.098976 1 0.411363 0.098987 1 0.411456 0.099516 2 0.413877 0.099267 2 0.411088 0.104939 2 0.415656 0.104968 2 0.407998 0.109739 2 0.416398 0.111359 2 0.405681 0.110474 2 0.414274 0.113712 1 0.412836 0.120198 2 0.415642 0.120125 2 0.412593 0.131808 2 0.414488 0.131454 2 0.412779 0.143627 2 0.414587 0.143186 2
0 0.231771 0.134259 0.012649 0.046296 0.230346 0.121800 1 0.230596 0.120907 1 0.230029 0.120865 1 0.230806 0.121544 1 0.229624 0.121481 2 0.231362 0.126983 2 0.228999 0.127104 2 0.232158 0.132421 2 0.228484 0.133442 2 0.231456 0.135225 1 0.229592 0.139080 2 0.231560 0.137943 2 0.229914 0.138168 2 0.232590 0.146543 2 0.230353 0.146837 2 0.233427 0.155122 2 0.230682 0.155292 2
0 0.734003 0.236772 0.018601 0.084656 0.737855 0.210870 2 0.737289 0.209511 1 0.737484 0.209825 2 0.734449 0.209994 1 0.736316 0.211105 2 0.731799 0.218022 2 0.735778 0.220218 2 0.728445 0.224832 2 0.737887 0.231423 2 0.729009 0.228474 2 0.741529 0.234853 2 0.731642 0.242662 2 0.733820 0.243547 2 0.732883 0.259336 2 0.734571 0.259662 2 0.732657 0.275055 2 0.732792 0.274349 2
0 0.977679 0.432540 0.043155 0.148148 0.998429 0.373210 1 0.996877 0.370136 1 0.997859 0.370600 1 0.989767 0.370862 1 0.995816 0.373009 2 0.984130 0.385205 2 0.995831 0.390160 2 0.979121 0.402530 2 0.994401 0.412452 2 0.975262 0.420096 2 0.994502 0.431803 2 0.980364 0.423346 2 0.988534 0.425622 2 0.977930 0.450783 2 0.985199 0.456706 2 0.972192 0.479387 2 0.977325 0.487025 2
0 0.930060 0.229497 0.022321 0.067460 0.934168 0.266241 2 0.935198 0.264709 2 0.933185 0.263785 2 0.935805 0.265748 1 0.930523 0.263693 2 0.936050 0.275892 2 0.927736 0.274072 2 0.936987 0.276290 1 0.924691 0.276012 1 0.932359 0.273668 1 0.924637 0.272391 1 0.933127 0.276290 1 0.927955 0.276290 1 0.932077 0.275914 1 0.928716 0.274538 1 0.929129 0.276290 1 0.928793 0.276290 1
0 0.603051 0.107143 0.014137 0.039683 0.600733 0.096258 1 0.600821 0.095388 1 0.600589 0.095435 1 0.600816 0.095980 1 0.600591 0.096042 2 0.601549 0.101263 2 0.600434 0.101223 2 0.602345 0.107279 2 0.599762 0.106839 2 0.602999 0.113070 2 0.598591 0.113451 2 0.601446 0.112023 2 0.600707 0.111891 2 0.601499 0.119500 2 0.599902 0.119390 2 0.601257 0.126365 2 0.599627 0.126848 2
0 0.908110 0.199074 0.020089 0.038360 0.909932 0.187724 2 0.910620 0.186133 2 0.909080 0.186323 2 0.911695 0.186167 2 0.907937 0.186505 2 0.913339 0.192070 2 0.907463 0.191774 2 0.911888 0.201486 2 0.905434 0.199867 2 0.906543 0.206395 2 0.904224 0.206546 2 0.913018 0.205415 2 0.908844 0.204659 2 0.911221 0.202392 2 0.904050 0.201445 2 0.906049 0.209809 2 0.902907 0.209536 2
0 0.946429 0.205026 0.017857 0.031746 0.955979 0.186652 1 0.956203 0.185778 1 0.955793 0.185841 1 0.957070 0.184699 1 0.956132 0.184899 1 0.957255 0.184539 1 0.955614 0.184456 1 0.955696 0.187727 1 0.954431 0.187658 1 0.954851 0.195511 1 0.953543 0.194932 1 0.956896 0.191027 2 0.955664 0.190922 2 0.957022 0.206322 2 0.955478 0.206088 2 0.957309 0.220447 2 0.955309 0.218900 2
