0 0.227679 0.671296 0.020833 0.088624 0.221080 0.636403 1 0.221361 0.634741 1 0.222444 0.634729 1 0.221793 0.637112 2 0.227698 0.636121 2 0.221794 0.648585 2 0.230350 0.646308 2 0.218993 0.659866 2 0.233265 0.657798 2 0.215281 0.662513 2 0.234488 0.667544 2 0.226597 0.670886 2 0.231581 0.669611 2 0.228015 0.687217 2 0.228663 0.683608 2 0.232504 0.702286 2 0.231066 0.699370 2
0 0.213542 0.652116 0.017857 0.113757 0.217193 0.612276 2 0.217107 0.610112 1 0.216535 0.610168 2 0.215177 0.609485 1 0.213698 0.609607 2 0.215055 0.617278 2 0.210212 0.619717 2 0.217331 0.628963 2 0.210004 0.635515 2 0.219477 0.639276 2 0.213420 0.646411 2 0.216440 0.643724 2 0.213406 0.645616 2 0.217144 0.665435 2 0.215544 0.667133 2 0.214059 0.689697 2 0.214432 0.691773 2
0 0.246280 0.653439 0.017857 0.084656 0.242602 0.627200 2 0.243046 0.625356 2 0.242602 0.625424 1 0.245326 0.624291 2 0.244466 0.624625 1 0.246747 0.632121 2 0.246063 0.630982 2 0.245974 0.642829 2 0.245467 0.639641 1 0.241082 0.643177 2 0.241806 0.642216 1 0.245972 0.651356 2 0.245319 0.650518 2 0.247309 0.665521 2 0.245838 0.664847 2 0.251128 0.681509 2 0.249061 0.678783 2
0 0.268229 0.533069 0.014137 0.058201 0.269190 0.513378 1 0.268492 0.512276 1 0.269074 0.512244 1 0.266113 0.513204 1 0.268127 0.513166 2 0.265932 0.520090 2 0.267508 0.519847 2 0.270267 0.527360 2 0.270949 0.526653 2 0.273390 0.533660 1 0.273822 0.531971 2 0.267267 0.535888 2 0.268256 0.536318 2 0.271263 0.542616 2 0.272082 0.542982 2 0.268583 0.555742 2 0.268861 0.555631 2
0 0.325521 0.619709 0.034970 0.075397 0.326188 0.598020 2 0.327250 0.595192 2 0.325032 0.595763 2 0.330289 0.594194 2 0.325619 0.595039 1 0.331492 0.605624 2 0.330187 0.602254 2 0.324969 0.619228 2 0.322775 0.610293 2 0.316034 0.623306 2 0.314223 0.617910 2 0.336091 0.634796 2 0.335668 0.631389 2 0.320550 0.622586 2 0.323702 0.614848 2 0.320542 0.648253 2 0.323793 0.637218 2
0 0.455729 0.422619 0.018601 0.085979 0.454015 0.389937 1 0.454072 0.388379 1 0.454462 0.388435 1 0.452970 0.389565 2 0.456945 0.389559 2 0.450889 0.399515 2 0.458473 0.399534 2 0.449478 0.411251 2 0.459748 0.411921 2 0.450523 0.419309 2 0.461004 0.421327 2 0.452669 0.421196 2 0.457814 0.421159 2 0.453351 0.438734 2 0.457446 0.438661 2 0.453736 0.456010 2 0.456232 0.455470 2
0 0.319940 0.570767 0.025298 0.048942 0.317593 0.558882 2 0.318059 0.557246 2 0.317798 0.557508 1 0.320503 0.556770 2 0.320936 0.557114 1 0.321244 0.561894 2 0.323498 0.563065 2 0.314048 0.569811 2 0.317996 0.572337 2 0.310711 0.570617 2 0.312567 0.574861 2 0.327434 0.582515 2 0.328690 0.582395 2 0.315871 0.570986 2 0.317734 0.571455 2 0.320681 0.587218 2 0.322192 0.587677 2
0 0.327009 0.558201 0.021577 0.050265 0.323320 0.545295 1 0.323196 0.543631 1 0.324174 0.543633 1 0.322853 0.544567 2 0.327816 0.543985 2 0.322017 0.555054 2 0.330065 0.553279 2 0.316727 0.566387 2 0.330602 0.559534 2 0.315595 0.566651 2 0.325394 0.560690 1 0.325699 0.577155 2 0.330621 0.576108 2 0.316825 0.570400 2 0.320830 0.571350 2 0.321628 0.585592 2 0.324832 0.587023 2
0 0.334077 0.541667 0.025298 0.051587 0.317367 0.560591 2 0.318072 0.558492 2 0.316964 0.558978 1 0.320735 0.557526 2 0.318749 0.558327 1 0.321742 0.563809 2 0.324383 0.563791 2 0.317290 0.570698 1 0.321639 0.569628 1 0.317434 0.566644 1 0.318175 0.567558 1 0.327333 0.576017 1 0.328943 0.576017 1 0.316964 0.574259 1 0.318963 0.571877 1 0.319630 0.576017 1 0.320479 0.576017 1
0 0.461682 0.408730 0.018601 0.076720 0.454202 0.390247 1 0.454172 0.388781 1 0.454686 0.388821 1 0.452846 0.389896 2 0.457167 0.389904 2 0.450848 0.398855 2 0.458439 0.399628 2 0.449305 0.410127 2 0.459912 0.412555 2 0.450388 0.418931 1 0.460310 0.421935 2 0.452781 0.420973 2 0.457883 0.421417 2 0.453688 0.438385 2 0.457583 0.439107 2 0.454276 0.455018 2 0.456825 0.455448 2
0 0.444940 0.717593 0.050595 0.141534 0.435774 0.663438 2 0.437567 0.660543 2 0.434199 0.660638 2 0.440799 0.660575 2 0.431914 0.661308 2 0.445482 0.674200 2 0.429226 0.677279 2 0.450768 0.692493 2 0.425028 0.697646 2 0.453658 0.717398 2 0.425420 0.716976 2 0.446480 0.715849 2 0.434429 0.717901 2 0.454839 0.740176 2 0.430771 0.743483 2 0.463767 0.765846 2 0.433708 0.771601 2
0 0.393601 0.720899 0.025298 0.156085 0.395322 0.662943 2 0.397438 0.660478 2 0.394077 0.659876 2 0.400801 0.662255 2 0.392146 0.661088 2 0.404680 0.678040 2 0.390753 0.678725 2 0.406811 0.698996 2 0.390359 0.691543 2 0.404537 0.706934 2 0.397282 0.697099 2 0.402535 0.717758 2 0.392701 0.719232 2 0.404596 0.741888 2 0.394596 0.750847 2 0.407984 0.755343 2 0.395583 0.776812 2
0 0.399554 0.695767 0.017857 0.066138 0.395403 0.662907 2 0.397102 0.659707 2 0.393923 0.660113 2 0.400380 0.661285 2 0.392354 0.661947 2 0.403803 0.681320 2 0.390902 0.679158 2 0.404781 0.702044 2 0.390801 0.691963 2 0.404923 0.717995 2 0.397170 0.697238 2 0.401627 0.722066 2 0.392361 0.721320 2 0.404559 0.741419 1 0.394829 0.741121 1 0.406187 0.740738 1 0.394583 0.741242 1
0 0.399182 0.378307 0.014137 0.074074 0.392714 0.409662 2 0.393502 0.407937 2 0.392081 0.408228 2 0.395344 0.408617 2 0.391748 0.409452 1 0.398164 0.418027 2 0.390818 0.418694 2 0.399494 0.428599 2 0.389973 0.428730 1 0.396894 0.429543 1 0.391481 0.429543 1 0.396485 0.429543 1 0.391686 0.429543 1 0.396674 0.429102 1 0.391240 0.429060 1 0.395859 0.429543 1 0.393199 0.429543 1
0 0.552455 0.718915 0.030506 0.138889 0.552910 0.669796 2 0.554992 0.667217 2 0.551676 0.666372 2 0.558559 0.665725 2 0.549977 0.664060 2 0.563320 0.675934 2 0.547513 0.675303 2 0.565213 0.696647 2 0.543430 0.696716 2 0.565602 0.717472 2 0.542104 0.716100 2 0.559312 0.715091 2 0.548260 0.714036 2 0.560299 0.739812 2 0.542455 0.737472 2 0.560064 0.760094 2 0.543156 0.764139 2
0 0.395089 0.441799 0.019345 0.084656 0.393284 0.409720 2 0.394073 0.408018 2 0.392268 0.408263 2 0.395368 0.408625 2 0.390992 0.409142 2 0.397449 0.417956 2 0.389454 0.417662 2 0.398916 0.430581 2 0.387263 0.429683 2 0.399376 0.440931 2 0.386202 0.442133 2 0.395836 0.440600 2 0.390737 0.440335 2 0.395311 0.458650 2 0.391161 0.458327 2 0.394969 0.475214 2 0.392298 0.474299 2
0 0.422991 0.359127 0.015625 0.072751 0.418985 0.338826 2 0.418993 0.337341 2 0.418848 0.337329 1 0.420281 0.335405 2 0.420633 0.335563 1 0.423009 0.340637 2 0.423409 0.340189 2 0.423692 0.350837 2 0.422511 0.347965 1 0.422344 0.359810 2 0.418321 0.350203 1 0.424582 0.361421 2 0.424874 0.360802 2 0.424947 0.377415 2 0.424093 0.376155 2 0.426524 0.391102 2 0.424642 0.390258 2
0 0.363467 0.468915 0.021577 0.083333 0.359168 0.442343 2 0.360191 0.440404 2 0.358364 0.440605 2 0.362705 0.439545 2 0.358033 0.440097 1 0.365810 0.448339 2 0.357303 0.447881 2 0.369464 0.460975 2 0.355977 0.458858 2 0.368873 0.472837 2 0.355314 0.468490 2 0.364583 0.470667 2 0.359199 0.470186 2 0.364050 0.485836 2 0.360085 0.483930 2 0.365028 0.498554 2 0.362264 0.494255 2
0 0.340774 0.495370 0.019345 0.059524 0.336369 0.477555 2 0.336893 0.475865 2 0.335667 0.476293 1 0.338578 0.474635 2 0.335628 0.475618 1 0.341523 0.479955 2 0.335814 0.479725 2 0.344522 0.483874 2 0.333880 0.480167 2 0.341722 0.479139 2 0.335933 0.476025 2 0.341579 0.500096 2 0.337989 0.499844 2 0.340878 0.513223 2 0.338319 0.513479 2 0.340756 0.525828 2 0.339111 0.525369 2
0 0.345238 0.477513 0.014881 0.063492 0.336791 0.477531 2 0.337322 0.475762 2 0.336038 0.476339 2 0.338966 0.473896 2 0.335815 0.475169 1 0.341936 0.479681 2 0.336173 0.479442 2 0.344469 0.485982 2 0.335269 0.479468 2 0.343871 0.490845 2 0.336103 0.475023 1 0.341604 0.498732 2 0.337815 0.498691 2 0.341839 0.510912 2 0.338313 0.511453 2 0.342553 0.519647 2 0.338750 0.519540 2
0 0.288318 0.556878 0.021577 0.074074 0.281157 0.531327 2 0.281619 0.530108 2 0.282112 0.530025 1 0.283441 0.531897 2 0.286490 0.531338 1 0.281854 0.540461 2 0.287968 0.539018 2 0.276617 0.544153 2 0.287249 0.542489 2 0.275512 0.538766 2 0.284056 0.543374 2 0.283120 0.559396 2 0.287088 0.558626 2 0.282679 0.572575 2 0.286376 0.572159 2 0.282842 0.587111 2 0.287360 0.584920 2
