0 0.968378 0.279762 0.030506 0.093915 0.964542 0.247313 2 0.965044 0.245460 2 0.963690 0.245128 2 0.963172 0.245970 1 0.960191 0.244985 2 0.959051 0.254463 2 0.957678 0.254584 2 0.961349 0.263483 2 0.954098 0.268970 2 0.965666 0.264590 2 0.955085 0.282414 2 0.955834 0.280164 2 0.956172 0.280503 2 0.953606 0.300049 2 0.959471 0.300759 2 0.950138 0.319672 2 0.957715 0.322283 2
0 0.182292 0.099868 0.016369 0.048942 0.185980 0.116818 1 0.185891 0.115693 1 0.186267 0.115782 1 0.185126 0.116592 2 0.187897 0.116552 2 0.184587 0.124154 2 0.189542 0.124114 2 0.183044 0.131841 1 0.190816 0.131492 1 0.182090 0.131242 1 0.189516 0.132089 1 0.185791 0.133102 1 0.189045 0.133102 1 0.184028 0.129053 1 0.187735 0.129300 1 0.184006 0.132269 1 0.186875 0.133102 1
0 0.521949 0.425926 0.030506 0.150794 0.517102 0.376190 1 0.517683 0.373513 1 0.518495 0.373726 1 0.518578 0.375919 2 0.524595 0.375170 2 0.518016 0.393094 2 0.529347 0.390335 2 0.511292 0.412197 2 0.532357 0.409431 2 0.502728 0.416239 2 0.529346 0.421860 2 0.521775 0.432154 2 0.528070 0.429603 2 0.516051 0.460793 2 0.517777 0.453889 2 0.524007 0.484704 2 0.521755 0.477460 2
0 0.798363 0.410053 0.040179 0.142857 0.807117 0.354987 2 0.809196 0.352825 2 0.806007 0.351512 2 0.811602 0.354470 2 0.804006 0.351260 2 0.813208 0.369633 2 0.799275 0.365786 2 0.817642 0.386217 2 0.793269 0.382506 2 0.820801 0.400625 2 0.789385 0.402341 2 0.806201 0.408136 2 0.798066 0.405815 2 0.801438 0.438482 2 0.797666 0.435104 2 0.797381 0.462545 2 0.799399 0.461086 2
0 0.669643 0.178571 0.016369 0.068783 0.668817 0.155479 1 0.669071 0.154149 1 0.669285 0.154290 1 0.669708 0.154751 2 0.672505 0.154749 2 0.668531 0.161699 2 0.674310 0.162121 2 0.666832 0.170492 2 0.676127 0.171171 2 0.665940 0.176772 2 0.676366 0.180142 2 0.668915 0.181055 2 0.672998 0.181309 2 0.666221 0.194638 2 0.671770 0.196834 2 0.665490 0.210688 2 0.671771 0.212183 2
0 0.647321 0.442460 0.037202 0.162698 0.650001 0.383630 2 0.651003 0.380907 2 0.650979 0.381247 1 0.653205 0.384011 2 0.657667 0.383915 1 0.650842 0.402312 2 0.662212 0.402958 2 0.650008 0.426155 2 0.663318 0.428816 2 0.647200 0.437371 2 0.658474 0.441406 2 0.650964 0.448066 2 0.659742 0.448053 2 0.644545 0.477168 2 0.658440 0.478901 2 0.646785 0.511800 2 0.662474 0.511010 2
0 0.342634 0.472222 0.031994 0.148148 0.345618 0.416022 1 0.344501 0.413691 1 0.345584 0.413236 1 0.338105 0.416444 2 0.345783 0.415907 2 0.334193 0.432960 2 0.348066 0.433759 2 0.333640 0.453306 2 0.354800 0.451229 2 0.339357 0.463649 2 0.357865 0.457064 2 0.339077 0.473403 2 0.347962 0.475178 2 0.344861 0.498356 2 0.351069 0.503461 2 0.345072 0.523030 2 0.348052 0.532559 2
0 0.416667 0.413360 0.031250 0.144180 0.408826 0.355023 1 0.408349 0.352205 1 0.409314 0.352091 1 0.403978 0.354643 2 0.412175 0.354162 2 0.400823 0.373262 2 0.415418 0.371655 2 0.398629 0.394624 2 0.420650 0.392327 2 0.403569 0.397174 2 0.422023 0.399410 2 0.406652 0.413320 2 0.416139 0.412974 2 0.410454 0.443272 2 0.416938 0.440760 2 0.413098 0.472660 2 0.417314 0.470584 2
0 0.224702 0.438492 0.031250 0.141534 0.224142 0.381722 2 0.223479 0.379072 1 0.222658 0.379113 2 0.220773 0.382444 1 0.218707 0.382964 2 0.221161 0.399216 2 0.215555 0.401435 2 0.221566 0.422136 1 0.215150 0.423599 2 0.225202 0.440580 2 0.220335 0.443150 2 0.224191 0.438353 2 0.219852 0.441246 2 0.231656 0.459701 2 0.219882 0.468158 2 0.227447 0.484703 2 0.218864 0.496110 2
0 0.313616 0.396164 0.026042 0.128307 0.311130 0.353876 2 0.310219 0.351565 1 0.310003 0.351989 2 0.306888 0.353654 1 0.306694 0.355394 2 0.304259 0.367730 2 0.305849 0.370374 2 0.303209 0.388237 1 0.306629 0.390439 2 0.308766 0.401649 1 0.310684 0.405108 2 0.303846 0.399797 2 0.304111 0.401971 2 0.310981 0.426259 2 0.306300 0.432398 2 0.313448 0.452844 2 0.304271 0.460719 2
0 0.465774 0.385582 0.046131 0.117725 0.478115 0.348425 2 0.478339 0.344871 1 0.477603 0.345311 2 0.472342 0.342634 1 0.474259 0.342905 2 0.466768 0.353706 2 0.472190 0.356209 2 0.470064 0.369758 2 0.473024 0.378257 2 0.479032 0.372338 2 0.481329 0.373570 2 0.458527 0.391434 2 0.464686 0.392103 2 0.456172 0.413087 2 0.477348 0.408633 2 0.445567 0.436347 2 0.478136 0.438659 2
0 0.357515 0.417989 0.031994 0.140212 0.358890 0.365820 1 0.357775 0.362902 1 0.358720 0.363028 1 0.351667 0.364817 1 0.358279 0.365870 2 0.347856 0.381305 2 0.358585 0.384352 2 0.347074 0.398098 1 0.360206 0.404820 2 0.355360 0.395873 1 0.364684 0.400082 2 0.349935 0.417943 2 0.357862 0.419701 2 0.353246 0.446045 2 0.364279 0.447272 2 0.352556 0.476522 2 0.366054 0.479514 2
0 0.401414 0.355820 0.024554 0.124339 0.410481 0.355099 1 0.409459 0.352852 1 0.410983 0.352521 1 0.404214 0.355400 2 0.412531 0.354943 2 0.400747 0.372606 2 0.414767 0.371433 2 0.398960 0.393046 2 0.417565 0.391040 1 0.405681 0.395190 2 0.416191 0.395754 1 0.407150 0.412131 2 0.416540 0.411985 2 0.410151 0.438306 2 0.417546 0.437842 1 0.411226 0.440972 1 0.416283 0.440972 1
0 0.393229 0.398810 0.026042 0.146825 0.408439 0.356832 1 0.407912 0.354006 1 0.408898 0.353874 1 0.403996 0.355711 2 0.410550 0.355206 2 0.401560 0.372623 2 0.410889 0.371086 2 0.398917 0.394323 2 0.410889 0.390439 1 0.401917 0.398531 2 0.410413 0.394255 1 0.406619 0.414371 2 0.410889 0.414476 2 0.409846 0.444811 2 0.410889 0.444774 1 0.410889 0.471089 2 0.410889 0.471387 1
0 0.139509 0.368386 0.027530 0.125661 0.136672 0.321272 2 0.137702 0.319011 2 0.135322 0.319183 2 0.139389 0.320333 2 0.132933 0.320663 2 0.142893 0.334578 2 0.130400 0.335102 2 0.148689 0.348951 2 0.125620 0.349190 2 0.143901 0.356427 2 0.125048 0.357283 2 0.143013 0.369574 2 0.134454 0.370129 2 0.145682 0.394439 2 0.134741 0.395670 2 0.149214 0.420475 2 0.133672 0.421117 2
0 0.083333 0.383598 0.032738 0.132275 0.072183 0.337549 2 0.073822 0.335097 2 0.071650 0.334835 2 0.078139 0.336323 2 0.072603 0.335617 1 0.081798 0.349753 2 0.071671 0.347123 2 0.086319 0.367945 2 0.071112 0.360605 2 0.086244 0.387532 2 0.067456 0.373215 2 0.083547 0.384220 2 0.077648 0.383362 2 0.084354 0.408001 2 0.081626 0.404995 2 0.086249 0.434878 2 0.089567 0.427143 2
0 0.549107 0.205688 0.019345 0.083333 0.550015 0.172767 1 0.549811 0.170950 1 0.550029 0.171182 1 0.547370 0.172161 2 0.551401 0.172608 2 0.545299 0.182853 2 0.552964 0.183593 2 0.542978 0.194606 2 0.554240 0.196569 2 0.542255 0.204399 2 0.553816 0.205412 2 0.545366 0.205333 2 0.550958 0.205540 2 0.544397 0.222567 2 0.551865 0.222504 2 0.542532 0.239631 2 0.551626 0.239833 2
0 0.947173 0.280423 0.028274 0.111111 0.964789 0.247039 2 0.965141 0.244874 1 0.963874 0.244796 2 0.963459 0.244809 1 0.960351 0.244508 2 0.959517 0.254445 2 0.957574 0.254820 2 0.959550 0.269221 1 0.953960 0.270515 2 0.961259 0.280439 1 0.955249 0.283283 2 0.955574 0.279612 2 0.955306 0.279995 2 0.952166 0.299485 2 0.957253 0.300754 2 0.947564 0.318840 2 0.954992 0.320724 2
0 0.787946 0.274471 0.020833 0.085979 0.792592 0.243916 2 0.792698 0.241939 2 0.791901 0.241601 2 0.791503 0.242031 1 0.788841 0.240946 2 0.790237 0.252284 2 0.784366 0.250480 2 0.790574 0.266770 2 0.781446 0.264120 2 0.792906 0.273442 2 0.787532 0.272722 2 0.788651 0.272698 2 0.784486 0.273470 2 0.798511 0.281086 2 0.793584 0.282336 2 0.793535 0.301483 2 0.789566 0.303381 2
0 0.811384 0.270503 0.024554 0.080688 0.811006 0.242491 2 0.811064 0.240240 2 0.809943 0.240106 2 0.809792 0.240906 1 0.806733 0.240993 2 0.809221 0.246822 2 0.803184 0.251075 2 0.812212 0.259860 2 0.808049 0.264053 2 0.815420 0.267389 2 0.813657 0.273319 2 0.809675 0.268446 2 0.805368 0.273189 2 0.821010 0.269077 2 0.812703 0.283643 2 0.814066 0.283492 2 0.815923 0.302301 2
0 0.584821 0.191799 0.014881 0.044974 0.586372 0.180097 2 0.586205 0.179143 1 0.586296 0.179137 2 0.585092 0.179043 1 0.585678 0.179036 2 0.584908 0.183959 2 0.583636 0.182945 2 0.585544 0.189536 2 0.580583 0.186517 2 0.587069 0.193980 2 0.581408 0.188894 2 0.584033 0.195381 2 0.583285 0.195269 2 0.586126 0.200731 2 0.584582 0.200929 2 0.584703 0.207612 2 0.582842 0.207477 2
0 0.970238 0.940476 0.058036 0.116402 0.985607 0.922835 2 0.990257 0.919083 2 0.983369 0.914792 2 0.994362 0.923599 2 0.977450 0.913491 2 0.992850 0.957233 2 0.967814 0.934235 2 0.978927 1.000000 2 0.955954 0.964913 2 0.956681 0.996094 2 0.950999 0.984594 2 0.976360 1.000000 2 0.958914 0.990670 2 0.963324 1.000000 1 0.943857 0.986176 1 0.959125 0.981239 1 0.954942 0.967485 1
0 0.539062 0.325397 0.026042 0.066138 0.540667 0.310262 2 0.541850 0.308299 1 0.539637 0.308033 2 0.543332 0.305246 1 0.538102 0.304820 2 0.544544 0.304385 2 0.534235 0.304568 2 0.548689 0.315733 2 0.530778 0.317090 2 0.544900 0.318962 2 0.537159 0.319752 2 0.542442 0.323087 2 0.535741 0.323669 2 0.547700 0.323488 2 0.531192 0.325339 2 0.544367 0.346748 2 0.536853 0.346092 2
0 0.486607 0.159392 0.014881 0.064815 0.484762 0.139584 2 0.485297 0.138193 2 0.484122 0.138389 2 0.486258 0.137670 2 0.483709 0.138126 2 0.487351 0.142927 2 0.484921 0.143015 2 0.486051 0.150373 2 0.485062 0.150028 2 0.483634 0.146877 2 0.483934 0.148517 2 0.487922 0.159208 2 0.486242 0.158848 2 0.484751 0.171909 2 0.484247 0.171222 2 0.486290 0.185040 2 0.486244 0.184810 2
0 0.126488 0.332672 0.017857 0.043651 0.136570 0.321938 2 0.137614 0.319649 2 0.135094 0.319605 2 0.138393 0.320915 1 0.132602 0.320951 2 0.138393 0.334062 2 0.130442 0.333815 2 0.138393 0.350262 1 0.128230 0.348567 2 0.138152 0.360188 1 0.127742 0.352843 2 0.137984 0.361433 1 0.132244 0.361562 2 0.138393 0.362434 1 0.131852 0.362434 1 0.137643 0.362434 1 0.133591 0.362434 1
0 0.093750 0.312831 0.032738 0.059524 0.098265 0.307744 2 0.099407 0.305879 2 0.097173 0.306161 2 0.101672 0.304097 2 0.095542 0.305164 2 0.103546 0.308964 2 0.093628 0.312291 2 0.108965 0.316170 2 0.089447 0.325572 2 0.106956 0.316408 2 0.087910 0.339490 2 0.102756 0.324813 2 0.095698 0.326298 2 0.106823 0.320591 2 0.091312 0.323438 2 0.109924 0.336415 2 0.088899 0.337669 2
0 0.646577 0.143519 0.017857 0.054233 0.644926 0.115240 1 0.645053 0.114127 2 0.645188 0.114068 1 0.646159 0.114287 2 0.647690 0.114003 1 0.647525 0.120416 2 0.649645 0.119999 2 0.647567 0.129250 2 0.651085 0.129429 2 0.645109 0.134291 2 0.649187 0.135260 1 0.647696 0.138190 2 0.649137 0.137514 2 0.646521 0.150490 2 0.647732 0.149536 2 0.648582 0.161837 2 0.650035 0.161100 2
0 0.196801 0.208995 0.011161 0.031746 0.198832 0.200912 2 0.199042 0.199678 2 0.198212 0.199752 2 0.199020 0.199449 1 0.196618 0.199778 2 0.199927 0.204808 2 0.195120 0.205626 2 0.200966 0.210692 2 0.194391 0.212454 2 0.199239 0.214536 2 0.195858 0.218700 2 0.199559 0.217782 2 0.196291 0.218255 2 0.199995 0.213635 2 0.194954 0.214470 2 0.200143 0.220517 1 0.196167 0.221083 1
0 0.185268 0.131614 0.016369 0.048942 0.185622 0.117175 1 0.185611 0.116231 1 0.185934 0.116108 1 0.185157 0.116917 2 0.187738 0.116458 2 0.184542 0.123638 2 0.189340 0.122437 2 0.183287 0.130808 2 0.191474 0.129168 2 0.183521 0.131828 2 0.192129 0.136431 2 0.186837 0.137851 2 0.189723 0.137371 2 0.188312 0.148098 2 0.189555 0.147461 2 0.190052 0.157357 2 0.189402 0.157035 2
0 0.782366 0.185185 0.018601 0.052910 0.782332 0.163662 1 0.782552 0.162536 1 0.782923 0.162570 1 0.783309 0.163530 2 0.786006 0.163398 1 0.782678 0.170324 2 0.787305 0.170124 2 0.780972 0.176775 2 0.788170 0.178096 2 0.780968 0.173125 2 0.786883 0.182814 2 0.782782 0.184764 2 0.785863 0.184437 2 0.782135 0.195780 2 0.784714 0.196330 2 0.781813 0.207141 2 0.784455 0.207389 2
0 0.441964 0.117063 0.013393 0.051587 0.440799 0.097447 1 0.441042 0.096471 2 0.441196 0.096488 1 0.442110 0.097233 2 0.443374 0.097140 1 0.442550 0.102953 2 0.444648 0.102815 2 0.442008 0.110525 2 0.443337 0.110108 1 0.439612 0.114739 2 0.440367 0.113667 1 0.442418 0.117695 2 0.443899 0.117313 2 0.441008 0.128580 2 0.442332 0.128568 2 0.442432 0.139051 2 0.443135 0.139248 2
0 0.965774 0.218254 0.017857 0.068783 0.969800 0.193404 2 0.970879 0.191937 2 0.969425 0.191861 2 0.973053 0.192860 2 0.969261 0.192669 1 0.973087 0.201756 2 0.968633 0.200948 2 0.968346 0.209831 2 0.963763 0.209331 2 0.966929 0.206431 2 0.966488 0.207828 2 0.969108 0.224637 2 0.965989 0.223692 2 0.966083 0.240886 2 0.964478 0.238840 1 0.967600 0.252137 1 0.964718 0.252259 1
0 0.559896 0.085317 0.011161 0.033069 0.562925 0.076075 1 0.563109 0.075358 1 0.562589 0.075338 1 0.563126 0.076245 1 0.562011 0.076233 2 0.562698 0.080704 2 0.561238 0.081024 2 0.562785 0.086154 1 0.560854 0.087308 2 0.564064 0.087754 1 0.563097 0.088645 2 0.562131 0.089800 2 0.561023 0.090199 2 0.563488 0.095440 2 0.561965 0.096358 2 0.561437 0.101243 2 0.559938 0.101915 2
0 0.906622 0.189815 0.020089 0.038360 0.909521 0.174524 2 0.910335 0.173532 2 0.908821 0.173151 2 0.911149 0.174571 1 0.907265 0.173778 2 0.911768 0.181831 2 0.904297 0.180581 2 0.912948 0.189757 2 0.901044 0.189453 2 0.908946 0.192423 2 0.900347 0.197680 2 0.908105 0.199971 2 0.902995 0.198891 2 0.907570 0.209861 2 0.900700 0.208224 2 0.906465 0.208757 1 0.900106 0.206097 1
0 0.925967 0.190476 0.018601 0.034392 0.925848 0.188898 2 0.926636 0.186764 2 0.925017 0.186602 2 0.927800 0.189267 1 0.923549 0.188982 2 0.931636 0.204634 2 0.921637 0.205483 2 0.934909 0.205876 1 0.921493 0.208573 1 0.928417 0.196501 1 0.925996 0.194834 1 0.931321 0.206567 1 0.924761 0.206581 1 0.929604 0.204360 1 0.924238 0.202114 1 0.929624 0.206662 1 0.927437 0.205577 1
