0 0.557478 0.292659 0.007812 0.029762 0.558623 0.280458 1 0.558457 0.279869 1 0.558582 0.279902 1 0.557314 0.279913 1 0.558532 0.280101 2 0.556397 0.282610 2 0.558817 0.282984 2 0.555926 0.286187 2 0.559234 0.287017 2 0.556834 0.287566 2 0.558997 0.289213 2 0.556580 0.290310 2 0.558236 0.290536 2 0.556623 0.297265 2 0.558013 0.297363 2 0.556432 0.303884 2 0.557509 0.303883 2
0 0.525670 0.544974 0.011905 0.048942 0.524469 0.532072 2 0.524873 0.531100 2 0.524093 0.531181 2 0.525846 0.529995 2 0.523730 0.530174 2 0.527387 0.534043 2 0.523285 0.531761 2 0.526819 0.542671 2 0.520879 0.534593 2 0.524973 0.545858 2 0.519694 0.538487 2 0.526532 0.543825 2 0.523369 0.542677 2 0.527795 0.550776 2 0.521562 0.550249 2 0.530350 0.557911 2 0.522222 0.557728 2
0 0.560268 0.321429 0.006696 0.027778 0.564564 0.309884 1 0.564308 0.309119 1 0.564500 0.309251 1 0.562627 0.308868 1 0.564028 0.309390 2 0.561198 0.312086 2 0.563456 0.312932 2 0.560141 0.316350 2 0.563622 0.318444 2 0.560884 0.319391 1 0.563607 0.323430 2 0.561023 0.321699 2 0.562766 0.322113 2 0.560665 0.327365 2 0.563594 0.327593 2 0.559756 0.333121 2 0.563932 0.332563 2
0 0.093378 0.576058 0.012649 0.044974 0.088344 0.559183 2 0.088722 0.558170 2 0.088060 0.558462 2 0.089998 0.557598 2 0.088100 0.558544 1 0.092157 0.560982 2 0.087758 0.563362 2 0.095459 0.562739 2 0.087893 0.570477 2 0.093643 0.565581 2 0.089604 0.576219 2 0.093823 0.574409 2 0.090911 0.575287 2 0.094872 0.583840 2 0.091663 0.583137 2 0.096942 0.591978 2 0.093537 0.589133 2
0 0.120908 0.717593 0.015625 0.050265 0.120287 0.704890 1 0.120222 0.704215 1 0.120409 0.703437 1 0.119103 0.705385 2 0.121598 0.703347 2 0.119082 0.712001 2 0.124146 0.708325 2 0.119481 0.721487 2 0.126359 0.710603 2 0.120238 0.727556 2 0.126171 0.712177 2 0.121591 0.723252 2 0.125253 0.721965 2 0.122670 0.730573 2 0.126912 0.729959 2 0.124185 0.736395 2 0.129061 0.740411 2
0 0.085007 0.551587 0.012277 0.039683 0.088308 0.558735 2 0.088713 0.557723 2 0.088004 0.557951 2 0.090097 0.557448 2 0.088106 0.558114 1 0.092667 0.561701 2 0.087847 0.563527 2 0.093378 0.568087 1 0.088053 0.570847 2 0.093007 0.576202 1 0.089720 0.577226 2 0.093378 0.575665 2 0.090553 0.576537 2 0.093336 0.577147 1 0.090446 0.578595 1 0.093378 0.576277 1 0.090853 0.578739 1
0 0.805990 0.698413 0.012277 0.038360 0.801425 0.696328 2 0.802124 0.695872 2 0.801249 0.695275 2 0.803344 0.696542 2 0.801190 0.695128 1 0.804381 0.700954 2 0.799883 0.699053 2 0.805527 0.707222 2 0.798977 0.703424 2 0.804171 0.709324 2 0.798233 0.704182 2 0.802121 0.713314 2 0.799242 0.712157 2 0.800261 0.722048 2 0.798677 0.720484 2 0.799627 0.723830 1 0.798721 0.722986 1
0 0.799665 0.714286 0.014509 0.044974 0.801731 0.696783 2 0.802449 0.696103 2 0.801459 0.695640 2 0.803563 0.696468 2 0.801133 0.695364 2 0.804532 0.701396 2 0.799524 0.699663 2 0.805581 0.707646 2 0.797533 0.704449 2 0.803993 0.709740 2 0.796183 0.709556 2 0.801762 0.713964 2 0.798698 0.712884 2 0.800302 0.722091 2 0.798556 0.720935 2 0.799051 0.729102 2 0.798989 0.728693 2
0 0.851190 0.612103 0.015625 0.053571 0.854230 0.593138 1 0.854105 0.592154 1 0.854430 0.592373 1 0.852981 0.592399 2 0.855458 0.592996 2 0.851727 0.596978 2 0.855838 0.598444 2 0.849585 0.601414 2 0.856125 0.605284 2 0.847622 0.605352 2 0.855907 0.611399 2 0.850900 0.609101 2 0.853570 0.609574 2 0.849966 0.616075 2 0.851949 0.616486 2 0.849099 0.623556 2 0.850269 0.623740 2
0 0.275112 0.871693 0.017485 0.055556 0.273687 0.854817 1 0.273506 0.853881 1 0.273895 0.853684 1 0.272092 0.854542 2 0.274923 0.854080 2 0.271138 0.860740 2 0.275899 0.860192 2 0.269557 0.866695 2 0.278814 0.867214 2 0.271160 0.865553 2 0.279944 0.871622 2 0.273821 0.873998 2 0.276623 0.873927 2 0.275897 0.883068 2 0.276497 0.882438 2 0.277623 0.891585 2 0.277293 0.891395 2
0 0.289807 0.846561 0.016369 0.055556 0.288180 0.827299 1 0.287898 0.826451 1 0.288148 0.826367 1 0.285810 0.827526 2 0.288465 0.827405 2 0.284268 0.834561 2 0.289298 0.833752 2 0.283506 0.840313 2 0.290941 0.842031 2 0.285437 0.842032 1 0.292262 0.844952 2 0.285998 0.847560 2 0.289661 0.846900 2 0.286879 0.857690 2 0.291764 0.852766 2 0.287409 0.868692 2 0.292889 0.861427 2
0 0.342076 0.575397 0.012277 0.039683 0.340961 0.565013 2 0.341250 0.564043 2 0.340572 0.564384 2 0.341985 0.562333 2 0.340137 0.563234 1 0.344359 0.564276 2 0.340219 0.565962 2 0.346423 0.570669 2 0.339717 0.570543 2 0.345481 0.576945 2 0.339622 0.576323 2 0.344113 0.576802 2 0.341218 0.577749 2 0.345089 0.583337 2 0.341205 0.586976 2 0.346812 0.589866 2 0.341841 0.596729 2
0 0.332775 0.577050 0.009301 0.041667 0.331576 0.561366 2 0.331745 0.560473 2 0.331388 0.560593 1 0.332850 0.560079 2 0.331919 0.560519 1 0.335502 0.564340 2 0.332079 0.564420 2 0.337054 0.570478 2 0.330432 0.566482 2 0.337436 0.576892 2 0.330876 0.562782 2 0.335116 0.576913 2 0.332992 0.577062 2 0.335648 0.585317 2 0.334115 0.586094 2 0.337371 0.591299 2 0.336161 0.593320 2
0 0.257626 0.636905 0.015253 0.048942 0.254232 0.623135 1 0.254300 0.622505 1 0.254401 0.622121 1 0.254578 0.623021 2 0.256702 0.621977 2 0.254910 0.627615 2 0.258668 0.624916 2 0.253414 0.630995 2 0.258779 0.625705 2 0.253269 0.625162 2 0.255671 0.623760 1 0.255912 0.638971 2 0.258681 0.637533 2 0.255508 0.646502 2 0.259650 0.644653 2 0.256649 0.654309 2 0.262496 0.653061 2
0 0.308594 0.921958 0.021205 0.054233 0.306496 0.914382 1 0.306145 0.913224 1 0.306496 0.913546 1 0.303765 0.913427 2 0.306865 0.914174 2 0.301643 0.918780 2 0.307652 0.920129 2 0.303155 0.918323 2 0.312398 0.921272 2 0.308696 0.915640 1 0.315793 0.917255 2 0.301789 0.937994 2 0.306198 0.938960 2 0.303141 0.932334 2 0.311530 0.932390 2 0.301765 0.943536 1 0.310656 0.941798 2
0 0.592448 0.874008 0.015997 0.050926 0.596678 0.856637 1 0.596470 0.855343 1 0.596854 0.855793 1 0.594632 0.855413 2 0.597616 0.856765 2 0.592249 0.860727 2 0.597424 0.863854 2 0.590446 0.864500 2 0.597599 0.873844 2 0.592553 0.866574 1 0.597558 0.880125 1 0.591245 0.877769 2 0.594507 0.878969 2 0.592520 0.889771 2 0.593546 0.891226 2 0.591528 0.900943 2 0.590599 0.901372 2
0 0.449963 0.429563 0.009301 0.037698 0.450068 0.418659 2 0.450451 0.418031 2 0.449770 0.417909 2 0.450991 0.418148 2 0.449356 0.417845 2 0.451900 0.421898 2 0.448364 0.421423 2 0.453074 0.426978 2 0.447736 0.426481 2 0.452485 0.431404 2 0.447628 0.431843 2 0.451328 0.432113 2 0.449010 0.431852 2 0.451340 0.439658 2 0.449119 0.439076 2 0.451406 0.447333 2 0.449197 0.446507 2
