0 0.400998 0.220355 0.009979 0.046685 0.400394 0.204221 1 0.400278 0.203128 1 0.400587 0.203161 1 0.399276 0.203382 2 0.401867 0.203509 2 0.397952 0.209142 2 0.403114 0.209244 2 0.396394 0.215360 2 0.404767 0.215357 2 0.396896 0.218317 1 0.403989 0.218603 1 0.398626 0.222889 2 0.401972 0.222880 2 0.399116 0.233023 2 0.401583 0.233204 2 0.399521 0.242292 2 0.401504 0.242360 2
0 0.108981 0.556022 0.017332 0.062558 0.108138 0.530381 2 0.108679 0.528892 2 0.107395 0.529223 2 0.109676 0.529071 2 0.106518 0.530006 2 0.111978 0.534911 2 0.105773 0.537654 2 0.116234 0.536383 2 0.102819 0.539799 2 0.113023 0.534183 2 0.104575 0.536027 2 0.112973 0.554781 2 0.109115 0.556509 2 0.114088 0.564619 2 0.110563 0.569258 2 0.115274 0.575342 2 0.111652 0.581407 2
0 0.555935 0.480392 0.009979 0.056956 0.552312 0.442604 1 0.552456 0.441510 1 0.551995 0.441405 1 0.552793 0.441307 1 0.552307 0.441281 1 0.554783 0.442979 1 0.554398 0.443309 1 0.560596 0.444602 2 0.559390 0.444897 1 0.555060 0.449559 2 0.555502 0.449207 1 0.552706 0.461244 2 0.552429 0.460612 2 0.553054 0.483926 2 0.553625 0.483288 2 0.555397 0.503238 2 0.555566 0.503462 1
0 0.447216 0.271242 0.011029 0.049486 0.449106 0.251951 1 0.449046 0.250957 1 0.449258 0.250998 1 0.448024 0.251574 2 0.450469 0.251667 2 0.447047 0.257393 2 0.451938 0.257820 2 0.445530 0.263665 2 0.452475 0.264558 2 0.446248 0.268228 1 0.451350 0.270045 1 0.447223 0.271244 2 0.450598 0.271309 2 0.446004 0.279333 2 0.449471 0.279423 2 0.446807 0.287189 2 0.449972 0.288350 2
0 0.426471 0.440243 0.014706 0.066293 0.426423 0.413769 1 0.427076 0.412356 1 0.425612 0.412551 1 0.428110 0.412645 2 0.424744 0.413068 2 0.429902 0.419795 2 0.424121 0.419509 2 0.432110 0.427771 2 0.423767 0.427406 1 0.430456 0.431333 2 0.423821 0.434574 1 0.429204 0.438570 2 0.425413 0.438278 2 0.429414 0.452361 2 0.426241 0.451300 2 0.430066 0.465308 2 0.427328 0.462884 2
0 0.774422 0.694211 0.024685 0.084967 0.777552 0.659764 1 0.777669 0.657888 1 0.778344 0.658069 1 0.777881 0.658668 2 0.782799 0.658515 2 0.777092 0.668202 2 0.784784 0.668113 2 0.774488 0.678436 2 0.784781 0.678703 1 0.772745 0.675848 1 0.781769 0.679489 1 0.774695 0.693625 2 0.780216 0.693016 2 0.770422 0.708370 2 0.777251 0.709498 2 0.766479 0.721932 2 0.774118 0.724350 2
0 0.549107 0.382353 0.013130 0.051354 0.549890 0.371009 1 0.550535 0.369788 1 0.549107 0.369768 1 0.551414 0.370182 1 0.547967 0.370152 1 0.552866 0.376849 2 0.546620 0.376592 2 0.554622 0.386027 2 0.545029 0.385235 2 0.554538 0.392793 2 0.545401 0.392472 2 0.551963 0.396539 2 0.547863 0.396420 2 0.551159 0.411317 2 0.547487 0.411338 2 0.551170 0.417042 1 0.547054 0.416903 1
0 0.830882 0.658730 0.012605 0.043884 0.830682 0.647416 2 0.831734 0.645718 2 0.830243 0.645574 2 0.833879 0.646534 2 0.829827 0.646122 1 0.836848 0.657104 2 0.827287 0.655957 2 0.837816 0.670685 2 0.825128 0.667385 2 0.831859 0.668258 2 0.825857 0.671316 1 0.834317 0.680397 2 0.827622 0.679605 2 0.835604 0.675066 1 0.826373 0.675137 1 0.835036 0.681137 1 0.826927 0.682417 1
0 0.736870 0.446312 0.014706 0.054155 0.736023 0.429964 1 0.736466 0.428817 1 0.735536 0.429113 1 0.737769 0.428355 2 0.735328 0.429036 1 0.739947 0.433627 2 0.735391 0.433922 2 0.741757 0.440900 2 0.734832 0.440279 1 0.740928 0.447519 2 0.734711 0.445103 1 0.738759 0.447454 2 0.735503 0.447145 2 0.738201 0.457341 2 0.734262 0.456641 2 0.738634 0.466280 2 0.732042 0.465645 2
0 0.780725 0.472923 0.012080 0.042017 0.783137 0.458749 1 0.783008 0.457669 1 0.783359 0.457900 1 0.781703 0.457787 2 0.783869 0.458421 2 0.780238 0.462698 2 0.783497 0.463835 2 0.778262 0.468330 2 0.784194 0.469980 2 0.778302 0.472151 1 0.784015 0.474360 1 0.779650 0.473833 2 0.781650 0.474437 2 0.779674 0.479766 2 0.780646 0.480645 2 0.779220 0.484888 2 0.779919 0.485188 2
0 0.721376 0.570028 0.019433 0.071895 0.718513 0.545398 1 0.719418 0.544023 1 0.718198 0.543979 1 0.721237 0.545313 2 0.718229 0.545021 1 0.722736 0.554577 2 0.716673 0.553682 2 0.721089 0.564428 2 0.713641 0.562229 2 0.716318 0.566012 2 0.714675 0.565826 1 0.720652 0.574606 2 0.716321 0.574102 2 0.720215 0.588875 2 0.716024 0.588432 2 0.719959 0.600921 2 0.714785 0.601552 2
0 0.703519 0.564426 0.015231 0.071895 0.710964 0.525712 2 0.711741 0.523825 2 0.710031 0.524107 2 0.712920 0.524116 1 0.708536 0.524767 2 0.713696 0.533214 1 0.706588 0.534045 2 0.713760 0.540656 1 0.702549 0.542033 2 0.712499 0.545427 1 0.705392 0.547207 2 0.712712 0.559357 2 0.708042 0.559858 2 0.712429 0.579891 2 0.707668 0.580616 2 0.712053 0.600429 2 0.707276 0.600433 2
0 0.790704 0.659664 0.025735 0.064426 0.777748 0.659842 1 0.777742 0.658205 1 0.778549 0.658205 1 0.777442 0.658924 2 0.782426 0.658578 2 0.776419 0.668144 2 0.784394 0.667467 2 0.774994 0.680202 1 0.784635 0.679522 2 0.774486 0.680886 1 0.781221 0.682513 1 0.775728 0.694858 2 0.781247 0.694195 2 0.775003 0.703401 1 0.780429 0.703035 1 0.775425 0.704015 1 0.779396 0.704015 1
0 0.709821 0.548553 0.011029 0.070028 0.710904 0.524718 2 0.711723 0.523150 2 0.709967 0.523264 2 0.712929 0.523536 1 0.708544 0.523747 2 0.714922 0.531980 2 0.706404 0.531787 2 0.716139 0.542959 2 0.703655 0.541669 2 0.714741 0.551457 1 0.705437 0.548044 1 0.713516 0.553750 2 0.707828 0.553734 2 0.713737 0.569061 2 0.707567 0.569181 2 0.713859 0.584997 2 0.707360 0.585022 2
0 0.734506 0.556022 0.016282 0.058824 0.734340 0.534850 1 0.734920 0.533318 1 0.733625 0.533651 1 0.735974 0.533055 1 0.732899 0.533824 1 0.737852 0.539836 2 0.731902 0.540209 2 0.738735 0.550509 2 0.730036 0.550041 2 0.736884 0.557166 2 0.731426 0.555745 2 0.736131 0.560218 2 0.732236 0.560201 2 0.736016 0.575455 2 0.732475 0.575353 2 0.735931 0.589087 2 0.732554 0.588836 2
0 0.608981 0.703548 0.022584 0.049486 0.616414 0.691124 1 0.616377 0.689333 1 0.616561 0.689772 2 0.614522 0.687569 1 0.616380 0.689139 2 0.610315 0.691616 2 0.613364 0.695157 2 0.606671 0.697930 2 0.617025 0.704941 2 0.606489 0.705263 1 0.622270 0.708647 2 0.603083 0.709692 2 0.604115 0.711912 2 0.612989 0.709045 2 0.612287 0.712484 2 0.608954 0.723412 2 0.607565 0.724765 2
0 0.556460 0.460784 0.008929 0.047619 0.555068 0.454203 1 0.555103 0.452911 1 0.555496 0.452668 1 0.556406 0.453055 2 0.558702 0.452232 1 0.558266 0.459761 2 0.561026 0.458491 2 0.558004 0.470527 2 0.560392 0.469204 1 0.556090 0.476118 2 0.557390 0.475619 1 0.559168 0.479500 2 0.561149 0.478337 2 0.557783 0.489886 1 0.559301 0.488391 1 0.558321 0.492752 1 0.559907 0.493004 1
