0 0.567336 0.950397 0.045387 0.093915 0.562085 0.919811 2 0.564044 0.914457 2 0.558845 0.914531 2 0.565250 0.913126 1 0.552451 0.913622 2 0.560562 0.933674 2 0.553023 0.937274 2 0.568260 0.960819 2 0.568625 0.967509 2 0.573697 0.960039 2 0.578425 0.960411 2 0.563289 0.993842 2 0.557401 0.997275 2 0.572392 0.997555 1 0.564427 1.000000 1 0.569723 1.000000 1 0.561879 1.000000 1
0 0.617932 0.893519 0.049851 0.205026 0.617252 0.815014 2 0.620224 0.811690 2 0.616034 0.810808 2 0.625551 0.814593 2 0.614603 0.812571 2 0.631051 0.835717 2 0.608841 0.834358 2 0.640116 0.863239 2 0.602640 0.862295 2 0.632807 0.885633 2 0.601373 0.892733 2 0.624288 0.897909 2 0.609304 0.896313 2 0.623251 0.943366 2 0.600695 0.942202 2 0.618923 0.986494 2 0.596568 0.985972 2
0 0.553199 0.866402 0.075149 0.140212 0.536235 0.818267 2 0.537591 0.813344 2 0.533532 0.814857 2 0.539192 0.810286 1 0.528180 0.814046 2 0.541834 0.823851 2 0.523683 0.829685 2 0.549805 0.849187 2 0.524518 0.858273 2 0.559357 0.863944 2 0.532144 0.871416 2 0.544531 0.864441 2 0.531892 0.869898 2 0.562976 0.883313 2 0.542774 0.890002 2 0.574912 0.914349 2 0.556126 0.916288 2
0 0.239583 0.625661 0.032738 0.113757 0.240175 0.585409 2 0.241448 0.583100 2 0.239009 0.583341 2 0.243747 0.584410 2 0.237574 0.585175 2 0.246350 0.596806 2 0.235737 0.597091 2 0.249551 0.608759 2 0.229908 0.607095 2 0.246211 0.613409 2 0.230860 0.610982 2 0.245891 0.626005 2 0.238487 0.626387 2 0.249639 0.648134 2 0.235973 0.649091 2 0.252798 0.672961 2 0.236990 0.672545 2
0 0.531622 0.647487 0.036458 0.144180 0.524605 0.595130 2 0.526054 0.592056 2 0.523495 0.592705 2 0.529548 0.591650 2 0.522977 0.593369 1 0.533954 0.603530 2 0.522007 0.607063 2 0.540098 0.615897 2 0.520349 0.622150 2 0.545215 0.624750 2 0.523007 0.630307 2 0.534495 0.641103 2 0.525236 0.642988 2 0.540614 0.667679 2 0.521524 0.670332 2 0.543630 0.697936 2 0.519656 0.699751 2
0 0.519717 0.650132 0.031994 0.112434 0.524615 0.594569 2 0.526043 0.591752 2 0.523672 0.592122 2 0.529601 0.591477 2 0.522881 0.592711 1 0.533990 0.603242 2 0.521007 0.607202 2 0.540093 0.616998 2 0.519333 0.620514 2 0.541422 0.630613 2 0.523462 0.631485 2 0.533075 0.640338 2 0.523538 0.643061 2 0.538155 0.664815 2 0.521170 0.673011 2 0.538824 0.688741 2 0.517886 0.700322 2
0 0.453497 0.533069 0.021577 0.092593 0.455650 0.502164 1 0.455566 0.500434 1 0.456163 0.500481 1 0.454080 0.501296 2 0.459064 0.501280 2 0.452209 0.510942 2 0.460820 0.511172 2 0.450008 0.523603 2 0.462702 0.523965 2 0.449180 0.535670 2 0.464203 0.533215 2 0.453570 0.533541 2 0.459355 0.533719 2 0.454439 0.552979 2 0.459740 0.553341 2 0.455299 0.571643 2 0.459558 0.572120 2
0 0.495536 0.570767 0.022321 0.104497 0.485428 0.499560 1 0.485596 0.498677 1 0.486068 0.498677 1 0.486491 0.498677 2 0.490965 0.498677 1 0.486210 0.506235 2 0.494498 0.507105 2 0.484184 0.518050 2 0.495528 0.521344 2 0.480443 0.526185 2 0.493036 0.529240 2 0.486010 0.534150 2 0.491870 0.534039 2 0.483081 0.552703 2 0.490755 0.553652 2 0.483703 0.572236 2 0.491294 0.573511 2
0 0.485863 0.533730 0.023810 0.093915 0.485117 0.496856 1 0.485534 0.495140 1 0.485840 0.495272 1 0.487221 0.496375 2 0.490739 0.496330 1 0.486471 0.506392 2 0.494294 0.507235 2 0.483928 0.518989 2 0.495473 0.522027 2 0.478475 0.528717 2 0.494087 0.530600 2 0.486087 0.534923 2 0.491702 0.534894 2 0.482941 0.553433 2 0.491066 0.554835 2 0.483879 0.573107 2 0.492376 0.574413 2
0 0.514137 0.541005 0.014881 0.076720 0.519384 0.517628 2 0.518841 0.516098 1 0.519161 0.516060 2 0.515879 0.516716 1 0.518112 0.516688 2 0.514355 0.525087 2 0.518618 0.524684 2 0.513073 0.535446 2 0.520667 0.532540 2 0.513391 0.543609 2 0.520576 0.536529 2 0.515755 0.544171 2 0.518523 0.544255 2 0.516480 0.559325 2 0.518486 0.559232 2 0.515947 0.572300 2 0.518392 0.573455 2
0 0.494048 0.526455 0.017857 0.087302 0.485137 0.497451 1 0.485447 0.495569 1 0.485844 0.495741 1 0.486655 0.496381 2 0.490677 0.496459 1 0.485821 0.506445 2 0.493942 0.506843 2 0.484100 0.519054 2 0.494799 0.520115 2 0.482143 0.525960 2 0.493027 0.527813 1 0.486015 0.533376 2 0.491949 0.533216 2 0.483500 0.553326 2 0.491742 0.554677 2 0.483075 0.572154 2 0.491987 0.573205 2
0 0.473214 0.504630 0.016369 0.083333 0.471748 0.473977 1 0.471704 0.472375 1 0.471948 0.472412 1 0.470037 0.473082 2 0.473709 0.473046 2 0.468185 0.482289 2 0.475401 0.482044 2 0.467388 0.493200 2 0.476850 0.491976 2 0.469074 0.499287 2 0.473450 0.494640 2 0.469458 0.502119 2 0.474506 0.502012 2 0.469769 0.518785 2 0.473935 0.518430 2 0.470534 0.534406 2 0.473953 0.533517 2
0 0.457961 0.498016 0.018601 0.083333 0.454736 0.501224 1 0.454807 0.499601 1 0.455614 0.499839 1 0.453928 0.501026 2 0.459124 0.501106 2 0.452082 0.510851 2 0.460660 0.511223 2 0.449873 0.524069 2 0.462957 0.524557 2 0.448909 0.536000 2 0.464010 0.533052 2 0.453671 0.533643 2 0.459161 0.533896 2 0.454523 0.552276 2 0.459145 0.552181 2 0.455978 0.555494 1 0.458799 0.555494 1
0 0.363839 0.439153 0.017857 0.058201 0.367628 0.420591 2 0.367386 0.419380 1 0.367123 0.419676 2 0.366208 0.419250 1 0.365561 0.420037 2 0.366272 0.423981 2 0.364947 0.425261 2 0.367430 0.430460 2 0.365026 0.432672 2 0.368175 0.436333 1 0.366844 0.437615 2 0.366761 0.439165 2 0.365921 0.439848 2 0.366582 0.451110 2 0.365863 0.451737 2 0.365044 0.462288 2 0.364588 0.462964 2
0 0.565848 0.434524 0.011161 0.046296 0.568377 0.422347 2 0.568437 0.421520 1 0.568116 0.421343 2 0.567887 0.421437 1 0.567007 0.420997 2 0.567895 0.425014 2 0.565535 0.424800 2 0.568672 0.430182 2 0.565157 0.430288 2 0.569363 0.434217 2 0.566178 0.435093 2 0.567285 0.435472 2 0.565738 0.435540 2 0.567624 0.442769 2 0.565361 0.443068 2 0.566085 0.450144 2 0.565049 0.451291 2
