0 0.959821 0.291005 0.025298 0.095238 0.964509 0.252424 1 0.964247 0.250475 1 0.964625 0.250820 1 0.960662 0.251386 2 0.966046 0.252718 2 0.956460 0.259653 2 0.966575 0.264059 2 0.951629 0.267286 2 0.969181 0.277191 2 0.955904 0.268355 1 0.969942 0.280061 2 0.954440 0.286201 2 0.961655 0.288109 2 0.953511 0.306120 2 0.963913 0.310403 2 0.948792 0.326462 2 0.962721 0.332531 2
0 0.186012 0.107804 0.016369 0.048942 0.186024 0.116396 2 0.186359 0.115133 2 0.185899 0.115427 1 0.187957 0.115395 2 0.186935 0.115894 1 0.191336 0.120967 2 0.187563 0.121529 2 0.194437 0.124358 2 0.186001 0.124741 2 0.191165 0.121840 2 0.188435 0.122240 2 0.192233 0.136677 2 0.189679 0.136791 2 0.192619 0.141013 1 0.189651 0.141023 1 0.193090 0.138715 1 0.189916 0.140119 1
0 0.538690 0.425926 0.023810 0.148148 0.535679 0.362562 2 0.536796 0.360322 2 0.537276 0.360352 1 0.539419 0.364205 2 0.543444 0.363112 1 0.538630 0.382278 2 0.546865 0.379725 2 0.536999 0.406004 2 0.546059 0.401147 2 0.530676 0.419533 2 0.539416 0.413052 1 0.541687 0.422256 2 0.546601 0.420694 2 0.541284 0.454951 2 0.541618 0.451225 2 0.550817 0.481820 2 0.543508 0.476577 2
0 0.778274 0.361772 0.032738 0.125661 0.780566 0.319662 2 0.782277 0.318283 2 0.780074 0.316704 2 0.784927 0.316056 2 0.779484 0.312596 1 0.787422 0.319634 2 0.775342 0.316143 2 0.788578 0.336782 2 0.768745 0.331045 2 0.788533 0.352882 2 0.763890 0.348567 2 0.782219 0.353943 2 0.774127 0.352049 2 0.783656 0.380336 2 0.770193 0.378195 2 0.780079 0.403337 2 0.770002 0.405319 2
0 0.668527 0.181217 0.017113 0.068783 0.668502 0.155001 1 0.668830 0.153661 1 0.669056 0.153876 1 0.669180 0.154577 2 0.672239 0.154713 1 0.667432 0.162002 2 0.673704 0.162361 2 0.665179 0.170409 2 0.675708 0.170710 2 0.664552 0.175139 2 0.673903 0.174394 2 0.667598 0.180522 2 0.672053 0.180675 2 0.666210 0.195143 2 0.672214 0.196178 2 0.665151 0.211441 2 0.672478 0.210826 2
0 0.655506 0.449735 0.029762 0.164021 0.653597 0.385591 2 0.654630 0.382589 2 0.654752 0.382841 1 0.657725 0.386314 2 0.661604 0.385907 1 0.655752 0.406667 2 0.665458 0.404629 2 0.653228 0.430748 2 0.665119 0.426671 2 0.649053 0.427781 2 0.654975 0.425786 1 0.655005 0.448535 2 0.661885 0.447449 2 0.654721 0.479542 2 0.661547 0.479184 2 0.654948 0.515772 2 0.661236 0.511038 2
0 0.358631 0.450397 0.031250 0.144180 0.353723 0.398505 1 0.352349 0.396064 1 0.353284 0.395975 1 0.344956 0.398964 2 0.352244 0.398945 2 0.341863 0.415924 2 0.355504 0.414990 2 0.341274 0.437437 2 0.360784 0.428509 2 0.342458 0.451487 2 0.361569 0.423444 2 0.346615 0.456780 2 0.356219 0.457046 2 0.347529 0.486770 2 0.358258 0.485737 2 0.347305 0.513442 2 0.359584 0.515152 2
0 0.442708 0.427910 0.032738 0.144180 0.437000 0.367317 1 0.437327 0.364479 1 0.438056 0.364766 1 0.436453 0.367684 2 0.444270 0.367396 2 0.433258 0.387151 2 0.448193 0.385436 2 0.430236 0.404984 2 0.452013 0.406640 2 0.433404 0.408718 1 0.451397 0.421566 1 0.436908 0.427828 2 0.446945 0.426607 2 0.437916 0.458793 2 0.446943 0.454239 2 0.439197 0.489520 2 0.446746 0.481930 2
0 0.231399 0.417989 0.032738 0.140212 0.239712 0.359225 2 0.239056 0.356603 1 0.238219 0.357132 2 0.236358 0.359427 1 0.234371 0.360944 2 0.236104 0.376063 2 0.233778 0.378167 2 0.236544 0.398147 1 0.232705 0.400444 2 0.239795 0.414385 1 0.236490 0.417983 2 0.239037 0.415416 2 0.237524 0.417242 2 0.241322 0.441946 2 0.240171 0.445253 2 0.239980 0.467519 2 0.238923 0.472706 2
0 0.318824 0.406746 0.027530 0.141534 0.318821 0.350551 2 0.318457 0.348521 1 0.317299 0.349104 2 0.315900 0.352204 1 0.314376 0.353868 2 0.314076 0.366313 2 0.315613 0.368507 2 0.315492 0.384196 2 0.316992 0.387108 2 0.321750 0.396839 2 0.322420 0.401773 2 0.314305 0.399312 2 0.316041 0.400860 2 0.316841 0.425681 2 0.322946 0.428486 2 0.315994 0.451917 2 0.324371 0.456316 2
0 0.459449 0.420635 0.033482 0.145503 0.458981 0.360126 1 0.459990 0.357330 1 0.460550 0.357556 1 0.461230 0.360592 2 0.466930 0.360040 1 0.458305 0.379079 2 0.470644 0.376908 2 0.455594 0.402549 2 0.469218 0.391940 2 0.453723 0.419029 2 0.463418 0.399976 1 0.462808 0.418598 2 0.470858 0.418049 2 0.461469 0.449587 2 0.465224 0.450414 2 0.468473 0.478986 2 0.467572 0.478825 2
0 0.344122 0.423280 0.021577 0.148148 0.352721 0.400054 1 0.351507 0.397653 1 0.352472 0.397395 1 0.345156 0.400107 2 0.352037 0.399782 2 0.342334 0.416436 2 0.355327 0.415767 2 0.341131 0.436546 2 0.358631 0.436700 1 0.342560 0.452987 2 0.358177 0.455373 1 0.346066 0.456564 2 0.355233 0.456466 2 0.347473 0.487794 2 0.357528 0.486184 2 0.347614 0.513667 2 0.357646 0.514839 2
0 0.389881 0.382937 0.029762 0.170635 0.382611 0.338715 1 0.383079 0.335967 1 0.383355 0.336384 1 0.382251 0.337930 2 0.388691 0.338394 2 0.379318 0.352639 2 0.391911 0.353530 2 0.373959 0.367440 2 0.397104 0.365810 2 0.375314 0.374575 2 0.394030 0.360364 2 0.379254 0.390749 2 0.387242 0.390805 2 0.376894 0.422544 2 0.382771 0.423371 2 0.375433 0.455234 2 0.381670 0.454944 2
0 0.422619 0.409392 0.023810 0.146825 0.416420 0.351878 1 0.416923 0.349679 1 0.417533 0.349597 1 0.418316 0.352795 2 0.422541 0.351886 1 0.418638 0.369375 2 0.424108 0.365608 2 0.416500 0.388983 2 0.420888 0.381040 1 0.409799 0.393319 2 0.413477 0.385308 1 0.418915 0.404888 2 0.422215 0.402450 2 0.417001 0.432678 2 0.416916 0.428451 2 0.420061 0.460800 2 0.416151 0.453521 2
0 0.178943 0.367063 0.026042 0.125661 0.172529 0.318169 2 0.173268 0.315757 2 0.172369 0.315872 1 0.176036 0.315507 2 0.174335 0.315910 1 0.181242 0.328185 2 0.173529 0.326719 2 0.186865 0.345252 2 0.174878 0.342730 2 0.177815 0.351574 2 0.171643 0.347992 2 0.181998 0.361204 2 0.177547 0.359547 2 0.180062 0.388067 2 0.179578 0.382383 2 0.184874 0.412182 2 0.189741 0.398824 2
0 0.128720 0.363095 0.028274 0.128307 0.121839 0.316978 2 0.122980 0.314464 2 0.121122 0.314716 2 0.127909 0.315889 2 0.123665 0.316862 1 0.132174 0.329340 2 0.121720 0.330234 2 0.136658 0.347286 2 0.120203 0.348007 2 0.136965 0.364699 2 0.119728 0.348090 2 0.133215 0.364428 2 0.128030 0.365166 2 0.130073 0.389216 2 0.134044 0.388670 2 0.127346 0.414573 2 0.143416 0.403196 2
0 0.407366 0.300265 0.017113 0.100529 0.409799 0.268426 2 0.410568 0.266400 2 0.408646 0.266261 2 0.411014 0.267320 1 0.405884 0.266928 2 0.411471 0.277662 2 0.402655 0.277706 2 0.412339 0.288748 2 0.401332 0.289731 2 0.410028 0.287542 2 0.407124 0.287265 2 0.409947 0.305900 2 0.403778 0.306299 2 0.410618 0.326320 2 0.403243 0.327025 2 0.409941 0.346389 2 0.403491 0.347172 2
0 0.551711 0.207011 0.018601 0.085979 0.548984 0.173957 1 0.548925 0.172275 1 0.549271 0.172395 1 0.547240 0.173582 2 0.551313 0.173572 2 0.545227 0.184059 2 0.553339 0.183958 2 0.543125 0.195842 2 0.555685 0.196975 2 0.542048 0.206874 2 0.556538 0.207009 2 0.546845 0.206934 2 0.552135 0.206780 2 0.547749 0.225240 2 0.551992 0.223357 2 0.548306 0.242830 2 0.551159 0.240199 2
0 0.942336 0.275132 0.029018 0.113757 0.948141 0.235072 1 0.947402 0.232787 1 0.947866 0.233168 1 0.941742 0.233370 2 0.947603 0.234351 2 0.937179 0.244998 2 0.949374 0.246445 2 0.934250 0.261351 2 0.952581 0.261228 2 0.937516 0.270176 2 0.950856 0.265888 2 0.937193 0.278232 2 0.945796 0.279283 2 0.934556 0.299311 2 0.945456 0.301380 2 0.931196 0.320857 2 0.944198 0.324051 2
0 0.418527 0.289683 0.023065 0.103175 0.409878 0.268351 2 0.410587 0.266351 2 0.408799 0.265920 2 0.410807 0.267691 1 0.406047 0.266612 2 0.410828 0.277948 2 0.403851 0.276838 2 0.412994 0.289213 2 0.403778 0.287817 1 0.410111 0.283092 2 0.406897 0.284235 1 0.409820 0.303254 2 0.404928 0.303171 2 0.411080 0.322795 2 0.404372 0.323689 2 0.410698 0.343653 2 0.404781 0.344572 2
0 0.788690 0.274471 0.020833 0.085979 0.780911 0.318877 2 0.782508 0.317538 2 0.780065 0.316159 2 0.785379 0.315666 2 0.779240 0.312507 2 0.788265 0.319607 2 0.777210 0.316022 2 0.789388 0.330414 2 0.774743 0.326384 1 0.789466 0.327116 1 0.775815 0.332472 1 0.784824 0.334449 1 0.777476 0.334449 1 0.786816 0.330879 1 0.778323 0.329892 1 0.785503 0.332735 1 0.779125 0.334449 1
0 0.812500 0.272487 0.025298 0.082011 0.810814 0.243147 2 0.810825 0.241076 2 0.809982 0.240941 2 0.809506 0.241208 1 0.807113 0.241222 2 0.809179 0.246833 2 0.803474 0.250960 2 0.812185 0.260836 2 0.808705 0.264488 2 0.815969 0.268077 2 0.814024 0.273606 2 0.809818 0.268992 2 0.805665 0.273652 2 0.820096 0.270290 2 0.813286 0.285125 2 0.814774 0.286168 2 0.816004 0.306014 2
0 0.962426 0.931217 0.061756 0.134921 0.966069 0.900024 2 0.970715 0.894982 2 0.963414 0.892394 2 0.976266 0.897925 2 0.958227 0.891422 2 0.976353 0.931721 2 0.952409 0.918218 2 0.967032 0.975625 2 0.944920 0.949940 2 0.946990 0.981172 2 0.941239 0.971196 2 0.967185 0.991521 2 0.951006 0.983536 2 0.953438 0.997028 1 0.936504 0.989829 1 0.950266 1.000000 1 0.944096 0.998721 1
0 0.503348 0.162698 0.015625 0.071429 0.500953 0.136184 2 0.501441 0.134830 2 0.500547 0.134880 1 0.502537 0.134823 2 0.501111 0.134918 1 0.504070 0.141047 2 0.501188 0.141148 2 0.505664 0.149939 2 0.501328 0.147896 2 0.504827 0.155802 2 0.500645 0.144905 2 0.504623 0.159472 2 0.503290 0.159557 2 0.501918 0.173739 2 0.504406 0.174158 2 0.500976 0.188532 2 0.507480 0.187343 2
0 0.128348 0.335317 0.018601 0.041005 0.123907 0.308531 1 0.124475 0.307882 1 0.123486 0.307729 1 0.125740 0.307737 1 0.123202 0.307402 1 0.126494 0.307956 1 0.123461 0.307474 1 0.128255 0.310837 2 0.124706 0.309940 1 0.126889 0.315806 2 0.126749 0.314989 2 0.124314 0.312128 2 0.122370 0.311558 2 0.123793 0.320439 2 0.123112 0.320027 2 0.122736 0.327785 2 0.122494 0.328598 2
0 0.095982 0.316799 0.032738 0.059524 0.097931 0.305668 2 0.099039 0.303977 2 0.097052 0.304069 2 0.101276 0.302598 2 0.095692 0.303307 2 0.103314 0.307675 2 0.093749 0.311021 2 0.109024 0.315078 2 0.090060 0.322885 2 0.106217 0.315561 2 0.087819 0.331665 2 0.102916 0.327906 2 0.096009 0.329466 2 0.106032 0.319692 2 0.090750 0.323890 2 0.110419 0.336026 2 0.089942 0.339341 2
0 0.179688 0.198413 0.011161 0.026455 0.180607 0.189816 2 0.180921 0.188934 1 0.180154 0.188842 2 0.181179 0.189171 1 0.179180 0.188945 2 0.182079 0.194375 2 0.177495 0.194180 2 0.183296 0.201114 2 0.176833 0.201131 2 0.183157 0.207570 2 0.178139 0.207334 2 0.181730 0.208052 2 0.178481 0.208166 2 0.182811 0.212590 1 0.178118 0.212843 1 0.182412 0.212434 1 0.177771 0.212207 1
0 0.190104 0.133598 0.017113 0.047619 0.186595 0.116357 1 0.186706 0.115229 1 0.186983 0.115154 1 0.187441 0.115690 2 0.189832 0.115166 1 0.187713 0.121487 2 0.191682 0.120604 2 0.186083 0.126628 2 0.195288 0.126627 2 0.186502 0.125220 2 0.194834 0.130159 2 0.189915 0.136447 2 0.192351 0.136061 2 0.191360 0.146676 2 0.193145 0.145855 2 0.191871 0.156851 2 0.195192 0.155628 2
0 0.782366 0.185185 0.018601 0.052910 0.787029 0.166358 1 0.786607 0.165084 1 0.787069 0.165377 1 0.784092 0.165068 2 0.787217 0.166140 2 0.781944 0.170631 2 0.787098 0.172408 2 0.779910 0.177580 2 0.787610 0.180741 2 0.780052 0.184736 2 0.785936 0.186146 2 0.780617 0.185970 2 0.783970 0.186644 2 0.780501 0.197131 2 0.782635 0.198038 2 0.780379 0.208199 2 0.781751 0.208085 2
0 0.464658 0.119048 0.012649 0.039683 0.469712 0.105789 2 0.469929 0.104960 1 0.469541 0.104802 2 0.469748 0.104747 1 0.468661 0.104450 2 0.469566 0.109337 2 0.465783 0.108553 2 0.469050 0.116473 2 0.462738 0.114537 2 0.466593 0.119293 2 0.463815 0.117331 2 0.468080 0.119308 2 0.465394 0.119104 2 0.468134 0.126944 2 0.464138 0.127229 2 0.468365 0.137014 2 0.463670 0.136004 2
0 0.139137 0.115741 0.014881 0.030423 0.136951 0.115822 2 0.137453 0.114358 2 0.136061 0.114657 2 0.138197 0.113783 1 0.134789 0.114582 2 0.138963 0.116806 2 0.134608 0.117305 2 0.141452 0.122925 2 0.134737 0.123348 2 0.142084 0.126388 2 0.138910 0.126579 2 0.139339 0.124940 2 0.136500 0.125442 2 0.141623 0.122117 2 0.134867 0.123050 2 0.142394 0.128204 2 0.139370 0.128024 2
0 0.989583 0.268519 0.019345 0.113757 0.999368 0.240197 1 0.998986 0.238026 1 0.998789 0.238283 1 0.996567 0.237509 1 0.997264 0.238260 2 0.994969 0.245936 2 0.996519 0.247209 2 0.996283 0.257979 1 0.998439 0.258834 2 0.999017 0.260520 1 0.999070 0.255169 1 0.992207 0.275087 2 0.993160 0.275658 2 0.993170 0.296622 2 0.992737 0.298257 2 0.986210 0.311145 2 0.985812 0.312496 2
0 0.956473 0.218915 0.021577 0.070106 0.948251 0.233528 1 0.947162 0.231760 1 0.948171 0.231958 1 0.942730 0.232979 1 0.947581 0.233733 2 0.942185 0.243790 2 0.948788 0.245197 2 0.946741 0.255705 1 0.952740 0.258347 2 0.952253 0.254677 1 0.954497 0.254747 1 0.941964 0.266068 1 0.946091 0.266555 1 0.944937 0.259699 1 0.950459 0.259342 1 0.944202 0.266481 1 0.949416 0.266555 1
0 0.555804 0.103175 0.013393 0.039683 0.554027 0.076501 1 0.554684 0.075681 1 0.553101 0.075744 1 0.555787 0.075397 1 0.551327 0.075610 1 0.557796 0.076834 1 0.548781 0.076141 1 0.560071 0.084489 2 0.547617 0.080120 2 0.556351 0.093406 2 0.555415 0.081238 2 0.554153 0.098384 2 0.548112 0.098103 2 0.554453 0.113777 2 0.550411 0.113385 2 0.554218 0.122493 1 0.550808 0.121709 1
0 0.906622 0.189815 0.020089 0.038360 0.905774 0.176650 2 0.906619 0.175135 2 0.905175 0.175319 2 0.908257 0.175296 2 0.904345 0.175735 1 0.909643 0.182384 2 0.903138 0.183025 2 0.908884 0.195386 2 0.900741 0.195793 2 0.903593 0.197612 2 0.905272 0.193959 2 0.907738 0.204046 2 0.903185 0.203930 2 0.906459 0.204697 2 0.900426 0.204294 1 0.906052 0.210576 1 0.900729 0.210356 1
0 0.940848 0.192460 0.020089 0.033069 0.930659 0.198214 2 0.931551 0.195325 2 0.929098 0.195694 2 0.932939 0.196919 2 0.927642 0.197670 2 0.936949 0.211225 2 0.932500 0.211351 1 0.938067 0.212332 1 0.932942 0.212365 1 0.933712 0.205793 1 0.927402 0.204930 1 0.936290 0.213747 1 0.933438 0.212181 1 0.937062 0.214849 1 0.934273 0.208575 1 0.935349 0.210650 1 0.935350 0.211429 1
