0 0.461682 0.547619 0.021577 0.116402 0.463597 0.506819 1 0.463028 0.504705 1 0.463694 0.504937 1 0.459165 0.505603 1 0.464581 0.506404 2 0.456202 0.517202 2 0.465047 0.518610 2 0.454613 0.531847 2 0.466831 0.533988 2 0.456369 0.543200 2 0.468897 0.547319 2 0.457697 0.543155 2 0.463946 0.544242 2 0.458184 0.565275 2 0.465278 0.566623 2 0.456782 0.588037 2 0.463953 0.588320 2
0 0.477679 0.603175 0.028274 0.132275 0.482363 0.554588 1 0.481561 0.552249 1 0.482437 0.552218 1 0.476742 0.553495 2 0.483508 0.554029 2 0.472643 0.567913 2 0.485676 0.569245 2 0.469144 0.587286 2 0.488777 0.587232 2 0.466870 0.602896 2 0.486054 0.591858 2 0.474725 0.604674 2 0.483133 0.605580 2 0.476373 0.629601 2 0.481191 0.632353 2 0.478327 0.654373 2 0.479348 0.656475 2
0 0.482143 0.546958 0.025298 0.117725 0.481741 0.554436 1 0.481245 0.552281 1 0.482099 0.552550 1 0.477045 0.553803 2 0.483660 0.554442 2 0.473274 0.567354 2 0.485800 0.568313 2 0.470587 0.583358 2 0.488992 0.583273 2 0.470644 0.595701 2 0.487258 0.587988 2 0.474974 0.603493 2 0.482913 0.604176 2 0.476244 0.625298 2 0.482253 0.625634 1 0.477594 0.626740 1 0.479977 0.626764 1
0 0.547247 0.552910 0.018601 0.089947 0.549946 0.519984 1 0.550346 0.518341 1 0.550778 0.518479 1 0.551147 0.519751 2 0.554685 0.519567 1 0.549426 0.529217 2 0.556897 0.529261 2 0.547284 0.540506 2 0.558465 0.538736 2 0.546813 0.551068 2 0.557482 0.542940 1 0.549957 0.551677 2 0.554787 0.551841 2 0.549993 0.568272 2 0.553355 0.569746 2 0.549969 0.584347 2 0.551758 0.585756 2
0 0.507440 0.554233 0.023810 0.105820 0.506154 0.516225 1 0.506383 0.514482 1 0.507083 0.514784 1 0.505573 0.516114 2 0.511279 0.516466 2 0.502475 0.526538 2 0.512795 0.528412 2 0.500247 0.539849 2 0.514713 0.542431 2 0.499324 0.551568 2 0.516032 0.556509 2 0.503239 0.553649 2 0.510305 0.554939 2 0.502218 0.570219 2 0.509710 0.575414 2 0.502656 0.588528 2 0.508766 0.594519 2
0 0.567336 0.501984 0.018601 0.085979 0.572335 0.468953 1 0.572336 0.467182 1 0.572695 0.467302 1 0.570875 0.468199 2 0.575170 0.468377 2 0.568744 0.478291 2 0.576773 0.479020 2 0.567080 0.490417 2 0.577537 0.492166 2 0.568940 0.498778 2 0.574350 0.499009 2 0.569643 0.500946 2 0.575261 0.501144 2 0.569771 0.518973 2 0.574490 0.519432 2 0.569239 0.537074 2 0.573398 0.537286 2
0 0.554688 0.498016 0.017113 0.093915 0.563557 0.463124 1 0.562876 0.461345 1 0.563490 0.461333 1 0.559148 0.461561 2 0.563408 0.461969 2 0.556348 0.470871 2 0.564353 0.471432 2 0.554728 0.483201 2 0.566220 0.483571 2 0.554436 0.492419 2 0.566220 0.492261 1 0.557408 0.493941 2 0.562722 0.494413 2 0.558917 0.514384 2 0.562461 0.515582 2 0.559058 0.533843 2 0.560925 0.534674 2
0 0.647321 0.449074 0.017857 0.070106 0.649501 0.423645 1 0.649340 0.422395 1 0.649528 0.422233 1 0.648032 0.422607 2 0.649736 0.422267 2 0.647690 0.429936 2 0.650871 0.429976 2 0.648079 0.439782 2 0.652437 0.440128 2 0.649519 0.444594 1 0.653307 0.445284 1 0.648813 0.446212 2 0.650541 0.446134 2 0.648514 0.460193 2 0.648224 0.460215 2 0.652594 0.469270 2 0.648626 0.471504 2
0 0.796875 0.473545 0.013393 0.058201 0.801197 0.454518 2 0.801486 0.453410 1 0.800811 0.453088 2 0.801055 0.453524 1 0.799453 0.452703 2 0.800506 0.459575 2 0.797684 0.458725 2 0.801779 0.466685 2 0.797576 0.467562 2 0.802027 0.464615 2 0.798748 0.474921 2 0.799216 0.474713 2 0.797436 0.474326 2 0.797288 0.485055 2 0.796075 0.484894 2 0.796165 0.495680 2 0.795340 0.495338 2
0 0.784970 0.546296 0.014881 0.037037 0.789532 0.540827 2 0.789776 0.539779 1 0.789079 0.539572 2 0.789417 0.539739 1 0.787350 0.539203 2 0.788136 0.544502 2 0.783999 0.543769 2 0.789275 0.550978 2 0.784265 0.552799 2 0.792493 0.553131 2 0.787397 0.548801 2 0.783919 0.554219 2 0.780689 0.554183 2 0.791445 0.555205 2 0.787114 0.552237 2 0.787299 0.567668 2 0.782329 0.561805 2
0 0.689732 0.431878 0.014881 0.051587 0.687990 0.412867 1 0.688015 0.411946 1 0.688201 0.412106 1 0.686779 0.412653 2 0.690128 0.412882 2 0.684918 0.418195 2 0.691279 0.418723 2 0.682759 0.424108 2 0.692243 0.426405 2 0.683343 0.424802 1 0.691489 0.428215 1 0.685613 0.431754 2 0.690610 0.431876 2 0.684048 0.438832 2 0.693581 0.438473 2 0.682456 0.450236 2 0.694943 0.449071 2
0 0.834821 0.444444 0.011905 0.050265 0.837516 0.428816 2 0.837713 0.427681 1 0.837375 0.427415 2 0.836759 0.426997 1 0.836281 0.426309 2 0.835048 0.432265 2 0.834369 0.431869 2 0.834944 0.440162 1 0.833825 0.440057 2 0.836189 0.444104 1 0.835660 0.444048 2 0.834955 0.447487 2 0.834720 0.447716 2 0.834949 0.459040 2 0.835587 0.459301 2 0.834257 0.470135 2 0.835722 0.470087 2
