0 0.253939 0.897292 0.023634 0.082166 0.252810 0.867493 2 0.254341 0.865625 2 0.251968 0.865194 2 0.257398 0.864416 2 0.251186 0.863678 1 0.259831 0.869915 2 0.249941 0.870736 2 0.262762 0.879917 2 0.248535 0.880160 2 0.263876 0.890299 2 0.247729 0.891479 2 0.259262 0.891602 2 0.252751 0.892511 2 0.261708 0.902190 2 0.252801 0.906412 2 0.261424 0.914509 2 0.254703 0.922811 2
0 0.347952 0.640523 0.020483 0.059757 0.349354 0.619029 2 0.350214 0.617330 2 0.348600 0.617417 2 0.351863 0.617201 2 0.347759 0.617463 2 0.354722 0.623427 2 0.345959 0.623761 2 0.358080 0.629430 2 0.343119 0.630925 2 0.355890 0.635286 2 0.342614 0.637226 2 0.353619 0.642807 2 0.347451 0.642536 2 0.355913 0.656747 2 0.343185 0.655192 2 0.354496 0.671089 2 0.343114 0.668219 2
0 0.142069 0.669935 0.020483 0.084967 0.139470 0.642282 2 0.139937 0.640802 2 0.139040 0.641040 2 0.142641 0.640683 2 0.140385 0.641377 1 0.145372 0.648534 2 0.138925 0.646840 2 0.145461 0.658043 2 0.138504 0.658482 2 0.142023 0.659046 2 0.141579 0.662464 2 0.146018 0.668870 2 0.142123 0.667805 2 0.144979 0.684023 2 0.144357 0.678720 2 0.145405 0.701778 2 0.149626 0.687035 2
0 0.126050 0.673203 0.021008 0.078431 0.121131 0.646359 2 0.122014 0.645087 2 0.120718 0.644902 2 0.123948 0.644425 2 0.120402 0.644336 1 0.127339 0.649826 2 0.120784 0.652052 2 0.130238 0.659504 2 0.117335 0.658286 2 0.130121 0.669355 2 0.115613 0.660777 2 0.127202 0.669105 2 0.122789 0.670657 2 0.130107 0.681068 2 0.125027 0.686699 2 0.135945 0.686208 2 0.126900 0.700503 2
0 0.340074 0.419701 0.013130 0.043884 0.339917 0.407098 2 0.340456 0.405834 2 0.339271 0.406113 2 0.341662 0.405562 2 0.338678 0.406303 2 0.343873 0.409386 2 0.338272 0.410288 2 0.346748 0.415649 2 0.336566 0.416550 2 0.347856 0.421798 2 0.336278 0.422031 2 0.344254 0.421988 2 0.340382 0.422490 2 0.346895 0.426918 2 0.338673 0.427598 2 0.347326 0.436300 1 0.339377 0.436912 1
0 0.563288 0.383287 0.009979 0.030812 0.562770 0.375047 1 0.562606 0.374115 1 0.562918 0.374305 1 0.561267 0.374490 2 0.563833 0.374884 2 0.559640 0.379919 2 0.564721 0.380570 2 0.559452 0.386171 2 0.566727 0.387080 2 0.561909 0.386944 1 0.565558 0.387214 2 0.559502 0.393037 2 0.563165 0.393466 2 0.560879 0.389064 2 0.565875 0.389326 2 0.559812 0.397113 1 0.564366 0.396643 2
0 0.359244 0.230626 0.012605 0.048553 0.357566 0.215709 1 0.357212 0.214907 1 0.357557 0.214916 1 0.355545 0.215014 1 0.357390 0.215192 2 0.354764 0.219534 2 0.357158 0.219696 2 0.354925 0.225478 1 0.358445 0.225630 2 0.357051 0.228610 1 0.360523 0.228628 2 0.355119 0.232093 2 0.356545 0.232253 2 0.356061 0.240194 2 0.356260 0.240139 2 0.356334 0.247346 2 0.355512 0.247377 2
0 0.579307 0.287582 0.013655 0.046685 0.578148 0.274822 1 0.578321 0.274014 1 0.578098 0.273973 1 0.578443 0.274458 2 0.578452 0.274354 2 0.579209 0.279195 2 0.578033 0.279126 2 0.580382 0.285046 2 0.576777 0.283904 2 0.580638 0.290521 2 0.575460 0.285167 2 0.578929 0.290734 2 0.578274 0.290573 2 0.577775 0.298555 2 0.577518 0.298608 2 0.578988 0.306737 2 0.579120 0.306912 2
0 0.170956 0.263305 0.013130 0.052288 0.167995 0.247035 1 0.168195 0.246052 1 0.168369 0.246013 1 0.168869 0.246707 2 0.170380 0.246336 1 0.169317 0.252450 2 0.171776 0.251670 2 0.167675 0.257562 2 0.174336 0.257850 2 0.167300 0.255092 2 0.176133 0.263030 2 0.171231 0.264915 2 0.172367 0.264453 2 0.172209 0.275014 2 0.171540 0.273782 2 0.173951 0.284393 2 0.172680 0.283838 2
0 0.212973 0.218487 0.013130 0.042951 0.213710 0.202372 1 0.213322 0.201650 1 0.213596 0.201745 1 0.211805 0.202268 1 0.213201 0.202647 2 0.212199 0.206143 2 0.213093 0.207364 2 0.214155 0.209705 2 0.214581 0.212498 2 0.216227 0.210243 1 0.216378 0.211377 2 0.213812 0.217080 2 0.214375 0.217861 2 0.215219 0.225502 2 0.215288 0.226031 2 0.215737 0.233433 2 0.215601 0.234423 2
0 0.257353 0.246032 0.012605 0.027077 0.257739 0.239323 2 0.258134 0.238393 2 0.257189 0.238604 2 0.258635 0.237458 1 0.256220 0.237998 2 0.258427 0.239986 2 0.255305 0.240551 2 0.258698 0.244745 2 0.254935 0.245293 2 0.258785 0.246449 2 0.256577 0.247485 2 0.258197 0.247860 2 0.256185 0.248798 2 0.262762 0.247380 2 0.261252 0.249002 2 0.263072 0.251655 2 0.262299 0.252342 2
0 0.235294 0.218021 0.010504 0.045752 0.236616 0.201951 2 0.236795 0.201169 1 0.236242 0.201061 2 0.236593 0.201612 1 0.235432 0.201384 2 0.236838 0.206319 2 0.233958 0.206075 2 0.237471 0.212977 2 0.233440 0.213132 2 0.237504 0.218713 1 0.233625 0.220486 2 0.237163 0.219082 2 0.235267 0.219197 2 0.237458 0.227416 2 0.235332 0.227519 2 0.237547 0.234992 2 0.236386 0.234198 2
0 0.263655 0.237162 0.009454 0.044818 0.263161 0.223784 1 0.263091 0.222975 1 0.263268 0.222951 1 0.262111 0.223468 2 0.264333 0.223317 2 0.261222 0.228756 2 0.265879 0.228612 2 0.261040 0.235150 2 0.266768 0.235423 2 0.262446 0.238002 2 0.265368 0.238426 2 0.261937 0.240472 2 0.265344 0.240394 2 0.261961 0.247455 1 0.266018 0.246688 1 0.262333 0.253317 1 0.265799 0.252883 1
0 0.275473 0.226891 0.014181 0.052288 0.273711 0.214731 1 0.273741 0.213657 1 0.273951 0.213474 1 0.273974 0.213859 2 0.276145 0.213266 2 0.274109 0.219918 2 0.277782 0.218793 2 0.273763 0.226369 2 0.279618 0.224324 2 0.273921 0.231333 2 0.279643 0.229290 2 0.275240 0.230915 2 0.277823 0.230326 2 0.275192 0.239410 2 0.277972 0.239215 2 0.275022 0.247174 2 0.278761 0.247341 2
0 0.407563 0.070962 0.013655 0.041083 0.406678 0.062302 2 0.406963 0.061694 2 0.406382 0.061691 2 0.407385 0.061977 2 0.405940 0.062030 2 0.408080 0.065365 2 0.405326 0.065758 2 0.409134 0.068960 2 0.404729 0.069105 2 0.408030 0.071117 2 0.406080 0.070889 2 0.407772 0.073367 2 0.405931 0.073698 2 0.408112 0.078860 2 0.406082 0.080090 2 0.408491 0.084455 2 0.406237 0.086145 2
0 0.211397 0.126050 0.008929 0.033613 0.211734 0.114722 2 0.212025 0.114047 1 0.211544 0.114184 1 0.212793 0.114111 2 0.211574 0.114420 1 0.213901 0.117030 2 0.211152 0.117376 2 0.214433 0.120044 2 0.210243 0.120373 2 0.211822 0.120175 2 0.212342 0.120541 2 0.214128 0.126109 2 0.212158 0.126293 2 0.214776 0.133176 2 0.212398 0.133439 2 0.215340 0.140045 2 0.212611 0.140145 2
0 0.219538 0.125117 0.009454 0.035481 0.219418 0.114768 2 0.219786 0.114073 2 0.219114 0.114076 2 0.220443 0.114398 2 0.218853 0.114388 2 0.221651 0.118378 2 0.218103 0.118194 2 0.223129 0.122866 2 0.217193 0.122415 2 0.222590 0.126702 2 0.217463 0.127092 2 0.221348 0.128679 2 0.219025 0.128609 2 0.221866 0.135559 2 0.218922 0.135362 2 0.221503 0.142584 2 0.219374 0.142117 2
0 0.578256 0.722222 0.019958 0.056956 0.577324 0.707140 1 0.577298 0.705812 1 0.578070 0.706076 1 0.576733 0.707094 2 0.581076 0.707193 2 0.574863 0.715715 2 0.582682 0.715591 2 0.571688 0.720090 2 0.584330 0.716903 2 0.570609 0.716066 2 0.580273 0.710581 2 0.576029 0.733299 2 0.581214 0.733356 2 0.572555 0.722038 2 0.578042 0.723880 2 0.572895 0.737000 2 0.577747 0.738235 2
0 0.274947 0.082166 0.009979 0.039216 0.273168 0.073185 1 0.273338 0.072555 1 0.273085 0.072617 1 0.273782 0.072655 2 0.273472 0.072765 1 0.274709 0.075669 2 0.273543 0.075748 2 0.274666 0.079569 2 0.272722 0.079558 2 0.273502 0.078623 2 0.272942 0.077345 2 0.275153 0.084045 2 0.274336 0.084052 2 0.275697 0.090543 2 0.274810 0.090216 2 0.276333 0.096071 2 0.275316 0.096062 2
0 0.255515 0.076097 0.020483 0.036415 0.256412 0.062178 1 0.256635 0.061533 1 0.256113 0.061553 1 0.256848 0.061964 1 0.255734 0.062024 2 0.257497 0.065745 2 0.255087 0.066000 2 0.258811 0.069675 2 0.254105 0.070433 2 0.258608 0.072364 2 0.254110 0.074669 2 0.257294 0.074103 2 0.255870 0.074281 2 0.257082 0.080399 2 0.256144 0.080740 2 0.257018 0.085983 2 0.256477 0.086170 2
0 0.505777 0.056956 0.008403 0.016807 0.506187 0.056810 1 0.506091 0.056348 1 0.506300 0.056372 1 0.505492 0.056211 2 0.506900 0.056189 2 0.504798 0.058189 2 0.507764 0.058150 2 0.504196 0.060963 2 0.508722 0.060752 2 0.504376 0.064783 2 0.508240 0.065051 2 0.505392 0.064809 2 0.507366 0.064829 2 0.505322 0.067122 1 0.507101 0.067194 1 0.505406 0.066474 1 0.506954 0.066712 1
