0 0.222952 0.788515 0.017332 0.051354 0.219607 0.775523 2 0.220114 0.774112 2 0.218812 0.774736 2 0.221169 0.772289 2 0.217764 0.773719 2 0.223442 0.775014 2 0.216759 0.776459 2 0.226978 0.779585 2 0.215659 0.782965 2 0.227350 0.787131 2 0.216180 0.789241 2 0.225283 0.789067 2 0.221235 0.789880 2 0.226694 0.798873 2 0.223701 0.797628 2 0.228004 0.807956 2 0.226963 0.803320 2
0 0.801996 0.352474 0.015756 0.043884 0.801214 0.333002 2 0.801840 0.332048 2 0.800777 0.331942 2 0.802823 0.331774 2 0.800045 0.331390 2 0.803412 0.336895 2 0.798501 0.335515 2 0.803648 0.343024 2 0.795712 0.340962 2 0.802895 0.348312 2 0.794884 0.347447 2 0.800268 0.349932 2 0.796954 0.348739 2 0.798184 0.360371 2 0.793676 0.358195 2 0.796173 0.370990 2 0.791151 0.367870 2
0 0.658613 0.133987 0.008403 0.045752 0.659008 0.114982 2 0.659782 0.113889 2 0.658453 0.113710 2 0.660994 0.114133 2 0.657682 0.113726 1 0.660954 0.120666 2 0.656964 0.119344 2 0.659731 0.128305 2 0.655100 0.124766 2 0.658248 0.133055 2 0.654426 0.126703 2 0.659013 0.132248 2 0.656495 0.131442 2 0.657718 0.138371 2 0.656298 0.137810 2 0.657421 0.146887 2 0.656121 0.146578 2
0 0.798057 0.192810 0.015231 0.043884 0.806054 0.167371 2 0.806616 0.166359 2 0.805898 0.165855 2 0.806251 0.166866 1 0.804565 0.165895 2 0.804625 0.173713 2 0.800150 0.171947 2 0.802560 0.182407 2 0.794949 0.179572 2 0.799965 0.189645 2 0.794671 0.188613 2 0.797848 0.188392 2 0.794847 0.187183 2 0.796153 0.199946 2 0.793007 0.198631 2 0.793712 0.212241 2 0.790683 0.210642 2
0 0.110032 0.158730 0.011029 0.048553 0.107548 0.132567 2 0.107938 0.131471 1 0.107026 0.131573 1 0.108415 0.131597 1 0.106305 0.131895 2 0.109451 0.136305 2 0.105349 0.137726 2 0.112040 0.141907 2 0.105162 0.144849 2 0.113215 0.147227 2 0.106558 0.148658 2 0.111316 0.149949 2 0.108853 0.151200 2 0.112386 0.159341 2 0.111407 0.161552 2 0.113488 0.168958 2 0.113667 0.170658 2
0 0.805410 0.176004 0.015231 0.042017 0.806712 0.166601 2 0.807163 0.165793 2 0.806449 0.164974 2 0.806377 0.167344 1 0.804989 0.165662 2 0.804712 0.173810 2 0.802112 0.173174 2 0.807842 0.171829 2 0.801940 0.176415 2 0.809307 0.165078 2 0.803387 0.173503 2 0.799893 0.188877 2 0.798148 0.188209 2 0.798872 0.192686 1 0.797958 0.190935 1 0.799009 0.193325 1 0.798180 0.191060 1
0 0.785189 0.964986 0.015756 0.040149 0.785886 0.951900 1 0.785877 0.950557 1 0.786585 0.950895 1 0.786663 0.951325 2 0.790039 0.951597 1 0.786239 0.958846 2 0.790919 0.957966 2 0.782635 0.964043 2 0.791424 0.962316 2 0.780853 0.965675 2 0.789537 0.959720 1 0.783462 0.972062 2 0.786563 0.970696 2 0.778353 0.972737 2 0.781660 0.969949 2 0.775941 0.984946 2 0.781048 0.979591 2
0 0.789391 0.931373 0.017857 0.042017 0.792647 0.930767 2 0.793675 0.930108 2 0.792085 0.928917 2 0.795511 0.927637 2 0.791386 0.924711 2 0.797150 0.929528 2 0.789329 0.923867 2 0.795147 0.942119 2 0.783803 0.930484 2 0.791852 0.946595 2 0.779944 0.936878 2 0.795170 0.944134 2 0.790098 0.940965 2 0.791071 0.953458 2 0.786121 0.949471 2 0.790479 0.957954 1 0.785860 0.956362 1
0 0.814863 0.899627 0.017332 0.042017 0.815771 0.879291 2 0.816563 0.878267 2 0.815645 0.878049 2 0.818236 0.878921 2 0.816352 0.878141 1 0.818108 0.883913 2 0.815748 0.882937 2 0.819153 0.887964 2 0.813308 0.887945 2 0.819240 0.890812 2 0.811955 0.894620 2 0.813771 0.899416 2 0.812520 0.898502 2 0.814393 0.905546 2 0.813342 0.904599 2 0.808534 0.911384 2 0.808722 0.911750 2
0 0.835084 0.879552 0.021008 0.042951 0.840676 0.869159 2 0.841220 0.868053 2 0.840521 0.867838 1 0.842337 0.867368 2 0.840989 0.866738 1 0.843182 0.871880 2 0.840299 0.870562 2 0.840718 0.881066 2 0.837083 0.877236 2 0.833667 0.882409 2 0.833109 0.880477 2 0.838793 0.886237 2 0.837081 0.884403 2 0.829259 0.884557 2 0.829451 0.883989 2 0.823772 0.891203 2 0.824901 0.892677 2
0 0.808561 0.878618 0.015231 0.042951 0.812970 0.863642 2 0.813600 0.862039 2 0.812122 0.861938 2 0.813389 0.860412 1 0.809400 0.860229 2 0.811425 0.864586 2 0.806670 0.865095 2 0.811157 0.873227 1 0.805179 0.875242 2 0.812657 0.873693 1 0.811030 0.874112 2 0.808226 0.883315 2 0.805001 0.883904 2 0.809230 0.894889 2 0.805184 0.895880 2 0.807020 0.904676 2 0.803621 0.905774 2
0 0.357143 0.178338 0.007353 0.029879 0.357053 0.174401 2 0.357339 0.173202 2 0.356583 0.173596 2 0.358371 0.172260 2 0.356531 0.173138 1 0.360231 0.176845 2 0.357138 0.176861 2 0.358988 0.185453 2 0.354133 0.180837 2 0.356963 0.190904 2 0.355410 0.175914 2 0.360688 0.190847 2 0.358652 0.190675 2 0.358185 0.195951 1 0.357023 0.195855 1 0.358969 0.196288 1 0.357678 0.197295 1
0 0.647321 0.135387 0.011029 0.041083 0.644957 0.119820 1 0.645019 0.118964 1 0.645178 0.118990 1 0.645096 0.119490 1 0.646690 0.119510 2 0.644516 0.123748 2 0.646992 0.124230 2 0.644104 0.128389 2 0.647458 0.128609 2 0.645891 0.129786 1 0.649627 0.128748 2 0.644144 0.135460 2 0.645831 0.135807 2 0.644187 0.143765 2 0.645734 0.145654 2 0.643215 0.152510 2 0.644729 0.155158 2
0 0.768908 0.948646 0.015756 0.039216 0.776528 0.938723 1 0.775647 0.937393 1 0.776499 0.938264 1 0.771530 0.937014 1 0.775224 0.940188 2 0.767227 0.938845 2 0.773034 0.947054 2 0.766094 0.935219 2 0.776820 0.953037 2 0.767146 0.930835 2 0.779937 0.943541 2 0.764435 0.957473 2 0.767917 0.961397 2 0.765862 0.958697 2 0.768476 0.964508 2 0.763294 0.965651 2 0.765193 0.967226 2
0 0.763918 0.170401 0.017332 0.043884 0.767868 0.156289 1 0.767627 0.155212 1 0.767740 0.155446 1 0.765349 0.156055 1 0.767527 0.156654 2 0.764281 0.161255 2 0.767361 0.162558 2 0.762718 0.164551 2 0.771022 0.161868 2 0.763314 0.162284 2 0.770119 0.156750 2 0.762560 0.174114 2 0.764598 0.175171 2 0.760751 0.179401 2 0.764104 0.184399 2 0.757827 0.186433 2 0.765150 0.193935 2
0 0.113445 0.123249 0.014706 0.044818 0.107777 0.134014 2 0.108028 0.132987 1 0.107244 0.133243 2 0.108398 0.132494 1 0.106282 0.133092 2 0.109634 0.136117 2 0.105302 0.138257 2 0.111911 0.141367 2 0.105527 0.145763 2 0.112230 0.146148 2 0.107332 0.150191 2 0.111298 0.149033 2 0.108353 0.150537 2 0.111900 0.153054 1 0.109452 0.153974 1 0.112391 0.153610 1 0.108948 0.153974 1
0 0.807248 0.064893 0.010504 0.045752 0.809107 0.040540 2 0.809592 0.039320 2 0.808777 0.039455 2 0.810404 0.039819 1 0.808738 0.040006 1 0.810960 0.046612 2 0.808300 0.046940 2 0.811989 0.054433 2 0.807278 0.055972 2 0.811296 0.060670 2 0.808616 0.063914 2 0.808627 0.064314 2 0.807054 0.064057 2 0.806896 0.077083 2 0.805941 0.076670 2 0.804529 0.087927 2 0.803555 0.087606 2
0 0.757090 0.106909 0.014181 0.040149 0.762110 0.097783 2 0.762253 0.097178 1 0.762077 0.096901 2 0.761613 0.096797 1 0.761460 0.096225 2 0.760480 0.098916 2 0.759713 0.098410 2 0.760423 0.103350 1 0.758989 0.103183 2 0.761372 0.104620 1 0.760304 0.105827 2 0.758397 0.104338 2 0.757915 0.104206 2 0.758420 0.109826 2 0.757814 0.110086 2 0.757365 0.115763 2 0.756808 0.116263 2
0 0.074317 0.051821 0.023634 0.049486 0.067843 0.033834 1 0.067758 0.032995 1 0.067544 0.032292 1 0.066415 0.032210 1 0.066083 0.031004 1 0.065943 0.032656 1 0.064138 0.032550 2 0.071395 0.039113 1 0.066922 0.038043 2 0.077266 0.045764 2 0.072883 0.040818 2 0.066928 0.045785 2 0.066058 0.047301 2 0.072189 0.039166 2 0.072256 0.042303 2 0.077110 0.062112 2 0.077519 0.065342 2
