0 0.566778 0.286706 0.007812 0.029762 0.570354 0.279373 1 0.569981 0.278606 1 0.570322 0.278767 1 0.567929 0.277770 1 0.569670 0.278472 2 0.565742 0.280078 2 0.569269 0.281174 2 0.563829 0.283917 2 0.569404 0.286068 2 0.564858 0.286017 1 0.569750 0.288326 2 0.565467 0.289677 2 0.567753 0.290250 2 0.566367 0.295050 2 0.567847 0.295563 2 0.566274 0.301993 2 0.566959 0.301774 2
0 0.523810 0.544312 0.011905 0.048942 0.522070 0.537034 2 0.522486 0.536171 2 0.521728 0.536155 2 0.523370 0.535510 2 0.521501 0.535442 1 0.524558 0.539821 2 0.521239 0.537493 2 0.524258 0.547448 2 0.518558 0.539993 2 0.522413 0.552434 2 0.517438 0.542986 2 0.523020 0.550156 2 0.520894 0.548691 2 0.521310 0.554381 2 0.519120 0.553092 2 0.523043 0.559831 1 0.520566 0.558909 1
0 0.477493 0.501984 0.015253 0.044974 0.467664 0.525235 1 0.467735 0.524401 2 0.467797 0.524416 1 0.468554 0.524244 2 0.469852 0.524132 1 0.469077 0.527742 2 0.471461 0.527178 2 0.467625 0.532683 1 0.471322 0.531782 1 0.466890 0.531824 1 0.470086 0.531381 1 0.470067 0.532748 1 0.471668 0.532748 1 0.468544 0.531432 1 0.469798 0.531060 1 0.468904 0.532748 1 0.469573 0.532748 1
0 0.574219 0.313492 0.006324 0.027778 0.577136 0.303536 1 0.576882 0.302731 1 0.577075 0.302765 1 0.575203 0.302703 1 0.576392 0.303056 2 0.573968 0.306691 2 0.575570 0.307255 2 0.573028 0.312930 2 0.575537 0.313532 2 0.572683 0.318398 1 0.575850 0.318672 2 0.573644 0.317574 2 0.574699 0.317965 2 0.573625 0.323927 1 0.574469 0.324418 1 0.573480 0.326760 1 0.574127 0.326714 1
0 0.094308 0.618056 0.011533 0.045635 0.092649 0.604338 2 0.092885 0.603309 2 0.092044 0.603943 2 0.093625 0.602798 2 0.091414 0.604361 2 0.095557 0.606404 2 0.090935 0.608987 2 0.099413 0.606880 2 0.090767 0.615710 2 0.098240 0.611036 2 0.092574 0.619618 2 0.097043 0.621007 2 0.094087 0.621929 2 0.097941 0.631632 2 0.096139 0.629694 2 0.099845 0.640144 2 0.096926 0.634136 2
0 0.111979 0.688492 0.015625 0.050265 0.109429 0.675292 1 0.109346 0.674775 1 0.109590 0.674111 1 0.108143 0.675955 2 0.110642 0.674394 2 0.107997 0.681315 2 0.113099 0.679462 2 0.107481 0.689331 2 0.114985 0.683849 2 0.106722 0.696141 2 0.114910 0.689235 2 0.110262 0.693636 2 0.113754 0.693040 2 0.111462 0.700040 2 0.114906 0.701071 2 0.113480 0.704624 2 0.116380 0.711403 2
0 0.094680 0.568452 0.012277 0.040344 0.092099 0.554079 2 0.092432 0.553088 2 0.091619 0.553381 2 0.093140 0.552791 2 0.091100 0.553572 2 0.094898 0.556458 2 0.089644 0.558148 2 0.096971 0.561124 2 0.088512 0.564892 2 0.097318 0.566242 2 0.089879 0.569496 2 0.096351 0.568965 2 0.092868 0.570175 2 0.098089 0.577407 2 0.093598 0.578797 2 0.099509 0.587015 2 0.096016 0.586806 2
0 0.765625 0.781746 0.019345 0.054233 0.764659 0.767722 2 0.764889 0.766892 2 0.764685 0.766605 1 0.766451 0.767123 2 0.766657 0.766378 1 0.767838 0.771675 2 0.767772 0.769673 2 0.767397 0.779852 2 0.766378 0.770227 2 0.767242 0.787150 2 0.764380 0.768311 2 0.766580 0.782979 2 0.767237 0.782230 2 0.763035 0.788761 2 0.767201 0.791800 2 0.759446 0.796448 2 0.767766 0.801662 2
0 0.792969 0.716270 0.012277 0.038360 0.793259 0.722801 2 0.793828 0.721950 2 0.792775 0.721791 2 0.794642 0.722101 2 0.791921 0.721701 2 0.795648 0.727134 2 0.790399 0.726170 2 0.796691 0.733223 2 0.788379 0.731202 2 0.796290 0.736743 2 0.787320 0.736380 2 0.794069 0.740426 2 0.790458 0.739940 2 0.795009 0.741848 1 0.790046 0.741262 1 0.794735 0.740862 1 0.789423 0.740284 1
0 0.789807 0.739087 0.014137 0.046958 0.793183 0.722972 2 0.793836 0.722096 2 0.792718 0.721941 2 0.794682 0.722225 2 0.791965 0.721783 2 0.795734 0.727351 2 0.790285 0.726596 2 0.796804 0.733598 2 0.788165 0.731436 2 0.795985 0.736749 2 0.787463 0.737266 2 0.793689 0.740533 2 0.790428 0.740159 2 0.792092 0.749050 2 0.790683 0.749362 2 0.790062 0.755466 2 0.790801 0.756483 2
0 0.861979 0.582341 0.010417 0.045635 0.861224 0.569820 1 0.861218 0.568852 1 0.861405 0.569059 1 0.860502 0.568575 2 0.862470 0.569069 2 0.858919 0.572852 2 0.863184 0.573798 2 0.856193 0.578143 2 0.864075 0.580783 2 0.856320 0.581943 2 0.863804 0.586767 2 0.858503 0.584711 2 0.861128 0.584907 2 0.857735 0.592418 2 0.859004 0.592892 2 0.857567 0.599570 2 0.857784 0.599635 2
0 0.851190 0.580688 0.015625 0.054233 0.853255 0.562651 1 0.853156 0.561685 1 0.853468 0.562037 1 0.851884 0.562036 2 0.854446 0.562997 2 0.850026 0.566286 2 0.854474 0.568634 2 0.847523 0.568977 2 0.854404 0.575658 2 0.849030 0.568733 2 0.853977 0.580973 2 0.848591 0.578434 2 0.851423 0.579310 2 0.847866 0.586555 2 0.849609 0.587094 2 0.847318 0.594393 2 0.848208 0.594086 2
0 0.275670 0.822421 0.013393 0.048280 0.274092 0.806270 1 0.274068 0.805485 1 0.274454 0.805259 1 0.273339 0.806310 2 0.276111 0.805712 2 0.272621 0.812199 2 0.277618 0.811706 2 0.271233 0.820214 2 0.279598 0.818407 2 0.269811 0.826711 2 0.281314 0.824053 2 0.274620 0.825003 2 0.277684 0.825004 2 0.276253 0.833415 2 0.278119 0.834564 2 0.278246 0.840689 2 0.278096 0.844157 2
0 0.291667 0.796296 0.016369 0.055556 0.289236 0.777907 2 0.289691 0.776612 2 0.289125 0.776891 2 0.291167 0.776984 2 0.289753 0.777668 1 0.293967 0.782590 2 0.289387 0.784020 2 0.295734 0.787669 2 0.288498 0.790995 2 0.296877 0.792038 2 0.287731 0.794913 2 0.293935 0.795664 2 0.290889 0.796100 2 0.294669 0.804281 2 0.290204 0.803640 2 0.294803 0.812229 2 0.292670 0.811906 2
0 0.314918 0.616402 0.012277 0.039683 0.313169 0.606045 2 0.313191 0.605049 2 0.312898 0.605192 1 0.314322 0.604593 2 0.314074 0.605102 1 0.317626 0.609458 2 0.313745 0.609077 2 0.319983 0.615894 2 0.314052 0.616501 2 0.319702 0.623123 2 0.313743 0.622405 2 0.317318 0.624295 2 0.315159 0.623656 2 0.316758 0.634889 2 0.316514 0.632184 2 0.317804 0.641747 2 0.321870 0.635530 2
0 0.307478 0.614087 0.009301 0.041667 0.303918 0.600890 2 0.304187 0.599775 2 0.303393 0.600182 2 0.305042 0.599310 2 0.303224 0.600162 1 0.307414 0.603964 2 0.303515 0.603692 2 0.309649 0.609531 2 0.301834 0.603863 2 0.310958 0.613991 2 0.302082 0.600354 2 0.307460 0.616091 2 0.305293 0.616175 2 0.307066 0.623475 2 0.307040 0.623839 2 0.307220 0.628952 2 0.308853 0.629708 2
0 0.230469 0.616733 0.013765 0.048280 0.226842 0.602417 1 0.226910 0.601714 1 0.227152 0.601404 1 0.227478 0.601713 2 0.229357 0.600839 1 0.227574 0.606092 2 0.231407 0.603723 2 0.226063 0.610749 2 0.233405 0.607460 2 0.226129 0.607653 2 0.233747 0.612259 2 0.229203 0.617096 2 0.231495 0.615824 2 0.229784 0.624238 2 0.231133 0.622398 2 0.231510 0.631589 2 0.231936 0.630128 2
0 0.326079 0.828042 0.020461 0.044974 0.324969 0.814766 1 0.324934 0.813906 1 0.325150 0.813952 1 0.324240 0.814914 2 0.326939 0.814531 2 0.322618 0.821387 2 0.328727 0.819408 2 0.321232 0.822421 2 0.331198 0.816465 2 0.321780 0.817141 2 0.330726 0.812544 2 0.324180 0.837985 2 0.328516 0.837436 2 0.323167 0.829802 2 0.330538 0.829383 2 0.321639 0.844665 2 0.328633 0.842434 2
0 0.597470 0.856812 0.015625 0.050926 0.600821 0.842018 1 0.600652 0.840656 1 0.600969 0.841141 1 0.598906 0.840572 2 0.601913 0.841971 2 0.596588 0.845922 2 0.602713 0.849537 2 0.594889 0.852338 2 0.603307 0.859717 2 0.595270 0.859308 1 0.601927 0.867979 1 0.595785 0.862202 2 0.599920 0.863880 2 0.595063 0.871875 2 0.598366 0.874478 2 0.595022 0.883043 2 0.596754 0.884887 2
0 0.445499 0.435847 0.008557 0.037037 0.445687 0.424274 2 0.445994 0.423508 2 0.445294 0.423697 2 0.446538 0.422751 2 0.444825 0.423201 2 0.447801 0.425573 2 0.444361 0.425882 2 0.449077 0.430971 2 0.443491 0.431080 2 0.448671 0.436365 2 0.443422 0.436572 2 0.447746 0.436367 2 0.445464 0.436497 2 0.448656 0.444128 2 0.445888 0.443939 2 0.449437 0.451622 2 0.446416 0.451205 2
0 0.449777 0.378968 0.010417 0.039683 0.449862 0.373006 1 0.449626 0.372231 1 0.449775 0.372304 1 0.448143 0.372234 1 0.449333 0.372555 2 0.447045 0.375665 2 0.448856 0.376254 2 0.446141 0.380145 1 0.448760 0.381307 2 0.446771 0.383767 1 0.449179 0.384938 2 0.446704 0.384355 2 0.448034 0.384689 2 0.446633 0.390667 2 0.448414 0.391092 2 0.445334 0.396982 2 0.447794 0.397489 2
