0 0.479539 0.804894 0.058780 0.197090 0.473798 0.730246 2 0.475460 0.725956 2 0.472726 0.726755 2 0.481028 0.721661 2 0.472784 0.724226 1 0.491399 0.736894 2 0.471839 0.741023 2 0.500105 0.756203 2 0.465910 0.758948 2 0.502279 0.771573 2 0.462321 0.761965 2 0.488365 0.794459 2 0.473505 0.795467 2 0.496401 0.836332 2 0.467083 0.837426 2 0.501701 0.873808 2 0.461709 0.879119 2
0 0.470982 0.781085 0.049107 0.130952 0.474229 0.730940 2 0.475683 0.726645 2 0.473033 0.727908 2 0.481633 0.722430 2 0.474142 0.725582 1 0.491518 0.737391 2 0.473431 0.740077 2 0.499581 0.758908 2 0.467120 0.761084 2 0.501541 0.771545 2 0.461800 0.767409 2 0.488492 0.795299 2 0.475216 0.795036 2 0.493109 0.839795 2 0.468436 0.837119 2 0.495784 0.871693 2 0.463019 0.867832 2
0 0.437500 0.556878 0.022321 0.105820 0.448607 0.515547 1 0.449019 0.513427 2 0.449169 0.513485 1 0.450218 0.513851 2 0.452536 0.513732 1 0.449471 0.524717 2 0.453125 0.523876 1 0.446431 0.539783 2 0.450916 0.537374 1 0.444921 0.542947 2 0.447102 0.538635 1 0.449950 0.555405 2 0.452961 0.554964 2 0.448654 0.578028 2 0.451289 0.578352 1 0.449999 0.601308 2 0.451798 0.599723 1
0 0.483259 0.601852 0.023065 0.119048 0.491226 0.555973 1 0.490324 0.553796 1 0.490991 0.553737 1 0.485081 0.554681 2 0.490495 0.555336 2 0.480413 0.567205 2 0.492512 0.569121 2 0.477356 0.583544 2 0.495155 0.585354 2 0.479186 0.591344 1 0.493731 0.591311 2 0.481752 0.601332 2 0.489868 0.602414 2 0.482502 0.623058 2 0.489302 0.626526 2 0.482800 0.643981 2 0.487713 0.649266 2
0 0.450893 0.556217 0.025298 0.104497 0.448211 0.515686 1 0.448454 0.513530 1 0.448917 0.513537 1 0.450156 0.513826 2 0.454693 0.513507 1 0.449182 0.524590 2 0.458143 0.524213 2 0.446576 0.538235 2 0.456662 0.538321 1 0.445039 0.543203 1 0.450016 0.541331 1 0.450906 0.554873 2 0.457337 0.554664 2 0.449555 0.577824 2 0.455915 0.578955 2 0.450393 0.601912 2 0.455900 0.600583 2
0 0.494792 0.560847 0.017857 0.079365 0.491662 0.556171 1 0.490540 0.554094 1 0.491391 0.554206 1 0.485237 0.554579 1 0.490209 0.555295 2 0.482887 0.566182 2 0.492366 0.567566 2 0.483393 0.582481 1 0.495145 0.585244 2 0.486995 0.589953 1 0.494714 0.592498 2 0.483047 0.601484 2 0.489763 0.601957 2 0.483058 0.616402 1 0.489786 0.616402 1 0.484182 0.616402 1 0.488742 0.616402 1
0 0.472842 0.552249 0.017113 0.093915 0.484375 0.556152 1 0.484375 0.554175 1 0.484375 0.553985 1 0.483406 0.555189 1 0.484375 0.554894 1 0.479962 0.567318 2 0.483257 0.567204 1 0.477204 0.583024 2 0.480348 0.583325 1 0.478457 0.592193 2 0.480354 0.591919 1 0.482020 0.600649 2 0.484223 0.601485 1 0.482759 0.615872 1 0.484375 0.617477 1 0.482573 0.617477 1 0.483725 0.617477 1
0 0.459821 0.500000 0.017857 0.082011 0.448838 0.515353 1 0.448948 0.513478 1 0.449495 0.513523 1 0.449769 0.513912 2 0.454339 0.513439 1 0.449316 0.524756 2 0.458014 0.523667 2 0.447938 0.541009 1 0.457459 0.538362 2 0.448538 0.549318 1 0.452190 0.546061 1 0.451119 0.556016 1 0.457539 0.555468 2 0.449405 0.556878 1 0.458178 0.556878 1 0.449095 0.556878 1 0.457662 0.556878 1
0 0.439360 0.444444 0.015625 0.060847 0.442036 0.424070 1 0.441706 0.422673 1 0.441998 0.422884 1 0.439013 0.422068 2 0.442170 0.422650 2 0.436950 0.428033 2 0.442273 0.428191 2 0.435814 0.437007 2 0.443610 0.435942 2 0.437487 0.443654 1 0.442056 0.442128 2 0.437090 0.445706 2 0.441103 0.445871 2 0.436765 0.458215 2 0.442843 0.458071 2 0.436207 0.471135 2 0.444842 0.469893 2
0 0.605283 0.446429 0.011161 0.046296 0.607385 0.433618 2 0.607288 0.432615 1 0.607278 0.432564 2 0.606212 0.432149 1 0.606441 0.432078 2 0.606507 0.435706 2 0.604871 0.436014 2 0.609155 0.438415 2 0.605198 0.440613 2 0.608420 0.436245 2 0.604194 0.445623 2 0.605395 0.448528 2 0.604375 0.448529 2 0.605323 0.457191 2 0.603817 0.457283 2 0.604544 0.465917 2 0.603853 0.465843 2
0 0.562128 0.471561 0.012649 0.046296 0.559782 0.458626 2 0.560065 0.457803 2 0.559256 0.458004 2 0.560446 0.457893 1 0.558308 0.458403 2 0.561448 0.461674 2 0.558456 0.462794 2 0.563524 0.465982 2 0.557979 0.467770 2 0.561871 0.469621 2 0.556035 0.470054 2 0.562128 0.471991 2 0.560089 0.472319 2 0.562312 0.479748 2 0.559848 0.479935 2 0.564482 0.487228 2 0.559965 0.487640 2
0 0.624628 0.423942 0.009673 0.043651 0.621874 0.416761 2 0.622138 0.416128 1 0.621697 0.416149 1 0.622527 0.416503 1 0.621627 0.416529 1 0.622824 0.420288 2 0.621336 0.420231 2 0.623579 0.425104 2 0.621197 0.424754 2 0.623983 0.428137 2 0.621928 0.427161 2 0.622724 0.429078 2 0.621624 0.429133 2 0.623338 0.435862 2 0.621587 0.436104 2 0.624004 0.442894 2 0.621320 0.442880 2
