0 0.584449 0.647817 0.010417 0.040344 0.585669 0.631481 1 0.585747 0.630694 1 0.585873 0.630688 1 0.586116 0.630984 2 0.587935 0.630803 2 0.586279 0.635407 2 0.589343 0.635329 2 0.585570 0.641968 2 0.589678 0.640833 2 0.584256 0.646573 2 0.587876 0.643373 1 0.586294 0.647286 2 0.588616 0.647224 2 0.584994 0.654537 2 0.588301 0.655977 2 0.584121 0.661666 2 0.588509 0.663839 2
0 0.072731 0.912698 0.012277 0.048942 0.064771 0.896650 1 0.064771 0.895251 1 0.064512 0.895490 1 0.065675 0.893725 1 0.065116 0.894031 1 0.069146 0.894918 2 0.065999 0.895099 2 0.072470 0.901866 2 0.067076 0.901472 1 0.073357 0.910180 2 0.066415 0.909900 1 0.074503 0.900769 2 0.072333 0.901011 2 0.072547 0.913869 2 0.069916 0.913974 2 0.074666 0.927513 2 0.072668 0.926797 2
0 0.046131 0.792659 0.011905 0.045635 0.050098 0.775630 2 0.050786 0.774734 2 0.049756 0.774007 2 0.051069 0.775110 1 0.048598 0.773360 2 0.050079 0.781093 2 0.046699 0.780303 2 0.050911 0.787188 1 0.046277 0.787908 2 0.051647 0.783682 1 0.050238 0.784512 2 0.050923 0.797307 2 0.048646 0.797505 2 0.050926 0.809300 2 0.049880 0.809933 2 0.051013 0.818628 1 0.048953 0.819956 1
0 0.052827 0.745370 0.009673 0.046296 0.052431 0.730220 1 0.052354 0.729146 1 0.052732 0.729066 1 0.051665 0.729704 2 0.054220 0.729473 2 0.051036 0.736166 2 0.055076 0.736092 2 0.050381 0.743004 2 0.054492 0.743431 2 0.051288 0.744171 2 0.052846 0.744312 2 0.052460 0.748728 2 0.055224 0.748675 2 0.053457 0.757329 2 0.054894 0.756973 2 0.053887 0.765313 2 0.054419 0.765372 2
0 0.155506 0.680556 0.010417 0.037037 0.154393 0.667516 2 0.154674 0.666601 2 0.154107 0.666793 2 0.155259 0.666841 2 0.154248 0.667216 2 0.156506 0.671423 2 0.155243 0.671816 2 0.158521 0.677665 2 0.155140 0.677602 1 0.158344 0.682668 2 0.153247 0.681742 1 0.156444 0.683867 2 0.155742 0.683670 2 0.154736 0.692322 2 0.154314 0.691936 2 0.155499 0.699934 2 0.154968 0.699936 2
0 0.205729 0.719246 0.012649 0.035053 0.206420 0.706742 2 0.206692 0.705809 2 0.205910 0.705932 2 0.207080 0.705790 1 0.204993 0.706125 2 0.208155 0.709446 2 0.203686 0.709427 2 0.209845 0.714663 2 0.201795 0.712574 2 0.208557 0.718956 2 0.201137 0.715659 2 0.207647 0.720478 2 0.204339 0.720567 2 0.209350 0.727578 2 0.201757 0.728597 2 0.210335 0.736467 2 0.202485 0.736670 2
0 0.216518 0.685847 0.006696 0.038360 0.215800 0.669107 2 0.216188 0.668299 2 0.215397 0.668409 2 0.216896 0.668285 2 0.214932 0.668572 2 0.218194 0.672667 2 0.214492 0.672713 2 0.219090 0.678347 2 0.213618 0.677348 2 0.218904 0.683276 2 0.213166 0.682325 2 0.217112 0.683214 2 0.214705 0.683140 2 0.217072 0.691398 2 0.215102 0.691592 2 0.217850 0.698494 2 0.215802 0.699406 2
0 0.240699 0.733135 0.010417 0.036376 0.243153 0.718036 2 0.243588 0.717313 2 0.242868 0.717335 2 0.244347 0.717164 2 0.242562 0.717265 1 0.245411 0.720359 2 0.241846 0.720385 2 0.246003 0.725305 2 0.240344 0.724583 2 0.244265 0.728266 2 0.240390 0.725890 2 0.244721 0.730200 2 0.242334 0.730018 2 0.243210 0.736793 2 0.240713 0.736436 2 0.244469 0.744085 2 0.242548 0.743403 2
0 0.214658 0.739087 0.009673 0.036376 0.215274 0.725122 2 0.215717 0.724183 2 0.214830 0.724126 2 0.216458 0.723851 2 0.214151 0.723754 2 0.217435 0.727292 2 0.213302 0.727496 2 0.218935 0.732728 2 0.212044 0.732718 2 0.216484 0.729347 2 0.214177 0.729072 2 0.217417 0.736981 2 0.214586 0.737343 2 0.219796 0.735185 2 0.214756 0.736367 2 0.219376 0.741056 1 0.214673 0.742564 1
0 0.250186 0.618717 0.007068 0.035053 0.247677 0.604465 1 0.247773 0.603730 1 0.247941 0.603764 1 0.248027 0.604424 2 0.249736 0.604302 2 0.247701 0.609137 2 0.250868 0.608799 2 0.246773 0.613873 2 0.252220 0.613837 2 0.246722 0.617036 2 0.252539 0.618534 2 0.248368 0.618540 2 0.250557 0.618306 2 0.248270 0.625661 2 0.250743 0.625331 2 0.248307 0.633073 2 0.251596 0.632420 2
0 0.305246 0.609788 0.008557 0.031746 0.308287 0.599251 1 0.307856 0.598472 1 0.308216 0.598564 1 0.306163 0.598603 1 0.307732 0.599069 2 0.304947 0.602497 2 0.307627 0.603299 2 0.307136 0.605977 1 0.309700 0.607744 2 0.309796 0.606726 1 0.310880 0.609293 2 0.304792 0.611544 2 0.306599 0.612234 2 0.308589 0.611830 2 0.310161 0.612869 2 0.307883 0.619752 2 0.308655 0.619926 2
0 0.231585 0.601521 0.009301 0.031085 0.232376 0.590111 1 0.232083 0.589324 1 0.232304 0.589314 1 0.230525 0.589432 1 0.231906 0.589486 2 0.229202 0.593753 2 0.232363 0.593517 2 0.228449 0.598691 2 0.235092 0.596722 2 0.229562 0.600258 1 0.236997 0.597055 2 0.230252 0.603419 2 0.232234 0.603754 2 0.233528 0.603866 2 0.236104 0.604448 2 0.232889 0.611083 2 0.235841 0.612126 2
0 0.189732 0.601190 0.008929 0.027778 0.195081 0.590695 2 0.195303 0.589735 1 0.194637 0.589959 2 0.195514 0.589674 1 0.193907 0.590279 2 0.195306 0.593801 1 0.193122 0.594717 2 0.195143 0.599339 1 0.192847 0.600696 2 0.195167 0.595736 1 0.193755 0.597246 1 0.195525 0.604656 1 0.194062 0.605368 2 0.195514 0.607628 1 0.194089 0.608877 1 0.195052 0.609917 1 0.194244 0.609150 1
0 0.416667 0.631283 0.007440 0.037698 0.418341 0.617068 2 0.418580 0.616216 2 0.417885 0.616288 2 0.418700 0.616572 1 0.417060 0.616702 2 0.418524 0.620946 2 0.416836 0.621380 2 0.419147 0.626131 1 0.416474 0.627358 2 0.419995 0.629961 2 0.417688 0.631147 2 0.418811 0.631151 2 0.417792 0.631511 2 0.419140 0.638671 2 0.418439 0.639053 2 0.418495 0.645893 2 0.417823 0.646212 2
0 0.013021 0.487765 0.006696 0.025794 0.014862 0.472093 2 0.015302 0.471322 2 0.014614 0.471449 1 0.016072 0.472093 1 0.014544 0.472278 1 0.015722 0.475625 2 0.014602 0.475646 2 0.015279 0.474850 2 0.013301 0.474895 2 0.014936 0.473299 2 0.013874 0.474454 2 0.015218 0.482218 2 0.014540 0.482163 2 0.014453 0.489801 2 0.014291 0.489755 2 0.014353 0.497760 2 0.014167 0.497563 2
0 0.448103 0.613426 0.007812 0.025794 0.448310 0.603518 2 0.448078 0.603014 1 0.448192 0.603023 2 0.447351 0.603445 1 0.447640 0.603504 2 0.447719 0.606193 2 0.446826 0.607100 2 0.449807 0.608589 2 0.447888 0.611934 2 0.451919 0.610008 2 0.451236 0.612701 2 0.447894 0.615138 2 0.447227 0.615981 2 0.451569 0.615272 2 0.451034 0.615692 2 0.450362 0.622088 2 0.449839 0.622665 2
0 0.544271 0.670635 0.007440 0.038360 0.544880 0.658398 2 0.545309 0.657653 2 0.544494 0.657696 2 0.546033 0.658089 2 0.544043 0.658180 2 0.546856 0.662764 2 0.543424 0.662749 2 0.547756 0.667947 2 0.542865 0.667700 2 0.547645 0.672771 2 0.542710 0.671279 2 0.546177 0.673763 2 0.543861 0.673703 2 0.546444 0.681535 2 0.544038 0.681412 2 0.546681 0.688791 2 0.543995 0.688450 2
0 0.584077 0.635582 0.005952 0.033069 0.585531 0.621341 2 0.585370 0.620754 1 0.585181 0.620777 2 0.584440 0.621362 1 0.584007 0.621564 2 0.584388 0.625208 2 0.582883 0.625680 2 0.584958 0.630172 1 0.583991 0.630750 2 0.585322 0.629608 1 0.586057 0.628973 2 0.584166 0.635125 2 0.582973 0.635491 2 0.584319 0.642554 2 0.583257 0.643232 2 0.583044 0.650015 2 0.581850 0.650257 2
0 0.566034 0.639881 0.006324 0.035053 0.567360 0.625048 1 0.567362 0.624364 1 0.567539 0.624515 1 0.566688 0.624999 2 0.568324 0.625280 2 0.565509 0.629132 2 0.568662 0.629524 2 0.564341 0.633991 2 0.568840 0.634702 2 0.564312 0.638317 2 0.568670 0.638530 2 0.565550 0.638813 2 0.567645 0.638982 2 0.565340 0.645693 2 0.567077 0.645809 2 0.565567 0.653184 2 0.566677 0.652854 2
0 0.568824 0.622685 0.007440 0.036376 0.569198 0.609272 2 0.569571 0.608540 2 0.569061 0.608522 2 0.570603 0.608756 2 0.569193 0.608678 1 0.571718 0.613178 2 0.568550 0.612614 2 0.572231 0.618663 2 0.568068 0.617570 2 0.570400 0.619183 2 0.570162 0.618945 2 0.570724 0.622817 2 0.568504 0.622536 2 0.570573 0.630901 2 0.568467 0.630540 2 0.570711 0.638792 2 0.568230 0.638033 2
0 0.716890 0.479828 0.005952 0.024471 0.718064 0.469455 1 0.718106 0.469032 1 0.718240 0.469071 1 0.718237 0.469103 2 0.719140 0.469115 1 0.718054 0.471065 2 0.719439 0.471254 2 0.717175 0.473283 2 0.719681 0.473954 2 0.715667 0.473975 2 0.719481 0.475686 1 0.718061 0.476221 2 0.718973 0.476282 2 0.717472 0.478445 1 0.718698 0.478861 1 0.717540 0.480129 1 0.718791 0.480442 1
0 0.731957 0.531746 0.007812 0.021164 0.733433 0.527032 1 0.733449 0.526541 1 0.733641 0.526565 1 0.733557 0.526747 2 0.734912 0.526605 2 0.733604 0.529180 2 0.735696 0.528776 2 0.732355 0.532190 2 0.735503 0.531692 2 0.730854 0.532430 2 0.733995 0.532728 1 0.734295 0.535933 2 0.735672 0.535649 2 0.733509 0.542198 2 0.734793 0.541787 2 0.733778 0.546265 2 0.735077 0.545976 1
0 0.453683 0.652778 0.006324 0.035714 0.457848 0.635513 2 0.457410 0.634645 1 0.457533 0.634790 2 0.455262 0.635251 1 0.456062 0.635778 2 0.454079 0.640090 2 0.455549 0.640859 2 0.453654 0.645867 1 0.456086 0.647465 2 0.455802 0.649290 1 0.457745 0.648687 2 0.454300 0.651674 2 0.455483 0.652111 2 0.454553 0.658319 2 0.456724 0.657698 2 0.453236 0.664981 2 0.456895 0.664356 2
0 0.468192 0.631944 0.007068 0.032407 0.469907 0.619551 2 0.469777 0.618991 1 0.469779 0.619035 2 0.469258 0.619075 1 0.469169 0.619193 2 0.469030 0.622760 2 0.468235 0.623203 2 0.470079 0.626012 2 0.469257 0.628339 2 0.470926 0.625038 2 0.470939 0.625977 2 0.469630 0.631700 2 0.468665 0.631891 2 0.470456 0.638816 2 0.468117 0.637937 2 0.471206 0.645897 2 0.465682 0.643072 2
0 0.477493 0.647817 0.010045 0.039021 0.479201 0.633851 2 0.478921 0.632960 1 0.479045 0.633017 2 0.477427 0.633286 1 0.478148 0.633433 2 0.477527 0.637196 2 0.477404 0.638254 2 0.477574 0.642944 1 0.476825 0.644753 2 0.478125 0.647791 1 0.477213 0.650104 2 0.477855 0.648583 2 0.478067 0.649254 2 0.477840 0.655701 2 0.479340 0.657052 2 0.474560 0.658826 2 0.478846 0.662961 2
0 0.492001 0.639881 0.007812 0.031085 0.493215 0.619778 1 0.493093 0.619179 1 0.493198 0.619158 1 0.492243 0.619440 1 0.493297 0.619439 2 0.491717 0.622826 2 0.493377 0.622933 2 0.491174 0.627490 2 0.494050 0.628055 2 0.492031 0.630852 1 0.494516 0.631494 2 0.492549 0.631906 2 0.493702 0.632020 2 0.492697 0.638935 2 0.493967 0.638930 2 0.492887 0.645561 2 0.494718 0.645571 2
0 0.496094 0.574735 0.007068 0.026455 0.497646 0.565792 2 0.497469 0.565042 1 0.497487 0.565077 2 0.496332 0.564952 1 0.496704 0.565021 2 0.495281 0.568362 2 0.496426 0.568542 2 0.496430 0.572467 1 0.497656 0.573150 2 0.498920 0.572581 1 0.499123 0.572993 2 0.495100 0.576861 2 0.495841 0.577330 2 0.498565 0.577254 2 0.499518 0.577514 2 0.497012 0.583989 2 0.497585 0.584153 2
0 0.042039 0.643188 0.008929 0.035053 0.044095 0.630121 2 0.044103 0.629472 1 0.043762 0.629528 2 0.043832 0.629654 1 0.042867 0.629843 2 0.043652 0.632393 2 0.042283 0.633328 2 0.045447 0.634683 2 0.044257 0.636919 2 0.046570 0.635124 2 0.046206 0.635961 2 0.044027 0.641337 2 0.042953 0.642182 2 0.046986 0.643839 2 0.046233 0.645179 2 0.045581 0.650610 2 0.044865 0.651322 2
0 0.579055 0.582341 0.007068 0.025794 0.579993 0.574849 1 0.579786 0.574213 1 0.580013 0.574285 1 0.578599 0.574290 2 0.580187 0.574687 2 0.577335 0.577243 2 0.580232 0.578146 2 0.576445 0.580939 1 0.581640 0.582064 2 0.577559 0.583506 1 0.582004 0.584258 2 0.577119 0.585486 2 0.578910 0.586280 2 0.580879 0.584754 2 0.582551 0.586384 2 0.580089 0.591516 1 0.581367 0.593225 2
0 0.537760 0.569775 0.007068 0.025794 0.538750 0.562240 1 0.538424 0.561627 1 0.538703 0.561671 1 0.536944 0.561624 1 0.538205 0.561923 2 0.536158 0.564128 2 0.537906 0.564778 2 0.537686 0.566971 1 0.539899 0.567743 2 0.540312 0.569328 1 0.541866 0.569553 2 0.536257 0.572382 2 0.537433 0.572991 2 0.538224 0.576194 2 0.539330 0.577294 2 0.537995 0.582030 2 0.539094 0.583165 2
0 0.507440 0.564153 0.006696 0.031746 0.508527 0.554296 1 0.508213 0.553688 1 0.508514 0.553690 1 0.506897 0.553721 1 0.508040 0.553896 2 0.506401 0.556439 2 0.507057 0.556937 2 0.507683 0.560795 1 0.507915 0.561383 2 0.509632 0.561321 1 0.509905 0.561109 2 0.506537 0.564407 2 0.506992 0.565130 2 0.509806 0.567652 2 0.510507 0.568955 2 0.509088 0.573932 2 0.509985 0.575281 2
0 0.672061 0.551257 0.007068 0.024471 0.673696 0.545422 1 0.673456 0.544794 1 0.673718 0.544815 1 0.672127 0.544725 1 0.673507 0.544953 2 0.671243 0.547583 2 0.672755 0.547963 2 0.672223 0.551741 1 0.673638 0.552368 2 0.674262 0.552470 1 0.675069 0.552403 2 0.670647 0.555790 2 0.671683 0.556204 2 0.673005 0.558431 2 0.673868 0.558948 2 0.672616 0.564357 1 0.673325 0.564468 2
0 0.408296 0.594907 0.010789 0.032407 0.410282 0.582635 2 0.410194 0.582014 1 0.410011 0.582018 2 0.409513 0.582393 1 0.409094 0.582478 2 0.408707 0.585546 2 0.408674 0.585981 2 0.410789 0.588361 2 0.410901 0.589449 2 0.412609 0.589837 2 0.413072 0.591201 2 0.407907 0.594672 2 0.407835 0.595153 2 0.410329 0.598951 2 0.410507 0.600039 2 0.409261 0.605844 2 0.409557 0.606640 2
0 0.612165 0.781415 0.013765 0.037698 0.611376 0.769810 1 0.611515 0.768952 1 0.611510 0.768885 1 0.612650 0.768468 2 0.613446 0.768119 1 0.614325 0.772588 2 0.614792 0.770881 2 0.612745 0.779990 2 0.613082 0.775772 2 0.608461 0.781229 2 0.609146 0.779739 2 0.613121 0.786425 2 0.613515 0.784804 2 0.608099 0.794709 2 0.609759 0.792990 2 0.609306 0.801488 2 0.611722 0.800606 2
0 0.646949 0.800265 0.011905 0.054233 0.648641 0.779592 1 0.648580 0.778582 1 0.648805 0.778676 1 0.647345 0.779180 2 0.650122 0.779360 2 0.645862 0.785021 2 0.651394 0.786052 2 0.644277 0.792268 2 0.652483 0.794068 2 0.644879 0.795092 2 0.653025 0.802088 2 0.645969 0.800889 2 0.649738 0.801552 2 0.645412 0.810747 2 0.649487 0.813826 2 0.644775 0.820085 2 0.648605 0.825551 2
0 0.805804 0.907738 0.014881 0.057540 0.807676 0.886097 1 0.807783 0.884874 1 0.808084 0.885248 1 0.806793 0.885510 2 0.810066 0.886177 2 0.804105 0.891238 2 0.811058 0.892700 2 0.801973 0.894900 2 0.813559 0.895029 2 0.804032 0.895360 1 0.812316 0.893694 1 0.803577 0.907732 2 0.808197 0.908739 2 0.802430 0.915475 2 0.807078 0.919279 2 0.801184 0.925960 2 0.806075 0.929712 2
0 0.909412 0.757606 0.010045 0.045635 0.912174 0.739841 2 0.912346 0.739068 2 0.911654 0.738757 2 0.911955 0.739928 1 0.909831 0.739188 2 0.911771 0.745292 2 0.908129 0.744378 2 0.912036 0.751210 2 0.906145 0.750012 2 0.911855 0.752873 2 0.904326 0.755227 2 0.910491 0.757424 2 0.908088 0.757033 2 0.910459 0.767121 2 0.908149 0.767101 2 0.909242 0.774070 2 0.906979 0.775423 2
0 0.916109 0.757606 0.008557 0.045635 0.917357 0.740369 2 0.917541 0.739521 1 0.916859 0.739463 2 0.917294 0.739812 1 0.915326 0.739595 2 0.917097 0.744013 2 0.913608 0.743292 2 0.917533 0.749382 2 0.911793 0.745793 2 0.917244 0.752603 2 0.913043 0.742846 2 0.915983 0.755870 2 0.913773 0.755833 2 0.915482 0.765129 2 0.913648 0.765325 2 0.913967 0.774188 2 0.912990 0.774060 2
0 0.895275 0.728836 0.008557 0.048942 0.896605 0.712815 2 0.897159 0.711950 2 0.896014 0.711989 2 0.897650 0.712539 2 0.895012 0.712653 2 0.897943 0.716583 2 0.894027 0.717267 2 0.898364 0.721664 2 0.891232 0.722895 2 0.898362 0.723989 1 0.890408 0.727551 2 0.896133 0.727494 2 0.893999 0.727771 2 0.894587 0.737702 2 0.894862 0.738836 2 0.893829 0.747662 2 0.895380 0.750411 2
0 0.886533 0.731812 0.008929 0.041667 0.887180 0.716089 2 0.887634 0.715292 2 0.886646 0.715122 2 0.887938 0.715946 1 0.885490 0.715499 2 0.888385 0.721242 2 0.883683 0.720837 2 0.889177 0.727564 2 0.881668 0.727648 2 0.889088 0.731587 2 0.881809 0.732308 2 0.886881 0.732779 2 0.883990 0.732607 2 0.885952 0.741130 2 0.884455 0.741021 2 0.884304 0.749729 2 0.883747 0.749896 2
0 0.711496 0.641204 0.007068 0.045635 0.712730 0.626140 1 0.712980 0.625458 2 0.712975 0.625434 1 0.713647 0.626307 2 0.714083 0.626174 1 0.714096 0.630981 2 0.713836 0.630593 2 0.713664 0.636674 2 0.713060 0.636074 1 0.712453 0.639563 2 0.712089 0.639031 1 0.713312 0.641397 2 0.713149 0.641063 2 0.713184 0.649981 2 0.712838 0.649534 2 0.713065 0.658671 2 0.713061 0.657898 2
0 0.832589 0.656085 0.007440 0.037037 0.832402 0.644722 1 0.832510 0.643976 1 0.832605 0.643984 1 0.833146 0.643987 2 0.834034 0.643906 1 0.833567 0.647580 2 0.834696 0.647312 2 0.833006 0.653675 2 0.834174 0.653114 1 0.831848 0.658409 2 0.832694 0.657040 1 0.833169 0.658037 2 0.833969 0.657738 2 0.832775 0.665944 2 0.833232 0.665839 2 0.833116 0.673826 2 0.833495 0.673651 2
0 0.819010 0.660053 0.008557 0.039683 0.819087 0.646023 1 0.819053 0.645150 1 0.819270 0.645302 1 0.818056 0.645370 2 0.820274 0.645612 2 0.816578 0.649986 2 0.821083 0.650411 2 0.815769 0.656577 2 0.822034 0.657270 2 0.815842 0.661570 2 0.821558 0.662896 2 0.816839 0.662998 2 0.819956 0.663288 2 0.816662 0.671451 2 0.820083 0.671956 2 0.816670 0.678049 1 0.819638 0.678128 1
0 0.822173 0.651786 0.006696 0.036376 0.818924 0.645658 1 0.818880 0.644744 1 0.819122 0.644865 1 0.818235 0.645038 2 0.820379 0.645282 2 0.817708 0.649854 2 0.821241 0.650365 2 0.817715 0.656465 1 0.822273 0.656927 2 0.818496 0.661969 1 0.821422 0.662610 2 0.817708 0.663630 2 0.820021 0.663865 2 0.817708 0.671614 1 0.820410 0.672455 2 0.817708 0.675773 1 0.820249 0.676586 1
0 0.595052 0.715278 0.006324 0.035053 0.593278 0.702984 2 0.593250 0.702106 2 0.593168 0.702303 1 0.594034 0.701010 2 0.594082 0.701434 1 0.595987 0.704092 2 0.595603 0.704090 2 0.596468 0.709874 2 0.595993 0.710558 2 0.593772 0.712733 2 0.593442 0.713863 2 0.596930 0.716078 2 0.596373 0.715544 2 0.597093 0.725662 2 0.594979 0.723565 2 0.597177 0.735078 2 0.593309 0.731921 2
0 0.801711 0.606481 0.007440 0.034392 0.801821 0.592562 1 0.801765 0.591909 1 0.801969 0.591928 1 0.801063 0.592017 2 0.802935 0.592085 2 0.800077 0.595445 2 0.803765 0.595736 2 0.799129 0.600312 2 0.804549 0.600830 2 0.799367 0.604071 2 0.804596 0.604804 2 0.800769 0.604931 2 0.803337 0.605084 2 0.800451 0.611932 2 0.803268 0.612401 2 0.800526 0.619178 2 0.803006 0.619604 2
0 0.809152 0.603836 0.005952 0.038360 0.810391 0.591481 1 0.810338 0.590718 1 0.810605 0.590763 1 0.809780 0.590917 1 0.811652 0.590974 1 0.808954 0.594978 2 0.812148 0.595045 2 0.808245 0.599692 2 0.812370 0.599887 2 0.809023 0.603021 2 0.811490 0.603062 1 0.808619 0.604845 2 0.810822 0.604820 2 0.808543 0.612167 2 0.810660 0.612152 2 0.808474 0.619497 2 0.810739 0.619363 2
0 0.845424 0.585317 0.007068 0.035714 0.848770 0.570815 1 0.848530 0.570061 1 0.848784 0.570152 1 0.847008 0.570228 1 0.848841 0.570627 2 0.845641 0.573975 2 0.848951 0.574652 2 0.844394 0.578699 2 0.849214 0.579627 2 0.844101 0.582519 2 0.849080 0.584126 2 0.845434 0.583741 2 0.847752 0.584084 2 0.845069 0.590448 2 0.847634 0.591458 2 0.843931 0.597091 2 0.846492 0.598060 2
0 0.830915 0.577712 0.005580 0.035053 0.831025 0.565013 2 0.831129 0.564327 2 0.831144 0.564266 1 0.831836 0.564286 2 0.832493 0.564167 1 0.831838 0.567602 2 0.833325 0.567231 2 0.830027 0.570629 2 0.831697 0.570292 1 0.830222 0.567817 2 0.830493 0.567794 1 0.831357 0.577194 2 0.832443 0.576840 2 0.831067 0.584023 2 0.832180 0.583695 2 0.830974 0.590760 2 0.832280 0.590666 2
0 0.837798 0.575728 0.008185 0.029762 0.836807 0.564124 1 0.836902 0.563431 1 0.837086 0.563458 1 0.837284 0.563789 2 0.838831 0.563679 1 0.837026 0.567583 2 0.839747 0.567320 2 0.836177 0.571947 2 0.840222 0.571738 2 0.836591 0.573773 2 0.839344 0.574200 1 0.837225 0.576646 2 0.839063 0.576405 2 0.837007 0.583389 2 0.838522 0.583221 2 0.836964 0.590442 2 0.838592 0.590021 2
0 0.849144 0.568452 0.008557 0.029762 0.848616 0.570780 1 0.848438 0.570077 1 0.848677 0.570190 1 0.847132 0.570233 2 0.848798 0.570667 1 0.845822 0.573930 2 0.848797 0.574439 2 0.844612 0.578602 2 0.849093 0.579032 2 0.844359 0.583033 1 0.848998 0.582943 1 0.845666 0.583534 2 0.847661 0.583831 2 0.845691 0.588868 1 0.847692 0.589265 1 0.845630 0.589265 1 0.847305 0.589082 1
0 0.853981 0.568783 0.005580 0.031746 0.855262 0.557598 1 0.855187 0.556990 1 0.855496 0.556972 1 0.854659 0.557424 2 0.856537 0.557363 1 0.854207 0.561082 2 0.856952 0.560997 2 0.853651 0.565592 2 0.857530 0.565520 2 0.853461 0.569613 2 0.857099 0.568905 1 0.854578 0.569740 2 0.856413 0.569642 2 0.854825 0.576036 2 0.856184 0.576004 2 0.854726 0.582022 2 0.855929 0.581965 2
0 0.828311 0.543651 0.005580 0.025132 0.824949 0.542967 2 0.825116 0.542420 2 0.824859 0.542530 1 0.825749 0.542358 2 0.825175 0.542642 1 0.826809 0.544906 2 0.825394 0.545247 2 0.827961 0.547969 2 0.825248 0.548567 1 0.827442 0.549409 2 0.824951 0.550641 1 0.826402 0.552677 2 0.825436 0.552640 2 0.826325 0.557877 2 0.825305 0.557766 1 0.826719 0.559732 1 0.825299 0.559632 1
