0 0.570588 0.623203 0.006618 0.018954 0.570225 0.618304 1 0.570286 0.617384 1 0.570122 0.617460 1 0.569531 0.617204 2 0.570171 0.617449 2 0.567610 0.621169 2 0.571379 0.622539 2 0.566176 0.628057 2 0.572753 0.630810 2 0.566798 0.633214 1 0.571662 0.634134 1 0.568248 0.634024 2 0.570818 0.634722 2 0.568581 0.633710 1 0.570759 0.634484 1 0.568171 0.634071 1 0.570187 0.634787 1
0 0.061581 0.620588 0.009191 0.030719 0.060663 0.611850 2 0.061085 0.610915 2 0.060232 0.611183 2 0.062265 0.610474 2 0.060120 0.611145 1 0.064164 0.614353 2 0.059868 0.614661 2 0.064958 0.621014 2 0.058045 0.621071 2 0.066162 0.628002 2 0.055994 0.625291 2 0.063726 0.627076 2 0.060848 0.626880 2 0.063861 0.636674 2 0.060328 0.635439 2 0.063982 0.641198 1 0.060106 0.639596 1
0 0.103493 0.551961 0.006250 0.028105 0.103769 0.542020 2 0.104139 0.541220 2 0.103365 0.541373 2 0.104903 0.541079 2 0.102919 0.541421 2 0.106158 0.545115 2 0.102294 0.545273 2 0.107195 0.550880 2 0.101118 0.550645 2 0.106770 0.555643 2 0.102158 0.554545 2 0.105706 0.555927 2 0.103134 0.555949 2 0.105821 0.563605 2 0.103025 0.563586 2 0.105988 0.569929 2 0.102896 0.569899 2
0 0.991728 0.583987 0.011397 0.043791 0.994645 0.569072 2 0.994851 0.568288 1 0.994248 0.568129 2 0.994614 0.568780 1 0.993171 0.568435 2 0.994517 0.573840 2 0.991570 0.573030 2 0.995276 0.579467 2 0.989303 0.577580 2 0.994923 0.583210 2 0.988464 0.582843 2 0.992831 0.585036 2 0.991068 0.584670 2 0.991951 0.592915 2 0.990698 0.593017 2 0.991056 0.600212 2 0.990305 0.600273 2
0 0.900919 0.542484 0.010662 0.040523 0.904655 0.527949 2 0.904899 0.527218 2 0.904359 0.527013 2 0.904474 0.527280 1 0.903215 0.526710 2 0.904374 0.530843 2 0.901297 0.530335 2 0.904659 0.536066 2 0.899025 0.535546 2 0.905005 0.539824 2 0.897442 0.540047 2 0.902956 0.541088 2 0.901205 0.540895 2 0.902148 0.548571 2 0.901805 0.548467 2 0.899989 0.555621 2 0.901409 0.556677 2
0 0.876838 0.506536 0.006618 0.013072 0.878022 0.500921 2 0.878409 0.500306 2 0.877674 0.500218 2 0.878963 0.499998 2 0.877157 0.499781 2 0.879768 0.503269 2 0.876107 0.502450 2 0.880489 0.508759 2 0.875005 0.506410 2 0.878342 0.510064 2 0.876525 0.507972 2 0.878952 0.512767 2 0.876495 0.512380 2 0.878879 0.515317 1 0.876012 0.515203 1 0.878867 0.513061 1 0.876510 0.512751 1
0 0.909743 0.471569 0.008456 0.037255 0.912814 0.458848 2 0.912934 0.458234 1 0.912628 0.458091 2 0.912738 0.458102 1 0.911799 0.457734 2 0.912586 0.461798 2 0.909931 0.461143 2 0.912845 0.466065 2 0.908844 0.465913 2 0.912694 0.468991 2 0.910097 0.469408 2 0.911942 0.470261 2 0.909980 0.469937 2 0.911643 0.476617 2 0.909050 0.475805 2 0.911507 0.483981 2 0.907871 0.482091 2
0 0.917096 0.471242 0.007721 0.033987 0.918440 0.461551 2 0.918807 0.461027 2 0.918141 0.460935 2 0.919227 0.461406 2 0.917610 0.461164 2 0.919771 0.464553 2 0.916650 0.464315 2 0.920011 0.469140 2 0.915227 0.467727 2 0.920111 0.473445 2 0.914566 0.470675 2 0.918752 0.472141 2 0.916803 0.472072 2 0.917983 0.478121 2 0.916594 0.478706 2 0.917282 0.483399 2 0.916646 0.484871 2
0 0.842831 0.685621 0.010662 0.045752 0.844762 0.665816 2 0.845269 0.664708 2 0.844197 0.664564 2 0.845538 0.664400 1 0.842659 0.663827 2 0.845920 0.669558 2 0.840868 0.668803 2 0.846079 0.676783 2 0.839593 0.675839 2 0.846353 0.683867 2 0.839611 0.682652 2 0.844295 0.683772 2 0.840894 0.683392 2 0.844428 0.693540 2 0.840548 0.692816 2 0.842501 0.701470 2 0.839833 0.701960 2
0 0.910110 0.747386 0.018015 0.035948 0.911743 0.734943 1 0.911837 0.733886 1 0.912228 0.734318 1 0.912236 0.734427 2 0.914805 0.735081 2 0.911245 0.739069 2 0.916410 0.740600 2 0.906169 0.742629 2 0.917313 0.746154 2 0.903494 0.741352 2 0.914888 0.743427 1 0.909886 0.755127 2 0.913197 0.755170 2 0.904137 0.754722 2 0.908547 0.754999 2 0.903207 0.766390 2 0.908277 0.766234 2
0 0.807169 0.450000 0.009191 0.030719 0.807741 0.441842 1 0.807808 0.441284 1 0.807925 0.441321 1 0.807796 0.441524 2 0.809033 0.441492 2 0.807446 0.444549 2 0.809521 0.444369 2 0.806441 0.448450 2 0.809990 0.448062 2 0.805751 0.451752 2 0.809317 0.450149 1 0.807444 0.452062 2 0.808817 0.451890 2 0.807116 0.457728 2 0.808383 0.457510 2 0.807296 0.463103 2 0.808709 0.462477 2
0 0.820037 0.485948 0.007721 0.030719 0.821041 0.474895 2 0.821356 0.474344 2 0.820823 0.474244 2 0.821715 0.474418 1 0.820424 0.474143 2 0.821979 0.477600 2 0.819262 0.477162 2 0.822595 0.481694 2 0.817992 0.480795 2 0.822337 0.482599 2 0.819004 0.481590 2 0.820918 0.485943 2 0.819177 0.485770 2 0.820278 0.492102 2 0.818947 0.492138 2 0.819902 0.498593 2 0.818634 0.498492 2
0 0.810478 0.484314 0.007721 0.031373 0.812086 0.471174 2 0.812526 0.470617 2 0.811869 0.470390 2 0.813113 0.470866 2 0.811626 0.470367 2 0.813701 0.474111 2 0.810598 0.473953 2 0.814070 0.478035 2 0.809159 0.478000 2 0.813601 0.480741 1 0.808914 0.482538 2 0.812525 0.483087 2 0.810618 0.483028 2 0.811949 0.489068 2 0.810674 0.489469 2 0.810920 0.493096 2 0.810676 0.494599 2
0 0.783640 0.472876 0.009191 0.032026 0.784177 0.462066 2 0.784555 0.461319 2 0.783817 0.461406 2 0.785188 0.461143 2 0.783385 0.461313 2 0.785909 0.464485 2 0.782885 0.464299 2 0.785473 0.469281 2 0.782335 0.468501 2 0.782996 0.471131 2 0.781918 0.472010 2 0.785321 0.474247 2 0.783242 0.474076 2 0.785185 0.482779 2 0.783196 0.482614 2 0.785047 0.490769 2 0.783316 0.490376 2
