0 0.138765 0.858466 0.034970 0.113757 0.139817 0.814875 1 0.138680 0.813295 1 0.139999 0.813100 1 0.133183 0.816190 2 0.141138 0.815998 2 0.130899 0.830021 2 0.142951 0.827567 2 0.128647 0.844140 2 0.146808 0.837580 2 0.132202 0.847321 1 0.146273 0.837906 2 0.136534 0.857448 2 0.144889 0.856577 2 0.139111 0.878597 2 0.147885 0.875082 2 0.139895 0.899797 2 0.151352 0.895084 2
0 0.122396 0.824074 0.024554 0.142857 0.129076 0.771509 2 0.128968 0.768417 1 0.127755 0.769090 2 0.127049 0.767706 1 0.123567 0.769526 2 0.127912 0.777741 2 0.118472 0.784764 2 0.131063 0.790280 2 0.118095 0.806555 2 0.133673 0.803542 1 0.122636 0.822038 2 0.131432 0.814745 2 0.125101 0.819422 2 0.132941 0.846723 2 0.128180 0.852347 2 0.130595 0.878497 2 0.127510 0.882371 2
0 0.151042 0.835317 0.026786 0.101852 0.141291 0.813155 1 0.140155 0.811257 1 0.141287 0.811271 1 0.134351 0.814106 2 0.141475 0.814175 2 0.133812 0.828832 2 0.142436 0.826288 2 0.133924 0.845232 1 0.148623 0.837222 2 0.134905 0.855364 1 0.145222 0.841315 2 0.137773 0.854976 2 0.144092 0.853948 2 0.139114 0.878069 2 0.147037 0.874133 2 0.139207 0.898717 2 0.152306 0.894084 2
0 0.263765 0.616402 0.017113 0.071429 0.265768 0.591569 1 0.265211 0.590298 1 0.265819 0.590318 1 0.262059 0.591687 2 0.266491 0.591783 2 0.260701 0.600783 2 0.267056 0.600366 2 0.260859 0.609575 2 0.269403 0.610456 2 0.264574 0.610596 1 0.271555 0.611196 2 0.262215 0.620132 2 0.267107 0.619767 2 0.261756 0.631224 2 0.269859 0.628255 2 0.260741 0.644787 2 0.272316 0.640886 2
0 0.261533 0.809524 0.049851 0.097884 0.270961 0.761015 2 0.272400 0.757175 2 0.269144 0.757821 2 0.276081 0.755897 2 0.269366 0.757070 1 0.277526 0.769173 2 0.275721 0.766531 2 0.264382 0.780608 2 0.266001 0.775954 2 0.254294 0.787063 2 0.257202 0.786049 2 0.283796 0.810699 2 0.282866 0.806926 2 0.263127 0.790016 2 0.267069 0.779795 2 0.264156 0.825397 2 0.269336 0.813879 2
0 0.471354 0.457011 0.018601 0.093915 0.467523 0.418835 1 0.467964 0.417046 1 0.468507 0.417101 1 0.469441 0.418439 2 0.473398 0.417978 1 0.467667 0.428865 2 0.476291 0.428225 2 0.465912 0.442269 2 0.478440 0.440977 2 0.465580 0.453132 2 0.478399 0.451254 2 0.469479 0.452166 2 0.475228 0.451965 2 0.469396 0.470310 2 0.474081 0.470911 2 0.470653 0.488714 2 0.473972 0.488008 2
0 0.276414 0.703704 0.034970 0.063492 0.274845 0.684743 2 0.275635 0.682999 2 0.274762 0.683215 1 0.278832 0.683316 2 0.277746 0.683422 1 0.279908 0.690274 2 0.281890 0.689534 2 0.273883 0.697475 2 0.274958 0.694608 2 0.269085 0.699232 2 0.269152 0.697828 1 0.286688 0.714469 2 0.288131 0.713355 2 0.275272 0.702685 2 0.278709 0.701246 2 0.281493 0.720415 2 0.283731 0.719712 2
0 0.282738 0.677249 0.026786 0.058201 0.281783 0.661425 2 0.281932 0.659154 2 0.282467 0.659281 1 0.284683 0.658703 2 0.286769 0.659179 1 0.287125 0.670706 2 0.289625 0.670285 2 0.277927 0.683445 2 0.281186 0.682218 2 0.272063 0.689584 2 0.273099 0.690823 1 0.285930 0.703197 2 0.287632 0.700739 2 0.273513 0.704064 2 0.274181 0.701648 1 0.269049 0.707232 1 0.271188 0.709368 1
0 0.471354 0.433862 0.018601 0.076720 0.467412 0.418855 1 0.467732 0.417006 1 0.468434 0.417028 1 0.469207 0.417963 2 0.473528 0.417384 1 0.467633 0.428485 2 0.476438 0.427328 2 0.465996 0.442368 2 0.478855 0.439946 2 0.465580 0.453368 2 0.478620 0.449412 2 0.469393 0.451780 2 0.475364 0.451318 2 0.469487 0.469847 2 0.474731 0.469845 2 0.470866 0.485055 2 0.475128 0.483189 2
0 0.416295 0.420635 0.018601 0.084656 0.420521 0.386378 1 0.420062 0.384586 1 0.420722 0.384964 1 0.416910 0.384514 2 0.421304 0.385720 2 0.413617 0.392836 2 0.420545 0.394637 2 0.410616 0.404469 2 0.419552 0.407026 2 0.411364 0.413360 2 0.417371 0.410424 1 0.412472 0.415745 2 0.417049 0.416833 2 0.415374 0.432635 2 0.418688 0.433955 2 0.413643 0.446768 2 0.415450 0.446253 2
0 0.374256 0.549603 0.026786 0.093915 0.369339 0.516179 2 0.369659 0.513986 2 0.369224 0.514089 1 0.371967 0.514208 2 0.371280 0.514481 1 0.378380 0.527957 2 0.370681 0.527320 2 0.380911 0.547891 2 0.370270 0.545259 2 0.381990 0.563648 2 0.368330 0.561568 2 0.377357 0.563364 2 0.372024 0.562547 2 0.378125 0.589141 2 0.371975 0.588017 2 0.379306 0.610600 1 0.372860 0.611334 1
0 0.432292 0.407407 0.017857 0.082011 0.430766 0.378106 1 0.430868 0.376418 1 0.431248 0.376549 1 0.430025 0.377570 2 0.434317 0.377459 2 0.428606 0.387274 2 0.436631 0.387195 2 0.426875 0.398822 2 0.439140 0.398503 2 0.428637 0.405875 2 0.436039 0.404802 2 0.430115 0.411166 2 0.435478 0.411124 2 0.430433 0.429828 2 0.434360 0.429779 2 0.430827 0.448235 2 0.434241 0.448571 2
0 0.474702 0.387566 0.019345 0.071429 0.472199 0.363919 2 0.473045 0.362141 2 0.471350 0.362400 2 0.474988 0.360670 2 0.470679 0.361339 2 0.477941 0.368584 2 0.469303 0.368501 2 0.479775 0.381774 2 0.467007 0.380452 2 0.479467 0.392109 2 0.466327 0.393126 2 0.475739 0.395085 2 0.470211 0.394833 2 0.475302 0.412551 2 0.470568 0.412589 2 0.475693 0.426533 1 0.471350 0.426202 1
0 0.483631 0.378968 0.017857 0.078042 0.472598 0.364334 2 0.473125 0.362345 2 0.471891 0.362529 1 0.475145 0.360492 2 0.472010 0.361183 1 0.478568 0.369091 2 0.472221 0.369023 1 0.479474 0.382362 2 0.471726 0.381806 1 0.479331 0.393323 2 0.472058 0.393769 1 0.476186 0.396615 2 0.471951 0.396154 2 0.475827 0.414033 2 0.471959 0.413423 1 0.476624 0.426327 2 0.472427 0.425316 1
0 0.531994 0.386243 0.019345 0.082011 0.533440 0.354846 2 0.534483 0.353621 2 0.532713 0.353412 2 0.536194 0.354473 2 0.531672 0.354065 2 0.538173 0.362578 2 0.529880 0.362615 2 0.540334 0.371885 2 0.527217 0.370974 2 0.540774 0.382294 2 0.527015 0.380985 2 0.536583 0.382628 2 0.531236 0.382820 2 0.536298 0.393716 2 0.531593 0.395064 2 0.535944 0.401630 2 0.531426 0.404971 2
0 0.433408 0.253307 0.012649 0.046296 0.433823 0.238864 2 0.434122 0.237879 2 0.433312 0.238195 2 0.434663 0.237238 2 0.432662 0.237952 2 0.436267 0.241098 2 0.432343 0.241704 2 0.438167 0.247235 2 0.431250 0.247098 2 0.436985 0.252531 2 0.432170 0.251194 2 0.436222 0.253984 2 0.433716 0.254251 2 0.436515 0.262668 2 0.434215 0.263026 2 0.436990 0.269006 2 0.434512 0.269442 2
0 0.328869 0.583333 0.023810 0.108466 0.324955 0.548449 2 0.326326 0.545923 2 0.323753 0.546268 2 0.329452 0.544926 2 0.322825 0.545857 1 0.334145 0.555805 2 0.321787 0.556995 2 0.338814 0.571295 2 0.319279 0.569890 2 0.337919 0.585231 2 0.320622 0.582143 2 0.333465 0.586728 2 0.325614 0.587596 2 0.333732 0.604552 2 0.327688 0.607340 2 0.334808 0.618755 2 0.330084 0.623387 2
0 0.314360 0.609788 0.018601 0.079365 0.312493 0.587214 2 0.313415 0.585452 2 0.311891 0.585636 2 0.315967 0.584294 2 0.312070 0.584820 1 0.318787 0.589952 2 0.311445 0.590923 2 0.322330 0.598291 2 0.309550 0.598437 2 0.322948 0.607256 2 0.309261 0.600811 2 0.318790 0.611640 2 0.314183 0.612179 2 0.318846 0.627856 2 0.314498 0.628692 2 0.317944 0.644353 2 0.314768 0.644172 2
0 0.300595 0.528439 0.020833 0.088624 0.296739 0.498034 1 0.296816 0.496474 1 0.297233 0.496394 1 0.296136 0.498121 2 0.300479 0.497402 2 0.294888 0.509368 2 0.302748 0.506853 2 0.292574 0.520673 2 0.305147 0.519152 2 0.290537 0.528911 2 0.305895 0.530247 2 0.297702 0.530847 2 0.303002 0.529475 2 0.300474 0.548792 2 0.306221 0.543013 2 0.301983 0.566405 2 0.307581 0.557974 2
0 0.235119 0.673280 0.022321 0.089947 0.238211 0.637858 1 0.237235 0.636388 1 0.238320 0.636245 1 0.232979 0.638541 1 0.238472 0.638557 2 0.232203 0.649130 2 0.238544 0.649624 2 0.233700 0.660065 2 0.240752 0.662761 2 0.240536 0.661110 2 0.243987 0.662764 2 0.235744 0.672335 2 0.240352 0.672740 2 0.237972 0.689631 2 0.242562 0.688197 2 0.237304 0.705688 2 0.243390 0.705442 2
0 0.244048 0.613095 0.022321 0.085979 0.242753 0.583365 2 0.243718 0.581671 2 0.241751 0.581917 2 0.245415 0.581238 2 0.240519 0.581839 2 0.247550 0.588062 2 0.239381 0.589090 2 0.250407 0.593654 2 0.237587 0.596229 2 0.249381 0.594836 2 0.238940 0.601338 1 0.248918 0.608581 2 0.243494 0.609397 2 0.250180 0.622000 2 0.245358 0.623293 2 0.251144 0.636305 2 0.245618 0.636804 2
0 0.258557 0.543651 0.024554 0.074074 0.252092 0.520074 2 0.252229 0.518036 2 0.252225 0.517203 1 0.254432 0.516597 2 0.257032 0.513980 1 0.255544 0.524664 2 0.263163 0.518677 2 0.256910 0.542486 2 0.267711 0.529895 2 0.259798 0.556758 2 0.268185 0.544832 2 0.262260 0.540256 2 0.267898 0.537726 2 0.260981 0.559399 2 0.268103 0.556347 2 0.262365 0.584221 2 0.269633 0.580345 2
0 0.276786 0.518519 0.022321 0.100529 0.273370 0.484869 2 0.273787 0.482194 2 0.272208 0.483427 2 0.275853 0.480114 2 0.272120 0.483147 1 0.280185 0.488379 2 0.275086 0.489882 2 0.282878 0.502695 2 0.276816 0.501782 2 0.282543 0.516121 2 0.277438 0.515322 2 0.281571 0.511641 2 0.278299 0.512069 2 0.282860 0.533370 2 0.280386 0.533477 2 0.283971 0.554968 2 0.282583 0.553288 2
