0 0.977307 0.221561 0.021577 0.078042 0.977512 0.214270 2 0.979876 0.211734 2 0.976524 0.211272 2 0.984356 0.214990 2 0.975464 0.213610 1 0.989022 0.231717 2 0.971442 0.230052 2 0.991522 0.254504 2 0.965997 0.250293 2 0.988150 0.270110 1 0.966794 0.263214 1 0.985239 0.272575 2 0.973373 0.271552 2 0.987213 0.269974 1 0.971767 0.268421 1 0.985892 0.270353 1 0.973784 0.272862 1
0 0.950149 0.308862 0.029762 0.099206 0.954991 0.277043 1 0.954212 0.274052 1 0.955964 0.274712 1 0.950093 0.275024 2 0.958148 0.277146 2 0.948613 0.288268 2 0.955772 0.293886 2 0.946395 0.301971 2 0.952615 0.312097 2 0.943528 0.316898 2 0.950905 0.323305 2 0.946461 0.311038 2 0.951571 0.313505 2 0.946027 0.320323 2 0.949385 0.324302 2 0.943439 0.332963 2 0.946229 0.338803 2
0 0.908482 0.265212 0.023810 0.064815 0.920709 0.262343 1 0.919955 0.259855 1 0.920853 0.260489 1 0.914709 0.259333 2 0.920828 0.261420 2 0.908157 0.270703 2 0.921342 0.274169 2 0.903711 0.289102 2 0.923196 0.294084 2 0.904374 0.298802 1 0.922000 0.299322 1 0.906277 0.306318 2 0.915242 0.308092 2 0.907512 0.308472 1 0.917883 0.309110 1 0.907610 0.309110 1 0.915636 0.309110 1
0 0.556548 0.489418 0.034226 0.145503 0.561343 0.424420 2 0.562972 0.421233 2 0.559662 0.421295 2 0.564461 0.420467 1 0.556063 0.420468 2 0.565303 0.431208 2 0.551948 0.434486 2 0.566289 0.446377 2 0.546626 0.453434 2 0.569069 0.462934 2 0.545062 0.472276 2 0.562144 0.466021 2 0.553329 0.468010 2 0.563445 0.495126 2 0.552654 0.501202 2 0.560151 0.519441 2 0.550933 0.531381 2
0 0.805804 0.293651 0.022321 0.108466 0.805732 0.248815 2 0.807106 0.246757 2 0.805203 0.246195 2 0.809877 0.246722 2 0.804685 0.245477 1 0.812008 0.257901 2 0.802506 0.255079 2 0.813685 0.273042 2 0.797450 0.266806 2 0.807930 0.279696 2 0.798495 0.263352 2 0.806656 0.286528 2 0.800843 0.284303 2 0.803823 0.310693 2 0.799341 0.306713 2 0.801251 0.334237 2 0.799393 0.329810 2
0 0.674479 0.189153 0.017113 0.068783 0.674293 0.161283 1 0.674259 0.159839 1 0.674484 0.160070 1 0.672690 0.160735 2 0.676383 0.160970 2 0.670697 0.168447 2 0.677740 0.168834 2 0.667990 0.177508 2 0.679084 0.177680 2 0.669613 0.182985 2 0.676720 0.182202 2 0.670909 0.186656 2 0.675943 0.186910 2 0.669401 0.201410 2 0.675853 0.202254 2 0.667454 0.215947 2 0.676244 0.216963 2
0 0.686012 0.601190 0.052083 0.205026 0.687310 0.519899 2 0.688950 0.516741 2 0.688045 0.516272 1 0.694560 0.522071 2 0.693691 0.520625 1 0.695239 0.546203 2 0.692364 0.539201 2 0.684150 0.568435 2 0.681368 0.548077 2 0.673449 0.551478 2 0.674105 0.540785 2 0.694767 0.600430 2 0.693816 0.598040 2 0.690346 0.642217 2 0.696545 0.643444 2 0.690579 0.684339 2 0.707855 0.680989 2
0 0.364211 0.512566 0.033482 0.162698 0.373284 0.514267 2 0.372677 0.510783 1 0.371513 0.511504 2 0.367621 0.512495 1 0.366278 0.514590 2 0.362552 0.531077 2 0.365486 0.536468 2 0.366417 0.552413 2 0.364300 0.571345 2 0.374506 0.560363 2 0.375999 0.591795 2 0.362562 0.587291 2 0.366609 0.590298 2 0.360400 0.620660 1 0.376581 0.622404 2 0.353981 0.624221 1 0.374471 0.624609 1
0 0.584449 0.408730 0.033482 0.145503 0.585245 0.361520 2 0.587068 0.359035 2 0.584185 0.358579 2 0.590279 0.359465 2 0.582406 0.358616 2 0.594614 0.374337 2 0.580872 0.374005 2 0.597439 0.394045 2 0.578230 0.387389 2 0.595545 0.411361 2 0.575885 0.403342 2 0.591605 0.412605 2 0.581634 0.412783 2 0.595731 0.436632 2 0.580589 0.441711 2 0.601311 0.454925 2 0.581853 0.468667 2
0 0.184152 0.433201 0.027530 0.149471 0.187084 0.378419 2 0.187234 0.375493 2 0.185304 0.375889 2 0.184935 0.377659 1 0.180821 0.378511 2 0.182460 0.395269 2 0.179710 0.395155 2 0.182653 0.417261 1 0.177221 0.415992 2 0.185523 0.436373 2 0.179230 0.436398 2 0.183289 0.435855 2 0.182676 0.436336 2 0.183064 0.464191 2 0.189323 0.463400 2 0.181939 0.492503 2 0.192494 0.490656 2
0 0.331845 0.455026 0.034226 0.137566 0.338588 0.403043 2 0.339058 0.399994 2 0.336965 0.400455 2 0.338859 0.400475 1 0.333095 0.401492 2 0.340249 0.413885 2 0.329385 0.417279 2 0.342696 0.432180 2 0.328675 0.439198 2 0.345522 0.450623 2 0.330101 0.459900 2 0.340006 0.450116 2 0.332197 0.452485 2 0.343083 0.479770 2 0.332237 0.485873 2 0.342906 0.507760 2 0.331263 0.515911 2
0 0.478795 0.496693 0.034970 0.152116 0.489746 0.448301 2 0.491561 0.445508 2 0.488276 0.445223 2 0.493617 0.443645 2 0.484613 0.442564 2 0.495831 0.455578 2 0.479053 0.455134 2 0.500758 0.473307 2 0.473289 0.473300 2 0.501835 0.495356 2 0.471457 0.491546 2 0.491199 0.496745 2 0.479647 0.496462 2 0.493376 0.529413 2 0.477734 0.529178 2 0.495097 0.561578 2 0.474962 0.563836 2
0 0.370164 0.585979 0.060268 0.174603 0.373117 0.515910 2 0.372289 0.511730 1 0.371671 0.513193 2 0.365748 0.513349 1 0.366916 0.516543 2 0.362787 0.533591 2 0.365343 0.537834 2 0.365738 0.555169 2 0.363658 0.572318 2 0.374204 0.561457 2 0.374699 0.591797 2 0.362091 0.587075 2 0.366420 0.588530 2 0.360171 0.624954 2 0.378431 0.618873 2 0.355601 0.659926 2 0.386362 0.654003 2
0 0.514137 0.653439 0.046131 0.208995 0.516767 0.575651 1 0.514688 0.572597 1 0.516499 0.572210 1 0.506038 0.575813 2 0.516174 0.575813 2 0.501984 0.601443 2 0.521486 0.599238 2 0.499895 0.633472 2 0.526039 0.631216 2 0.502353 0.652330 2 0.522067 0.647075 2 0.507037 0.659835 2 0.519104 0.657602 2 0.507951 0.701044 2 0.510602 0.693789 2 0.518292 0.739153 2 0.509160 0.730980 2
0 0.511533 0.402116 0.027530 0.140212 0.519822 0.351864 2 0.520605 0.348553 2 0.517919 0.349414 2 0.519444 0.350338 1 0.514353 0.351388 2 0.518333 0.365721 2 0.513116 0.366848 2 0.519645 0.383618 2 0.509418 0.387864 2 0.526676 0.390261 2 0.507030 0.406409 2 0.517894 0.405326 2 0.516272 0.406564 2 0.513959 0.431962 2 0.523769 0.433258 2 0.505077 0.456658 2 0.524656 0.458942 2
0 0.220610 0.353175 0.024554 0.126984 0.218580 0.309204 2 0.219572 0.306490 2 0.217297 0.307170 2 0.221660 0.304504 2 0.215578 0.306117 2 0.226080 0.315074 2 0.214736 0.315515 2 0.230378 0.329463 2 0.210921 0.326199 2 0.224910 0.329272 2 0.213368 0.329334 2 0.226281 0.347537 2 0.218610 0.347680 2 0.227929 0.372765 2 0.219155 0.373896 2 0.231591 0.395871 2 0.220254 0.397510 2
0 0.267485 0.327381 0.034970 0.112434 0.260861 0.285442 2 0.262144 0.283015 2 0.259810 0.283433 2 0.264793 0.284048 2 0.260196 0.284938 1 0.266619 0.296647 2 0.261896 0.297019 2 0.269230 0.314092 2 0.262803 0.311666 2 0.268855 0.330709 2 0.260270 0.318121 2 0.266006 0.327389 2 0.264313 0.327411 2 0.261781 0.349788 2 0.268225 0.349924 2 0.260435 0.374445 2 0.274347 0.372148 2
0 0.558036 0.212963 0.019345 0.084656 0.557268 0.176077 1 0.556816 0.174304 1 0.557251 0.174500 1 0.553475 0.175047 2 0.557788 0.175646 2 0.550728 0.184631 2 0.558762 0.185861 2 0.548415 0.195611 2 0.560183 0.199179 2 0.546442 0.205767 2 0.560852 0.209919 2 0.551549 0.207672 2 0.557254 0.208283 2 0.551468 0.226698 2 0.558541 0.226978 2 0.551023 0.245174 2 0.558638 0.245079 2
0 0.908482 0.303571 0.032738 0.112434 0.920627 0.262300 1 0.919950 0.259799 1 0.920520 0.260265 1 0.914703 0.259733 2 0.920537 0.261282 2 0.909732 0.270876 2 0.920892 0.275286 2 0.903537 0.287300 2 0.923444 0.293017 2 0.902623 0.295827 2 0.923271 0.303314 2 0.907616 0.305685 2 0.915036 0.308192 2 0.904940 0.324175 2 0.913242 0.332710 2 0.897894 0.342367 2 0.908392 0.354434 2
0 0.421503 0.292328 0.023065 0.105820 0.420048 0.251664 2 0.421257 0.249303 2 0.419821 0.249571 2 0.424760 0.250492 2 0.420901 0.250914 1 0.427600 0.263634 2 0.420387 0.262776 2 0.426293 0.281801 2 0.418031 0.278107 2 0.418495 0.281062 2 0.418850 0.278866 2 0.424886 0.293781 2 0.419583 0.292968 2 0.424631 0.317775 2 0.418235 0.317140 2 0.425301 0.341390 2 0.417038 0.340850 2
0 0.794643 0.281085 0.020833 0.085979 0.805756 0.248840 2 0.806947 0.247033 2 0.805189 0.246518 2 0.808780 0.247237 2 0.804558 0.246019 1 0.808780 0.257862 2 0.802541 0.255748 2 0.808780 0.273811 1 0.798506 0.267977 2 0.807755 0.281552 1 0.798636 0.275318 2 0.806085 0.288044 2 0.801530 0.286896 2 0.804304 0.311224 2 0.801351 0.309916 2 0.801351 0.332062 2 0.800506 0.332187 2
0 0.498140 0.190476 0.017113 0.044974 0.504184 0.186194 2 0.504235 0.185079 1 0.503985 0.185256 2 0.502736 0.183642 1 0.502817 0.184235 2 0.500080 0.185937 2 0.500984 0.187373 2 0.499089 0.192844 1 0.500957 0.195666 2 0.500069 0.201168 1 0.500505 0.201023 2 0.494223 0.195313 2 0.494969 0.196244 2 0.498615 0.193711 2 0.501153 0.194601 2 0.494866 0.200260 2 0.498116 0.201101 2
0 0.967634 0.933862 0.061756 0.129630 0.979250 0.912103 2 0.983429 0.906825 2 0.976436 0.903899 2 0.987275 0.907868 2 0.970194 0.900605 2 0.987054 0.938589 2 0.960855 0.921908 2 0.976289 0.979554 2 0.953476 0.955298 2 0.960329 0.981400 2 0.950174 0.974582 2 0.972767 0.994325 2 0.954620 0.984338 2 0.970633 0.997999 1 0.945070 0.982689 1 0.960468 1.000000 1 0.951863 0.987634 1
0 0.544271 0.332011 0.023065 0.063492 0.544079 0.313719 2 0.545272 0.311948 1 0.543082 0.311717 1 0.546781 0.308531 1 0.541578 0.308075 2 0.548419 0.306379 2 0.537540 0.306322 2 0.552673 0.319515 2 0.535154 0.319334 2 0.548350 0.323285 2 0.541487 0.322142 2 0.546843 0.323352 2 0.539505 0.323981 2 0.551735 0.326371 2 0.535154 0.328456 2 0.549545 0.350169 2 0.540675 0.349939 2
0 0.527530 0.302249 0.020833 0.083333 0.525583 0.271995 2 0.526480 0.270316 2 0.524874 0.270064 2 0.527600 0.269621 2 0.523522 0.268959 2 0.529221 0.276773 2 0.521047 0.276452 2 0.531539 0.286727 2 0.518315 0.286714 2 0.530733 0.295680 2 0.520854 0.294486 2 0.527635 0.299062 2 0.522224 0.299043 2 0.527948 0.315828 2 0.521636 0.316033 2 0.527912 0.330234 1 0.521378 0.331477 1
0 0.127604 0.340608 0.023065 0.041005 0.126848 0.332132 2 0.126896 0.330791 2 0.127255 0.330716 1 0.128367 0.329992 2 0.129808 0.329534 1 0.131660 0.334432 2 0.130730 0.333829 2 0.130374 0.341373 2 0.128347 0.339511 2 0.124802 0.345019 2 0.124620 0.341996 2 0.137006 0.346187 2 0.136167 0.345439 2 0.131159 0.341037 2 0.129028 0.340305 2 0.133428 0.350635 2 0.132787 0.350638 2
0 0.097842 0.321429 0.031994 0.055556 0.103040 0.305489 2 0.103805 0.303863 2 0.101704 0.304079 2 0.105031 0.304318 1 0.099219 0.305209 2 0.106368 0.310857 2 0.096431 0.313966 2 0.111881 0.316544 2 0.092130 0.326943 2 0.109802 0.318516 2 0.090978 0.341237 2 0.105453 0.325188 2 0.098423 0.326564 2 0.109489 0.322094 2 0.094210 0.324256 2 0.111842 0.338216 2 0.091781 0.337664 2
0 0.192708 0.136905 0.016369 0.046296 0.193568 0.116173 1 0.193629 0.115180 1 0.193971 0.115189 1 0.193545 0.115975 2 0.196194 0.115587 2 0.192694 0.121788 2 0.198082 0.120881 2 0.189169 0.127536 2 0.200859 0.126112 2 0.184306 0.129337 2 0.201069 0.126662 2 0.195278 0.136577 2 0.198389 0.136265 2 0.195832 0.147789 2 0.198186 0.146587 2 0.197313 0.156975 2 0.199252 0.154776 2
0 0.786830 0.185185 0.018601 0.052910 0.788027 0.166453 1 0.787723 0.165191 1 0.788152 0.165419 1 0.785492 0.165584 2 0.788754 0.166316 2 0.784129 0.171751 2 0.788586 0.173165 2 0.782309 0.178510 2 0.788950 0.181317 2 0.782639 0.183850 2 0.788344 0.187646 2 0.783399 0.187007 2 0.786523 0.187588 2 0.782795 0.197705 2 0.786026 0.198393 2 0.781488 0.207964 2 0.785441 0.208738 2
0 0.407366 0.097884 0.011161 0.050265 0.410571 0.082321 1 0.410439 0.081558 1 0.410527 0.081566 1 0.409338 0.081840 1 0.410205 0.081778 2 0.408764 0.086370 2 0.409666 0.086081 2 0.410440 0.090990 2 0.411416 0.089895 2 0.412051 0.091602 1 0.412495 0.089998 2 0.407793 0.096632 2 0.408348 0.096573 2 0.408308 0.103219 2 0.409302 0.103361 2 0.407455 0.110334 2 0.407684 0.110350 2
0 0.117932 0.123016 0.015625 0.029101 0.121292 0.115024 1 0.121124 0.114235 1 0.121253 0.114286 2 0.120084 0.114223 1 0.121004 0.114538 2 0.119629 0.118125 2 0.120036 0.118707 2 0.121187 0.125385 2 0.121045 0.126512 2 0.123395 0.127495 1 0.123513 0.128041 2 0.118913 0.128472 2 0.119167 0.129293 2 0.124453 0.128200 1 0.124168 0.129146 2 0.125024 0.130913 1 0.124832 0.131462 1
0 0.831845 0.222884 0.019345 0.083333 0.837286 0.190485 1 0.836376 0.188960 1 0.837057 0.189048 1 0.832823 0.189959 1 0.836146 0.190497 2 0.831392 0.198368 2 0.836530 0.199341 2 0.835688 0.205308 1 0.839914 0.207352 2 0.841160 0.205265 1 0.843276 0.205334 2 0.832099 0.220807 2 0.835746 0.221244 2 0.832307 0.236636 2 0.835019 0.236942 2 0.829414 0.250747 2 0.831301 0.250490 2
0 0.907366 0.191138 0.020089 0.038360 0.908793 0.179718 2 0.909548 0.177924 2 0.908001 0.178123 2 0.910738 0.178109 2 0.907078 0.178526 2 0.912086 0.184239 2 0.906177 0.183795 2 0.911749 0.194427 2 0.904585 0.190409 2 0.905224 0.198441 2 0.905790 0.193712 2 0.910609 0.199186 2 0.906627 0.198657 2 0.910517 0.195065 2 0.901961 0.195966 2 0.904752 0.202303 2 0.903075 0.203157 2
0 0.948289 0.197751 0.020089 0.033069 0.955386 0.180228 1 0.956123 0.178844 1 0.954860 0.178861 1 0.958384 0.177474 1 0.955547 0.177348 1 0.958696 0.180437 1 0.956006 0.180030 1 0.956992 0.200203 2 0.955738 0.199313 2 0.955059 0.214020 1 0.955026 0.212970 1 0.959814 0.197856 1 0.958270 0.197580 1 0.956577 0.197702 2 0.955690 0.198283 2 0.955845 0.212818 1 0.955509 0.211610 1
0 0.934896 0.195767 0.018601 0.034392 0.944671 0.190630 2 0.945338 0.189038 2 0.943813 0.189469 2 0.946353 0.187596 1 0.942367 0.188693 2 0.947226 0.191253 2 0.941512 0.192266 2 0.947597 0.199392 2 0.939987 0.197749 2 0.944063 0.201485 2 0.940824 0.194318 2 0.945824 0.204325 1 0.942116 0.204611 1 0.943298 0.201590 1 0.939308 0.204034 1 0.942961 0.200760 1 0.940833 0.203163 1
