0 0.155725 0.536415 0.009979 0.056956 0.154613 0.502423 1 0.154553 0.500957 1 0.154863 0.500909 1 0.154148 0.501974 1 0.156694 0.501738 1 0.153640 0.510136 2 0.158361 0.509288 2 0.152462 0.516901 2 0.158401 0.515340 2 0.153599 0.511535 2 0.156553 0.511361 2 0.154897 0.527764 2 0.158067 0.527225 2 0.155870 0.543530 2 0.157933 0.542618 2 0.157176 0.559914 2 0.158809 0.559723 2
0 0.403624 0.633520 0.014181 0.075630 0.403153 0.602320 1 0.403360 0.600724 1 0.403798 0.600874 1 0.403061 0.602034 2 0.407419 0.601970 2 0.400646 0.612087 2 0.409865 0.611679 2 0.398015 0.621934 2 0.412397 0.622403 2 0.400540 0.620908 2 0.410800 0.628016 2 0.402423 0.635077 2 0.408488 0.634827 2 0.402996 0.650884 2 0.407661 0.650869 2 0.403793 0.664852 2 0.407201 0.663914 2
0 0.098477 0.425303 0.013130 0.051354 0.101120 0.392738 1 0.100736 0.391426 1 0.100938 0.391258 1 0.097897 0.392616 1 0.099977 0.392428 2 0.095790 0.400825 2 0.099871 0.400237 2 0.093727 0.411498 2 0.100431 0.409222 2 0.095800 0.417560 1 0.100871 0.414251 1 0.097660 0.418461 2 0.100298 0.418689 2 0.099645 0.433830 2 0.101444 0.433612 2 0.099217 0.448313 2 0.100679 0.448654 2
0 0.109506 0.423436 0.016282 0.058824 0.110135 0.401219 1 0.109466 0.399855 1 0.110245 0.399345 1 0.106003 0.400367 1 0.110050 0.399091 2 0.105101 0.408259 2 0.111339 0.405579 2 0.104183 0.420858 2 0.111767 0.414364 1 0.103751 0.432279 2 0.108140 0.424832 1 0.110570 0.431167 2 0.114594 0.430392 2 0.112255 0.451648 2 0.114391 0.449078 2 0.113136 0.463444 1 0.113616 0.462808 1
0 0.043855 0.359010 0.013130 0.049486 0.047897 0.337895 1 0.047996 0.336538 1 0.047352 0.336289 1 0.047149 0.337278 1 0.045350 0.336957 2 0.047742 0.346160 2 0.041706 0.346706 2 0.049246 0.355495 2 0.039988 0.356700 2 0.048755 0.361164 2 0.043192 0.361289 2 0.047635 0.362905 2 0.043664 0.363980 2 0.048614 0.371136 2 0.044453 0.373396 2 0.048803 0.381692 2 0.044592 0.383408 2
0 0.440389 0.586835 0.012080 0.042017 0.440348 0.577224 2 0.441393 0.575420 2 0.439584 0.575457 2 0.443572 0.575198 2 0.438845 0.575364 1 0.445950 0.584316 2 0.438353 0.585172 2 0.447472 0.594444 2 0.437917 0.595905 2 0.442664 0.594232 2 0.436956 0.602516 2 0.444798 0.607371 2 0.439611 0.607332 2 0.443096 0.613728 1 0.438509 0.614456 1 0.443514 0.614671 1 0.438100 0.616217 1
0 0.398372 0.443511 0.012080 0.046685 0.400287 0.426558 1 0.400484 0.425589 1 0.399805 0.425556 1 0.400233 0.425870 1 0.398636 0.425908 2 0.400312 0.431038 2 0.397230 0.431429 2 0.401639 0.436365 2 0.395839 0.437780 2 0.401573 0.441786 2 0.396420 0.444118 2 0.400021 0.444392 2 0.398085 0.444806 2 0.400291 0.453590 2 0.398814 0.454201 2 0.400123 0.462864 2 0.398189 0.462789 2
0 0.345326 0.417834 0.012080 0.049486 0.351131 0.402410 2 0.351517 0.400879 1 0.350339 0.400714 2 0.351167 0.401421 1 0.348327 0.401082 2 0.350482 0.410096 2 0.346569 0.409631 2 0.352472 0.415114 1 0.347980 0.412876 2 0.351508 0.411533 1 0.350719 0.409334 2 0.350542 0.430549 2 0.347777 0.431018 2 0.351210 0.443019 1 0.349053 0.445005 2 0.350714 0.448638 1 0.348206 0.448800 1
0 0.503151 0.379552 0.018908 0.060691 0.500778 0.364100 1 0.500801 0.363255 1 0.501054 0.362973 1 0.500990 0.363257 2 0.503461 0.362415 1 0.501244 0.367792 2 0.505288 0.366086 2 0.501006 0.374730 2 0.506340 0.370739 1 0.500868 0.379940 1 0.504582 0.374424 1 0.503376 0.381067 2 0.506132 0.380281 2 0.503091 0.390686 2 0.505409 0.389878 2 0.503707 0.401218 2 0.505431 0.400431 2
0 0.337447 0.549486 0.016282 0.071895 0.335974 0.521929 1 0.335909 0.520588 1 0.336252 0.520387 1 0.335014 0.521950 2 0.338749 0.521134 2 0.334389 0.531987 2 0.341398 0.529620 2 0.333371 0.543811 2 0.343587 0.541139 2 0.334137 0.551850 2 0.343158 0.550333 1 0.336903 0.552636 2 0.341706 0.551232 2 0.337765 0.568453 2 0.342271 0.563994 2 0.338430 0.583507 2 0.342726 0.578282 2
0 0.319590 0.553221 0.012080 0.068161 0.322477 0.528156 2 0.322296 0.526847 1 0.321984 0.526702 2 0.320905 0.527205 1 0.319898 0.527112 2 0.320656 0.534252 2 0.317969 0.534990 2 0.322792 0.543227 2 0.319147 0.545426 2 0.322837 0.545280 1 0.321787 0.546388 2 0.320989 0.553686 2 0.319060 0.554420 2 0.322244 0.566925 2 0.319840 0.567983 2 0.323359 0.580021 2 0.320708 0.580713 2
0 0.414128 0.606443 0.014181 0.070028 0.405904 0.603102 1 0.405677 0.601589 1 0.405903 0.601569 1 0.404454 0.602626 1 0.407306 0.602454 2 0.404412 0.612294 2 0.410046 0.611923 2 0.405733 0.623395 1 0.412325 0.622884 2 0.407003 0.625814 1 0.409617 0.626375 2 0.405108 0.635537 2 0.409061 0.635069 2 0.405122 0.652259 1 0.408422 0.651279 2 0.405663 0.655127 1 0.408078 0.655127 1
0 0.325368 0.529879 0.011029 0.070028 0.323175 0.509262 2 0.323872 0.507478 2 0.322265 0.507981 2 0.325255 0.507182 2 0.321341 0.508527 2 0.328495 0.513181 2 0.320553 0.516055 2 0.330076 0.522883 2 0.319326 0.526967 2 0.325672 0.526173 2 0.321417 0.528030 2 0.330019 0.535907 2 0.324540 0.537362 2 0.331286 0.550592 2 0.324435 0.552931 2 0.331204 0.564696 2 0.325904 0.567740 2
0 0.343750 0.529879 0.016282 0.066293 0.337510 0.508425 2 0.338041 0.506555 2 0.336842 0.506996 1 0.340409 0.503324 2 0.337129 0.504621 1 0.344578 0.507254 2 0.337700 0.509662 2 0.349003 0.515840 2 0.336625 0.520191 1 0.347939 0.524566 2 0.337536 0.524225 1 0.346382 0.528422 2 0.341803 0.529448 2 0.347786 0.544321 2 0.341733 0.545488 2 0.350800 0.561213 2 0.342804 0.561729 2
0 0.257616 0.728758 0.022584 0.049486 0.255549 0.719771 2 0.255897 0.718352 1 0.255388 0.717968 2 0.255380 0.717063 1 0.254394 0.716340 2 0.254806 0.719823 2 0.251058 0.722259 2 0.261460 0.721117 2 0.254898 0.732162 2 0.264666 0.723220 2 0.260104 0.735175 2 0.250216 0.736564 2 0.247346 0.737942 2 0.259012 0.738343 2 0.254684 0.739898 2 0.252857 0.749371 2 0.249472 0.751221 2
0 0.599527 0.435107 0.024685 0.074697 0.600367 0.412780 2 0.601175 0.411908 2 0.600283 0.411594 2 0.602852 0.412802 2 0.600376 0.412091 1 0.604030 0.418654 2 0.598637 0.418042 2 0.606444 0.423084 2 0.595770 0.423723 2 0.606011 0.424263 2 0.595101 0.430074 2 0.602022 0.434212 2 0.598342 0.433660 2 0.601654 0.445611 2 0.596120 0.444590 2 0.600820 0.455456 2 0.593401 0.454252 2
