0 0.554315 0.401455 0.040179 0.133598 0.549357 0.356350 1 0.549720 0.353787 1 0.550136 0.354188 1 0.549908 0.355202 2 0.557141 0.355682 2 0.546571 0.369815 2 0.560096 0.371620 2 0.539081 0.384062 2 0.563041 0.393032 2 0.532183 0.401338 2 0.567437 0.410302 2 0.545932 0.411302 2 0.556568 0.411548 2 0.539372 0.436919 2 0.561810 0.437053 2 0.534502 0.462340 2 0.566832 0.458665 2
0 0.664807 0.182540 0.017113 0.068783 0.668519 0.155216 1 0.668605 0.153857 1 0.668993 0.153972 1 0.668012 0.154515 2 0.671429 0.154617 2 0.666573 0.162284 2 0.672740 0.162439 2 0.664695 0.172725 2 0.673506 0.173107 2 0.663332 0.181254 2 0.673364 0.181432 2 0.667096 0.181694 2 0.671049 0.181620 2 0.667405 0.196064 2 0.669372 0.196089 2 0.669042 0.211082 2 0.668985 0.210751 2
0 0.598214 0.468254 0.044643 0.158730 0.597357 0.408638 1 0.597390 0.405600 1 0.597493 0.405646 1 0.594413 0.407745 2 0.602326 0.407197 2 0.591417 0.428079 2 0.606446 0.425819 2 0.591122 0.455130 2 0.610629 0.449618 2 0.593906 0.465275 2 0.608753 0.464842 2 0.594982 0.472275 2 0.606873 0.471480 2 0.590261 0.502541 2 0.610408 0.503037 2 0.586604 0.535366 2 0.612366 0.533848 2
0 0.604539 0.365079 0.043899 0.100529 0.618951 0.326100 2 0.618569 0.323536 1 0.618182 0.324168 2 0.611252 0.324763 1 0.614997 0.326275 2 0.605549 0.334696 2 0.615748 0.338926 2 0.596942 0.347804 2 0.624284 0.351443 2 0.588778 0.359211 2 0.632133 0.355502 2 0.597534 0.366953 2 0.605527 0.368809 2 0.593060 0.379923 2 0.615942 0.383370 2 0.581058 0.395549 2 0.617688 0.409255 2
0 0.373884 0.414021 0.026042 0.150794 0.381672 0.398857 1 0.380462 0.396629 1 0.381338 0.396671 1 0.376560 0.398309 1 0.379342 0.399036 2 0.375569 0.411704 2 0.376686 0.414067 2 0.381531 0.421825 2 0.382619 0.427839 2 0.385312 0.412521 2 0.385569 0.415375 2 0.377114 0.446252 2 0.376286 0.447773 2 0.383690 0.475268 2 0.374546 0.478183 2 0.386998 0.506390 2 0.368824 0.505647 2
0 0.497024 0.527778 0.038690 0.169312 0.507858 0.466426 1 0.507689 0.463077 1 0.508302 0.463602 1 0.503812 0.465444 2 0.512970 0.466009 2 0.499834 0.485729 2 0.517079 0.485764 2 0.495592 0.506849 2 0.520984 0.509049 2 0.493769 0.525119 2 0.520742 0.520785 2 0.502128 0.534916 2 0.514393 0.534440 2 0.498927 0.571318 2 0.515048 0.566951 2 0.497323 0.606939 2 0.515406 0.599123 2
0 0.384301 0.447751 0.027530 0.141534 0.380939 0.398430 1 0.379361 0.396258 1 0.380808 0.396402 2 0.374746 0.398143 1 0.379327 0.399128 2 0.374228 0.412816 2 0.377146 0.414400 2 0.379455 0.425921 2 0.384882 0.427768 2 0.384432 0.420570 1 0.387445 0.420031 2 0.376889 0.447954 2 0.376687 0.449257 2 0.385549 0.474945 2 0.374213 0.478154 2 0.390178 0.505047 2 0.368378 0.505256 2
0 0.648438 0.359127 0.034970 0.096561 0.643719 0.337427 2 0.645140 0.335439 2 0.643116 0.335128 2 0.647908 0.335307 2 0.642616 0.334427 1 0.650691 0.342252 2 0.640520 0.341162 2 0.654906 0.349737 2 0.641415 0.355792 2 0.654991 0.356869 2 0.642762 0.368927 2 0.650915 0.356922 2 0.644306 0.355309 2 0.646847 0.373172 2 0.639848 0.365056 2 0.645803 0.391319 2 0.643320 0.378076 2
0 0.490327 0.422619 0.029762 0.149471 0.497370 0.364374 2 0.496538 0.361778 1 0.496422 0.362134 2 0.492754 0.363742 1 0.493634 0.364915 2 0.490248 0.379179 2 0.492423 0.381177 2 0.493072 0.398176 2 0.494092 0.403383 2 0.502119 0.407206 2 0.504084 0.411349 2 0.488044 0.417653 2 0.489619 0.419086 2 0.493787 0.449380 2 0.496074 0.450738 2 0.489818 0.480322 2 0.489782 0.482331 2
0 0.351935 0.412698 0.031250 0.148148 0.352510 0.362404 1 0.351129 0.359793 1 0.351925 0.359936 1 0.343727 0.362621 1 0.350356 0.363297 2 0.339047 0.380750 2 0.352415 0.380265 2 0.338687 0.397541 2 0.358034 0.400893 2 0.347790 0.395806 1 0.363845 0.394692 2 0.342800 0.422239 2 0.352219 0.421388 2 0.342932 0.454534 2 0.353730 0.445376 2 0.342686 0.484261 2 0.354971 0.471288 2
0 0.133929 0.369709 0.038690 0.128307 0.131250 0.327670 2 0.132398 0.325068 2 0.130051 0.325362 2 0.134140 0.321898 2 0.127726 0.322675 2 0.137713 0.329677 2 0.124658 0.332640 2 0.143679 0.342203 2 0.121062 0.348309 2 0.138454 0.347415 2 0.127613 0.349326 2 0.139101 0.364214 2 0.130314 0.366072 2 0.142634 0.390326 2 0.132043 0.392529 2 0.147618 0.416530 2 0.133806 0.419034 2
0 0.212054 0.341931 0.028274 0.109788 0.209957 0.301762 2 0.211246 0.299752 2 0.209659 0.299472 2 0.214729 0.301263 2 0.211902 0.300825 1 0.214498 0.313053 2 0.209750 0.310758 2 0.208003 0.323474 2 0.206210 0.322036 1 0.204557 0.318973 2 0.205425 0.321327 1 0.211873 0.344329 2 0.209521 0.343281 2 0.208123 0.368377 2 0.214331 0.365829 2 0.209561 0.393000 2 0.226168 0.382970 2
0 0.553571 0.208995 0.020833 0.087302 0.553907 0.183058 1 0.553995 0.181386 1 0.554346 0.181581 1 0.552887 0.182252 2 0.556884 0.182533 2 0.550633 0.192730 2 0.559096 0.192974 2 0.548174 0.204441 2 0.562021 0.204194 2 0.550269 0.209927 2 0.560101 0.210903 2 0.552298 0.215947 2 0.557315 0.215971 2 0.553159 0.233524 2 0.553977 0.233875 2 0.556056 0.250659 2 0.552044 0.250461 2
0 0.947917 0.308201 0.038690 0.124339 0.959627 0.265040 1 0.958677 0.262394 1 0.959941 0.263094 1 0.953198 0.261971 2 0.960283 0.264163 2 0.948253 0.274566 2 0.960300 0.278477 2 0.944056 0.293050 2 0.962343 0.294093 2 0.942765 0.305924 2 0.963186 0.288139 2 0.946530 0.311033 2 0.953700 0.313166 2 0.947743 0.333254 2 0.950124 0.337869 2 0.947407 0.355515 2 0.944386 0.359669 2
0 0.790551 0.275794 0.026042 0.104497 0.790733 0.239930 2 0.790829 0.238089 2 0.789875 0.237953 2 0.789815 0.238804 1 0.786766 0.238386 2 0.788788 0.248719 2 0.782316 0.247756 2 0.788711 0.262764 2 0.779481 0.262392 2 0.790812 0.270643 2 0.786165 0.270027 2 0.786694 0.269960 2 0.782208 0.270903 2 0.796417 0.278418 2 0.791232 0.279236 2 0.792830 0.299679 2 0.788965 0.299989 2
0 0.808036 0.270503 0.023810 0.093915 0.809659 0.238927 2 0.809183 0.237340 1 0.809478 0.237289 2 0.806848 0.238139 1 0.807828 0.238373 2 0.807992 0.245737 2 0.801915 0.248195 2 0.810527 0.258699 2 0.805364 0.261398 2 0.814198 0.266580 2 0.810830 0.269733 2 0.806940 0.267451 2 0.802720 0.270523 2 0.815279 0.273172 2 0.811491 0.281699 2 0.812209 0.293048 2 0.814013 0.303061 2
0 0.847842 0.876984 0.060268 0.230159 0.863270 0.803806 2 0.866353 0.799323 2 0.860500 0.798343 2 0.869731 0.800242 2 0.854393 0.796921 2 0.870766 0.826240 2 0.848307 0.818312 2 0.871144 0.858062 2 0.850342 0.852986 2 0.864209 0.831058 2 0.862466 0.865824 2 0.861218 0.885725 2 0.845084 0.880546 2 0.854540 0.928998 2 0.837538 0.920944 2 0.848267 0.967754 2 0.828912 0.959705 2
0 0.538318 0.325397 0.026042 0.108466 0.549414 0.354952 1 0.549859 0.352534 1 0.550855 0.353141 1 0.549946 0.354419 2 0.555978 0.354801 1 0.546000 0.368552 2 0.555978 0.369702 2 0.539379 0.386337 2 0.555101 0.388750 1 0.534076 0.396343 2 0.552494 0.395514 1 0.546610 0.399884 2 0.554388 0.399884 1 0.542244 0.386690 1 0.553928 0.388499 1 0.539033 0.399884 1 0.550105 0.399644 1
0 0.520833 0.298942 0.026786 0.095238 0.516478 0.263914 2 0.517699 0.262319 2 0.515893 0.261923 2 0.519704 0.263887 2 0.515204 0.262938 2 0.521396 0.275023 2 0.512145 0.273815 2 0.524659 0.284889 2 0.508726 0.283418 2 0.522560 0.296462 2 0.511316 0.292630 2 0.519960 0.302625 2 0.514051 0.302240 2 0.520727 0.324055 2 0.515231 0.322776 2 0.521413 0.346044 2 0.516326 0.343158 2
0 0.496652 0.164021 0.017113 0.063492 0.493266 0.144457 2 0.493782 0.143214 2 0.493271 0.143384 1 0.495508 0.143895 2 0.496200 0.143957 1 0.495134 0.151154 2 0.497821 0.150113 2 0.492553 0.159066 2 0.495760 0.157433 2 0.490005 0.157472 2 0.491353 0.157594 1 0.496709 0.167852 2 0.499846 0.167276 2 0.491435 0.178204 2 0.502402 0.177375 2 0.490151 0.190591 2 0.507576 0.185489 2
0 0.094494 0.313492 0.017857 0.068783 0.094636 0.295240 2 0.095029 0.293192 2 0.093279 0.294126 2 0.095666 0.293174 1 0.091544 0.295605 2 0.097207 0.299687 2 0.091944 0.303042 2 0.100006 0.306734 2 0.090993 0.313025 2 0.099951 0.308859 2 0.089971 0.319845 2 0.097008 0.317906 2 0.093251 0.319124 2 0.096849 0.325272 2 0.088309 0.327383 2 0.099071 0.337015 2 0.090396 0.337421 2
0 0.643229 0.142196 0.014137 0.070106 0.641511 0.114492 2 0.642255 0.113312 2 0.641281 0.113311 1 0.643814 0.114263 2 0.641514 0.114334 1 0.645071 0.121868 2 0.640650 0.121445 2 0.646506 0.130056 2 0.638080 0.128854 2 0.644295 0.125847 2 0.634878 0.131186 2 0.643601 0.139483 2 0.640940 0.139025 2 0.642686 0.153563 2 0.641188 0.153662 2 0.643070 0.166868 2 0.642082 0.166239 2
0 0.172247 0.154101 0.017113 0.035714 0.172668 0.141182 1 0.172645 0.140439 1 0.172926 0.140367 1 0.172732 0.140525 2 0.174888 0.140228 2 0.172432 0.144273 2 0.176152 0.144191 2 0.172239 0.148962 2 0.177788 0.149440 2 0.172532 0.152941 1 0.178038 0.154361 2 0.173107 0.152194 2 0.175839 0.152100 2 0.172197 0.158016 2 0.175924 0.158416 2 0.171637 0.163829 2 0.176261 0.164109 2
0 0.199033 0.140212 0.017113 0.050265 0.198446 0.122383 1 0.198465 0.121330 1 0.198702 0.121267 1 0.198142 0.122045 2 0.200877 0.121613 2 0.197670 0.128667 2 0.202679 0.127838 2 0.197562 0.136307 2 0.204577 0.134695 2 0.197996 0.143288 2 0.205487 0.141824 2 0.199985 0.143421 2 0.203528 0.143138 2 0.199718 0.154583 2 0.204060 0.154212 2 0.199983 0.165171 2 0.204674 0.164604 2
0 0.800967 0.199074 0.017113 0.062169 0.800749 0.179903 1 0.800790 0.178724 1 0.801212 0.178989 1 0.799745 0.179796 2 0.803159 0.180165 2 0.798447 0.187015 2 0.802598 0.186991 2 0.795463 0.194116 2 0.800798 0.191816 2 0.795020 0.194504 2 0.797040 0.191168 1 0.797433 0.202213 2 0.800632 0.202303 2 0.795493 0.212002 2 0.800841 0.213444 2 0.794296 0.222820 2 0.802438 0.224125 2
0 0.450149 0.111772 0.014881 0.056878 0.449293 0.094311 1 0.449344 0.093503 1 0.449507 0.093432 1 0.448873 0.093906 2 0.451019 0.093688 2 0.448030 0.098438 2 0.452092 0.098266 2 0.446831 0.103823 2 0.453311 0.103796 2 0.447724 0.106815 2 0.453282 0.109362 2 0.448867 0.110534 2 0.451631 0.110463 2 0.448728 0.118940 2 0.451537 0.119290 2 0.448559 0.126952 2 0.451414 0.127797 2
0 0.141741 0.103175 0.014137 0.050265 0.139898 0.087230 2 0.140217 0.086180 2 0.139400 0.086303 2 0.140633 0.086459 1 0.138825 0.086626 2 0.141645 0.091353 2 0.138240 0.091299 2 0.142688 0.097814 2 0.137945 0.097288 2 0.143113 0.101702 2 0.139782 0.096977 2 0.141960 0.103458 2 0.139896 0.103600 2 0.142699 0.112925 2 0.142351 0.112053 2 0.141717 0.124500 2 0.142824 0.123065 2
0 0.821801 0.169974 0.014137 0.046296 0.822361 0.155069 1 0.822666 0.154037 2 0.823005 0.154099 1 0.823887 0.155204 2 0.825987 0.154929 1 0.823395 0.161877 2 0.827059 0.161422 2 0.822426 0.169459 2 0.826513 0.168373 1 0.820831 0.174979 2 0.823463 0.171717 1 0.823135 0.176600 2 0.825774 0.176221 2 0.821791 0.184611 2 0.824503 0.184740 2 0.821710 0.192965 2 0.824311 0.192267 2
0 0.707217 0.138228 0.012649 0.048942 0.702461 0.125316 2 0.702973 0.124308 2 0.702264 0.124287 2 0.704229 0.124253 2 0.702279 0.124237 1 0.705254 0.129838 2 0.701100 0.129586 2 0.705506 0.136610 2 0.699669 0.135629 2 0.704446 0.142343 2 0.700345 0.141500 2 0.704262 0.142391 2 0.701318 0.142357 2 0.704829 0.149431 2 0.700572 0.149780 2 0.705061 0.156588 2 0.700007 0.156282 2
0 0.613467 0.282407 0.014137 0.056878 0.615259 0.244117 1 0.615095 0.243386 1 0.614997 0.243386 1 0.614176 0.243816 1 0.613996 0.243858 1 0.613550 0.245044 1 0.614022 0.245058 1 0.614356 0.244092 1 0.614852 0.244254 1 0.616100 0.246390 1 0.615639 0.246698 1 0.612233 0.246442 2 0.612491 0.246361 2 0.611878 0.261414 2 0.612082 0.261310 2 0.609468 0.277386 2 0.609445 0.277665 2
0 0.970982 0.266534 0.026786 0.109788 0.960351 0.264239 1 0.959117 0.261457 1 0.960440 0.261862 1 0.954056 0.261133 1 0.960369 0.263134 2 0.952381 0.272851 2 0.960064 0.278122 2 0.954440 0.285052 1 0.961767 0.295261 2 0.960495 0.282474 1 0.964605 0.289395 2 0.952381 0.309774 2 0.955934 0.312064 2 0.952381 0.332315 1 0.953528 0.337088 2 0.952939 0.335265 1 0.952381 0.342151 1
0 0.528274 0.220238 0.017857 0.078042 0.530789 0.192865 2 0.531398 0.191212 2 0.529976 0.191269 2 0.531200 0.192390 1 0.528060 0.192214 2 0.531925 0.201697 2 0.525912 0.202074 2 0.533262 0.212741 2 0.523782 0.213785 2 0.531879 0.214406 2 0.528109 0.216308 2 0.530349 0.224684 2 0.527237 0.224902 2 0.527293 0.243793 2 0.530567 0.244214 2 0.524859 0.261824 2 0.533185 0.264655 2
0 0.738467 0.134921 0.017113 0.052910 0.744230 0.117710 2 0.744539 0.116696 2 0.743576 0.116544 2 0.744521 0.117391 1 0.741905 0.116991 2 0.744180 0.123996 2 0.740239 0.122834 2 0.743485 0.131594 2 0.737585 0.130181 2 0.743387 0.132947 2 0.740953 0.131632 2 0.741298 0.137711 2 0.738660 0.137040 2 0.741214 0.148529 2 0.738644 0.147297 2 0.739793 0.155086 2 0.736870 0.154565 2
0 0.989583 0.279762 0.019345 0.123016 0.999792 0.218318 1 0.999606 0.215836 1 0.999749 0.216151 1 0.998299 0.216624 1 1.000000 0.217144 1 0.996441 0.228751 1 0.998144 0.228746 1 0.991174 0.244915 1 0.992446 0.244833 1 0.991742 0.254691 1 0.992672 0.255373 1 0.997387 0.269968 2 0.998481 0.270119 2 0.994988 0.299644 2 0.995287 0.300484 2 0.986570 0.325015 2 0.986424 0.324164 2
0 0.955729 0.174603 0.020089 0.063492 0.952859 0.153330 1 0.952876 0.151950 1 0.953389 0.152098 1 0.953651 0.152272 2 0.956915 0.152224 2 0.954060 0.159457 2 0.959232 0.158813 2 0.952174 0.170221 2 0.960172 0.168990 2 0.950128 0.179038 2 0.958031 0.176668 1 0.953822 0.178836 2 0.957096 0.177917 2 0.951817 0.192181 2 0.953166 0.191536 2 0.951069 0.206434 2 0.951210 0.205903 2
0 0.904762 0.184524 0.020833 0.046296 0.903101 0.172443 2 0.903555 0.171334 2 0.903116 0.171393 1 0.904686 0.171662 2 0.903662 0.171540 1 0.906934 0.178108 2 0.903109 0.176511 2 0.905594 0.189199 2 0.901208 0.184508 2 0.901550 0.195166 2 0.900564 0.190960 2 0.905718 0.192022 2 0.902652 0.190425 2 0.903295 0.194030 2 0.897332 0.191620 2 0.902692 0.196479 2 0.897545 0.195718 2
0 0.925967 0.189815 0.018601 0.035714 0.925763 0.193781 2 0.927320 0.191321 2 0.924257 0.191117 2 0.930002 0.192614 2 0.922177 0.192144 2 0.934906 0.208144 2 0.918405 0.205281 2 0.937967 0.213810 1 0.917168 0.213810 1 0.936166 0.202817 1 0.922456 0.207432 1 0.930886 0.213810 1 0.921025 0.213810 1 0.931411 0.203367 1 0.921115 0.200055 1 0.927761 0.205269 1 0.929114 0.201147 1
