0 0.592262 0.763228 0.008929 0.039683 0.590389 0.746985 1 0.590512 0.746084 1 0.590690 0.746084 1 0.591295 0.746406 2 0.592996 0.746237 1 0.591523 0.751147 2 0.594361 0.751013 2 0.590321 0.756157 2 0.595057 0.757034 1 0.589154 0.754908 1 0.593255 0.759745 1 0.591924 0.763470 2 0.593875 0.763245 2 0.590900 0.772176 2 0.592925 0.772514 2 0.590786 0.780964 2 0.593455 0.781206 2
0 0.007254 0.943122 0.010789 0.048942 0.006931 0.925918 2 0.007500 0.924753 2 0.006539 0.924316 2 0.007577 0.924522 1 0.005152 0.923445 2 0.007270 0.930026 2 0.002410 0.930291 2 0.008622 0.936233 2 0.003069 0.939509 2 0.008058 0.932240 2 0.005930 0.934259 2 0.007942 0.946502 2 0.004613 0.946927 2 0.008182 0.958075 2 0.005219 0.957990 2 0.007487 0.968963 2 0.005542 0.967973 2
0 0.062314 0.861111 0.009301 0.046296 0.064650 0.845361 1 0.064355 0.844447 1 0.064754 0.844535 1 0.062776 0.844850 2 0.065188 0.844968 2 0.061371 0.850867 2 0.066102 0.850773 2 0.060154 0.857340 2 0.067800 0.857210 2 0.061717 0.860070 2 0.067277 0.860923 2 0.062796 0.862594 2 0.065307 0.862715 2 0.064441 0.872314 2 0.064091 0.872271 2 0.065145 0.881286 2 0.060240 0.880916 2
0 0.164249 0.777447 0.010045 0.036376 0.164427 0.764060 2 0.164949 0.763161 2 0.164168 0.763067 2 0.166050 0.762956 2 0.164036 0.762722 1 0.167778 0.766896 2 0.163218 0.766881 2 0.168961 0.773361 2 0.161816 0.771625 2 0.168565 0.776526 2 0.162655 0.775854 2 0.166951 0.778654 2 0.163667 0.778817 2 0.168138 0.785509 2 0.162214 0.787422 2 0.167541 0.792478 2 0.161391 0.796886 2
0 0.191406 0.854497 0.010789 0.035714 0.195523 0.835108 2 0.196034 0.834321 2 0.195166 0.834248 2 0.196876 0.834605 2 0.194689 0.834452 1 0.197546 0.838493 2 0.194128 0.838455 2 0.198242 0.842927 2 0.193880 0.842848 1 0.196910 0.840432 2 0.194982 0.839924 1 0.197142 0.846903 2 0.194870 0.846928 2 0.197591 0.845831 1 0.195566 0.845819 1 0.196910 0.848356 1 0.195913 0.848227 1
0 0.194940 0.852183 0.008185 0.045635 0.195499 0.834739 2 0.195967 0.833831 2 0.195062 0.833981 2 0.196894 0.834041 2 0.194675 0.834451 1 0.198003 0.838180 2 0.194451 0.838568 2 0.198394 0.843153 2 0.193638 0.842794 2 0.196267 0.842006 2 0.194452 0.838748 2 0.197865 0.850288 2 0.195585 0.850488 2 0.198163 0.861958 2 0.196668 0.862019 2 0.198876 0.872975 2 0.197897 0.872743 2
0 0.534040 0.699074 0.008557 0.031746 0.536093 0.687327 2 0.535799 0.686580 1 0.536008 0.686609 2 0.534312 0.686353 1 0.535164 0.686592 2 0.533037 0.689355 2 0.534196 0.690062 2 0.534712 0.693725 2 0.535789 0.694877 2 0.536993 0.695366 1 0.537637 0.696010 2 0.532920 0.699334 2 0.533641 0.700235 2 0.537261 0.701140 2 0.537888 0.702757 2 0.536573 0.710000 2 0.536945 0.711123 2
0 0.227679 0.716270 0.009673 0.031746 0.230373 0.704074 1 0.230056 0.703425 1 0.230343 0.703483 1 0.228500 0.703851 1 0.230191 0.704130 2 0.227474 0.707703 2 0.230045 0.708045 2 0.229637 0.711474 1 0.232599 0.711560 2 0.232349 0.711366 1 0.234093 0.711457 2 0.227766 0.716871 2 0.229626 0.717428 2 0.230646 0.716368 2 0.233641 0.717371 2 0.230087 0.725304 2 0.233146 0.725449 2
0 0.547433 0.689484 0.008557 0.025794 0.547348 0.682115 2 0.547177 0.681557 1 0.547216 0.681523 2 0.546272 0.681702 1 0.546482 0.681765 2 0.545670 0.684607 2 0.545538 0.684861 2 0.547031 0.688098 2 0.546424 0.688473 2 0.548889 0.688822 2 0.548808 0.689216 2 0.545195 0.692873 2 0.545047 0.693508 2 0.549147 0.694845 2 0.548876 0.695984 2 0.549523 0.702026 2 0.549263 0.703190 2
0 0.531808 0.750331 0.009301 0.037698 0.532441 0.737776 1 0.532085 0.736984 1 0.532360 0.736996 1 0.530221 0.737562 1 0.531837 0.737612 2 0.529997 0.741316 2 0.531254 0.741956 2 0.529958 0.746618 1 0.531810 0.748180 2 0.531509 0.751146 1 0.532314 0.753067 2 0.530249 0.751923 2 0.531182 0.752371 2 0.530946 0.759921 2 0.532629 0.760589 2 0.527553 0.766212 2 0.531600 0.768832 2
0 0.614025 0.773810 0.007812 0.026455 0.614685 0.764527 2 0.615136 0.763950 2 0.614426 0.763851 2 0.615875 0.764273 2 0.614042 0.764047 2 0.616598 0.768126 2 0.612889 0.767584 2 0.616942 0.772996 2 0.611651 0.770900 2 0.616272 0.775730 2 0.611368 0.774627 2 0.615813 0.776924 2 0.613321 0.776827 2 0.616043 0.782990 2 0.613352 0.783601 2 0.616581 0.788885 2 0.613981 0.789597 2
0 0.334077 0.550265 0.004464 0.023810 0.334757 0.542036 1 0.334600 0.541580 1 0.334741 0.541577 1 0.333727 0.541637 1 0.334737 0.541726 2 0.333139 0.544064 2 0.335020 0.544156 2 0.332863 0.547293 2 0.335532 0.547540 2 0.333098 0.549870 1 0.335728 0.549739 2 0.333445 0.550334 2 0.334725 0.550340 2 0.333665 0.555033 2 0.334722 0.554732 2 0.333632 0.559511 2 0.334433 0.559157 2
0 0.299851 0.602844 0.006696 0.024471 0.298913 0.596605 2 0.299200 0.596094 2 0.298905 0.596112 1 0.300092 0.596260 2 0.299257 0.596335 1 0.301442 0.598988 2 0.299104 0.599318 2 0.302065 0.602607 2 0.298190 0.602254 2 0.300760 0.602653 2 0.296139 0.602681 2 0.301805 0.607110 2 0.300127 0.607204 2 0.302417 0.612920 2 0.300240 0.613441 2 0.303295 0.617465 2 0.300442 0.618802 2
0 0.563430 0.807870 0.007068 0.041667 0.564088 0.792133 2 0.564479 0.791356 2 0.563674 0.791351 2 0.564984 0.791583 1 0.563097 0.791705 2 0.565800 0.794926 2 0.562288 0.796516 2 0.567297 0.794218 2 0.561375 0.802238 2 0.566725 0.789434 2 0.560920 0.809165 2 0.565320 0.807517 2 0.562950 0.807979 2 0.565536 0.817497 2 0.562827 0.817476 2 0.565896 0.826112 2 0.562762 0.826041 2
0 0.555432 0.779101 0.007440 0.041005 0.554413 0.762962 1 0.554668 0.762214 1 0.554418 0.762204 1 0.555276 0.762503 1 0.555119 0.762435 1 0.556158 0.766345 2 0.554952 0.766372 2 0.556728 0.770949 2 0.553976 0.772569 2 0.556050 0.770598 2 0.553082 0.779200 2 0.555929 0.778791 2 0.555207 0.778598 2 0.555505 0.788879 2 0.554843 0.788440 2 0.556058 0.798927 2 0.555670 0.798570 2
0 0.706101 0.784061 0.008185 0.036376 0.707094 0.769859 2 0.707071 0.769133 1 0.706722 0.769312 2 0.706691 0.769365 1 0.705827 0.769851 2 0.706841 0.773183 2 0.704606 0.774097 2 0.707238 0.778056 2 0.703535 0.780296 2 0.708074 0.780465 2 0.705561 0.783343 2 0.706174 0.785124 2 0.704571 0.785635 2 0.706480 0.793588 2 0.705005 0.794632 2 0.705016 0.801666 2 0.703206 0.802571 2
0 0.584821 0.765873 0.005952 0.034392 0.587616 0.752260 1 0.587764 0.751517 1 0.587918 0.751659 1 0.587702 0.752254 2 0.588914 0.752500 1 0.586285 0.756953 2 0.588914 0.757372 2 0.584541 0.761706 2 0.588914 0.763479 1 0.585253 0.763739 2 0.588645 0.766039 1 0.586117 0.768377 2 0.588408 0.768494 2 0.586368 0.775172 2 0.588516 0.775099 2 0.586806 0.784074 2 0.588217 0.783181 2
0 0.590774 0.745370 0.007440 0.035714 0.587281 0.751772 1 0.587458 0.751112 1 0.587719 0.751346 1 0.587531 0.751945 2 0.589431 0.752339 2 0.586207 0.756380 2 0.589882 0.757460 2 0.585565 0.761774 1 0.590357 0.763131 2 0.586145 0.764412 1 0.588995 0.765171 1 0.586177 0.767639 2 0.588721 0.768283 2 0.586311 0.767337 1 0.589468 0.768754 1 0.586430 0.768792 1 0.588685 0.769420 1
0 0.748140 0.576389 0.005952 0.024471 0.746449 0.576414 1 0.746512 0.576038 1 0.746593 0.576084 1 0.746726 0.576240 2 0.747396 0.576261 1 0.746708 0.578168 2 0.747701 0.578249 2 0.746162 0.580366 2 0.747904 0.580589 1 0.745076 0.581188 2 0.747476 0.582006 1 0.746654 0.582543 2 0.747318 0.582529 2 0.746005 0.584905 2 0.746818 0.585293 2 0.745881 0.587457 2 0.746820 0.587769 2
0 0.252046 0.740741 0.007068 0.031746 0.251200 0.728739 1 0.251262 0.728014 1 0.251470 0.728032 1 0.251842 0.728542 2 0.253657 0.728203 2 0.252046 0.732857 2 0.255272 0.731880 2 0.250808 0.737025 2 0.255992 0.737242 1 0.249150 0.736466 2 0.254560 0.738708 1 0.253343 0.743251 2 0.255539 0.742309 2 0.250130 0.749677 2 0.252989 0.747218 2 0.250050 0.758010 2 0.253364 0.753975 2
0 0.619234 0.761574 0.006324 0.031085 0.621693 0.746522 2 0.621974 0.745785 2 0.621217 0.745747 2 0.622057 0.746471 1 0.620329 0.746370 2 0.621602 0.750780 2 0.619687 0.750683 2 0.621292 0.756561 1 0.619430 0.756920 2 0.622242 0.759374 1 0.621920 0.760391 2 0.620877 0.761177 2 0.619553 0.761232 2 0.621091 0.769403 2 0.619164 0.769565 2 0.620131 0.777595 2 0.618639 0.777830 2
0 0.689918 0.666005 0.007068 0.026455 0.690791 0.660976 2 0.690645 0.660275 1 0.690635 0.660354 2 0.689759 0.660129 1 0.689835 0.660311 2 0.689162 0.663196 2 0.689103 0.663791 2 0.690601 0.667336 2 0.689426 0.668981 2 0.692393 0.669083 2 0.691577 0.670624 2 0.688869 0.672243 2 0.688990 0.672751 2 0.689777 0.677706 2 0.690546 0.678390 2 0.687950 0.682703 2 0.688843 0.683299 2
0 0.444010 0.694444 0.008557 0.025132 0.444548 0.685398 2 0.444449 0.684819 1 0.444405 0.684825 2 0.443772 0.684883 1 0.443986 0.684923 2 0.443004 0.687684 2 0.443827 0.688100 2 0.444816 0.690272 2 0.445451 0.691280 2 0.446931 0.690521 2 0.447236 0.691050 2 0.443283 0.696259 2 0.443768 0.696894 2 0.446741 0.699071 2 0.447650 0.700193 2 0.445074 0.704393 2 0.445566 0.705155 2
0 0.910528 0.812169 0.007812 0.039683 0.911117 0.799168 2 0.911602 0.798481 2 0.910787 0.798211 2 0.912073 0.798878 2 0.910181 0.798244 2 0.912609 0.802734 2 0.908814 0.802667 2 0.912874 0.808365 2 0.908283 0.807962 2 0.912908 0.811895 2 0.910386 0.809240 2 0.910983 0.813102 2 0.908641 0.813204 2 0.910217 0.820963 2 0.909433 0.821981 2 0.908437 0.827704 2 0.909740 0.830587 2
0 0.884487 0.757937 0.009301 0.037037 0.884908 0.746731 2 0.885334 0.745992 2 0.884496 0.745939 2 0.885822 0.746250 2 0.883835 0.746013 2 0.886418 0.750101 2 0.882978 0.749353 2 0.886044 0.753646 2 0.881384 0.751564 2 0.884936 0.749623 2 0.882812 0.748058 2 0.885219 0.760192 2 0.882973 0.759857 2 0.883979 0.767592 2 0.882425 0.767473 2 0.883034 0.773990 2 0.882370 0.774693 2
0 0.896019 0.760913 0.007812 0.040344 0.895701 0.747240 2 0.896172 0.746499 2 0.895346 0.746405 2 0.896873 0.746656 2 0.894867 0.746420 2 0.898288 0.750585 2 0.894169 0.750793 2 0.900280 0.755051 2 0.893727 0.754794 2 0.899970 0.759420 2 0.893882 0.757715 2 0.897374 0.762922 2 0.894554 0.762970 2 0.897428 0.770587 2 0.893910 0.771163 2 0.897260 0.777743 2 0.893372 0.779931 2
0 0.573289 0.913360 0.011161 0.043651 0.571258 0.891197 1 0.571228 0.890342 1 0.571486 0.890392 1 0.570251 0.890672 2 0.572992 0.890875 2 0.568472 0.895486 2 0.574331 0.896381 2 0.566834 0.899765 2 0.575727 0.903316 2 0.567942 0.898046 2 0.576919 0.909736 2 0.569174 0.910240 2 0.573090 0.910611 2 0.569064 0.919804 2 0.572977 0.921264 2 0.569709 0.928945 2 0.572440 0.931064 2
0 0.590588 0.697421 0.010789 0.032407 0.591744 0.685805 2 0.591383 0.685157 1 0.591669 0.685204 2 0.589999 0.685301 1 0.591205 0.685587 2 0.588951 0.688598 2 0.591130 0.689110 2 0.590495 0.692522 2 0.592845 0.693087 2 0.592845 0.694671 1 0.594562 0.695041 2 0.588504 0.697109 2 0.589948 0.697630 2 0.591783 0.698207 2 0.593092 0.699398 2 0.590364 0.703743 2 0.591157 0.705072 2
0 0.688058 0.946098 0.015253 0.056217 0.690172 0.927737 1 0.689597 0.926407 1 0.689997 0.926503 1 0.686945 0.926373 1 0.688959 0.926932 2 0.685264 0.932427 2 0.688279 0.933616 2 0.684823 0.939076 1 0.690195 0.940743 2 0.687118 0.941598 1 0.691518 0.940657 2 0.686253 0.948582 2 0.687964 0.949401 2 0.687069 0.960162 2 0.686837 0.961317 2 0.685745 0.971262 2 0.684392 0.971512 2
0 0.603051 0.763558 0.010417 0.039021 0.602548 0.749699 2 0.602774 0.748907 2 0.602527 0.748921 1 0.603545 0.749090 2 0.603531 0.749029 1 0.604305 0.753370 2 0.604039 0.752813 2 0.604539 0.759572 2 0.603145 0.758063 1 0.602126 0.759484 2 0.601842 0.758803 2 0.603696 0.764003 2 0.603894 0.763577 2 0.602400 0.772408 2 0.604778 0.772272 2 0.601767 0.781149 2 0.605499 0.780674 2
0 0.634859 0.801587 0.009301 0.042328 0.636057 0.790103 2 0.636442 0.789253 2 0.635810 0.788851 2 0.636342 0.789081 1 0.634785 0.787999 2 0.635888 0.792011 2 0.632990 0.791857 2 0.636491 0.797031 2 0.632426 0.798927 2 0.637878 0.798424 2 0.635341 0.799403 2 0.635098 0.803408 2 0.633180 0.803648 2 0.636271 0.812694 2 0.633143 0.812871 2 0.633890 0.821204 2 0.632593 0.822709 2
0 0.711124 0.778770 0.008557 0.040344 0.710911 0.765877 2 0.711378 0.765122 2 0.710529 0.764994 2 0.711964 0.765468 2 0.709920 0.765080 2 0.712251 0.769869 2 0.709219 0.769393 2 0.712475 0.776135 2 0.708433 0.775371 2 0.712925 0.781479 2 0.709708 0.778441 2 0.711478 0.781377 2 0.709575 0.781252 2 0.711228 0.791011 2 0.710091 0.790661 2 0.710434 0.800143 2 0.710024 0.800080 2
0 0.174293 0.719246 0.011533 0.033730 0.176272 0.708454 2 0.176096 0.707592 1 0.176067 0.707540 2 0.174785 0.707739 1 0.174806 0.707692 2 0.173761 0.711884 2 0.173652 0.712226 2 0.175810 0.716744 2 0.175589 0.717838 2 0.178087 0.716120 2 0.178044 0.718328 2 0.173355 0.722267 2 0.173414 0.722749 2 0.173934 0.729705 2 0.174902 0.730615 2 0.172817 0.738108 2 0.174665 0.738480 2
0 0.641183 0.856812 0.013021 0.054894 0.641883 0.837037 1 0.641922 0.836070 1 0.642235 0.836152 1 0.641233 0.836706 2 0.643882 0.836731 2 0.639838 0.842220 2 0.644984 0.842446 2 0.637791 0.847648 2 0.646013 0.850025 2 0.637123 0.847785 1 0.646441 0.856733 2 0.640848 0.857667 2 0.643967 0.857683 2 0.640951 0.868393 2 0.642321 0.867701 2 0.642483 0.878266 2 0.641870 0.877258 2
0 0.746652 0.773810 0.006696 0.043651 0.745827 0.757963 2 0.746222 0.757162 2 0.746043 0.757189 1 0.747437 0.758227 2 0.747388 0.758081 1 0.747451 0.763673 2 0.748157 0.763144 2 0.747077 0.770517 2 0.748226 0.769763 1 0.745573 0.774222 2 0.746720 0.773882 1 0.746608 0.775079 2 0.747081 0.774607 2 0.746414 0.784600 2 0.746745 0.783755 2 0.746403 0.794110 2 0.746418 0.792537 2
0 0.881882 0.796296 0.007068 0.038360 0.880680 0.782774 2 0.880953 0.781953 2 0.880813 0.781928 1 0.881928 0.782037 2 0.881926 0.781934 1 0.882173 0.786229 2 0.882240 0.785847 2 0.881619 0.792232 2 0.881485 0.791275 1 0.880564 0.794890 2 0.880452 0.793422 1 0.881374 0.796959 2 0.881449 0.796632 2 0.880978 0.805604 2 0.880819 0.805589 2 0.881407 0.814314 2 0.881227 0.813949 2
0 0.864955 0.798942 0.008929 0.039683 0.865038 0.784493 1 0.865070 0.783590 1 0.865316 0.783656 1 0.864227 0.784140 2 0.866780 0.784231 2 0.862736 0.789466 2 0.867514 0.789835 2 0.861557 0.796421 2 0.868626 0.796715 2 0.862330 0.801294 2 0.868069 0.799777 1 0.863485 0.803503 2 0.866855 0.803733 2 0.863176 0.812806 2 0.867131 0.813441 2 0.863077 0.820865 1 0.867072 0.820978 1
0 0.867374 0.785053 0.007812 0.035714 0.864670 0.784584 1 0.864692 0.783710 1 0.864980 0.783805 1 0.864085 0.784167 2 0.866581 0.784271 2 0.862838 0.789213 2 0.867641 0.789655 2 0.861995 0.795476 1 0.868496 0.796791 2 0.862667 0.799933 1 0.868330 0.801948 2 0.863651 0.803700 2 0.866955 0.803900 2 0.863431 0.809431 1 0.867079 0.809431 1 0.863849 0.809144 1 0.866705 0.808942 1
0 0.844494 0.732143 0.007440 0.037037 0.844422 0.717933 1 0.844393 0.717045 1 0.844718 0.717143 1 0.843720 0.717506 2 0.845920 0.717752 1 0.842591 0.722219 2 0.846600 0.722852 2 0.841467 0.727734 2 0.847106 0.728717 2 0.841533 0.732648 1 0.846941 0.733806 2 0.842803 0.733199 2 0.845455 0.733461 2 0.842888 0.741395 2 0.844836 0.742145 2 0.843035 0.749410 2 0.844247 0.750362 2
0 0.851749 0.733135 0.007812 0.036376 0.851572 0.717850 1 0.851411 0.717091 1 0.851743 0.717050 1 0.850537 0.717418 2 0.852602 0.717359 1 0.849880 0.721835 2 0.853414 0.721491 2 0.849098 0.727633 2 0.854299 0.726348 2 0.849231 0.732593 2 0.853688 0.731521 2 0.850406 0.732892 2 0.852712 0.732704 2 0.850572 0.740495 2 0.851963 0.740606 2 0.850602 0.748465 2 0.851398 0.748923 2
0 0.889509 0.702050 0.007440 0.036376 0.887782 0.676649 1 0.888016 0.676587 1 0.887518 0.676587 1 0.888448 0.676587 1 0.887209 0.676587 1 0.888963 0.676716 1 0.886748 0.676592 1 0.890202 0.677974 1 0.885369 0.677735 2 0.890864 0.678430 2 0.885673 0.679004 2 0.888391 0.682547 2 0.886984 0.682507 2 0.888547 0.689035 2 0.886869 0.689129 2 0.888209 0.695225 2 0.887233 0.695210 2
0 0.872954 0.702050 0.006324 0.033730 0.872032 0.686715 1 0.872182 0.685930 1 0.872118 0.685950 1 0.873004 0.686083 2 0.873526 0.685974 1 0.873012 0.689804 2 0.874437 0.689073 2 0.871747 0.693937 2 0.873231 0.692436 1 0.871170 0.692074 2 0.871669 0.691463 1 0.873258 0.699464 2 0.874276 0.699055 2 0.872971 0.707537 2 0.874091 0.707226 2 0.872889 0.715519 2 0.873896 0.714744 2
0 0.879092 0.699405 0.008185 0.032407 0.876452 0.688545 1 0.876577 0.687741 1 0.876650 0.687719 1 0.877350 0.687768 2 0.878434 0.687609 1 0.877307 0.691799 2 0.879802 0.691435 2 0.876785 0.697528 2 0.880986 0.696853 2 0.876859 0.701285 2 0.880188 0.700532 2 0.877941 0.701754 2 0.879640 0.701486 2 0.877953 0.709012 2 0.879421 0.709093 2 0.878044 0.716639 2 0.879698 0.716229 2
0 0.872396 0.674272 0.008185 0.029762 0.875527 0.663206 2 0.875713 0.662416 2 0.875541 0.662426 1 0.876520 0.662540 2 0.876388 0.662562 1 0.876858 0.666478 2 0.876590 0.666431 2 0.875998 0.671050 2 0.875771 0.671007 1 0.875797 0.667809 2 0.875775 0.667841 1 0.876861 0.677921 2 0.876646 0.677883 2 0.876940 0.686995 2 0.876711 0.687200 2 0.876958 0.693093 1 0.876859 0.692986 1
0 0.846168 0.648810 0.005580 0.025132 0.843603 0.631614 1 0.843599 0.631614 1 0.843475 0.631614 1 0.843342 0.631614 1 0.843263 0.631614 1 0.843387 0.632423 1 0.843196 0.632301 1 0.843377 0.636777 1 0.843278 0.636190 2 0.843489 0.640486 1 0.843587 0.640378 2 0.843363 0.641958 2 0.843225 0.641932 2 0.843385 0.648710 2 0.843099 0.648792 2 0.842898 0.653743 1 0.842748 0.654099 1
