0 0.967634 0.228836 0.020089 0.079365 0.962469 0.173519 1 0.962817 0.173280 1 0.962194 0.173280 1 0.963232 0.173280 1 0.961992 0.173292 1 0.964476 0.174675 1 0.960691 0.174378 1 0.967308 0.175914 1 0.959351 0.175240 1 0.968427 0.176272 1 0.957402 0.177572 1 0.960430 0.185840 2 0.957957 0.185093 2 0.958354 0.201327 2 0.955572 0.200673 2 0.957257 0.216293 2 0.955375 0.215569 2
0 0.948289 0.311508 0.030506 0.101852 0.961332 0.262702 1 0.960385 0.260513 1 0.961297 0.260949 1 0.955582 0.260723 2 0.960912 0.262641 2 0.951090 0.270624 2 0.960159 0.274509 2 0.946520 0.284592 2 0.960358 0.290468 2 0.945637 0.294547 2 0.964677 0.294389 2 0.949091 0.297918 2 0.954935 0.299708 2 0.947797 0.318391 2 0.951741 0.322531 2 0.945126 0.339799 2 0.946414 0.342978 2
0 0.370164 0.149471 0.014137 0.060847 0.372692 0.132812 2 0.372794 0.131589 1 0.371935 0.131740 2 0.372422 0.132156 1 0.370118 0.132493 2 0.372526 0.138655 2 0.369236 0.138939 2 0.374023 0.145172 2 0.369148 0.146108 2 0.375362 0.145786 2 0.373535 0.146278 2 0.372581 0.155190 2 0.370247 0.155479 2 0.373044 0.166841 2 0.371217 0.166741 2 0.371871 0.178741 2 0.368959 0.178302 2
0 0.332589 0.154101 0.014881 0.067460 0.332791 0.127823 2 0.333167 0.126245 2 0.331988 0.126492 2 0.333670 0.127213 1 0.330825 0.127801 2 0.335147 0.134407 2 0.330229 0.136236 2 0.336480 0.143947 2 0.329366 0.145506 2 0.335179 0.148434 2 0.332804 0.146878 2 0.335423 0.151735 2 0.331905 0.153086 2 0.337562 0.165574 2 0.332524 0.169435 2 0.336197 0.178758 2 0.331016 0.185106 2
0 0.185268 0.106481 0.016369 0.048942 0.190847 0.116690 1 0.190878 0.115787 1 0.191194 0.115652 1 0.190807 0.116618 2 0.193425 0.116060 2 0.190759 0.122703 2 0.195426 0.121950 2 0.189816 0.128132 2 0.196429 0.127347 1 0.190683 0.126668 1 0.195342 0.126371 1 0.192407 0.136556 2 0.195558 0.136073 2 0.192119 0.139716 1 0.195444 0.139366 1 0.192505 0.138277 1 0.195447 0.138601 1
0 0.912946 0.266534 0.023810 0.064815 0.909828 0.263902 2 0.908565 0.261987 1 0.909329 0.262171 2 0.902388 0.263293 1 0.907112 0.264294 2 0.897445 0.275251 2 0.909232 0.276188 2 0.897128 0.293080 1 0.911433 0.294639 2 0.904278 0.294470 1 0.913460 0.298947 2 0.897635 0.308297 1 0.905941 0.309190 2 0.901588 0.306208 1 0.910393 0.305921 1 0.900528 0.308854 1 0.907258 0.309401 1
0 0.569196 0.504630 0.037202 0.146825 0.582972 0.441881 2 0.584241 0.439321 2 0.581621 0.439160 2 0.585131 0.438739 1 0.577448 0.437772 2 0.585223 0.449511 2 0.570614 0.448404 2 0.586708 0.465605 2 0.564480 0.465282 2 0.588565 0.484506 2 0.564013 0.485743 2 0.579261 0.483948 2 0.568826 0.483446 2 0.580155 0.516933 2 0.564732 0.516331 2 0.577936 0.547852 2 0.558082 0.547179 2
0 0.820312 0.289683 0.023065 0.105820 0.823051 0.248503 2 0.824072 0.246104 2 0.821979 0.246422 2 0.825833 0.245630 2 0.820717 0.246051 2 0.828892 0.255463 2 0.818649 0.253292 2 0.830593 0.269396 2 0.814588 0.265859 2 0.825474 0.277110 2 0.817382 0.275471 2 0.823351 0.282362 2 0.816608 0.280297 2 0.820399 0.304161 2 0.813223 0.298254 2 0.817766 0.326817 2 0.814118 0.318532 2
0 0.675967 0.190476 0.017113 0.068783 0.675222 0.164185 1 0.675243 0.162727 1 0.675383 0.163014 1 0.674062 0.163339 2 0.677554 0.163640 2 0.672358 0.170761 2 0.679292 0.170818 2 0.669503 0.179938 2 0.680377 0.179445 2 0.671077 0.185660 2 0.677286 0.183653 2 0.671997 0.189375 2 0.677010 0.189305 2 0.670259 0.204129 2 0.676830 0.203999 2 0.668385 0.219044 2 0.677355 0.218795 2
0 0.715030 0.640873 0.052083 0.210317 0.719070 0.555022 2 0.720880 0.551599 2 0.720037 0.552146 1 0.726608 0.556550 2 0.727897 0.557170 1 0.723189 0.578876 2 0.731853 0.578881 2 0.709616 0.600700 2 0.713430 0.597027 2 0.701156 0.582732 2 0.703154 0.581551 2 0.719749 0.639476 2 0.727491 0.639167 2 0.708294 0.674816 2 0.726665 0.680891 2 0.708633 0.718525 2 0.730568 0.727082 2
0 0.359003 0.532407 0.037946 0.162698 0.359625 0.477381 2 0.361365 0.473357 2 0.357603 0.473944 2 0.363612 0.471975 2 0.354100 0.473230 2 0.366962 0.488946 2 0.349387 0.491000 2 0.371693 0.507690 2 0.343666 0.512973 2 0.374072 0.527545 2 0.344319 0.533364 2 0.364463 0.534466 2 0.353105 0.535668 2 0.366115 0.568115 2 0.353798 0.568489 2 0.367047 0.599158 2 0.356906 0.597776 2
0 0.593378 0.413360 0.031994 0.146825 0.597550 0.356275 2 0.599086 0.353663 2 0.596097 0.353706 2 0.601384 0.353803 2 0.593624 0.353883 2 0.603763 0.368540 2 0.590044 0.368487 2 0.606177 0.386675 2 0.584947 0.385735 2 0.607703 0.402599 2 0.580951 0.402977 2 0.601167 0.407319 2 0.591529 0.407317 2 0.603166 0.434779 2 0.588878 0.435397 2 0.604427 0.460613 2 0.585864 0.460899 2
0 0.177083 0.445767 0.025298 0.153439 0.181045 0.387013 2 0.180853 0.383992 1 0.179657 0.384100 2 0.178532 0.385417 1 0.175366 0.385787 2 0.176952 0.403194 2 0.174096 0.404605 2 0.176354 0.426048 1 0.171330 0.426779 2 0.179359 0.442270 1 0.176045 0.445567 2 0.178627 0.443610 2 0.176661 0.445334 2 0.181134 0.471811 2 0.178178 0.476344 2 0.181481 0.498040 2 0.175754 0.507671 2
0 0.332589 0.467593 0.032738 0.138889 0.338024 0.419330 2 0.338329 0.415576 2 0.336137 0.417019 2 0.338142 0.414226 1 0.331753 0.417548 2 0.339308 0.426804 2 0.328556 0.432612 2 0.340984 0.445022 2 0.328790 0.457082 2 0.344703 0.463253 2 0.333399 0.477113 2 0.338593 0.463649 2 0.330983 0.466862 2 0.340691 0.496875 2 0.331264 0.501523 2 0.341110 0.527032 2 0.330498 0.529955 2
0 0.474330 0.502646 0.034970 0.156085 0.478182 0.438041 2 0.479557 0.434772 2 0.476262 0.435163 2 0.479888 0.435431 1 0.471648 0.436226 2 0.484123 0.447516 2 0.467387 0.454774 2 0.488963 0.459189 2 0.461390 0.476190 2 0.487905 0.471502 2 0.462498 0.499202 2 0.481476 0.495143 2 0.471922 0.498675 2 0.477679 0.524819 2 0.476699 0.534112 2 0.471836 0.549075 2 0.479996 0.572084 2
0 0.337426 0.597884 0.034970 0.179894 0.340866 0.534690 2 0.340291 0.531371 1 0.339140 0.531739 2 0.337718 0.533668 1 0.334217 0.535324 2 0.339469 0.549969 2 0.326574 0.555318 2 0.344624 0.572680 2 0.320207 0.580397 2 0.353066 0.594862 2 0.319997 0.608403 2 0.333775 0.591158 2 0.324781 0.595373 2 0.341678 0.616054 2 0.324112 0.631676 2 0.334636 0.646552 2 0.317354 0.667514 2
0 0.546875 0.683201 0.061012 0.212963 0.548537 0.600397 1 0.547775 0.596382 1 0.548558 0.596611 1 0.539708 0.600014 2 0.551675 0.600185 2 0.534973 0.624517 2 0.556796 0.626472 2 0.527329 0.659762 2 0.570285 0.648883 2 0.520520 0.684814 2 0.577991 0.641935 2 0.538885 0.686611 2 0.554225 0.688872 2 0.531909 0.724383 2 0.556384 0.733597 2 0.525604 0.761293 2 0.560533 0.777902 2
0 0.481399 0.414021 0.032738 0.142857 0.478682 0.437228 2 0.479653 0.433921 2 0.476434 0.434783 2 0.480558 0.434582 1 0.472012 0.436824 2 0.482779 0.448627 2 0.468302 0.453377 2 0.488426 0.457627 2 0.462481 0.469797 2 0.488109 0.469738 2 0.461205 0.479532 2 0.482518 0.493608 2 0.472944 0.495884 2 0.485426 0.513228 1 0.473880 0.513228 1 0.485896 0.513228 1 0.473937 0.513228 1
0 0.219866 0.356481 0.024554 0.128307 0.217509 0.312851 2 0.218567 0.310216 2 0.216350 0.310769 2 0.220647 0.308524 2 0.214529 0.309622 2 0.224613 0.318221 2 0.213125 0.318998 2 0.229051 0.330967 2 0.210208 0.330016 2 0.223771 0.332717 2 0.212087 0.332526 2 0.224896 0.351146 2 0.216797 0.351926 2 0.226766 0.376965 2 0.217896 0.378050 2 0.230712 0.400498 2 0.218753 0.401181 2
0 0.286830 0.328042 0.030506 0.111111 0.283275 0.287275 2 0.284636 0.284943 2 0.282320 0.285228 2 0.287544 0.285751 2 0.281526 0.286502 1 0.289222 0.298753 2 0.284357 0.298572 2 0.291469 0.315667 2 0.285278 0.310821 2 0.290027 0.332589 2 0.283187 0.319320 2 0.290135 0.329075 2 0.286133 0.328590 2 0.291416 0.351481 2 0.283809 0.349980 2 0.297124 0.373820 2 0.282565 0.372869 2
0 0.411458 0.309524 0.017857 0.100529 0.408859 0.274330 2 0.410134 0.272416 2 0.407985 0.272300 2 0.412225 0.274045 2 0.406875 0.273869 2 0.413377 0.285520 2 0.404881 0.285697 2 0.415108 0.297845 2 0.403343 0.297512 2 0.411779 0.290519 2 0.407508 0.288836 2 0.411815 0.312466 2 0.405914 0.312569 2 0.412894 0.331671 2 0.406214 0.332507 2 0.414007 0.352850 2 0.406897 0.353309 2
0 0.559152 0.214286 0.018601 0.084656 0.557257 0.178830 1 0.557043 0.176965 1 0.557239 0.177095 1 0.554474 0.177729 2 0.558656 0.178152 2 0.552212 0.188080 2 0.560334 0.188720 2 0.551212 0.198901 2 0.561544 0.200887 2 0.554475 0.199979 1 0.558569 0.203263 1 0.552823 0.211105 2 0.558748 0.211253 2 0.552864 0.230100 2 0.559616 0.229745 2 0.552332 0.248658 2 0.559984 0.247813 2
0 0.904018 0.310847 0.032738 0.113757 0.908942 0.264183 1 0.907931 0.262127 1 0.908585 0.262561 1 0.901896 0.263389 2 0.907615 0.264895 2 0.896892 0.275903 2 0.908961 0.277587 2 0.893404 0.291589 2 0.911322 0.295033 2 0.891824 0.304532 2 0.913831 0.305705 2 0.895588 0.311231 2 0.903790 0.311805 2 0.894961 0.334579 2 0.904249 0.333525 2 0.892097 0.357985 2 0.899672 0.355825 2
0 0.418155 0.295635 0.022321 0.109788 0.408836 0.274819 2 0.410037 0.272668 2 0.407949 0.272718 2 0.412034 0.274432 2 0.406941 0.274551 1 0.413745 0.286207 2 0.406002 0.286495 2 0.415200 0.297854 2 0.404489 0.298563 2 0.411002 0.298533 2 0.404850 0.300234 2 0.412329 0.310761 2 0.407038 0.310684 2 0.413230 0.329648 2 0.407130 0.329361 2 0.414159 0.351067 2 0.407892 0.350932 2
0 0.796131 0.282407 0.020833 0.085979 0.798124 0.249684 2 0.798008 0.247915 2 0.797290 0.247803 2 0.796564 0.248638 1 0.794031 0.248270 2 0.795082 0.258418 2 0.790221 0.256952 2 0.795124 0.272935 2 0.786760 0.270493 2 0.798063 0.280010 2 0.792620 0.278277 2 0.792740 0.282093 2 0.789422 0.282775 2 0.801859 0.291213 2 0.798743 0.292096 2 0.797167 0.312025 2 0.794827 0.312977 2
0 0.815476 0.278439 0.023810 0.083333 0.821143 0.249237 2 0.822234 0.247055 2 0.820618 0.246964 2 0.825084 0.246112 2 0.820811 0.245802 1 0.828679 0.255369 2 0.819099 0.252853 2 0.830048 0.269378 2 0.815113 0.265371 2 0.825207 0.277289 2 0.817467 0.275564 2 0.823088 0.281942 2 0.816850 0.279593 2 0.820053 0.303936 2 0.813433 0.298081 2 0.817739 0.326089 2 0.814838 0.318830 2
0 0.490327 0.193783 0.016369 0.038360 0.497532 0.194907 2 0.497968 0.194176 2 0.497395 0.193902 2 0.498327 0.193360 2 0.497029 0.192856 2 0.497701 0.195339 2 0.495095 0.194077 2 0.499124 0.201737 2 0.494212 0.199266 2 0.496834 0.203093 2 0.494930 0.201892 2 0.491645 0.200303 2 0.490014 0.199596 2 0.494907 0.201954 2 0.493914 0.202038 2 0.491170 0.204545 2 0.490925 0.204538 2
0 0.975074 0.945767 0.046875 0.103175 0.989108 0.926242 2 0.993460 0.922141 2 0.986909 0.918720 2 0.998041 0.927008 2 0.981687 0.918642 2 0.997869 0.956210 2 0.973508 0.941690 2 0.989248 0.996838 2 0.965497 0.971397 2 0.975048 0.997562 2 0.961571 0.990781 2 0.987702 0.999855 2 0.970794 0.992325 2 0.980531 0.994482 1 0.955509 0.990819 1 0.971697 1.000000 1 0.957741 0.998175 1
0 0.545759 0.335979 0.023065 0.063492 0.545828 0.317909 2 0.546938 0.316197 1 0.545027 0.315698 2 0.547986 0.312828 1 0.543464 0.311771 2 0.548894 0.310277 2 0.538826 0.309964 2 0.553067 0.321738 2 0.535502 0.322701 2 0.548778 0.326708 2 0.542026 0.328139 2 0.546784 0.326896 2 0.539910 0.327507 2 0.553174 0.330305 2 0.535084 0.332164 2 0.550421 0.353108 2 0.540993 0.352922 2
0 0.528274 0.302249 0.020833 0.083333 0.526732 0.276672 2 0.527633 0.274644 2 0.525845 0.274777 2 0.529012 0.273046 2 0.524437 0.273225 2 0.530942 0.279477 2 0.522381 0.279677 2 0.533363 0.290567 2 0.519537 0.290857 2 0.531343 0.301536 2 0.523463 0.300222 2 0.529454 0.304576 2 0.523602 0.304786 2 0.530936 0.320723 2 0.521297 0.320828 2 0.530649 0.334951 1 0.521154 0.334750 1
0 0.127604 0.343254 0.021577 0.041005 0.124924 0.334486 2 0.125012 0.333404 2 0.125300 0.333202 1 0.126778 0.332932 2 0.128063 0.332142 1 0.129353 0.337065 2 0.128958 0.335623 2 0.128332 0.345577 2 0.127406 0.342744 2 0.124020 0.348278 2 0.123154 0.346798 2 0.134999 0.346249 2 0.134619 0.345475 2 0.131224 0.344141 2 0.129955 0.343619 2 0.133480 0.353840 2 0.132600 0.352431 2
0 0.096726 0.324735 0.032738 0.056878 0.102331 0.308801 2 0.102683 0.307151 2 0.101140 0.307684 2 0.103386 0.307209 1 0.098786 0.308757 2 0.104985 0.314129 2 0.096360 0.316822 2 0.110714 0.320070 2 0.091964 0.327505 2 0.108728 0.322407 2 0.090846 0.335318 2 0.103812 0.329131 2 0.097743 0.330227 2 0.108332 0.323616 2 0.095099 0.325028 2 0.110350 0.341252 2 0.092481 0.339060 2
0 0.191220 0.138228 0.016369 0.046296 0.190899 0.117169 1 0.190961 0.116227 1 0.191143 0.116018 1 0.190929 0.116924 2 0.193389 0.116270 2 0.190628 0.123115 2 0.195507 0.122048 2 0.190084 0.129235 2 0.196779 0.127606 2 0.191202 0.126861 1 0.194990 0.127426 1 0.192880 0.137618 2 0.196230 0.137164 2 0.193836 0.148696 2 0.196749 0.148280 2 0.195055 0.158900 2 0.197808 0.159031 2
0 0.788318 0.187831 0.018601 0.052910 0.791295 0.169892 1 0.790736 0.168499 1 0.791211 0.168703 1 0.787827 0.168353 1 0.790620 0.169290 2 0.785871 0.174128 2 0.790082 0.175741 2 0.784655 0.179726 2 0.792409 0.182709 2 0.787649 0.179546 1 0.795389 0.181822 2 0.784245 0.189918 2 0.786886 0.190476 2 0.784066 0.200772 2 0.786452 0.201239 2 0.783126 0.212376 2 0.786422 0.212664 2
0 0.463914 0.115741 0.014137 0.051587 0.464686 0.101344 2 0.465213 0.100255 2 0.464319 0.100502 1 0.466508 0.100807 2 0.464306 0.101340 1 0.467923 0.106795 2 0.463964 0.106847 2 0.469370 0.113476 2 0.462280 0.111840 2 0.468566 0.119357 2 0.463550 0.114842 2 0.467400 0.120245 2 0.464953 0.120309 2 0.467811 0.129636 2 0.466073 0.129723 2 0.468380 0.139417 2 0.466863 0.139097 2
0 0.821429 0.225529 0.019345 0.083333 0.825279 0.194508 1 0.824551 0.192911 1 0.825134 0.193015 1 0.820502 0.193588 2 0.824500 0.194408 2 0.818015 0.202170 2 0.824574 0.204096 2 0.816410 0.211546 2 0.825950 0.214857 2 0.820300 0.213953 1 0.830018 0.213871 2 0.818369 0.224267 2 0.822865 0.225314 2 0.818446 0.241454 2 0.823113 0.241844 2 0.818095 0.254524 1 0.822307 0.255517 2
0 0.603051 0.105159 0.011161 0.041005 0.604522 0.091012 1 0.604699 0.090204 1 0.604776 0.090225 1 0.605210 0.090720 2 0.606210 0.090599 1 0.605577 0.095398 2 0.606611 0.095147 2 0.604945 0.101398 2 0.605834 0.100967 1 0.603484 0.106405 2 0.604028 0.105028 1 0.605479 0.106929 2 0.606188 0.106632 2 0.605149 0.115683 2 0.605378 0.115258 2 0.605825 0.122852 2 0.606055 0.122591 2
0 0.598586 0.085317 0.011161 0.033069 0.603519 0.075034 1 0.603751 0.074245 1 0.603694 0.074340 1 0.603599 0.074860 1 0.604226 0.074977 2 0.602003 0.079208 2 0.603571 0.079680 2 0.599069 0.081728 2 0.601703 0.083277 2 0.597276 0.083012 2 0.599233 0.085203 2 0.601639 0.087862 2 0.602720 0.088123 2 0.601310 0.093313 2 0.602800 0.093664 2 0.600638 0.099662 2 0.602726 0.099077 2
0 0.908110 0.192460 0.020089 0.038360 0.910169 0.181806 2 0.910992 0.180279 2 0.909795 0.180271 2 0.912620 0.180697 2 0.909603 0.180430 1 0.914751 0.186458 2 0.908712 0.185487 2 0.913425 0.195766 2 0.905575 0.193097 2 0.907577 0.200497 2 0.904555 0.201069 2 0.913836 0.199656 2 0.909611 0.198484 2 0.912477 0.196599 2 0.904063 0.195006 2 0.906145 0.203322 2 0.903485 0.203627 2
0 0.950521 0.199074 0.020089 0.033069 0.946161 0.193785 2 0.946855 0.191698 2 0.945300 0.192201 2 0.947978 0.190853 2 0.944595 0.192002 2 0.951065 0.194318 2 0.943498 0.194724 2 0.951694 0.204194 2 0.939709 0.202920 2 0.946196 0.205271 2 0.940745 0.205127 2 0.949377 0.207526 2 0.944587 0.207026 2 0.949321 0.207424 2 0.938799 0.206705 2 0.943381 0.213108 2 0.944213 0.212889 2
