0 0.470610 0.941138 0.081101 0.109788 0.442356 0.909356 2 0.443868 0.902167 2 0.439288 0.905316 2 0.449044 0.897418 2 0.438012 0.905078 1 0.459173 0.912438 2 0.437670 0.922636 2 0.468040 0.940965 2 0.436915 0.955235 2 0.478713 0.956199 2 0.448026 0.962856 2 0.461913 0.956999 2 0.447787 0.963655 2 0.477167 0.972847 2 0.453545 0.983043 2 0.466398 0.973091 2 0.461039 0.980028 2
0 0.123512 0.746032 0.053571 0.161376 0.121921 0.684778 2 0.124181 0.681781 2 0.120514 0.681765 2 0.128297 0.683652 2 0.118460 0.684284 2 0.132169 0.699986 2 0.116229 0.701469 2 0.135069 0.712275 2 0.107652 0.713199 2 0.133294 0.721161 2 0.100900 0.724267 2 0.132200 0.742435 2 0.120605 0.743013 2 0.137543 0.770147 2 0.116360 0.770676 2 0.146580 0.785972 2 0.119241 0.787877 2
0 0.491443 0.676587 0.039435 0.146825 0.482629 0.624515 2 0.483379 0.621145 2 0.482163 0.622371 2 0.487504 0.618538 2 0.483898 0.621712 1 0.495902 0.628643 2 0.484017 0.633910 2 0.502989 0.641333 2 0.483301 0.651602 2 0.505688 0.654806 2 0.483974 0.662403 2 0.494853 0.670654 2 0.485439 0.672146 2 0.500729 0.700658 2 0.480370 0.701753 2 0.502560 0.732701 2 0.475528 0.735056 2
0 0.483631 0.680556 0.032738 0.125661 0.482259 0.622213 2 0.483098 0.619291 2 0.481904 0.620262 2 0.487849 0.617922 2 0.483877 0.620548 1 0.496400 0.629212 2 0.483893 0.633557 2 0.503826 0.641098 2 0.483829 0.650518 2 0.505359 0.654131 2 0.484987 0.662126 2 0.494919 0.672513 2 0.484850 0.673342 2 0.499538 0.704368 2 0.479935 0.703620 2 0.503475 0.737043 2 0.475895 0.736042 2
0 0.430432 0.533730 0.021577 0.096561 0.431896 0.499130 1 0.431061 0.497289 1 0.432037 0.497170 1 0.427096 0.498394 2 0.432559 0.498537 2 0.424865 0.509409 2 0.433848 0.509464 2 0.423377 0.522216 2 0.436389 0.521955 2 0.422503 0.531052 2 0.438273 0.531668 2 0.426950 0.530557 2 0.433015 0.530686 2 0.427550 0.550278 2 0.432871 0.550764 2 0.427820 0.568990 2 0.432059 0.570089 2
0 0.472470 0.566799 0.020833 0.104497 0.472410 0.531130 1 0.472284 0.529092 1 0.472784 0.529379 1 0.469782 0.530021 2 0.474930 0.530614 2 0.466741 0.541099 2 0.477135 0.542028 2 0.464410 0.554777 2 0.479078 0.555037 2 0.465317 0.559648 2 0.477128 0.555910 2 0.468294 0.569814 2 0.475354 0.570304 2 0.468029 0.589431 2 0.474776 0.589752 2 0.468741 0.607231 2 0.473907 0.607045 2
0 0.452009 0.535714 0.026042 0.097884 0.469408 0.530852 1 0.469611 0.528897 1 0.469485 0.528867 1 0.468393 0.529805 1 0.469668 0.529760 1 0.465697 0.541265 2 0.469049 0.541253 1 0.463414 0.555585 2 0.466986 0.555861 1 0.465370 0.564357 2 0.466880 0.565895 1 0.467220 0.572174 2 0.469491 0.572741 2 0.467864 0.594160 2 0.469434 0.595719 1 0.468107 0.602947 1 0.468694 0.602947 1
0 0.490699 0.543651 0.015625 0.076720 0.492617 0.514604 1 0.491912 0.513324 1 0.492622 0.513124 1 0.488694 0.514092 2 0.492619 0.514026 2 0.486973 0.522407 2 0.493894 0.522419 2 0.486351 0.533181 2 0.495286 0.532786 2 0.487466 0.541445 2 0.496324 0.540676 2 0.488517 0.541364 2 0.493155 0.541407 2 0.489112 0.555081 2 0.492155 0.555496 2 0.490059 0.566672 2 0.491333 0.568687 2
0 0.498140 0.524471 0.017113 0.088624 0.491935 0.514021 1 0.491380 0.512739 1 0.492003 0.512672 1 0.488535 0.514024 2 0.492626 0.514175 2 0.487292 0.522889 2 0.493958 0.523225 2 0.486971 0.533866 2 0.495592 0.533080 2 0.487376 0.543795 1 0.496689 0.541254 2 0.488376 0.541522 2 0.492931 0.541732 2 0.488943 0.554882 2 0.492620 0.556092 2 0.489450 0.564764 2 0.492118 0.568183 2
0 0.461682 0.498677 0.015625 0.082011 0.452210 0.493303 1 0.451875 0.491616 1 0.451944 0.491651 1 0.450893 0.493046 1 0.452308 0.493112 2 0.450893 0.504184 1 0.455327 0.503937 2 0.454118 0.517746 1 0.458351 0.517582 2 0.457892 0.528159 1 0.460100 0.529207 2 0.451264 0.531444 2 0.455370 0.531008 2 0.451443 0.552115 1 0.457290 0.550077 2 0.451322 0.555080 1 0.457632 0.555080 2
0 0.446057 0.492725 0.015625 0.083333 0.445310 0.498571 1 0.445095 0.497013 1 0.445762 0.496446 1 0.444526 0.497738 2 0.449899 0.495910 2 0.444432 0.507569 2 0.454601 0.504146 2 0.441015 0.519088 2 0.456845 0.515329 1 0.437622 0.513934 2 0.453783 0.520276 1 0.448755 0.533753 2 0.455437 0.532166 2 0.448950 0.550265 2 0.456523 0.549024 1 0.448768 0.550265 1 0.455800 0.550265 1
0 0.384301 0.440476 0.017113 0.063492 0.387113 0.417694 1 0.386699 0.416515 1 0.386979 0.416551 1 0.384118 0.417077 1 0.386802 0.417103 2 0.382533 0.423452 2 0.387811 0.422267 2 0.382072 0.425630 2 0.390280 0.420891 2 0.383314 0.420824 1 0.387553 0.418262 2 0.383766 0.440443 2 0.387214 0.440320 2 0.384824 0.451968 2 0.387729 0.452117 2 0.384866 0.463680 2 0.387654 0.463545 2
0 0.567708 0.436508 0.013393 0.044974 0.570981 0.423059 2 0.570950 0.422323 1 0.570771 0.422255 2 0.570432 0.422415 1 0.569856 0.422227 2 0.570855 0.426550 2 0.568274 0.426176 2 0.571731 0.431791 2 0.568634 0.431021 2 0.572608 0.435289 2 0.570735 0.432415 2 0.570213 0.436696 2 0.568350 0.436638 2 0.570248 0.444077 2 0.567953 0.443907 2 0.569934 0.451068 2 0.567710 0.450734 2
0 0.528274 0.454365 0.010417 0.038360 0.525464 0.444809 2 0.525694 0.443887 2 0.525101 0.443971 1 0.526466 0.443250 2 0.525169 0.443332 1 0.527891 0.445977 2 0.526304 0.445931 2 0.529426 0.451822 2 0.527333 0.451594 1 0.529058 0.456993 2 0.527236 0.456933 1 0.531200 0.454884 2 0.530221 0.454939 2 0.529691 0.463423 2 0.529483 0.463101 2 0.529686 0.472055 2 0.529948 0.470975 2
