0 0.243676 0.830026 0.033482 0.152116 0.236624 0.758021 2 0.238241 0.754846 2 0.236558 0.754651 1 0.243602 0.756305 2 0.240137 0.755714 1 0.246274 0.774213 2 0.242082 0.771398 2 0.248798 0.799529 2 0.238569 0.788080 2 0.253020 0.816485 2 0.236032 0.799195 2 0.245509 0.818689 2 0.243378 0.817733 2 0.246650 0.849889 2 0.246468 0.851177 2 0.251152 0.880462 2 0.252050 0.882836 2
0 0.244792 0.810847 0.035714 0.145503 0.236969 0.758216 2 0.238455 0.755332 2 0.236632 0.754911 2 0.243180 0.755837 2 0.238628 0.755071 1 0.244643 0.771036 2 0.239900 0.768709 2 0.243614 0.791640 2 0.237516 0.786530 2 0.239887 0.801143 2 0.236269 0.799707 2 0.243749 0.809867 2 0.241040 0.808614 2 0.243121 0.838004 2 0.242364 0.837715 2 0.244668 0.868289 2 0.245208 0.867398 2
0 0.290923 0.572090 0.016369 0.070106 0.289648 0.544594 2 0.290605 0.543084 2 0.288996 0.543134 2 0.292640 0.542995 2 0.288809 0.543082 1 0.294012 0.549732 2 0.289393 0.549710 2 0.296580 0.557194 2 0.289271 0.557458 1 0.292467 0.557796 2 0.289000 0.557373 1 0.295040 0.569111 2 0.292369 0.569024 2 0.294768 0.584667 2 0.295234 0.583654 2 0.295597 0.599069 2 0.296929 0.596214 2
0 0.284598 0.559524 0.015625 0.089947 0.286357 0.527528 2 0.287028 0.525810 2 0.285318 0.526021 2 0.287535 0.526075 1 0.283638 0.526325 2 0.285650 0.534731 2 0.283282 0.534840 2 0.286456 0.545745 1 0.282519 0.547489 2 0.288176 0.554868 1 0.284803 0.557073 2 0.285999 0.557040 2 0.284311 0.557449 2 0.287596 0.574815 2 0.287112 0.574488 2 0.284065 0.589978 2 0.280698 0.586586 2
0 0.306548 0.565476 0.016369 0.072751 0.305738 0.541934 1 0.305472 0.540644 1 0.306051 0.540543 1 0.303598 0.541393 2 0.307601 0.541303 2 0.302243 0.549607 2 0.308593 0.549371 2 0.301132 0.557468 2 0.310660 0.556630 2 0.303461 0.560460 2 0.308820 0.558916 2 0.304008 0.565992 2 0.308058 0.565914 2 0.306109 0.579083 2 0.307731 0.579040 2 0.307240 0.591942 2 0.307429 0.592013 2
0 0.314360 0.474868 0.014137 0.055556 0.312588 0.455742 1 0.312718 0.454755 1 0.313095 0.454713 1 0.313462 0.455663 2 0.316281 0.455204 1 0.313688 0.461969 2 0.318297 0.460702 2 0.313609 0.469321 2 0.320682 0.466135 2 0.313427 0.475113 2 0.319855 0.469496 2 0.315523 0.475589 2 0.318728 0.474822 2 0.314877 0.484997 2 0.318379 0.484626 2 0.314401 0.494972 2 0.318675 0.494157 2
0 0.379836 0.531746 0.031994 0.060847 0.380506 0.515432 2 0.381453 0.513656 2 0.379735 0.513784 2 0.383789 0.512541 2 0.379295 0.513014 1 0.386608 0.518298 2 0.379464 0.519852 2 0.379626 0.527479 2 0.375494 0.527918 2 0.372440 0.531148 2 0.370895 0.532875 2 0.389804 0.540477 2 0.384366 0.540726 2 0.381263 0.530687 2 0.376041 0.533158 2 0.382294 0.547322 2 0.376599 0.553971 2
0 0.457589 0.414021 0.019345 0.084656 0.454837 0.384925 1 0.455050 0.383362 1 0.455518 0.383416 1 0.454767 0.384616 2 0.458810 0.384437 2 0.453052 0.393941 2 0.460814 0.394011 2 0.450691 0.405493 2 0.462230 0.405201 2 0.449669 0.414393 2 0.462358 0.413367 2 0.454564 0.414266 2 0.459655 0.414287 2 0.454882 0.429736 2 0.458895 0.430910 2 0.455096 0.445065 2 0.457600 0.446984 2
0 0.367560 0.501984 0.023810 0.041005 0.366762 0.490407 2 0.367590 0.488767 2 0.365796 0.489461 2 0.369314 0.489028 2 0.365185 0.490411 2 0.370676 0.495078 2 0.366397 0.495405 2 0.367246 0.502816 2 0.361385 0.501348 2 0.364584 0.502212 2 0.362837 0.501681 2 0.375340 0.512403 2 0.372574 0.512293 2 0.366469 0.502720 2 0.365708 0.502097 2 0.369798 0.517401 2 0.369632 0.516279 2
0 0.373512 0.488757 0.019345 0.038360 0.367065 0.490104 2 0.367896 0.488428 2 0.366104 0.489075 2 0.369460 0.489244 2 0.365512 0.490483 2 0.370532 0.495130 2 0.367857 0.496583 2 0.366124 0.499848 2 0.365039 0.502445 2 0.364025 0.499325 2 0.363801 0.502755 2 0.375567 0.510463 2 0.373615 0.510413 2 0.365961 0.504117 2 0.365530 0.502654 2 0.367571 0.513549 2 0.367660 0.513182 1
0 0.377976 0.476190 0.022321 0.039683 0.366987 0.489290 2 0.368022 0.487592 2 0.365867 0.488050 2 0.369578 0.488883 2 0.364778 0.489696 2 0.370450 0.496156 2 0.367177 0.496897 2 0.366707 0.501639 1 0.363870 0.501895 1 0.364898 0.499664 1 0.364100 0.500033 1 0.374579 0.503968 1 0.372330 0.503968 1 0.367932 0.500569 1 0.367072 0.499720 1 0.369504 0.501422 1 0.368871 0.503968 1
0 0.495536 0.519180 0.031250 0.104497 0.491936 0.481444 2 0.493118 0.479316 2 0.490714 0.479288 2 0.495087 0.480197 2 0.489007 0.480433 2 0.498486 0.490506 2 0.487356 0.492132 2 0.502461 0.501787 2 0.484956 0.503714 2 0.504866 0.515909 2 0.485157 0.515667 2 0.499841 0.520110 2 0.491805 0.521569 2 0.505681 0.538308 2 0.490385 0.541355 2 0.510125 0.555399 2 0.494077 0.560499 2
0 0.458333 0.523148 0.019345 0.107143 0.457155 0.483067 2 0.458411 0.480963 2 0.456191 0.481233 2 0.461020 0.481727 2 0.455361 0.482383 1 0.463835 0.493027 2 0.454936 0.492927 2 0.465943 0.505929 2 0.454389 0.501822 2 0.460278 0.507018 2 0.459026 0.503244 2 0.462384 0.521545 2 0.456386 0.521658 2 0.462367 0.540080 2 0.457394 0.541800 2 0.462902 0.556950 2 0.458374 0.559644 2
0 0.425595 0.349206 0.014881 0.066138 0.429801 0.343171 2 0.430498 0.341716 2 0.429295 0.341901 2 0.432208 0.341900 2 0.429135 0.342496 1 0.434449 0.349445 2 0.428414 0.350102 2 0.435964 0.359696 2 0.427460 0.359189 2 0.435542 0.368264 2 0.426627 0.366202 2 0.433695 0.367691 2 0.429788 0.367971 2 0.433746 0.382170 2 0.430720 0.382589 2 0.434019 0.393373 2 0.431795 0.393513 2
0 0.521205 0.570106 0.020089 0.060847 0.522617 0.544682 2 0.523679 0.542867 2 0.521391 0.542941 2 0.525337 0.543851 2 0.519508 0.543816 2 0.528050 0.554946 2 0.517598 0.552874 2 0.531162 0.571717 2 0.514448 0.561528 2 0.527754 0.584082 2 0.515774 0.565802 2 0.526744 0.580194 2 0.519714 0.579581 2 0.527842 0.597935 2 0.519054 0.598289 2 0.528488 0.607910 2 0.519620 0.608145 1
0 0.522693 0.570767 0.031994 0.112434 0.500744 0.494711 1 0.500805 0.493364 1 0.500744 0.493302 1 0.501004 0.493027 1 0.500946 0.493124 1 0.501817 0.497351 2 0.501325 0.497557 1 0.503661 0.504113 2 0.503089 0.505116 1 0.505220 0.515925 2 0.504110 0.516652 1 0.503259 0.523023 2 0.502687 0.523432 2 0.505969 0.540334 2 0.504312 0.540889 2 0.509999 0.555745 2 0.508433 0.554929 2
0 0.579613 0.394841 0.016369 0.062169 0.580542 0.376838 2 0.581433 0.375331 2 0.579797 0.375249 2 0.582815 0.374784 2 0.578543 0.374580 2 0.584972 0.382127 2 0.576439 0.382747 2 0.586925 0.391595 2 0.575107 0.393647 2 0.585564 0.400194 2 0.578177 0.399989 2 0.583861 0.402459 2 0.578073 0.402798 2 0.584372 0.416619 2 0.577449 0.416658 2 0.584507 0.430792 2 0.577061 0.431421 2
0 0.422247 0.226190 0.012649 0.044974 0.422374 0.211505 1 0.422379 0.210762 1 0.422515 0.210710 1 0.422566 0.210340 2 0.423813 0.210113 2 0.423108 0.213574 2 0.424747 0.213258 2 0.423191 0.219324 2 0.426061 0.218753 2 0.422074 0.223941 2 0.425072 0.223104 1 0.423492 0.223446 2 0.424541 0.223175 2 0.423548 0.229406 2 0.423993 0.229276 2 0.423871 0.234256 2 0.424163 0.234432 2
0 0.401786 0.405423 0.019345 0.070106 0.401647 0.382120 2 0.402348 0.380186 2 0.400980 0.380769 2 0.404508 0.379506 2 0.401156 0.380888 1 0.406592 0.387277 2 0.402658 0.387829 2 0.408241 0.397864 2 0.402604 0.397783 1 0.405788 0.406935 2 0.401660 0.405888 1 0.405744 0.406841 2 0.403286 0.406486 2 0.404559 0.419336 2 0.403219 0.417681 2 0.405266 0.431155 2 0.404393 0.427608 2
0 0.390997 0.414683 0.014137 0.048942 0.393428 0.390210 1 0.393478 0.389000 1 0.393606 0.389034 1 0.393492 0.388821 2 0.395300 0.388630 2 0.393279 0.394555 2 0.397074 0.394062 2 0.393274 0.399993 2 0.398767 0.398694 2 0.392739 0.403435 2 0.395025 0.403414 1 0.394405 0.409988 2 0.396934 0.409713 2 0.394079 0.420564 2 0.395609 0.420829 2 0.394850 0.430570 2 0.395806 0.430571 2
0 0.333705 0.492725 0.014137 0.059524 0.329462 0.472606 1 0.329356 0.471356 1 0.329810 0.470875 1 0.329262 0.471665 2 0.332612 0.470169 2 0.329842 0.479634 2 0.334688 0.476128 2 0.329136 0.489061 2 0.337942 0.481532 2 0.328960 0.496837 2 0.337502 0.489070 2 0.332015 0.494924 2 0.335119 0.493266 2 0.332526 0.506178 2 0.334368 0.505073 2 0.332010 0.517130 2 0.334345 0.517172 2
