0 0.572731 0.282077 0.007812 0.029762 0.575573 0.273775 1 0.575338 0.273073 1 0.575507 0.273171 1 0.573878 0.272620 2 0.575130 0.273003 2 0.572477 0.275207 2 0.575138 0.275853 2 0.571930 0.279414 2 0.575408 0.280124 2 0.572684 0.281804 2 0.574714 0.281631 2 0.572255 0.283447 2 0.574173 0.283831 2 0.572223 0.290011 2 0.574253 0.290578 2 0.571981 0.295570 2 0.573869 0.295637 2
0 0.522693 0.543651 0.011905 0.048942 0.521841 0.537790 2 0.522305 0.536936 2 0.521433 0.536882 2 0.523164 0.535171 2 0.520756 0.534967 2 0.524423 0.537928 2 0.520302 0.535702 2 0.523562 0.546484 2 0.517765 0.538777 2 0.522303 0.550292 2 0.516578 0.543792 2 0.523630 0.548568 2 0.520489 0.547496 2 0.524772 0.555467 2 0.518580 0.554966 2 0.527211 0.561822 2 0.518658 0.563004 2
0 0.476004 0.503968 0.015253 0.044974 0.476039 0.502328 2 0.476441 0.501553 1 0.475638 0.501577 1 0.477210 0.500891 1 0.475227 0.500912 1 0.478096 0.502976 2 0.475028 0.501826 2 0.478199 0.507808 2 0.473366 0.504412 2 0.476694 0.510952 2 0.471554 0.506099 2 0.477569 0.510208 2 0.475430 0.509331 2 0.477490 0.514259 2 0.473456 0.512695 2 0.477479 0.519646 1 0.473523 0.517710 1
0 0.093936 0.637897 0.011533 0.045635 0.093851 0.625228 2 0.094110 0.624108 2 0.093254 0.624690 2 0.094720 0.623480 2 0.092454 0.624858 2 0.096616 0.626789 2 0.091193 0.628886 2 0.100321 0.627356 2 0.088720 0.631769 2 0.098502 0.632242 2 0.091078 0.635718 2 0.097436 0.640876 2 0.094291 0.642131 2 0.098372 0.650545 2 0.097170 0.651577 2 0.098659 0.660627 2 0.098457 0.659445 2
0 0.107515 0.673280 0.015625 0.048942 0.104293 0.657420 1 0.104213 0.656725 1 0.104431 0.656189 1 0.103405 0.657442 2 0.105853 0.656044 2 0.103231 0.663417 2 0.108227 0.660558 2 0.103522 0.670177 2 0.110699 0.665725 2 0.104432 0.673293 2 0.110919 0.670933 2 0.106015 0.674767 2 0.109469 0.673389 2 0.107720 0.682864 2 0.111203 0.680179 2 0.109047 0.689188 2 0.112224 0.688130 2
0 0.094308 0.584987 0.012277 0.040344 0.092227 0.569082 2 0.092778 0.568163 2 0.091978 0.568139 2 0.094167 0.567494 2 0.092095 0.567598 1 0.096773 0.569412 2 0.091244 0.571657 2 0.098826 0.574967 2 0.090148 0.577790 2 0.099135 0.580071 2 0.090493 0.583483 2 0.097780 0.581863 2 0.094067 0.583533 2 0.099770 0.587898 2 0.094947 0.592733 2 0.100066 0.592196 2 0.096817 0.600635 2
0 0.740699 0.771495 0.019345 0.050926 0.741825 0.755262 2 0.742196 0.754315 2 0.741641 0.754175 2 0.743635 0.754570 2 0.743012 0.754241 1 0.744357 0.759737 2 0.744122 0.759355 2 0.744469 0.767897 2 0.742984 0.765741 2 0.743491 0.774513 2 0.740892 0.770996 2 0.742873 0.772322 2 0.743558 0.772069 2 0.739740 0.778919 2 0.744472 0.780941 2 0.737230 0.786681 2 0.745521 0.789459 2
0 0.785156 0.728175 0.012277 0.038360 0.783225 0.719306 2 0.783707 0.718504 2 0.783080 0.718563 1 0.785166 0.718956 2 0.783486 0.718949 1 0.787326 0.723070 2 0.782576 0.721530 2 0.789234 0.727192 2 0.779615 0.720665 2 0.786205 0.731355 2 0.781434 0.717823 2 0.785028 0.734195 2 0.782044 0.733051 2 0.783770 0.741853 2 0.780471 0.740496 2 0.782084 0.749683 2 0.780260 0.748600 2
0 0.788876 0.749008 0.013765 0.049603 0.783335 0.720311 2 0.783785 0.719421 2 0.783168 0.719470 1 0.785174 0.719257 2 0.783459 0.719339 1 0.787151 0.723352 2 0.782476 0.721617 2 0.788827 0.728251 2 0.780019 0.720910 2 0.785802 0.732304 2 0.781992 0.718282 2 0.784776 0.735036 2 0.781816 0.733902 2 0.783462 0.744273 2 0.780743 0.742343 2 0.783183 0.753753 2 0.781900 0.750784 2
0 0.861979 0.562831 0.010417 0.044974 0.862703 0.551749 2 0.863199 0.550929 2 0.862390 0.550730 2 0.863778 0.550494 2 0.861740 0.549869 2 0.864511 0.554167 2 0.860240 0.552800 2 0.865008 0.560957 2 0.857772 0.557629 2 0.864308 0.566872 2 0.856651 0.562088 2 0.862095 0.563493 2 0.859376 0.562515 2 0.859749 0.569560 2 0.856946 0.568073 2 0.858412 0.576180 2 0.856214 0.575066 2
0 0.852679 0.561508 0.015625 0.054233 0.854410 0.543040 1 0.854329 0.542135 1 0.854745 0.542469 1 0.853223 0.542265 2 0.855803 0.543113 2 0.851148 0.546349 2 0.855971 0.548591 2 0.848436 0.551474 2 0.855828 0.555329 2 0.846634 0.556179 2 0.855486 0.560991 2 0.849895 0.558040 2 0.852937 0.559123 2 0.849401 0.563443 2 0.851746 0.566743 2 0.848708 0.570876 2 0.849886 0.574944 2
0 0.273065 0.792659 0.013393 0.048280 0.272650 0.776054 1 0.272397 0.775380 1 0.272750 0.775035 1 0.270804 0.776423 2 0.273312 0.775684 2 0.270322 0.781971 2 0.274828 0.780998 2 0.269396 0.790082 2 0.276542 0.786014 2 0.268447 0.796620 2 0.277977 0.788440 2 0.272068 0.792700 2 0.275076 0.792564 2 0.273502 0.801118 2 0.276349 0.802097 2 0.274500 0.807663 2 0.277061 0.812038 2
0 0.278274 0.771164 0.014881 0.055556 0.272456 0.776204 1 0.272266 0.775344 1 0.272603 0.775086 1 0.270877 0.776197 2 0.273459 0.775546 2 0.270194 0.782297 2 0.274829 0.780724 2 0.269319 0.790101 2 0.276592 0.785734 2 0.268567 0.796958 2 0.277660 0.789118 2 0.272213 0.792824 2 0.275268 0.792307 2 0.273710 0.802291 2 0.276230 0.801282 2 0.275304 0.808172 2 0.277165 0.808131 2
0 0.300037 0.641534 0.012277 0.039683 0.297969 0.626101 2 0.298042 0.625080 1 0.297724 0.625428 1 0.298878 0.623685 2 0.298209 0.624541 1 0.302276 0.626947 2 0.298104 0.627458 2 0.305253 0.632569 2 0.297958 0.633864 2 0.305753 0.639987 2 0.297579 0.640687 2 0.301823 0.641526 2 0.299012 0.641185 2 0.300756 0.651215 2 0.297866 0.649351 2 0.302721 0.658626 2 0.300585 0.655864 2
0 0.293155 0.634590 0.009673 0.041667 0.291074 0.643936 2 0.291536 0.642828 2 0.290504 0.642975 2 0.292230 0.641640 2 0.289518 0.642147 2 0.293075 0.643635 2 0.288125 0.645340 2 0.294949 0.649183 2 0.288021 0.652723 2 0.293539 0.654336 2 0.290215 0.657772 2 0.292220 0.654860 2 0.288694 0.655845 2 0.295424 0.658074 2 0.288921 0.660246 2 0.294336 0.662218 1 0.288955 0.663112 1
0 0.213914 0.603505 0.013393 0.048280 0.211677 0.588622 1 0.211745 0.588038 1 0.212045 0.587658 1 0.212091 0.588351 2 0.214122 0.587135 2 0.212089 0.594111 2 0.215951 0.590440 2 0.210879 0.599222 2 0.216685 0.592370 2 0.209662 0.598857 2 0.214140 0.592656 1 0.214270 0.603855 2 0.216324 0.601929 2 0.215323 0.612057 2 0.214843 0.608367 2 0.218994 0.619214 2 0.213614 0.614680 2
0 0.321429 0.774471 0.020089 0.044974 0.322092 0.756995 1 0.322099 0.756274 1 0.322278 0.756350 1 0.321733 0.757195 2 0.324299 0.756845 2 0.320356 0.762412 2 0.326042 0.760311 2 0.318391 0.761878 2 0.328545 0.759873 2 0.319906 0.758805 2 0.328671 0.756788 2 0.321900 0.778212 2 0.325955 0.776891 2 0.320533 0.772961 2 0.327560 0.767444 2 0.318863 0.786496 2 0.326610 0.776779 2
0 0.599330 0.851852 0.015625 0.050265 0.602833 0.835750 1 0.602410 0.834593 1 0.602899 0.834839 1 0.599988 0.834508 2 0.603025 0.835555 2 0.597601 0.838926 2 0.603269 0.841958 2 0.595860 0.842498 2 0.606313 0.849170 2 0.597476 0.842482 1 0.608600 0.850252 2 0.597222 0.854675 2 0.600687 0.856025 2 0.597059 0.864000 2 0.599314 0.867269 2 0.596520 0.873918 2 0.598174 0.877544 2
0 0.447359 0.436508 0.009301 0.037037 0.448764 0.425847 2 0.449165 0.425247 2 0.448493 0.425133 2 0.449715 0.424549 2 0.448018 0.424211 2 0.450467 0.426746 2 0.447155 0.425822 2 0.451299 0.431935 2 0.446186 0.430431 2 0.449472 0.431657 2 0.445894 0.434750 2 0.449213 0.436880 2 0.446947 0.436321 2 0.449031 0.444130 2 0.446355 0.443435 2 0.448942 0.451408 2 0.446073 0.450717 2
0 0.456473 0.380291 0.010417 0.039683 0.457088 0.369053 1 0.456813 0.368395 1 0.457012 0.368428 1 0.455312 0.368547 1 0.456786 0.368745 2 0.454527 0.371774 2 0.457055 0.371872 2 0.453824 0.376268 2 0.457928 0.375422 2 0.453727 0.380507 1 0.458277 0.377273 1 0.454823 0.380814 2 0.456560 0.380929 2 0.454682 0.387418 2 0.456748 0.387590 2 0.453755 0.393297 2 0.456169 0.393657 2
