0 0.179688 0.769841 0.029018 0.100529 0.170805 0.699910 1 0.170627 0.699735 1 0.169533 0.699735 1 0.169129 0.699735 1 0.166188 0.699735 1 0.170112 0.703772 2 0.163426 0.708973 2 0.172004 0.715701 1 0.163595 0.729957 2 0.174067 0.723618 1 0.168164 0.746368 2 0.172830 0.738222 2 0.168191 0.741520 2 0.173561 0.766224 2 0.169584 0.770550 2 0.172444 0.792442 2 0.168314 0.796093 2
0 0.166295 0.746032 0.020089 0.132275 0.172585 0.698629 2 0.172323 0.696079 1 0.171774 0.696185 2 0.169774 0.695824 1 0.168608 0.696267 2 0.170438 0.706255 2 0.163849 0.709242 2 0.172988 0.720790 1 0.163345 0.728740 2 0.175008 0.732992 1 0.167042 0.743420 2 0.172492 0.739528 2 0.168152 0.741750 2 0.173114 0.767387 2 0.169848 0.769157 2 0.170222 0.793718 2 0.169291 0.794755 2
0 0.206473 0.742063 0.020089 0.092593 0.202780 0.720286 2 0.202665 0.718283 2 0.202406 0.718618 1 0.204739 0.713888 2 0.204571 0.714838 1 0.209556 0.718179 2 0.208108 0.716091 2 0.211041 0.731360 2 0.207934 0.724323 1 0.206544 0.729237 2 0.205290 0.723372 1 0.210236 0.737715 2 0.209416 0.735724 2 0.206696 0.756629 2 0.205835 0.753943 2 0.211992 0.776592 2 0.210602 0.772361 2
0 0.268229 0.579365 0.015625 0.063492 0.264890 0.542596 2 0.265981 0.541414 2 0.264174 0.540987 2 0.267435 0.542464 2 0.263012 0.541439 2 0.268760 0.550252 2 0.260549 0.549456 2 0.271478 0.554871 1 0.257440 0.553394 1 0.271987 0.559389 1 0.259188 0.555201 1 0.267778 0.570512 2 0.262583 0.570633 2 0.267818 0.585754 2 0.263599 0.586626 2 0.268549 0.600052 2 0.264279 0.601652 2
0 0.296503 0.710317 0.042411 0.089947 0.297543 0.685822 2 0.298509 0.682687 2 0.296460 0.682677 2 0.302289 0.680607 2 0.298226 0.680265 1 0.302817 0.692717 2 0.304283 0.688793 2 0.292515 0.702314 2 0.295009 0.698410 2 0.284455 0.707451 2 0.285584 0.706816 2 0.308286 0.728663 2 0.309796 0.724532 2 0.290876 0.711905 2 0.296806 0.700662 2 0.292005 0.743767 2 0.297238 0.728442 2
0 0.466890 0.439815 0.018601 0.091270 0.465274 0.405157 1 0.465294 0.403617 1 0.465832 0.403325 1 0.464464 0.404438 2 0.469115 0.403531 2 0.463370 0.413542 2 0.471773 0.412860 2 0.462321 0.427337 2 0.474584 0.425214 2 0.462437 0.437768 2 0.474014 0.435460 2 0.465272 0.437425 2 0.470804 0.437256 2 0.466310 0.454536 2 0.470283 0.456073 2 0.466704 0.471561 2 0.468991 0.475887 2
0 0.296503 0.646164 0.030506 0.059524 0.295191 0.628516 2 0.296338 0.626129 2 0.294307 0.626496 2 0.299091 0.625984 2 0.295099 0.626436 1 0.300256 0.632645 2 0.299997 0.631736 2 0.291991 0.639986 2 0.294727 0.637028 1 0.287494 0.642980 2 0.289434 0.640736 1 0.307559 0.656267 2 0.307144 0.654648 2 0.294512 0.646392 2 0.295012 0.642320 2 0.298791 0.662808 2 0.300416 0.661243 2
0 0.303199 0.621693 0.024554 0.055556 0.295274 0.627910 2 0.296574 0.625507 2 0.294330 0.625921 2 0.299625 0.625323 2 0.294803 0.625933 1 0.300847 0.632315 2 0.298778 0.632035 2 0.292945 0.640889 2 0.293239 0.639447 2 0.288829 0.641327 2 0.289463 0.642206 2 0.307510 0.652308 2 0.305880 0.650942 2 0.293207 0.648896 2 0.293171 0.645716 1 0.294858 0.657940 2 0.295715 0.657330 1
0 0.313988 0.605159 0.031250 0.059524 0.294887 0.628026 2 0.296206 0.625709 2 0.294105 0.626333 2 0.299338 0.626078 2 0.295309 0.626924 1 0.300021 0.632765 2 0.301702 0.632496 2 0.293738 0.638717 1 0.297775 0.637594 1 0.293218 0.637062 1 0.293967 0.638652 1 0.307148 0.646205 1 0.307933 0.646205 1 0.294743 0.645099 1 0.295886 0.640660 1 0.298214 0.646205 1 0.297796 0.646205 1
0 0.469866 0.423280 0.018601 0.076720 0.465739 0.405254 1 0.465721 0.403723 1 0.466296 0.403604 1 0.464865 0.404695 2 0.469380 0.404166 2 0.463558 0.414097 2 0.471872 0.413659 2 0.462410 0.427101 2 0.474569 0.425218 2 0.463187 0.437259 2 0.473781 0.435535 2 0.465407 0.437597 2 0.470871 0.437555 2 0.466213 0.454738 2 0.469945 0.456211 2 0.466997 0.470374 2 0.468723 0.473659 2
0 0.393601 0.948413 0.056548 0.097884 0.383861 0.929828 2 0.386864 0.926378 2 0.382321 0.924049 2 0.393027 0.923946 2 0.381407 0.919004 1 0.401843 0.934717 2 0.379056 0.934235 2 0.410393 0.968657 2 0.374219 0.969093 2 0.411476 0.999767 2 0.372119 0.996711 2 0.402928 0.994908 2 0.387972 0.994839 2 0.403150 0.997929 1 0.380231 1.000000 1 0.402832 0.994023 1 0.386437 1.000000 1
0 0.326637 0.937169 0.035714 0.120370 0.323144 0.909518 2 0.325353 0.904728 2 0.321209 0.905134 2 0.331827 0.901288 2 0.320582 0.902482 1 0.339275 0.921610 2 0.319832 0.921437 2 0.342682 0.948392 2 0.316389 0.944155 2 0.334689 0.963208 2 0.320011 0.959094 2 0.336835 0.978822 2 0.324050 0.977948 2 0.334797 0.998235 1 0.324467 0.998436 1 0.335171 0.993761 1 0.325620 0.994749 1
0 0.328869 0.944444 0.023810 0.074074 0.322503 0.908850 2 0.324676 0.904453 2 0.320933 0.904861 2 0.330789 0.902191 2 0.320537 0.903161 1 0.337109 0.919264 2 0.320257 0.919833 2 0.341874 0.945439 2 0.317605 0.944974 2 0.334724 0.963025 2 0.319676 0.956538 2 0.335801 0.965570 2 0.324981 0.964857 2 0.337418 0.969288 2 0.324108 0.966627 2 0.336557 0.993112 1 0.326674 0.990182 1
0 0.406250 0.402116 0.016369 0.074074 0.408124 0.376823 1 0.407649 0.375302 1 0.408193 0.375269 1 0.404642 0.375659 2 0.408913 0.375954 2 0.402188 0.384191 2 0.410095 0.384889 2 0.400897 0.396168 2 0.411175 0.396776 2 0.403307 0.400893 2 0.409010 0.399973 2 0.403634 0.404614 2 0.409134 0.405043 2 0.404916 0.419761 2 0.409293 0.420574 2 0.404818 0.433669 2 0.407822 0.434633 2
0 0.387277 0.500661 0.026042 0.083333 0.383628 0.472362 2 0.384475 0.470214 2 0.382672 0.470774 2 0.387244 0.468827 2 0.382482 0.470331 1 0.391610 0.478604 2 0.381752 0.479458 2 0.393714 0.495789 2 0.379826 0.494806 2 0.394849 0.511278 2 0.379025 0.509111 2 0.389985 0.508904 2 0.383465 0.509084 2 0.390305 0.530891 2 0.383980 0.531658 2 0.391039 0.550067 2 0.383728 0.550621 2
0 0.422991 0.389550 0.015625 0.072751 0.420032 0.370268 2 0.419924 0.368668 2 0.420155 0.368504 1 0.421249 0.366562 2 0.423114 0.366175 1 0.423710 0.372643 2 0.426425 0.371702 2 0.423569 0.384621 2 0.427835 0.383428 1 0.423069 0.393823 2 0.425904 0.392029 1 0.425353 0.395464 2 0.427025 0.394710 2 0.426152 0.412211 2 0.425661 0.410878 2 0.428379 0.426977 2 0.426856 0.426270 2
0 0.469494 0.361111 0.019345 0.071429 0.469036 0.337134 2 0.469961 0.335552 2 0.468262 0.335548 2 0.471335 0.335490 2 0.467349 0.335432 2 0.473288 0.343306 2 0.465712 0.342331 2 0.475213 0.354282 2 0.464131 0.351981 2 0.474613 0.363603 2 0.463642 0.361958 2 0.470820 0.366099 2 0.465870 0.365336 2 0.470649 0.382290 2 0.465434 0.380187 2 0.470175 0.394944 2 0.467285 0.391946 2
0 0.518973 0.353175 0.020089 0.074074 0.520272 0.328088 2 0.521206 0.326941 2 0.519473 0.326822 2 0.522648 0.327807 2 0.518326 0.327503 2 0.524350 0.335129 2 0.516802 0.334953 2 0.526207 0.343068 2 0.514671 0.342192 2 0.526699 0.351964 2 0.516067 0.350882 2 0.523179 0.353538 2 0.518239 0.353634 2 0.522693 0.364959 2 0.518285 0.365769 2 0.522582 0.372346 2 0.517777 0.374719 2
0 0.426339 0.248016 0.011905 0.046296 0.427344 0.233482 2 0.427705 0.232584 2 0.426879 0.232720 2 0.428299 0.232050 2 0.426344 0.232362 2 0.429659 0.235495 2 0.425960 0.235658 2 0.431585 0.241533 2 0.424615 0.240901 2 0.430820 0.247105 2 0.425064 0.245391 2 0.429042 0.247878 2 0.426763 0.247892 2 0.428859 0.255758 2 0.426924 0.256033 2 0.429033 0.263119 2 0.427130 0.263732 2
0 0.345982 0.533730 0.022321 0.091270 0.343767 0.500878 2 0.344885 0.498026 2 0.342298 0.499262 2 0.347364 0.497254 2 0.341219 0.500246 2 0.350804 0.507679 2 0.340539 0.509133 2 0.354653 0.519088 2 0.339351 0.521767 2 0.355651 0.531840 2 0.338754 0.535060 2 0.349766 0.534069 2 0.343277 0.534035 2 0.348790 0.552514 2 0.342582 0.549423 2 0.349224 0.566859 2 0.347131 0.557341 2
0 0.324405 0.564153 0.019345 0.072751 0.322866 0.541487 2 0.323898 0.540126 2 0.322468 0.540053 2 0.326282 0.540869 2 0.322371 0.540695 1 0.328075 0.548141 2 0.321183 0.548358 2 0.330989 0.556521 2 0.319262 0.557140 2 0.331692 0.565424 2 0.319633 0.567064 2 0.327591 0.567773 2 0.322926 0.568015 2 0.328427 0.581383 2 0.322223 0.581867 2 0.328931 0.591843 2 0.321356 0.592276 2
0 0.326637 0.542328 0.014881 0.068783 0.323470 0.541304 2 0.324436 0.539967 2 0.322971 0.539880 2 0.326484 0.540142 2 0.322799 0.539941 1 0.328511 0.547125 2 0.321461 0.547240 2 0.331290 0.556329 2 0.319547 0.556564 2 0.331694 0.565904 2 0.319704 0.567257 2 0.327767 0.568351 2 0.323043 0.568480 2 0.327903 0.583790 2 0.322514 0.584157 2 0.328504 0.588637 1 0.322246 0.588920 1
0 0.309524 0.507275 0.020833 0.085979 0.310018 0.478945 1 0.310023 0.477482 1 0.310351 0.477457 1 0.308586 0.478788 2 0.312983 0.478556 2 0.307202 0.488096 2 0.314717 0.487509 2 0.305355 0.497736 2 0.316354 0.493458 2 0.306997 0.499922 1 0.313435 0.491059 1 0.308714 0.508103 2 0.313959 0.508085 2 0.308091 0.522997 2 0.313401 0.524622 2 0.307163 0.538692 2 0.313217 0.541086 2
0 0.258185 0.621693 0.020833 0.084656 0.254904 0.590756 1 0.255157 0.589251 1 0.255809 0.589257 1 0.256107 0.591297 2 0.260463 0.590779 2 0.254971 0.601233 2 0.261783 0.600269 2 0.252560 0.607089 2 0.263333 0.609099 2 0.253027 0.599843 2 0.264944 0.612037 2 0.257638 0.622057 2 0.262198 0.621660 2 0.258310 0.636595 2 0.263592 0.635954 2 0.257928 0.652754 2 0.264034 0.649846 2
0 0.261161 0.574735 0.022321 0.085979 0.254241 0.589270 1 0.254781 0.588157 1 0.255406 0.588006 1 0.256662 0.590547 2 0.260036 0.589752 1 0.255637 0.600025 2 0.261292 0.598675 2 0.252795 0.606307 2 0.263265 0.606796 2 0.253533 0.599262 2 0.265520 0.612871 2 0.258234 0.619318 2 0.261682 0.618746 2 0.259034 0.630164 2 0.262316 0.629851 2 0.259908 0.634342 1 0.262456 0.633412 1
0 0.271949 0.511905 0.024554 0.074074 0.266230 0.488688 1 0.266066 0.487401 1 0.266401 0.485978 1 0.266479 0.486324 2 0.270432 0.482494 2 0.267882 0.493167 2 0.275145 0.486263 2 0.269632 0.506155 2 0.280260 0.493228 2 0.271639 0.516063 2 0.280945 0.505107 2 0.274457 0.511284 2 0.279589 0.508389 2 0.274032 0.528753 2 0.279548 0.525288 2 0.274309 0.546076 2 0.280885 0.543845 2
0 0.285714 0.496032 0.020833 0.097884 0.284618 0.459857 2 0.284652 0.457512 2 0.284197 0.458327 1 0.286347 0.455124 2 0.286044 0.457160 1 0.289995 0.459976 2 0.288990 0.461728 2 0.288165 0.460177 2 0.287790 0.463199 1 0.284305 0.455846 2 0.284846 0.458389 1 0.291956 0.482656 2 0.291032 0.482836 2 0.292653 0.504169 2 0.291307 0.503283 2 0.293104 0.524209 2 0.292467 0.523049 2
