0 0.099330 0.838624 0.029018 0.113757 0.097385 0.785371 2 0.098899 0.782971 2 0.096642 0.782663 2 0.102438 0.783027 2 0.097462 0.782089 1 0.102786 0.795967 2 0.101165 0.792176 2 0.105496 0.813940 2 0.102580 0.802013 1 0.103351 0.820091 2 0.099896 0.806167 1 0.105676 0.824229 2 0.104964 0.822886 2 0.106326 0.841623 2 0.106805 0.840352 2 0.110124 0.859976 2 0.109118 0.856429 2
0 0.116815 0.746693 0.043155 0.149471 0.117497 0.685190 2 0.117581 0.681843 2 0.118378 0.681377 1 0.118800 0.680079 2 0.124669 0.678442 1 0.119531 0.696972 2 0.128923 0.691576 2 0.112427 0.721627 2 0.123037 0.708124 2 0.102434 0.725789 2 0.111254 0.715240 2 0.123811 0.739130 2 0.129949 0.736769 2 0.126295 0.771168 2 0.128624 0.769137 2 0.132590 0.799079 2 0.131237 0.797530 2
0 0.382068 0.417989 0.027530 0.055556 0.382510 0.379630 1 0.383018 0.379630 1 0.381955 0.379630 1 0.384141 0.379630 1 0.381834 0.379630 1 0.385271 0.383676 2 0.381387 0.383594 2 0.384516 0.390384 2 0.378320 0.389218 2 0.382627 0.389674 2 0.381099 0.389788 2 0.384708 0.403370 2 0.382157 0.402944 2 0.380451 0.417434 2 0.380298 0.417248 2 0.376847 0.432402 2 0.377235 0.432442 2
0 0.653274 0.774471 0.047619 0.202381 0.656849 0.699389 2 0.658940 0.695767 2 0.654831 0.695606 2 0.661236 0.696589 2 0.651201 0.695895 2 0.667596 0.715603 2 0.646263 0.715957 2 0.671013 0.744143 2 0.637853 0.737905 2 0.672430 0.769607 2 0.636264 0.762102 2 0.661263 0.771670 2 0.648010 0.772059 2 0.657289 0.807445 2 0.648708 0.812698 2 0.652438 0.833062 2 0.651098 0.850785 2
0 0.255208 0.461640 0.026786 0.089947 0.254920 0.451049 2 0.255131 0.450023 2 0.255288 0.449516 1 0.256829 0.449054 2 0.257547 0.447569 1 0.261089 0.450882 2 0.260482 0.450356 2 0.261862 0.449605 2 0.258538 0.454462 2 0.257716 0.449753 2 0.256065 0.455615 2 0.267699 0.468234 2 0.265899 0.466927 2 0.269091 0.480128 2 0.260296 0.473894 2 0.272452 0.489471 2 0.255827 0.488145 2
0 0.261161 0.470899 0.017857 0.060847 0.258789 0.444477 1 0.258997 0.442461 1 0.258020 0.442486 1 0.260670 0.439229 1 0.259728 0.439178 1 0.262653 0.442343 2 0.262301 0.441615 2 0.257869 0.449255 2 0.257629 0.447496 2 0.256450 0.454870 2 0.254506 0.453202 2 0.266377 0.461365 2 0.267096 0.460734 2 0.261160 0.473607 2 0.267945 0.473354 2 0.257023 0.487068 2 0.269210 0.488629 2
0 0.282366 0.449074 0.021577 0.067460 0.276791 0.424065 2 0.277411 0.422384 2 0.276859 0.422330 1 0.279747 0.422041 2 0.278966 0.421621 1 0.281142 0.426992 2 0.282398 0.426725 2 0.279731 0.438918 2 0.282704 0.439485 2 0.276291 0.445989 2 0.280479 0.446142 2 0.288417 0.440106 2 0.288888 0.439914 2 0.286688 0.455272 2 0.285360 0.453427 2 0.290023 0.468747 2 0.287140 0.466656 2
0 0.274926 0.417989 0.020089 0.079365 0.267747 0.388250 2 0.268073 0.385887 2 0.267969 0.385635 1 0.270588 0.385559 2 0.272515 0.384638 1 0.271423 0.397704 2 0.279844 0.395830 2 0.269651 0.412477 2 0.283601 0.410026 2 0.268460 0.420847 2 0.283341 0.421892 2 0.274499 0.426311 2 0.280074 0.424871 2 0.275075 0.448072 2 0.279527 0.446093 2 0.276952 0.467818 1 0.278954 0.468967 1
0 0.603051 0.353836 0.023065 0.067460 0.602552 0.326106 2 0.603577 0.323683 2 0.601313 0.323744 2 0.605104 0.324849 2 0.599813 0.325164 2 0.607313 0.335017 2 0.597276 0.335556 2 0.611285 0.345335 2 0.596049 0.348887 2 0.613288 0.350081 2 0.598605 0.351419 2 0.606325 0.357734 2 0.599350 0.357902 2 0.609284 0.370023 2 0.593574 0.368748 2 0.608485 0.386086 2 0.599375 0.380921 2
0 0.380208 0.397487 0.011905 0.054233 0.385816 0.394332 1 0.386023 0.393027 1 0.386030 0.393269 1 0.386794 0.393834 1 0.387662 0.394030 1 0.387053 0.400262 2 0.388044 0.400366 1 0.384598 0.409840 2 0.385025 0.409490 1 0.382082 0.415701 2 0.382428 0.415015 1 0.386755 0.413812 2 0.387447 0.413183 2 0.380582 0.419443 2 0.381151 0.419370 2 0.376176 0.432285 2 0.376776 0.432561 2
0 0.574033 0.399471 0.023065 0.108466 0.576687 0.351353 2 0.577474 0.349252 2 0.575367 0.349698 2 0.578520 0.350171 2 0.573128 0.350870 2 0.580107 0.362612 2 0.570006 0.361491 2 0.581740 0.374982 2 0.565311 0.372837 2 0.582239 0.386189 2 0.567467 0.382095 2 0.578279 0.391958 2 0.571561 0.391360 2 0.577731 0.414039 2 0.570035 0.411060 2 0.576834 0.432386 2 0.568518 0.425591 2
0 0.539807 0.239418 0.012649 0.042328 0.541038 0.228122 2 0.541726 0.226754 2 0.540283 0.226913 2 0.542876 0.226881 2 0.539377 0.227245 2 0.544297 0.234481 2 0.538064 0.234887 2 0.545379 0.243542 2 0.537011 0.244716 2 0.546298 0.250409 2 0.537349 0.253429 2 0.543229 0.253301 2 0.539128 0.253516 2 0.542708 0.265043 2 0.539449 0.265490 2 0.542518 0.265371 1 0.539491 0.265334 1
