0 0.220238 0.682540 0.020833 0.089947 0.217188 0.648390 1 0.217121 0.646855 1 0.217966 0.646574 1 0.215715 0.649287 2 0.221573 0.648033 2 0.214564 0.661655 2 0.224379 0.658538 2 0.213544 0.672039 2 0.227906 0.665881 2 0.213326 0.671439 1 0.227321 0.666092 1 0.218304 0.685418 2 0.224719 0.684035 2 0.219925 0.700611 2 0.224932 0.697120 2 0.222698 0.716132 2 0.226284 0.712926 2
0 0.207589 0.664021 0.019345 0.113757 0.209498 0.622424 2 0.209523 0.620063 1 0.208816 0.620082 2 0.207944 0.619471 1 0.206294 0.619511 2 0.208344 0.629358 2 0.203082 0.631596 2 0.211018 0.643469 1 0.203894 0.650016 2 0.212950 0.654088 1 0.207359 0.662328 2 0.209699 0.657816 2 0.206280 0.659478 2 0.210599 0.680948 2 0.207618 0.681822 2 0.208900 0.705214 2 0.207413 0.705888 2
0 0.240699 0.666005 0.018601 0.083333 0.236640 0.638529 2 0.236964 0.636895 2 0.236653 0.636825 1 0.239046 0.635757 2 0.238565 0.635736 1 0.241129 0.643290 2 0.239810 0.641546 2 0.241135 0.655091 2 0.239048 0.650837 1 0.236403 0.657405 2 0.235535 0.655983 1 0.240567 0.663779 2 0.239764 0.662664 2 0.241761 0.678191 2 0.240330 0.676997 2 0.244356 0.694134 2 0.243014 0.691015 2
0 0.265625 0.541005 0.014881 0.058201 0.266815 0.519227 2 0.266355 0.518048 1 0.266225 0.518124 2 0.264659 0.519000 1 0.264430 0.519358 2 0.264153 0.526190 2 0.264703 0.526919 2 0.266063 0.533778 1 0.265951 0.535726 2 0.267689 0.538320 1 0.267940 0.540381 2 0.264969 0.542761 2 0.265508 0.543203 2 0.265815 0.552347 2 0.266423 0.552369 2 0.263257 0.563081 2 0.263691 0.563264 2
0 0.320685 0.631614 0.035714 0.078042 0.320837 0.609393 2 0.321863 0.606951 2 0.320136 0.606650 2 0.325122 0.606053 2 0.321955 0.604974 1 0.324786 0.615905 2 0.327626 0.612302 2 0.316229 0.624088 2 0.320370 0.619483 2 0.308345 0.629321 2 0.310404 0.628643 2 0.330387 0.647368 2 0.332702 0.643912 2 0.314680 0.633558 2 0.320388 0.625290 2 0.315864 0.659452 2 0.320798 0.649079 2
0 0.457589 0.425265 0.019345 0.085979 0.455705 0.392142 1 0.455526 0.390572 1 0.456074 0.390673 1 0.453696 0.391807 2 0.458145 0.391807 2 0.451692 0.401296 2 0.459744 0.401624 2 0.449848 0.413104 2 0.462265 0.413550 2 0.449298 0.422155 2 0.462173 0.422127 2 0.453567 0.423038 2 0.458662 0.423526 2 0.455297 0.439639 2 0.458899 0.441013 2 0.455201 0.456191 2 0.456874 0.457696 2
0 0.316592 0.582011 0.026042 0.050265 0.313601 0.568223 2 0.314578 0.566439 2 0.313126 0.566909 2 0.317100 0.566438 2 0.314100 0.567454 1 0.317487 0.571261 2 0.316426 0.573543 2 0.310156 0.576854 2 0.312820 0.582147 2 0.306538 0.577948 2 0.309026 0.581489 2 0.323520 0.590963 2 0.322448 0.591280 2 0.314110 0.581816 2 0.313290 0.580824 2 0.317339 0.597038 2 0.317600 0.595742 2
0 0.323661 0.566799 0.020833 0.051587 0.314239 0.566773 2 0.315447 0.564988 2 0.313389 0.565291 2 0.317902 0.566123 2 0.313661 0.566568 1 0.318243 0.572654 2 0.317536 0.574345 2 0.312860 0.579969 2 0.315189 0.586569 2 0.313104 0.570694 2 0.312641 0.588337 1 0.324347 0.595719 2 0.323527 0.595660 2 0.313870 0.593650 1 0.314391 0.590916 1 0.318650 0.597660 1 0.317075 0.596951 1
0 0.462426 0.410053 0.018601 0.076720 0.456560 0.391521 1 0.456247 0.390134 1 0.456891 0.390166 1 0.453978 0.391406 2 0.458506 0.391587 2 0.452104 0.400487 2 0.459645 0.401229 2 0.450071 0.411625 2 0.461688 0.412616 2 0.449978 0.420458 1 0.462423 0.420170 2 0.454002 0.423021 2 0.458842 0.423569 2 0.455787 0.440439 2 0.459014 0.441730 2 0.455775 0.457157 2 0.457018 0.459151 2
0 0.440476 0.740741 0.053571 0.145503 0.429222 0.690948 2 0.431103 0.687915 2 0.427517 0.687932 2 0.434496 0.688656 2 0.425104 0.689089 2 0.439613 0.703438 2 0.422587 0.705880 2 0.445715 0.722939 2 0.418936 0.726507 2 0.449434 0.746267 2 0.419207 0.743743 2 0.441158 0.746996 2 0.428381 0.748936 2 0.452197 0.774022 2 0.425909 0.776930 2 0.460133 0.799797 2 0.427866 0.805512 2
0 0.392113 0.726190 0.017857 0.068783 0.387130 0.689199 2 0.388670 0.685924 2 0.385495 0.686728 2 0.392000 0.685823 2 0.383902 0.687681 2 0.396797 0.701166 2 0.382785 0.702799 2 0.401497 0.718541 2 0.381687 0.720306 2 0.398599 0.726216 2 0.389071 0.726982 2 0.394969 0.740696 2 0.385824 0.741061 2 0.393950 0.764069 2 0.386367 0.764023 2 0.392877 0.769046 1 0.386853 0.768750 1
0 0.397693 0.381614 0.014137 0.075397 0.390020 0.420021 2 0.390675 0.418405 2 0.389479 0.418581 2 0.392461 0.418396 2 0.389077 0.418813 1 0.395453 0.425836 2 0.388393 0.425787 2 0.396430 0.433738 1 0.388393 0.433734 1 0.394600 0.433738 1 0.389533 0.432927 1 0.393355 0.433738 1 0.388663 0.433738 1 0.394738 0.433137 1 0.389971 0.432718 1 0.392552 0.433738 1 0.391350 0.433738 1
0 0.553943 0.773810 0.033482 0.148148 0.552032 0.717747 2 0.554353 0.715369 2 0.550760 0.714276 2 0.558029 0.714510 2 0.548713 0.712047 2 0.563085 0.725487 2 0.545526 0.724348 2 0.565407 0.746792 2 0.540661 0.745775 2 0.566345 0.770623 2 0.539125 0.767392 2 0.559299 0.766483 2 0.546921 0.765388 2 0.560280 0.793822 2 0.541699 0.791284 2 0.560815 0.814728 2 0.540583 0.820364 2
0 0.392113 0.448413 0.019345 0.084656 0.390587 0.419660 2 0.391354 0.418066 2 0.389719 0.418200 2 0.392531 0.418256 2 0.388742 0.418574 2 0.395166 0.426703 2 0.387014 0.426624 2 0.396683 0.440255 2 0.384953 0.439155 2 0.397502 0.452994 2 0.384276 0.451915 2 0.393523 0.451068 2 0.388435 0.450973 2 0.392487 0.469522 2 0.389028 0.469559 2 0.391700 0.486230 2 0.390274 0.486662 2
0 0.422991 0.364418 0.015625 0.072751 0.419008 0.342947 2 0.419211 0.341587 2 0.418769 0.341759 1 0.420284 0.340433 2 0.419728 0.340922 1 0.422918 0.345357 2 0.421136 0.345797 2 0.425214 0.354065 2 0.421312 0.353143 2 0.423626 0.363499 2 0.419376 0.356312 2 0.423465 0.364462 2 0.422433 0.364386 2 0.423936 0.378400 2 0.422841 0.377804 2 0.425305 0.390116 2 0.424465 0.389655 2
0 0.414435 0.242725 0.013393 0.046296 0.414566 0.226100 2 0.414863 0.225227 2 0.414131 0.225419 2 0.415419 0.225080 2 0.413664 0.225558 2 0.416721 0.228977 2 0.413437 0.229471 2 0.418336 0.234155 2 0.412578 0.234358 2 0.418058 0.238875 2 0.413135 0.238182 2 0.416561 0.239842 2 0.414414 0.240050 2 0.416803 0.246757 2 0.414720 0.247238 2 0.417396 0.251931 2 0.414887 0.252600 2
0 0.360119 0.476852 0.022321 0.085979 0.357266 0.449106 2 0.358240 0.447013 2 0.356373 0.447467 2 0.360435 0.446170 2 0.355793 0.447326 1 0.363803 0.454684 2 0.354838 0.455005 2 0.367038 0.465390 2 0.353072 0.465138 2 0.367500 0.477247 2 0.351616 0.476323 2 0.361930 0.478505 2 0.356035 0.478161 2 0.361810 0.494089 2 0.355210 0.492074 2 0.362255 0.506112 2 0.357935 0.501904 2
0 0.337798 0.506614 0.019345 0.060847 0.332609 0.485724 1 0.332635 0.484425 1 0.332963 0.484176 1 0.333302 0.483974 2 0.336079 0.483296 2 0.332712 0.488652 2 0.338644 0.488956 2 0.329530 0.489856 2 0.341011 0.495467 2 0.330833 0.485756 2 0.341455 0.500521 2 0.334630 0.507546 2 0.338294 0.507514 2 0.335524 0.520134 2 0.337928 0.519909 2 0.335479 0.531867 2 0.337894 0.532360 2
0 0.340774 0.485450 0.014881 0.063492 0.340525 0.463456 2 0.341288 0.462020 2 0.339838 0.462219 2 0.342824 0.461493 2 0.339269 0.462045 2 0.344524 0.467075 2 0.339055 0.467818 2 0.348033 0.471976 2 0.337300 0.472696 2 0.345958 0.477598 2 0.338805 0.477759 2 0.343438 0.485300 2 0.340170 0.485450 2 0.342358 0.497683 2 0.340124 0.498156 2 0.343135 0.509350 2 0.340890 0.509556 2
0 0.283854 0.565476 0.021577 0.078042 0.276286 0.538924 2 0.276913 0.537788 2 0.277468 0.537947 1 0.278796 0.540449 2 0.281987 0.540281 1 0.276329 0.549257 2 0.283202 0.549472 2 0.272024 0.553683 2 0.286182 0.556599 2 0.274089 0.548369 2 0.287355 0.559678 2 0.277403 0.568412 2 0.281619 0.568644 2 0.278875 0.580441 2 0.282010 0.581162 2 0.278286 0.594402 2 0.282284 0.593182 2
