0 0.724330 0.367063 0.004464 0.017196 0.725240 0.362589 1 0.725211 0.362256 1 0.725340 0.362262 1 0.725042 0.362340 1 0.725794 0.362337 1 0.724824 0.363978 2 0.726016 0.364041 2 0.724411 0.365635 2 0.726485 0.365859 2 0.724186 0.366169 2 0.726347 0.367006 2 0.725143 0.367362 2 0.725873 0.367412 2 0.725264 0.369711 2 0.725653 0.369857 2 0.725382 0.372298 2 0.725664 0.372399 2
0 0.314918 0.411045 0.009301 0.027116 0.315706 0.406737 1 0.315629 0.406467 1 0.315745 0.406456 1 0.315299 0.406747 2 0.316233 0.406692 2 0.315140 0.408555 2 0.316653 0.408504 2 0.314773 0.410421 2 0.317319 0.410439 2 0.314652 0.411900 2 0.317545 0.412203 2 0.315529 0.412333 2 0.316497 0.412291 2 0.315538 0.415234 2 0.316536 0.415193 2 0.315654 0.417957 2 0.316548 0.417917 2
0 0.854725 0.564484 0.008557 0.028439 0.854773 0.554029 1 0.854812 0.553482 1 0.854953 0.553521 1 0.854698 0.553647 2 0.856240 0.553594 2 0.854135 0.556638 2 0.857198 0.556397 2 0.853028 0.560237 2 0.858604 0.558902 2 0.853043 0.563193 2 0.857993 0.561245 1 0.854416 0.564585 2 0.856427 0.564513 2 0.854054 0.569354 2 0.855951 0.569888 2 0.854039 0.574790 2 0.856131 0.575265 2
0 0.847656 0.564153 0.007812 0.023810 0.848632 0.558095 1 0.848700 0.557707 1 0.848886 0.557744 1 0.848847 0.558017 2 0.850097 0.557969 2 0.848091 0.560556 2 0.850762 0.560532 2 0.847169 0.563439 2 0.851259 0.563556 2 0.846641 0.564790 2 0.851393 0.566164 1 0.848386 0.566752 2 0.850216 0.566762 2 0.847899 0.566803 2 0.850056 0.567234 2 0.848315 0.571898 2 0.849744 0.571923 2
0 0.757440 0.427579 0.005952 0.020503 0.758386 0.421599 1 0.758354 0.421219 1 0.758399 0.421233 1 0.757900 0.421356 2 0.758677 0.421385 2 0.757484 0.423455 2 0.759044 0.423522 2 0.757111 0.425567 2 0.759771 0.425412 2 0.757640 0.426304 2 0.759140 0.426051 2 0.757653 0.428236 2 0.758648 0.428290 2 0.757700 0.431628 2 0.758197 0.431878 2 0.757720 0.435080 2 0.757980 0.435435 2
0 0.724702 0.393849 0.005208 0.015212 0.725727 0.390233 1 0.725651 0.389910 1 0.725763 0.389926 1 0.725086 0.390061 1 0.725897 0.390148 2 0.724658 0.391904 2 0.725959 0.391997 2 0.724337 0.393973 2 0.726179 0.394116 2 0.724499 0.395418 1 0.726364 0.395539 2 0.724826 0.396080 2 0.725731 0.396149 2 0.725015 0.398912 2 0.725983 0.398804 2 0.725100 0.401847 2 0.726034 0.401633 2
0 0.729725 0.392857 0.005580 0.018519 0.729527 0.389152 1 0.729533 0.388822 1 0.729607 0.388824 1 0.729392 0.388970 2 0.730158 0.388915 2 0.729261 0.390900 2 0.730456 0.390823 2 0.728924 0.392915 2 0.730638 0.393126 2 0.728461 0.393480 2 0.730407 0.394501 2 0.729409 0.394869 2 0.730248 0.394796 2 0.729210 0.397625 2 0.730161 0.397382 2 0.729340 0.400408 2 0.730323 0.400089 2
0 0.713914 0.376323 0.005952 0.017196 0.714761 0.375637 1 0.714886 0.375404 1 0.714673 0.375387 1 0.715077 0.375589 1 0.714565 0.375543 1 0.715258 0.376938 2 0.714298 0.376877 2 0.715599 0.378378 2 0.713908 0.378273 2 0.715478 0.379628 2 0.713953 0.379783 2 0.715016 0.379400 2 0.714368 0.379359 2 0.714935 0.381715 2 0.714179 0.381746 2 0.715000 0.384106 2 0.713952 0.384148 2
0 0.529204 0.550265 0.007812 0.025132 0.530505 0.541362 1 0.530461 0.540993 1 0.530550 0.541004 1 0.529910 0.541036 2 0.530970 0.541128 2 0.529131 0.542843 2 0.531490 0.542987 2 0.528394 0.545576 2 0.532436 0.544968 2 0.528305 0.548169 2 0.532830 0.543426 2 0.529478 0.549233 2 0.530971 0.549326 2 0.529962 0.554002 2 0.531090 0.554082 2 0.530269 0.558644 2 0.530860 0.558417 2
0 0.704799 0.463294 0.007068 0.020503 0.704867 0.457406 2 0.704904 0.456986 1 0.704933 0.456956 1 0.705122 0.456939 2 0.705514 0.456860 1 0.705461 0.458961 2 0.705586 0.458895 2 0.705863 0.461372 2 0.705579 0.461528 2 0.705814 0.463401 2 0.705435 0.464120 2 0.705288 0.464344 2 0.705378 0.464215 2 0.705067 0.467960 2 0.705023 0.467923 2 0.705444 0.471537 2 0.705296 0.471443 2
