0 0.435640 0.869709 0.067708 0.226190 0.430207 0.784022 2 0.432947 0.779635 2 0.428352 0.779553 2 0.438220 0.779120 2 0.425728 0.779405 2 0.445248 0.798049 2 0.422210 0.802753 2 0.456156 0.815798 2 0.416309 0.827776 2 0.459457 0.839614 2 0.418510 0.848664 2 0.444142 0.861823 2 0.426658 0.864073 2 0.455137 0.907384 2 0.418819 0.910676 2 0.461486 0.948958 2 0.412942 0.957425 2
0 0.422991 0.847884 0.048363 0.145503 0.430368 0.783365 2 0.433017 0.779026 2 0.428337 0.779406 2 0.438266 0.778567 2 0.425869 0.779983 2 0.445226 0.796059 2 0.422319 0.801574 2 0.455797 0.818255 2 0.415687 0.829141 2 0.456622 0.844014 2 0.418222 0.852433 2 0.443649 0.859780 2 0.427043 0.862458 2 0.451560 0.905619 2 0.418664 0.911563 2 0.454352 0.941976 2 0.414480 0.949735 2
0 0.420759 0.568783 0.023065 0.113757 0.422774 0.525913 1 0.422395 0.523742 1 0.423124 0.523849 1 0.419372 0.524653 2 0.424863 0.525114 2 0.416475 0.536646 2 0.425869 0.536918 2 0.413664 0.550705 2 0.427056 0.551241 2 0.411962 0.563167 2 0.428071 0.560219 2 0.417316 0.562848 2 0.423764 0.562900 2 0.417836 0.587475 2 0.424627 0.586819 2 0.418557 0.610917 2 0.424694 0.608642 2
0 0.466518 0.615741 0.025298 0.125661 0.472168 0.565645 1 0.471457 0.563555 1 0.472244 0.563426 1 0.467106 0.565289 2 0.473580 0.565294 2 0.463499 0.580037 2 0.476814 0.579328 2 0.461853 0.598586 2 0.480804 0.596464 2 0.463264 0.607549 2 0.479017 0.596256 1 0.466962 0.615694 2 0.475812 0.615180 2 0.468520 0.641267 2 0.475264 0.638332 2 0.470660 0.666486 2 0.474360 0.661509 2
0 0.434524 0.564153 0.025298 0.109788 0.424385 0.525285 1 0.423687 0.523188 1 0.424412 0.523386 1 0.419651 0.523753 1 0.424793 0.524551 2 0.417847 0.534337 2 0.425095 0.535152 2 0.417860 0.549450 1 0.425008 0.550277 2 0.422852 0.556325 1 0.426220 0.555597 2 0.418315 0.562202 2 0.423841 0.562606 2 0.418483 0.587291 2 0.425701 0.586826 2 0.417876 0.610729 2 0.426131 0.611413 2
0 0.485119 0.566138 0.019345 0.082011 0.473785 0.563656 1 0.473565 0.561768 1 0.473312 0.561909 1 0.472122 0.564181 1 0.473360 0.564518 2 0.473363 0.578620 1 0.476492 0.579345 2 0.478252 0.593317 1 0.480350 0.595072 2 0.478264 0.588023 1 0.479089 0.590544 2 0.473036 0.615163 1 0.475321 0.614822 2 0.473288 0.622355 1 0.476528 0.621184 1 0.473855 0.621213 1 0.476106 0.622355 1
0 0.452009 0.568122 0.017113 0.101852 0.448707 0.532218 1 0.449139 0.530187 1 0.449446 0.530211 1 0.450925 0.531214 2 0.454571 0.530666 1 0.450675 0.542262 2 0.458157 0.541596 2 0.449103 0.555790 2 0.459824 0.554816 2 0.448578 0.568147 2 0.459099 0.566984 2 0.452076 0.568750 2 0.457376 0.568294 2 0.451193 0.588035 2 0.457257 0.588109 2 0.450879 0.606274 2 0.457801 0.607247 2
0 0.466890 0.509259 0.015625 0.087302 0.466157 0.480549 1 0.466388 0.478760 1 0.466834 0.478946 1 0.467049 0.480036 2 0.470972 0.479989 2 0.465921 0.490626 2 0.473701 0.490133 2 0.464756 0.502247 2 0.475436 0.502222 2 0.465555 0.510835 2 0.473395 0.510117 2 0.467359 0.513223 2 0.472657 0.512709 2 0.467612 0.531035 2 0.471878 0.529568 2 0.468229 0.548426 2 0.471704 0.545350 2
0 0.451637 0.505952 0.017857 0.085979 0.448496 0.531520 2 0.448933 0.529858 2 0.449198 0.529736 1 0.451097 0.531207 2 0.453663 0.530374 1 0.451121 0.542907 2 0.457558 0.541104 2 0.449771 0.557778 2 0.459741 0.554169 2 0.448096 0.564645 2 0.458923 0.562607 2 0.453130 0.564924 2 0.457337 0.563822 2 0.451555 0.562920 1 0.455992 0.562073 1 0.451830 0.566138 1 0.454543 0.566130 1
0 0.452753 0.447090 0.015625 0.060847 0.456206 0.426389 2 0.455631 0.424993 1 0.456088 0.425099 2 0.452792 0.424602 1 0.455242 0.424821 2 0.451350 0.430956 2 0.455866 0.429757 2 0.450475 0.439823 2 0.458913 0.433381 2 0.450254 0.447004 2 0.456991 0.434834 2 0.452375 0.448151 2 0.455191 0.447794 2 0.453238 0.460684 2 0.454452 0.460700 2 0.452737 0.472914 2 0.453845 0.473006 2
0 0.616071 0.452381 0.014881 0.050265 0.617682 0.437122 2 0.617463 0.436106 1 0.617427 0.436185 2 0.616014 0.436022 1 0.616452 0.436274 2 0.614765 0.440382 2 0.616173 0.440925 2 0.616145 0.445560 2 0.616135 0.447469 2 0.618221 0.449293 2 0.617378 0.450877 2 0.614124 0.451916 2 0.615308 0.452130 2 0.613953 0.461328 2 0.615317 0.461106 2 0.612909 0.470089 2 0.614094 0.469662 2
0 0.575149 0.485450 0.013393 0.052910 0.580154 0.469271 2 0.579986 0.468253 1 0.579716 0.468289 2 0.578970 0.469044 1 0.578329 0.469136 2 0.578816 0.474947 2 0.577238 0.475010 2 0.578389 0.482272 2 0.574058 0.482057 2 0.578125 0.488065 2 0.574365 0.482427 2 0.576378 0.488341 2 0.575575 0.488185 2 0.576866 0.497829 2 0.577033 0.496777 2 0.572638 0.505623 2 0.573610 0.506148 2
0 0.632812 0.427249 0.009673 0.047619 0.634714 0.413419 2 0.634947 0.412562 1 0.634488 0.412358 2 0.634717 0.412491 1 0.633723 0.411948 2 0.634169 0.416944 2 0.632392 0.416460 2 0.634790 0.422787 1 0.632044 0.421683 2 0.634994 0.425141 1 0.633868 0.422320 2 0.633983 0.429016 2 0.632825 0.429124 2 0.634122 0.438745 2 0.633184 0.439146 2 0.633628 0.448353 2 0.632577 0.448437 2
