0 0.652158 0.894841 0.037946 0.189153 0.654157 0.832188 2 0.656394 0.827335 2 0.651633 0.825840 2 0.655845 0.827989 1 0.646078 0.825179 2 0.647111 0.841495 2 0.646354 0.849900 2 0.655929 0.864438 2 0.658660 0.870881 2 0.663381 0.860439 2 0.667507 0.865912 2 0.650990 0.899297 2 0.650105 0.908102 2 0.663487 0.922786 2 0.652502 0.957953 2 0.653298 0.949238 2 0.650743 0.998549 2
0 0.692336 0.820106 0.045387 0.193122 0.694046 0.752629 2 0.696557 0.749367 2 0.692229 0.748533 2 0.699821 0.751304 2 0.689269 0.749142 2 0.702531 0.772055 2 0.683132 0.768321 2 0.705018 0.801147 2 0.676347 0.792847 2 0.704563 0.828154 2 0.676317 0.821772 2 0.695985 0.826582 2 0.683098 0.824916 2 0.694157 0.866022 2 0.678760 0.864475 2 0.691191 0.900888 2 0.678451 0.899158 2
0 0.631696 0.792989 0.059524 0.123016 0.654285 0.831110 2 0.655961 0.826604 2 0.651548 0.826404 2 0.655715 0.825286 1 0.645924 0.825907 2 0.644537 0.840631 2 0.648315 0.848076 2 0.651640 0.857338 2 0.660068 0.870411 2 0.659557 0.856865 2 0.669520 0.867546 2 0.643797 0.874752 1 0.646207 0.878307 1 0.663232 0.859057 1 0.666108 0.875157 1 0.660244 0.867991 1 0.661139 0.878307 1
0 0.360491 0.489418 0.018601 0.060847 0.359903 0.465881 2 0.360529 0.464691 2 0.358973 0.464750 2 0.361360 0.465995 2 0.357524 0.466169 2 0.362600 0.473623 2 0.355487 0.473996 2 0.364630 0.481465 2 0.351913 0.482561 2 0.365685 0.486839 2 0.352960 0.492096 2 0.362172 0.492406 2 0.357382 0.493124 2 0.363969 0.505038 2 0.356625 0.507239 2 0.365392 0.518139 2 0.357257 0.519851 2
0 0.581101 0.623677 0.031250 0.128307 0.582598 0.577971 2 0.581843 0.575415 1 0.582456 0.575074 2 0.578371 0.576022 1 0.580756 0.575295 2 0.579620 0.585492 2 0.573729 0.585979 2 0.584170 0.599707 2 0.574120 0.598441 2 0.592254 0.603712 2 0.579724 0.609045 2 0.580286 0.618071 2 0.575550 0.620400 2 0.587417 0.638089 2 0.573291 0.648602 2 0.578517 0.658627 2 0.569982 0.672544 2
0 0.571801 0.625000 0.030506 0.104497 0.582975 0.577379 2 0.582134 0.575255 1 0.582862 0.575074 2 0.578914 0.575997 1 0.581319 0.575659 2 0.579478 0.586221 2 0.574232 0.585823 2 0.582232 0.600661 2 0.573384 0.595605 2 0.589412 0.604787 2 0.579219 0.608125 2 0.580546 0.619409 2 0.575796 0.621602 2 0.589218 0.640010 2 0.572657 0.650325 2 0.584612 0.663108 2 0.568119 0.674199 2
0 0.495536 0.564815 0.022321 0.100529 0.497822 0.529834 1 0.497438 0.527900 1 0.498200 0.528080 1 0.494483 0.529917 2 0.500187 0.530248 2 0.491753 0.542286 2 0.501586 0.541871 2 0.488847 0.554588 2 0.504797 0.554630 2 0.489350 0.564667 2 0.506231 0.564953 2 0.493483 0.566613 2 0.500061 0.566260 2 0.494267 0.589048 2 0.500523 0.586661 2 0.494098 0.610323 2 0.500478 0.606250 2
0 0.524182 0.606481 0.029018 0.115079 0.526235 0.562181 1 0.525282 0.560106 1 0.525949 0.559993 1 0.520257 0.561303 2 0.525727 0.561534 2 0.516107 0.575320 2 0.528596 0.574702 2 0.514063 0.591635 2 0.531283 0.591674 2 0.517608 0.600628 2 0.532036 0.605178 2 0.518960 0.607934 2 0.527534 0.607543 2 0.520583 0.631840 2 0.528081 0.629548 2 0.521737 0.655752 2 0.526979 0.653000 2
0 0.523810 0.558201 0.022321 0.095238 0.526602 0.561845 1 0.525509 0.559997 1 0.526343 0.559776 1 0.520202 0.561387 2 0.525642 0.561438 2 0.516275 0.575153 2 0.528493 0.574610 2 0.513825 0.591373 2 0.531569 0.590857 2 0.517521 0.598366 2 0.532172 0.605024 2 0.518934 0.607667 2 0.527128 0.607491 2 0.519814 0.624008 1 0.527462 0.624008 1 0.520906 0.622721 1 0.525748 0.623264 1
0 0.551339 0.545635 0.013393 0.078042 0.552664 0.518330 1 0.552481 0.516799 1 0.552804 0.516865 1 0.550758 0.517572 1 0.553472 0.517761 2 0.549374 0.526357 2 0.553839 0.526601 2 0.547125 0.537574 2 0.555037 0.537564 2 0.546600 0.546714 2 0.555670 0.546189 2 0.550116 0.546528 2 0.552717 0.546756 2 0.551275 0.560871 2 0.551421 0.561332 2 0.552090 0.573907 2 0.550877 0.574576 2
0 0.480283 0.565476 0.020089 0.099206 0.482801 0.530438 1 0.481877 0.528664 1 0.482549 0.528634 1 0.477422 0.529411 2 0.481781 0.529674 2 0.474143 0.540210 2 0.483239 0.539895 2 0.473754 0.552602 2 0.485251 0.553895 2 0.473662 0.565161 2 0.487342 0.564117 2 0.476260 0.564658 2 0.482832 0.564384 2 0.477839 0.583562 2 0.485626 0.580343 2 0.476621 0.603625 2 0.483776 0.598289 2
0 0.506696 0.529101 0.014881 0.087302 0.503708 0.497752 1 0.503772 0.496078 1 0.504170 0.496131 1 0.502903 0.497290 2 0.507139 0.497054 2 0.501740 0.507692 2 0.509579 0.507248 2 0.501074 0.521099 2 0.510871 0.519989 2 0.501396 0.531604 2 0.508066 0.526815 2 0.503343 0.530489 2 0.508743 0.530120 2 0.503630 0.548623 2 0.507643 0.548004 2 0.504077 0.564975 2 0.506629 0.564692 2
0 0.489583 0.522487 0.017857 0.082011 0.498030 0.531380 1 0.497693 0.529389 1 0.498647 0.529424 1 0.494527 0.531174 2 0.500135 0.531266 1 0.491066 0.544327 2 0.500223 0.544207 2 0.488517 0.557521 2 0.499976 0.556416 1 0.489893 0.565691 2 0.498026 0.563478 1 0.493797 0.568577 2 0.499899 0.569017 1 0.494701 0.579365 1 0.499748 0.579365 1 0.495133 0.579365 1 0.498342 0.578654 1
0 0.451265 0.430556 0.015625 0.054233 0.450156 0.412291 1 0.450295 0.411228 2 0.450411 0.411114 1 0.451082 0.411038 2 0.452706 0.410731 1 0.450782 0.415874 2 0.453645 0.416097 2 0.448829 0.422190 2 0.453975 0.424637 2 0.447291 0.426749 2 0.453171 0.429562 1 0.450828 0.430150 2 0.452921 0.430133 2 0.449812 0.440560 2 0.452588 0.440873 2 0.449699 0.451697 2 0.453805 0.450853 2
0 0.792039 0.928571 0.054315 0.137566 0.796879 0.887291 2 0.800612 0.882888 2 0.795331 0.882375 2 0.806613 0.888851 2 0.794104 0.886273 1 0.808429 0.918954 2 0.798661 0.911294 2 0.809998 0.954552 2 0.802423 0.944798 1 0.811343 0.965033 2 0.805387 0.964771 1 0.802591 0.983084 2 0.793217 0.976165 2 0.798551 1.000000 2 0.769470 0.984019 1 0.804447 1.000000 1 0.768839 0.997984 1
