0 0.049479 0.911376 0.055804 0.174603 0.039477 0.854649 1 0.038892 0.851459 1 0.040176 0.849969 1 0.041163 0.849576 2 0.049990 0.845007 1 0.046965 0.867414 2 0.056594 0.853727 2 0.044116 0.894257 2 0.048196 0.869893 2 0.032463 0.889778 2 0.035285 0.872439 2 0.056348 0.915847 2 0.064297 0.908547 2 0.051582 0.957706 2 0.064671 0.942401 2 0.054753 0.985742 2 0.071462 0.965327 2
0 0.234375 0.524471 0.031250 0.099206 0.224837 0.493222 2 0.224841 0.491139 2 0.224731 0.491398 1 0.226843 0.488300 2 0.227173 0.489008 1 0.232158 0.491457 2 0.230860 0.494468 2 0.238297 0.500004 2 0.229820 0.507449 2 0.233474 0.506290 2 0.227568 0.516815 2 0.242548 0.515387 2 0.241667 0.516969 2 0.242968 0.536750 2 0.240812 0.537546 2 0.246165 0.556586 2 0.241315 0.556810 2
0 0.235863 0.541667 0.023810 0.070106 0.224809 0.495193 1 0.224897 0.494466 1 0.225313 0.493793 1 0.226409 0.493528 1 0.227410 0.493386 1 0.233078 0.497467 2 0.230339 0.493386 2 0.241097 0.507591 2 0.233714 0.502367 2 0.236294 0.512476 2 0.229972 0.510544 2 0.241124 0.520464 2 0.238909 0.518069 2 0.240882 0.542029 2 0.236302 0.535794 2 0.242712 0.561730 2 0.232427 0.557223 2
0 0.253348 0.511243 0.020089 0.078042 0.246220 0.482429 2 0.246587 0.480882 2 0.246251 0.480767 1 0.248657 0.480452 2 0.248699 0.480057 1 0.250216 0.486720 2 0.252017 0.486216 2 0.252451 0.495915 2 0.253197 0.495521 1 0.250283 0.504478 2 0.250613 0.504347 1 0.254201 0.505757 2 0.255659 0.505503 2 0.253243 0.521895 2 0.255140 0.521581 2 0.255356 0.538284 2 0.256842 0.536602 2
0 0.250372 0.484127 0.026042 0.095238 0.246130 0.482751 1 0.246395 0.480949 2 0.246251 0.480957 1 0.248137 0.480894 2 0.249128 0.480447 1 0.250335 0.488133 2 0.252501 0.486261 2 0.251651 0.498374 2 0.254157 0.493509 1 0.248208 0.504936 2 0.250649 0.500212 1 0.254403 0.505197 2 0.255910 0.504277 2 0.253986 0.523148 2 0.255829 0.521702 2 0.255284 0.539234 2 0.256855 0.536969 2
0 0.638393 0.437169 0.025298 0.096561 0.636147 0.405618 2 0.637281 0.403119 2 0.634952 0.402853 2 0.638683 0.404098 2 0.633068 0.403816 2 0.640441 0.413341 2 0.629596 0.415544 2 0.645526 0.423204 2 0.628205 0.429071 2 0.650447 0.433733 2 0.631791 0.434993 2 0.638498 0.439897 2 0.630670 0.441590 2 0.644307 0.452413 2 0.626678 0.456112 2 0.644402 0.468756 2 0.631470 0.472820 2
0 0.547247 0.490079 0.033482 0.117725 0.541515 0.445397 2 0.542180 0.443324 2 0.541215 0.443605 1 0.544849 0.442631 2 0.542557 0.443483 1 0.550844 0.449006 2 0.543563 0.451612 2 0.560528 0.454769 2 0.543994 0.461869 2 0.554130 0.453529 2 0.541952 0.463289 2 0.553593 0.476984 2 0.548999 0.477747 2 0.555554 0.500823 2 0.550688 0.500506 2 0.556992 0.521955 2 0.552878 0.520068 2
0 0.372024 0.445767 0.011905 0.055556 0.379339 0.436029 2 0.380035 0.434576 2 0.378847 0.434510 2 0.380164 0.436948 1 0.377955 0.436573 2 0.378097 0.448563 2 0.377540 0.448076 2 0.375867 0.460561 2 0.375356 0.459305 2 0.373634 0.466071 2 0.374099 0.464373 1 0.377961 0.467516 2 0.377739 0.467002 2 0.370278 0.473184 2 0.371370 0.473335 2 0.368073 0.483796 2 0.369624 0.482649 2
0 0.320685 0.369709 0.017857 0.038360 0.320248 0.360757 2 0.320910 0.359378 2 0.319311 0.359318 2 0.321586 0.359895 1 0.317438 0.359959 2 0.322868 0.366948 2 0.314712 0.368021 2 0.325932 0.374403 2 0.312428 0.378306 2 0.325131 0.382930 2 0.312806 0.387566 2 0.320065 0.387657 2 0.314497 0.388019 2 0.322099 0.388582 1 0.313774 0.388772 1 0.321286 0.390857 1 0.313183 0.390224 1
0 0.358259 0.348545 0.014137 0.072751 0.358331 0.322024 2 0.358965 0.320888 2 0.358166 0.320727 1 0.360563 0.321479 2 0.358630 0.321193 1 0.361599 0.328432 2 0.358214 0.327752 2 0.359355 0.335747 2 0.356833 0.335069 1 0.357402 0.332153 2 0.358467 0.334726 1 0.360710 0.346891 2 0.358147 0.346587 2 0.360726 0.361574 2 0.358319 0.361356 2 0.361777 0.375365 2 0.358995 0.375693 2
0 0.595610 0.472884 0.026042 0.123016 0.598475 0.424937 2 0.599576 0.422326 2 0.597013 0.422491 2 0.600903 0.423350 2 0.594929 0.423580 2 0.603528 0.435876 2 0.591976 0.435700 2 0.606203 0.451457 2 0.586397 0.449625 2 0.607458 0.465112 2 0.587763 0.461914 2 0.601009 0.469775 2 0.593790 0.469977 2 0.601824 0.493508 2 0.593607 0.493778 2 0.598346 0.512959 2 0.595800 0.513658 2
0 0.547247 0.268519 0.012649 0.042328 0.546961 0.255368 2 0.547608 0.254056 2 0.546425 0.254200 1 0.548991 0.253912 2 0.546131 0.254201 1 0.550718 0.260526 2 0.545180 0.260886 2 0.552159 0.271910 2 0.543479 0.272626 2 0.552512 0.282010 2 0.543993 0.284203 2 0.549893 0.278785 2 0.546210 0.278937 2 0.550275 0.290115 2 0.545872 0.290407 2 0.550560 0.293987 1 0.545795 0.294407 1
