0 0.631696 0.839947 0.038690 0.187831 0.631795 0.773072 2 0.632998 0.769505 2 0.629696 0.768914 2 0.631436 0.770551 1 0.624619 0.769061 2 0.624677 0.785972 2 0.627134 0.788966 2 0.631483 0.804667 1 0.637324 0.811070 2 0.639704 0.803860 1 0.644049 0.806764 2 0.626705 0.838142 2 0.628339 0.840773 2 0.628462 0.878052 2 0.630108 0.885435 2 0.628814 0.914825 2 0.627617 0.926371 2
0 0.667783 0.777116 0.036458 0.178571 0.670878 0.709213 2 0.672970 0.706259 2 0.669090 0.705855 2 0.676251 0.708379 2 0.666382 0.707169 2 0.678414 0.728875 2 0.661324 0.724427 2 0.681980 0.751966 2 0.655202 0.746341 2 0.681867 0.776568 2 0.654512 0.771425 2 0.673167 0.777406 2 0.661502 0.774611 2 0.672919 0.813453 2 0.656258 0.806422 2 0.670195 0.846303 2 0.652654 0.832972 2
0 0.611607 0.749339 0.043155 0.109788 0.631782 0.773497 2 0.633520 0.769311 2 0.629077 0.769213 2 0.633346 0.768678 1 0.624091 0.768920 2 0.624298 0.783069 2 0.626802 0.788847 2 0.629934 0.797759 2 0.637933 0.812100 2 0.635627 0.799073 2 0.641369 0.803573 2 0.626068 0.823466 1 0.628224 0.825397 1 0.635208 0.810729 1 0.638891 0.818182 1 0.629879 0.825252 1 0.635989 0.825397 1
0 0.375744 0.466270 0.014881 0.056878 0.376484 0.448143 2 0.376886 0.446917 2 0.375861 0.447113 2 0.377458 0.447191 1 0.374985 0.447643 2 0.378203 0.453134 2 0.374785 0.453690 2 0.380065 0.459788 2 0.373895 0.460164 2 0.378651 0.461328 2 0.375311 0.460963 2 0.378981 0.468269 2 0.376556 0.468819 2 0.380908 0.479169 2 0.376881 0.480327 2 0.382897 0.490951 2 0.377338 0.491497 2
0 0.573661 0.599868 0.029762 0.115079 0.578452 0.560697 2 0.577794 0.558579 1 0.578082 0.558798 2 0.575311 0.558468 1 0.576273 0.559479 2 0.576677 0.566348 2 0.569820 0.569892 2 0.580931 0.578414 2 0.567099 0.581766 2 0.586765 0.584459 2 0.573033 0.591426 2 0.575370 0.596863 2 0.569637 0.600309 2 0.582302 0.613823 2 0.565793 0.627192 2 0.580185 0.631813 2 0.561785 0.648408 2
0 0.566220 0.597884 0.028274 0.103175 0.577988 0.561264 1 0.577400 0.559464 1 0.577689 0.559445 2 0.575240 0.559803 1 0.576100 0.560207 2 0.576304 0.568109 2 0.569621 0.570225 2 0.581103 0.577559 2 0.566677 0.581854 2 0.584829 0.582756 2 0.573043 0.590508 2 0.575256 0.597934 2 0.569620 0.600336 2 0.582500 0.618017 2 0.565604 0.625807 2 0.583118 0.640304 2 0.561974 0.647352 2
0 0.488467 0.563492 0.023065 0.097884 0.500638 0.499647 1 0.500813 0.498096 1 0.501276 0.498026 1 0.500388 0.499691 2 0.504052 0.499264 1 0.498689 0.510059 2 0.504464 0.509219 2 0.497425 0.521960 2 0.504464 0.520726 1 0.498230 0.529478 2 0.504458 0.528401 1 0.500155 0.531803 2 0.504269 0.531676 2 0.500884 0.549156 2 0.503873 0.549766 2 0.501545 0.566636 2 0.503316 0.565696 2
0 0.517113 0.603836 0.026786 0.115079 0.520265 0.560726 1 0.519275 0.558559 1 0.520034 0.558458 1 0.514267 0.559482 2 0.519655 0.559792 2 0.510347 0.572886 2 0.522098 0.573480 2 0.507662 0.589780 2 0.525056 0.589996 2 0.506621 0.603088 2 0.525980 0.603965 2 0.511741 0.605322 2 0.519330 0.605868 2 0.513489 0.626846 2 0.517909 0.628605 2 0.515448 0.647993 2 0.515806 0.651264 2
0 0.516369 0.554233 0.022321 0.095238 0.520516 0.561443 1 0.519423 0.559386 1 0.520245 0.559314 1 0.514441 0.559992 2 0.519425 0.560438 2 0.510325 0.573141 2 0.521955 0.573442 2 0.507589 0.590004 2 0.524925 0.590518 2 0.506898 0.603291 2 0.525563 0.603647 2 0.512053 0.607192 2 0.519422 0.607298 2 0.513119 0.620040 1 0.517844 0.620040 1 0.515144 0.617032 1 0.515301 0.616697 1
0 0.540179 0.542328 0.013393 0.076720 0.542464 0.514507 1 0.542304 0.513157 1 0.542744 0.513198 1 0.540596 0.513753 2 0.544434 0.513851 2 0.538803 0.521653 2 0.545743 0.521918 2 0.537219 0.531120 2 0.546808 0.531789 2 0.537028 0.540176 2 0.546869 0.540747 2 0.539786 0.541476 2 0.544459 0.541638 2 0.540117 0.555747 2 0.544050 0.556287 2 0.540676 0.569446 2 0.543282 0.570134 2
0 0.481771 0.562169 0.018601 0.095238 0.485319 0.527771 1 0.484955 0.525988 1 0.485535 0.526033 1 0.482028 0.527473 2 0.487242 0.527521 2 0.480239 0.538206 2 0.488969 0.537761 2 0.478503 0.552054 2 0.491670 0.547872 2 0.477691 0.562908 1 0.490905 0.544730 1 0.482714 0.562665 2 0.488748 0.562747 2 0.483832 0.585201 2 0.490244 0.583908 2 0.484488 0.606998 2 0.491238 0.604822 2
0 0.501116 0.531085 0.014137 0.083333 0.502253 0.500087 1 0.502170 0.498365 1 0.502545 0.498435 1 0.500409 0.499421 2 0.504399 0.499405 2 0.498468 0.509676 2 0.505772 0.509639 2 0.497004 0.522483 2 0.507007 0.522531 2 0.498674 0.530727 2 0.507672 0.529826 2 0.500334 0.531902 2 0.505187 0.532098 2 0.501209 0.549920 2 0.504828 0.549871 2 0.501379 0.567295 2 0.503586 0.566997 2
0 0.485863 0.523810 0.017857 0.082011 0.483831 0.527861 1 0.483660 0.526343 1 0.484455 0.526310 1 0.481885 0.527922 2 0.487525 0.527759 2 0.480137 0.538463 2 0.489932 0.538351 2 0.477415 0.552755 2 0.492244 0.550179 2 0.475526 0.565266 2 0.490095 0.549314 2 0.482466 0.562421 2 0.489004 0.562330 2 0.483139 0.579063 2 0.489623 0.578530 1 0.483797 0.579565 1 0.489213 0.579291 1
0 0.472842 0.425265 0.012649 0.051587 0.472238 0.408067 2 0.472562 0.407265 2 0.472163 0.407219 1 0.473468 0.407048 2 0.472436 0.407129 1 0.474395 0.412074 2 0.472237 0.412243 2 0.475087 0.419407 2 0.470722 0.418682 2 0.474914 0.424882 2 0.469261 0.423245 2 0.473772 0.425043 2 0.472070 0.425067 2 0.473869 0.434678 2 0.471536 0.435266 2 0.477727 0.443896 2 0.472020 0.444610 2
0 0.748512 0.896164 0.059524 0.194444 0.759305 0.825053 2 0.762539 0.820965 2 0.758043 0.820150 2 0.767659 0.825989 2 0.757550 0.822417 1 0.769478 0.855115 2 0.761163 0.841994 2 0.771473 0.883516 2 0.767796 0.871413 1 0.771144 0.888694 2 0.769473 0.882581 1 0.763432 0.909377 2 0.755538 0.898766 2 0.764137 0.952018 2 0.740156 0.917665 2 0.764018 0.993943 2 0.735874 0.951093 2
