0 0.545759 0.378968 0.027530 0.120370 0.539666 0.334829 2 0.540708 0.332974 2 0.540089 0.332833 1 0.544699 0.333802 2 0.542824 0.333117 1 0.550045 0.347312 2 0.543835 0.344634 2 0.552475 0.365897 2 0.543874 0.361684 2 0.549996 0.381168 2 0.540083 0.372047 2 0.548540 0.383076 2 0.543387 0.380108 2 0.546085 0.407244 2 0.537067 0.399053 2 0.555007 0.427883 2 0.539446 0.419827 2
0 0.659226 0.181878 0.023810 0.072751 0.664684 0.155612 1 0.664735 0.154201 1 0.664947 0.154547 1 0.663386 0.154721 2 0.666563 0.155363 2 0.660552 0.161859 2 0.667418 0.162861 2 0.657313 0.171244 2 0.667515 0.173032 2 0.656676 0.178065 2 0.665411 0.179873 2 0.658758 0.180529 2 0.663426 0.180848 2 0.657167 0.196150 2 0.662095 0.197099 2 0.656234 0.212226 2 0.660941 0.212462 2
0 0.586310 0.401455 0.028274 0.141534 0.580289 0.344286 2 0.581168 0.341828 2 0.581658 0.342079 1 0.583196 0.344804 2 0.586691 0.344560 1 0.583177 0.363684 2 0.589415 0.361225 2 0.581263 0.386647 2 0.588769 0.379297 2 0.573816 0.384684 2 0.578659 0.379863 1 0.580703 0.400801 2 0.583818 0.398274 2 0.572928 0.421650 2 0.570738 0.419801 2 0.579506 0.444675 2 0.569248 0.441604 2
0 0.451637 0.488095 0.038690 0.158730 0.456224 0.433088 1 0.456486 0.430077 1 0.456837 0.430751 1 0.454273 0.432309 2 0.462428 0.432863 2 0.450714 0.449596 2 0.466305 0.450798 2 0.449372 0.469018 2 0.470333 0.471721 2 0.454359 0.472211 1 0.467972 0.475776 1 0.451730 0.493485 2 0.463617 0.494158 2 0.447019 0.523135 2 0.466636 0.524505 2 0.444270 0.551526 2 0.469319 0.552388 2
0 0.428943 0.406085 0.027530 0.145503 0.444308 0.354843 1 0.442697 0.351617 1 0.443917 0.351682 1 0.434105 0.352109 1 0.440980 0.353076 2 0.427984 0.368302 2 0.441274 0.370183 2 0.425612 0.388676 2 0.445340 0.390739 2 0.426143 0.405306 2 0.446202 0.402820 2 0.429114 0.409204 2 0.438573 0.410528 2 0.430701 0.437355 2 0.442295 0.438988 2 0.429294 0.464512 2 0.442618 0.467451 2
0 0.471726 0.474206 0.035714 0.154762 0.456749 0.432661 1 0.456802 0.429666 1 0.457364 0.429967 1 0.453840 0.432021 2 0.462671 0.432533 2 0.449486 0.450414 2 0.465402 0.451432 2 0.447842 0.469752 1 0.469990 0.471343 2 0.452031 0.470546 1 0.467893 0.470696 1 0.451305 0.493836 2 0.463153 0.494354 2 0.448254 0.526803 2 0.466256 0.527990 2 0.447348 0.553746 2 0.468975 0.551556 2
0 0.296503 0.413360 0.027530 0.128307 0.297143 0.359594 2 0.296114 0.357181 1 0.296212 0.357331 2 0.292321 0.359933 1 0.293218 0.360748 2 0.291592 0.375082 2 0.291652 0.376567 2 0.292940 0.395400 1 0.292499 0.399115 2 0.298049 0.410718 1 0.298610 0.413539 2 0.291690 0.409271 2 0.291581 0.410514 2 0.297394 0.439278 2 0.296121 0.440364 2 0.294705 0.467746 2 0.293417 0.470497 2
0 0.488095 0.381614 0.040179 0.123016 0.498123 0.345879 2 0.497233 0.342811 1 0.497718 0.343408 2 0.493534 0.341308 1 0.495246 0.343587 2 0.489811 0.349148 2 0.487538 0.353987 2 0.490673 0.359399 2 0.489098 0.370453 2 0.495796 0.362511 2 0.496887 0.365763 2 0.481979 0.377794 2 0.478466 0.380531 2 0.491690 0.394855 2 0.473055 0.400978 2 0.485527 0.417628 2 0.464851 0.416291 2
0 0.371280 0.440476 0.037202 0.153439 0.375729 0.380861 1 0.374504 0.378715 1 0.375482 0.378282 1 0.368274 0.382236 1 0.374825 0.381646 2 0.365289 0.400456 2 0.376224 0.399177 2 0.367030 0.423045 2 0.380213 0.423673 2 0.370378 0.432958 1 0.384704 0.442082 2 0.369849 0.443252 2 0.377728 0.442954 2 0.373694 0.473250 2 0.382985 0.470851 2 0.373627 0.506260 2 0.382595 0.505107 2
0 0.134301 0.370370 0.036458 0.126984 0.130170 0.320953 2 0.131370 0.318516 2 0.128869 0.318826 2 0.133541 0.319083 2 0.127003 0.320087 2 0.138100 0.331808 2 0.124980 0.335276 2 0.144282 0.344170 2 0.123561 0.352826 2 0.140580 0.352025 2 0.125321 0.370409 2 0.139990 0.366354 2 0.131033 0.368334 2 0.143269 0.392297 2 0.132487 0.394902 2 0.147887 0.417210 2 0.134300 0.419980 2
0 0.316220 0.327381 0.022321 0.109788 0.316039 0.282970 2 0.317286 0.281873 2 0.316397 0.280835 1 0.319813 0.283856 2 0.318152 0.281834 1 0.318812 0.293971 2 0.319536 0.292975 2 0.314608 0.304840 2 0.314819 0.303450 1 0.312148 0.299092 2 0.311984 0.302409 1 0.317078 0.321630 2 0.316579 0.320992 2 0.317180 0.343151 2 0.315339 0.344374 2 0.327545 0.359510 2 0.316129 0.366849 2
0 0.532366 0.199074 0.021577 0.091270 0.533921 0.168866 1 0.533927 0.167050 1 0.534265 0.167221 1 0.532406 0.167981 2 0.536360 0.168172 2 0.530441 0.177841 2 0.537968 0.178325 2 0.528490 0.189173 2 0.539655 0.189209 2 0.527988 0.198774 2 0.538385 0.192949 2 0.531159 0.199758 2 0.536328 0.200077 2 0.532056 0.216578 2 0.537091 0.216564 2 0.532728 0.231583 1 0.537186 0.231466 1
0 0.970610 0.290344 0.034970 0.117725 0.982038 0.249038 2 0.982115 0.246845 2 0.980850 0.246852 2 0.980421 0.246798 1 0.976160 0.246935 2 0.979937 0.260260 2 0.968094 0.257362 2 0.982868 0.273347 2 0.960164 0.269613 2 0.984683 0.275409 2 0.964505 0.276579 2 0.974202 0.293572 2 0.965801 0.291855 2 0.973089 0.316921 2 0.961085 0.312824 2 0.971285 0.339716 2 0.956579 0.329981 2
0 0.789807 0.275794 0.024554 0.099206 0.792485 0.241371 2 0.792432 0.239411 2 0.791587 0.239080 2 0.791040 0.240567 1 0.788419 0.239739 2 0.790090 0.250865 2 0.783643 0.248814 2 0.790374 0.265416 2 0.781131 0.263341 2 0.793810 0.272440 2 0.788239 0.271542 2 0.788106 0.272384 2 0.783189 0.273033 2 0.802054 0.279824 2 0.792387 0.279952 2 0.797148 0.301247 2 0.790223 0.300664 2
0 0.808408 0.269841 0.024554 0.089947 0.811350 0.240199 2 0.810812 0.238658 1 0.811010 0.238436 2 0.808096 0.239490 1 0.808692 0.239521 2 0.808319 0.245871 2 0.803055 0.248987 2 0.811410 0.259672 2 0.807135 0.263214 2 0.815580 0.268113 2 0.812642 0.271541 2 0.807909 0.268048 2 0.804009 0.271720 2 0.817524 0.270633 2 0.811878 0.281975 2 0.813134 0.288623 2 0.812516 0.302666 2
0 0.556920 0.264550 0.014137 0.060847 0.557127 0.247620 2 0.558510 0.245624 2 0.555552 0.245363 2 0.560237 0.248905 1 0.552688 0.248461 2 0.561740 0.263492 2 0.550741 0.263982 2 0.562683 0.262060 2 0.550924 0.264319 2 0.559416 0.261746 2 0.554214 0.263126 2 0.559083 0.284298 2 0.551661 0.284250 2 0.556578 0.287479 1 0.551830 0.287339 1 0.556292 0.296800 1 0.552542 0.298424 1
0 0.846726 0.877646 0.058036 0.220899 0.855121 0.807755 2 0.857538 0.802428 2 0.852095 0.802103 2 0.859626 0.803025 1 0.845057 0.801565 2 0.860944 0.827864 2 0.839980 0.828605 2 0.870607 0.859381 2 0.849806 0.863914 2 0.871164 0.883004 2 0.862334 0.884480 2 0.854782 0.893183 2 0.839783 0.893629 2 0.855465 0.931890 2 0.837133 0.933854 2 0.848572 0.967685 2 0.830631 0.971319 2
0 0.538318 0.325397 0.026042 0.108466 0.538896 0.335068 2 0.539948 0.332832 2 0.539274 0.332821 1 0.543877 0.333670 2 0.542135 0.333466 1 0.548937 0.345847 2 0.543243 0.345217 2 0.552469 0.364727 2 0.543412 0.361929 2 0.552413 0.381856 2 0.539908 0.372469 2 0.547414 0.383533 2 0.542913 0.381993 2 0.545033 0.399884 2 0.535632 0.397662 1 0.547569 0.399884 1 0.537644 0.399884 1
0 0.520089 0.296296 0.025298 0.084656 0.535316 0.238095 1 0.534964 0.238095 1 0.535110 0.238095 1 0.532434 0.238095 1 0.533735 0.238095 1 0.530367 0.238095 1 0.532665 0.238095 1 0.530301 0.241819 1 0.531620 0.242239 2 0.533475 0.252582 2 0.533399 0.253824 2 0.530299 0.252133 2 0.532602 0.252915 2 0.528511 0.270421 2 0.536048 0.272112 2 0.526223 0.286527 2 0.537023 0.289229 2
0 0.479911 0.157407 0.017857 0.063492 0.478775 0.137303 2 0.479352 0.136229 2 0.478280 0.136238 2 0.480253 0.136419 2 0.477514 0.136345 2 0.481480 0.142691 2 0.476270 0.140777 2 0.482937 0.149117 2 0.471622 0.139669 2 0.479408 0.152992 2 0.469027 0.136088 2 0.480899 0.156744 2 0.477473 0.155946 2 0.480437 0.169300 2 0.476497 0.169583 2 0.481349 0.182629 2 0.475896 0.182357 2
0 0.095238 0.315476 0.017857 0.067460 0.100222 0.302297 2 0.101078 0.300225 2 0.099115 0.300811 2 0.102761 0.299845 2 0.097670 0.301389 2 0.104308 0.307192 2 0.095388 0.308112 2 0.106146 0.315804 2 0.090736 0.316762 2 0.105938 0.315655 2 0.088185 0.327590 2 0.102364 0.323623 2 0.096377 0.324136 2 0.104583 0.320812 2 0.093614 0.323662 2 0.103839 0.336874 2 0.095282 0.337505 2
0 0.622768 0.138228 0.014881 0.072751 0.624897 0.113781 2 0.625287 0.112535 2 0.624265 0.112517 2 0.625522 0.113128 1 0.623024 0.113013 2 0.626332 0.119974 2 0.621246 0.119501 2 0.627064 0.128325 2 0.619693 0.126407 2 0.628077 0.131720 2 0.623011 0.125434 2 0.625256 0.136509 2 0.621681 0.136560 2 0.626239 0.149400 2 0.620849 0.150271 2 0.625521 0.162803 2 0.620161 0.164311 2
0 0.188616 0.171296 0.015625 0.035714 0.188409 0.162119 1 0.188188 0.161411 1 0.188646 0.161297 1 0.187323 0.161767 2 0.189681 0.161506 2 0.187016 0.166039 2 0.190577 0.165756 2 0.187039 0.171264 2 0.192479 0.170486 2 0.187228 0.173834 2 0.191983 0.172956 1 0.189018 0.174458 2 0.191332 0.174471 2 0.190348 0.178212 2 0.191681 0.178638 2 0.191055 0.184695 2 0.191933 0.185589 2
0 0.146949 0.119709 0.015625 0.048942 0.146350 0.108760 1 0.146567 0.107966 1 0.146841 0.107960 1 0.147302 0.108890 2 0.149444 0.108653 2 0.146258 0.114635 2 0.150763 0.114120 2 0.145914 0.121155 2 0.152155 0.119529 2 0.146743 0.122729 1 0.151616 0.120185 1 0.148130 0.127929 2 0.151242 0.128004 2 0.149761 0.129417 2 0.153454 0.130191 2 0.150579 0.136774 2 0.153366 0.135972 2
0 0.809896 0.212302 0.017113 0.062169 0.810322 0.199932 2 0.811012 0.198759 2 0.809783 0.198871 2 0.812414 0.198611 2 0.809336 0.199076 2 0.814510 0.203361 2 0.809048 0.204190 2 0.817508 0.208197 2 0.806404 0.208442 2 0.816837 0.212029 2 0.804178 0.211693 2 0.813486 0.218091 2 0.810069 0.218110 2 0.812494 0.226775 2 0.808743 0.227215 2 0.814003 0.235520 2 0.810175 0.237041 2
0 0.436384 0.112434 0.012649 0.055556 0.435825 0.094865 1 0.435986 0.093892 1 0.436140 0.093995 1 0.436090 0.094469 2 0.438396 0.094507 2 0.435058 0.099953 2 0.439665 0.099908 2 0.433550 0.105514 2 0.440330 0.105985 2 0.433682 0.110759 2 0.439097 0.110925 1 0.435564 0.114504 2 0.438799 0.114346 2 0.434963 0.125314 2 0.438660 0.125000 2 0.434839 0.136528 2 0.438824 0.135028 2
0 0.397693 0.095238 0.012649 0.052910 0.398806 0.076757 2 0.399222 0.075786 1 0.398301 0.075883 2 0.399856 0.076266 1 0.397668 0.076504 2 0.400800 0.081713 2 0.396919 0.081873 2 0.401711 0.088057 2 0.395502 0.088059 2 0.401422 0.092887 2 0.396307 0.093526 2 0.400221 0.093843 2 0.397650 0.093973 2 0.400314 0.102440 2 0.397860 0.102922 2 0.400398 0.111152 2 0.397617 0.111628 2
0 0.135789 0.104497 0.014137 0.050265 0.136102 0.088815 1 0.136181 0.087880 1 0.136527 0.087851 1 0.136542 0.088180 2 0.138913 0.087884 1 0.136322 0.093174 2 0.140736 0.092707 2 0.135108 0.100393 2 0.142470 0.099819 2 0.134899 0.106761 2 0.142444 0.105702 2 0.138100 0.106699 2 0.140845 0.106398 2 0.138812 0.116232 2 0.140138 0.115643 2 0.140431 0.125260 2 0.140984 0.124975 2
0 0.803571 0.166005 0.014881 0.048942 0.806785 0.149544 1 0.806357 0.148445 1 0.806804 0.148503 1 0.804156 0.148668 2 0.806817 0.149027 2 0.803220 0.154366 2 0.807330 0.154963 2 0.802752 0.161297 2 0.808232 0.161185 2 0.802225 0.167990 2 0.807104 0.163713 2 0.803255 0.168042 2 0.805982 0.168270 2 0.803513 0.176345 2 0.805050 0.176809 2 0.803908 0.183691 2 0.804612 0.184991 2
0 0.745164 0.153439 0.012649 0.050265 0.742960 0.135372 2 0.743547 0.134417 2 0.742466 0.134173 2 0.744103 0.135010 1 0.741414 0.134323 2 0.744304 0.141169 2 0.739691 0.140420 2 0.745316 0.148281 2 0.738744 0.147065 2 0.745383 0.153951 2 0.740209 0.151950 2 0.743213 0.155311 2 0.740221 0.155158 2 0.742728 0.165920 2 0.740288 0.165974 2 0.741998 0.175581 2 0.739878 0.175659 2
0 0.465030 0.118386 0.013393 0.059524 0.465048 0.099989 2 0.465438 0.098850 2 0.464992 0.098847 1 0.467104 0.099235 2 0.466362 0.099350 1 0.468111 0.105163 2 0.466059 0.105630 2 0.468543 0.112653 2 0.464599 0.114767 2 0.466923 0.118666 2 0.463941 0.123148 2 0.467316 0.118849 2 0.466437 0.118934 2 0.465752 0.128890 2 0.466972 0.129220 2 0.465696 0.139142 2 0.469458 0.137387 2
0 0.971726 0.286376 0.026786 0.104497 0.982051 0.248881 2 0.982161 0.246837 2 0.981065 0.246510 2 0.980352 0.246997 1 0.976445 0.246244 2 0.979887 0.260206 2 0.968825 0.256530 2 0.982550 0.272743 2 0.960844 0.268480 2 0.983359 0.268842 2 0.964481 0.276404 2 0.974221 0.293521 2 0.966351 0.291408 2 0.972789 0.316677 2 0.961215 0.312409 2 0.971614 0.339256 2 0.956701 0.332086 2
0 0.978423 0.262566 0.037202 0.130952 0.982239 0.249153 2 0.982349 0.247036 2 0.981251 0.246843 2 0.980994 0.247053 1 0.976742 0.246273 2 0.980113 0.260670 2 0.968467 0.256844 2 0.981795 0.275370 2 0.960878 0.268881 2 0.984223 0.288794 2 0.964595 0.276508 2 0.974431 0.292773 2 0.966255 0.291013 2 0.973064 0.317447 2 0.962137 0.312862 2 0.971626 0.339375 2 0.957257 0.329230 2
0 0.173735 0.099206 0.014137 0.044974 0.175797 0.084277 2 0.176216 0.083439 2 0.175380 0.083450 2 0.176873 0.083854 2 0.174790 0.083851 2 0.177672 0.088643 2 0.173911 0.088697 2 0.178475 0.093717 2 0.172890 0.094046 2 0.178053 0.096923 2 0.173332 0.098069 2 0.177317 0.099285 2 0.174788 0.099355 2 0.177451 0.107975 2 0.175097 0.108156 2 0.177461 0.115873 2 0.174626 0.116027 2
0 0.554688 0.085979 0.008185 0.037037 0.556041 0.076424 1 0.555965 0.075712 1 0.556061 0.075760 1 0.555131 0.076013 2 0.556552 0.076180 1 0.554659 0.079587 2 0.556643 0.079807 2 0.553228 0.082374 2 0.558086 0.082667 2 0.553808 0.080455 1 0.557924 0.081092 1 0.554985 0.088302 2 0.556309 0.088431 2 0.554607 0.093891 2 0.556498 0.094028 2 0.553672 0.098907 2 0.557313 0.098690 2
0 0.463542 0.208333 0.017857 0.078042 0.466005 0.179994 2 0.466417 0.178242 2 0.465224 0.178379 2 0.466045 0.179425 1 0.463121 0.179340 2 0.467788 0.188095 2 0.460949 0.189066 2 0.469312 0.197136 2 0.459020 0.200452 2 0.468340 0.198648 2 0.464822 0.200135 2 0.466351 0.208470 2 0.462592 0.208908 2 0.463963 0.225406 2 0.465503 0.224914 2 0.460081 0.240072 2 0.467505 0.243460 2
0 0.743676 0.133598 0.017113 0.052910 0.743025 0.135232 2 0.743655 0.134386 2 0.742445 0.134059 2 0.744197 0.135221 2 0.741234 0.134367 2 0.744611 0.141360 2 0.739592 0.140341 2 0.745598 0.148661 2 0.737920 0.145762 2 0.745708 0.154736 2 0.738327 0.145043 2 0.743654 0.155773 2 0.740356 0.155457 2 0.743159 0.166527 2 0.740335 0.166312 2 0.742979 0.168695 1 0.739686 0.169049 1
0 0.955729 0.174603 0.020089 0.063492 0.953073 0.157291 2 0.952988 0.155595 2 0.953343 0.155540 1 0.954731 0.154077 2 0.956864 0.153952 1 0.956020 0.161387 2 0.959797 0.160086 2 0.954108 0.174364 2 0.958233 0.170974 1 0.951573 0.183795 2 0.953264 0.179280 1 0.955050 0.180728 2 0.957729 0.179469 2 0.952733 0.193318 2 0.954364 0.192963 2 0.953874 0.207817 2 0.954686 0.206923 2
0 0.905134 0.185847 0.020089 0.043651 0.905773 0.176146 2 0.906713 0.174770 2 0.905289 0.174537 2 0.908296 0.175019 2 0.904395 0.174427 1 0.909341 0.181134 2 0.902966 0.180334 2 0.907444 0.189727 2 0.900326 0.188671 2 0.901281 0.194593 2 0.900471 0.194318 2 0.907287 0.196886 2 0.902738 0.195810 2 0.905772 0.192302 2 0.897984 0.190311 2 0.902484 0.198006 2 0.897762 0.196976 1
0 0.940848 0.193122 0.018601 0.034392 0.940967 0.182064 2 0.941947 0.180423 2 0.940449 0.180462 2 0.943663 0.180654 2 0.939921 0.180695 1 0.945470 0.186682 2 0.939341 0.186103 2 0.945169 0.196608 2 0.936129 0.193176 2 0.939132 0.198398 2 0.934967 0.195733 2 0.943984 0.201282 2 0.939914 0.200211 2 0.939631 0.199889 2 0.933254 0.199724 2 0.938505 0.204325 2 0.936895 0.205832 1
