0 0.260242 0.732960 0.024685 0.070962 0.259203 0.711332 2 0.260010 0.709465 2 0.258146 0.710128 2 0.261609 0.708492 2 0.256917 0.710121 2 0.264568 0.714052 2 0.255419 0.717025 2 0.268881 0.721226 2 0.252432 0.727942 2 0.268263 0.732587 2 0.255024 0.737196 2 0.265000 0.734677 2 0.259343 0.735966 2 0.263513 0.748397 2 0.257895 0.749437 2 0.263297 0.763250 2 0.259251 0.762666 2
0 0.592962 0.454248 0.012605 0.045752 0.595409 0.437970 1 0.595290 0.436885 1 0.595442 0.437077 1 0.593778 0.437345 2 0.596315 0.437665 2 0.591950 0.443400 2 0.597373 0.443000 2 0.589615 0.448513 2 0.599367 0.447544 2 0.589548 0.449822 2 0.597955 0.446340 1 0.592175 0.457797 2 0.595788 0.457479 2 0.592211 0.467805 2 0.596151 0.465901 2 0.590423 0.474596 2 0.594794 0.470496 2
0 0.366597 0.301587 0.012605 0.048553 0.364005 0.278948 1 0.363694 0.278104 1 0.363923 0.278168 1 0.361730 0.278369 1 0.363611 0.278535 2 0.360516 0.283514 2 0.362864 0.282509 2 0.361111 0.290085 2 0.362430 0.290494 2 0.363234 0.294885 1 0.363712 0.295829 2 0.358875 0.297292 2 0.360842 0.296570 2 0.361473 0.305977 2 0.365650 0.301388 2 0.359619 0.317035 2 0.364767 0.310504 2
0 0.597689 0.376284 0.016807 0.054155 0.598505 0.356433 2 0.599077 0.355239 2 0.597791 0.355646 2 0.600259 0.354893 2 0.597046 0.355828 2 0.601569 0.360101 2 0.596794 0.360520 2 0.602371 0.366647 2 0.595393 0.366409 2 0.600892 0.368251 2 0.596714 0.367857 2 0.600682 0.372492 2 0.597625 0.372441 2 0.599396 0.381638 2 0.597417 0.381358 2 0.598976 0.388990 2 0.596116 0.388063 2
0 0.120536 0.314659 0.016282 0.054155 0.119693 0.296956 1 0.119609 0.295850 1 0.119919 0.295725 1 0.119316 0.296017 1 0.121645 0.295631 2 0.119260 0.302288 2 0.123522 0.301098 2 0.119593 0.310108 2 0.125627 0.307968 2 0.119865 0.316779 2 0.127555 0.313564 2 0.120971 0.316243 2 0.123717 0.315490 2 0.122230 0.326305 2 0.124133 0.324454 2 0.123843 0.336084 2 0.124704 0.334623 2
0 0.184349 0.278245 0.014706 0.048553 0.184586 0.261636 2 0.184645 0.260721 2 0.184029 0.260980 2 0.184602 0.261308 1 0.183059 0.261918 2 0.185300 0.265474 2 0.183832 0.266748 2 0.187990 0.268248 2 0.186710 0.270429 2 0.187000 0.268565 2 0.187817 0.268965 2 0.186614 0.277722 2 0.185533 0.278376 2 0.187328 0.286383 2 0.186745 0.287292 2 0.188112 0.295882 2 0.187347 0.296692 2
0 0.230830 0.313725 0.015231 0.029879 0.233369 0.302114 1 0.232985 0.301398 1 0.233518 0.301385 1 0.231553 0.301671 2 0.233976 0.301856 2 0.230443 0.305568 2 0.234177 0.306219 2 0.229128 0.311451 2 0.234206 0.313208 2 0.229975 0.315104 2 0.235800 0.316181 2 0.231571 0.316337 2 0.233936 0.317129 2 0.237524 0.311083 2 0.239195 0.311574 2 0.236940 0.317985 1 0.237458 0.318858 2
0 0.245798 0.295051 0.013655 0.057890 0.245347 0.282964 2 0.245905 0.282213 2 0.245083 0.281794 2 0.246546 0.282545 2 0.244498 0.281462 2 0.247272 0.287732 2 0.242676 0.286691 2 0.248261 0.295450 2 0.242823 0.294392 2 0.246526 0.298088 2 0.245556 0.297378 2 0.247031 0.298841 2 0.243849 0.298741 2 0.247982 0.303391 2 0.244889 0.303216 2 0.248571 0.315622 2 0.245036 0.315504 2
0 0.235294 0.276377 0.014706 0.054155 0.234591 0.256426 1 0.234536 0.255468 1 0.234769 0.255406 1 0.233824 0.255947 2 0.236356 0.255621 2 0.233406 0.261286 2 0.238086 0.260787 2 0.232594 0.268073 2 0.239894 0.267142 2 0.232345 0.274223 2 0.239029 0.270100 2 0.234962 0.273746 2 0.238144 0.273531 2 0.235590 0.284211 2 0.238625 0.283389 2 0.236405 0.293047 2 0.239606 0.292584 2
0 0.340599 0.295051 0.012080 0.050420 0.339699 0.277505 2 0.340095 0.276646 2 0.339488 0.276799 1 0.341364 0.276837 2 0.339596 0.277143 1 0.343167 0.282330 2 0.339144 0.282187 2 0.344492 0.287278 2 0.338400 0.288067 2 0.342232 0.286682 2 0.340207 0.292562 2 0.343244 0.294872 2 0.340156 0.294649 2 0.344009 0.305157 2 0.340052 0.304071 2 0.345646 0.314775 2 0.338172 0.312780 2
0 0.584034 0.200747 0.012605 0.039216 0.585894 0.187715 1 0.585998 0.187064 1 0.586215 0.187058 1 0.586310 0.187401 2 0.587675 0.187369 1 0.586432 0.191137 2 0.587745 0.191067 2 0.584639 0.195684 2 0.585931 0.196297 1 0.582555 0.196541 2 0.583580 0.198713 1 0.586678 0.202913 2 0.587483 0.202689 2 0.585721 0.211438 2 0.586111 0.211300 2 0.587379 0.220152 2 0.587370 0.219687 2
0 0.403099 0.134921 0.014181 0.038282 0.404509 0.125101 2 0.404752 0.124349 2 0.404101 0.124404 2 0.405079 0.124787 2 0.403437 0.124896 2 0.405905 0.128349 2 0.402618 0.128387 2 0.407146 0.132330 2 0.401757 0.131820 2 0.406593 0.133344 2 0.402762 0.129558 2 0.405735 0.136445 2 0.403420 0.136534 2 0.406555 0.142580 2 0.402498 0.142400 2 0.406786 0.149682 2 0.402946 0.148830 2
0 0.184611 0.161998 0.008929 0.045752 0.186693 0.149544 1 0.186670 0.148813 1 0.186849 0.148819 1 0.186143 0.149131 1 0.187847 0.149098 1 0.185570 0.153260 2 0.188375 0.153017 2 0.185208 0.158917 2 0.189247 0.158455 2 0.185294 0.163450 2 0.189331 0.162914 2 0.186311 0.163798 2 0.188274 0.163688 2 0.186390 0.172006 2 0.188627 0.171837 2 0.186638 0.180030 2 0.189063 0.179323 2
0 0.193540 0.160598 0.009979 0.033613 0.194057 0.149626 2 0.194283 0.148984 1 0.193704 0.149076 2 0.194596 0.149028 1 0.193158 0.149270 2 0.195617 0.152075 2 0.192514 0.152651 2 0.195912 0.155241 2 0.191618 0.157042 2 0.193835 0.155895 2 0.192077 0.160299 2 0.196130 0.162501 2 0.193881 0.162749 2 0.196722 0.170076 2 0.194109 0.170446 2 0.197436 0.176739 2 0.194169 0.177401 2
0 0.201155 0.165733 0.009454 0.038282 0.200848 0.149849 2 0.201213 0.148989 2 0.200398 0.149088 2 0.201794 0.149217 1 0.199876 0.149470 2 0.202727 0.153176 2 0.199449 0.153353 2 0.203645 0.156690 2 0.198877 0.158636 2 0.202015 0.151650 2 0.199025 0.163289 2 0.202791 0.164526 2 0.200545 0.164572 2 0.203604 0.172352 2 0.200611 0.172546 2 0.204098 0.179652 2 0.201573 0.179567 2
0 0.310924 0.174603 0.008403 0.037348 0.311649 0.162740 1 0.311608 0.162111 1 0.311764 0.162075 1 0.311307 0.162309 1 0.312489 0.162121 2 0.311108 0.166369 2 0.312390 0.165675 2 0.310958 0.171376 1 0.312535 0.170488 1 0.311347 0.176016 1 0.312382 0.174774 1 0.311701 0.175922 2 0.312368 0.175575 2 0.312257 0.182680 2 0.311882 0.181798 2 0.311954 0.188512 2 0.309921 0.186543 2
0 0.567489 0.684874 0.019433 0.049486 0.568491 0.666969 2 0.569141 0.665783 2 0.567679 0.665599 2 0.569830 0.666579 1 0.566107 0.666071 2 0.571063 0.673548 2 0.563495 0.671485 2 0.573649 0.680792 2 0.559172 0.676940 2 0.572693 0.676406 2 0.559061 0.674166 2 0.568495 0.692274 2 0.563843 0.691091 2 0.567672 0.688076 2 0.562338 0.686065 2 0.566317 0.702578 2 0.562583 0.698859 2
0 0.265494 0.111578 0.008929 0.038282 0.264137 0.102288 1 0.264227 0.101597 1 0.264325 0.101545 1 0.264686 0.101748 2 0.265875 0.101489 1 0.265002 0.105123 2 0.266619 0.104759 2 0.264639 0.109375 2 0.268319 0.108736 2 0.263863 0.111039 1 0.267864 0.110533 1 0.265748 0.114030 2 0.266800 0.113854 2 0.265755 0.119982 2 0.266944 0.120264 2 0.265733 0.126331 2 0.267898 0.126389 2
0 0.241334 0.107843 0.020483 0.036415 0.239681 0.095497 2 0.240016 0.094825 2 0.239461 0.094872 1 0.240812 0.095044 2 0.239502 0.095154 1 0.242136 0.098883 2 0.239006 0.098975 2 0.243534 0.103070 2 0.238496 0.103347 2 0.243760 0.106132 2 0.238528 0.106077 2 0.241736 0.108423 2 0.239689 0.108384 2 0.241753 0.114996 2 0.239861 0.114668 2 0.241956 0.121027 2 0.240124 0.120493 2
0 0.325368 0.081699 0.011029 0.040149 0.332726 0.087930 1 0.332701 0.087407 1 0.332695 0.087426 1 0.332309 0.087783 1 0.332644 0.087890 1 0.331953 0.090801 2 0.332173 0.090873 2 0.330952 0.094470 2 0.331081 0.094572 1 0.330861 0.097082 2 0.330899 0.096995 1 0.332439 0.098116 2 0.332583 0.098295 2 0.332798 0.103444 2 0.332866 0.103758 1 0.332783 0.107524 1 0.332831 0.107388 1
0 0.331670 0.078898 0.008929 0.038282 0.332853 0.087680 2 0.333162 0.087117 2 0.332597 0.087141 2 0.333725 0.087362 2 0.332414 0.087433 2 0.334592 0.090664 2 0.331995 0.090651 2 0.335545 0.094674 2 0.331283 0.094255 2 0.335719 0.098199 2 0.330812 0.097072 2 0.334406 0.098310 2 0.332714 0.098347 2 0.334765 0.103515 2 0.333123 0.103702 2 0.335045 0.105305 1 0.333100 0.105305 1
0 0.613183 0.136788 0.013130 0.045752 0.614835 0.121976 2 0.615115 0.121286 2 0.614562 0.121313 2 0.615438 0.120839 2 0.614131 0.120932 2 0.616142 0.123274 2 0.613574 0.124017 2 0.617301 0.126191 2 0.613494 0.127893 2 0.616325 0.128129 2 0.614713 0.129017 2 0.615516 0.132153 2 0.613841 0.132425 2 0.615366 0.138660 2 0.613961 0.139053 2 0.615314 0.145057 2 0.613911 0.145869 2
