0 0.277530 0.935847 0.061012 0.125661 0.272948 0.908299 2 0.276848 0.901956 2 0.269757 0.902413 2 0.284255 0.901164 2 0.266814 0.902510 1 0.294993 0.921977 2 0.267205 0.926072 2 0.303437 0.956945 2 0.266403 0.961284 2 0.297828 0.990395 2 0.262567 0.988458 2 0.298677 0.990899 2 0.280160 0.991386 2 0.294603 0.997326 1 0.271087 0.997018 1 0.295740 0.997841 1 0.281169 1.000000 1
0 0.273438 0.944444 0.048363 0.105820 0.272711 0.908884 2 0.276285 0.902501 2 0.269676 0.903303 2 0.283771 0.901762 2 0.267488 0.903882 2 0.295257 0.922379 2 0.267986 0.926717 2 0.303085 0.955304 2 0.265731 0.960775 2 0.301286 0.990985 2 0.262790 0.990523 2 0.298583 0.994400 2 0.279855 0.995206 2 0.296457 0.991902 1 0.270903 0.991629 1 0.293891 0.987708 1 0.279902 0.987007 1
0 0.387649 0.576720 0.023810 0.116402 0.386037 0.533249 1 0.385981 0.531138 1 0.386601 0.531196 1 0.384055 0.532711 2 0.390030 0.532613 2 0.381928 0.545492 2 0.392687 0.545420 2 0.379878 0.562516 2 0.394768 0.561577 2 0.379418 0.574541 2 0.395786 0.573765 2 0.383292 0.573496 2 0.390974 0.573458 2 0.382851 0.598210 2 0.392455 0.599580 2 0.382548 0.621354 2 0.392486 0.624433 2
0 0.436756 0.628968 0.028274 0.133598 0.437133 0.578042 1 0.436298 0.575569 1 0.436913 0.575877 1 0.430247 0.577871 2 0.437284 0.578776 2 0.426080 0.593698 2 0.439511 0.593877 2 0.423528 0.610229 2 0.442812 0.609333 2 0.425977 0.613211 2 0.440553 0.605681 2 0.427971 0.630787 2 0.437300 0.631042 2 0.428668 0.659433 2 0.438572 0.656961 2 0.428721 0.686849 2 0.438615 0.682625 2
0 0.410714 0.573413 0.025298 0.117725 0.401352 0.533527 1 0.401528 0.531116 1 0.402132 0.530867 1 0.403458 0.530988 2 0.408791 0.529744 1 0.402634 0.542760 2 0.413748 0.540471 2 0.400280 0.558501 2 0.417546 0.557983 2 0.401099 0.565816 2 0.417630 0.570435 2 0.406152 0.575801 2 0.413775 0.574611 2 0.404954 0.601752 2 0.412824 0.599697 2 0.405489 0.626664 2 0.413645 0.621705 2
0 0.468006 0.572090 0.019345 0.088624 0.467225 0.540029 1 0.466535 0.538561 1 0.467277 0.538659 1 0.462809 0.539942 2 0.467750 0.540378 2 0.461007 0.549338 2 0.469270 0.549487 2 0.459814 0.556595 2 0.470124 0.555302 2 0.460631 0.554288 1 0.469282 0.547792 1 0.462960 0.573945 2 0.468243 0.574127 2 0.464057 0.591142 2 0.467274 0.590118 2 0.465385 0.606009 2 0.465658 0.605258 2
0 0.432664 0.572751 0.021577 0.100529 0.436792 0.577782 1 0.435989 0.575503 1 0.436908 0.575655 1 0.430695 0.577425 2 0.437637 0.578159 2 0.426168 0.593514 2 0.439920 0.594401 2 0.423219 0.611608 2 0.443495 0.610673 2 0.427395 0.615566 1 0.439794 0.606998 1 0.428236 0.632385 2 0.437528 0.632997 2 0.429103 0.642092 1 0.438564 0.642092 1 0.429561 0.642092 1 0.436899 0.641749 1
0 0.471354 0.516534 0.018601 0.085979 0.467495 0.540471 1 0.466728 0.539081 1 0.467505 0.539105 1 0.462867 0.540154 2 0.467671 0.540451 2 0.461613 0.548839 2 0.469286 0.549012 2 0.459948 0.556563 2 0.470556 0.555438 2 0.460632 0.554366 1 0.469172 0.547430 1 0.462721 0.572053 2 0.468193 0.572021 2 0.461590 0.576430 1 0.469270 0.575837 1 0.461080 0.575824 1 0.469120 0.576185 1
0 0.450521 0.512566 0.017113 0.093915 0.451750 0.479105 1 0.451338 0.477279 1 0.451767 0.477471 1 0.448154 0.478151 2 0.452517 0.478711 2 0.445649 0.488744 2 0.453970 0.489235 2 0.444352 0.501927 2 0.456621 0.500281 2 0.444367 0.513804 2 0.457299 0.500433 2 0.447181 0.512580 2 0.452889 0.512888 2 0.447342 0.533319 2 0.453148 0.533636 2 0.447020 0.552393 2 0.452263 0.551791 2
0 0.481027 0.450397 0.015625 0.062169 0.483178 0.428451 1 0.482649 0.427127 1 0.483015 0.427151 1 0.479901 0.426797 1 0.482314 0.426747 2 0.478030 0.433633 2 0.483528 0.431600 2 0.477514 0.443996 2 0.486689 0.436167 2 0.478350 0.451932 2 0.484317 0.443969 2 0.479019 0.451335 2 0.482555 0.450712 2 0.481070 0.464662 2 0.482946 0.464048 2 0.480081 0.478018 2 0.481204 0.477368 2
0 0.639137 0.458333 0.013393 0.059524 0.641285 0.443656 2 0.641396 0.442491 1 0.640963 0.442456 2 0.640786 0.442008 1 0.639845 0.441864 2 0.640462 0.446794 2 0.638661 0.447118 2 0.641994 0.452958 2 0.638408 0.454484 2 0.642510 0.457146 2 0.640254 0.459493 2 0.639843 0.460058 2 0.638850 0.460240 2 0.639080 0.469388 2 0.638304 0.469298 2 0.637363 0.478325 2 0.637227 0.478250 2
0 0.639137 0.513228 0.014881 0.044974 0.642350 0.497451 2 0.642795 0.496723 2 0.641984 0.496430 2 0.642493 0.497293 1 0.641120 0.496663 2 0.639436 0.501622 2 0.640219 0.501083 2 0.639095 0.508362 1 0.639987 0.509157 2 0.642350 0.511947 1 0.643465 0.513242 2 0.637066 0.513441 2 0.637681 0.513486 2 0.639722 0.523033 2 0.641280 0.522768 2 0.638174 0.533155 2 0.639000 0.532003 2
