0 0.904149 0.220822 0.015231 0.055089 0.905649 0.193341 2 0.906284 0.192244 2 0.905080 0.192243 2 0.907360 0.193238 2 0.904293 0.193013 2 0.908198 0.201137 2 0.902664 0.199534 2 0.909435 0.209302 2 0.900018 0.207947 2 0.907922 0.212607 2 0.899125 0.214904 2 0.905498 0.217191 2 0.901556 0.215754 2 0.904007 0.230981 2 0.898222 0.227968 2 0.901767 0.244211 2 0.893908 0.239090 2
0 0.066439 0.027077 0.013130 0.054155 0.060171 0.005104 2 0.060387 0.003736 2 0.060135 0.004276 1 0.062507 0.003278 2 0.062170 0.004258 1 0.066811 0.008677 2 0.062798 0.008515 2 0.071968 0.016579 2 0.062322 0.015450 2 0.072907 0.023778 2 0.062275 0.018709 2 0.069390 0.025907 2 0.066984 0.025726 2 0.071362 0.040031 2 0.068785 0.037605 2 0.074207 0.052622 2 0.072541 0.047154 2
0 0.902574 0.200747 0.013130 0.056022 0.906017 0.196425 2 0.906532 0.195616 1 0.905499 0.195431 2 0.907232 0.196609 1 0.904520 0.195933 2 0.907763 0.203016 2 0.902871 0.201245 2 0.908861 0.209824 2 0.900990 0.208031 2 0.908170 0.213373 2 0.902772 0.213456 2 0.905550 0.217168 2 0.902078 0.215907 2 0.903867 0.230395 2 0.899378 0.227604 2 0.901645 0.239656 2 0.894100 0.235826 2
0 0.903099 0.030812 0.014181 0.046685 0.903469 0.001713 1 0.903661 0.000567 1 0.903984 0.000653 1 0.905070 0.001390 2 0.906659 0.001274 1 0.905629 0.008995 2 0.906824 0.007402 2 0.902215 0.019970 2 0.902902 0.016781 2 0.898976 0.018343 2 0.899336 0.018317 2 0.903097 0.026972 2 0.903847 0.025402 2 0.899494 0.037591 2 0.899853 0.036046 2 0.898680 0.050996 2 0.899215 0.049505 2
0 0.879202 0.038282 0.016807 0.042951 0.883603 0.013115 1 0.883866 0.012059 1 0.883426 0.012163 1 0.884208 0.012087 1 0.883358 0.012307 2 0.885369 0.017675 2 0.882238 0.018175 2 0.886439 0.025636 2 0.879581 0.025919 2 0.885893 0.034318 2 0.877398 0.034634 2 0.883908 0.032779 2 0.881844 0.032727 2 0.883218 0.043899 2 0.880543 0.044260 2 0.883443 0.056048 2 0.879297 0.057228 2
0 0.887080 0.038282 0.015756 0.037348 0.883846 0.015428 1 0.883660 0.014275 1 0.883962 0.014412 1 0.882645 0.013654 1 0.884464 0.014038 2 0.882033 0.018172 2 0.883978 0.018561 2 0.879800 0.026641 2 0.883561 0.027273 2 0.877805 0.035409 2 0.882806 0.035436 2 0.880874 0.033508 2 0.882100 0.033473 2 0.880056 0.044947 2 0.880408 0.045067 2 0.878928 0.057199 2 0.879422 0.057217 2
0 0.900210 0.036881 0.016807 0.043884 0.904774 0.006542 1 0.904938 0.006536 1 0.905226 0.006536 1 0.906016 0.006536 1 0.907545 0.006536 1 0.906194 0.010541 2 0.906789 0.008476 2 0.902239 0.021447 2 0.902356 0.016990 1 0.898733 0.017515 2 0.899023 0.017299 2 0.902982 0.027597 2 0.903237 0.025830 2 0.899310 0.037799 2 0.899053 0.035660 2 0.898998 0.051956 2 0.898543 0.048323 2
0 0.365284 0.823063 0.021534 0.077498 0.366764 0.799149 1 0.365260 0.797246 1 0.366439 0.797429 1 0.359296 0.798211 1 0.364658 0.799239 2 0.357479 0.807328 2 0.367351 0.810514 2 0.359516 0.805658 2 0.375087 0.812446 2 0.367145 0.801315 1 0.378894 0.806918 2 0.360185 0.833374 2 0.366658 0.834898 2 0.361625 0.853733 2 0.367155 0.853782 2 0.361740 0.870310 1 0.367156 0.873852 1
0 0.945641 0.868814 0.043592 0.071895 0.954516 0.823137 1 0.955623 0.822063 1 0.954469 0.821430 1 0.958593 0.821917 2 0.955776 0.820749 1 0.960736 0.828832 2 0.952150 0.822911 2 0.959714 0.845778 2 0.939950 0.822236 2 0.955734 0.862823 2 0.931983 0.827813 2 0.955354 0.858902 2 0.951829 0.855520 2 0.943365 0.872718 2 0.949734 0.873421 2 0.935965 0.895813 2 0.949628 0.893239 2
0 0.944065 0.826797 0.029937 0.043884 0.952253 0.823306 2 0.953745 0.823062 2 0.952327 0.820595 2 0.957545 0.821573 2 0.952963 0.816171 1 0.960227 0.824666 2 0.949283 0.814765 2 0.958131 0.842168 2 0.940706 0.818955 2 0.954919 0.851307 2 0.931682 0.826500 2 0.959555 0.844857 2 0.953160 0.840272 2 0.955721 0.854807 1 0.951078 0.851406 2 0.951397 0.854649 1 0.953642 0.849048 1
0 0.977679 0.673669 0.038340 0.070028 0.990856 0.652397 2 0.991912 0.650851 2 0.989663 0.650114 2 0.992555 0.650000 1 0.986691 0.648515 2 0.990652 0.655761 2 0.982662 0.655445 2 0.989861 0.666157 2 0.978748 0.669324 2 0.989121 0.673445 2 0.983872 0.674530 2 0.984399 0.678115 2 0.976795 0.677314 2 0.991982 0.691149 2 0.970931 0.690093 2 0.996114 0.703801 2 0.964644 0.702901 2
0 0.089023 0.916433 0.013130 0.079365 0.089111 0.901626 2 0.090443 0.899005 2 0.087468 0.898906 2 0.093759 0.895323 2 0.086251 0.895105 1 0.098214 0.901641 2 0.086710 0.897104 2 0.098214 0.923353 1 0.084460 0.912013 2 0.096585 0.943205 1 0.083300 0.917173 2 0.098214 0.920179 2 0.090616 0.916301 2 0.090217 0.947971 2 0.085979 0.939194 2 0.092549 0.961778 1 0.089177 0.952641 2
0 0.228204 0.800654 0.026786 0.073763 0.225384 0.787753 2 0.225594 0.785288 2 0.224443 0.785759 1 0.228061 0.781399 2 0.225820 0.782298 1 0.232180 0.788731 2 0.231998 0.784340 2 0.230641 0.808090 2 0.227934 0.793178 1 0.223931 0.812464 2 0.219766 0.792994 1 0.237124 0.813645 2 0.237110 0.809663 2 0.221444 0.816307 2 0.223178 0.812655 1 0.227598 0.832152 2 0.227003 0.827986 1
0 0.961397 0.924837 0.047794 0.075630 0.984278 0.907478 1 0.983160 0.904400 1 0.984129 0.906908 1 0.978459 0.897918 1 0.983695 0.905188 2 0.974351 0.897430 2 0.977547 0.912365 2 0.968143 0.899779 2 0.971176 0.930109 2 0.967782 0.908156 1 0.970330 0.936079 2 0.960276 0.920794 2 0.964244 0.926329 2 0.957984 0.932960 2 0.970209 0.942454 2 0.941215 0.944472 2 0.962264 0.952814 2
0 0.215599 0.495331 0.019433 0.084967 0.212050 0.464652 2 0.212896 0.462082 2 0.210833 0.462962 2 0.213662 0.460033 1 0.208623 0.462067 2 0.215063 0.466314 2 0.206838 0.471819 2 0.216742 0.471558 2 0.207036 0.485922 2 0.217706 0.473867 2 0.210952 0.494870 2 0.216491 0.491853 2 0.211834 0.494866 2 0.215913 0.507844 2 0.216424 0.511678 2 0.215005 0.523529 2 0.221602 0.527897 2
0 0.168855 0.488329 0.023634 0.070962 0.167733 0.460565 2 0.167639 0.458339 2 0.166167 0.460023 2 0.167915 0.457968 1 0.163549 0.462111 2 0.168893 0.466801 2 0.163108 0.472396 2 0.170332 0.476298 1 0.163630 0.487286 2 0.172838 0.488024 1 0.166752 0.497260 2 0.173388 0.490621 2 0.168401 0.493752 2 0.178139 0.504648 2 0.168901 0.508076 2 0.181610 0.519932 2 0.164032 0.518034 2
0 0.210347 0.295518 0.012080 0.045752 0.213433 0.282550 2 0.213613 0.280840 2 0.212318 0.281469 2 0.213672 0.281009 1 0.210032 0.282798 2 0.214207 0.287659 2 0.209406 0.291896 2 0.216816 0.295368 2 0.210943 0.303987 2 0.215129 0.298050 1 0.215467 0.301399 2 0.214227 0.306544 2 0.211128 0.308847 2 0.218321 0.308785 1 0.216768 0.311084 2 0.217304 0.323972 1 0.216021 0.324789 1
0 0.794380 0.218021 0.016282 0.055089 0.794292 0.197804 2 0.794659 0.196634 2 0.794600 0.196570 1 0.796182 0.197541 2 0.797355 0.197047 1 0.795835 0.205427 2 0.798727 0.203711 2 0.793047 0.215196 2 0.798929 0.213595 2 0.788224 0.215610 2 0.797303 0.219289 2 0.794395 0.223395 2 0.796677 0.222001 2 0.788608 0.231015 2 0.794641 0.229087 2 0.789235 0.238967 2 0.798191 0.234074 2
0 0.710872 0.129318 0.016282 0.055089 0.710684 0.106345 2 0.711176 0.104709 2 0.710898 0.105051 1 0.712901 0.106324 2 0.713255 0.106560 1 0.714486 0.116502 2 0.714029 0.116147 2 0.712500 0.130607 2 0.711230 0.129164 1 0.709839 0.139171 2 0.707589 0.136420 1 0.713950 0.136835 2 0.713773 0.135718 2 0.707041 0.141935 2 0.706861 0.140667 2 0.704970 0.156330 2 0.705432 0.155737 2
0 0.803309 0.650327 0.021534 0.071895 0.806187 0.630784 2 0.807583 0.629703 2 0.805811 0.628176 2 0.809799 0.629036 2 0.805153 0.625344 1 0.810931 0.637622 2 0.802205 0.628593 2 0.810681 0.653176 2 0.794464 0.634515 2 0.805849 0.660401 2 0.790796 0.646715 2 0.802255 0.658701 2 0.796675 0.652949 2 0.795093 0.669057 2 0.790165 0.662320 2 0.795503 0.677741 1 0.790422 0.673095 1
