0 0.889181 0.492530 0.021008 0.055089 0.897785 0.472562 2 0.898836 0.471409 2 0.897361 0.470460 2 0.899727 0.470982 2 0.896111 0.468404 2 0.899356 0.479229 2 0.892746 0.471397 2 0.898543 0.493680 2 0.887456 0.477472 2 0.896625 0.503098 2 0.885425 0.485929 2 0.890970 0.491284 2 0.887056 0.486673 2 0.886572 0.504116 2 0.884090 0.497872 2 0.882165 0.509622 2 0.881699 0.503493 2
0 0.900473 0.485528 0.015231 0.052288 0.907005 0.469623 1 0.906712 0.467777 1 0.907344 0.468609 1 0.903880 0.466903 1 0.907340 0.469523 2 0.899108 0.470771 2 0.904893 0.475353 2 0.897212 0.470923 2 0.903165 0.476197 2 0.901052 0.472135 1 0.904228 0.474915 2 0.891136 0.483679 2 0.894970 0.486152 2 0.892859 0.491128 2 0.896495 0.497268 2 0.892617 0.500785 1 0.895708 0.506192 1
0 0.951418 0.318861 0.015231 0.045752 0.957627 0.303612 2 0.958130 0.302774 2 0.957143 0.302553 2 0.958482 0.303192 1 0.955910 0.302556 2 0.958261 0.308499 2 0.953407 0.306616 2 0.958626 0.315014 2 0.949224 0.308538 2 0.958053 0.320825 2 0.950571 0.308521 2 0.954490 0.321000 2 0.951444 0.320161 2 0.952002 0.330042 2 0.949272 0.329929 2 0.950691 0.340456 2 0.948242 0.340127 2
0 0.679097 0.047152 0.009454 0.049486 0.680163 0.028988 2 0.681041 0.028087 2 0.679426 0.027917 2 0.682189 0.029220 2 0.678424 0.028942 2 0.682305 0.033581 2 0.677893 0.034106 2 0.682699 0.030357 2 0.676585 0.035398 2 0.682033 0.025994 2 0.675183 0.040862 2 0.680666 0.044134 2 0.677971 0.043875 2 0.678713 0.054936 2 0.677497 0.054037 2 0.677864 0.066436 2 0.677610 0.066110 2
0 0.827468 0.124650 0.015231 0.047619 0.833212 0.106297 2 0.833501 0.105455 2 0.832779 0.105249 2 0.833101 0.105789 1 0.831427 0.105312 2 0.832313 0.111527 2 0.829558 0.110027 2 0.830853 0.118569 2 0.827166 0.116278 2 0.831044 0.121097 2 0.827783 0.121492 2 0.829324 0.124294 2 0.827139 0.123333 2 0.827754 0.133994 2 0.824348 0.132890 2 0.825648 0.143437 2 0.820925 0.142695 2
0 0.101103 0.060691 0.011029 0.052288 0.099218 0.039967 2 0.099536 0.038690 1 0.098596 0.038800 2 0.099378 0.038690 1 0.097222 0.039160 2 0.098931 0.042767 2 0.096294 0.045993 2 0.099183 0.044692 1 0.096195 0.054346 2 0.099595 0.043525 1 0.096894 0.058992 2 0.101479 0.056805 2 0.099831 0.058915 2 0.102522 0.066838 2 0.101866 0.069762 2 0.103838 0.076842 2 0.104052 0.079543 2
0 0.839548 0.129785 0.015231 0.044818 0.842514 0.114596 2 0.843289 0.114033 2 0.842238 0.113367 2 0.844209 0.114935 2 0.841580 0.113294 2 0.843589 0.120451 2 0.840286 0.118066 2 0.843186 0.125402 2 0.838504 0.123414 2 0.841951 0.122695 2 0.837293 0.129107 2 0.840530 0.130370 2 0.838292 0.128907 2 0.839227 0.136570 2 0.836608 0.135035 2 0.837878 0.143817 2 0.834821 0.143167 2
0 0.402574 0.873483 0.027836 0.047619 0.404153 0.871518 2 0.405878 0.867977 2 0.402210 0.868272 2 0.408473 0.867791 2 0.399605 0.868621 2 0.413068 0.878622 2 0.397238 0.880981 2 0.416757 0.891284 2 0.395721 0.893765 2 0.413102 0.890892 2 0.397797 0.892499 2 0.413339 0.897049 2 0.403133 0.898661 1 0.418936 0.884313 1 0.403767 0.887695 1 0.414323 0.887026 1 0.411293 0.893292 1
0 0.819590 0.907096 0.023634 0.056956 0.824533 0.881932 2 0.824910 0.880536 2 0.825081 0.881184 1 0.826424 0.882390 2 0.828708 0.883522 1 0.823897 0.890648 2 0.829621 0.892744 2 0.818201 0.897321 2 0.830197 0.903088 2 0.817234 0.899379 2 0.826840 0.901513 1 0.820179 0.906238 2 0.824340 0.906622 2 0.815748 0.905281 2 0.822609 0.905844 2 0.812091 0.920620 2 0.822656 0.916828 2
0 0.830095 0.873483 0.019433 0.043884 0.823689 0.881626 2 0.824137 0.879862 2 0.824678 0.880212 1 0.825665 0.880915 2 0.828812 0.881398 1 0.822211 0.892181 2 0.830957 0.893554 2 0.817731 0.899204 2 0.829503 0.899741 1 0.818858 0.899134 1 0.824672 0.896150 1 0.821224 0.903405 1 0.827151 0.903405 1 0.819907 0.895012 1 0.825277 0.898093 1 0.819555 0.898204 1 0.823204 0.900650 1
0 0.858718 0.847339 0.022059 0.047619 0.872139 0.830552 2 0.872923 0.828533 1 0.871246 0.827913 2 0.872005 0.828582 1 0.867887 0.827564 2 0.868346 0.838997 2 0.862665 0.838924 2 0.863914 0.848545 1 0.863951 0.849819 2 0.864997 0.841900 1 0.869117 0.840792 2 0.859339 0.854604 2 0.855167 0.854781 2 0.861062 0.852064 1 0.858795 0.852843 2 0.850855 0.857348 1 0.851320 0.858508 1
0 0.849002 0.790383 0.026786 0.047619 0.859383 0.781722 2 0.859712 0.780159 1 0.858775 0.780150 2 0.858879 0.778475 1 0.856061 0.778834 2 0.858400 0.780611 2 0.851409 0.784251 2 0.859956 0.786437 2 0.846923 0.795755 2 0.857793 0.794143 2 0.853466 0.796168 2 0.851542 0.796404 2 0.847044 0.798172 2 0.854851 0.801978 2 0.849040 0.803392 2 0.848848 0.810328 2 0.844579 0.813611 2
0 0.928046 0.910831 0.031513 0.053221 0.933486 0.892291 1 0.933784 0.890580 1 0.934439 0.891553 1 0.934056 0.891757 2 0.937604 0.893501 1 0.931433 0.899913 2 0.938074 0.903858 2 0.924413 0.909269 2 0.935206 0.909095 2 0.920890 0.914949 2 0.931149 0.908389 1 0.929578 0.919625 2 0.933992 0.921889 2 0.923131 0.910230 2 0.927806 0.920892 2 0.918297 0.924141 2 0.922830 0.938338 2
0 0.038603 0.171335 0.011029 0.045752 0.043054 0.158189 2 0.043419 0.156100 2 0.041963 0.157640 2 0.044511 0.154215 2 0.040912 0.158122 2 0.045718 0.157434 2 0.041735 0.163109 2 0.045552 0.161648 1 0.040858 0.169009 2 0.041289 0.165205 1 0.039510 0.167516 2 0.046218 0.170559 2 0.044222 0.172894 2 0.043888 0.169953 1 0.042064 0.173857 2 0.044408 0.184294 1 0.043451 0.185281 2
0 0.807511 0.885621 0.017332 0.053221 0.815621 0.872886 1 0.815081 0.871181 1 0.815646 0.871841 1 0.811571 0.870310 1 0.814501 0.872805 2 0.807587 0.874149 2 0.812133 0.880811 2 0.804469 0.876099 2 0.812313 0.890456 2 0.804987 0.875980 1 0.813295 0.890252 2 0.803078 0.888799 2 0.805920 0.891953 2 0.803458 0.898092 2 0.805523 0.903044 2 0.801152 0.909495 2 0.802779 0.913546 2
0 0.242384 0.622782 0.015231 0.056022 0.239922 0.599198 1 0.239488 0.598254 1 0.239823 0.598335 1 0.237959 0.599442 1 0.239483 0.599836 2 0.238960 0.605593 2 0.238459 0.608144 2 0.240669 0.611470 2 0.238252 0.618390 2 0.243862 0.612405 2 0.243969 0.616635 2 0.242326 0.621375 2 0.242020 0.623096 2 0.243194 0.629680 2 0.242652 0.631769 2 0.243802 0.639193 2 0.242871 0.642799 2
0 0.244485 0.387021 0.011029 0.038282 0.247329 0.376887 2 0.247243 0.375615 1 0.246823 0.375599 2 0.246123 0.375658 1 0.244959 0.375881 2 0.245467 0.380993 2 0.244119 0.383939 2 0.248652 0.381524 2 0.246033 0.393152 2 0.250083 0.376954 2 0.247292 0.400609 2 0.246768 0.398765 2 0.245931 0.400392 2 0.247728 0.407416 1 0.247823 0.409040 1 0.247117 0.409413 1 0.246604 0.410367 1
0 0.774947 0.296452 0.018382 0.043884 0.780443 0.281013 2 0.780481 0.279855 1 0.780185 0.279991 2 0.779427 0.280926 1 0.779440 0.281113 2 0.777946 0.288832 2 0.779687 0.287236 2 0.773112 0.294638 2 0.775141 0.288693 2 0.769836 0.291400 2 0.771976 0.285654 2 0.776056 0.304528 2 0.777034 0.303134 2 0.767908 0.300424 2 0.769104 0.298889 2 0.769036 0.314931 2 0.769204 0.313538 2
