0 0.565993 0.587908 0.004779 0.020261 0.565930 0.578625 1 0.565956 0.577959 1 0.566215 0.577967 1 0.565868 0.578247 2 0.567856 0.578105 2 0.564882 0.581808 2 0.569026 0.581872 2 0.563382 0.586870 2 0.569024 0.587631 1 0.563698 0.593034 2 0.568005 0.593377 1 0.565978 0.594454 2 0.568831 0.594476 2 0.565652 0.601313 1 0.568494 0.601388 1 0.565949 0.601808 1 0.568422 0.601808 1
0 0.033456 0.634967 0.008088 0.029412 0.033447 0.630533 2 0.034205 0.629323 2 0.032648 0.629505 2 0.035444 0.630091 2 0.031518 0.630547 2 0.036704 0.637129 2 0.030482 0.637369 2 0.036668 0.644750 2 0.028420 0.644925 2 0.033635 0.647295 2 0.029013 0.648621 1 0.035565 0.650395 2 0.031329 0.650258 2 0.034797 0.652890 1 0.029967 0.652464 1 0.035463 0.655433 1 0.030279 0.654778 1
0 0.124449 0.538889 0.004779 0.028105 0.123672 0.530453 2 0.124106 0.529707 2 0.123262 0.529862 2 0.125054 0.529602 2 0.122919 0.529969 1 0.126303 0.533022 2 0.122545 0.533131 2 0.126360 0.539130 2 0.121721 0.538437 2 0.124871 0.543531 2 0.122130 0.543251 2 0.125846 0.542914 2 0.123449 0.542768 2 0.123920 0.546954 2 0.122326 0.547006 2 0.123333 0.555133 2 0.122432 0.555262 2
0 0.153860 0.492157 0.007721 0.032680 0.155290 0.476122 2 0.155589 0.475366 2 0.154852 0.475435 2 0.155907 0.475605 1 0.154038 0.475774 2 0.157210 0.479212 2 0.153296 0.480061 2 0.158572 0.484403 2 0.151869 0.484228 2 0.158199 0.488787 2 0.151424 0.488100 2 0.156689 0.489876 2 0.154076 0.490425 2 0.157075 0.497338 2 0.153982 0.499864 2 0.156936 0.504169 2 0.153620 0.509354 2
0 0.978860 0.576144 0.009191 0.028105 0.975229 0.565074 1 0.975195 0.564158 1 0.975653 0.564442 1 0.974670 0.564407 2 0.977180 0.565029 2 0.973480 0.568678 2 0.977726 0.569952 2 0.972426 0.572899 1 0.978036 0.576733 2 0.972795 0.574897 1 0.977578 0.582753 2 0.973551 0.580301 2 0.976096 0.580631 2 0.973143 0.590935 2 0.973818 0.591399 2 0.974673 0.594069 1 0.973200 0.594101 1
0 0.946140 0.537908 0.006250 0.033987 0.948589 0.526409 2 0.948862 0.525751 1 0.948415 0.525645 1 0.949027 0.526376 1 0.948165 0.526053 2 0.949426 0.531074 2 0.946939 0.530390 2 0.949819 0.536979 2 0.945058 0.534019 2 0.949780 0.542525 2 0.945730 0.535013 2 0.947967 0.541221 2 0.946469 0.540986 2 0.947318 0.548346 2 0.946352 0.548457 2 0.946282 0.554925 2 0.946032 0.555581 2
0 0.860846 0.492484 0.009926 0.028105 0.862396 0.479913 2 0.862524 0.479365 2 0.862093 0.479332 2 0.862364 0.479736 1 0.861259 0.479530 2 0.862717 0.483068 2 0.859800 0.482734 2 0.862611 0.487210 2 0.859034 0.487235 2 0.861970 0.487182 2 0.860604 0.486515 2 0.862066 0.493090 2 0.860100 0.492896 2 0.861575 0.500347 2 0.860319 0.499632 2 0.858929 0.505862 2 0.858813 0.505059 2
0 0.846691 0.466340 0.008824 0.015033 0.848727 0.463911 2 0.849032 0.463342 2 0.848462 0.463251 2 0.849516 0.463236 2 0.848002 0.463005 2 0.850143 0.465847 2 0.846947 0.465090 2 0.851176 0.469736 2 0.845723 0.468355 2 0.850576 0.471510 2 0.847113 0.470299 2 0.849188 0.472773 2 0.846964 0.472426 2 0.850507 0.473126 1 0.845921 0.472583 2 0.849723 0.475045 1 0.845939 0.473956 1
0 0.877206 0.434967 0.009559 0.020261 0.878921 0.423322 1 0.879129 0.422913 1 0.878776 0.422864 1 0.879395 0.423342 1 0.878545 0.423163 2 0.879941 0.427006 2 0.877244 0.426360 2 0.880639 0.431092 2 0.875826 0.430067 2 0.880854 0.434802 2 0.875622 0.434410 2 0.878948 0.435534 2 0.877129 0.435144 2 0.878273 0.441305 2 0.876630 0.440734 2 0.877115 0.446331 2 0.874859 0.445206 2
0 0.887868 0.428431 0.008088 0.020261 0.884870 0.426292 2 0.885044 0.425714 2 0.884518 0.425708 2 0.885233 0.426050 1 0.883802 0.426036 2 0.885754 0.429327 2 0.882878 0.429533 2 0.886036 0.433232 2 0.882493 0.434026 2 0.886324 0.435083 2 0.884633 0.434519 2 0.885435 0.436047 2 0.883447 0.436415 2 0.887356 0.436733 2 0.884928 0.437040 2 0.886809 0.442259 2 0.884842 0.442259 2
0 0.968750 0.471569 0.005882 0.025490 0.968795 0.462669 2 0.969097 0.462094 2 0.968437 0.462054 2 0.969282 0.462438 1 0.967752 0.462286 2 0.969572 0.465889 2 0.966887 0.465611 2 0.969857 0.470426 2 0.965428 0.468751 2 0.970066 0.473978 2 0.966173 0.466327 2 0.968465 0.474576 2 0.966892 0.474473 2 0.967277 0.481226 2 0.966964 0.481258 2 0.966377 0.486909 2 0.966853 0.487404 2
0 0.981066 0.667974 0.012868 0.043137 0.983117 0.652527 1 0.983042 0.651405 1 0.983411 0.651821 1 0.981694 0.651612 2 0.984659 0.652684 2 0.979726 0.656308 2 0.985506 0.658973 2 0.977472 0.663392 2 0.986333 0.667034 2 0.976496 0.668767 2 0.984859 0.669999 2 0.979122 0.671999 2 0.982920 0.673311 2 0.978494 0.680644 2 0.981686 0.683980 2 0.978718 0.689941 2 0.980899 0.693847 2
0 0.967463 0.659150 0.015074 0.047712 0.970425 0.641114 1 0.970436 0.639991 1 0.970721 0.640492 1 0.969321 0.640314 2 0.971705 0.641439 2 0.967130 0.645622 2 0.972020 0.647291 2 0.965010 0.652679 2 0.972547 0.655640 2 0.964065 0.657574 2 0.972851 0.660639 2 0.965699 0.659116 2 0.968826 0.659640 2 0.964420 0.668342 2 0.967107 0.669209 2 0.965138 0.677827 2 0.966780 0.677724 2
0 0.967096 0.546732 0.012868 0.042484 0.970360 0.532051 1 0.970210 0.531258 1 0.970351 0.531602 1 0.968493 0.531702 2 0.970601 0.532534 2 0.966504 0.536646 2 0.971218 0.537162 2 0.964994 0.542838 2 0.971258 0.544571 2 0.964994 0.548571 2 0.970494 0.550178 2 0.965601 0.550352 2 0.969035 0.550227 2 0.964591 0.555517 2 0.969474 0.553402 2 0.964954 0.564501 2 0.969548 0.560718 2
0 0.941360 0.640523 0.012132 0.052288 0.944381 0.621014 1 0.944374 0.619967 1 0.944390 0.620073 1 0.943078 0.620457 1 0.944319 0.620831 2 0.941312 0.625764 2 0.942654 0.626200 2 0.938613 0.629918 2 0.940493 0.630112 2 0.940387 0.625247 2 0.939659 0.624713 2 0.940780 0.638462 2 0.941577 0.638823 2 0.940519 0.648514 2 0.940034 0.649374 2 0.939509 0.658546 2 0.939440 0.658025 2
0 0.863603 0.667647 0.016176 0.035948 0.865116 0.654743 1 0.865185 0.653800 1 0.865561 0.654253 1 0.864904 0.654370 2 0.867314 0.655125 2 0.863442 0.659226 2 0.868396 0.660378 2 0.860721 0.665127 2 0.869403 0.664742 2 0.859269 0.662518 2 0.868255 0.659753 1 0.862608 0.672751 2 0.865701 0.673163 2 0.859091 0.671821 2 0.861870 0.674106 2 0.858951 0.680980 2 0.860057 0.683120 2
0 0.961213 0.477451 0.011397 0.034641 0.968887 0.462778 2 0.969031 0.462180 1 0.968657 0.462108 2 0.968652 0.462543 1 0.967896 0.462221 2 0.968814 0.465613 2 0.966765 0.465422 2 0.968971 0.470172 1 0.965327 0.468519 2 0.968717 0.470751 1 0.966232 0.466118 2 0.967878 0.474288 2 0.966833 0.474334 2 0.966705 0.480609 2 0.967691 0.481141 2 0.964017 0.485551 2 0.967173 0.487889 2
0 0.785662 0.420915 0.008824 0.030065 0.786425 0.413117 1 0.786514 0.412635 1 0.786558 0.412660 1 0.786722 0.412870 2 0.787503 0.412832 1 0.786652 0.415492 2 0.788064 0.415321 2 0.786448 0.418719 2 0.788473 0.418381 2 0.785885 0.421242 2 0.787994 0.420455 1 0.786546 0.422136 2 0.787541 0.421949 2 0.785930 0.427455 2 0.787156 0.427297 2 0.786113 0.432493 2 0.787487 0.431970 2
0 0.794301 0.447386 0.007721 0.030719 0.794324 0.437282 2 0.794654 0.436696 2 0.794301 0.436731 1 0.795492 0.437072 2 0.794603 0.437122 1 0.796243 0.440511 2 0.794123 0.440323 2 0.797115 0.444564 2 0.792747 0.443215 2 0.796363 0.445110 2 0.793416 0.441151 2 0.795288 0.448394 2 0.793923 0.448204 2 0.794601 0.454408 2 0.793289 0.454128 2 0.794933 0.460587 2 0.793513 0.460058 2
0 0.783824 0.447712 0.007353 0.026144 0.785878 0.434583 2 0.786197 0.434082 2 0.785650 0.433992 2 0.786659 0.434534 2 0.785282 0.434321 2 0.786995 0.438281 2 0.784226 0.438080 2 0.787800 0.440822 2 0.783007 0.441756 2 0.788056 0.442703 2 0.782810 0.445838 2 0.785893 0.446387 2 0.784001 0.446187 2 0.785886 0.451896 2 0.783459 0.451487 2 0.785889 0.456948 2 0.782734 0.456125 2
0 0.761397 0.441176 0.008824 0.031373 0.762971 0.428809 2 0.763344 0.428137 2 0.762649 0.428293 2 0.764044 0.428409 2 0.762379 0.428727 2 0.764709 0.432164 2 0.761875 0.431776 2 0.763490 0.436294 2 0.760904 0.435297 2 0.761604 0.436124 2 0.762233 0.436163 2 0.763635 0.441167 2 0.761567 0.440911 2 0.763568 0.447962 2 0.761442 0.447281 2 0.763639 0.454178 2 0.761555 0.453151 2
