0 0.521205 0.542989 0.011905 0.048942 0.520839 0.535956 2 0.521291 0.534852 2 0.520315 0.535035 2 0.521804 0.533893 2 0.519285 0.534170 2 0.522572 0.538260 2 0.518301 0.537308 2 0.522254 0.545949 2 0.515658 0.541695 2 0.519437 0.548573 2 0.516147 0.544534 2 0.519956 0.550281 2 0.517289 0.549484 2 0.516900 0.557241 2 0.515475 0.556776 2 0.516198 0.567446 2 0.515296 0.567466 2
0 0.591332 0.297950 0.005580 0.027116 0.593810 0.287835 1 0.593723 0.287210 1 0.593933 0.287295 1 0.592946 0.287174 2 0.594461 0.287459 1 0.592015 0.289988 2 0.594656 0.290504 2 0.591039 0.293486 2 0.594994 0.294526 2 0.591483 0.293991 2 0.594846 0.296516 1 0.592302 0.298118 2 0.594067 0.298439 2 0.592482 0.303591 2 0.593951 0.303997 2 0.592582 0.307272 1 0.593755 0.307013 1
0 0.093936 0.653770 0.011533 0.045635 0.094831 0.642311 2 0.094761 0.641453 1 0.094396 0.641577 2 0.094201 0.641548 1 0.093176 0.642003 2 0.095012 0.645493 2 0.091773 0.647251 2 0.096149 0.649776 2 0.089225 0.653298 2 0.097288 0.652272 2 0.092556 0.657021 2 0.096804 0.658573 2 0.094487 0.660047 2 0.098478 0.666307 2 0.094497 0.669617 2 0.100720 0.673482 2 0.095192 0.678627 2
0 0.103237 0.662698 0.015253 0.044974 0.101478 0.648012 1 0.101222 0.647263 1 0.101625 0.647091 1 0.099862 0.648115 2 0.102734 0.647643 2 0.099376 0.653997 2 0.104447 0.652477 2 0.099619 0.660443 2 0.106808 0.657764 2 0.101844 0.663080 1 0.106108 0.661618 2 0.102006 0.666065 2 0.105494 0.665309 2 0.103434 0.674874 2 0.106855 0.672956 2 0.104826 0.682642 2 0.108622 0.680976 2
0 0.098772 0.604828 0.012277 0.040344 0.098843 0.588451 2 0.099247 0.587372 2 0.098231 0.587793 2 0.100148 0.587464 2 0.097671 0.588570 2 0.102389 0.591973 2 0.096599 0.593515 2 0.104508 0.596886 2 0.095564 0.599235 2 0.104362 0.602350 2 0.095789 0.604719 2 0.102549 0.605169 2 0.098808 0.605972 2 0.103748 0.613276 2 0.099482 0.614616 2 0.103974 0.622225 2 0.101522 0.622964 2
0 0.708519 0.751653 0.014509 0.053571 0.708037 0.733812 2 0.708370 0.732954 2 0.708135 0.732706 1 0.709867 0.733217 2 0.709829 0.732571 1 0.710508 0.738139 2 0.711353 0.736509 2 0.710801 0.745393 2 0.711085 0.741402 1 0.710834 0.751283 2 0.709489 0.745360 1 0.710259 0.750238 2 0.711104 0.749331 2 0.709146 0.759114 2 0.710665 0.759101 2 0.709470 0.768515 2 0.711359 0.768977 2
0 0.782924 0.738757 0.012277 0.038360 0.782760 0.727824 2 0.783207 0.726995 2 0.782218 0.727111 2 0.783777 0.726127 1 0.781042 0.726162 2 0.784470 0.728724 2 0.779422 0.727413 2 0.785376 0.732934 2 0.777037 0.731459 2 0.784159 0.737051 2 0.778434 0.737230 2 0.783220 0.738704 2 0.779836 0.737758 2 0.782598 0.747313 2 0.778346 0.744111 2 0.782120 0.757860 2 0.777401 0.752746 2
0 0.787760 0.759921 0.013765 0.050265 0.790180 0.741235 2 0.790834 0.740486 2 0.789828 0.740101 2 0.791715 0.740767 2 0.789221 0.739767 2 0.792842 0.745827 2 0.787563 0.743571 2 0.793650 0.752283 2 0.785348 0.748664 2 0.792129 0.754944 2 0.784095 0.754332 2 0.789836 0.758195 2 0.786421 0.756678 2 0.788947 0.766987 2 0.785422 0.764609 2 0.787016 0.773041 2 0.784912 0.771352 2
0 0.866443 0.535714 0.010417 0.044974 0.866087 0.519840 1 0.866116 0.519003 1 0.866341 0.519268 1 0.865566 0.519283 2 0.867714 0.519773 2 0.864393 0.523468 2 0.868728 0.524489 2 0.862805 0.529557 2 0.869267 0.530554 2 0.861566 0.534728 2 0.869431 0.535591 2 0.864032 0.534235 2 0.866960 0.534611 2 0.861682 0.539908 2 0.864811 0.541784 2 0.861298 0.547074 2 0.863750 0.549507 2
0 0.860677 0.529762 0.015253 0.046296 0.866065 0.519731 1 0.866118 0.518848 1 0.866346 0.519147 1 0.865619 0.519126 2 0.867792 0.519663 2 0.864364 0.523289 2 0.868815 0.524485 2 0.862500 0.528928 2 0.869423 0.530943 2 0.861129 0.533524 2 0.869197 0.536253 2 0.863840 0.534175 2 0.866790 0.534608 2 0.862307 0.540623 2 0.865092 0.542215 2 0.861679 0.547605 2 0.863705 0.549803 2
0 0.250372 0.761243 0.013393 0.048942 0.247138 0.728444 1 0.247116 0.727866 1 0.246987 0.727740 1 0.246637 0.728033 1 0.246613 0.727903 1 0.246945 0.728914 2 0.246903 0.729202 1 0.248911 0.731743 2 0.248062 0.733246 1 0.249656 0.731254 2 0.248795 0.734598 1 0.247020 0.735635 2 0.246976 0.735635 2 0.246075 0.746312 2 0.246090 0.746250 2 0.247364 0.756605 2 0.247407 0.757154 2
0 0.246466 0.742063 0.012277 0.055556 0.242929 0.724960 1 0.242992 0.724035 1 0.243149 0.723430 1 0.243667 0.723747 2 0.245398 0.722016 1 0.244647 0.729034 2 0.247966 0.725349 2 0.245864 0.737290 2 0.250205 0.728270 2 0.246340 0.742000 2 0.249741 0.732323 1 0.246855 0.739484 2 0.249078 0.737790 2 0.245921 0.747974 2 0.247369 0.746363 2 0.247353 0.756340 2 0.248012 0.755915 2
0 0.278274 0.677910 0.012649 0.039683 0.277348 0.663502 2 0.277809 0.662548 2 0.276894 0.662695 2 0.278428 0.660587 2 0.275941 0.661028 2 0.280612 0.662326 2 0.275750 0.664088 2 0.282620 0.670878 2 0.275147 0.670049 2 0.281589 0.676941 2 0.273743 0.669454 2 0.280218 0.677414 2 0.276834 0.678387 2 0.281430 0.686156 2 0.276941 0.689448 2 0.284691 0.691435 2 0.278542 0.699318 2
0 0.282738 0.659061 0.009673 0.041667 0.277469 0.663473 2 0.277816 0.662424 2 0.276916 0.662764 2 0.278539 0.660738 2 0.276239 0.661540 1 0.280642 0.664009 2 0.276042 0.664420 2 0.282273 0.671330 2 0.276042 0.671270 1 0.281399 0.677547 2 0.276042 0.677539 1 0.279550 0.678900 2 0.276502 0.678795 2 0.279195 0.686960 2 0.276960 0.686470 1 0.279652 0.687583 1 0.277325 0.687583 1
0 0.194568 0.578042 0.013393 0.048942 0.190349 0.564430 1 0.190387 0.563788 1 0.190620 0.563495 1 0.190283 0.564285 2 0.192360 0.563423 2 0.190097 0.569225 2 0.194248 0.567028 2 0.189240 0.574979 2 0.196348 0.572086 2 0.189483 0.576010 2 0.197043 0.577942 2 0.192635 0.580340 2 0.195159 0.579152 2 0.193748 0.588899 2 0.195248 0.586055 2 0.196162 0.595811 2 0.196253 0.593146 2
0 0.312872 0.728836 0.016369 0.044974 0.314909 0.715782 1 0.314838 0.715015 1 0.315052 0.714993 1 0.313966 0.716119 2 0.316679 0.715583 2 0.313429 0.722363 2 0.318523 0.719654 2 0.311275 0.726194 2 0.320128 0.717243 2 0.310667 0.721864 2 0.317673 0.714223 2 0.315433 0.736422 2 0.319079 0.735403 2 0.312518 0.740291 2 0.318443 0.739995 2 0.311516 0.750635 2 0.318958 0.750418 2
0 0.599330 0.848545 0.015625 0.050265 0.604938 0.833890 1 0.604549 0.832581 1 0.604853 0.832977 1 0.601928 0.831994 2 0.604575 0.833360 2 0.599456 0.836282 2 0.604736 0.839824 2 0.597144 0.841107 2 0.605313 0.848233 2 0.598202 0.843073 1 0.605620 0.852642 1 0.598224 0.851559 2 0.601770 0.853312 2 0.597085 0.860192 2 0.600664 0.863647 2 0.595724 0.867551 2 0.599092 0.871676 2
0 0.445499 0.431548 0.008557 0.035053 0.445323 0.422613 2 0.445568 0.421892 2 0.444943 0.422139 2 0.445980 0.421156 1 0.444384 0.421670 2 0.447010 0.423659 2 0.443559 0.423653 2 0.448241 0.428561 2 0.442760 0.427978 2 0.448354 0.433564 2 0.442503 0.432719 2 0.446610 0.433718 2 0.444340 0.433675 2 0.446947 0.441240 2 0.444730 0.440507 2 0.447324 0.448797 2 0.445130 0.446811 2
0 0.468750 0.369048 0.010417 0.039683 0.469762 0.358223 1 0.469511 0.357561 1 0.469700 0.357570 1 0.467973 0.357847 2 0.469599 0.357999 2 0.466863 0.361487 2 0.469925 0.361860 2 0.465885 0.366338 2 0.470878 0.366367 2 0.466118 0.369726 2 0.471634 0.369484 2 0.467067 0.370804 2 0.469237 0.371059 2 0.466638 0.376958 2 0.469374 0.377986 2 0.465402 0.382658 2 0.468822 0.384491 2
