0 0.888021 0.235450 0.021577 0.076720 0.885278 0.225389 2 0.886492 0.224045 2 0.884811 0.223641 2 0.888448 0.225550 2 0.884145 0.224578 2 0.890204 0.236378 2 0.882224 0.233933 2 0.891497 0.250466 2 0.879143 0.244516 2 0.886498 0.254339 2 0.877724 0.252565 2 0.885531 0.260398 2 0.880032 0.258368 2 0.881389 0.281255 2 0.875979 0.279309 2 0.882903 0.288132 1 0.875951 0.288132 1
0 0.938988 0.867063 0.069940 0.244709 0.971828 0.788422 2 0.969920 0.781313 1 0.968194 0.783501 2 0.958729 0.779372 1 0.958070 0.787934 2 0.938667 0.802174 2 0.960898 0.823099 2 0.920130 0.829685 2 0.962168 0.867225 2 0.924188 0.840854 2 0.966397 0.875655 2 0.927642 0.876446 2 0.939478 0.888035 2 0.940757 0.912322 2 0.929328 0.940633 2 0.937140 0.947058 2 0.907047 0.978447 2
0 0.926711 0.304894 0.030506 0.099206 0.930043 0.270054 2 0.931356 0.268414 2 0.929341 0.267547 2 0.932534 0.268636 2 0.927448 0.266403 2 0.933412 0.278439 2 0.924428 0.275298 2 0.935113 0.292711 2 0.919829 0.286641 2 0.933003 0.290238 2 0.914221 0.297520 2 0.926462 0.304493 2 0.920226 0.302163 2 0.922773 0.322830 2 0.914143 0.322341 2 0.920075 0.337894 2 0.909922 0.341616 2
0 0.332961 0.158069 0.017113 0.054233 0.328306 0.140861 1 0.328615 0.139579 1 0.328021 0.139772 1 0.329424 0.139277 1 0.328030 0.139577 1 0.331688 0.143792 2 0.328047 0.144789 2 0.333920 0.150196 2 0.327772 0.151910 1 0.329956 0.157017 2 0.327145 0.157370 1 0.335001 0.157298 2 0.332360 0.157903 2 0.335950 0.170160 2 0.332595 0.170732 2 0.337533 0.182088 2 0.333128 0.182663 2
0 0.318080 0.152778 0.011161 0.067460 0.321712 0.130914 1 0.322130 0.129792 1 0.321148 0.129838 1 0.322720 0.130243 1 0.320380 0.130345 2 0.323614 0.136357 2 0.319339 0.136418 2 0.324621 0.144166 2 0.318326 0.143625 2 0.325033 0.151765 2 0.319993 0.149091 2 0.323469 0.150939 2 0.320765 0.151223 2 0.323273 0.162058 2 0.321487 0.162570 2 0.323394 0.172868 2 0.322098 0.172966 2
0 0.921875 0.274471 0.023810 0.064815 0.930612 0.269858 2 0.931729 0.268111 2 0.929640 0.267656 2 0.932664 0.267976 2 0.927347 0.266922 2 0.933832 0.277889 2 0.924216 0.275140 2 0.935633 0.291243 2 0.920915 0.287061 2 0.934127 0.291015 2 0.915378 0.294274 2 0.927438 0.306533 2 0.920623 0.304103 2 0.924359 0.318093 1 0.914615 0.314903 1 0.924287 0.318370 1 0.913223 0.316412 1
0 0.516741 0.454365 0.027530 0.149471 0.514844 0.406745 2 0.517106 0.404830 2 0.514104 0.402939 2 0.520524 0.405281 2 0.513287 0.401233 1 0.523551 0.414408 2 0.511158 0.414845 2 0.527866 0.430577 2 0.508556 0.433657 2 0.524260 0.416567 2 0.513575 0.421279 2 0.520509 0.453029 2 0.512708 0.453347 2 0.517995 0.484188 2 0.513962 0.489075 2 0.517238 0.504950 2 0.514450 0.522192 2
0 0.880952 0.259921 0.019345 0.093915 0.885341 0.225784 2 0.886608 0.224101 2 0.884804 0.223754 2 0.888483 0.225706 2 0.884197 0.224926 1 0.889832 0.236474 2 0.882358 0.233908 2 0.891198 0.250643 2 0.879068 0.245029 2 0.886334 0.255430 2 0.877836 0.252968 2 0.884753 0.261188 2 0.880006 0.258967 2 0.879426 0.283063 2 0.875745 0.280197 2 0.880002 0.303664 2 0.879727 0.299986 2
0 0.668527 0.187831 0.017113 0.066138 0.672769 0.166972 1 0.672365 0.165667 1 0.672722 0.165783 1 0.669607 0.166218 2 0.672973 0.166698 2 0.667596 0.172883 2 0.673766 0.173817 2 0.665363 0.182281 2 0.676477 0.182290 2 0.664430 0.189574 2 0.677707 0.190060 2 0.666524 0.191032 2 0.670837 0.191454 2 0.664822 0.204285 2 0.671076 0.206699 2 0.662274 0.217541 2 0.670437 0.221886 2
0 0.683036 0.672619 0.040179 0.220899 0.676220 0.589345 2 0.677652 0.585440 2 0.678345 0.585740 1 0.680960 0.591064 2 0.688137 0.589912 1 0.679478 0.620164 2 0.695046 0.615668 2 0.677264 0.655442 2 0.700789 0.645845 2 0.672777 0.679413 2 0.690151 0.657271 2 0.682320 0.680882 2 0.691961 0.677580 2 0.680145 0.731191 2 0.682781 0.722608 2 0.687315 0.777201 2 0.683052 0.763449 2
0 0.401786 0.511905 0.043155 0.153439 0.397389 0.461866 2 0.399614 0.459113 2 0.396663 0.457939 2 0.404730 0.458579 2 0.396602 0.455703 1 0.407699 0.474722 2 0.399461 0.470999 2 0.413898 0.496199 2 0.401976 0.487978 1 0.406581 0.511188 2 0.398885 0.498701 2 0.408137 0.517236 2 0.401281 0.514772 2 0.410167 0.548184 2 0.396214 0.544064 2 0.415505 0.574636 2 0.389760 0.572490 2
0 0.428943 0.436508 0.033482 0.134921 0.435996 0.381733 2 0.435435 0.378811 1 0.435344 0.378676 2 0.431614 0.380375 1 0.432127 0.380231 2 0.431289 0.393938 2 0.427529 0.397184 2 0.431539 0.412634 2 0.425980 0.421404 2 0.436234 0.422495 2 0.428188 0.442318 2 0.430432 0.431626 2 0.428747 0.434075 2 0.430451 0.458624 2 0.431594 0.465472 2 0.419762 0.478655 2 0.430245 0.492152 2
0 0.199405 0.482143 0.031250 0.157407 0.201371 0.425245 1 0.199582 0.422648 1 0.201023 0.422234 1 0.191861 0.425716 2 0.199929 0.425309 2 0.188701 0.445081 2 0.203617 0.444045 2 0.188047 0.465873 2 0.207498 0.466703 2 0.189579 0.481970 2 0.212372 0.484277 2 0.194513 0.487613 2 0.204524 0.487243 2 0.199412 0.519730 2 0.207172 0.514995 2 0.201814 0.547636 2 0.206477 0.545682 2
0 0.314360 0.458995 0.026042 0.142857 0.318437 0.407821 2 0.317829 0.405415 1 0.317422 0.405872 2 0.315724 0.406223 1 0.313678 0.407353 2 0.317585 0.420200 2 0.306385 0.421205 2 0.320317 0.436253 2 0.304053 0.444469 2 0.323316 0.455013 2 0.307595 0.463091 2 0.316861 0.455552 2 0.309088 0.456140 2 0.317896 0.488461 2 0.308929 0.484902 2 0.318749 0.519249 2 0.309783 0.508007 2
0 0.424851 0.404101 0.029762 0.136243 0.435385 0.383319 2 0.435511 0.380685 1 0.434395 0.380594 2 0.433089 0.381406 1 0.430882 0.381108 2 0.431208 0.394268 2 0.427369 0.396338 2 0.431775 0.413361 2 0.425563 0.420861 2 0.436618 0.421730 2 0.428326 0.441981 2 0.430237 0.432282 2 0.428652 0.433951 2 0.428820 0.460837 2 0.431759 0.465492 2 0.420706 0.482884 2 0.428225 0.491445 2
0 0.254464 0.497354 0.034226 0.156085 0.253805 0.441010 2 0.254161 0.436997 2 0.251143 0.439395 2 0.254846 0.437760 1 0.247149 0.443146 2 0.258177 0.455472 2 0.242779 0.459085 2 0.263207 0.466725 2 0.240674 0.481727 2 0.267446 0.476782 2 0.241906 0.496181 2 0.258731 0.499756 2 0.248503 0.500285 2 0.257539 0.533439 2 0.246807 0.525376 2 0.257825 0.561851 2 0.249206 0.537175 2
0 0.498512 0.636243 0.040179 0.201058 0.486470 0.571267 1 0.486684 0.567643 1 0.487677 0.567627 1 0.485810 0.570686 2 0.495605 0.569514 2 0.484665 0.595325 2 0.501664 0.591283 2 0.480395 0.622975 2 0.507493 0.616287 2 0.474660 0.639056 2 0.499948 0.629728 2 0.489033 0.650117 2 0.499878 0.647343 2 0.488719 0.689666 2 0.495150 0.682618 2 0.493339 0.732739 2 0.496015 0.723140 2
0 0.375744 0.404762 0.025298 0.134921 0.374594 0.356561 2 0.375702 0.353763 2 0.372809 0.353339 2 0.375785 0.356055 1 0.368965 0.354875 2 0.375219 0.369853 2 0.367666 0.370816 2 0.377588 0.388818 1 0.373146 0.386401 2 0.378404 0.390631 2 0.378410 0.382965 2 0.376494 0.409417 2 0.370683 0.411124 2 0.379548 0.435478 2 0.370639 0.443149 2 0.375239 0.461079 2 0.368774 0.474276 2
0 0.216518 0.365079 0.028274 0.121693 0.212827 0.327690 2 0.213912 0.325194 2 0.211622 0.325755 2 0.215798 0.322311 2 0.209635 0.323668 2 0.219889 0.330845 2 0.207641 0.333056 2 0.225100 0.345242 2 0.203794 0.348060 2 0.218774 0.346299 2 0.207324 0.347094 2 0.220479 0.365403 2 0.212359 0.366398 2 0.222188 0.391046 2 0.213364 0.391783 2 0.226023 0.416372 2 0.214403 0.417141 2
0 0.373512 0.318783 0.019345 0.100529 0.374640 0.281486 2 0.375366 0.279047 2 0.373396 0.279362 2 0.375634 0.279821 1 0.370683 0.280440 2 0.377843 0.291945 2 0.368082 0.294355 2 0.381130 0.307570 2 0.364462 0.310338 2 0.381377 0.323386 2 0.367267 0.299222 2 0.377097 0.323118 2 0.371389 0.324452 2 0.375054 0.345446 2 0.375105 0.343722 2 0.376904 0.363904 2 0.381167 0.361549 2
0 0.556920 0.216931 0.020089 0.087302 0.558298 0.183891 1 0.558148 0.182147 1 0.558482 0.182386 1 0.556162 0.183008 2 0.559969 0.183760 2 0.553591 0.192316 2 0.560730 0.193926 2 0.551064 0.203172 2 0.561414 0.206718 2 0.549857 0.212992 2 0.562194 0.216648 2 0.552573 0.215005 2 0.557497 0.215512 2 0.551423 0.232576 2 0.556897 0.233993 2 0.550231 0.250307 2 0.555428 0.251423 2
0 0.896577 0.316799 0.028274 0.115079 0.907427 0.280442 2 0.907810 0.278606 2 0.906436 0.277979 2 0.906836 0.279919 1 0.902139 0.278025 2 0.907258 0.292578 2 0.894700 0.288956 2 0.907495 0.306421 2 0.888529 0.301454 2 0.908282 0.315310 2 0.888280 0.317347 2 0.900906 0.326842 2 0.892384 0.324983 2 0.898023 0.352028 2 0.888627 0.349376 2 0.893196 0.371951 2 0.885649 0.369968 2
0 0.792411 0.285053 0.020833 0.083333 0.801588 0.260355 2 0.801822 0.258575 2 0.800886 0.258277 2 0.800708 0.258064 1 0.797602 0.257111 2 0.798669 0.266569 2 0.792816 0.265109 2 0.798363 0.281082 2 0.789726 0.280220 2 0.800429 0.288453 2 0.796409 0.288878 2 0.795466 0.288463 2 0.791498 0.289171 2 0.804266 0.295416 2 0.801520 0.295512 2 0.799634 0.317914 2 0.797725 0.317988 2
0 0.815848 0.281746 0.024554 0.082011 0.818692 0.255998 2 0.818481 0.254315 1 0.818138 0.254226 2 0.816740 0.254778 1 0.816004 0.254777 2 0.816757 0.263264 2 0.812336 0.264332 2 0.819971 0.276603 2 0.816119 0.280165 2 0.824891 0.285023 2 0.821988 0.288122 2 0.816516 0.285512 2 0.813462 0.287263 2 0.823714 0.297143 2 0.821458 0.299712 2 0.822703 0.318029 2 0.823287 0.319540 2
0 0.548363 0.335979 0.023810 0.066138 0.546961 0.328803 2 0.548093 0.327049 2 0.546211 0.326679 2 0.549260 0.322787 1 0.544679 0.321997 2 0.550251 0.320345 2 0.539849 0.319915 2 0.554949 0.333771 2 0.536146 0.334250 2 0.550072 0.337288 2 0.543747 0.337871 2 0.546579 0.337058 2 0.539596 0.337482 2 0.554190 0.340766 2 0.536627 0.341937 2 0.551516 0.365543 2 0.541353 0.364529 2
0 0.549851 0.175926 0.017857 0.063492 0.558023 0.183634 1 0.557982 0.182061 1 0.558447 0.182486 1 0.556249 0.183005 2 0.559990 0.183927 2 0.553737 0.192023 2 0.560417 0.193982 2 0.551113 0.202469 2 0.560618 0.206063 2 0.549881 0.212630 2 0.560619 0.213048 1 0.553178 0.213833 2 0.557732 0.214771 2 0.552897 0.219577 1 0.558441 0.219577 1 0.552369 0.218799 1 0.557025 0.219420 1
0 0.140997 0.332011 0.021577 0.060847 0.136434 0.317689 1 0.136464 0.316458 1 0.137316 0.316306 1 0.137007 0.317835 2 0.141111 0.316862 2 0.137819 0.326886 2 0.143009 0.324834 2 0.138140 0.336951 2 0.144570 0.334136 2 0.136786 0.344215 2 0.143934 0.341270 1 0.140512 0.343961 2 0.143648 0.342722 2 0.140856 0.352546 2 0.141221 0.349515 2 0.144622 0.361047 2 0.142209 0.357729 2
0 0.094494 0.336640 0.032738 0.059524 0.094977 0.320148 2 0.095225 0.318527 2 0.093684 0.319054 2 0.095634 0.318901 1 0.090690 0.320414 2 0.097039 0.326005 2 0.087751 0.328411 2 0.102630 0.332161 2 0.083345 0.338900 2 0.101474 0.333991 2 0.082107 0.348547 2 0.096138 0.341519 2 0.089517 0.342632 2 0.100298 0.338103 2 0.086013 0.339062 2 0.102474 0.354435 2 0.082927 0.351214 2
0 0.622768 0.156085 0.014881 0.071429 0.625934 0.130873 2 0.626379 0.129719 2 0.625353 0.129488 2 0.626357 0.130143 1 0.623729 0.129363 2 0.626377 0.137413 2 0.621420 0.135852 2 0.626398 0.145885 2 0.620019 0.142775 2 0.627509 0.143738 2 0.622523 0.138427 2 0.624633 0.155686 2 0.621031 0.155013 2 0.623947 0.170138 2 0.619777 0.169411 2 0.622893 0.183933 2 0.617496 0.183731 2
0 0.175967 0.134259 0.015625 0.046296 0.175695 0.118261 1 0.175654 0.117302 1 0.175885 0.117199 1 0.174844 0.118019 2 0.177490 0.117615 2 0.174010 0.124343 2 0.179373 0.123627 2 0.173179 0.131706 2 0.181111 0.129183 2 0.173759 0.135583 2 0.181265 0.130693 1 0.175791 0.138123 2 0.179460 0.137943 2 0.176361 0.148212 2 0.179985 0.148132 2 0.177238 0.157582 2 0.180584 0.158493 2
0 0.795015 0.192460 0.015625 0.054233 0.793752 0.177081 1 0.793840 0.175981 1 0.794264 0.176224 1 0.793062 0.176910 2 0.796515 0.177247 2 0.791594 0.183164 2 0.797002 0.183859 2 0.789703 0.190192 2 0.797693 0.190692 2 0.789677 0.195446 2 0.796303 0.190821 1 0.791446 0.198070 2 0.795212 0.198314 2 0.790965 0.209189 2 0.795054 0.209537 2 0.790159 0.220050 2 0.794526 0.219773 2
0 0.412202 0.115741 0.013393 0.054233 0.410812 0.098472 1 0.410950 0.097468 1 0.411206 0.097530 1 0.411253 0.098167 2 0.413684 0.097960 2 0.410870 0.103681 2 0.415313 0.103113 2 0.408612 0.109553 2 0.414758 0.108907 1 0.406528 0.108142 2 0.410675 0.108347 1 0.412243 0.118590 2 0.415125 0.118266 2 0.412170 0.130258 2 0.414060 0.129844 2 0.412825 0.142299 2 0.413877 0.141544 2
0 0.390625 0.099868 0.010417 0.048942 0.392357 0.084400 2 0.392475 0.083410 1 0.391862 0.083418 2 0.392204 0.083615 1 0.390495 0.083673 2 0.392765 0.088963 2 0.389115 0.089237 2 0.393630 0.094554 2 0.387989 0.095459 2 0.393860 0.099471 2 0.388408 0.101306 2 0.392329 0.100218 2 0.389916 0.100453 2 0.392153 0.108945 2 0.389784 0.109119 2 0.392052 0.117920 2 0.389448 0.118214 2
0 0.133557 0.123677 0.017113 0.027778 0.131639 0.117631 2 0.132159 0.116654 2 0.131173 0.116784 2 0.133086 0.116456 2 0.130622 0.116887 2 0.134165 0.119825 2 0.130176 0.120549 2 0.135056 0.124169 2 0.129575 0.125739 2 0.135368 0.127495 2 0.130128 0.129239 2 0.134009 0.128857 2 0.131273 0.129249 2 0.136237 0.131917 2 0.131256 0.131982 2 0.137948 0.135654 2 0.133930 0.135900 2
0 0.230283 0.135582 0.012649 0.046296 0.229319 0.121864 1 0.229171 0.120909 1 0.229436 0.120833 1 0.228329 0.121320 1 0.230284 0.121197 2 0.228121 0.126887 2 0.230849 0.126699 2 0.227792 0.133062 2 0.231489 0.132713 2 0.227842 0.138563 2 0.230525 0.137370 2 0.229184 0.138342 2 0.231121 0.138251 2 0.230020 0.146848 2 0.231853 0.146630 2 0.230402 0.155275 2 0.232757 0.155291 2
0 0.737723 0.237434 0.018601 0.083333 0.742215 0.210474 2 0.741604 0.209034 1 0.741858 0.209403 2 0.738393 0.209401 1 0.740624 0.210496 2 0.735755 0.217600 2 0.740164 0.219594 2 0.732301 0.225606 2 0.740451 0.231470 2 0.733691 0.230244 2 0.743565 0.238697 2 0.735919 0.241772 2 0.738264 0.242726 2 0.737073 0.257570 2 0.738792 0.257999 2 0.735305 0.273887 2 0.733925 0.274364 2
0 0.978795 0.431217 0.040923 0.148148 0.999767 0.379832 1 0.998656 0.376591 1 0.999573 0.377199 1 0.992290 0.375724 1 0.998301 0.378132 2 0.986279 0.388090 2 0.997157 0.394074 2 0.980626 0.405346 2 0.996427 0.417385 2 0.982146 0.422841 2 0.997792 0.433925 2 0.981713 0.423631 2 0.988807 0.426236 2 0.979533 0.452762 2 0.985037 0.458538 2 0.974236 0.480878 2 0.978560 0.488435 2
0 0.934896 0.232143 0.023065 0.067460 0.930560 0.269670 2 0.931736 0.267885 2 0.929595 0.267180 2 0.932730 0.268195 2 0.927189 0.266545 2 0.932686 0.277098 2 0.923603 0.276225 2 0.934518 0.278501 1 0.921755 0.278501 1 0.933834 0.277025 1 0.926268 0.276236 1 0.930354 0.278501 1 0.924392 0.278501 1 0.931293 0.276860 1 0.926078 0.277763 1 0.928803 0.278501 1 0.926136 0.278501 1
0 0.908854 0.197751 0.020089 0.038360 0.910465 0.187167 2 0.911239 0.185582 2 0.909735 0.185646 2 0.912422 0.185794 2 0.908837 0.185821 2 0.914429 0.191372 2 0.908113 0.190956 2 0.913513 0.200992 2 0.905970 0.199305 2 0.907122 0.206408 2 0.904750 0.206405 2 0.913576 0.205859 2 0.909245 0.204944 2 0.912216 0.203185 2 0.903834 0.201925 2 0.906363 0.209913 2 0.904028 0.209956 2
