0 0.489211 0.791005 0.057292 0.190476 0.479986 0.723155 2 0.481397 0.718516 2 0.478800 0.719590 2 0.486534 0.713142 2 0.479072 0.716214 1 0.497359 0.726910 2 0.478786 0.731270 2 0.505743 0.744558 2 0.473884 0.750143 2 0.508790 0.759007 2 0.470243 0.749709 2 0.495224 0.784345 2 0.481106 0.785139 2 0.502702 0.826754 2 0.473182 0.826088 2 0.507314 0.863100 2 0.469967 0.865005 2
0 0.480655 0.767196 0.049107 0.126984 0.479908 0.723703 2 0.480926 0.719138 2 0.478821 0.720764 2 0.486418 0.713746 2 0.480635 0.717795 1 0.497634 0.726421 2 0.480921 0.730375 2 0.506029 0.745182 2 0.475399 0.748201 2 0.508516 0.758546 2 0.469433 0.751865 2 0.495262 0.784568 2 0.482542 0.784733 2 0.500033 0.826378 2 0.473312 0.824909 2 0.502887 0.854999 2 0.470472 0.852501 2
0 0.439360 0.554894 0.021577 0.104497 0.451793 0.513757 1 0.452132 0.511647 1 0.452057 0.511699 1 0.452592 0.512396 2 0.453769 0.512457 1 0.452435 0.523666 2 0.453845 0.523533 1 0.450378 0.538843 2 0.451479 0.538169 1 0.447364 0.540548 2 0.448462 0.538110 1 0.452240 0.554148 2 0.453169 0.553909 2 0.450604 0.575872 2 0.451185 0.575991 2 0.452589 0.598569 2 0.453029 0.597379 1
0 0.485491 0.599206 0.021577 0.119048 0.491500 0.553015 1 0.490821 0.550975 1 0.491236 0.550960 1 0.486460 0.552351 2 0.491233 0.552772 2 0.482076 0.565557 2 0.493653 0.566012 2 0.479641 0.580808 2 0.496456 0.582213 2 0.481880 0.587489 2 0.496743 0.584150 2 0.484018 0.598830 2 0.491901 0.598821 2 0.484625 0.623550 2 0.492219 0.621903 2 0.485002 0.647815 2 0.491059 0.644618 2
0 0.453125 0.554894 0.025298 0.104497 0.451598 0.514318 1 0.451964 0.512287 1 0.452124 0.512348 1 0.453569 0.512373 2 0.457354 0.512291 1 0.452366 0.522594 2 0.462243 0.522526 2 0.450498 0.538072 2 0.465336 0.538204 2 0.447946 0.543666 2 0.461554 0.544912 2 0.453430 0.552980 2 0.460234 0.552509 2 0.451436 0.574786 2 0.458729 0.575880 2 0.452122 0.598111 2 0.458607 0.597755 2
0 0.496652 0.558862 0.017113 0.078042 0.491742 0.553069 1 0.490866 0.551262 1 0.491605 0.551269 1 0.486517 0.552669 1 0.491387 0.553098 2 0.485119 0.564772 2 0.493475 0.565855 2 0.485436 0.579764 1 0.496257 0.582520 2 0.488362 0.585966 1 0.497439 0.588429 2 0.485463 0.595992 2 0.491663 0.596308 2 0.485559 0.612279 1 0.492061 0.611231 2 0.486517 0.612289 1 0.491466 0.612289 1
0 0.477307 0.548942 0.017113 0.092593 0.488839 0.552730 1 0.488719 0.550740 1 0.488839 0.550704 1 0.486027 0.552243 2 0.488839 0.552309 1 0.482062 0.565461 2 0.488839 0.565198 1 0.479271 0.580734 2 0.488839 0.580738 1 0.481093 0.588362 2 0.488839 0.590809 1 0.483376 0.598638 2 0.488743 0.599008 1 0.483916 0.613550 2 0.488839 0.613550 1 0.484061 0.613550 1 0.487894 0.613258 1
0 0.472098 0.505952 0.015625 0.083333 0.461492 0.514993 1 0.461660 0.513495 1 0.461310 0.513465 1 0.461500 0.514463 1 0.461376 0.514326 1 0.462327 0.523907 2 0.462539 0.523811 2 0.465791 0.537256 2 0.465879 0.537417 2 0.464672 0.546086 2 0.464622 0.546181 2 0.461707 0.552652 2 0.461831 0.552267 2 0.461416 0.563352 1 0.462126 0.562407 1 0.462421 0.563048 1 0.462164 0.561861 1
0 0.461310 0.498677 0.017857 0.082011 0.451597 0.514550 1 0.451784 0.512672 1 0.452285 0.512801 1 0.453004 0.512820 2 0.457406 0.512636 1 0.452295 0.523181 2 0.461984 0.523333 2 0.450323 0.538808 2 0.464749 0.539871 2 0.449925 0.544956 1 0.461584 0.546070 2 0.454077 0.552859 2 0.460925 0.552714 2 0.452291 0.555556 1 0.461742 0.555556 1 0.451974 0.555556 1 0.461347 0.555556 1
0 0.436384 0.444444 0.015625 0.060847 0.440467 0.423371 1 0.440113 0.422135 1 0.440516 0.422229 1 0.437777 0.421355 2 0.440934 0.421722 2 0.435715 0.426738 2 0.441387 0.427107 2 0.434669 0.436693 2 0.442353 0.436986 2 0.435670 0.445271 2 0.441031 0.444161 2 0.435728 0.444007 2 0.439619 0.444226 2 0.436947 0.457015 2 0.439933 0.456998 2 0.436716 0.470230 2 0.438792 0.469643 2
0 0.603795 0.445106 0.011161 0.046296 0.607238 0.432520 2 0.607061 0.431487 1 0.607069 0.431546 2 0.605953 0.431424 1 0.606298 0.431689 2 0.606082 0.436284 2 0.605562 0.436822 2 0.607492 0.441837 2 0.604915 0.443169 2 0.607904 0.446236 2 0.604670 0.447828 2 0.605209 0.448394 2 0.604961 0.448423 2 0.603414 0.456708 2 0.603289 0.456737 2 0.604432 0.463899 2 0.604589 0.464197 2
0 0.560640 0.470238 0.012649 0.046296 0.558431 0.458021 2 0.558775 0.457043 2 0.557944 0.457250 2 0.559432 0.456838 2 0.557335 0.457331 2 0.560799 0.460733 2 0.558364 0.461296 2 0.563227 0.466144 2 0.558718 0.465694 2 0.561650 0.469004 2 0.557090 0.467428 2 0.562766 0.470220 2 0.561078 0.470372 2 0.561928 0.478150 2 0.559607 0.478495 2 0.564321 0.486100 2 0.560702 0.486472 2
0 0.623140 0.423280 0.009673 0.042328 0.622164 0.413848 1 0.622031 0.412965 1 0.622230 0.412999 1 0.621166 0.413169 1 0.622717 0.413300 2 0.620777 0.417664 2 0.622457 0.417771 2 0.620153 0.423022 2 0.623493 0.422837 2 0.619721 0.426962 2 0.623662 0.425884 2 0.621181 0.428169 2 0.622335 0.428330 2 0.621531 0.435924 2 0.622798 0.436380 2 0.620957 0.444395 2 0.623413 0.444222 2
