0 0.573661 0.378307 0.029762 0.126984 0.572141 0.332861 2 0.573803 0.330761 2 0.570870 0.330037 2 0.575869 0.332236 2 0.568918 0.330640 2 0.579022 0.343817 2 0.566563 0.345309 2 0.584325 0.354108 2 0.563980 0.360970 2 0.589055 0.367331 2 0.563084 0.377052 2 0.576568 0.379726 2 0.568994 0.380392 2 0.574669 0.403584 2 0.569567 0.405870 2 0.570081 0.417802 2 0.569654 0.426642 2
0 0.690848 0.800265 0.057292 0.251323 0.699403 0.708389 2 0.701854 0.704432 2 0.697488 0.702284 2 0.709506 0.706038 2 0.698647 0.701715 1 0.713482 0.735040 2 0.687975 0.720230 2 0.717653 0.765826 2 0.679677 0.747174 2 0.718929 0.784094 2 0.670283 0.772322 2 0.701623 0.797085 2 0.687426 0.788744 2 0.694362 0.848423 2 0.691915 0.828093 2 0.683314 0.900803 2 0.703169 0.851230 2
0 0.654762 0.184524 0.014881 0.070106 0.657300 0.159504 1 0.657354 0.158318 1 0.657704 0.158484 1 0.656416 0.159239 2 0.659648 0.159486 2 0.655129 0.166124 2 0.660482 0.166462 2 0.652816 0.173805 2 0.659741 0.174903 1 0.651120 0.180242 2 0.657106 0.179620 1 0.655778 0.184593 2 0.659296 0.184654 2 0.655841 0.199754 2 0.658108 0.199522 2 0.657399 0.215471 2 0.658239 0.214559 2
0 0.531994 0.380952 0.034226 0.119048 0.541004 0.334268 2 0.542463 0.332074 2 0.539726 0.331806 2 0.544546 0.332741 2 0.537672 0.332299 2 0.545134 0.344259 2 0.534278 0.345639 2 0.550145 0.352878 2 0.527107 0.362137 2 0.553782 0.358076 2 0.529740 0.378693 2 0.540640 0.379164 2 0.533079 0.380020 2 0.546720 0.401020 2 0.532332 0.402803 2 0.546254 0.422796 2 0.527106 0.425439 2
0 0.507068 0.475529 0.039435 0.157407 0.511492 0.414847 1 0.511345 0.412272 1 0.512034 0.412465 1 0.508117 0.415887 2 0.517264 0.415855 2 0.504787 0.431011 2 0.520409 0.431205 2 0.503349 0.417019 2 0.522182 0.418319 2 0.510139 0.405065 2 0.518664 0.406674 2 0.507429 0.475703 2 0.518964 0.475865 2 0.504461 0.509064 2 0.520593 0.509251 2 0.501075 0.539650 2 0.522446 0.538777 2
0 0.393973 0.392196 0.026042 0.133598 0.400345 0.346354 2 0.400169 0.343884 1 0.399189 0.344017 2 0.395712 0.345065 1 0.395372 0.345598 2 0.389702 0.358931 2 0.395202 0.360595 2 0.387682 0.377414 1 0.393132 0.382186 2 0.393488 0.394058 2 0.395333 0.402442 2 0.390072 0.398470 2 0.395066 0.399660 2 0.389515 0.425904 2 0.400667 0.426545 2 0.387968 0.453555 2 0.401642 0.456175 2
0 0.365699 0.455026 0.030506 0.156085 0.368034 0.407109 2 0.366522 0.403775 1 0.366410 0.404767 2 0.362097 0.405799 1 0.362705 0.409158 2 0.357042 0.422513 2 0.362588 0.425986 2 0.352366 0.441791 2 0.371051 0.444608 2 0.351276 0.456104 1 0.380828 0.449729 2 0.358655 0.463782 2 0.359033 0.466204 2 0.371272 0.488021 2 0.349377 0.494447 2 0.370090 0.519874 2 0.344494 0.518135 2
0 0.305804 0.390212 0.032738 0.126984 0.305121 0.343355 2 0.304979 0.340665 2 0.303391 0.341702 2 0.304473 0.342606 1 0.299897 0.345132 2 0.306733 0.355867 2 0.298344 0.360284 2 0.309561 0.371601 2 0.299322 0.381018 2 0.313858 0.386824 2 0.303484 0.395412 2 0.308299 0.387130 2 0.302617 0.389750 2 0.309796 0.413801 2 0.303922 0.417505 2 0.309361 0.438871 2 0.304206 0.441725 2
0 0.487723 0.391534 0.026042 0.140212 0.494911 0.345631 2 0.495074 0.342972 1 0.493737 0.342990 2 0.491612 0.343146 1 0.490031 0.343427 2 0.485355 0.355656 2 0.489842 0.358150 2 0.485314 0.374195 2 0.490445 0.381138 2 0.492470 0.385988 2 0.495219 0.393379 2 0.482572 0.392631 2 0.486631 0.394071 2 0.482746 0.418253 2 0.492178 0.420381 2 0.480183 0.443092 2 0.491679 0.447841 2
0 0.291667 0.434524 0.041667 0.162698 0.295480 0.381771 2 0.295349 0.378817 1 0.294158 0.379844 2 0.290862 0.382010 1 0.290363 0.383319 2 0.290471 0.399173 2 0.288028 0.400385 2 0.292402 0.421310 2 0.285475 0.424379 2 0.299948 0.437638 2 0.290616 0.445563 2 0.290335 0.442112 2 0.291953 0.442984 2 0.284329 0.470307 2 0.304672 0.468040 2 0.274466 0.495781 2 0.314274 0.498313 2
0 0.134301 0.371032 0.034970 0.125661 0.133761 0.321640 2 0.134282 0.319002 2 0.132165 0.319537 2 0.134514 0.319705 1 0.128328 0.320918 2 0.138235 0.333068 2 0.125172 0.336474 2 0.144282 0.345501 2 0.123657 0.353702 2 0.141240 0.353540 2 0.125769 0.371134 2 0.140124 0.367590 2 0.131134 0.369674 2 0.143159 0.393610 2 0.132578 0.396508 2 0.148355 0.418475 2 0.134168 0.422511 2
0 0.526786 0.203704 0.020833 0.089947 0.527379 0.171364 2 0.527858 0.169607 2 0.528041 0.169648 1 0.529250 0.170196 2 0.531336 0.170279 1 0.527794 0.179897 2 0.533967 0.180447 2 0.526046 0.191925 2 0.535636 0.192874 2 0.525119 0.203290 2 0.535602 0.203927 2 0.528654 0.203109 2 0.532289 0.203021 2 0.526914 0.219840 2 0.528533 0.220351 2 0.532269 0.232442 2 0.530590 0.231861 2
0 0.962426 0.282407 0.034970 0.117725 0.969825 0.241690 2 0.969328 0.239030 1 0.968886 0.239320 2 0.964012 0.238656 1 0.965660 0.239705 2 0.957686 0.249636 2 0.966478 0.252457 2 0.953810 0.267072 2 0.968350 0.271600 2 0.956641 0.273794 2 0.970631 0.279566 2 0.955418 0.283701 2 0.961806 0.285605 2 0.953367 0.307533 2 0.963427 0.310582 2 0.950113 0.328265 2 0.960808 0.333034 2
0 0.788318 0.274471 0.023065 0.093915 0.791259 0.243092 2 0.791336 0.241126 2 0.790395 0.240966 2 0.790215 0.241507 1 0.787098 0.240945 2 0.788229 0.252135 2 0.783183 0.250519 2 0.788055 0.266466 2 0.780325 0.264292 2 0.791552 0.273120 2 0.786914 0.272591 2 0.786002 0.274761 2 0.782450 0.275411 2 0.794918 0.282492 2 0.791282 0.283569 2 0.790026 0.302951 2 0.786442 0.303655 2
0 0.809152 0.269180 0.024554 0.088624 0.809764 0.241912 2 0.809588 0.239965 1 0.809083 0.239954 2 0.808053 0.240401 1 0.806435 0.240724 2 0.807809 0.247985 2 0.802156 0.251023 2 0.810297 0.259829 2 0.806637 0.265486 2 0.813938 0.268396 2 0.811941 0.273025 2 0.807432 0.269860 2 0.803394 0.273019 2 0.816578 0.274812 2 0.812291 0.282226 2 0.812343 0.295335 2 0.813794 0.302980 2
0 0.924851 0.918651 0.071429 0.160053 0.930064 0.866883 2 0.931552 0.864444 2 0.933315 0.865245 1 0.936552 0.873811 2 0.942783 0.874376 1 0.936669 0.902480 2 0.941896 0.899551 2 0.915060 0.912571 2 0.921084 0.907738 2 0.900832 0.905129 2 0.907293 0.908173 2 0.919149 0.976481 2 0.921172 0.970941 2 0.905783 0.993495 2 0.907193 0.982859 1 0.910087 0.985761 1 0.906149 0.982125 1
0 0.538318 0.322090 0.027530 0.101852 0.541111 0.333592 2 0.542676 0.331417 2 0.539707 0.331171 2 0.544454 0.332198 2 0.537557 0.331588 2 0.544488 0.343551 2 0.534486 0.345294 2 0.550531 0.352194 2 0.527949 0.363013 2 0.554073 0.354756 2 0.531060 0.378985 2 0.540888 0.378984 2 0.535505 0.380375 2 0.541199 0.391103 1 0.540917 0.392568 1 0.536687 0.387174 1 0.538306 0.389419 1
0 0.518973 0.293651 0.024554 0.076720 0.517690 0.272694 2 0.518570 0.270972 2 0.516876 0.271106 2 0.519942 0.270278 2 0.515611 0.270511 2 0.522042 0.277937 2 0.513265 0.278028 2 0.524199 0.288265 2 0.510965 0.288178 2 0.521660 0.296406 2 0.513422 0.296818 2 0.520541 0.302108 2 0.514771 0.302129 2 0.520488 0.321406 2 0.514983 0.321222 2 0.520703 0.339269 2 0.515127 0.338682 2
0 0.478051 0.153439 0.017113 0.063492 0.477636 0.134530 2 0.478053 0.133124 2 0.476934 0.133265 2 0.478547 0.133557 1 0.475805 0.133906 2 0.480705 0.139919 2 0.475072 0.140967 2 0.485673 0.145900 2 0.472972 0.148353 2 0.482597 0.149257 2 0.472194 0.153230 2 0.480715 0.157381 2 0.477283 0.157637 2 0.481788 0.170501 2 0.477872 0.170603 2 0.482284 0.184576 2 0.478607 0.185059 2
0 0.096726 0.317460 0.017857 0.063492 0.094765 0.295531 2 0.095435 0.293843 2 0.093845 0.294379 2 0.096716 0.293299 2 0.092783 0.294747 2 0.098284 0.298398 2 0.092735 0.301759 2 0.100889 0.302296 2 0.091992 0.309986 2 0.099843 0.305111 2 0.093879 0.309916 2 0.098268 0.314717 2 0.094494 0.315940 2 0.098398 0.325871 2 0.093068 0.326602 2 0.099500 0.338979 2 0.093019 0.339223 2
0 0.614955 0.142857 0.021577 0.068783 0.621448 0.121204 2 0.621965 0.120105 2 0.620773 0.119984 2 0.622233 0.120867 1 0.619133 0.120344 2 0.622733 0.128334 2 0.616816 0.127303 2 0.623788 0.137419 2 0.614783 0.136183 2 0.623893 0.144372 2 0.613925 0.145678 2 0.621188 0.146600 2 0.617228 0.146107 2 0.620958 0.160948 2 0.616614 0.159934 2 0.620119 0.174622 2 0.614798 0.173360 2
0 0.202381 0.203704 0.016369 0.037037 0.199049 0.193995 1 0.199236 0.193279 1 0.199483 0.193320 1 0.199795 0.193699 2 0.201929 0.193528 2 0.198672 0.197986 2 0.203580 0.197993 2 0.198470 0.203834 2 0.204623 0.203503 2 0.197815 0.207209 1 0.204028 0.205477 1 0.199894 0.207600 2 0.203549 0.207663 2 0.197973 0.211768 2 0.203533 0.212806 2 0.199018 0.218240 2 0.204529 0.218154 2
0 0.178943 0.140212 0.014137 0.055556 0.177884 0.124543 1 0.177886 0.123585 1 0.178093 0.123392 1 0.177589 0.124449 2 0.180172 0.123813 2 0.177222 0.130813 2 0.182252 0.129884 2 0.176118 0.135476 2 0.184243 0.136149 2 0.176286 0.128921 2 0.185120 0.140322 1 0.179593 0.146119 2 0.182858 0.145688 2 0.179907 0.157210 2 0.183026 0.157403 2 0.180404 0.167685 2 0.183024 0.169072 2
0 0.797991 0.185847 0.017113 0.062169 0.802480 0.167214 1 0.802084 0.165919 1 0.802340 0.166189 1 0.799265 0.166312 2 0.801989 0.167266 2 0.796799 0.172305 2 0.801930 0.173797 2 0.794166 0.178610 2 0.804366 0.179808 2 0.794931 0.180889 2 0.805159 0.179443 2 0.795564 0.187452 2 0.798982 0.188188 2 0.794509 0.197917 2 0.798767 0.199653 2 0.792836 0.209111 2 0.798724 0.210458 2
0 0.424479 0.116402 0.014137 0.058201 0.426634 0.095246 1 0.426222 0.094273 1 0.426460 0.094303 1 0.424391 0.095042 1 0.425916 0.095171 2 0.423635 0.100956 2 0.425590 0.100826 2 0.424507 0.108125 2 0.424641 0.108509 2 0.427615 0.112691 1 0.427027 0.113912 2 0.424567 0.116169 2 0.426011 0.116418 2 0.427083 0.126573 2 0.428889 0.125993 2 0.424894 0.138809 2 0.426134 0.138424 2
0 0.401042 0.092593 0.013393 0.052910 0.401922 0.077536 2 0.402326 0.076533 2 0.401368 0.076645 2 0.402913 0.076890 1 0.400472 0.077141 2 0.403905 0.082189 2 0.399766 0.082634 2 0.404954 0.087822 2 0.399326 0.088612 2 0.404740 0.093478 2 0.399761 0.094229 2 0.403501 0.094333 2 0.400677 0.094523 2 0.403696 0.102750 2 0.400691 0.103000 2 0.403778 0.110943 2 0.400399 0.111467 2
0 0.134301 0.111111 0.015625 0.050265 0.133363 0.098492 2 0.133781 0.097571 1 0.132805 0.097670 2 0.134416 0.097495 1 0.131936 0.097690 2 0.135435 0.101153 2 0.131584 0.101700 2 0.137292 0.106157 2 0.131314 0.107299 2 0.137161 0.110222 2 0.132716 0.112101 2 0.135527 0.110450 2 0.133077 0.110838 2 0.135392 0.118310 2 0.133826 0.118889 2 0.136337 0.127245 2 0.134347 0.128384 2
0 0.828125 0.175265 0.014881 0.048942 0.827699 0.159907 2 0.827863 0.158753 2 0.828081 0.158719 1 0.829341 0.158671 2 0.830746 0.158440 1 0.829558 0.164207 2 0.832282 0.163550 2 0.826979 0.170577 2 0.829997 0.169829 2 0.823966 0.167439 2 0.826317 0.167304 1 0.829531 0.179621 2 0.831308 0.179011 2 0.828906 0.188550 2 0.829852 0.188197 2 0.828786 0.192872 2 0.828786 0.192214 2
0 0.515997 0.112434 0.012649 0.055556 0.516679 0.093815 1 0.516968 0.092892 1 0.516881 0.092877 1 0.517728 0.093540 2 0.518309 0.093389 1 0.518122 0.098859 2 0.518119 0.098553 2 0.518427 0.105224 2 0.517376 0.104602 1 0.518251 0.110380 2 0.516500 0.109422 1 0.517176 0.111025 2 0.517320 0.110766 2 0.516628 0.119815 2 0.517016 0.119922 2 0.516407 0.129211 2 0.517262 0.128926 2
0 0.972098 0.318783 0.031994 0.124339 0.981848 0.275884 2 0.981255 0.273397 1 0.981702 0.273661 2 0.976965 0.271720 1 0.979578 0.272434 2 0.974321 0.279839 2 0.975405 0.281521 2 0.973260 0.299020 2 0.971312 0.300243 2 0.975640 0.314144 2 0.972452 0.317894 2 0.969789 0.310972 2 0.971483 0.311841 2 0.965079 0.332862 2 0.970243 0.336638 2 0.957148 0.354009 2 0.966408 0.360993 2
0 0.746652 0.132275 0.017113 0.052910 0.747999 0.115422 2 0.748525 0.114367 2 0.747398 0.114299 2 0.749092 0.114854 1 0.746166 0.114589 2 0.749672 0.121280 2 0.744313 0.121228 2 0.750411 0.128629 2 0.742845 0.129266 2 0.750518 0.130930 2 0.745090 0.131150 2 0.748525 0.135265 2 0.744913 0.135408 2 0.748047 0.145661 2 0.744406 0.145889 2 0.747790 0.155843 2 0.743384 0.155955 2
0 0.955729 0.173280 0.020089 0.063492 0.952990 0.154245 1 0.953071 0.152885 1 0.953520 0.153038 1 0.953887 0.153129 2 0.957160 0.153000 1 0.953772 0.160183 2 0.960182 0.159586 2 0.952057 0.170500 2 0.962830 0.168882 2 0.950092 0.175871 2 0.960710 0.174364 2 0.953884 0.179724 2 0.957975 0.179067 2 0.951775 0.192560 2 0.954275 0.192672 2 0.951386 0.207083 2 0.952649 0.207148 2
0 0.905506 0.187169 0.020833 0.041005 0.905376 0.177216 2 0.906029 0.175520 2 0.904550 0.175637 2 0.906866 0.175846 2 0.903446 0.176233 2 0.908248 0.180964 2 0.901328 0.182312 2 0.907701 0.190800 2 0.898580 0.193445 2 0.901105 0.194884 2 0.899691 0.195536 2 0.906643 0.196430 2 0.902262 0.196834 2 0.906905 0.190377 2 0.898703 0.191182 2 0.900030 0.199349 2 0.900804 0.199178 2
0 0.925967 0.189815 0.018601 0.035714 0.927862 0.183660 2 0.928174 0.181905 2 0.926773 0.182075 2 0.928364 0.182577 1 0.924579 0.183382 2 0.931236 0.190139 2 0.922694 0.192320 2 0.932371 0.197035 2 0.921854 0.200687 2 0.926307 0.197340 2 0.924806 0.202976 2 0.930896 0.205400 2 0.924892 0.206184 2 0.929889 0.201624 1 0.920495 0.203462 1 0.929606 0.204281 1 0.924569 0.207140 1
