0 0.196801 0.808862 0.024554 0.093915 0.190334 0.781466 1 0.190222 0.779357 1 0.191084 0.778302 1 0.191786 0.778973 2 0.196700 0.776045 1 0.193261 0.792760 2 0.199052 0.784886 2 0.193552 0.807162 2 0.201092 0.792446 2 0.192034 0.818378 2 0.199772 0.800758 1 0.196435 0.814096 2 0.200628 0.810328 2 0.197116 0.829450 2 0.200160 0.824186 2 0.199939 0.847174 2 0.204081 0.837600 2
0 0.456101 0.515873 0.019345 0.113757 0.450184 0.475145 2 0.450780 0.472478 2 0.450900 0.472408 1 0.453471 0.472629 2 0.456274 0.472272 1 0.451618 0.486275 2 0.460983 0.485943 2 0.450086 0.503585 2 0.463271 0.502179 2 0.449094 0.517765 2 0.459865 0.511353 2 0.453772 0.513929 2 0.460192 0.513591 2 0.453622 0.536766 2 0.458614 0.538299 2 0.454433 0.560738 2 0.457277 0.559846 2
0 0.187500 0.946429 0.040179 0.072751 0.183056 0.932626 2 0.183201 0.929268 2 0.184675 0.928865 1 0.186267 0.931095 2 0.193374 0.929265 1 0.188453 0.953118 2 0.198713 0.948942 2 0.175312 0.971929 2 0.186080 0.964703 1 0.177047 0.948518 2 0.177753 0.945169 1 0.187719 0.997177 2 0.194564 0.992659 1 0.171637 0.997355 1 0.178991 0.992461 1 0.174096 0.997355 1 0.180468 0.997355 1
0 0.209821 0.910053 0.050595 0.087302 0.234988 0.862371 2 0.236151 0.858616 2 0.233211 0.859570 2 0.239978 0.854247 2 0.232396 0.856997 1 0.244792 0.866611 2 0.232427 0.868648 2 0.244792 0.883178 1 0.227116 0.881662 2 0.241503 0.878624 1 0.231885 0.869941 2 0.243924 0.906106 2 0.236326 0.906934 2 0.243314 0.934004 1 0.240347 0.935047 2 0.243442 0.954736 1 0.242870 0.955130 2
0 0.442336 0.500000 0.020089 0.103175 0.449946 0.474682 2 0.450669 0.472428 2 0.450552 0.472283 1 0.452977 0.472749 2 0.454289 0.472051 1 0.451401 0.484099 2 0.456101 0.483175 1 0.450150 0.500839 2 0.456101 0.499633 1 0.450700 0.513279 2 0.454590 0.511663 1 0.453193 0.512540 2 0.456101 0.512234 2 0.453139 0.533897 2 0.455547 0.534533 2 0.454421 0.556996 2 0.455140 0.555329 2
0 0.430804 0.465608 0.022321 0.108466 0.438471 0.462661 1 0.438440 0.460796 1 0.439196 0.460685 1 0.437458 0.462436 2 0.442868 0.461773 2 0.435952 0.474234 2 0.445236 0.472989 2 0.434586 0.487729 2 0.446429 0.486104 1 0.435372 0.497022 2 0.445947 0.494345 1 0.438962 0.500499 2 0.445062 0.500084 2 0.440762 0.520813 2 0.444773 0.519700 2 0.442574 0.536969 2 0.444201 0.535171 2
0 0.797247 0.828042 0.052827 0.134921 0.798630 0.782236 1 0.799447 0.779825 1 0.801252 0.780683 1 0.800483 0.784449 2 0.810317 0.785470 1 0.793660 0.800180 2 0.814359 0.805075 2 0.785624 0.805683 2 0.819703 0.819405 2 0.780528 0.795777 2 0.817113 0.809675 1 0.794438 0.852065 2 0.807604 0.852900 2 0.776804 0.838091 2 0.791531 0.841386 2 0.786127 0.878815 2 0.795914 0.876279 2
0 0.435268 0.439153 0.017857 0.089947 0.439103 0.462312 1 0.438874 0.460758 1 0.439706 0.460711 1 0.437337 0.462287 2 0.442719 0.461963 2 0.436186 0.473856 2 0.445281 0.474078 2 0.435019 0.488272 2 0.446732 0.489253 2 0.435080 0.497168 2 0.446066 0.496974 1 0.438084 0.498618 2 0.444298 0.498634 2 0.437573 0.497463 1 0.444382 0.497735 1 0.438212 0.499898 1 0.443191 0.501323 1
0 0.487351 0.517857 0.026786 0.120370 0.483967 0.472316 2 0.484978 0.469646 2 0.482315 0.470697 2 0.486944 0.469728 2 0.480470 0.472144 2 0.489544 0.483163 2 0.478003 0.483024 2 0.492445 0.498425 2 0.475078 0.498520 2 0.494156 0.514320 2 0.475273 0.514240 2 0.487759 0.516529 2 0.480281 0.516031 2 0.488677 0.540930 2 0.480653 0.537254 2 0.489472 0.564585 2 0.483182 0.553412 2
0 0.499628 0.486772 0.021577 0.097884 0.497916 0.452172 2 0.499087 0.450458 2 0.497459 0.450103 2 0.501817 0.450779 2 0.497268 0.450081 1 0.504602 0.460876 2 0.494671 0.459529 2 0.506949 0.473119 2 0.493153 0.471697 2 0.502766 0.478738 2 0.497746 0.479502 2 0.502639 0.486274 2 0.496238 0.485434 2 0.501844 0.506350 2 0.496820 0.504449 2 0.501731 0.526340 2 0.499102 0.522686 2
0 0.549107 0.521825 0.031250 0.115079 0.547885 0.479662 2 0.549296 0.477861 2 0.547456 0.477674 2 0.552793 0.478961 2 0.547686 0.478464 1 0.556634 0.490351 2 0.544797 0.489033 2 0.560609 0.503669 2 0.541883 0.500922 2 0.562810 0.516552 2 0.542093 0.516538 2 0.554162 0.519856 2 0.546482 0.519254 2 0.553659 0.537127 2 0.546154 0.536816 2 0.552877 0.549813 2 0.547448 0.549419 2
0 0.541667 0.449074 0.025298 0.091270 0.542859 0.415131 2 0.543787 0.413284 2 0.541731 0.413238 2 0.544970 0.413922 2 0.539931 0.413830 2 0.547055 0.425000 2 0.536875 0.424614 2 0.549856 0.438532 2 0.533740 0.439552 2 0.550955 0.451451 2 0.531341 0.453132 2 0.544899 0.455543 2 0.538171 0.455159 2 0.544804 0.477071 2 0.536773 0.476011 2 0.545091 0.494865 2 0.538069 0.492019 2
0 0.599702 0.429233 0.020833 0.080688 0.600101 0.401792 2 0.601182 0.399954 2 0.599173 0.400084 2 0.603160 0.399853 2 0.598035 0.400179 2 0.605960 0.407429 2 0.596512 0.408418 2 0.609728 0.417085 2 0.593861 0.418906 2 0.610394 0.424192 2 0.593420 0.427011 2 0.605138 0.431047 2 0.598488 0.431411 2 0.606611 0.447438 2 0.595129 0.448084 2 0.607412 0.464773 2 0.594694 0.465833 2
0 0.511905 0.367725 0.019345 0.082011 0.511223 0.340121 2 0.512213 0.338608 2 0.510347 0.338694 2 0.513804 0.339721 2 0.509366 0.339940 2 0.515482 0.349178 2 0.507611 0.349015 2 0.518269 0.358593 2 0.504987 0.358246 2 0.519200 0.366615 2 0.504678 0.365398 2 0.514358 0.371554 2 0.509412 0.371550 2 0.514235 0.387790 2 0.510152 0.386948 2 0.514748 0.402972 2 0.511653 0.400065 2
0 0.501116 0.350529 0.021577 0.095238 0.502057 0.315674 2 0.503131 0.314086 2 0.501299 0.313844 2 0.504742 0.314564 2 0.500267 0.314005 2 0.507097 0.324417 2 0.498016 0.323792 2 0.509852 0.336872 2 0.496282 0.336919 2 0.509609 0.347870 2 0.495558 0.349689 2 0.505093 0.349949 2 0.499051 0.349414 2 0.504807 0.368360 2 0.498114 0.366962 2 0.504785 0.384731 2 0.497693 0.383305 2
0 0.433408 0.275794 0.011161 0.056878 0.434388 0.260259 2 0.434851 0.259239 2 0.433910 0.259293 2 0.435585 0.259093 2 0.433223 0.259201 2 0.436902 0.263721 2 0.432543 0.263883 2 0.438841 0.269744 2 0.430987 0.269362 2 0.438238 0.275640 2 0.430571 0.275442 2 0.436079 0.277542 2 0.433281 0.277575 2 0.435788 0.286727 2 0.433138 0.286868 2 0.435840 0.294332 2 0.433446 0.294895 2
0 0.239583 0.864418 0.037202 0.178571 0.234144 0.862374 2 0.235909 0.859280 2 0.232936 0.859729 2 0.240264 0.857880 2 0.232345 0.859193 1 0.244745 0.870611 2 0.231867 0.870973 2 0.249974 0.887601 2 0.227899 0.882717 2 0.250639 0.904558 2 0.226626 0.895294 2 0.244265 0.905541 2 0.236047 0.906094 2 0.246100 0.930860 2 0.238815 0.932052 2 0.249807 0.950018 2 0.242036 0.950292 2
0 0.240699 0.891534 0.026042 0.095238 0.234398 0.862286 2 0.235888 0.858853 2 0.232843 0.859760 2 0.240246 0.856232 2 0.232257 0.858620 1 0.245139 0.869037 2 0.232344 0.870677 2 0.249806 0.885941 2 0.229150 0.885884 2 0.250669 0.902793 2 0.228888 0.901944 2 0.244406 0.905749 2 0.236461 0.906394 2 0.245077 0.930664 2 0.239057 0.931423 2 0.248053 0.950161 2 0.242304 0.949060 2
0 0.231399 0.681217 0.028274 0.116402 0.223002 0.642027 2 0.223751 0.639557 2 0.222704 0.639778 1 0.227263 0.638921 2 0.224893 0.639540 1 0.232460 0.649568 2 0.227082 0.649942 2 0.236695 0.663880 2 0.228001 0.664614 2 0.237082 0.678347 2 0.226705 0.675214 2 0.232981 0.678576 2 0.229732 0.678198 2 0.233579 0.702348 2 0.231764 0.700102 2 0.237434 0.720610 2 0.236944 0.718313 2
0 0.121652 0.922619 0.039435 0.125661 0.119745 0.882075 1 0.119966 0.879893 1 0.120866 0.879840 1 0.120853 0.882592 2 0.127978 0.881710 2 0.118131 0.895936 2 0.131803 0.893889 2 0.110455 0.900667 2 0.136514 0.902496 2 0.108326 0.889612 2 0.132336 0.898734 2 0.121744 0.928592 2 0.130671 0.927532 2 0.124119 0.950646 2 0.133058 0.947165 2 0.124721 0.978941 2 0.135782 0.970347 2
0 0.138021 0.810185 0.042411 0.096561 0.123958 0.776992 1 0.124193 0.775534 1 0.124969 0.775225 1 0.125784 0.778305 2 0.131967 0.776727 1 0.125570 0.790226 2 0.135377 0.784851 2 0.122055 0.791034 2 0.140765 0.782798 2 0.123511 0.780822 2 0.134195 0.781025 2 0.134320 0.814865 2 0.141264 0.812523 2 0.134144 0.831735 2 0.143361 0.825624 2 0.135242 0.852803 2 0.151796 0.838033 2
0 0.196801 0.687169 0.027530 0.115079 0.192379 0.646572 1 0.192956 0.644272 1 0.193477 0.643975 1 0.192793 0.645668 2 0.198651 0.643719 2 0.191821 0.658824 2 0.202923 0.652395 2 0.190098 0.672902 2 0.209685 0.665290 2 0.191258 0.673122 1 0.204873 0.671098 2 0.197390 0.688880 2 0.203038 0.684410 2 0.198421 0.712534 2 0.191292 0.698031 2 0.206094 0.736187 2 0.196362 0.716052 2
0 0.213170 0.643519 0.023065 0.123016 0.208287 0.606898 2 0.208689 0.603796 2 0.207555 0.604559 1 0.211591 0.600013 2 0.208932 0.602020 1 0.216802 0.609653 2 0.212271 0.609794 2 0.219101 0.630033 2 0.213497 0.626619 1 0.217684 0.647554 2 0.213220 0.644047 1 0.217848 0.641287 2 0.214852 0.640940 2 0.218933 0.668505 2 0.216972 0.667833 2 0.221915 0.696976 2 0.220093 0.695108 2
