0 0.208705 0.967593 0.048363 0.059524 0.221100 0.965921 1 0.220492 0.961763 2 0.220881 0.962670 1 0.223856 0.956228 2 0.225110 0.958332 1 0.238688 0.970563 2 0.228847 0.971945 2 0.241260 1.000000 1 0.228538 0.998352 1 0.231120 1.000000 1 0.224940 1.000000 1 0.239678 1.000000 1 0.232789 1.000000 1 0.233408 0.999799 1 0.226528 0.999211 1 0.235024 1.000000 1 0.231478 1.000000 1
0 0.388393 0.574074 0.025298 0.116402 0.386391 0.533683 1 0.386179 0.531451 1 0.386773 0.531682 1 0.383329 0.533107 2 0.389162 0.533352 2 0.380442 0.546508 2 0.390379 0.546272 2 0.378702 0.562796 2 0.391998 0.563845 2 0.379118 0.575620 2 0.393336 0.576843 2 0.382269 0.574423 2 0.389227 0.574329 2 0.382126 0.600097 2 0.390037 0.598001 2 0.382300 0.624231 2 0.390088 0.619649 2
0 0.436012 0.629630 0.028274 0.132275 0.439393 0.580081 1 0.438229 0.577433 1 0.439183 0.577383 1 0.431873 0.578579 2 0.438973 0.579560 2 0.426876 0.593718 2 0.440784 0.596069 2 0.423219 0.611585 2 0.443320 0.614218 2 0.427647 0.615549 1 0.440061 0.613860 1 0.428163 0.632310 2 0.437366 0.633560 2 0.430444 0.658007 2 0.436423 0.660992 2 0.430859 0.683984 2 0.434529 0.687884 2
0 0.411086 0.573413 0.024554 0.117725 0.405165 0.532004 1 0.405090 0.529796 1 0.405738 0.529618 1 0.405866 0.529423 2 0.411746 0.528701 2 0.405343 0.539438 2 0.417624 0.539848 2 0.403832 0.554468 2 0.421492 0.557789 2 0.405211 0.566943 2 0.421400 0.571522 2 0.408849 0.574443 2 0.417265 0.574455 2 0.407172 0.598839 2 0.415163 0.600215 2 0.407298 0.622806 2 0.414306 0.625207 2
0 0.471354 0.572751 0.018601 0.089947 0.473441 0.540772 1 0.473109 0.539116 1 0.473596 0.539383 1 0.470171 0.540452 2 0.474732 0.541048 2 0.467638 0.550627 2 0.475718 0.551124 2 0.465885 0.561496 2 0.477324 0.562909 2 0.465481 0.571201 2 0.478490 0.573141 2 0.468220 0.574083 2 0.473932 0.574189 2 0.467307 0.592424 2 0.474500 0.591542 2 0.466799 0.610024 2 0.474219 0.608366 2
0 0.437500 0.570767 0.022321 0.099206 0.439271 0.579561 1 0.438275 0.576982 1 0.439307 0.577328 1 0.432253 0.578257 2 0.439373 0.579579 2 0.427249 0.593660 2 0.440919 0.596185 2 0.423857 0.610371 2 0.443747 0.613654 2 0.428859 0.609587 2 0.441696 0.604698 2 0.428197 0.632549 2 0.437208 0.633959 2 0.428971 0.639042 1 0.437342 0.639500 1 0.429501 0.637734 1 0.434580 0.637229 1
0 0.480283 0.516534 0.018601 0.085979 0.478146 0.483287 1 0.478112 0.481445 1 0.478504 0.481713 1 0.476407 0.482429 2 0.480738 0.482685 2 0.474441 0.492931 2 0.482488 0.493138 2 0.473479 0.507113 2 0.483292 0.506466 2 0.473746 0.518911 2 0.480403 0.513380 2 0.475776 0.516142 2 0.481304 0.516354 2 0.475736 0.534835 2 0.480458 0.535219 2 0.475411 0.552997 2 0.478686 0.552703 2
0 0.462426 0.512566 0.017113 0.093915 0.463962 0.479074 1 0.463245 0.477280 1 0.463803 0.477219 1 0.459388 0.477818 2 0.463593 0.478040 2 0.456678 0.487958 2 0.464706 0.488162 2 0.455629 0.499186 2 0.467544 0.498761 2 0.459100 0.503736 1 0.465579 0.500841 2 0.458588 0.511150 2 0.463773 0.511518 2 0.460543 0.531764 2 0.462665 0.532264 2 0.461414 0.552695 2 0.461362 0.552617 2
0 0.502232 0.451058 0.014881 0.066138 0.504339 0.428294 1 0.503846 0.426931 1 0.504260 0.426992 1 0.500875 0.427418 2 0.504404 0.427563 2 0.499179 0.434791 2 0.505497 0.433773 2 0.497956 0.444615 2 0.509714 0.435070 2 0.499253 0.453166 2 0.509355 0.431993 2 0.499895 0.452805 2 0.504082 0.452881 2 0.500144 0.464831 2 0.504009 0.466837 2 0.498242 0.476719 2 0.503934 0.479566 2
0 0.660342 0.460979 0.011161 0.056878 0.661937 0.446614 2 0.661870 0.445425 1 0.661742 0.445339 2 0.660692 0.444833 1 0.660765 0.444675 2 0.659737 0.449429 2 0.659360 0.449430 2 0.661050 0.455252 1 0.659118 0.456257 2 0.662639 0.457165 1 0.660919 0.461360 2 0.658839 0.462306 2 0.658740 0.462441 2 0.659048 0.471474 2 0.658371 0.471833 2 0.657488 0.480702 2 0.657705 0.480947 2
0 0.662202 0.521164 0.017857 0.042328 0.670116 0.520858 2 0.670329 0.519972 1 0.669753 0.519761 2 0.669618 0.519790 1 0.668355 0.519507 2 0.667484 0.522970 2 0.666291 0.522599 2 0.668002 0.529845 2 0.668280 0.529741 2 0.670644 0.531585 2 0.671910 0.531485 2 0.661139 0.529892 2 0.660058 0.530023 2 0.667244 0.530215 2 0.666247 0.530980 2 0.663856 0.538843 2 0.663307 0.539987 2
