0 0.439338 0.629785 0.014181 0.075630 0.441497 0.601375 1 0.440818 0.599891 1 0.441542 0.599933 1 0.437286 0.600560 2 0.442135 0.600799 2 0.435207 0.609455 2 0.444353 0.609029 2 0.433585 0.619857 2 0.447457 0.617722 2 0.435285 0.625413 2 0.445507 0.620440 2 0.437362 0.631617 2 0.443475 0.631402 2 0.438257 0.646861 2 0.443043 0.645388 2 0.438526 0.660958 2 0.442530 0.659593 2
0 0.211397 0.508403 0.009979 0.030812 0.213095 0.493667 1 0.213404 0.492810 1 0.212666 0.492709 1 0.213484 0.493627 1 0.211917 0.493437 1 0.213434 0.499332 2 0.211636 0.499057 2 0.214398 0.505643 2 0.212344 0.505066 1 0.214612 0.511938 2 0.213885 0.510621 1 0.213140 0.511837 2 0.212015 0.511825 2 0.213282 0.520098 2 0.212702 0.520136 2 0.213141 0.524565 2 0.213011 0.524330 2
0 0.145746 0.414099 0.013130 0.051354 0.144390 0.393260 1 0.144440 0.392177 1 0.144362 0.392110 1 0.144505 0.391625 1 0.145826 0.391394 1 0.144524 0.395505 2 0.146950 0.395211 2 0.143303 0.403057 2 0.148044 0.403079 1 0.143988 0.408242 1 0.147059 0.408650 1 0.145886 0.410749 2 0.147852 0.410614 2 0.145397 0.422799 2 0.149262 0.422646 2 0.145438 0.435420 2 0.151828 0.435265 2
0 0.157826 0.414099 0.016282 0.058824 0.154423 0.389826 1 0.154001 0.388471 1 0.154609 0.388270 1 0.151896 0.388844 2 0.155751 0.388349 2 0.151225 0.396685 2 0.157469 0.395403 2 0.150397 0.406794 2 0.160630 0.404688 2 0.151468 0.410831 2 0.160721 0.412471 1 0.154406 0.415795 2 0.158826 0.415204 2 0.153264 0.426462 2 0.158919 0.424978 2 0.154633 0.438485 2 0.161740 0.437566 2
0 0.074317 0.324463 0.015231 0.051354 0.077984 0.297889 1 0.077888 0.296400 1 0.078303 0.296509 1 0.076675 0.297374 2 0.079523 0.297637 2 0.075580 0.305870 2 0.079628 0.306731 2 0.072546 0.314591 2 0.080090 0.317363 2 0.073902 0.322347 2 0.079695 0.325311 2 0.077283 0.325278 2 0.079780 0.325818 2 0.079656 0.338600 2 0.080087 0.338357 2 0.081952 0.348581 2 0.082685 0.348850 2
0 0.476103 0.586835 0.012080 0.042017 0.476151 0.576000 2 0.477175 0.574358 2 0.475450 0.574339 2 0.479268 0.574505 2 0.474908 0.574482 1 0.481080 0.583776 2 0.475175 0.583588 2 0.482167 0.594603 2 0.474559 0.595021 2 0.477599 0.597083 2 0.473080 0.606063 2 0.479213 0.606878 2 0.475279 0.606042 2 0.476933 0.616217 1 0.473907 0.614887 1 0.477641 0.616217 1 0.473258 0.616217 1
0 0.435662 0.442577 0.012080 0.046685 0.437743 0.424151 2 0.437940 0.423173 1 0.437329 0.423044 2 0.437683 0.423505 1 0.436125 0.423250 2 0.437722 0.429097 2 0.433916 0.429131 2 0.438550 0.435619 2 0.432323 0.436210 2 0.439128 0.440097 1 0.432692 0.442939 2 0.437614 0.441567 2 0.435301 0.442127 2 0.438656 0.450123 2 0.437176 0.451297 2 0.437773 0.460398 2 0.437587 0.460746 2
0 0.543855 0.382353 0.018382 0.060691 0.539221 0.367932 1 0.539094 0.367153 1 0.539372 0.366814 1 0.538789 0.366578 2 0.541140 0.365726 1 0.538711 0.370180 2 0.542998 0.368453 2 0.538733 0.377396 2 0.544529 0.374323 2 0.538946 0.382052 1 0.543843 0.378776 1 0.540985 0.383363 2 0.543931 0.382623 2 0.541638 0.392212 2 0.544555 0.390714 2 0.542293 0.402990 2 0.544520 0.401072 2
0 0.376313 0.542017 0.016282 0.071895 0.373821 0.517425 1 0.373682 0.516033 1 0.374275 0.515944 1 0.372777 0.517327 2 0.377272 0.516641 2 0.372095 0.527455 2 0.379372 0.524825 2 0.371143 0.538740 2 0.381312 0.536297 2 0.371017 0.547675 2 0.380689 0.545986 1 0.374082 0.547713 2 0.379094 0.546097 2 0.374843 0.563240 2 0.379601 0.557662 2 0.375295 0.577396 2 0.380014 0.569202 2
0 0.357405 0.549486 0.012080 0.068161 0.360240 0.521224 1 0.359698 0.519666 1 0.360127 0.519675 1 0.356533 0.519798 1 0.359129 0.520190 2 0.354244 0.527333 2 0.358430 0.528383 2 0.354703 0.536353 1 0.359707 0.537905 2 0.358701 0.538888 1 0.361053 0.539357 2 0.355832 0.545382 2 0.358730 0.546413 2 0.356890 0.560060 2 0.358960 0.561573 2 0.358238 0.574663 2 0.359803 0.575381 2
0 0.450893 0.606443 0.014181 0.070028 0.442317 0.600897 1 0.442127 0.599355 1 0.442037 0.599520 1 0.441176 0.600035 1 0.442459 0.600395 2 0.441936 0.608994 1 0.445020 0.609309 2 0.444265 0.618966 1 0.447486 0.619328 2 0.443980 0.622065 1 0.445332 0.622494 2 0.441360 0.633458 1 0.443395 0.632987 2 0.441238 0.651571 1 0.442511 0.650249 2 0.442014 0.655127 1 0.442133 0.655127 1
0 0.362132 0.531746 0.011029 0.070028 0.361954 0.504314 2 0.362488 0.502377 2 0.361050 0.503142 2 0.363836 0.501458 2 0.360121 0.503178 2 0.367042 0.508086 2 0.359352 0.510404 2 0.368513 0.518377 2 0.359465 0.521668 2 0.363640 0.520080 2 0.364767 0.519511 2 0.367896 0.529966 2 0.362581 0.531348 2 0.368704 0.545584 2 0.363219 0.547064 2 0.368001 0.559453 2 0.363815 0.559650 2
0 0.380515 0.526144 0.016282 0.066293 0.373866 0.516318 1 0.373875 0.514960 1 0.374504 0.514877 1 0.373115 0.516671 2 0.377652 0.516099 2 0.372231 0.526855 2 0.379613 0.525128 2 0.370834 0.538068 2 0.380746 0.535872 2 0.371110 0.539200 1 0.379108 0.539038 1 0.374243 0.547271 2 0.379285 0.546315 2 0.375169 0.561407 2 0.379535 0.558974 2 0.376416 0.571982 2 0.380095 0.569345 2
0 0.288603 0.720355 0.022584 0.049486 0.293121 0.710469 2 0.292933 0.708772 1 0.293086 0.708819 2 0.290130 0.706624 1 0.291470 0.707113 2 0.287996 0.709948 2 0.287686 0.711926 2 0.292886 0.719973 2 0.293793 0.723444 2 0.296587 0.722859 2 0.297468 0.724540 2 0.281394 0.729928 2 0.280891 0.731563 2 0.290800 0.724792 2 0.290516 0.727921 2 0.286452 0.739225 2 0.287199 0.742215 2
0 0.635767 0.441643 0.024685 0.074697 0.639055 0.418452 2 0.639950 0.417505 2 0.638866 0.417221 2 0.641686 0.418202 2 0.638702 0.417467 1 0.642720 0.424114 2 0.637083 0.423229 2 0.644939 0.429657 2 0.635307 0.428825 2 0.644043 0.428086 2 0.637294 0.427005 2 0.640127 0.441053 2 0.635960 0.440250 2 0.639648 0.453767 2 0.632821 0.452407 2 0.638795 0.465260 2 0.629204 0.463888 2
