0 0.247210 0.505622 0.004836 0.020503 0.247069 0.497246 1 0.247159 0.496848 1 0.247006 0.496889 1 0.247375 0.496856 2 0.247139 0.496916 2 0.248225 0.499009 2 0.246802 0.498973 2 0.249116 0.501827 2 0.245996 0.501442 2 0.248977 0.504724 2 0.245738 0.504291 2 0.248037 0.504863 2 0.247095 0.504800 2 0.248303 0.508758 2 0.246920 0.508688 2 0.248418 0.512511 2 0.246808 0.512684 2
0 0.231585 0.889881 0.010789 0.025794 0.232340 0.879265 1 0.232214 0.878450 1 0.232414 0.878623 1 0.230823 0.878615 2 0.232765 0.879130 2 0.229237 0.882643 2 0.232976 0.883567 2 0.227933 0.886102 2 0.234735 0.887705 2 0.229477 0.885672 2 0.235265 0.886690 2 0.229464 0.894541 2 0.231887 0.895002 2 0.229746 0.902766 2 0.231940 0.903307 2 0.229449 0.907015 1 0.231780 0.907015 1
0 0.577939 0.952381 0.010789 0.027778 0.580163 0.944020 1 0.580151 0.943300 1 0.580366 0.943455 1 0.579201 0.943889 2 0.581504 0.944064 2 0.577419 0.948574 2 0.582844 0.948624 2 0.576793 0.953235 2 0.584604 0.951971 2 0.578021 0.952654 1 0.582987 0.949589 1 0.578053 0.962026 2 0.581907 0.962166 2 0.577460 0.957362 2 0.582354 0.957685 2 0.578074 0.968228 2 0.581818 0.967696 2
0 0.528088 0.491071 0.004836 0.017857 0.528416 0.488377 1 0.528421 0.487961 1 0.528546 0.488052 1 0.528079 0.488181 2 0.529133 0.488343 2 0.527384 0.490456 2 0.529354 0.490799 2 0.526561 0.493120 2 0.529688 0.493879 2 0.526649 0.495396 2 0.529587 0.496516 2 0.527600 0.496234 2 0.528938 0.496433 2 0.527629 0.499916 2 0.529049 0.500273 2 0.527571 0.502485 1 0.528984 0.502627 1
0 0.813430 0.518849 0.006324 0.024471 0.813486 0.512377 1 0.813496 0.511874 1 0.813678 0.511874 1 0.813484 0.512087 2 0.814713 0.511973 2 0.813584 0.515067 2 0.815337 0.514759 2 0.813253 0.519105 2 0.815513 0.518622 2 0.812759 0.522298 2 0.815112 0.521712 1 0.813822 0.522241 2 0.815022 0.521988 2 0.813633 0.527159 2 0.814721 0.526841 1 0.813850 0.529953 1 0.814717 0.529932 1
0 0.835193 0.534722 0.006696 0.024471 0.836140 0.527235 1 0.836143 0.526658 1 0.836273 0.526825 1 0.835692 0.526816 2 0.836948 0.527228 2 0.834870 0.529650 2 0.837430 0.530552 2 0.833329 0.532356 2 0.837960 0.534530 2 0.832474 0.533829 2 0.837178 0.536689 2 0.834524 0.537038 2 0.836128 0.537305 2 0.834109 0.541322 2 0.835383 0.541833 2 0.834634 0.545023 2 0.835579 0.545582 2
0 0.718378 0.363426 0.004464 0.017857 0.718968 0.359603 1 0.718970 0.359281 1 0.719007 0.359278 1 0.718814 0.359353 2 0.719390 0.359327 2 0.718655 0.360967 2 0.719701 0.360889 2 0.718177 0.362682 2 0.720620 0.362276 2 0.718438 0.364000 2 0.720095 0.363183 2 0.718838 0.364896 2 0.719439 0.364828 2 0.718890 0.368091 2 0.719007 0.368180 2 0.718788 0.371282 2 0.719015 0.371377 2
0 0.621466 0.326720 0.004092 0.015873 0.622718 0.322328 2 0.622847 0.322067 1 0.622619 0.322048 1 0.623010 0.322238 1 0.622520 0.322197 2 0.622995 0.323679 2 0.622344 0.323657 2 0.623005 0.323987 2 0.622264 0.324079 2 0.622938 0.322571 2 0.622673 0.322871 2 0.622871 0.327456 2 0.622417 0.327457 2 0.622697 0.330419 2 0.622419 0.330444 2 0.622690 0.333435 2 0.622393 0.333296 2
0 0.625558 0.327381 0.003348 0.013228 0.625678 0.323593 1 0.625657 0.323322 1 0.625735 0.323320 1 0.625456 0.323398 2 0.626059 0.323383 2 0.625228 0.324931 2 0.626218 0.324840 2 0.624936 0.326709 2 0.626435 0.326545 2 0.624825 0.328093 2 0.626390 0.327822 1 0.625397 0.328295 2 0.626072 0.328246 2 0.625450 0.330619 2 0.626085 0.330566 2 0.625479 0.333137 2 0.626105 0.332932 2
0 0.986235 0.682870 0.009673 0.032407 0.986275 0.671920 1 0.986322 0.671313 1 0.986549 0.671385 1 0.986447 0.671705 2 0.987913 0.671769 1 0.986446 0.674884 2 0.988198 0.675234 2 0.985744 0.678623 2 0.988314 0.679335 2 0.984493 0.679644 2 0.987695 0.681508 1 0.986376 0.682780 2 0.987575 0.682920 2 0.985903 0.688249 2 0.987156 0.689135 2 0.986386 0.694060 2 0.987927 0.695130 2
0 0.995908 0.680556 0.005952 0.034392 0.996478 0.670227 1 0.996425 0.669540 1 0.996627 0.669633 1 0.995665 0.669858 2 0.997375 0.670008 2 0.994949 0.673582 2 0.997844 0.673890 2 0.994347 0.678101 2 0.998341 0.678702 2 0.994024 0.682259 2 0.997437 0.681844 2 0.995145 0.682520 2 0.997044 0.682638 2 0.995441 0.688946 2 0.996609 0.688928 2 0.995410 0.695264 2 0.995879 0.695232 2
0 0.751674 0.397156 0.005580 0.019180 0.753301 0.392058 1 0.753157 0.391655 1 0.753297 0.391688 1 0.752347 0.391659 1 0.753190 0.391833 2 0.751931 0.393578 2 0.752909 0.393742 2 0.751813 0.395929 2 0.753318 0.395833 2 0.752529 0.396992 1 0.754194 0.396173 2 0.751893 0.398348 2 0.752578 0.398468 2 0.751925 0.401181 2 0.752772 0.401348 2 0.751571 0.404323 2 0.752741 0.404383 2
0 0.498326 0.303241 0.003348 0.016534 0.498713 0.300828 1 0.498781 0.300566 1 0.498631 0.300567 1 0.498838 0.300613 1 0.498568 0.300627 1 0.499075 0.301920 2 0.498394 0.301975 2 0.499464 0.303541 2 0.498233 0.303646 2 0.499229 0.305072 2 0.498130 0.305296 2 0.498900 0.305439 2 0.498478 0.305456 2 0.498898 0.307871 2 0.498558 0.307944 2 0.498884 0.310111 2 0.498645 0.310149 2
0 0.601004 0.732474 0.010789 0.031085 0.600442 0.722736 2 0.600695 0.722167 2 0.600164 0.722254 1 0.601164 0.721170 2 0.599826 0.721296 1 0.602214 0.722021 2 0.598978 0.721315 2 0.603105 0.726062 2 0.598223 0.725853 2 0.601655 0.727429 2 0.599267 0.726704 2 0.601904 0.730081 2 0.599496 0.729460 2 0.602705 0.736964 2 0.597786 0.733956 2 0.602964 0.745087 2 0.598056 0.739790 2
0 0.615141 0.717923 0.008557 0.029762 0.614003 0.706804 1 0.614024 0.706326 1 0.614127 0.706305 1 0.613680 0.706635 2 0.615293 0.706430 2 0.612822 0.709831 2 0.616715 0.709556 2 0.611993 0.713601 2 0.618013 0.713577 2 0.612143 0.715964 2 0.618312 0.715954 1 0.613562 0.717260 2 0.616363 0.717117 2 0.613343 0.719257 2 0.617523 0.718691 2 0.613158 0.723061 2 0.617325 0.722513 2
