0 0.099632 0.561765 0.008088 0.029412 0.099711 0.549852 2 0.100151 0.548733 2 0.099134 0.549150 2 0.101061 0.548716 2 0.098600 0.549665 2 0.102315 0.554022 2 0.098511 0.553917 2 0.102804 0.561504 2 0.096432 0.558633 2 0.100923 0.566203 2 0.095228 0.562187 2 0.102226 0.564809 2 0.099909 0.564598 2 0.100460 0.571127 2 0.099081 0.571464 2 0.100930 0.579465 2 0.100043 0.578912 2
0 0.161949 0.486601 0.004779 0.028105 0.162535 0.480341 2 0.162931 0.479722 2 0.162234 0.479721 2 0.163543 0.479915 2 0.161857 0.479940 2 0.164268 0.482800 2 0.161360 0.482990 2 0.164095 0.486942 2 0.160102 0.487299 2 0.162611 0.487912 2 0.159060 0.490402 2 0.163945 0.490701 2 0.161949 0.490627 2 0.163374 0.495231 2 0.160605 0.495232 2 0.163481 0.500464 2 0.161179 0.501006 2
0 0.185662 0.440196 0.005147 0.026797 0.186462 0.435537 2 0.186822 0.434900 2 0.186138 0.434950 2 0.187441 0.435290 2 0.185776 0.435402 2 0.188345 0.439147 2 0.185161 0.439405 2 0.188723 0.443695 2 0.184770 0.444185 2 0.188188 0.447026 2 0.185672 0.447431 2 0.188072 0.447686 2 0.185922 0.447837 2 0.188147 0.454647 2 0.185988 0.454677 2 0.188223 0.458701 1 0.186160 0.458701 1
0 0.891728 0.872876 0.015074 0.073856 0.898752 0.847217 2 0.898406 0.845566 1 0.898155 0.845363 2 0.895319 0.846578 1 0.895733 0.846565 2 0.892175 0.855804 2 0.894946 0.856869 2 0.889406 0.863358 2 0.894879 0.866199 2 0.893999 0.858290 2 0.896538 0.861419 2 0.892186 0.880004 2 0.893914 0.880700 2 0.891283 0.896174 2 0.892186 0.897612 2 0.890510 0.906651 2 0.891702 0.909772 2
0 0.938787 0.539542 0.009191 0.028105 0.938589 0.528222 1 0.938585 0.527393 1 0.939106 0.527570 1 0.938068 0.528339 2 0.940791 0.528800 2 0.937174 0.532387 2 0.940267 0.534650 2 0.935344 0.529193 2 0.938544 0.539608 2 0.935418 0.523757 2 0.935626 0.547085 2 0.937178 0.550755 2 0.939274 0.551371 2 0.936656 0.556587 1 0.938575 0.556866 1 0.937013 0.557139 1 0.938748 0.557081 1
0 0.911949 0.507190 0.006250 0.033987 0.913456 0.494376 1 0.913560 0.493649 1 0.913781 0.493836 1 0.913467 0.494192 2 0.915222 0.494536 2 0.912567 0.497527 2 0.915612 0.498884 2 0.910733 0.499046 2 0.915140 0.501340 2 0.911670 0.498366 2 0.912952 0.499237 1 0.912157 0.506248 2 0.914202 0.506872 2 0.911618 0.512836 2 0.913090 0.514575 2 0.910706 0.519968 2 0.912407 0.522363 2
0 0.962868 0.526471 0.008088 0.035948 0.963516 0.513232 1 0.963470 0.512375 1 0.963716 0.512530 1 0.962568 0.512845 2 0.964912 0.513110 2 0.961564 0.517617 2 0.965635 0.517841 2 0.960090 0.523239 2 0.966842 0.521990 2 0.959668 0.527007 2 0.965185 0.521060 2 0.961550 0.528635 2 0.964328 0.528674 2 0.960688 0.535821 2 0.963517 0.536335 2 0.959812 0.543408 2 0.963027 0.543647 2
0 0.951654 0.614052 0.007721 0.028105 0.950807 0.600137 1 0.950807 0.599229 1 0.951104 0.599414 1 0.950658 0.599506 2 0.952884 0.599734 2 0.949759 0.604560 2 0.954179 0.604972 2 0.947682 0.611359 2 0.955000 0.612258 2 0.946707 0.615900 2 0.954720 0.617368 2 0.949536 0.618171 2 0.952516 0.618221 2 0.948645 0.626840 2 0.951825 0.627397 2 0.948329 0.633267 1 0.951534 0.633272 1
0 0.976654 0.626471 0.009926 0.030719 0.976773 0.608874 1 0.976619 0.607892 1 0.976958 0.608221 1 0.975125 0.607956 2 0.977614 0.608884 2 0.973006 0.612417 2 0.977928 0.614130 2 0.970676 0.617648 2 0.978179 0.621168 2 0.972586 0.619763 2 0.976566 0.624161 2 0.972398 0.626528 2 0.975573 0.627128 2 0.972239 0.635197 2 0.973920 0.636156 2 0.972192 0.644813 2 0.972906 0.645309 2
0 0.827941 0.464052 0.016912 0.028758 0.831817 0.448137 2 0.831953 0.447625 2 0.831466 0.447747 2 0.831949 0.447821 1 0.830646 0.447972 2 0.831906 0.451244 2 0.829385 0.450976 2 0.832087 0.455346 2 0.828275 0.455303 2 0.831938 0.456141 2 0.829230 0.456118 2 0.831235 0.460681 2 0.829537 0.460529 2 0.830500 0.467682 2 0.829292 0.467029 2 0.829242 0.473761 2 0.827297 0.471670 2
0 0.824816 0.442810 0.009191 0.015033 0.825460 0.437690 2 0.825751 0.437210 2 0.825208 0.437100 2 0.826203 0.437453 2 0.824797 0.437200 2 0.826839 0.439980 2 0.823889 0.439259 2 0.827206 0.443520 2 0.822697 0.442292 2 0.826013 0.444343 2 0.823957 0.444017 2 0.825950 0.445578 2 0.823842 0.445163 2 0.826929 0.445618 2 0.822390 0.444922 2 0.826645 0.449415 2 0.823057 0.448636 2
0 0.847426 0.416993 0.013235 0.020915 0.852324 0.402880 1 0.852182 0.402614 1 0.852438 0.402614 1 0.851684 0.402614 1 0.853025 0.402614 1 0.851102 0.402962 2 0.853439 0.403095 1 0.849872 0.405376 2 0.854277 0.405924 2 0.849255 0.408834 2 0.854225 0.410410 2 0.851157 0.409952 2 0.852661 0.409997 2 0.851054 0.416516 2 0.852560 0.416550 2 0.850953 0.423349 2 0.852729 0.422932 2
0 0.858824 0.414052 0.008088 0.020261 0.858461 0.402604 2 0.858792 0.402149 2 0.858244 0.402096 2 0.859286 0.402488 2 0.857935 0.402358 2 0.859687 0.405502 2 0.857061 0.405390 2 0.860074 0.408939 2 0.855804 0.408797 2 0.859065 0.409216 2 0.856237 0.408287 2 0.858642 0.412247 2 0.856965 0.412122 2 0.858085 0.417414 2 0.856779 0.417142 2 0.857633 0.422513 2 0.856442 0.422014 2
0 0.929963 0.448693 0.011397 0.026797 0.928667 0.434647 1 0.928800 0.434163 1 0.928526 0.433983 1 0.928555 0.434193 1 0.927893 0.433770 2 0.928369 0.437215 2 0.926253 0.436527 2 0.927808 0.441923 1 0.924620 0.441017 2 0.927418 0.445461 1 0.925499 0.445497 2 0.926930 0.446326 2 0.925489 0.445989 2 0.926442 0.453199 2 0.925196 0.452719 2 0.925016 0.459522 2 0.923534 0.459290 2
0 0.976287 0.847386 0.018015 0.045098 0.970207 0.834967 2 0.970044 0.833555 2 0.969682 0.834306 1 0.970653 0.830383 2 0.969567 0.831872 1 0.975544 0.830790 2 0.971650 0.831515 2 0.980526 0.840351 2 0.974723 0.839914 2 0.976913 0.846067 2 0.975320 0.846496 2 0.980727 0.842172 2 0.978007 0.842066 2 0.979371 0.855619 2 0.976720 0.853685 2 0.980174 0.866389 2 0.977747 0.863743 2
0 0.934375 0.616013 0.009926 0.038562 0.934607 0.600357 1 0.934577 0.599365 1 0.935006 0.599616 1 0.933822 0.599631 2 0.936566 0.600116 2 0.932192 0.604402 2 0.936987 0.605543 2 0.930675 0.609803 2 0.937544 0.613618 2 0.931835 0.610232 1 0.937119 0.616346 2 0.931990 0.617834 2 0.935097 0.618287 2 0.932903 0.627932 2 0.934947 0.628195 2 0.933121 0.637143 2 0.934404 0.636762 2
0 0.898713 0.586928 0.012132 0.049673 0.900640 0.566140 2 0.901158 0.565311 2 0.900252 0.565077 2 0.901687 0.566331 2 0.899545 0.565679 2 0.901752 0.572470 2 0.897577 0.571140 2 0.901746 0.578789 2 0.894935 0.576120 2 0.902567 0.577832 2 0.896095 0.573032 2 0.899722 0.584103 2 0.896915 0.583554 2 0.898971 0.593936 2 0.895737 0.593256 2 0.897960 0.602357 2 0.894770 0.601189 2
0 0.831801 0.617974 0.013603 0.035948 0.832336 0.603509 1 0.832320 0.602711 1 0.832662 0.602913 1 0.832191 0.602965 2 0.834394 0.603210 2 0.831390 0.606659 2 0.835645 0.607408 2 0.828165 0.610358 2 0.836397 0.612251 2 0.826215 0.609339 2 0.834589 0.612717 1 0.831313 0.618992 2 0.834032 0.618946 2 0.827104 0.615258 2 0.829710 0.615736 2 0.826195 0.624196 2 0.828261 0.624423 1
0 0.925184 0.448693 0.009191 0.034641 0.928653 0.434794 2 0.928595 0.434297 1 0.928637 0.434167 2 0.927801 0.434055 1 0.928138 0.433836 2 0.926826 0.436775 2 0.926325 0.436367 2 0.926059 0.441591 1 0.924660 0.441285 2 0.926706 0.445387 1 0.925408 0.445769 2 0.925398 0.445525 2 0.924933 0.445442 2 0.925709 0.452263 2 0.925165 0.452473 2 0.924006 0.458724 2 0.922892 0.458572 2
