0 0.216518 0.687831 0.020833 0.089947 0.215821 0.655203 1 0.215220 0.653766 1 0.216215 0.653435 1 0.212237 0.655981 2 0.218512 0.655057 2 0.211385 0.668355 2 0.221348 0.664899 2 0.209156 0.679727 2 0.225068 0.673078 2 0.209569 0.684123 1 0.223857 0.679075 1 0.215556 0.692255 2 0.222265 0.690328 2 0.215926 0.709589 2 0.222252 0.705148 2 0.216480 0.726833 2 0.223890 0.722882 2
0 0.204985 0.669974 0.020089 0.115079 0.207173 0.628857 2 0.207118 0.626589 1 0.206628 0.626461 2 0.205020 0.625868 1 0.203918 0.625500 2 0.204421 0.634840 2 0.200748 0.635901 2 0.206494 0.647927 1 0.200485 0.651348 2 0.208563 0.659266 1 0.203008 0.663576 2 0.206225 0.663300 2 0.203947 0.664526 2 0.207306 0.687637 2 0.205572 0.688621 2 0.205459 0.712308 2 0.204981 0.714128 2
0 0.238095 0.672619 0.019345 0.083333 0.234147 0.643938 2 0.234476 0.642211 2 0.233957 0.642138 1 0.236530 0.640855 2 0.235832 0.640653 1 0.237671 0.649287 2 0.238248 0.646495 2 0.238023 0.660010 2 0.238109 0.654576 1 0.233354 0.660375 2 0.234172 0.656499 1 0.237609 0.668641 2 0.238232 0.666901 2 0.237836 0.683097 2 0.238640 0.679785 2 0.240466 0.698757 2 0.240143 0.691280 2
0 0.265997 0.543651 0.014137 0.058201 0.267492 0.524002 2 0.266918 0.522779 1 0.267220 0.522965 2 0.264528 0.523235 1 0.265827 0.523724 2 0.264484 0.530284 2 0.264906 0.530693 2 0.267008 0.537836 2 0.266215 0.538759 2 0.270891 0.541614 2 0.269539 0.542048 2 0.264889 0.545672 2 0.265120 0.546094 2 0.266268 0.555930 2 0.266832 0.555639 2 0.265403 0.566857 2 0.264937 0.566914 2
0 0.318824 0.637566 0.036458 0.079365 0.319521 0.615459 2 0.320659 0.612365 2 0.318207 0.613039 2 0.323886 0.611066 2 0.318399 0.612506 1 0.325595 0.621242 2 0.321980 0.620449 2 0.315485 0.630837 2 0.314599 0.629849 2 0.307857 0.635572 2 0.308241 0.636700 2 0.330007 0.653572 2 0.327715 0.651330 2 0.314389 0.639358 2 0.315694 0.632679 2 0.314153 0.665760 2 0.317473 0.657057 2
0 0.458705 0.425926 0.018601 0.087302 0.457492 0.393647 1 0.457249 0.392085 1 0.457813 0.392195 1 0.454961 0.393517 2 0.459464 0.393593 2 0.452803 0.403411 2 0.461298 0.403679 2 0.450684 0.415290 2 0.463520 0.415358 2 0.450977 0.423542 2 0.462862 0.422947 2 0.454911 0.425358 2 0.460228 0.425754 2 0.456603 0.442002 2 0.459452 0.442682 2 0.457052 0.459609 2 0.457702 0.460888 2
0 0.314732 0.587963 0.026786 0.051587 0.312107 0.573652 2 0.313096 0.570991 2 0.311082 0.572262 2 0.315733 0.570005 2 0.311237 0.573011 1 0.317348 0.575681 2 0.314387 0.581168 2 0.310524 0.583911 2 0.315257 0.594791 2 0.306929 0.582668 2 0.311433 0.597376 2 0.322955 0.603028 2 0.319842 0.604723 2 0.314549 0.610528 2 0.309943 0.611343 1 0.319323 0.616495 1 0.313590 0.616651 1
0 0.321801 0.570767 0.021577 0.054233 0.312183 0.573682 2 0.313315 0.571598 2 0.311396 0.572192 2 0.315928 0.571042 2 0.311967 0.572166 1 0.316541 0.577384 2 0.315719 0.579236 2 0.312742 0.590026 2 0.316309 0.594695 2 0.310236 0.584731 2 0.311208 0.593001 2 0.322460 0.600758 2 0.321470 0.600501 2 0.311543 0.600164 1 0.311018 0.598041 1 0.314684 0.604315 1 0.313280 0.600634 1
0 0.328869 0.552249 0.025298 0.051587 0.312611 0.573116 2 0.313164 0.571068 2 0.312178 0.571565 1 0.315456 0.570061 2 0.313983 0.570787 1 0.316688 0.577421 2 0.318658 0.576365 2 0.312311 0.583495 1 0.315503 0.580715 1 0.312520 0.577958 1 0.313420 0.578202 1 0.322096 0.586599 1 0.323290 0.586599 1 0.314211 0.585506 1 0.316271 0.582468 1 0.316262 0.586599 1 0.317338 0.585658 1
0 0.463170 0.411376 0.018601 0.076720 0.458579 0.393407 1 0.458023 0.391956 1 0.458697 0.391915 1 0.455119 0.393373 2 0.459428 0.393474 2 0.453302 0.403546 2 0.460922 0.403772 2 0.451860 0.414803 2 0.463009 0.414697 2 0.452162 0.423871 1 0.463025 0.422956 2 0.455159 0.424674 2 0.460009 0.424913 2 0.457063 0.441427 2 0.459509 0.441959 2 0.457642 0.457575 2 0.457055 0.459184 2
0 0.436756 0.760582 0.055060 0.150794 0.426569 0.706673 2 0.428533 0.703329 2 0.424613 0.703481 2 0.431862 0.703817 2 0.421751 0.704476 2 0.436053 0.718772 2 0.418450 0.721061 2 0.442676 0.739661 2 0.416895 0.743912 2 0.447155 0.763627 2 0.418180 0.762201 2 0.440222 0.763078 2 0.426981 0.765248 2 0.449744 0.792353 2 0.423141 0.794508 2 0.459702 0.822141 2 0.429078 0.821269 2
0 0.385417 0.767196 0.028274 0.169312 0.383338 0.706590 2 0.385135 0.702909 2 0.381713 0.703760 2 0.389119 0.703844 2 0.380582 0.705426 2 0.393250 0.723769 2 0.378000 0.719851 2 0.396606 0.742190 2 0.377043 0.735716 2 0.394929 0.744085 2 0.384904 0.745303 2 0.391362 0.764661 2 0.381703 0.762008 2 0.389773 0.799236 2 0.384631 0.788890 2 0.387435 0.830247 2 0.388285 0.809436 2
0 0.389137 0.742725 0.017857 0.070106 0.383687 0.706634 2 0.385316 0.703385 2 0.382218 0.703756 2 0.388582 0.703942 2 0.380714 0.704681 2 0.393142 0.722239 2 0.379589 0.721771 2 0.397398 0.740551 2 0.378298 0.737148 2 0.392395 0.749082 2 0.383925 0.744895 2 0.391254 0.764697 2 0.382381 0.764184 2 0.390519 0.788892 1 0.384335 0.787585 1 0.390906 0.790317 1 0.385228 0.789255 1
0 0.554688 0.801587 0.034970 0.153439 0.552307 0.747025 2 0.554536 0.743968 2 0.550838 0.743425 2 0.558240 0.741927 2 0.548742 0.740705 2 0.563444 0.754089 2 0.545203 0.753232 2 0.566050 0.778904 2 0.540543 0.776828 2 0.566952 0.802358 2 0.539151 0.800359 2 0.559243 0.797394 2 0.546426 0.796495 2 0.560340 0.825395 2 0.540271 0.823649 2 0.560310 0.850657 2 0.540012 0.853769 2
0 0.390625 0.452381 0.019345 0.084656 0.387863 0.423309 2 0.388773 0.421654 2 0.387373 0.421707 2 0.391224 0.422344 2 0.387625 0.422612 1 0.394301 0.431612 2 0.386283 0.431623 2 0.396106 0.446589 2 0.384772 0.444914 2 0.397805 0.459315 2 0.383916 0.456734 2 0.392665 0.455582 2 0.387554 0.455623 2 0.392159 0.474598 2 0.388414 0.475172 2 0.391577 0.490870 2 0.390013 0.491325 2
0 0.422991 0.367063 0.015625 0.072751 0.420150 0.345556 2 0.420530 0.344144 2 0.419775 0.344530 1 0.421743 0.342784 2 0.420150 0.343642 1 0.424422 0.347664 2 0.420552 0.347560 2 0.427393 0.356729 2 0.420814 0.354377 2 0.425364 0.366350 2 0.419616 0.358617 2 0.424014 0.367861 2 0.421453 0.367428 2 0.424535 0.383483 2 0.421382 0.381560 2 0.426472 0.397582 2 0.423200 0.393794 2
0 0.461682 0.337963 0.017113 0.072751 0.460834 0.312755 2 0.461656 0.311433 2 0.460234 0.311291 2 0.462962 0.311669 2 0.459610 0.311259 2 0.464637 0.319229 2 0.458174 0.318601 2 0.466647 0.327461 2 0.456584 0.327845 2 0.465828 0.326885 2 0.456499 0.334651 2 0.463159 0.339617 2 0.459015 0.339169 2 0.462563 0.354327 2 0.459375 0.354050 2 0.462032 0.366360 2 0.459499 0.366585 2
0 0.415179 0.242725 0.013393 0.046296 0.415277 0.227355 2 0.415602 0.226458 2 0.414822 0.226675 2 0.416249 0.225995 2 0.414319 0.226544 2 0.417585 0.229531 2 0.413945 0.229796 2 0.418891 0.235103 2 0.412756 0.234414 2 0.417861 0.239577 2 0.412796 0.238466 2 0.417113 0.240858 2 0.414719 0.240942 2 0.417731 0.248558 2 0.415231 0.248933 2 0.418519 0.254309 2 0.415582 0.254661 2
0 0.358631 0.481481 0.022321 0.087302 0.355851 0.454020 2 0.356783 0.451986 2 0.355048 0.452417 2 0.359092 0.451035 2 0.354550 0.452229 1 0.362831 0.458961 2 0.353863 0.460669 2 0.365079 0.470888 2 0.352267 0.471161 2 0.365058 0.481175 2 0.351985 0.479899 2 0.361147 0.482507 2 0.355020 0.483224 2 0.361715 0.497502 2 0.354759 0.499796 2 0.362265 0.510830 2 0.355476 0.515203 2
0 0.336310 0.511243 0.019345 0.062169 0.333381 0.489845 2 0.333984 0.488330 2 0.332679 0.488670 2 0.335341 0.487488 2 0.332134 0.488080 2 0.337675 0.493779 2 0.331331 0.492687 2 0.340391 0.501428 2 0.328523 0.493180 2 0.341332 0.508636 2 0.330629 0.488318 2 0.337030 0.512210 2 0.333086 0.512080 2 0.337025 0.524855 2 0.333718 0.524603 2 0.337074 0.536165 2 0.334429 0.535171 2
0 0.339286 0.489418 0.014881 0.063492 0.333374 0.488773 2 0.333925 0.487381 2 0.332691 0.487650 2 0.335075 0.487074 2 0.332186 0.487520 2 0.337368 0.493629 2 0.331544 0.492523 2 0.339967 0.501077 2 0.329287 0.492400 2 0.340972 0.509712 2 0.331389 0.488770 2 0.336911 0.512225 2 0.333186 0.512185 2 0.336985 0.525445 2 0.333745 0.525949 2 0.337331 0.531241 2 0.334017 0.531645 2
0 0.316964 0.488757 0.022321 0.075397 0.319562 0.463953 1 0.319169 0.462374 1 0.319750 0.462374 1 0.316478 0.462840 2 0.320809 0.463163 2 0.314412 0.471358 2 0.322061 0.472769 2 0.311209 0.478468 2 0.324597 0.481882 2 0.313234 0.482300 2 0.327048 0.488515 2 0.315634 0.491784 2 0.320504 0.492506 2 0.316717 0.506697 2 0.320018 0.507510 2 0.317092 0.521511 2 0.319745 0.523872 2
0 0.281622 0.569444 0.021577 0.078042 0.273885 0.545830 2 0.275121 0.544404 2 0.274128 0.543928 2 0.278759 0.546208 2 0.277234 0.544589 1 0.276641 0.555263 2 0.280577 0.551978 2 0.272861 0.561280 2 0.279730 0.554933 2 0.271674 0.556087 2 0.277076 0.553556 2 0.277312 0.573304 2 0.280180 0.571819 2 0.276338 0.585165 2 0.280923 0.583790 2 0.277370 0.598908 2 0.281776 0.597612 2
