0 0.951265 0.306217 0.029018 0.099206 0.963110 0.257424 2 0.962238 0.255216 1 0.962970 0.255477 2 0.957365 0.254413 1 0.961028 0.255705 2 0.953124 0.263177 2 0.957408 0.265931 2 0.952681 0.276427 2 0.953974 0.282217 2 0.957855 0.285608 1 0.957104 0.294043 2 0.949228 0.290706 2 0.952380 0.292132 2 0.947131 0.311451 2 0.949539 0.315122 2 0.943356 0.331097 2 0.944770 0.334701 2
0 0.337426 0.154762 0.014137 0.066138 0.336248 0.129332 2 0.336719 0.128102 2 0.335579 0.128183 2 0.337314 0.128998 1 0.334598 0.129233 2 0.338735 0.136346 2 0.333297 0.136720 2 0.341400 0.144090 2 0.332372 0.144149 2 0.339015 0.146197 2 0.335223 0.142322 2 0.338087 0.152283 2 0.334735 0.152520 2 0.338227 0.165545 2 0.336174 0.165608 2 0.338592 0.179976 2 0.337392 0.179026 2
0 0.907366 0.269841 0.024554 0.063492 0.922483 0.254718 1 0.922825 0.252700 1 0.923037 0.253032 1 0.921515 0.254168 2 0.924107 0.254618 1 0.917015 0.266957 2 0.924107 0.267572 2 0.913362 0.286095 2 0.923313 0.286129 1 0.911405 0.297848 2 0.921554 0.296624 1 0.916852 0.301036 2 0.921786 0.301775 2 0.916858 0.312686 1 0.921989 0.312686 1 0.917089 0.312686 1 0.920181 0.312686 1
0 0.545387 0.474868 0.031250 0.145503 0.552503 0.412018 2 0.554420 0.409269 2 0.550991 0.408967 2 0.557438 0.408380 2 0.548518 0.407392 2 0.559260 0.420472 2 0.544974 0.419363 2 0.561036 0.437110 2 0.540765 0.436682 2 0.563754 0.454439 2 0.538599 0.453958 2 0.554706 0.457242 2 0.544362 0.456414 2 0.555300 0.487219 2 0.539132 0.486947 2 0.552869 0.514848 2 0.533179 0.515956 2
0 0.793155 0.297619 0.022321 0.111111 0.795185 0.252697 2 0.796187 0.250817 2 0.794034 0.250628 2 0.797621 0.252313 2 0.791866 0.251686 2 0.799513 0.265197 2 0.789371 0.262874 2 0.802051 0.280323 2 0.786618 0.274846 2 0.794617 0.280693 2 0.786607 0.281040 2 0.795297 0.293448 2 0.788034 0.291589 2 0.793889 0.315017 2 0.783180 0.313829 2 0.792762 0.337382 2 0.779168 0.335785 2
0 0.673735 0.187831 0.017113 0.068783 0.671276 0.159042 1 0.671168 0.157760 1 0.671559 0.157929 1 0.669405 0.158535 2 0.673038 0.158836 2 0.667533 0.165784 2 0.674193 0.166080 2 0.664671 0.174138 2 0.674951 0.174618 1 0.664211 0.179013 2 0.674322 0.179006 1 0.667874 0.183768 2 0.672348 0.183852 2 0.667267 0.198985 2 0.671631 0.198692 2 0.667477 0.213549 2 0.671337 0.213119 2
0 0.668899 0.572751 0.046131 0.195767 0.660908 0.494072 2 0.662963 0.491489 2 0.662267 0.491346 1 0.667162 0.496741 2 0.667831 0.495303 1 0.665769 0.520352 2 0.674522 0.518389 2 0.668055 0.548681 2 0.679066 0.543565 2 0.659637 0.545387 2 0.667286 0.543552 2 0.665333 0.575723 2 0.669808 0.573643 2 0.658483 0.616998 2 0.658564 0.615093 2 0.672602 0.652183 2 0.657562 0.650071 2
0 0.373140 0.501323 0.031994 0.161376 0.392127 0.491544 1 0.390203 0.488223 1 0.391670 0.488296 1 0.382534 0.490867 1 0.389314 0.492573 2 0.378439 0.512123 2 0.387228 0.515900 2 0.376551 0.536943 2 0.386671 0.545542 2 0.379978 0.554344 1 0.393638 0.559350 2 0.379129 0.561446 2 0.384621 0.563846 2 0.386027 0.599648 2 0.387418 0.603153 2 0.386546 0.610148 1 0.383700 0.613261 1
0 0.556548 0.419312 0.031250 0.145503 0.552709 0.411716 2 0.554638 0.408943 2 0.551159 0.408559 2 0.557205 0.408598 2 0.548331 0.407334 2 0.558900 0.420444 2 0.544574 0.418473 2 0.560812 0.438758 2 0.541029 0.434697 2 0.563063 0.456518 2 0.538547 0.452546 2 0.555306 0.456394 2 0.545191 0.455308 2 0.555855 0.487185 2 0.539269 0.485756 2 0.552372 0.514534 2 0.534970 0.513702 2
0 0.188616 0.424603 0.029018 0.145503 0.189182 0.375186 2 0.189177 0.371955 2 0.187340 0.372485 2 0.186959 0.373675 1 0.182507 0.374796 2 0.185329 0.390886 2 0.182268 0.391728 2 0.185014 0.412920 1 0.180481 0.412771 2 0.188389 0.430745 1 0.184821 0.431798 2 0.187481 0.430906 2 0.186127 0.432203 2 0.189078 0.457236 2 0.192023 0.458702 2 0.186470 0.483967 2 0.191895 0.487859 2
0 0.326637 0.445767 0.029762 0.137566 0.323745 0.401891 2 0.325056 0.398796 2 0.322193 0.399426 2 0.327074 0.396878 2 0.319372 0.398689 2 0.328103 0.409004 2 0.318351 0.413986 2 0.328402 0.424897 2 0.319595 0.437335 2 0.331172 0.443583 2 0.327221 0.452162 2 0.327312 0.445246 2 0.319790 0.447540 2 0.331324 0.474582 2 0.320726 0.476648 2 0.337214 0.500474 2 0.319129 0.504644 2
0 0.471354 0.489418 0.043899 0.153439 0.468859 0.432957 2 0.470497 0.429424 2 0.467046 0.429745 2 0.472530 0.428048 2 0.463823 0.428604 2 0.477165 0.441852 2 0.460113 0.444496 2 0.482061 0.461058 2 0.454120 0.466243 2 0.485512 0.482050 2 0.450702 0.488989 2 0.476411 0.486082 2 0.465360 0.487642 2 0.478924 0.517425 2 0.466443 0.520665 2 0.476981 0.545029 2 0.467451 0.553001 2
0 0.376488 0.558862 0.037202 0.173280 0.392896 0.491863 1 0.391182 0.488511 1 0.392433 0.488592 2 0.383677 0.490704 1 0.390152 0.492520 2 0.378165 0.511797 2 0.387879 0.516482 2 0.372736 0.539366 2 0.387952 0.546756 2 0.377704 0.549620 2 0.397041 0.563018 2 0.378941 0.561999 2 0.384737 0.565749 2 0.386830 0.594696 2 0.388282 0.605025 2 0.389948 0.629539 2 0.386884 0.643431 2
0 0.500000 0.640873 0.044643 0.210317 0.492799 0.561500 1 0.492390 0.557524 1 0.493001 0.558307 1 0.486790 0.560201 2 0.497316 0.561876 2 0.481689 0.581498 2 0.500307 0.586527 2 0.484153 0.602295 2 0.505089 0.616057 2 0.497201 0.594351 1 0.505203 0.602778 2 0.484126 0.640789 2 0.497871 0.643247 2 0.483373 0.685170 2 0.500657 0.686589 2 0.481626 0.727829 2 0.500857 0.726969 2
0 0.523810 0.400132 0.028274 0.141534 0.528608 0.346945 2 0.530222 0.344511 2 0.527181 0.344174 2 0.532293 0.345687 2 0.524639 0.344828 2 0.534133 0.360790 2 0.521099 0.359221 2 0.537320 0.378909 2 0.517266 0.374451 2 0.536554 0.395066 2 0.518727 0.392732 2 0.530333 0.398366 2 0.521946 0.397890 2 0.530138 0.425011 2 0.522930 0.425498 2 0.530992 0.449886 2 0.524983 0.451431 2
0 0.221354 0.350529 0.024554 0.126984 0.218690 0.301419 2 0.219857 0.299085 2 0.217366 0.299323 2 0.221847 0.299960 2 0.215339 0.300595 2 0.225599 0.313170 2 0.213479 0.313952 2 0.230676 0.326502 2 0.210144 0.326802 2 0.225211 0.327562 2 0.213055 0.329066 2 0.225497 0.345652 2 0.217369 0.346003 2 0.227236 0.370945 2 0.218439 0.371668 2 0.230846 0.394394 2 0.219556 0.395541 2
0 0.245908 0.327381 0.030506 0.112434 0.239900 0.285479 2 0.241231 0.282751 2 0.239231 0.283249 2 0.244065 0.283814 2 0.239364 0.284913 1 0.246137 0.297628 2 0.241648 0.297954 2 0.246256 0.317999 2 0.242327 0.313101 2 0.242568 0.332560 2 0.239241 0.317048 2 0.246422 0.328944 2 0.242724 0.328751 2 0.247198 0.350891 2 0.240334 0.349808 2 0.252307 0.371704 2 0.244088 0.370721 2
0 0.408854 0.303571 0.020089 0.099206 0.408590 0.267963 2 0.409759 0.266180 2 0.408662 0.265903 1 0.412434 0.267577 2 0.410297 0.266938 1 0.410680 0.278575 2 0.410327 0.277511 2 0.406897 0.292521 2 0.405884 0.289782 1 0.402411 0.299175 2 0.403101 0.294653 1 0.409625 0.303970 2 0.409629 0.303470 2 0.408260 0.324924 2 0.409492 0.325040 2 0.409087 0.347414 2 0.409198 0.345624 2
0 0.556920 0.212302 0.018601 0.085979 0.555065 0.174605 1 0.555009 0.173047 1 0.555210 0.173231 1 0.552989 0.174706 2 0.557034 0.174877 2 0.551008 0.184470 2 0.558515 0.184884 2 0.549598 0.195089 2 0.561463 0.195351 2 0.552776 0.199089 1 0.563718 0.197928 2 0.551601 0.207331 2 0.556871 0.207724 2 0.551491 0.225067 2 0.558205 0.225666 2 0.550243 0.242985 2 0.558671 0.244353 2
0 0.918527 0.300265 0.030506 0.113757 0.929287 0.256634 1 0.928042 0.254255 1 0.929074 0.254645 1 0.922680 0.254034 2 0.928088 0.255785 2 0.917410 0.266944 2 0.928708 0.269552 2 0.913291 0.284465 2 0.930672 0.288048 2 0.912023 0.297641 2 0.929686 0.298003 2 0.916218 0.301686 2 0.922990 0.302782 2 0.918291 0.323889 2 0.919610 0.327050 2 0.917846 0.346954 2 0.911157 0.348399 2
0 0.422619 0.290344 0.022321 0.104497 0.417801 0.249387 2 0.419114 0.247009 2 0.417274 0.247236 2 0.422460 0.247590 2 0.417570 0.247966 1 0.425827 0.259864 2 0.417301 0.259047 2 0.427100 0.277694 2 0.414911 0.272994 2 0.418792 0.280464 2 0.414057 0.276269 2 0.423283 0.290249 2 0.417448 0.289543 2 0.422820 0.314205 2 0.417250 0.313687 2 0.423021 0.337488 2 0.416714 0.337087 2
0 0.793155 0.278439 0.020833 0.085979 0.795518 0.253519 2 0.796327 0.251498 2 0.794389 0.251500 2 0.797323 0.252432 2 0.792179 0.252177 2 0.799578 0.264235 2 0.789879 0.262718 2 0.801190 0.279347 2 0.787057 0.275760 2 0.794684 0.280294 2 0.786407 0.282839 2 0.796033 0.292238 2 0.789342 0.291282 2 0.795345 0.311712 2 0.787558 0.311080 2 0.794073 0.330329 2 0.785741 0.330168 2
0 0.813616 0.275794 0.024554 0.083333 0.812914 0.244269 2 0.812933 0.242246 2 0.812024 0.242125 2 0.811559 0.242612 1 0.808972 0.242777 2 0.810959 0.248028 2 0.805308 0.252021 2 0.813793 0.262905 2 0.810237 0.265824 2 0.817737 0.270650 2 0.815404 0.274656 2 0.809468 0.270028 2 0.805379 0.274413 2 0.820048 0.271204 2 0.813278 0.285751 2 0.815427 0.285390 2 0.817364 0.305553 2
0 0.513765 0.188492 0.017113 0.046296 0.518474 0.172056 2 0.518630 0.170997 1 0.518161 0.170680 2 0.518093 0.171229 1 0.516899 0.170606 2 0.517060 0.177629 2 0.513707 0.176084 2 0.516614 0.185185 2 0.510542 0.182740 2 0.516662 0.188924 2 0.511101 0.189018 2 0.513521 0.188680 2 0.510969 0.188252 2 0.517202 0.191934 2 0.511000 0.192095 2 0.514804 0.198626 2 0.508285 0.197739 2
0 0.967634 0.933201 0.061756 0.130952 0.970967 0.903213 2 0.975792 0.900931 2 0.970867 0.895311 2 0.982738 0.906786 2 0.969308 0.893056 1 0.983607 0.935792 2 0.959971 0.918068 2 0.970961 0.973489 2 0.949034 0.949917 2 0.951864 0.975382 2 0.943602 0.969379 2 0.966834 0.995555 2 0.949830 0.984863 2 0.956460 0.987806 1 0.938756 0.973814 1 0.956567 0.991945 1 0.941808 0.995495 1
0 0.542783 0.329365 0.023065 0.063492 0.543516 0.311383 2 0.544424 0.309342 1 0.542521 0.309283 2 0.545323 0.306118 1 0.540648 0.306121 2 0.546943 0.304749 2 0.536505 0.305541 2 0.551586 0.316041 2 0.533595 0.318027 2 0.547070 0.320338 2 0.540741 0.321559 2 0.544495 0.322867 2 0.537399 0.323803 2 0.550969 0.322903 2 0.533332 0.325372 2 0.547709 0.348867 2 0.538221 0.349676 2
0 0.526042 0.300926 0.020833 0.083333 0.528589 0.346801 2 0.530136 0.344072 2 0.526997 0.343975 2 0.532217 0.345208 2 0.524527 0.345080 2 0.534630 0.357562 2 0.520796 0.356860 2 0.536116 0.358052 1 0.518202 0.358052 1 0.530920 0.352929 1 0.522107 0.352216 1 0.531758 0.358052 1 0.522940 0.358052 1 0.531535 0.357048 1 0.522130 0.357034 1 0.525779 0.358052 1 0.526483 0.358052 1
0 0.564732 0.175265 0.017857 0.056878 0.557061 0.154268 1 0.556782 0.152937 1 0.557135 0.152728 1 0.557567 0.150746 2 0.559790 0.150185 1 0.560857 0.154568 2 0.562980 0.153966 2 0.563757 0.167673 2 0.565700 0.167390 2 0.562865 0.176920 2 0.564022 0.175562 1 0.563067 0.173923 2 0.564635 0.173051 2 0.561140 0.188258 2 0.562271 0.186918 2 0.562559 0.201653 2 0.563755 0.201764 2
0 0.127604 0.338624 0.023065 0.042328 0.126382 0.330455 2 0.126508 0.329353 2 0.126729 0.329066 1 0.127995 0.328872 2 0.129121 0.327862 1 0.131007 0.333242 2 0.130060 0.331404 2 0.131573 0.340629 2 0.127744 0.336523 2 0.128568 0.345644 2 0.123986 0.340107 2 0.136541 0.342138 2 0.135897 0.340910 2 0.130893 0.340874 2 0.129757 0.339236 2 0.133510 0.349457 2 0.133053 0.347902 2
0 0.098586 0.318783 0.031994 0.055556 0.100106 0.304514 2 0.101263 0.302905 2 0.099278 0.303033 2 0.103652 0.303183 2 0.098114 0.303734 1 0.106101 0.309632 2 0.096057 0.311603 2 0.111393 0.316094 2 0.092083 0.323563 2 0.109748 0.317936 2 0.090594 0.337165 2 0.104792 0.323760 2 0.097513 0.324307 2 0.108814 0.322196 2 0.092722 0.322166 2 0.111378 0.337185 2 0.090963 0.335803 2
0 0.637649 0.151455 0.019345 0.062169 0.641804 0.118603 2 0.642021 0.117407 2 0.641189 0.117364 2 0.641694 0.117745 1 0.639427 0.117572 2 0.642254 0.124630 2 0.637091 0.124235 2 0.642654 0.132674 2 0.634999 0.131874 2 0.642057 0.131263 2 0.638265 0.127466 2 0.640966 0.143546 2 0.637195 0.143247 2 0.640186 0.157280 2 0.635610 0.156434 2 0.639242 0.168611 2 0.633517 0.168007 2
0 0.192336 0.136905 0.017113 0.046296 0.193238 0.113474 1 0.193340 0.112517 1 0.193636 0.112552 1 0.193101 0.113137 2 0.195678 0.112950 2 0.191970 0.118857 2 0.196764 0.118395 2 0.191131 0.126402 2 0.197896 0.124991 2 0.191329 0.133777 2 0.196974 0.127544 1 0.193902 0.132897 2 0.197048 0.132887 2 0.195452 0.143592 2 0.197505 0.143020 2 0.196964 0.154452 2 0.197995 0.152328 2
0 0.785342 0.185185 0.018601 0.052910 0.786729 0.165323 1 0.786343 0.164249 1 0.786836 0.164339 1 0.784153 0.164895 2 0.787300 0.165356 2 0.782783 0.170840 2 0.787374 0.171688 2 0.781644 0.176203 2 0.788525 0.177600 2 0.783900 0.174439 2 0.789699 0.174642 2 0.782547 0.186365 2 0.785512 0.186627 2 0.782536 0.197375 2 0.784460 0.197804 2 0.781812 0.208187 2 0.783477 0.208990 2
0 0.466890 0.117063 0.014137 0.051587 0.469079 0.100419 1 0.468914 0.099290 1 0.469114 0.099492 1 0.467120 0.099586 2 0.469719 0.100208 2 0.465477 0.104944 2 0.470329 0.106676 2 0.463156 0.110502 2 0.471314 0.114203 2 0.462243 0.116833 2 0.471274 0.120304 1 0.464986 0.119165 2 0.468495 0.119842 2 0.462895 0.127636 2 0.468381 0.129096 2 0.461935 0.135104 2 0.469091 0.137083 2
0 0.411458 0.099868 0.011905 0.051587 0.412651 0.077506 2 0.412761 0.076704 1 0.412146 0.076714 2 0.412729 0.077373 1 0.410928 0.077400 2 0.413054 0.082741 2 0.409721 0.082824 2 0.413787 0.088694 2 0.409044 0.089746 2 0.413920 0.092818 2 0.409555 0.096473 2 0.413024 0.094723 2 0.410506 0.094886 2 0.413837 0.102700 2 0.410244 0.103196 2 0.413822 0.111130 2 0.408334 0.111245 2
0 0.140253 0.115079 0.015625 0.029101 0.140584 0.114783 2 0.141296 0.113013 2 0.139620 0.113108 2 0.142259 0.113159 1 0.138210 0.113450 2 0.143035 0.120554 2 0.137728 0.120540 2 0.145578 0.127599 2 0.138602 0.127198 2 0.145638 0.129179 2 0.143224 0.129041 2 0.142374 0.130326 2 0.138879 0.130600 2 0.144663 0.125728 1 0.138918 0.126595 1 0.144796 0.128421 1 0.142772 0.128935 1
0 0.308408 0.128968 0.014137 0.030423 0.310722 0.117754 1 0.310615 0.117047 1 0.310755 0.117097 1 0.309494 0.116891 2 0.310959 0.117038 2 0.308035 0.120146 2 0.311188 0.120138 2 0.306911 0.125225 2 0.312032 0.125344 2 0.307253 0.128646 2 0.312453 0.129108 2 0.308338 0.127914 2 0.310575 0.127943 2 0.308497 0.134897 2 0.311397 0.134551 2 0.308405 0.141566 2 0.311592 0.140352 2
0 0.842634 0.220238 0.018601 0.083333 0.850261 0.187998 1 0.849399 0.186457 1 0.850023 0.186454 1 0.845556 0.186901 2 0.849259 0.187384 2 0.842844 0.195446 2 0.850229 0.196106 2 0.841819 0.205678 2 0.853099 0.206174 2 0.844690 0.207963 1 0.854661 0.205008 2 0.843424 0.217024 2 0.848150 0.217296 2 0.844794 0.233863 2 0.846824 0.234034 2 0.842691 0.249534 2 0.842240 0.249682 2
0 0.966146 0.229497 0.023065 0.067460 0.963204 0.257586 2 0.962240 0.255143 1 0.962916 0.255819 2 0.957718 0.253249 1 0.960684 0.255662 2 0.953149 0.260940 2 0.957973 0.265644 2 0.954224 0.271018 1 0.959851 0.275856 1 0.962367 0.273066 1 0.964978 0.274508 1 0.952332 0.274681 1 0.955507 0.275856 1 0.961622 0.267346 1 0.963363 0.275490 1 0.960909 0.273758 1 0.962882 0.275856 1
0 0.595238 0.105159 0.011905 0.041005 0.595255 0.089868 2 0.595598 0.089121 2 0.595310 0.089175 1 0.596614 0.089349 2 0.596046 0.089395 1 0.597112 0.093652 2 0.596468 0.093536 2 0.596552 0.099201 2 0.596110 0.098532 1 0.595529 0.103862 2 0.595217 0.102767 1 0.597246 0.105971 2 0.596525 0.105841 2 0.597771 0.115607 2 0.595854 0.115358 2 0.599053 0.124929 2 0.595149 0.124729 2
0 0.594122 0.083995 0.011161 0.033069 0.595396 0.089947 2 0.595673 0.089177 2 0.595358 0.089199 1 0.596818 0.089086 2 0.596042 0.089148 1 0.597433 0.093032 2 0.596485 0.092932 2 0.597000 0.098766 2 0.595975 0.098429 2 0.596023 0.102519 2 0.595451 0.102208 1 0.597176 0.103855 2 0.596583 0.103660 2 0.596418 0.105279 1 0.596237 0.105077 1 0.596795 0.106668 1 0.596329 0.106139 1
