0 0.952381 0.304894 0.028274 0.099206 0.935784 0.252528 1 0.935299 0.250313 1 0.935703 0.250510 1 0.933499 0.251672 1 0.935906 0.252310 1 0.934167 0.265509 1 0.935757 0.266381 2 0.935868 0.282698 1 0.936885 0.284235 2 0.935883 0.297850 1 0.936496 0.298374 2 0.933083 0.298344 1 0.934171 0.298302 2 0.933036 0.319336 1 0.933036 0.319455 2 0.933036 0.337340 1 0.933036 0.338543 1
0 0.339286 0.155423 0.013393 0.064815 0.336363 0.130484 2 0.336890 0.129171 2 0.335795 0.129144 2 0.337579 0.130059 1 0.334959 0.129905 2 0.338920 0.137398 2 0.333859 0.137052 2 0.341009 0.145088 2 0.333611 0.143592 2 0.338997 0.145572 2 0.336130 0.142179 2 0.338917 0.154700 2 0.335315 0.154772 2 0.340620 0.168639 2 0.335664 0.168895 2 0.341689 0.183566 2 0.336031 0.183749 2
0 0.907366 0.269841 0.024554 0.063492 0.924107 0.253938 1 0.924107 0.252150 1 0.924075 0.252447 1 0.924107 0.252414 1 0.924107 0.253074 1 0.922659 0.261579 2 0.923052 0.262140 1 0.918675 0.277045 2 0.918422 0.277494 1 0.919768 0.288378 2 0.919112 0.288554 1 0.921453 0.298194 2 0.921896 0.298799 2 0.920612 0.310318 1 0.922355 0.311822 1 0.919421 0.309772 1 0.921503 0.309498 1
0 0.564360 0.019841 0.014137 0.026455 0.566579 0.018633 2 0.566741 0.017648 1 0.566111 0.017556 2 0.566183 0.017636 1 0.564690 0.017558 2 0.564957 0.023025 2 0.563584 0.023090 2 0.565382 0.030771 2 0.563300 0.031142 2 0.566480 0.035724 1 0.564333 0.036554 2 0.564011 0.035139 2 0.563252 0.035489 2 0.563964 0.035379 1 0.563529 0.036217 1 0.563314 0.037020 1 0.563044 0.036719 1
0 0.536830 0.464286 0.029018 0.145503 0.531628 0.403766 2 0.533187 0.401096 2 0.530104 0.401365 2 0.536021 0.401344 2 0.527764 0.402147 2 0.539926 0.413859 2 0.525165 0.416768 2 0.543979 0.428663 2 0.521643 0.435541 2 0.546199 0.449395 2 0.521188 0.455462 2 0.540001 0.449187 2 0.529275 0.450646 2 0.543162 0.480748 2 0.527035 0.482300 2 0.547661 0.510184 2 0.523904 0.512970 2
0 0.783110 0.300926 0.021577 0.112434 0.785023 0.256048 2 0.786221 0.253976 2 0.783915 0.253861 2 0.787667 0.254940 2 0.782035 0.254497 2 0.790095 0.266687 2 0.777794 0.265735 2 0.794816 0.280067 2 0.773343 0.279792 2 0.791774 0.281327 2 0.778080 0.282638 2 0.785169 0.297617 2 0.777653 0.296686 2 0.782250 0.322301 2 0.777407 0.320521 2 0.778804 0.346587 2 0.777501 0.343829 2
0 0.672247 0.186508 0.017113 0.068783 0.669353 0.156450 1 0.669388 0.155268 1 0.669812 0.155359 1 0.668721 0.156126 2 0.672025 0.156228 2 0.667906 0.162673 2 0.672726 0.162905 2 0.665754 0.169832 2 0.671264 0.170689 1 0.664869 0.174459 2 0.668122 0.175376 1 0.668599 0.180558 2 0.671870 0.180436 2 0.667419 0.195624 2 0.669599 0.195488 2 0.667609 0.210627 2 0.669018 0.210144 2
0 0.659970 0.549603 0.041667 0.186508 0.645838 0.478647 2 0.647445 0.475356 2 0.646848 0.475472 1 0.651288 0.479809 2 0.654905 0.479162 1 0.647203 0.501814 2 0.661702 0.501665 2 0.639410 0.529281 2 0.664820 0.522816 2 0.640944 0.521979 2 0.654601 0.521518 2 0.646682 0.553622 2 0.656833 0.554275 2 0.641388 0.583259 2 0.653222 0.593356 2 0.639467 0.618404 2 0.654611 0.631666 2
0 0.373140 0.496693 0.026042 0.162698 0.379571 0.474330 2 0.379089 0.470957 1 0.378006 0.471348 2 0.374446 0.474051 1 0.372731 0.474748 2 0.373719 0.493048 2 0.369719 0.495112 2 0.376103 0.518250 2 0.374685 0.522192 2 0.383957 0.531989 2 0.385330 0.532154 2 0.373209 0.542357 2 0.371900 0.544022 2 0.372282 0.576697 2 0.380328 0.577945 2 0.363440 0.601947 2 0.385327 0.607693 2
0 0.527158 0.427910 0.033482 0.144180 0.531601 0.404240 2 0.533023 0.401316 2 0.529918 0.401985 2 0.535663 0.401355 2 0.527501 0.403007 2 0.539811 0.413874 2 0.524986 0.416494 2 0.544067 0.430041 2 0.520861 0.433887 2 0.545775 0.451978 2 0.520062 0.452905 2 0.539388 0.449562 2 0.528692 0.450786 2 0.543184 0.482226 2 0.526419 0.483484 2 0.546893 0.509921 2 0.523844 0.511419 2
0 0.187128 0.423942 0.029018 0.144180 0.187240 0.372105 2 0.187211 0.369412 2 0.185476 0.369923 2 0.184504 0.371802 1 0.180893 0.372970 2 0.180990 0.388127 2 0.180942 0.388801 2 0.179547 0.409897 1 0.177644 0.409505 2 0.183715 0.425538 2 0.180564 0.429187 2 0.182923 0.429169 2 0.183892 0.430289 2 0.183252 0.457318 2 0.189133 0.458839 2 0.182998 0.484232 2 0.191066 0.487540 2
0 0.321057 0.438492 0.024554 0.138889 0.317500 0.392590 2 0.318489 0.388882 2 0.315556 0.390091 2 0.319677 0.387977 2 0.312610 0.391124 2 0.321601 0.399011 2 0.312572 0.406944 2 0.322393 0.416162 2 0.312327 0.428619 2 0.325405 0.436751 2 0.314754 0.447586 2 0.322118 0.435599 2 0.316086 0.439986 2 0.323813 0.462677 2 0.317142 0.473984 2 0.322057 0.485006 2 0.317682 0.503215 2
0 0.462426 0.486772 0.052827 0.148148 0.462571 0.429787 2 0.464332 0.426689 2 0.460971 0.426462 2 0.466288 0.426048 2 0.457885 0.425228 2 0.469258 0.440773 2 0.452821 0.439503 2 0.474369 0.459582 2 0.445511 0.456372 2 0.477931 0.478948 2 0.441375 0.478603 2 0.462536 0.482402 2 0.452599 0.481634 2 0.459642 0.513248 2 0.452213 0.514416 2 0.456633 0.541534 2 0.454395 0.546181 2
0 0.376488 0.540344 0.035714 0.173280 0.379914 0.473656 2 0.379605 0.470071 1 0.378141 0.470695 2 0.376288 0.472071 1 0.372977 0.473663 2 0.373626 0.491196 2 0.370755 0.494905 2 0.375601 0.517681 2 0.375273 0.523224 2 0.382320 0.530719 2 0.384956 0.532513 2 0.372873 0.540675 2 0.371410 0.543485 2 0.375142 0.573148 2 0.379257 0.578541 2 0.370095 0.600681 2 0.379448 0.607729 2
0 0.494420 0.632937 0.046875 0.212963 0.489789 0.552475 1 0.490163 0.548460 1 0.490520 0.548938 1 0.486494 0.551673 2 0.496468 0.552265 2 0.479392 0.578241 2 0.498595 0.577004 2 0.474466 0.605297 2 0.503197 0.611394 2 0.482333 0.616290 2 0.509740 0.627137 2 0.481867 0.636405 2 0.495488 0.634830 2 0.481711 0.681055 2 0.498407 0.669501 2 0.482413 0.726241 2 0.500896 0.704008 2
0 0.509673 0.398148 0.026786 0.132275 0.515386 0.349370 2 0.517038 0.346858 2 0.514154 0.346736 2 0.519727 0.347377 2 0.512492 0.346827 2 0.521745 0.361399 2 0.511107 0.359859 2 0.523350 0.378491 1 0.510555 0.375807 2 0.520364 0.387882 1 0.510867 0.388306 2 0.519707 0.397824 2 0.511596 0.396349 2 0.518359 0.424387 2 0.506100 0.421994 2 0.519036 0.450272 2 0.502177 0.448196 2
0 0.221354 0.348545 0.024554 0.125661 0.220647 0.300576 2 0.221756 0.298336 2 0.219414 0.298578 2 0.223742 0.299252 2 0.217597 0.299954 2 0.227321 0.312261 2 0.215196 0.313291 2 0.232405 0.325491 2 0.211749 0.326529 2 0.226889 0.329869 2 0.215368 0.330938 2 0.226136 0.345319 2 0.217895 0.345641 2 0.227552 0.370302 2 0.217621 0.371275 2 0.230290 0.394352 2 0.217874 0.394975 2
0 0.231027 0.331349 0.029018 0.115079 0.220861 0.300898 2 0.221953 0.298750 2 0.219533 0.298895 2 0.223595 0.299821 2 0.217349 0.300188 2 0.227186 0.312064 2 0.214895 0.312973 2 0.232051 0.324997 2 0.211857 0.326604 2 0.225823 0.329715 2 0.214741 0.330757 2 0.226802 0.346000 2 0.218394 0.346167 2 0.227886 0.371547 2 0.217812 0.371896 2 0.230125 0.395435 2 0.218029 0.396133 2
0 0.408854 0.303571 0.020089 0.099206 0.410271 0.268342 2 0.411481 0.266538 2 0.409305 0.266185 2 0.412900 0.267505 2 0.407518 0.266619 2 0.413185 0.278093 2 0.404725 0.277372 2 0.412943 0.290204 2 0.402731 0.291229 2 0.409890 0.285686 2 0.405618 0.294736 2 0.411581 0.303169 2 0.405809 0.303084 2 0.411473 0.324465 2 0.405867 0.324506 2 0.411665 0.344578 2 0.405633 0.344320 2
0 0.556176 0.210979 0.018601 0.085979 0.554403 0.173808 1 0.554365 0.172240 1 0.554702 0.172429 1 0.552866 0.173650 2 0.557013 0.173825 2 0.550968 0.183303 2 0.558338 0.183775 2 0.548101 0.195130 2 0.559262 0.196551 2 0.546436 0.206454 2 0.560138 0.206710 2 0.551512 0.207134 2 0.556706 0.207330 2 0.550756 0.225718 2 0.557583 0.225979 2 0.549724 0.243246 2 0.557630 0.243647 2
0 0.926711 0.298280 0.029018 0.115079 0.934759 0.253948 1 0.934141 0.251180 1 0.934732 0.251931 1 0.928810 0.250718 2 0.935296 0.253021 2 0.923362 0.262399 2 0.935590 0.266911 2 0.918483 0.275498 2 0.936995 0.286198 2 0.920846 0.288272 2 0.936774 0.299001 2 0.921653 0.297207 2 0.930227 0.299037 2 0.919339 0.320277 2 0.929414 0.321632 2 0.916796 0.342833 2 0.928067 0.341778 2
0 0.791667 0.277116 0.020833 0.085979 0.784796 0.255887 2 0.785970 0.254034 2 0.783744 0.253805 2 0.787404 0.254969 2 0.781831 0.254374 2 0.789621 0.266714 2 0.779233 0.265793 2 0.793231 0.280583 2 0.777530 0.278968 2 0.788077 0.281696 2 0.778730 0.282301 2 0.785794 0.296737 2 0.779296 0.295724 2 0.782374 0.320936 2 0.779173 0.319951 2 0.780901 0.336894 2 0.779241 0.336116 1
0 0.813616 0.275794 0.024554 0.083333 0.811995 0.244273 2 0.811989 0.242363 2 0.811158 0.242391 2 0.810565 0.242289 1 0.807789 0.242541 2 0.810278 0.249292 2 0.804147 0.252332 2 0.813170 0.261961 2 0.809106 0.265497 2 0.817652 0.269991 2 0.814103 0.274712 2 0.810255 0.270656 2 0.806071 0.274037 2 0.817281 0.274301 2 0.814151 0.283858 2 0.814796 0.292489 2 0.815956 0.305021 2
0 0.527530 0.187169 0.016369 0.046296 0.536088 0.168673 2 0.535986 0.167838 1 0.535826 0.167881 2 0.535271 0.167547 1 0.534838 0.167713 2 0.534922 0.171182 2 0.533118 0.171113 2 0.534501 0.176934 2 0.531076 0.175273 2 0.535072 0.182062 1 0.531565 0.178896 2 0.533585 0.182546 2 0.532198 0.182795 2 0.534787 0.189158 2 0.531492 0.190677 2 0.533087 0.194345 2 0.529188 0.196075 2
0 0.967634 0.931878 0.061756 0.133598 0.966865 0.900153 2 0.971679 0.897405 2 0.966664 0.892867 2 0.979423 0.903044 2 0.965909 0.891689 1 0.979993 0.931428 2 0.958006 0.914547 2 0.969203 0.973528 2 0.946198 0.944013 2 0.950806 0.976206 2 0.942078 0.974223 2 0.965623 0.992747 2 0.950426 0.983419 2 0.956272 0.982347 1 0.937908 0.976374 1 0.953012 0.991404 1 0.942281 1.000000 1
0 0.542039 0.328042 0.023065 0.063492 0.543130 0.310698 2 0.544173 0.308842 1 0.542123 0.308690 2 0.545363 0.305655 1 0.540377 0.305338 2 0.546886 0.304560 2 0.536607 0.304590 2 0.550725 0.316525 2 0.532990 0.317483 2 0.546004 0.320267 2 0.539388 0.319812 2 0.544641 0.322028 2 0.537696 0.322447 2 0.550613 0.323696 2 0.533795 0.324500 2 0.547391 0.347949 2 0.537163 0.347183 2
0 0.525298 0.299603 0.020833 0.083333 0.514925 0.348225 2 0.516457 0.345572 2 0.513837 0.345705 2 0.519382 0.346706 2 0.512792 0.347070 1 0.522176 0.356730 2 0.512436 0.356730 1 0.523595 0.356730 1 0.511368 0.356730 1 0.517309 0.354717 1 0.513580 0.356730 1 0.520528 0.356730 1 0.514243 0.356730 1 0.519814 0.356730 1 0.512978 0.356730 1 0.516356 0.356730 1 0.516559 0.356730 1
0 0.556548 0.178571 0.017857 0.055556 0.554048 0.172679 1 0.554134 0.171480 1 0.554607 0.171666 1 0.553080 0.173580 2 0.556974 0.173684 2 0.550736 0.184286 2 0.558184 0.183764 2 0.547773 0.197805 2 0.558595 0.196375 2 0.546328 0.207298 2 0.559372 0.206226 2 0.551445 0.207560 2 0.556390 0.207339 2 0.551785 0.216931 1 0.557281 0.216931 1 0.551916 0.214532 1 0.555658 0.213849 1
0 0.127976 0.338624 0.022321 0.042328 0.124874 0.329472 1 0.124874 0.328339 1 0.125487 0.327963 1 0.126204 0.327981 2 0.128486 0.326731 1 0.130050 0.333210 2 0.129475 0.331062 2 0.128465 0.341042 2 0.125113 0.337865 2 0.123593 0.343661 2 0.122478 0.342564 2 0.134301 0.346498 2 0.133739 0.344538 2 0.126533 0.346690 2 0.125541 0.343149 2 0.130103 0.353653 2 0.129114 0.352958 2
0 0.099702 0.317460 0.031250 0.055556 0.098528 0.304291 2 0.099700 0.302569 2 0.097822 0.302825 2 0.102201 0.302529 2 0.097063 0.303360 1 0.105016 0.308393 2 0.095450 0.311118 2 0.111108 0.315612 2 0.091364 0.323583 2 0.107808 0.316913 2 0.089739 0.337123 2 0.104528 0.326307 2 0.097783 0.327017 2 0.106188 0.321522 2 0.090925 0.323075 2 0.108658 0.338108 2 0.090850 0.338929 2
0 0.637649 0.153439 0.019345 0.063492 0.637833 0.117216 2 0.638281 0.116092 2 0.637177 0.116143 2 0.638775 0.116652 1 0.635926 0.116676 2 0.640159 0.123501 2 0.634255 0.123588 2 0.641616 0.130878 2 0.632723 0.131587 2 0.641003 0.135558 2 0.632516 0.138662 2 0.639459 0.141631 2 0.635372 0.141661 2 0.639723 0.154690 2 0.634782 0.154664 2 0.639847 0.166743 2 0.633956 0.166740 2
0 0.149554 0.167989 0.010417 0.029101 0.148481 0.162472 2 0.148876 0.161645 2 0.148147 0.161697 2 0.149666 0.161679 2 0.147758 0.161766 1 0.150536 0.165104 2 0.147372 0.165272 2 0.151370 0.169477 2 0.147180 0.169639 2 0.151112 0.173067 2 0.147984 0.171488 2 0.150435 0.169537 2 0.148332 0.169646 2 0.150770 0.172381 2 0.148562 0.172184 2 0.151087 0.178254 2 0.149041 0.177974 2
0 0.191964 0.136905 0.017857 0.046296 0.191202 0.114594 1 0.191299 0.113642 1 0.191473 0.113571 1 0.191426 0.114176 2 0.193724 0.113738 2 0.190763 0.120241 2 0.195627 0.118841 2 0.190108 0.127426 2 0.196965 0.123804 2 0.190670 0.133141 2 0.195807 0.125219 1 0.193529 0.133876 2 0.196792 0.133430 2 0.195586 0.144543 2 0.198365 0.143098 2 0.196836 0.155389 2 0.199113 0.152338 2
0 0.784598 0.185185 0.018601 0.052910 0.783799 0.164523 1 0.783868 0.163425 1 0.784277 0.163609 1 0.783252 0.164423 2 0.786538 0.164662 2 0.782106 0.170723 2 0.786940 0.171608 2 0.780536 0.177252 2 0.787822 0.179994 2 0.781766 0.181366 2 0.787279 0.186053 2 0.782070 0.186008 2 0.785351 0.186317 2 0.781760 0.196725 2 0.784481 0.197400 2 0.780763 0.207784 2 0.783798 0.208468 2
0 0.408110 0.093915 0.012649 0.044974 0.408244 0.076489 2 0.408504 0.075554 1 0.407709 0.075620 2 0.408783 0.076235 1 0.406770 0.076359 2 0.409674 0.081539 2 0.405918 0.081924 2 0.410581 0.087400 2 0.405647 0.088657 2 0.410669 0.091886 2 0.406220 0.094537 2 0.409614 0.092777 2 0.407069 0.093038 2 0.409942 0.101228 2 0.407148 0.101743 2 0.409166 0.109681 2 0.406606 0.110374 2
0 0.140253 0.115079 0.015625 0.029101 0.140145 0.114336 2 0.140668 0.113034 2 0.139499 0.113146 2 0.141275 0.112589 1 0.138480 0.112923 2 0.141920 0.116210 2 0.136947 0.116684 2 0.143212 0.122379 2 0.136923 0.122927 2 0.143314 0.126165 2 0.141332 0.126251 2 0.141506 0.125392 2 0.138354 0.126131 2 0.144038 0.124908 2 0.138955 0.126335 2 0.143442 0.129087 2 0.143659 0.129590 2
0 0.851935 0.218915 0.019345 0.083333 0.857726 0.185250 1 0.856937 0.183693 1 0.857545 0.183812 1 0.853443 0.184515 1 0.856922 0.185048 2 0.851604 0.193074 2 0.856748 0.193826 2 0.854357 0.202474 2 0.858261 0.204007 2 0.860972 0.204094 1 0.862722 0.203989 2 0.851739 0.215116 2 0.855336 0.215652 2 0.852503 0.231837 2 0.855045 0.232386 2 0.849349 0.244975 2 0.850474 0.245345 2
0 0.964658 0.228175 0.023065 0.067460 0.957046 0.181820 1 0.956833 0.181217 1 0.956939 0.181217 1 0.955919 0.181325 1 0.956258 0.181605 1 0.954565 0.182662 1 0.956247 0.183126 1 0.952680 0.183001 1 0.955471 0.183632 1 0.952539 0.183491 1 0.955387 0.182522 1 0.954402 0.182367 2 0.955327 0.182553 2 0.953990 0.196108 2 0.954457 0.196518 2 0.953291 0.211291 2 0.953270 0.211331 2
0 0.944568 0.195106 0.020089 0.033069 0.940839 0.188751 2 0.941794 0.186900 2 0.940183 0.187176 2 0.943565 0.186986 2 0.939685 0.187540 1 0.946226 0.192073 2 0.939098 0.192081 2 0.947309 0.201425 2 0.935478 0.199785 2 0.941640 0.201479 2 0.937371 0.200476 2 0.945193 0.204552 2 0.940664 0.203861 2 0.943627 0.203566 2 0.935198 0.202384 2 0.940584 0.209167 2 0.940014 0.209320 2
0 0.930432 0.194444 0.018601 0.034392 0.940700 0.188402 2 0.941734 0.186271 2 0.939955 0.186863 2 0.943452 0.186948 2 0.939248 0.188197 1 0.943452 0.194153 1 0.938409 0.193765 2 0.943452 0.202789 1 0.934862 0.200030 2 0.942126 0.203279 1 0.935848 0.201531 2 0.942177 0.209559 1 0.938524 0.208993 2 0.941805 0.206880 1 0.933534 0.206256 1 0.939823 0.210467 1 0.938332 0.208023 1
