0 0.971726 0.275132 0.032738 0.092593 0.981097 0.245135 2 0.981394 0.242841 2 0.979965 0.242858 2 0.978950 0.241595 1 0.976349 0.242086 2 0.972005 0.249647 2 0.974689 0.251721 2 0.967997 0.263358 2 0.973327 0.269023 2 0.973759 0.272494 2 0.979956 0.275846 2 0.965438 0.275834 2 0.967286 0.277112 2 0.963348 0.297339 2 0.965399 0.300094 2 0.959483 0.315601 2 0.959205 0.318028 2
0 0.366443 0.164021 0.017113 0.068783 0.368340 0.142146 2 0.368815 0.140875 1 0.367676 0.140798 2 0.369272 0.141591 1 0.366420 0.141312 2 0.369907 0.149187 2 0.364995 0.148933 2 0.372511 0.155256 2 0.363127 0.157235 2 0.372508 0.155370 2 0.363948 0.162414 2 0.369551 0.166509 2 0.366189 0.166365 2 0.370037 0.180779 2 0.365887 0.180217 2 0.369858 0.194763 2 0.363140 0.193433 2
0 0.543527 0.449735 0.030506 0.158730 0.551438 0.394571 1 0.550617 0.391494 1 0.550684 0.391598 2 0.543399 0.392291 1 0.547953 0.393315 2 0.536358 0.405940 2 0.549741 0.411627 2 0.528931 0.426418 2 0.551191 0.434684 2 0.530032 0.439093 2 0.550593 0.442395 2 0.534671 0.447437 2 0.544673 0.450461 2 0.531982 0.473892 2 0.547714 0.482597 2 0.525167 0.495478 2 0.546257 0.514105 2
0 0.804315 0.424603 0.043155 0.148148 0.813889 0.368626 2 0.815682 0.366031 2 0.812548 0.365571 2 0.817927 0.368206 2 0.810490 0.366840 2 0.818986 0.385959 2 0.804783 0.380926 2 0.816858 0.405306 2 0.797472 0.399451 2 0.814516 0.418381 2 0.792865 0.419802 2 0.812892 0.425315 2 0.803353 0.421792 2 0.810841 0.457996 2 0.799040 0.448427 2 0.807285 0.489454 2 0.799907 0.474062 2
0 0.669643 0.177249 0.016369 0.068783 0.668240 0.156256 1 0.668468 0.154863 1 0.668754 0.155025 1 0.669111 0.155588 2 0.672150 0.155531 1 0.667785 0.162634 2 0.673893 0.162971 2 0.666749 0.171682 2 0.674679 0.173805 2 0.669194 0.178540 2 0.673561 0.181779 2 0.668111 0.182107 2 0.672485 0.182341 2 0.666091 0.197012 2 0.671294 0.198109 2 0.665239 0.213097 2 0.671008 0.212753 2
0 0.626116 0.444444 0.036458 0.164021 0.622169 0.386557 2 0.622699 0.383321 2 0.623126 0.383235 1 0.624947 0.385423 2 0.630161 0.384848 1 0.626456 0.405862 2 0.633830 0.403378 2 0.626082 0.429795 2 0.637421 0.427435 2 0.619329 0.440821 2 0.629194 0.438146 2 0.628013 0.448710 2 0.633397 0.446466 2 0.620640 0.477935 2 0.629125 0.473218 2 0.628215 0.509469 2 0.642275 0.496701 2
0 0.336310 0.487434 0.031250 0.154762 0.339591 0.428815 1 0.337892 0.426225 1 0.339062 0.426254 1 0.330047 0.429141 1 0.337877 0.429886 2 0.326308 0.448662 2 0.340191 0.447248 2 0.324309 0.469256 2 0.344826 0.472805 2 0.327537 0.483452 1 0.347546 0.490223 2 0.329999 0.491387 2 0.339846 0.489786 2 0.333324 0.524110 2 0.344102 0.512561 2 0.333874 0.550558 2 0.347212 0.535272 2
0 0.409970 0.412037 0.031250 0.144180 0.412897 0.354301 1 0.411711 0.351660 1 0.412999 0.351552 1 0.405495 0.352842 2 0.413656 0.353041 2 0.401022 0.369753 2 0.416763 0.368529 2 0.398947 0.389793 2 0.424279 0.386018 2 0.402959 0.394630 2 0.429331 0.395023 2 0.405145 0.410303 2 0.415058 0.409936 2 0.408383 0.439759 2 0.414398 0.438356 2 0.411219 0.467528 2 0.412857 0.466158 2
0 0.233631 0.443783 0.029762 0.141534 0.236429 0.386043 2 0.235394 0.383709 1 0.235197 0.384325 2 0.232716 0.386309 1 0.231205 0.387820 2 0.233620 0.404175 2 0.227376 0.405733 2 0.235722 0.424030 2 0.230219 0.428635 2 0.239074 0.441245 2 0.237753 0.442558 2 0.236914 0.443119 2 0.231250 0.444505 2 0.240616 0.472596 2 0.232414 0.472448 2 0.239106 0.498607 2 0.224028 0.493081 2
0 0.317336 0.393519 0.021577 0.125661 0.315092 0.349469 2 0.313806 0.347113 1 0.314369 0.347118 2 0.308477 0.348858 1 0.311902 0.349453 2 0.304398 0.363849 2 0.314073 0.364414 2 0.304097 0.385057 2 0.318248 0.385007 2 0.305464 0.400185 1 0.322766 0.399351 2 0.307303 0.397542 2 0.313654 0.398300 2 0.312444 0.426107 2 0.317253 0.427100 2 0.312357 0.452275 2 0.314023 0.454347 2
0 0.521577 0.384921 0.043155 0.121693 0.550848 0.394713 1 0.549791 0.391824 1 0.550484 0.392134 1 0.543044 0.392506 2 0.549008 0.394070 2 0.536681 0.408179 2 0.550148 0.411815 2 0.531112 0.426442 2 0.550130 0.435636 2 0.530704 0.439399 2 0.550168 0.445445 1 0.534849 0.450822 2 0.544488 0.452231 2 0.532244 0.469577 1 0.546007 0.469577 1 0.530879 0.469577 1 0.545049 0.469577 1
0 0.362351 0.422619 0.031250 0.138889 0.368357 0.380369 2 0.368217 0.376854 1 0.367988 0.377168 2 0.362619 0.373446 1 0.364355 0.373952 2 0.357413 0.381571 2 0.362341 0.385511 2 0.359091 0.400457 1 0.366343 0.407135 2 0.366452 0.393478 1 0.367058 0.392889 2 0.357904 0.417984 2 0.362529 0.420419 2 0.358025 0.449325 2 0.369800 0.450878 2 0.353495 0.476261 2 0.374191 0.481323 2
0 0.425967 0.352513 0.026042 0.123016 0.414402 0.352859 1 0.413200 0.350568 1 0.414058 0.350573 1 0.407973 0.352739 1 0.413217 0.353176 2 0.407738 0.368003 1 0.416558 0.369034 2 0.410466 0.380519 1 0.423096 0.383643 2 0.414648 0.379288 1 0.426497 0.384704 2 0.407738 0.408049 2 0.414332 0.408070 2 0.408343 0.433624 1 0.415025 0.431834 2 0.409803 0.437335 1 0.415034 0.437335 1
0 0.361235 0.404101 0.026042 0.146825 0.368321 0.379845 2 0.368313 0.376381 1 0.367853 0.376511 2 0.363351 0.373751 1 0.364630 0.374044 2 0.358222 0.382796 2 0.361903 0.385928 2 0.356398 0.400821 2 0.366017 0.404339 2 0.360305 0.397009 2 0.368674 0.391406 2 0.359058 0.416375 2 0.362464 0.418870 2 0.358663 0.448557 2 0.369269 0.451371 2 0.353556 0.475571 2 0.372708 0.479815 2
0 0.135417 0.368386 0.034226 0.125661 0.126901 0.324223 2 0.127839 0.321633 2 0.125356 0.322203 2 0.129541 0.322368 2 0.122903 0.323736 2 0.133865 0.335380 2 0.121334 0.337511 2 0.139791 0.348863 2 0.118471 0.352593 2 0.136026 0.357408 2 0.122227 0.365750 2 0.137395 0.367778 2 0.128698 0.369410 2 0.142791 0.393411 2 0.131714 0.396074 2 0.149382 0.419396 2 0.134089 0.422347 2
0 0.069940 0.389550 0.034226 0.133598 0.058134 0.345407 2 0.059840 0.343206 2 0.057757 0.342992 2 0.064255 0.344213 2 0.058071 0.344024 1 0.069565 0.357601 2 0.058256 0.360188 2 0.073668 0.374853 2 0.055746 0.375533 2 0.074219 0.392714 2 0.051854 0.387773 2 0.070440 0.394708 2 0.061864 0.396483 2 0.076486 0.418784 2 0.063363 0.424740 2 0.085726 0.436892 2 0.062927 0.451758 2
0 0.548363 0.205026 0.019345 0.082011 0.548734 0.172890 1 0.548801 0.171200 1 0.549000 0.171376 1 0.547537 0.172329 2 0.551647 0.172465 2 0.545545 0.182574 2 0.553582 0.182899 2 0.543939 0.195108 2 0.554873 0.196062 2 0.542620 0.206047 2 0.555180 0.206103 2 0.546049 0.204834 2 0.552037 0.204832 2 0.544254 0.222010 2 0.552768 0.222397 2 0.542514 0.239999 2 0.552027 0.240031 2
0 0.948661 0.281746 0.028274 0.111111 0.955398 0.244032 2 0.956176 0.241768 2 0.954264 0.241501 2 0.955741 0.241605 1 0.951042 0.240760 2 0.954611 0.252233 2 0.947018 0.252434 2 0.953236 0.267502 2 0.943289 0.270160 2 0.954701 0.278183 2 0.945917 0.284790 2 0.949709 0.285329 2 0.944733 0.285331 2 0.946590 0.305913 2 0.943708 0.307480 2 0.937392 0.321311 2 0.937451 0.326628 2
0 0.787946 0.274471 0.020833 0.085979 0.792480 0.244195 2 0.792577 0.242195 2 0.791748 0.241911 2 0.791363 0.242241 1 0.788652 0.241241 2 0.790083 0.252121 2 0.784365 0.250432 2 0.790193 0.267250 2 0.781656 0.264177 2 0.793571 0.274972 2 0.787592 0.272845 2 0.789130 0.272851 2 0.785118 0.273760 2 0.798824 0.280966 2 0.793804 0.282417 2 0.793657 0.299784 2 0.790873 0.301916 2
0 0.811384 0.270503 0.024554 0.080688 0.810758 0.243056 2 0.810864 0.240871 2 0.809727 0.240892 2 0.809817 0.241152 1 0.806591 0.241509 2 0.809099 0.247017 2 0.802921 0.251582 2 0.812062 0.260743 2 0.807917 0.264493 2 0.815628 0.267839 2 0.813569 0.273050 2 0.810107 0.268861 2 0.805644 0.273940 2 0.820657 0.267001 2 0.813220 0.283559 2 0.814072 0.281056 2 0.815450 0.301925 2
0 0.969494 0.938492 0.058036 0.120370 0.984019 0.924595 2 0.988995 0.919309 2 0.981410 0.915585 2 0.993848 0.920562 2 0.975357 0.911397 2 0.991703 0.948475 2 0.965650 0.930554 2 0.978248 0.991478 2 0.955499 0.962135 2 0.961400 0.989268 2 0.950810 0.984367 2 0.977865 0.996495 2 0.960459 0.986799 2 0.972425 0.992019 1 0.945992 0.982245 1 0.958218 1.000000 1 0.954946 0.998431 1
0 0.539062 0.324735 0.026042 0.067460 0.540816 0.308663 2 0.542028 0.307310 2 0.540051 0.306588 2 0.543510 0.305168 2 0.538822 0.303634 2 0.544703 0.304243 2 0.534730 0.303755 2 0.548664 0.316089 2 0.531574 0.317030 2 0.544447 0.318373 2 0.537592 0.319751 2 0.543014 0.323232 2 0.536238 0.323605 2 0.548342 0.323474 2 0.531380 0.325265 2 0.545391 0.345660 2 0.534498 0.346686 2
0 0.486235 0.158069 0.017113 0.064815 0.483938 0.138151 2 0.484466 0.136846 2 0.483563 0.136914 2 0.485733 0.136394 2 0.483685 0.136611 1 0.487620 0.141689 2 0.484497 0.142290 2 0.489756 0.149448 2 0.485048 0.149510 2 0.485817 0.148041 2 0.483061 0.147607 2 0.488512 0.157706 2 0.486563 0.157782 2 0.486859 0.170496 2 0.486089 0.170984 2 0.487608 0.183340 2 0.487356 0.183642 2
0 0.122768 0.328704 0.017857 0.048942 0.127019 0.323751 2 0.128066 0.321236 2 0.125362 0.321936 2 0.129828 0.322357 2 0.123125 0.324069 2 0.133928 0.335752 2 0.121147 0.337310 2 0.134673 0.351422 1 0.119636 0.351246 2 0.133847 0.359209 1 0.120768 0.361056 2 0.133626 0.361094 1 0.125304 0.361903 1 0.132713 0.352985 1 0.125475 0.355293 1 0.131956 0.359028 1 0.128174 0.362308 1
0 0.093378 0.311508 0.033482 0.059524 0.098409 0.306788 2 0.099506 0.304876 2 0.097318 0.305136 2 0.101598 0.303724 2 0.095699 0.304761 2 0.103766 0.309081 2 0.093646 0.312468 2 0.109335 0.317168 2 0.089759 0.324446 2 0.107515 0.318462 2 0.088214 0.334086 2 0.102326 0.324189 2 0.095224 0.325869 2 0.105794 0.320938 2 0.090248 0.324899 2 0.108632 0.336077 2 0.089967 0.339013 2
0 0.200893 0.212302 0.011905 0.033069 0.203423 0.203997 2 0.203901 0.202898 2 0.202769 0.202967 2 0.204475 0.202928 1 0.201560 0.203148 2 0.205289 0.208088 2 0.200472 0.207548 2 0.205626 0.212942 2 0.198235 0.211301 2 0.204108 0.213337 2 0.200694 0.212261 2 0.203382 0.215703 2 0.200273 0.215290 2 0.203609 0.214751 2 0.200015 0.214287 2 0.203207 0.221737 2 0.200650 0.221901 2
0 0.183036 0.134259 0.016369 0.048942 0.182499 0.119491 1 0.182745 0.118447 1 0.182951 0.118486 1 0.183670 0.119395 2 0.185300 0.119220 1 0.184352 0.125342 2 0.186517 0.124938 2 0.180850 0.129817 2 0.183854 0.129632 1 0.178985 0.127013 2 0.180393 0.127841 1 0.186224 0.140051 2 0.187446 0.139540 2 0.185345 0.150059 2 0.185321 0.148519 2 0.188215 0.158529 2 0.187752 0.158369 2
0 0.782366 0.185185 0.018601 0.052910 0.782904 0.164704 1 0.783096 0.163559 1 0.783296 0.163662 1 0.783735 0.164323 2 0.786056 0.164199 1 0.783174 0.170966 2 0.787677 0.170731 2 0.781659 0.179725 2 0.788286 0.178914 2 0.780235 0.186818 2 0.786300 0.183715 2 0.783075 0.186351 2 0.786406 0.186157 2 0.781492 0.197570 2 0.786169 0.198040 2 0.780778 0.209165 2 0.786923 0.209024 2
0 0.435268 0.115741 0.013393 0.051587 0.433303 0.098155 1 0.433440 0.097034 1 0.433778 0.097050 1 0.434143 0.097578 2 0.436384 0.097337 1 0.433797 0.103355 2 0.437903 0.103211 2 0.431382 0.108099 2 0.438674 0.109544 2 0.428865 0.107885 2 0.437951 0.112884 1 0.434833 0.117802 2 0.437344 0.117614 2 0.435093 0.128953 2 0.436447 0.128963 2 0.436141 0.140448 2 0.436771 0.140562 2
0 0.396949 0.095899 0.009673 0.048942 0.398845 0.077808 2 0.399296 0.076955 2 0.398444 0.076841 2 0.399888 0.077453 2 0.397750 0.077160 2 0.400579 0.082772 2 0.396758 0.082500 2 0.401685 0.089097 2 0.395882 0.088534 2 0.401353 0.094577 2 0.396282 0.093812 2 0.400073 0.094582 2 0.397544 0.094571 2 0.400293 0.103326 2 0.397783 0.103314 2 0.400488 0.112077 2 0.397854 0.112049 2
0 0.973214 0.218254 0.017857 0.068783 0.976093 0.192927 2 0.976957 0.191456 2 0.976333 0.191488 1 0.979651 0.192744 2 0.978368 0.192831 1 0.979288 0.201595 2 0.978910 0.200784 2 0.973044 0.209435 2 0.974248 0.208730 1 0.972687 0.209059 2 0.974225 0.209783 1 0.974169 0.224951 2 0.973661 0.223787 2 0.973341 0.242279 2 0.973391 0.239905 1 0.974183 0.252680 1 0.973365 0.252156 1
0 0.585938 0.099868 0.009673 0.038360 0.589731 0.093802 1 0.589574 0.092977 1 0.589859 0.093043 1 0.588402 0.093378 1 0.590157 0.093605 2 0.587665 0.098100 2 0.589951 0.098359 2 0.586834 0.103376 2 0.590411 0.103687 2 0.586580 0.107640 1 0.590797 0.108470 2 0.587667 0.107688 2 0.589150 0.107817 2 0.587628 0.113607 2 0.588790 0.113583 2 0.587429 0.118871 2 0.588726 0.118684 2
0 0.906622 0.189815 0.020089 0.038360 0.909763 0.175043 2 0.910453 0.173651 2 0.909124 0.173182 2 0.910991 0.173993 1 0.907534 0.172980 2 0.911708 0.181600 2 0.904814 0.180019 2 0.912545 0.189023 2 0.901915 0.187023 2 0.909786 0.192087 2 0.900760 0.190364 2 0.908729 0.194240 2 0.904042 0.193061 2 0.908467 0.194370 2 0.900201 0.192569 2 0.905620 0.200185 2 0.900027 0.198139 2
