0 0.184524 0.113095 0.016369 0.048942 0.177740 0.127524 1 0.177990 0.126554 1 0.177210 0.126852 1 0.178574 0.125894 1 0.176588 0.126627 1 0.180018 0.127613 2 0.176103 0.128488 2 0.181848 0.129453 2 0.174598 0.130324 2 0.179319 0.129100 2 0.175942 0.129157 2 0.180951 0.140060 2 0.178131 0.140695 2 0.182335 0.145410 1 0.177379 0.146329 1 0.182598 0.145628 1 0.177466 0.146105 1
0 0.621280 0.510582 0.038690 0.179894 0.612254 0.456063 1 0.612691 0.452776 1 0.613596 0.452885 1 0.613608 0.455372 2 0.621921 0.454396 2 0.612281 0.477147 2 0.626865 0.473197 2 0.609251 0.500378 2 0.631097 0.500720 2 0.602759 0.518629 2 0.631237 0.519693 2 0.616763 0.525406 2 0.626588 0.522125 2 0.613990 0.562950 2 0.623520 0.550557 2 0.616896 0.601494 2 0.625588 0.580351 2
0 0.824777 0.525132 0.046875 0.177249 0.839560 0.449422 2 0.841367 0.446414 2 0.837862 0.445668 2 0.843362 0.447490 2 0.834160 0.445190 2 0.845103 0.468233 2 0.827185 0.462077 2 0.847437 0.493415 2 0.818550 0.482047 2 0.847385 0.515736 2 0.814235 0.505073 2 0.835998 0.513204 2 0.824340 0.509540 2 0.832225 0.549130 2 0.821272 0.543880 2 0.826233 0.579928 2 0.817222 0.573516 2
0 0.650670 0.185185 0.015625 0.068783 0.646633 0.157521 2 0.647288 0.156265 2 0.646400 0.156285 1 0.649321 0.156808 2 0.647230 0.156990 1 0.651346 0.163347 2 0.646985 0.163911 2 0.654064 0.172280 2 0.645544 0.172178 2 0.652622 0.182141 2 0.643602 0.179545 2 0.651160 0.181735 2 0.648924 0.181769 2 0.647280 0.194802 2 0.648332 0.195807 2 0.646617 0.210758 2 0.650549 0.210421 2
0 0.552455 0.463624 0.040923 0.165344 0.546185 0.401483 1 0.546431 0.398599 1 0.547076 0.398830 1 0.545232 0.400763 2 0.553194 0.400468 2 0.542350 0.419578 2 0.556966 0.417853 2 0.538216 0.441242 2 0.561606 0.439785 2 0.532053 0.458736 2 0.567013 0.459055 2 0.545364 0.465073 2 0.555379 0.463987 2 0.543301 0.498964 2 0.556136 0.495790 2 0.544596 0.533779 2 0.557193 0.527411 2
0 0.325893 0.513228 0.032738 0.164021 0.334658 0.452730 1 0.332923 0.449922 1 0.334447 0.449890 1 0.324693 0.452587 1 0.333382 0.453724 2 0.319989 0.470285 2 0.333561 0.473625 2 0.319806 0.489816 2 0.338798 0.497414 2 0.324324 0.499653 1 0.345358 0.515042 2 0.321935 0.514941 2 0.331514 0.516874 2 0.322772 0.544154 2 0.334131 0.549134 2 0.321132 0.574728 2 0.334246 0.582423 2
0 0.396205 0.397487 0.027530 0.141534 0.408083 0.349616 2 0.407178 0.346894 1 0.407080 0.347059 2 0.402482 0.347651 1 0.402717 0.348959 2 0.398477 0.361557 2 0.399519 0.364810 2 0.397710 0.380751 1 0.397675 0.388032 2 0.403032 0.386964 1 0.401305 0.403290 2 0.395980 0.400431 2 0.396444 0.402596 2 0.398089 0.426861 2 0.396206 0.433050 2 0.399397 0.451851 2 0.395074 0.460145 2
0 0.318452 0.462302 0.031250 0.152116 0.333951 0.452345 1 0.332293 0.449321 1 0.333931 0.449426 1 0.324233 0.451836 2 0.333504 0.453275 2 0.319560 0.470537 2 0.333426 0.474293 2 0.318617 0.489873 2 0.337417 0.499840 2 0.322205 0.504736 1 0.339503 0.519367 2 0.321364 0.514737 2 0.331262 0.516707 2 0.322154 0.545867 2 0.333218 0.549195 2 0.319848 0.565179 1 0.331572 0.567998 1
0 0.360119 0.375000 0.031250 0.128307 0.373768 0.324694 2 0.373172 0.322145 2 0.372358 0.322973 2 0.371189 0.323297 1 0.368806 0.325471 2 0.368467 0.337442 2 0.369121 0.340320 2 0.369643 0.354682 1 0.372741 0.360265 2 0.374659 0.365464 1 0.379352 0.371817 2 0.370979 0.366927 2 0.370267 0.369008 2 0.377829 0.391273 2 0.372795 0.394767 2 0.378162 0.416826 2 0.364057 0.417474 2
0 0.579985 0.373677 0.052827 0.115079 0.567470 0.331162 2 0.568664 0.329018 2 0.567199 0.329158 1 0.572322 0.330464 2 0.571476 0.330419 1 0.575155 0.341939 2 0.570915 0.343913 2 0.583606 0.357249 2 0.566397 0.360667 2 0.578825 0.374287 2 0.562335 0.375046 2 0.585104 0.368446 2 0.586247 0.370566 2 0.569611 0.387546 2 0.592750 0.393838 2 0.565500 0.413662 2 0.604485 0.409215 2
0 0.460565 0.402778 0.032738 0.136243 0.476747 0.348731 2 0.475903 0.346087 1 0.476227 0.346046 2 0.470090 0.347530 1 0.473964 0.347846 2 0.465778 0.361810 2 0.474173 0.364561 2 0.469473 0.374994 2 0.476903 0.384538 2 0.477002 0.368485 1 0.479009 0.388679 2 0.466843 0.399870 2 0.473645 0.401219 2 0.465819 0.426310 2 0.477094 0.428675 2 0.463070 0.451353 2 0.476930 0.456436 2
0 0.508557 0.376984 0.033482 0.119048 0.527884 0.345989 2 0.527785 0.343152 1 0.527267 0.343568 2 0.523206 0.342119 1 0.524406 0.343129 2 0.520035 0.349995 2 0.521589 0.354244 2 0.518867 0.364998 2 0.520291 0.375601 2 0.525087 0.380563 1 0.523371 0.392255 2 0.511631 0.381858 2 0.514142 0.383968 2 0.515182 0.403094 2 0.527360 0.405603 2 0.504646 0.420592 2 0.527721 0.432031 2
0 0.275298 0.421958 0.035714 0.156085 0.285039 0.369024 2 0.284183 0.365628 1 0.283844 0.366311 2 0.280953 0.365345 1 0.280496 0.367652 2 0.275852 0.380957 2 0.277139 0.383571 2 0.272442 0.403601 1 0.276521 0.406391 2 0.273095 0.422382 1 0.279874 0.428469 2 0.274229 0.424436 2 0.272616 0.426547 2 0.285283 0.447594 2 0.263900 0.455109 2 0.284210 0.478468 2 0.254717 0.480560 2
0 0.134673 0.371693 0.032738 0.124339 0.131047 0.327747 2 0.132206 0.324992 2 0.129788 0.325333 2 0.133915 0.321952 2 0.127306 0.322694 2 0.137542 0.331960 2 0.125021 0.333821 2 0.143893 0.344907 2 0.123164 0.349609 2 0.139077 0.350318 2 0.126752 0.364252 2 0.139269 0.367205 2 0.130821 0.368414 2 0.142370 0.392745 2 0.132350 0.394861 2 0.147668 0.418527 2 0.134194 0.421070 2
0 0.020833 0.429233 0.029762 0.138889 0.001066 0.376988 2 0.002467 0.373594 2 0.000502 0.374200 1 0.008126 0.374507 2 0.002460 0.376088 1 0.014892 0.391383 2 0.000736 0.391910 2 0.021534 0.410253 2 0.000000 0.410619 1 0.024005 0.429910 2 0.001119 0.410381 1 0.015800 0.430993 2 0.007075 0.431495 2 0.017487 0.458850 2 0.013540 0.454455 2 0.019948 0.489748 2 0.023091 0.474996 2
0 0.405506 0.296296 0.016369 0.103175 0.407906 0.349177 2 0.407452 0.346466 1 0.407117 0.346660 2 0.402724 0.347322 1 0.402920 0.348310 2 0.400443 0.359676 2 0.398919 0.363717 2 0.403003 0.365215 1 0.400871 0.367477 1 0.407694 0.361100 1 0.407766 0.364561 1 0.400185 0.367477 1 0.399145 0.367477 1 0.406323 0.365568 1 0.406063 0.367477 1 0.404206 0.367477 1 0.404557 0.367477 1
0 0.534226 0.202381 0.019345 0.082011 0.536504 0.171499 1 0.536581 0.169754 1 0.536845 0.170063 1 0.535253 0.170883 2 0.539308 0.171391 2 0.532873 0.180141 2 0.540312 0.182680 2 0.528883 0.189395 2 0.541254 0.197360 2 0.525785 0.197894 2 0.540149 0.205423 2 0.533441 0.203706 2 0.538831 0.204802 2 0.531161 0.221209 2 0.539993 0.221900 2 0.529266 0.238387 2 0.541409 0.237596 2
0 0.954613 0.285714 0.031250 0.113757 0.961518 0.244732 2 0.962852 0.242942 2 0.960355 0.242092 2 0.964075 0.244233 2 0.957588 0.242043 2 0.964783 0.255842 2 0.953437 0.254145 2 0.966667 0.268390 2 0.947864 0.269150 2 0.965898 0.280471 2 0.947381 0.285179 2 0.959990 0.290355 2 0.952305 0.288977 2 0.957215 0.312540 2 0.947105 0.310942 2 0.953171 0.331188 2 0.942179 0.332113 2
0 0.787202 0.273810 0.020833 0.087302 0.790717 0.243498 2 0.791409 0.241595 2 0.789834 0.241191 2 0.791363 0.241795 1 0.787150 0.240428 2 0.789405 0.252358 2 0.783765 0.249877 2 0.790302 0.267328 2 0.781192 0.263687 2 0.793081 0.273743 2 0.787672 0.272300 2 0.787444 0.273618 2 0.783601 0.273986 2 0.797033 0.281218 2 0.793339 0.281724 2 0.793335 0.302664 2 0.789352 0.303093 2
0 0.809524 0.267857 0.025298 0.083333 0.809258 0.242892 2 0.809539 0.240836 2 0.808337 0.240810 2 0.808727 0.240578 1 0.805100 0.240693 2 0.808337 0.246323 2 0.801610 0.250966 2 0.811301 0.260471 2 0.806736 0.264081 2 0.814795 0.268604 2 0.812364 0.272258 2 0.809676 0.268366 2 0.804885 0.273303 2 0.818616 0.267187 2 0.812430 0.283367 2 0.814420 0.282291 2 0.814221 0.304571 2
0 0.966890 0.932540 0.057292 0.126984 0.979228 0.916755 2 0.984001 0.911678 2 0.976614 0.908515 2 0.989190 0.914505 2 0.971069 0.906523 2 0.987617 0.947099 2 0.963186 0.929842 2 0.975116 0.988801 2 0.953096 0.958097 2 0.956040 0.988445 2 0.948531 0.980962 2 0.974061 0.999806 2 0.957616 0.990364 2 0.966035 0.987731 1 0.945300 0.979211 1 0.954956 0.995984 1 0.949730 0.993220 1
0 0.538690 0.322751 0.026786 0.074074 0.539124 0.298968 2 0.540472 0.297365 2 0.538196 0.296932 2 0.542574 0.295775 2 0.536577 0.295022 2 0.544117 0.299263 2 0.534045 0.300756 2 0.546428 0.307155 2 0.531653 0.315769 2 0.545648 0.317130 2 0.534923 0.327883 2 0.540799 0.319854 2 0.533428 0.320252 2 0.546764 0.331367 2 0.531643 0.330660 2 0.546796 0.351981 2 0.530096 0.353551 2
0 0.518229 0.289683 0.023065 0.063492 0.530456 0.319120 2 0.531088 0.316858 2 0.530793 0.316718 2 0.532255 0.316803 2 0.532166 0.316377 1 0.530766 0.326081 1 0.531052 0.324778 2 0.526347 0.325789 1 0.526036 0.324550 1 0.524816 0.328384 1 0.522177 0.328729 2 0.525618 0.328703 1 0.525605 0.327215 1 0.522403 0.326041 1 0.519807 0.323472 1 0.519513 0.326945 1 0.518760 0.324281 1
0 0.486979 0.156746 0.015625 0.059524 0.493557 0.137523 2 0.493672 0.136264 2 0.493002 0.136339 2 0.493372 0.136740 1 0.491553 0.136845 2 0.491164 0.144706 2 0.489817 0.142478 2 0.491184 0.152018 2 0.489884 0.150244 2 0.492969 0.156725 2 0.491846 0.156024 2 0.486611 0.158606 2 0.484838 0.156890 2 0.487221 0.171424 2 0.480622 0.166683 2 0.487768 0.185455 2 0.476389 0.174369 2
0 0.097470 0.320106 0.017857 0.060847 0.091100 0.301681 1 0.091146 0.300459 1 0.091790 0.299790 1 0.092032 0.300861 2 0.095990 0.298633 2 0.093234 0.308804 2 0.099203 0.304391 2 0.090673 0.320639 2 0.101275 0.311394 2 0.087894 0.326728 2 0.102079 0.314940 2 0.096591 0.326005 2 0.100589 0.323555 2 0.091416 0.327561 2 0.096420 0.324988 2 0.094372 0.340006 2 0.100394 0.340070 2
0 0.614211 0.144180 0.018601 0.068783 0.613768 0.115452 2 0.614152 0.114186 1 0.613160 0.114035 2 0.614225 0.114746 1 0.611652 0.114303 2 0.614724 0.121936 2 0.609281 0.121452 2 0.615547 0.129482 2 0.607862 0.129849 2 0.616205 0.132839 2 0.607950 0.137567 2 0.613789 0.139197 2 0.610116 0.139130 2 0.613802 0.152221 2 0.609493 0.152357 2 0.612907 0.165270 2 0.609392 0.165212 2
0 0.209449 0.217593 0.014137 0.033069 0.214409 0.214963 2 0.214605 0.214150 1 0.214394 0.213833 2 0.213981 0.213071 1 0.213331 0.212464 2 0.212584 0.215192 2 0.210380 0.214879 2 0.211763 0.222265 2 0.210024 0.222576 2 0.213363 0.227044 2 0.212322 0.228533 2 0.209052 0.218679 2 0.207404 0.218904 2 0.211545 0.223867 2 0.209336 0.224487 2 0.211309 0.229191 2 0.209276 0.229961 2
0 0.178199 0.135582 0.015625 0.051587 0.176523 0.121187 2 0.176887 0.120141 1 0.176039 0.120514 1 0.177785 0.120326 1 0.175701 0.121263 2 0.179827 0.124668 2 0.175256 0.126241 2 0.181924 0.128926 2 0.173563 0.130735 2 0.179385 0.128591 2 0.174488 0.128891 2 0.180782 0.139105 2 0.177497 0.139935 2 0.182658 0.146806 2 0.177551 0.148400 2 0.184783 0.156969 2 0.177958 0.158666 2
0 0.777902 0.184524 0.014137 0.056878 0.777656 0.165384 2 0.777979 0.164422 2 0.778048 0.164508 1 0.779272 0.164909 2 0.780206 0.164971 1 0.778894 0.169655 2 0.780567 0.169386 2 0.776900 0.173644 2 0.777985 0.173234 2 0.777458 0.169486 2 0.777095 0.169818 2 0.777306 0.184115 2 0.778451 0.183713 2 0.775514 0.193370 2 0.776462 0.193527 2 0.775699 0.204447 2 0.776401 0.204302 2
0 0.413690 0.113095 0.014881 0.051587 0.407016 0.094933 1 0.407215 0.093871 1 0.407452 0.093896 1 0.407476 0.094865 2 0.409951 0.094570 2 0.406348 0.102036 2 0.412010 0.101275 2 0.405694 0.110237 2 0.414069 0.108672 2 0.405796 0.117421 2 0.415246 0.115074 2 0.408155 0.116762 2 0.411918 0.116472 2 0.409373 0.126240 2 0.412748 0.125787 2 0.409952 0.135912 2 0.412257 0.134858 2
0 0.391369 0.099868 0.011905 0.048942 0.390275 0.083853 1 0.390285 0.082931 1 0.390502 0.082976 1 0.389600 0.083406 2 0.391766 0.083383 2 0.388708 0.088645 2 0.392479 0.088516 2 0.387762 0.094325 2 0.394287 0.092888 2 0.387937 0.098808 1 0.393866 0.093920 2 0.389639 0.099824 2 0.392040 0.099864 2 0.390190 0.108287 2 0.391711 0.108776 2 0.390227 0.117281 2 0.391472 0.117594 2
0 0.821801 0.172619 0.015625 0.051587 0.822210 0.157188 2 0.822466 0.156116 2 0.822683 0.156204 1 0.823453 0.156893 2 0.825157 0.156857 1 0.822923 0.163410 2 0.826409 0.163144 2 0.821976 0.170973 2 0.827194 0.169942 2 0.820965 0.176667 2 0.825744 0.174036 1 0.822742 0.177286 2 0.825039 0.176954 2 0.821660 0.186099 2 0.823139 0.186344 2 0.821038 0.194238 2 0.822036 0.193394 2
0 0.688244 0.136905 0.014881 0.048942 0.691733 0.122455 2 0.692260 0.121453 2 0.691284 0.121423 2 0.693086 0.121870 2 0.690737 0.121804 2 0.694045 0.127659 2 0.689679 0.127437 2 0.694655 0.134722 2 0.688966 0.134103 2 0.693332 0.138638 2 0.689720 0.138796 2 0.693202 0.140738 2 0.690361 0.140610 2 0.692918 0.152087 2 0.691005 0.152150 2 0.692269 0.163031 2 0.691125 0.162845 2
0 0.589658 0.104497 0.011161 0.050265 0.590507 0.089104 2 0.590946 0.087909 1 0.590459 0.087769 1 0.591457 0.088266 1 0.590542 0.087772 2 0.591501 0.095805 2 0.588969 0.094720 2 0.589884 0.106719 2 0.586522 0.104745 2 0.588151 0.115164 2 0.586120 0.114132 2 0.591684 0.108703 2 0.589875 0.108209 2 0.589614 0.117446 2 0.587565 0.116620 2 0.591738 0.127320 2 0.588576 0.125476 2
0 0.971354 0.359127 0.037946 0.144180 0.977341 0.309324 1 0.977339 0.306659 1 0.978145 0.307581 1 0.974895 0.307837 2 0.981941 0.309786 2 0.970770 0.321462 2 0.984571 0.323884 2 0.963102 0.335537 2 0.985865 0.341130 2 0.956840 0.337583 2 0.980699 0.346566 1 0.969350 0.357842 2 0.977851 0.358042 2 0.964387 0.378850 2 0.969915 0.379059 2 0.966377 0.400589 2 0.968217 0.398185 2
0 0.184524 0.106481 0.008929 0.030423 0.181510 0.107995 2 0.181806 0.107063 2 0.181115 0.107266 2 0.182552 0.106903 2 0.180639 0.107446 2 0.184678 0.110522 2 0.180252 0.111446 2 0.186654 0.116121 2 0.179250 0.116320 2 0.184473 0.116961 2 0.179872 0.114682 1 0.184463 0.120671 2 0.181423 0.120996 2 0.184570 0.120671 1 0.180138 0.121575 1 0.185379 0.123249 1 0.181166 0.125015 1
0 0.590030 0.099868 0.011905 0.038360 0.589810 0.086871 2 0.590392 0.085699 2 0.589443 0.085661 2 0.591321 0.086614 1 0.589078 0.086372 2 0.591972 0.095528 2 0.588160 0.094828 2 0.593051 0.106200 2 0.586151 0.105866 2 0.592022 0.115820 2 0.585994 0.116854 2 0.591553 0.110751 2 0.589001 0.110170 2 0.590673 0.117802 2 0.587281 0.115926 2 0.592319 0.124238 1 0.586659 0.121134 1
0 0.561756 0.083995 0.008929 0.035714 0.561364 0.075387 1 0.561391 0.074743 1 0.561595 0.074760 1 0.561154 0.075186 2 0.562835 0.075153 2 0.560462 0.078881 2 0.563344 0.078974 2 0.559345 0.082982 2 0.564052 0.083405 2 0.558904 0.086437 2 0.564392 0.087542 2 0.560804 0.087867 2 0.562709 0.087892 2 0.560682 0.094103 2 0.562408 0.094610 2 0.560256 0.100158 2 0.561952 0.100660 2
0 0.740327 0.140212 0.013393 0.052910 0.742225 0.125120 2 0.742761 0.123982 2 0.741626 0.123796 2 0.743103 0.123960 1 0.740238 0.123348 2 0.744047 0.128700 2 0.738106 0.127851 2 0.744870 0.137027 2 0.736981 0.135156 2 0.744187 0.143466 2 0.737465 0.142348 2 0.743056 0.142118 2 0.739083 0.141963 2 0.744709 0.149736 2 0.738547 0.149986 2 0.742271 0.159259 2 0.739060 0.160383 2
0 0.955729 0.171958 0.020089 0.066138 0.952425 0.156659 2 0.952558 0.155083 2 0.952517 0.155008 1 0.954700 0.154310 2 0.955901 0.153900 1 0.955359 0.161397 2 0.960308 0.159919 2 0.954108 0.171345 2 0.962988 0.166750 2 0.952100 0.179636 2 0.961002 0.172439 2 0.955328 0.180952 2 0.958708 0.179988 2 0.953403 0.195095 2 0.956587 0.195412 2 0.952772 0.208817 2 0.956014 0.208834 2
0 0.905878 0.188492 0.020089 0.038360 0.906914 0.175694 2 0.907818 0.173938 2 0.905934 0.174007 2 0.909305 0.174235 2 0.904508 0.174458 2 0.911306 0.181994 2 0.902921 0.181382 2 0.912758 0.191177 2 0.900718 0.189497 2 0.907628 0.192693 2 0.899912 0.194299 2 0.909150 0.197959 2 0.903306 0.196934 2 0.909152 0.196347 1 0.898120 0.194950 2 0.906881 0.201821 1 0.898454 0.199494 1
0 0.941592 0.192460 0.020089 0.033069 0.941618 0.184935 2 0.942281 0.183257 2 0.940653 0.183228 2 0.942999 0.184005 2 0.939234 0.184003 2 0.944933 0.190501 2 0.937850 0.189791 2 0.945388 0.199095 2 0.935131 0.196516 2 0.941430 0.202116 2 0.935289 0.197502 2 0.943486 0.202009 2 0.939044 0.201138 2 0.941589 0.202241 2 0.934361 0.201257 2 0.938035 0.207703 2 0.939086 0.207062 2
