0 0.949405 0.309524 0.029762 0.100529 0.962513 0.256942 1 0.961691 0.254843 1 0.962153 0.255207 1 0.956622 0.254637 1 0.960083 0.256365 2 0.951569 0.264074 2 0.957964 0.267697 2 0.948980 0.277543 2 0.954374 0.284209 2 0.953809 0.285760 1 0.957437 0.290349 2 0.948272 0.292762 2 0.952811 0.294585 2 0.945751 0.314080 2 0.950614 0.317830 2 0.943490 0.333924 2 0.947325 0.337870 2
0 0.334449 0.154101 0.014137 0.067460 0.335088 0.128129 2 0.335699 0.126752 2 0.334499 0.126707 2 0.336511 0.127742 2 0.333684 0.127602 2 0.337338 0.135098 2 0.332400 0.135687 2 0.338497 0.143742 2 0.332172 0.144309 2 0.338378 0.148839 2 0.336151 0.141939 2 0.337748 0.151103 2 0.334403 0.151748 2 0.338224 0.165254 2 0.334883 0.165809 2 0.338037 0.178952 2 0.335147 0.179235 2
0 0.909226 0.263889 0.023810 0.064815 0.918857 0.262205 1 0.917957 0.259722 1 0.918769 0.260107 1 0.912165 0.259475 2 0.917726 0.261028 2 0.905933 0.271753 2 0.917928 0.274956 2 0.902143 0.289581 2 0.918653 0.295674 2 0.903722 0.294786 2 0.918225 0.299925 2 0.904594 0.304899 2 0.913148 0.306619 2 0.905183 0.306462 1 0.916802 0.307788 1 0.903392 0.307493 1 0.914176 0.307227 1
0 0.559152 0.492725 0.034970 0.146825 0.563625 0.426456 2 0.565088 0.423618 2 0.561931 0.423734 2 0.566872 0.423616 1 0.558258 0.423703 2 0.567199 0.436683 2 0.553767 0.437728 2 0.567532 0.451759 2 0.548724 0.456495 2 0.568537 0.467672 2 0.548085 0.474922 2 0.563583 0.470291 2 0.554031 0.470906 2 0.566171 0.501295 2 0.553617 0.502903 2 0.568307 0.530799 2 0.550665 0.533035 2
0 0.808780 0.292989 0.022321 0.107143 0.807778 0.246832 2 0.809143 0.244694 2 0.807197 0.244634 2 0.811868 0.245672 2 0.806915 0.245413 1 0.814351 0.257579 2 0.804764 0.255898 2 0.815952 0.273360 2 0.800082 0.267565 2 0.811199 0.278916 2 0.800623 0.273053 2 0.809567 0.284781 2 0.803386 0.283430 2 0.806051 0.306199 2 0.800937 0.305160 2 0.806579 0.329594 2 0.802468 0.328891 2
0 0.675223 0.189153 0.017113 0.068783 0.674369 0.161113 1 0.674359 0.159673 1 0.674541 0.159918 1 0.672870 0.160489 2 0.676454 0.160776 2 0.671005 0.168007 2 0.677819 0.168587 2 0.668208 0.176604 2 0.678987 0.177747 2 0.669562 0.180865 2 0.677022 0.181843 2 0.671346 0.186639 2 0.676237 0.186905 2 0.669762 0.201143 2 0.676334 0.201742 2 0.667726 0.215945 2 0.676586 0.216734 2
0 0.699033 0.606481 0.052827 0.205026 0.691580 0.525657 2 0.693380 0.522966 2 0.692579 0.522678 1 0.698790 0.529205 2 0.699500 0.528297 1 0.697991 0.551616 2 0.698625 0.550272 2 0.691694 0.579357 2 0.690260 0.573018 2 0.684301 0.564083 2 0.683745 0.561895 2 0.699493 0.608013 2 0.701900 0.608641 2 0.691903 0.644260 2 0.705935 0.652380 2 0.691642 0.687050 2 0.717413 0.690066 2
0 0.361235 0.515212 0.033482 0.162698 0.365494 0.516264 2 0.365380 0.512536 2 0.363573 0.513287 2 0.363171 0.512995 1 0.358559 0.514927 2 0.361955 0.532537 2 0.354592 0.538067 2 0.365975 0.554606 2 0.355438 0.573866 2 0.371971 0.571442 2 0.366021 0.596755 2 0.362613 0.587468 2 0.357656 0.590934 2 0.367260 0.619801 2 0.363503 0.623336 2 0.360655 0.627212 1 0.355938 0.627121 1
0 0.590774 0.406085 0.034226 0.145503 0.591569 0.359103 2 0.593375 0.356414 2 0.590588 0.356135 2 0.596905 0.357267 2 0.589299 0.356838 1 0.600800 0.373194 2 0.587079 0.371963 2 0.603311 0.392794 2 0.583850 0.386375 2 0.601799 0.409922 2 0.580927 0.402444 2 0.597350 0.411656 2 0.587335 0.410832 2 0.599921 0.436527 2 0.583271 0.436958 2 0.602129 0.461206 2 0.581934 0.464289 2
0 0.183036 0.435185 0.026786 0.150794 0.186219 0.379705 2 0.186265 0.376368 2 0.184349 0.376890 2 0.184013 0.378040 1 0.179140 0.378975 2 0.181121 0.395930 2 0.178781 0.395953 2 0.182007 0.418582 1 0.175602 0.417166 2 0.184409 0.436206 1 0.177490 0.436865 2 0.182823 0.436961 2 0.182187 0.437704 2 0.183585 0.464490 2 0.187750 0.464428 2 0.181223 0.493112 2 0.187221 0.493607 2
0 0.332217 0.457672 0.033482 0.137566 0.338111 0.408967 2 0.338519 0.405640 2 0.336227 0.406615 2 0.338323 0.405790 1 0.332047 0.408116 2 0.339766 0.418442 2 0.329124 0.423676 2 0.341818 0.437965 2 0.328434 0.447365 2 0.344646 0.457437 2 0.331115 0.467477 2 0.340024 0.454493 2 0.332499 0.457729 2 0.342744 0.484099 2 0.332716 0.491927 2 0.343231 0.510896 2 0.332645 0.521099 2
0 0.479539 0.499339 0.033482 0.152116 0.489929 0.453127 2 0.491739 0.450330 2 0.488556 0.450121 2 0.493642 0.447835 1 0.484815 0.446935 2 0.495522 0.458444 2 0.478930 0.458758 2 0.500904 0.474678 2 0.472406 0.476635 2 0.502667 0.494915 2 0.470792 0.496799 2 0.490917 0.497357 2 0.479994 0.497687 2 0.493213 0.528928 2 0.481039 0.529857 2 0.495319 0.560680 2 0.480048 0.564759 2
0 0.363095 0.587302 0.043155 0.171958 0.365068 0.516856 2 0.364992 0.513378 1 0.363507 0.513733 2 0.361821 0.515518 1 0.359522 0.516410 2 0.358359 0.535881 2 0.357297 0.539205 2 0.365566 0.557739 2 0.355577 0.573594 2 0.372235 0.572609 2 0.365408 0.596271 2 0.358257 0.587142 2 0.359436 0.589214 2 0.359203 0.622520 2 0.368806 0.622145 2 0.355053 0.662221 2 0.367103 0.658342 2
0 0.520833 0.659392 0.049107 0.210317 0.518296 0.579087 1 0.517012 0.575647 1 0.518499 0.575396 1 0.510320 0.578160 2 0.521007 0.577494 2 0.506659 0.604496 2 0.526551 0.599653 2 0.505516 0.635828 2 0.533041 0.628943 2 0.504653 0.655633 2 0.527554 0.645790 2 0.513105 0.660965 2 0.525473 0.657879 2 0.514989 0.704113 2 0.518670 0.693175 2 0.523571 0.747412 2 0.515182 0.730366 2
0 0.508185 0.402116 0.026786 0.140212 0.514435 0.350535 2 0.515029 0.347552 2 0.512879 0.347927 2 0.513231 0.349057 1 0.509065 0.349558 2 0.510686 0.364839 2 0.508197 0.366316 2 0.513218 0.383594 2 0.504155 0.388118 2 0.518601 0.396249 2 0.500910 0.407413 2 0.510054 0.405113 2 0.510449 0.405777 2 0.507582 0.431281 2 0.517297 0.430903 2 0.502405 0.460337 2 0.518682 0.461355 2
0 0.220238 0.353836 0.025298 0.128307 0.219059 0.308130 2 0.219990 0.305473 2 0.217749 0.306208 2 0.221907 0.304117 2 0.215957 0.305885 2 0.226239 0.314777 2 0.214975 0.315736 2 0.230937 0.328832 2 0.211063 0.326888 2 0.225092 0.329204 2 0.213854 0.329641 2 0.226302 0.347079 2 0.218684 0.347411 2 0.228103 0.372517 2 0.219212 0.373842 2 0.231548 0.395938 2 0.220207 0.397568 2
0 0.271949 0.327381 0.036458 0.112434 0.265212 0.284436 2 0.266651 0.281965 2 0.264063 0.282310 2 0.269207 0.283164 2 0.263450 0.284229 1 0.270437 0.295848 2 0.266477 0.296828 2 0.274217 0.313585 2 0.267181 0.310600 2 0.273515 0.329365 2 0.264035 0.316563 2 0.270512 0.327575 2 0.268563 0.327642 2 0.266582 0.350445 2 0.268311 0.351573 2 0.272299 0.370914 2 0.275022 0.372295 2
0 0.558408 0.212963 0.018601 0.084656 0.556875 0.176165 1 0.556586 0.174483 1 0.556988 0.174677 1 0.553800 0.175254 2 0.558072 0.175804 2 0.551157 0.184381 2 0.558791 0.185790 2 0.548608 0.195184 2 0.559670 0.198883 2 0.546772 0.204966 2 0.560403 0.208759 2 0.551742 0.206795 2 0.557201 0.207561 2 0.551584 0.224936 2 0.558596 0.225843 2 0.551274 0.243609 2 0.558796 0.244095 2
0 0.906250 0.303571 0.034226 0.112434 0.919385 0.262046 1 0.918419 0.259456 1 0.918967 0.259959 1 0.912288 0.259717 1 0.917442 0.261389 2 0.906925 0.271965 2 0.917752 0.275580 2 0.902214 0.289093 2 0.919341 0.293702 2 0.900749 0.304096 2 0.919792 0.305942 2 0.905475 0.307837 2 0.913571 0.309511 2 0.899694 0.328405 2 0.912410 0.333443 2 0.892995 0.349233 2 0.909221 0.355948 2
0 0.421131 0.292989 0.022321 0.107143 0.418333 0.252764 2 0.419510 0.250415 2 0.417951 0.250666 2 0.422791 0.251043 2 0.418523 0.251513 1 0.426283 0.263478 2 0.418157 0.263030 2 0.426538 0.280396 2 0.416020 0.276593 2 0.418226 0.281375 2 0.418261 0.276648 2 0.424150 0.293211 2 0.418408 0.292504 2 0.424271 0.317858 2 0.417976 0.317199 2 0.425106 0.340867 2 0.417601 0.341154 2
0 0.794643 0.281085 0.020833 0.085979 0.807044 0.244878 2 0.807849 0.242975 1 0.806749 0.243049 1 0.808780 0.244324 1 0.806666 0.244446 1 0.808780 0.255755 1 0.804913 0.254912 2 0.808447 0.271448 1 0.799301 0.266355 2 0.807932 0.280812 1 0.799766 0.269769 2 0.807246 0.285903 2 0.803872 0.285376 2 0.806303 0.308812 2 0.801822 0.307645 2 0.806646 0.329630 2 0.803346 0.329233 2
0 0.496652 0.191138 0.017113 0.043651 0.502590 0.190431 2 0.502907 0.189403 2 0.502470 0.189294 2 0.502490 0.187596 1 0.501560 0.187534 2 0.500482 0.189873 2 0.499086 0.190593 2 0.500023 0.199257 2 0.498187 0.200425 2 0.500853 0.202696 2 0.499318 0.203432 2 0.493449 0.197259 2 0.492408 0.197766 2 0.497051 0.199597 2 0.495835 0.201670 2 0.494549 0.198151 1 0.493078 0.201327 1
0 0.968006 0.934524 0.062500 0.128307 0.979855 0.911863 2 0.984311 0.906524 2 0.976976 0.903862 2 0.989071 0.908158 2 0.970955 0.901625 2 0.988597 0.940497 2 0.962744 0.925287 2 0.978548 0.981676 2 0.954424 0.956448 2 0.961212 0.986498 2 0.951114 0.976922 2 0.974906 0.992037 2 0.957383 0.982973 2 0.968442 0.994600 1 0.945713 0.983228 1 0.960325 1.000000 1 0.951777 0.991280 1
0 0.544271 0.333333 0.023065 0.063492 0.544291 0.313643 2 0.545402 0.311897 1 0.543338 0.311668 2 0.546693 0.308611 1 0.541796 0.308131 2 0.548127 0.306679 2 0.537700 0.306868 2 0.552498 0.319109 2 0.535084 0.320196 2 0.548855 0.323652 2 0.541335 0.324302 2 0.547211 0.324153 2 0.540196 0.324989 2 0.552380 0.327108 2 0.535408 0.329327 2 0.549822 0.350800 2 0.540795 0.350418 2
0 0.527530 0.302249 0.020833 0.083333 0.525771 0.272093 2 0.526651 0.270256 2 0.524977 0.270149 2 0.527801 0.269400 2 0.523546 0.269092 2 0.529399 0.276965 2 0.521127 0.277110 2 0.531576 0.287381 2 0.518474 0.287793 2 0.531321 0.296925 2 0.521484 0.295178 2 0.527977 0.300571 2 0.522410 0.300905 2 0.528945 0.317771 2 0.521954 0.318673 2 0.529150 0.330978 1 0.521559 0.332614 1
0 0.127604 0.340608 0.023065 0.041005 0.126859 0.333010 2 0.126980 0.331524 2 0.126974 0.331873 1 0.128751 0.330144 2 0.128947 0.330808 1 0.132508 0.333731 2 0.129019 0.335615 2 0.136208 0.339769 2 0.125741 0.343148 2 0.135973 0.344009 2 0.126534 0.343289 2 0.136231 0.346616 2 0.134195 0.347315 2 0.131857 0.338817 2 0.128741 0.340088 2 0.133987 0.350482 2 0.132129 0.351226 2
0 0.097842 0.322751 0.031994 0.055556 0.101075 0.307651 2 0.102304 0.306066 2 0.100222 0.306090 2 0.104672 0.305317 2 0.098916 0.305715 2 0.106458 0.310567 2 0.096293 0.313542 2 0.112085 0.316485 2 0.092000 0.326241 2 0.109261 0.319278 2 0.090709 0.340320 2 0.105159 0.327043 2 0.097964 0.328328 2 0.109629 0.321506 2 0.094564 0.323686 2 0.112252 0.337762 2 0.092353 0.338563 2
0 0.192708 0.138228 0.016369 0.046296 0.193038 0.119651 1 0.193124 0.118662 1 0.193440 0.118531 1 0.193614 0.119140 2 0.196095 0.118543 1 0.193000 0.124193 2 0.198088 0.123556 2 0.189025 0.128002 2 0.200480 0.128542 2 0.184774 0.128149 2 0.199685 0.129249 2 0.195523 0.138734 2 0.198553 0.138500 2 0.196138 0.148808 2 0.198738 0.148104 2 0.196988 0.159534 2 0.199869 0.158090 2
0 0.786830 0.185185 0.018601 0.052910 0.788290 0.166149 1 0.787845 0.165036 1 0.788364 0.165154 1 0.785416 0.165664 2 0.788636 0.166240 2 0.784140 0.171715 2 0.788392 0.172986 2 0.782479 0.178220 2 0.790445 0.180584 2 0.783209 0.180482 2 0.794091 0.181986 2 0.784030 0.186891 2 0.786809 0.187399 2 0.783458 0.196984 2 0.786145 0.197793 2 0.781441 0.208275 2 0.784819 0.209524 2
0 0.469866 0.115741 0.014137 0.051587 0.469554 0.100572 1 0.469661 0.099640 1 0.469959 0.099568 1 0.469997 0.100099 2 0.471888 0.099758 1 0.471191 0.105324 2 0.472566 0.105097 2 0.472070 0.112511 2 0.472915 0.112255 1 0.469633 0.114759 2 0.470252 0.114756 1 0.472931 0.119722 2 0.473773 0.119546 2 0.473320 0.130396 2 0.472926 0.130237 2 0.476539 0.139886 2 0.475189 0.140130 2
0 0.140253 0.115079 0.015625 0.029101 0.140536 0.114710 2 0.141156 0.112650 2 0.139257 0.112938 2 0.142076 0.113292 1 0.137512 0.114107 2 0.143634 0.123394 2 0.137205 0.123095 2 0.146505 0.129228 2 0.138342 0.128082 2 0.144860 0.129540 2 0.143198 0.128811 2 0.143108 0.132557 1 0.138959 0.132413 1 0.145263 0.128026 1 0.139928 0.127803 1 0.143259 0.128960 1 0.142246 0.127258 1
0 0.117932 0.123016 0.015625 0.029101 0.121242 0.114424 1 0.121266 0.113709 1 0.121112 0.113670 1 0.120830 0.113912 1 0.120752 0.113922 2 0.121024 0.118061 2 0.119224 0.118130 2 0.122162 0.124956 2 0.120229 0.125661 2 0.123771 0.127411 1 0.123117 0.128156 2 0.119988 0.128832 2 0.118666 0.129325 2 0.124871 0.128934 1 0.123360 0.129239 2 0.124724 0.131455 1 0.123926 0.131303 1
0 0.288318 0.127646 0.012649 0.033069 0.288507 0.121397 2 0.288738 0.119359 2 0.288278 0.119576 1 0.290611 0.118368 2 0.289625 0.118734 1 0.294787 0.129350 2 0.291511 0.129101 2 0.294477 0.143179 1 0.290234 0.141183 2 0.290984 0.140835 1 0.288466 0.138837 1 0.294046 0.149965 1 0.291847 0.148779 1 0.290485 0.142315 1 0.289090 0.140822 1 0.291439 0.144472 1 0.289624 0.146711 1
0 0.830357 0.222884 0.019345 0.083333 0.833672 0.190474 1 0.832897 0.189224 1 0.833587 0.189242 1 0.829870 0.190442 1 0.833337 0.190907 2 0.828567 0.197951 2 0.834158 0.199030 2 0.830453 0.204089 2 0.837615 0.206927 2 0.834402 0.204504 1 0.838627 0.206914 1 0.829435 0.219970 2 0.833034 0.220253 2 0.829749 0.235593 2 0.831415 0.235906 2 0.829172 0.250010 2 0.830142 0.249956 2
0 0.969122 0.231481 0.023065 0.066138 0.957815 0.186322 1 0.958367 0.185185 1 0.957318 0.185185 1 0.959583 0.185188 1 0.956427 0.185352 1 0.960433 0.187731 1 0.955091 0.187111 1 0.958281 0.195974 1 0.954043 0.194317 1 0.955109 0.210071 1 0.954304 0.208866 1 0.959347 0.186797 1 0.955715 0.186349 1 0.957080 0.197881 2 0.954278 0.197480 2 0.956011 0.213696 2 0.954904 0.212634 2
0 0.599702 0.105159 0.011905 0.041005 0.601810 0.089901 1 0.601839 0.089116 1 0.602030 0.089141 1 0.601561 0.089634 1 0.603114 0.089548 2 0.601521 0.094242 2 0.603045 0.094159 2 0.601783 0.100545 2 0.603420 0.100429 2 0.602175 0.106015 2 0.603481 0.105171 1 0.601696 0.105877 2 0.602766 0.105857 2 0.601617 0.112902 2 0.602499 0.112995 2 0.601390 0.120908 2 0.602260 0.120852 2
0 0.907366 0.191138 0.020089 0.038360 0.908859 0.179540 2 0.909628 0.177997 2 0.908200 0.178044 2 0.910903 0.178269 2 0.907486 0.178275 2 0.912393 0.183985 2 0.906524 0.183021 2 0.911763 0.193621 2 0.904631 0.190678 2 0.906281 0.198525 2 0.903816 0.197370 2 0.911126 0.196988 2 0.907011 0.195973 2 0.910444 0.194850 2 0.901860 0.194044 2 0.904747 0.201920 2 0.901620 0.201023 2
