0 0.739496 0.378151 0.012605 0.050420 0.738040 0.360160 1 0.738174 0.359031 1 0.738306 0.359187 1 0.738091 0.359324 2 0.740074 0.359592 2 0.737203 0.364918 2 0.740930 0.365805 2 0.735997 0.372434 2 0.741755 0.373351 2 0.735700 0.378586 2 0.741094 0.378681 2 0.736330 0.378137 2 0.738983 0.378494 2 0.735053 0.386886 2 0.738307 0.389018 2 0.734335 0.396576 2 0.738255 0.399320 2
0 0.681985 0.876284 0.020483 0.064426 0.680722 0.855378 2 0.681833 0.854201 2 0.680249 0.853624 2 0.683157 0.855634 2 0.679602 0.854258 1 0.683399 0.865159 2 0.677039 0.863057 2 0.684752 0.877441 2 0.675176 0.871754 2 0.683776 0.886904 2 0.677013 0.869597 2 0.678877 0.888788 2 0.675158 0.887451 2 0.673784 0.905931 2 0.674117 0.904921 2 0.671252 0.918001 2 0.674442 0.916573 2
0 0.678046 0.890756 0.019958 0.059757 0.675857 0.867650 2 0.676798 0.866673 2 0.675743 0.865965 2 0.678846 0.868351 2 0.676424 0.866453 1 0.679716 0.876929 2 0.675488 0.873481 2 0.679795 0.889365 2 0.673985 0.882156 2 0.677983 0.899575 2 0.672475 0.890414 2 0.677058 0.894057 2 0.674618 0.892041 2 0.673600 0.906156 2 0.672986 0.904177 2 0.670470 0.918848 2 0.672238 0.917446 2
0 0.683298 0.912698 0.023109 0.064426 0.684385 0.894801 2 0.685528 0.893971 2 0.684051 0.892998 2 0.687279 0.894279 2 0.683194 0.891907 1 0.687753 0.901580 2 0.682673 0.898696 2 0.689676 0.911999 2 0.681401 0.906921 2 0.684333 0.918121 2 0.680869 0.915878 2 0.685787 0.916498 2 0.682055 0.914765 2 0.684775 0.926751 2 0.679321 0.924855 2 0.686134 0.935873 2 0.674989 0.936506 2
0 0.539653 0.337068 0.011029 0.041083 0.540906 0.321416 1 0.540849 0.320407 1 0.541063 0.320620 1 0.539850 0.320597 2 0.542207 0.321126 2 0.538294 0.325230 2 0.543099 0.326978 2 0.535835 0.328118 2 0.544495 0.334522 2 0.536040 0.329678 2 0.544400 0.340189 2 0.538309 0.341572 2 0.541422 0.342090 2 0.537796 0.352795 2 0.540529 0.353233 2 0.537231 0.362472 2 0.539825 0.362949 2
0 0.715336 0.503268 0.015756 0.041083 0.717015 0.501039 2 0.717035 0.499979 1 0.716680 0.499841 2 0.716036 0.499491 1 0.715091 0.499241 2 0.714971 0.504041 2 0.713059 0.504221 2 0.717365 0.510404 2 0.714605 0.511753 2 0.720436 0.512188 2 0.718725 0.515307 2 0.713518 0.520661 2 0.712047 0.521319 2 0.716907 0.528270 1 0.715554 0.529668 1 0.715663 0.529734 1 0.713775 0.530597 1
0 0.300158 0.410364 0.015231 0.055089 0.303112 0.395707 1 0.302966 0.394807 1 0.303189 0.394801 1 0.301550 0.395319 2 0.303953 0.395468 2 0.300094 0.400087 2 0.305005 0.401174 2 0.298222 0.403315 2 0.306032 0.406164 2 0.300720 0.404409 2 0.304956 0.405757 1 0.300705 0.414438 2 0.304083 0.414798 2 0.300560 0.425260 2 0.303933 0.425293 2 0.300027 0.434838 1 0.303787 0.435450 1
0 0.309611 0.404295 0.017332 0.057890 0.309396 0.389875 1 0.309405 0.389060 1 0.309866 0.388896 1 0.309204 0.389605 2 0.312343 0.388948 2 0.308574 0.394296 2 0.314702 0.393646 2 0.307513 0.398395 2 0.316218 0.397421 2 0.308723 0.395467 1 0.314382 0.394565 1 0.310603 0.408364 2 0.314680 0.408098 2 0.311339 0.413865 2 0.314967 0.413708 2 0.312501 0.421042 2 0.315108 0.422567 2
0 0.477416 0.734827 0.023109 0.050420 0.480516 0.718787 2 0.481181 0.717136 2 0.479654 0.717111 2 0.482081 0.716846 2 0.478393 0.716778 2 0.484574 0.722779 2 0.475614 0.722257 2 0.487356 0.732823 2 0.472736 0.731982 2 0.485541 0.740489 2 0.472799 0.741950 2 0.483258 0.744868 2 0.476931 0.744541 2 0.486489 0.752584 2 0.472002 0.751975 2 0.484397 0.768005 1 0.473045 0.765870 1
0 0.385504 0.399160 0.016807 0.040149 0.387525 0.399893 1 0.387512 0.399135 1 0.387788 0.399209 1 0.386961 0.399477 2 0.388989 0.399612 2 0.386001 0.403210 2 0.389346 0.403815 2 0.384783 0.406467 2 0.391049 0.408826 2 0.386041 0.406181 2 0.391775 0.411871 2 0.386128 0.414771 2 0.388173 0.415033 2 0.386888 0.422270 2 0.388085 0.422508 2 0.387129 0.425295 1 0.388328 0.425446 1
0 0.328782 0.419701 0.012605 0.051354 0.329526 0.403070 2 0.329993 0.402163 2 0.328962 0.402142 2 0.330569 0.402693 2 0.328016 0.402666 2 0.331500 0.407284 2 0.327329 0.407672 2 0.332453 0.414141 2 0.325451 0.412805 2 0.331952 0.418036 2 0.327271 0.410993 2 0.331644 0.419864 2 0.328676 0.420386 2 0.333523 0.429463 2 0.328982 0.431226 2 0.334502 0.437928 2 0.328952 0.441671 2
0 0.334296 0.421102 0.015231 0.050420 0.329451 0.402845 2 0.329973 0.402078 2 0.328894 0.402021 2 0.330642 0.402785 2 0.327943 0.402695 2 0.331682 0.407510 2 0.326861 0.407937 2 0.332796 0.413415 2 0.325539 0.412764 2 0.333630 0.414573 2 0.327188 0.412029 2 0.331453 0.419765 2 0.328074 0.420457 2 0.333338 0.428721 2 0.328969 0.431045 2 0.334858 0.436632 2 0.329146 0.441087 2
0 0.937763 0.610177 0.026786 0.068161 0.933461 0.591253 2 0.933766 0.589990 2 0.934069 0.590180 1 0.935666 0.590215 2 0.937142 0.590373 1 0.935542 0.596687 2 0.938109 0.596449 2 0.930166 0.602813 2 0.932588 0.601681 1 0.925753 0.603960 2 0.927007 0.602352 1 0.932388 0.613427 2 0.934095 0.612276 2 0.924419 0.608472 2 0.926347 0.608572 2 0.923141 0.623765 2 0.924767 0.624554 2
0 0.530987 0.216620 0.012605 0.037348 0.529967 0.202344 1 0.530017 0.201658 1 0.530113 0.201702 1 0.529652 0.201853 2 0.531380 0.201881 2 0.528742 0.205236 2 0.532698 0.206085 2 0.527382 0.209149 2 0.533706 0.210653 2 0.527903 0.210116 2 0.533260 0.211462 2 0.529107 0.215493 2 0.531861 0.215840 2 0.527038 0.219093 2 0.530647 0.220253 2 0.527205 0.225070 2 0.530804 0.226991 2
0 0.306723 0.185341 0.012605 0.042017 0.308440 0.168249 1 0.308338 0.167405 1 0.308547 0.167361 1 0.307266 0.167841 2 0.309406 0.167721 2 0.306252 0.173067 2 0.310350 0.172671 2 0.305976 0.178968 2 0.311496 0.178706 2 0.307305 0.181109 2 0.312711 0.183000 2 0.307545 0.184579 2 0.310328 0.184489 2 0.308441 0.193844 2 0.310785 0.193216 2 0.309294 0.202451 2 0.310859 0.201704 2
0 0.505515 0.073296 0.009979 0.030812 0.506441 0.062486 2 0.506738 0.061803 2 0.506052 0.061773 2 0.506991 0.062363 1 0.505373 0.062215 2 0.507726 0.067097 2 0.504142 0.066995 2 0.508766 0.073238 2 0.502797 0.073249 2 0.508595 0.078826 2 0.503013 0.079041 2 0.507066 0.078441 2 0.504922 0.078438 2 0.506245 0.087096 2 0.505367 0.087161 2 0.504630 0.093431 1 0.504313 0.093476 2
0 0.675945 0.307190 0.010504 0.041083 0.676429 0.294645 2 0.676930 0.293785 2 0.676164 0.293740 2 0.678049 0.293663 2 0.676013 0.293539 1 0.678939 0.298247 2 0.676085 0.297815 2 0.678673 0.304556 2 0.675492 0.303257 2 0.675820 0.305077 2 0.674544 0.307101 2 0.678556 0.309483 2 0.676309 0.309132 2 0.678761 0.316758 2 0.674985 0.316925 2 0.679384 0.324808 2 0.673674 0.325704 2
0 0.661765 0.312325 0.012605 0.045752 0.662708 0.297374 1 0.662871 0.296480 1 0.663095 0.296618 1 0.663182 0.297217 2 0.664856 0.297313 1 0.663226 0.302445 2 0.665405 0.302832 2 0.662974 0.309167 2 0.664123 0.309028 1 0.661335 0.313911 2 0.661582 0.312355 1 0.663033 0.314725 2 0.664603 0.314690 2 0.660441 0.322102 2 0.662092 0.323009 2 0.661442 0.331375 2 0.662651 0.332664 2
0 0.051733 0.330532 0.015231 0.046685 0.046486 0.321122 2 0.046827 0.320037 2 0.046006 0.320314 2 0.047591 0.319912 2 0.045591 0.320561 1 0.049429 0.324338 2 0.045502 0.324987 2 0.052659 0.329115 2 0.044319 0.329394 2 0.051359 0.332132 2 0.044536 0.330455 2 0.049058 0.338732 2 0.046657 0.338902 2 0.048857 0.350145 2 0.047543 0.349971 2 0.049702 0.360361 2 0.048598 0.359688 2
0 0.246586 0.359944 0.017332 0.045752 0.251957 0.348919 2 0.252339 0.347675 2 0.251321 0.348019 2 0.253076 0.347697 2 0.250602 0.348527 2 0.255026 0.354210 2 0.250086 0.354828 2 0.256655 0.361566 2 0.249739 0.361598 2 0.256344 0.367772 2 0.250495 0.366471 2 0.254599 0.368969 2 0.251436 0.369248 2 0.255080 0.379294 2 0.252784 0.379566 2 0.256008 0.387489 2 0.254236 0.387455 2
0 0.255252 0.353875 0.016807 0.050420 0.251553 0.349340 1 0.251728 0.348091 1 0.251382 0.348154 1 0.251911 0.348118 2 0.251734 0.348179 2 0.254072 0.354470 2 0.251275 0.354348 2 0.256649 0.361711 2 0.250610 0.361718 2 0.256451 0.368089 2 0.250873 0.366746 2 0.254180 0.369065 2 0.252507 0.368858 2 0.255219 0.380129 2 0.253268 0.378911 2 0.255803 0.385179 2 0.255090 0.384318 2
0 0.295693 0.260504 0.012605 0.041083 0.288609 0.243186 2 0.288932 0.242265 2 0.288464 0.242474 1 0.290064 0.242037 2 0.288765 0.242661 1 0.292239 0.246052 2 0.288983 0.247506 2 0.294566 0.250111 2 0.288812 0.252814 2 0.294540 0.254771 2 0.288182 0.255813 2 0.292262 0.258220 2 0.289922 0.258720 2 0.293795 0.267590 2 0.290230 0.268065 2 0.296294 0.275586 2 0.291010 0.277022 2
0 0.288078 0.255836 0.013130 0.041083 0.288699 0.243357 2 0.289053 0.242255 2 0.288364 0.242595 2 0.290155 0.241833 2 0.288390 0.242749 1 0.292221 0.246027 2 0.288894 0.247360 2 0.294744 0.250360 2 0.289235 0.253117 2 0.294221 0.252819 2 0.288581 0.255678 1 0.292333 0.258248 2 0.289938 0.258597 2 0.294204 0.268174 2 0.290195 0.268013 2 0.296244 0.277502 2 0.291009 0.277173 2
0 0.655987 0.126984 0.011555 0.035481 0.657046 0.115828 2 0.657227 0.115257 1 0.656684 0.115157 2 0.657118 0.115855 1 0.655776 0.115580 2 0.657341 0.119716 2 0.654610 0.119091 2 0.658387 0.122965 2 0.652948 0.123255 2 0.658366 0.121347 2 0.652237 0.127334 2 0.656245 0.128689 2 0.654630 0.128274 2 0.655497 0.135000 2 0.654554 0.134428 2 0.654562 0.141304 2 0.654131 0.140693 2
0 0.962710 0.288515 0.016807 0.044818 0.964034 0.273948 1 0.964163 0.272987 1 0.964524 0.273466 1 0.963573 0.273883 2 0.966058 0.274924 2 0.961770 0.278467 2 0.965717 0.280785 2 0.959003 0.282131 2 0.965916 0.287690 2 0.959028 0.285147 1 0.965558 0.290567 1 0.960249 0.291191 2 0.962692 0.291974 2 0.959250 0.299586 2 0.960915 0.300521 2 0.958824 0.308956 2 0.960192 0.309147 2
0 0.634191 0.103175 0.009979 0.038282 0.635409 0.091892 2 0.635743 0.091320 2 0.635141 0.091220 2 0.636218 0.091564 1 0.634701 0.091264 2 0.636244 0.095317 2 0.633582 0.094396 2 0.636319 0.099687 2 0.631873 0.098079 2 0.636395 0.102362 2 0.631132 0.101338 2 0.635447 0.104222 2 0.633479 0.103796 2 0.635583 0.111449 2 0.632465 0.110797 2 0.635259 0.118516 2 0.630800 0.116737 2
0 0.456670 0.019141 0.008929 0.027077 0.458136 0.008243 2 0.458372 0.007661 1 0.457909 0.007714 1 0.458784 0.007442 2 0.457793 0.007548 2 0.459367 0.009666 2 0.457493 0.009760 2 0.460715 0.012696 2 0.456280 0.012888 2 0.461062 0.015017 2 0.455855 0.015760 2 0.459054 0.016365 2 0.458056 0.016384 2 0.458782 0.022465 2 0.458535 0.022455 2 0.458712 0.027899 2 0.458830 0.027692 2
