0 0.567647 0.610131 0.005147 0.018954 0.568043 0.603468 1 0.568049 0.602750 1 0.568359 0.602889 1 0.567705 0.603139 2 0.569871 0.603292 2 0.566507 0.607305 2 0.570779 0.607709 2 0.565029 0.614216 2 0.570956 0.614637 1 0.565034 0.618759 2 0.570734 0.619407 1 0.566700 0.620062 2 0.569740 0.620266 2 0.565525 0.622753 1 0.569520 0.622753 1 0.565378 0.622753 1 0.569026 0.622753 1
0 0.087316 0.587908 0.009191 0.028105 0.087482 0.578178 2 0.087940 0.577287 2 0.086926 0.577528 2 0.088775 0.577022 2 0.086321 0.577586 2 0.090140 0.580114 2 0.086104 0.580243 2 0.090558 0.586431 2 0.084702 0.586332 2 0.088945 0.591327 2 0.083096 0.590555 2 0.090237 0.590414 2 0.087409 0.590019 2 0.089853 0.597726 2 0.085121 0.596012 2 0.089814 0.604673 1 0.085055 0.602204 2
0 0.125184 0.528431 0.007721 0.033333 0.124685 0.514918 2 0.125046 0.514063 2 0.124305 0.514276 2 0.125936 0.513995 2 0.124027 0.514485 2 0.127743 0.517912 2 0.123612 0.518385 2 0.129490 0.522957 2 0.122732 0.523231 2 0.128876 0.527637 2 0.122981 0.527024 2 0.127652 0.528466 2 0.124823 0.528583 2 0.128454 0.536022 2 0.124660 0.536037 2 0.128723 0.543282 2 0.124595 0.543429 2
0 0.973713 0.566993 0.010662 0.041176 0.975424 0.552806 1 0.975566 0.552036 1 0.975705 0.552122 1 0.975737 0.552763 2 0.977295 0.552910 1 0.975283 0.557037 2 0.977647 0.557629 2 0.973458 0.560237 2 0.977664 0.560821 2 0.972802 0.558192 2 0.975776 0.558961 1 0.974284 0.567664 2 0.975897 0.567827 2 0.972993 0.574404 2 0.974938 0.576043 2 0.971695 0.582057 2 0.974862 0.584078 2
0 0.884743 0.523856 0.009926 0.037255 0.887760 0.508675 2 0.887924 0.508007 1 0.887478 0.507950 2 0.887825 0.507873 1 0.886403 0.507579 2 0.887554 0.511916 2 0.884693 0.511417 2 0.887680 0.516729 2 0.883785 0.517602 2 0.887801 0.520818 2 0.884088 0.522675 2 0.886972 0.522114 2 0.884860 0.521786 2 0.886418 0.530341 2 0.883612 0.528653 2 0.885751 0.537865 2 0.880960 0.534599 2
0 0.865441 0.488235 0.006618 0.013072 0.866535 0.486052 2 0.866886 0.485468 2 0.866290 0.485374 2 0.867397 0.485723 2 0.865819 0.485467 2 0.868210 0.489436 2 0.864729 0.488725 2 0.868396 0.493688 2 0.863676 0.492204 2 0.865771 0.493811 2 0.864692 0.493611 2 0.867208 0.496046 2 0.864848 0.495587 2 0.867055 0.494707 1 0.863954 0.494131 1 0.866378 0.496368 1 0.864429 0.495857 1
0 0.894669 0.456863 0.009191 0.027451 0.899211 0.445026 2 0.899313 0.444455 2 0.898906 0.444448 2 0.899087 0.444497 1 0.897948 0.444470 2 0.899579 0.447470 2 0.896645 0.447500 2 0.899846 0.452149 2 0.895494 0.452203 2 0.899984 0.456519 2 0.895056 0.456851 2 0.898879 0.456486 2 0.896909 0.456528 2 0.898668 0.463344 2 0.896713 0.463407 2 0.898135 0.469377 2 0.896192 0.469939 2
0 0.903676 0.456209 0.008088 0.026144 0.905692 0.447688 2 0.905970 0.447130 2 0.905381 0.447070 2 0.906201 0.447269 1 0.904625 0.447050 2 0.906694 0.450655 2 0.903486 0.450164 2 0.906532 0.454804 2 0.902653 0.454189 2 0.903881 0.455228 2 0.903741 0.455765 2 0.905654 0.458174 2 0.903518 0.457783 2 0.904830 0.464389 2 0.903381 0.463632 2 0.903710 0.469985 2 0.902605 0.469279 2
0 0.826838 0.650654 0.011029 0.039869 0.826893 0.633547 2 0.827314 0.632618 2 0.826389 0.632526 2 0.827606 0.632483 1 0.825151 0.632117 2 0.827959 0.637147 2 0.823540 0.636468 2 0.828641 0.643657 2 0.822586 0.642661 2 0.829029 0.650194 2 0.822695 0.648310 2 0.826737 0.649386 2 0.823703 0.649049 2 0.826583 0.658241 2 0.822638 0.657610 2 0.825975 0.666054 2 0.822181 0.665372 2
0 0.993934 0.578105 0.011397 0.045098 0.995451 0.560522 1 0.995468 0.559575 1 0.995715 0.559737 1 0.994662 0.560044 2 0.997077 0.560399 2 0.993042 0.565482 2 0.997816 0.566084 2 0.991210 0.572086 2 0.998182 0.573345 2 0.990512 0.577931 2 0.997602 0.578592 2 0.992892 0.578569 2 0.996068 0.578696 2 0.992465 0.586699 2 0.995214 0.587019 2 0.992916 0.596177 2 0.994756 0.595882 2
0 0.976654 0.689542 0.014338 0.057516 0.980816 0.667547 1 0.980652 0.666236 1 0.980766 0.666405 1 0.978730 0.666846 2 0.980833 0.667502 2 0.976536 0.673036 2 0.981033 0.675500 2 0.973880 0.678674 2 0.981858 0.684733 2 0.975271 0.679115 2 0.981381 0.687077 1 0.975930 0.687514 2 0.978915 0.688562 2 0.974560 0.698237 2 0.977240 0.700010 2 0.973208 0.708131 2 0.976485 0.710262 2
0 0.889890 0.713399 0.018015 0.035948 0.892308 0.702504 1 0.892390 0.701387 1 0.892823 0.701946 1 0.892239 0.702054 2 0.894975 0.702897 2 0.890892 0.707375 2 0.896369 0.708263 2 0.887481 0.711960 2 0.897284 0.712752 2 0.885669 0.709259 2 0.895537 0.708460 1 0.890362 0.722804 2 0.893682 0.722699 2 0.885733 0.720754 2 0.887768 0.720899 2 0.885542 0.733477 2 0.886169 0.732592 1
0 0.990257 0.502288 0.010662 0.034641 0.997426 0.489183 1 0.997426 0.488539 1 0.997426 0.488590 1 0.997085 0.488448 1 0.997273 0.488556 2 0.996469 0.491366 2 0.996288 0.491269 2 0.995138 0.495472 1 0.995236 0.495250 2 0.995156 0.493309 1 0.995802 0.492736 2 0.996398 0.500406 2 0.996008 0.500456 2 0.996709 0.506709 2 0.994820 0.506860 2 0.995299 0.512730 2 0.992474 0.511852 2
0 0.798713 0.437582 0.009191 0.030719 0.798217 0.434578 2 0.798372 0.434145 1 0.798150 0.434155 1 0.798636 0.434356 2 0.798267 0.434354 2 0.799278 0.436688 2 0.798035 0.436943 2 0.799528 0.438854 2 0.797398 0.439632 2 0.799074 0.439603 2 0.797377 0.441209 2 0.799395 0.442268 2 0.798609 0.442357 2 0.799368 0.446669 2 0.798870 0.446670 2 0.799601 0.450719 2 0.799183 0.451296 2
0 0.810110 0.470261 0.007721 0.030719 0.810179 0.460241 1 0.810286 0.459563 1 0.810355 0.459640 1 0.810452 0.459651 2 0.811460 0.459781 2 0.809814 0.462596 2 0.812051 0.462961 2 0.808396 0.466220 2 0.812663 0.467376 2 0.808395 0.468085 2 0.812223 0.469036 2 0.809479 0.470832 2 0.810860 0.470862 2 0.809571 0.477458 2 0.810229 0.477650 2 0.809336 0.483847 2 0.809905 0.483855 2
0 0.800184 0.469935 0.007721 0.028758 0.801689 0.456876 2 0.802074 0.456345 2 0.801539 0.456281 2 0.802761 0.456890 2 0.801480 0.456743 1 0.803264 0.460744 2 0.800538 0.460362 2 0.803485 0.464981 1 0.799078 0.463769 2 0.803005 0.468528 1 0.798699 0.467730 2 0.802147 0.469119 2 0.800445 0.468911 2 0.801565 0.475329 2 0.800543 0.475187 2 0.801260 0.481194 2 0.800733 0.480907 2
0 0.774816 0.460458 0.009191 0.032026 0.775942 0.447674 2 0.776256 0.447174 2 0.775668 0.447197 2 0.776791 0.447717 2 0.775292 0.447771 2 0.777569 0.451254 2 0.774690 0.450990 2 0.776862 0.455381 2 0.774136 0.454705 2 0.774922 0.456594 2 0.773819 0.456133 2 0.776806 0.458640 2 0.774678 0.458357 2 0.776249 0.463389 2 0.773444 0.462977 2 0.776568 0.469754 2 0.773477 0.469313 1
