0 0.032563 0.938375 0.030462 0.089636 0.026041 0.912933 2 0.026675 0.911170 2 0.025324 0.911229 1 0.029703 0.908499 2 0.025799 0.909150 1 0.035778 0.914333 2 0.025126 0.914412 2 0.036567 0.928927 2 0.024028 0.928092 2 0.030034 0.932918 2 0.027926 0.933126 2 0.036382 0.939742 2 0.029444 0.939593 2 0.036916 0.957590 2 0.032756 0.956736 2 0.042307 0.967098 2 0.040061 0.966845 2
0 0.009454 0.939776 0.018908 0.088702 0.002143 0.923959 1 0.002449 0.921592 1 0.001637 0.922427 1 0.003943 0.921903 2 0.002601 0.923452 1 0.008531 0.933017 2 0.006950 0.933095 2 0.011635 0.945606 2 0.010947 0.942016 1 0.007177 0.934245 2 0.008358 0.934049 1 0.010084 0.954002 2 0.008209 0.953180 2 0.010741 0.960626 2 0.004771 0.959276 2 0.015829 0.969188 2 0.007516 0.970423 2
0 0.290179 0.614379 0.021534 0.056022 0.289845 0.599248 2 0.290526 0.597727 2 0.288938 0.598265 2 0.291938 0.597255 2 0.288010 0.598647 2 0.294806 0.602151 2 0.287202 0.604805 2 0.298486 0.609259 2 0.284830 0.613815 2 0.299091 0.617217 2 0.285012 0.622668 2 0.295948 0.619063 2 0.291297 0.620602 2 0.296210 0.630692 2 0.292277 0.633009 2 0.296331 0.640584 2 0.293673 0.642597 2
0 0.587447 0.433240 0.013130 0.046685 0.589045 0.420622 1 0.589078 0.419700 1 0.589211 0.419830 1 0.588262 0.420253 2 0.590644 0.420339 2 0.587003 0.425591 2 0.591767 0.425336 2 0.585178 0.430894 2 0.594893 0.429027 2 0.585964 0.432692 2 0.595763 0.432328 2 0.587511 0.438101 2 0.590645 0.438176 2 0.587344 0.446507 2 0.590982 0.447456 2 0.586482 0.455047 2 0.591128 0.455899 2
0 0.359244 0.275910 0.012605 0.047619 0.360867 0.259233 2 0.360701 0.258188 1 0.360492 0.258192 2 0.359668 0.258398 1 0.359380 0.258728 2 0.359266 0.262115 2 0.358051 0.263899 2 0.360589 0.269326 1 0.357882 0.270457 2 0.362057 0.272738 1 0.359577 0.275607 2 0.359146 0.275672 2 0.358099 0.277427 2 0.362500 0.280255 2 0.357742 0.286809 2 0.361528 0.288309 2 0.357574 0.296918 2
0 0.593225 0.348273 0.017332 0.054155 0.593719 0.330610 2 0.594234 0.329566 2 0.593428 0.329616 1 0.595457 0.329725 2 0.593504 0.329842 1 0.596691 0.335688 2 0.592700 0.335122 2 0.597583 0.342349 2 0.590395 0.340051 2 0.596058 0.346849 2 0.591952 0.342375 2 0.595352 0.348537 2 0.592924 0.348180 2 0.594011 0.357690 2 0.593006 0.357445 2 0.594824 0.366489 2 0.593970 0.365792 2
0 0.136292 0.297386 0.016282 0.053221 0.135138 0.281226 1 0.135256 0.280262 1 0.135468 0.280044 1 0.135650 0.280991 2 0.137737 0.280215 2 0.135833 0.287081 2 0.140065 0.285966 2 0.135628 0.294557 2 0.142274 0.292012 2 0.134535 0.300145 2 0.143241 0.297786 2 0.138001 0.300379 2 0.140723 0.299943 2 0.138887 0.309956 2 0.141086 0.309916 2 0.140058 0.317815 2 0.141587 0.319544 2
0 0.191176 0.260037 0.013655 0.045752 0.197009 0.242983 2 0.196884 0.242229 1 0.196553 0.242399 2 0.196300 0.242755 1 0.195299 0.243203 2 0.197197 0.246790 2 0.194626 0.247634 2 0.199150 0.250491 2 0.194283 0.252372 2 0.198936 0.253123 2 0.195002 0.256441 2 0.197997 0.258474 2 0.196448 0.259031 2 0.198633 0.267653 2 0.197824 0.268139 2 0.198854 0.276854 2 0.198463 0.277657 2
0 0.238708 0.294118 0.014181 0.028011 0.243607 0.281743 1 0.243233 0.280981 1 0.243683 0.281039 1 0.241663 0.281276 2 0.243739 0.281711 2 0.240557 0.285071 2 0.243603 0.285959 2 0.239336 0.290824 2 0.243681 0.292532 2 0.239309 0.295546 2 0.244932 0.296428 2 0.240981 0.296072 2 0.242869 0.296943 2 0.246912 0.290870 2 0.247590 0.291588 2 0.246991 0.296447 1 0.246987 0.297346 1
0 0.221113 0.255836 0.016807 0.054155 0.221680 0.239250 1 0.221352 0.238473 1 0.221494 0.238431 1 0.219795 0.239224 1 0.220950 0.239257 2 0.219835 0.244241 2 0.221088 0.244210 2 0.220966 0.251456 1 0.222272 0.251350 2 0.222057 0.256631 1 0.223062 0.256363 2 0.220559 0.258327 2 0.221433 0.258479 2 0.222177 0.268898 2 0.222597 0.268817 2 0.222675 0.277806 2 0.223012 0.278413 2
0 0.251838 0.277778 0.013130 0.055089 0.246849 0.245071 1 0.246915 0.244237 1 0.247226 0.244158 1 0.246897 0.244775 2 0.249350 0.244476 2 0.245960 0.250413 2 0.250753 0.249648 2 0.244127 0.258121 2 0.251801 0.257259 2 0.243321 0.262594 2 0.251992 0.263315 2 0.247171 0.263584 2 0.250346 0.263140 2 0.247470 0.272103 2 0.250296 0.271692 2 0.248600 0.282377 1 0.250240 0.281601 1
0 0.247111 0.260037 0.015231 0.055089 0.251547 0.264731 1 0.251409 0.263852 1 0.251663 0.263805 1 0.250054 0.264110 2 0.252603 0.264149 2 0.248549 0.268803 2 0.253168 0.269490 2 0.248562 0.274808 2 0.253695 0.277314 2 0.251212 0.277628 2 0.251957 0.280683 2 0.250088 0.282313 2 0.253543 0.282665 2 0.250471 0.292898 2 0.254780 0.293196 2 0.250127 0.296848 1 0.254775 0.296255 1
0 0.333771 0.277778 0.012080 0.049486 0.329850 0.254064 2 0.330188 0.253227 2 0.329369 0.253326 2 0.330570 0.253233 1 0.328506 0.253413 2 0.331240 0.257128 2 0.327521 0.257334 2 0.332027 0.262175 2 0.326349 0.262578 2 0.331618 0.265968 2 0.326637 0.266294 2 0.330585 0.267498 2 0.328203 0.267567 2 0.330170 0.275252 2 0.328604 0.275399 2 0.329511 0.282169 2 0.328180 0.282329 2
0 0.353992 0.222689 0.014706 0.032680 0.354104 0.213042 2 0.354106 0.212349 1 0.353880 0.212253 2 0.353329 0.211789 1 0.352732 0.211636 2 0.352454 0.213684 2 0.351597 0.214062 2 0.355274 0.217572 2 0.353607 0.219571 2 0.358113 0.219573 2 0.356760 0.222661 2 0.351490 0.223787 2 0.350877 0.224442 2 0.355279 0.226121 2 0.354896 0.227039 2 0.354233 0.236012 2 0.353613 0.236681 2
0 0.367647 0.212885 0.012605 0.039216 0.369441 0.200308 2 0.369325 0.199587 1 0.369171 0.199619 2 0.368706 0.199841 1 0.368066 0.199957 2 0.368744 0.203280 2 0.366617 0.204314 2 0.370588 0.206474 2 0.366718 0.209989 2 0.373319 0.208593 2 0.369292 0.211342 2 0.368301 0.212654 2 0.366838 0.213595 2 0.371527 0.214514 2 0.369780 0.215257 2 0.370455 0.222933 2 0.368590 0.223576 2
0 0.596901 0.187675 0.013130 0.039216 0.596651 0.176343 2 0.596897 0.175612 2 0.597022 0.175646 1 0.597414 0.176208 2 0.598400 0.176089 1 0.597139 0.180418 2 0.598685 0.180294 2 0.595059 0.185506 2 0.596439 0.185006 1 0.593064 0.186465 2 0.593703 0.186429 1 0.597802 0.190063 2 0.598812 0.189760 2 0.593845 0.192253 2 0.594677 0.192234 2 0.594774 0.199871 2 0.595352 0.199614 2
0 0.404149 0.115780 0.014181 0.039216 0.406605 0.106730 2 0.406916 0.106018 2 0.406245 0.106026 2 0.407362 0.106246 2 0.405732 0.106266 2 0.408106 0.110006 2 0.404990 0.109936 2 0.409270 0.114183 2 0.403833 0.113432 2 0.409152 0.116729 2 0.404888 0.113250 2 0.407589 0.117832 2 0.405411 0.117890 2 0.408434 0.123316 2 0.404628 0.123596 2 0.408843 0.129826 2 0.404530 0.130029 2
0 0.644958 0.185341 0.011555 0.043884 0.644619 0.174668 2 0.644980 0.173937 2 0.644302 0.173933 2 0.645511 0.173972 2 0.643898 0.173951 2 0.646054 0.177684 2 0.643159 0.177240 2 0.645566 0.181886 2 0.642059 0.180835 2 0.643463 0.182581 2 0.642772 0.180977 2 0.645092 0.187286 2 0.643095 0.186919 2 0.643986 0.193883 2 0.642164 0.193335 2 0.643943 0.200664 2 0.642094 0.199715 2
0 0.192227 0.152194 0.009454 0.041083 0.193639 0.138555 1 0.193727 0.137710 1 0.193804 0.137704 1 0.193973 0.138115 1 0.195310 0.137962 1 0.193855 0.142797 2 0.196258 0.142504 2 0.193455 0.148534 2 0.197384 0.148047 2 0.193509 0.153215 1 0.197321 0.152144 1 0.194485 0.153574 2 0.196155 0.153416 2 0.194630 0.161632 2 0.196450 0.161575 2 0.194774 0.169491 2 0.197163 0.169128 2
0 0.199842 0.152194 0.009979 0.033613 0.202118 0.139873 2 0.202426 0.139166 2 0.201726 0.139177 2 0.202826 0.139448 1 0.201053 0.139484 2 0.203549 0.142945 2 0.200398 0.143389 2 0.204234 0.145920 2 0.199988 0.146921 2 0.202529 0.145698 2 0.201899 0.146815 2 0.204021 0.152211 2 0.201768 0.152526 2 0.204618 0.159351 2 0.202143 0.160002 2 0.205189 0.166212 2 0.202183 0.167186 2
0 0.207983 0.152661 0.009454 0.038282 0.209152 0.140003 2 0.209533 0.139240 2 0.208768 0.139296 2 0.210202 0.139407 2 0.208351 0.139550 2 0.211528 0.143206 2 0.207787 0.143302 2 0.213489 0.147431 2 0.207191 0.147610 2 0.212223 0.151581 2 0.207045 0.151944 2 0.211247 0.154060 2 0.208805 0.153991 2 0.211584 0.162227 2 0.208671 0.161743 2 0.211462 0.170069 2 0.209228 0.169000 2
0 0.569590 0.694211 0.019433 0.049486 0.571302 0.674920 1 0.571049 0.673561 1 0.571666 0.673793 1 0.569183 0.674317 2 0.573229 0.674774 2 0.567375 0.682431 2 0.574494 0.683288 2 0.564940 0.686800 2 0.577820 0.686966 2 0.564781 0.681204 2 0.577619 0.680316 2 0.568176 0.701611 2 0.573001 0.702001 2 0.564990 0.690994 2 0.571652 0.692185 2 0.565747 0.706121 2 0.571990 0.706884 2
0 0.271271 0.101774 0.008929 0.039216 0.267833 0.092401 1 0.267876 0.091681 1 0.267977 0.091599 1 0.268273 0.091964 2 0.269606 0.091657 2 0.268683 0.095712 2 0.270734 0.095357 2 0.267975 0.099288 2 0.271619 0.099966 2 0.267828 0.099088 2 0.271109 0.101721 1 0.270033 0.105340 2 0.271411 0.105102 2 0.270382 0.112903 2 0.271787 0.112350 2 0.270319 0.119787 2 0.272489 0.119204 2
0 0.248687 0.096639 0.020483 0.036415 0.246000 0.086745 1 0.246090 0.086118 1 0.246273 0.086085 1 0.246135 0.086568 2 0.247743 0.086307 2 0.245580 0.090366 2 0.248845 0.089812 2 0.244516 0.095023 2 0.250456 0.093869 2 0.243952 0.098678 2 0.250915 0.097704 2 0.247105 0.099099 2 0.249161 0.098906 2 0.247642 0.105148 2 0.249141 0.104956 2 0.248585 0.110755 2 0.249788 0.110388 2
0 0.608981 0.126517 0.013130 0.045752 0.612415 0.117351 1 0.612211 0.116663 1 0.612481 0.116637 1 0.611050 0.116983 2 0.613012 0.116865 2 0.610544 0.120708 2 0.613987 0.120200 2 0.609218 0.123301 2 0.616515 0.122016 2 0.608695 0.122076 2 0.616632 0.121585 2 0.611715 0.129977 2 0.613822 0.129781 2 0.611992 0.134980 2 0.613787 0.134510 2 0.612089 0.140649 2 0.614068 0.140619 2
