0 0.279390 0.805556 0.033482 0.142857 0.274069 0.740138 2 0.275691 0.736746 2 0.273920 0.736896 1 0.280533 0.738037 2 0.277352 0.738004 1 0.281767 0.755155 2 0.280807 0.754508 2 0.279759 0.776417 2 0.276807 0.770875 2 0.275096 0.787366 2 0.271024 0.767759 2 0.284271 0.796860 2 0.283817 0.796596 2 0.286290 0.826807 2 0.286377 0.825640 2 0.289114 0.855215 2 0.288198 0.853883 2
0 0.281250 0.785053 0.029762 0.136243 0.274416 0.740588 2 0.275951 0.737653 2 0.274014 0.737659 2 0.280387 0.738049 2 0.275902 0.738054 1 0.282110 0.753348 2 0.278160 0.752096 2 0.277721 0.772656 2 0.273600 0.770633 2 0.270229 0.785707 2 0.269450 0.782281 2 0.284892 0.794685 2 0.282087 0.793698 2 0.285567 0.826382 2 0.283017 0.821630 2 0.289666 0.856353 2 0.285166 0.849779 2
0 0.472098 0.931217 0.049851 0.132275 0.472034 0.891090 2 0.474109 0.887306 2 0.469749 0.887480 2 0.476444 0.886673 2 0.465462 0.886714 2 0.480395 0.906471 2 0.459645 0.908317 2 0.489433 0.928797 2 0.453463 0.935587 2 0.496069 0.954201 2 0.454311 0.963315 2 0.477782 0.962663 2 0.465054 0.964096 2 0.474184 0.998612 2 0.467212 1.000000 2 0.472463 0.994358 1 0.466889 0.995616 1
0 0.312872 0.564815 0.015625 0.068783 0.309185 0.525819 2 0.309364 0.524369 2 0.308563 0.524353 2 0.308162 0.524721 1 0.306998 0.524576 2 0.305986 0.532542 2 0.307243 0.532082 2 0.306592 0.540310 1 0.307360 0.540738 2 0.310453 0.537519 1 0.310766 0.540071 2 0.307338 0.553062 2 0.308625 0.553228 2 0.308608 0.569888 2 0.312321 0.568635 2 0.309306 0.586574 2 0.313408 0.584805 2
0 0.307664 0.555556 0.014137 0.089947 0.309261 0.525943 2 0.309317 0.524170 1 0.308632 0.524253 2 0.307703 0.523932 1 0.306973 0.523980 2 0.305763 0.531595 2 0.307451 0.531769 2 0.306590 0.540824 1 0.308009 0.542238 2 0.310013 0.542802 1 0.311363 0.549902 2 0.306837 0.552865 2 0.308334 0.553491 2 0.308785 0.571616 2 0.312401 0.571731 2 0.308284 0.589536 2 0.312203 0.590706 2
0 0.327753 0.560847 0.015625 0.066138 0.326394 0.539734 1 0.326290 0.538527 1 0.326558 0.538526 1 0.324904 0.539676 2 0.328012 0.539386 2 0.324070 0.547177 2 0.329336 0.546664 2 0.324342 0.554782 2 0.332448 0.553769 2 0.327880 0.556957 2 0.330280 0.557581 2 0.326632 0.563566 2 0.330185 0.563652 2 0.327826 0.576399 2 0.330583 0.576619 2 0.327421 0.588605 2 0.330967 0.588867 2
0 0.331845 0.479497 0.014881 0.051587 0.329710 0.463407 1 0.329589 0.462509 1 0.330017 0.462375 1 0.328871 0.463465 2 0.331953 0.462979 2 0.328923 0.469900 2 0.333601 0.468619 2 0.328346 0.476001 2 0.335866 0.472331 2 0.328752 0.475994 2 0.334469 0.469041 2 0.331002 0.482957 2 0.334098 0.482336 2 0.331525 0.491877 2 0.334073 0.491234 2 0.331573 0.500161 2 0.334411 0.500357 2
0 0.397321 0.529762 0.029762 0.059524 0.399872 0.514670 2 0.400773 0.512872 2 0.398860 0.513361 2 0.402800 0.512085 2 0.398116 0.513200 2 0.405460 0.519537 2 0.398183 0.519939 2 0.408268 0.530943 2 0.394078 0.526646 2 0.407823 0.540444 2 0.389677 0.531076 2 0.405909 0.539328 2 0.401852 0.538925 2 0.395936 0.531513 2 0.395627 0.533099 2 0.395201 0.551213 2 0.396266 0.551826 2
0 0.465030 0.436508 0.019345 0.084656 0.463892 0.408896 1 0.464159 0.407267 1 0.464399 0.407371 1 0.464561 0.408025 2 0.467684 0.407742 2 0.463019 0.416347 2 0.469957 0.415788 2 0.461829 0.426902 2 0.471825 0.426347 2 0.461928 0.436092 2 0.470593 0.434005 1 0.464618 0.436533 2 0.469282 0.436382 2 0.465286 0.454012 2 0.469312 0.453593 2 0.465763 0.471172 2 0.468718 0.469131 2
0 0.383929 0.498677 0.022321 0.039683 0.384562 0.489433 2 0.385365 0.487744 2 0.383466 0.488030 2 0.386755 0.488757 2 0.381898 0.489326 2 0.390320 0.498731 2 0.381693 0.498922 2 0.392158 0.513675 2 0.380841 0.513329 2 0.385656 0.505268 2 0.382793 0.515869 2 0.391706 0.521177 2 0.385953 0.520912 2 0.387045 0.521605 1 0.383057 0.522361 1 0.387953 0.520576 1 0.384872 0.523275 1
0 0.391741 0.470899 0.021577 0.039683 0.383839 0.487827 2 0.384829 0.486308 2 0.382961 0.486396 2 0.386434 0.487813 2 0.381957 0.487994 2 0.389485 0.496229 2 0.381001 0.496348 2 0.390965 0.497933 1 0.379497 0.497933 1 0.386449 0.497336 1 0.381048 0.496183 1 0.388804 0.497933 1 0.383437 0.497933 1 0.386999 0.495461 1 0.382886 0.494392 1 0.385349 0.494451 1 0.385962 0.495668 1
0 0.511533 0.483466 0.029018 0.088624 0.510325 0.454481 2 0.511228 0.452233 2 0.509072 0.452727 2 0.512919 0.452288 2 0.507491 0.453517 2 0.516221 0.461307 2 0.505488 0.462328 2 0.520559 0.472344 2 0.503605 0.474860 2 0.522116 0.485099 2 0.505071 0.485059 2 0.518116 0.488231 2 0.510427 0.488868 2 0.520884 0.505917 2 0.506793 0.504606 2 0.525089 0.527321 2 0.512218 0.521453 2
0 0.483259 0.484788 0.017113 0.088624 0.483598 0.454618 2 0.484588 0.452274 2 0.482386 0.453155 2 0.486616 0.452960 2 0.481325 0.454987 2 0.488763 0.464586 2 0.480508 0.464912 2 0.490835 0.475664 2 0.482528 0.474555 2 0.487905 0.475720 2 0.487112 0.474049 2 0.487514 0.489753 2 0.481966 0.489526 2 0.486365 0.508221 2 0.482432 0.506462 2 0.486094 0.523697 2 0.484711 0.516595 2
0 0.438244 0.350529 0.014881 0.066138 0.435171 0.329066 2 0.435342 0.327807 2 0.435182 0.327731 1 0.436633 0.327613 2 0.436844 0.327502 1 0.438929 0.333918 2 0.438150 0.333363 2 0.440257 0.343177 2 0.439374 0.342501 1 0.441546 0.351208 2 0.439912 0.350616 1 0.438446 0.353092 2 0.437940 0.352624 2 0.439428 0.367409 2 0.438467 0.366639 2 0.441006 0.380077 2 0.440526 0.379848 2
0 0.569940 0.348545 0.013393 0.064815 0.571322 0.326017 2 0.572126 0.324874 2 0.570742 0.324702 2 0.573316 0.324689 2 0.569694 0.324225 2 0.574768 0.330599 2 0.568047 0.330526 2 0.576208 0.338095 2 0.566964 0.338663 2 0.575619 0.343174 2 0.567459 0.345142 2 0.573788 0.345405 2 0.569094 0.345282 2 0.573701 0.355042 2 0.567391 0.354965 2 0.573282 0.364859 2 0.565855 0.365826 2
0 0.427455 0.388228 0.020089 0.070106 0.427118 0.370036 2 0.427854 0.368690 2 0.426412 0.368622 2 0.428888 0.368802 2 0.425052 0.368738 2 0.430696 0.376001 2 0.425202 0.376853 2 0.431924 0.386426 2 0.423874 0.385324 1 0.429507 0.394672 2 0.423645 0.392412 1 0.430182 0.393337 2 0.426385 0.393814 2 0.429113 0.402663 2 0.425771 0.405479 2 0.432028 0.408648 2 0.426593 0.416224 2
0 0.416295 0.397487 0.012649 0.048942 0.418980 0.375785 2 0.419322 0.374616 2 0.419208 0.374700 1 0.421146 0.374775 2 0.420990 0.374861 1 0.422736 0.380862 2 0.421161 0.380520 2 0.421735 0.389745 2 0.419688 0.388299 2 0.418469 0.392914 2 0.417889 0.391453 2 0.422143 0.396811 2 0.420937 0.396408 2 0.421841 0.408563 2 0.420170 0.408533 2 0.422252 0.419767 2 0.420165 0.419657 2
0 0.418899 0.388228 0.010417 0.056878 0.419886 0.374705 1 0.420005 0.373590 1 0.420293 0.373499 1 0.420584 0.374029 2 0.422332 0.373679 1 0.421501 0.380242 2 0.422336 0.379652 2 0.420612 0.388475 2 0.421017 0.387522 1 0.418226 0.392168 2 0.418356 0.391731 1 0.421647 0.395744 2 0.422136 0.395227 2 0.421458 0.407337 2 0.421050 0.407126 2 0.421692 0.418636 2 0.421111 0.418723 2
0 0.347470 0.491402 0.013393 0.056878 0.343999 0.473784 1 0.344019 0.472442 1 0.344312 0.472128 1 0.344891 0.472767 2 0.347490 0.471717 1 0.346104 0.480548 2 0.350159 0.477997 2 0.346269 0.488972 2 0.353470 0.483010 2 0.345569 0.493306 1 0.350751 0.484238 1 0.348575 0.496931 2 0.351250 0.495708 2 0.349534 0.508236 2 0.351262 0.506940 2 0.349903 0.519984 2 0.352700 0.518432 2
