0 0.578125 0.383598 0.029762 0.132275 0.577991 0.331379 2 0.579649 0.329214 2 0.576847 0.328926 2 0.582140 0.329676 2 0.575166 0.329046 2 0.584301 0.342021 2 0.571653 0.342456 2 0.589951 0.349508 2 0.569465 0.358402 2 0.592785 0.359886 2 0.568551 0.375279 2 0.582527 0.380907 2 0.573700 0.380460 2 0.583386 0.408994 2 0.570807 0.404549 2 0.585565 0.434449 2 0.569783 0.426244 2
0 0.680060 0.812831 0.056548 0.252646 0.687835 0.721305 2 0.691819 0.716216 2 0.687539 0.713836 2 0.699118 0.718908 2 0.688452 0.712166 1 0.703610 0.748498 2 0.680398 0.730139 2 0.707230 0.790652 2 0.672668 0.754409 2 0.705582 0.822710 2 0.665075 0.780630 2 0.692548 0.807554 2 0.677439 0.797080 2 0.690247 0.866201 2 0.666323 0.844233 2 0.682654 0.895723 2 0.678354 0.865477 2
0 0.652902 0.183862 0.015625 0.071429 0.656295 0.160750 1 0.656119 0.159605 1 0.656648 0.159812 1 0.654657 0.159639 2 0.657876 0.160167 2 0.653274 0.166108 2 0.658678 0.167500 2 0.651374 0.173982 2 0.658646 0.177155 2 0.649214 0.180692 2 0.656596 0.182703 1 0.652941 0.185482 2 0.655956 0.185878 2 0.652645 0.199535 2 0.652784 0.199895 2 0.657065 0.213739 2 0.651352 0.214079 2
0 0.533110 0.385582 0.037946 0.120370 0.537096 0.343491 2 0.538766 0.341267 2 0.535902 0.340637 2 0.540853 0.341999 2 0.533657 0.340803 2 0.543269 0.353654 2 0.531358 0.355314 2 0.547150 0.366729 2 0.523430 0.363917 2 0.553508 0.380056 2 0.519042 0.356898 2 0.540672 0.389152 2 0.532085 0.390670 2 0.544022 0.408745 2 0.528540 0.414513 2 0.548317 0.424575 2 0.527534 0.438474 2
0 0.506324 0.475529 0.039435 0.157407 0.508825 0.417665 1 0.509195 0.414819 1 0.509843 0.415115 1 0.508920 0.418239 2 0.516787 0.417909 2 0.506109 0.435997 2 0.519454 0.433812 2 0.499095 0.444191 2 0.515147 0.438274 2 0.498924 0.425401 2 0.505319 0.424921 1 0.507999 0.477361 2 0.517791 0.476738 2 0.505133 0.508689 2 0.519228 0.510214 2 0.503115 0.539011 2 0.521737 0.539162 2
0 0.394345 0.392196 0.026786 0.133598 0.384963 0.415549 2 0.384678 0.412639 2 0.383256 0.413113 2 0.381577 0.412872 1 0.378867 0.414559 2 0.377680 0.427287 2 0.380053 0.430213 2 0.381465 0.448165 1 0.385126 0.454117 2 0.389813 0.460027 2 0.393791 0.464480 2 0.376718 0.470283 1 0.378202 0.472188 2 0.381267 0.479442 1 0.381199 0.482356 1 0.381056 0.483901 1 0.379858 0.484954 1
0 0.380952 0.454365 0.031250 0.154762 0.385530 0.414662 2 0.385357 0.411333 2 0.383758 0.412399 2 0.383006 0.411705 1 0.380178 0.414156 2 0.376774 0.426177 2 0.380985 0.430292 2 0.378849 0.444118 2 0.385814 0.453764 2 0.387168 0.457332 2 0.395715 0.464933 2 0.374725 0.467388 2 0.377021 0.470070 2 0.382281 0.494450 2 0.384239 0.498780 2 0.371390 0.515193 2 0.369598 0.515032 2
0 0.304315 0.390873 0.032738 0.125661 0.312963 0.378961 2 0.312441 0.376462 2 0.311194 0.377013 2 0.309118 0.379556 1 0.306618 0.380866 2 0.306786 0.395466 2 0.306946 0.397867 2 0.305491 0.414204 2 0.307992 0.421873 2 0.310226 0.428391 2 0.314235 0.438984 2 0.311431 0.437873 2 0.312089 0.439845 2 0.314114 0.466644 2 0.321005 0.467328 2 0.306596 0.477761 1 0.317227 0.477761 2
0 0.485491 0.392857 0.026042 0.140212 0.490758 0.345422 2 0.491975 0.342618 2 0.489359 0.342533 2 0.492116 0.343567 1 0.486590 0.343265 2 0.490525 0.357495 2 0.484836 0.357991 2 0.490271 0.377186 2 0.484045 0.378650 2 0.494017 0.393355 2 0.486898 0.399396 2 0.486562 0.393463 2 0.483581 0.393909 2 0.484311 0.419496 2 0.487600 0.420791 2 0.482371 0.443548 2 0.491341 0.447364 2
0 0.307664 0.434524 0.045387 0.162698 0.312423 0.379202 2 0.311673 0.376295 1 0.310923 0.376915 2 0.308320 0.378269 1 0.306598 0.379479 2 0.303683 0.395810 2 0.306711 0.397031 2 0.304595 0.413856 1 0.308449 0.420519 2 0.309560 0.417850 2 0.314506 0.439672 2 0.309482 0.435592 2 0.310342 0.437620 2 0.318167 0.463784 2 0.318166 0.464777 2 0.314614 0.492108 2 0.304945 0.488172 2
0 0.134301 0.371032 0.034970 0.125661 0.133284 0.321288 2 0.133887 0.318705 2 0.131638 0.319383 2 0.134689 0.319613 1 0.128119 0.321168 2 0.138376 0.333123 2 0.125843 0.336237 2 0.144267 0.345932 2 0.123776 0.353935 2 0.140476 0.353368 2 0.125535 0.370709 2 0.139837 0.367917 2 0.131153 0.369579 2 0.142893 0.393511 2 0.132595 0.396172 2 0.148840 0.418568 2 0.133578 0.422314 2
0 0.388021 0.308862 0.023065 0.109788 0.400348 0.344982 2 0.399993 0.342115 2 0.398718 0.342992 2 0.396904 0.342442 1 0.394518 0.345013 2 0.392490 0.356892 2 0.394714 0.361383 2 0.391074 0.376223 1 0.395997 0.382904 2 0.395956 0.376886 1 0.401346 0.382199 1 0.391075 0.383162 1 0.392735 0.384776 1 0.393787 0.370782 1 0.397805 0.376091 1 0.391614 0.380799 1 0.393665 0.384661 1
0 0.523065 0.202381 0.020833 0.089947 0.523714 0.170127 1 0.524008 0.168426 1 0.524087 0.168503 1 0.524837 0.168958 2 0.527874 0.168733 1 0.524343 0.177806 2 0.530694 0.177802 2 0.523200 0.189222 2 0.531369 0.188514 2 0.522217 0.199246 2 0.528805 0.195137 2 0.524603 0.200265 2 0.529599 0.200237 2 0.520699 0.215949 2 0.529089 0.217749 2 0.520151 0.233815 2 0.531193 0.235365 2
0 0.962426 0.282407 0.034970 0.117725 0.985422 0.276361 1 0.984644 0.274090 1 0.985118 0.274373 1 0.980792 0.273942 1 0.983185 0.274962 2 0.978043 0.285847 2 0.978837 0.286869 2 0.975745 0.301753 1 0.974467 0.304884 2 0.978060 0.317886 1 0.974956 0.322696 2 0.973303 0.318798 2 0.973839 0.319082 2 0.972815 0.340926 2 0.971526 0.341519 2 0.965983 0.357857 2 0.961968 0.357147 2
0 0.788690 0.275132 0.023810 0.095238 0.791428 0.242472 2 0.791447 0.240528 2 0.790499 0.240310 2 0.790240 0.241389 1 0.787109 0.240729 2 0.789245 0.252117 2 0.783288 0.250218 2 0.789510 0.266663 2 0.780168 0.263386 2 0.792039 0.272309 2 0.785777 0.271757 2 0.787038 0.272938 2 0.782949 0.273416 2 0.796315 0.280333 2 0.791610 0.281599 2 0.791456 0.299657 2 0.788434 0.302033 2
0 0.809152 0.269180 0.024554 0.088624 0.809545 0.241584 2 0.809230 0.239893 1 0.808988 0.240070 2 0.807835 0.239913 1 0.806372 0.240565 2 0.807876 0.248584 2 0.802515 0.250564 2 0.810332 0.260279 2 0.806300 0.264593 2 0.814769 0.269053 2 0.810963 0.271941 2 0.806634 0.271358 2 0.802134 0.273160 2 0.812643 0.280701 2 0.805117 0.284184 2 0.813879 0.302044 2 0.803959 0.304246 2
0 0.585193 0.202381 0.014137 0.044974 0.587879 0.188570 2 0.588529 0.187498 2 0.587358 0.187428 2 0.589534 0.188145 2 0.586545 0.187969 2 0.590225 0.193845 2 0.585359 0.193593 2 0.591116 0.199421 2 0.584136 0.199300 2 0.590180 0.200466 2 0.585279 0.202623 2 0.589167 0.204906 2 0.585770 0.204810 2 0.590396 0.211504 2 0.585287 0.211709 2 0.590507 0.219885 2 0.585377 0.220333 2
0 0.915923 0.915344 0.071429 0.164021 0.922006 0.862970 2 0.926430 0.860084 2 0.922073 0.857633 2 0.934176 0.868106 2 0.924212 0.862117 1 0.932017 0.891800 2 0.925245 0.889714 2 0.915964 0.902403 2 0.914952 0.912369 2 0.892011 0.902333 2 0.897014 0.916804 2 0.916324 0.959744 2 0.912351 0.954686 2 0.897472 0.989801 2 0.906206 0.979426 2 0.901684 1.000000 1 0.919868 1.000000 1
0 0.478051 0.153439 0.017113 0.063492 0.478367 0.133877 2 0.478773 0.132528 2 0.477661 0.132702 2 0.479255 0.132890 1 0.476422 0.133303 2 0.480940 0.139164 2 0.475420 0.139724 2 0.484075 0.145961 2 0.472808 0.146285 2 0.481391 0.147882 2 0.471118 0.148749 2 0.480867 0.155603 2 0.477258 0.155794 2 0.482331 0.169737 2 0.477605 0.170105 2 0.483663 0.184154 2 0.477986 0.184500 2
0 0.096726 0.317460 0.017857 0.063492 0.094795 0.295221 2 0.095407 0.293604 2 0.093823 0.294141 2 0.096542 0.293447 2 0.092518 0.294885 2 0.097746 0.298836 2 0.092497 0.301942 2 0.100753 0.302290 2 0.091700 0.309675 2 0.099791 0.305021 2 0.093780 0.309765 2 0.097500 0.314322 2 0.093761 0.315307 2 0.097439 0.325986 2 0.091224 0.326467 2 0.098826 0.339255 2 0.090189 0.338730 2
0 0.615327 0.143519 0.020833 0.067460 0.619827 0.121669 2 0.620432 0.120580 2 0.619199 0.120501 2 0.621090 0.121091 2 0.618035 0.120705 2 0.621713 0.128477 2 0.616089 0.127398 2 0.622215 0.136494 2 0.614515 0.136561 2 0.623028 0.136981 2 0.614491 0.145333 2 0.620871 0.146723 2 0.616894 0.146237 2 0.620981 0.160972 2 0.615854 0.159595 2 0.620329 0.174413 2 0.613262 0.171770 2
0 0.201265 0.201058 0.017113 0.037037 0.197017 0.193237 1 0.197036 0.192447 1 0.197296 0.192248 1 0.197691 0.192281 2 0.199642 0.191639 1 0.197471 0.196470 2 0.201047 0.195267 2 0.196967 0.202568 2 0.202802 0.200467 2 0.196789 0.205028 2 0.202933 0.203967 1 0.199680 0.205219 2 0.202262 0.204691 2 0.197153 0.210604 2 0.200661 0.211170 2 0.196837 0.218701 2 0.201221 0.217565 2
0 0.178571 0.141534 0.013393 0.055556 0.178058 0.125519 1 0.178094 0.124505 1 0.178303 0.124406 1 0.178071 0.124920 2 0.180598 0.124491 2 0.177733 0.130911 2 0.182671 0.129970 2 0.176626 0.136979 2 0.184492 0.136984 2 0.177285 0.135071 2 0.185007 0.143298 2 0.179661 0.146227 2 0.182969 0.145696 2 0.180028 0.157326 2 0.183406 0.156911 2 0.180424 0.168145 2 0.183693 0.168329 2
0 0.799479 0.185847 0.017113 0.062169 0.800604 0.166667 1 0.800269 0.165525 1 0.800606 0.165697 1 0.797744 0.166134 2 0.800770 0.166726 2 0.796080 0.172218 2 0.800883 0.173665 2 0.794469 0.178631 2 0.802112 0.180733 2 0.795069 0.181236 1 0.802239 0.181707 2 0.795511 0.187347 2 0.798865 0.188022 2 0.794134 0.197901 2 0.798452 0.199008 2 0.792735 0.208520 2 0.798415 0.210240 2
0 0.402158 0.092593 0.012649 0.052910 0.402575 0.076613 2 0.403044 0.075771 2 0.402106 0.075716 2 0.403725 0.076353 2 0.401355 0.076220 2 0.404651 0.081455 2 0.400247 0.081591 2 0.406433 0.086342 2 0.399436 0.087084 2 0.405972 0.091919 2 0.400043 0.092083 2 0.403839 0.093102 2 0.400903 0.093115 2 0.403808 0.101349 2 0.400750 0.101494 2 0.403791 0.109976 2 0.400385 0.110134 2
0 0.134301 0.110450 0.015625 0.051587 0.133207 0.094043 2 0.133275 0.093189 1 0.132779 0.093315 2 0.133161 0.093417 1 0.132022 0.093731 2 0.133972 0.097074 2 0.131349 0.097790 2 0.136062 0.101611 2 0.130735 0.103723 2 0.136360 0.105107 2 0.132228 0.109492 2 0.133754 0.105581 2 0.132183 0.106131 2 0.135613 0.108750 2 0.133825 0.109213 2 0.133901 0.115821 2 0.133336 0.116150 2
0 0.825893 0.175265 0.014881 0.048942 0.824798 0.160443 2 0.825131 0.159336 2 0.825077 0.159233 1 0.826639 0.159227 2 0.827266 0.158837 1 0.826578 0.164719 2 0.829496 0.164371 2 0.825281 0.173306 2 0.828681 0.171620 1 0.823051 0.178715 2 0.825554 0.175386 1 0.826467 0.179655 2 0.828533 0.179218 2 0.822748 0.183957 2 0.825072 0.184969 2 0.825077 0.191809 2 0.826551 0.193559 2
0 0.513021 0.113095 0.012649 0.056878 0.514279 0.094287 1 0.514431 0.093327 1 0.514435 0.093234 1 0.514891 0.093643 1 0.515872 0.093361 1 0.515276 0.098492 2 0.515606 0.097812 2 0.514996 0.104758 2 0.514866 0.102434 2 0.514972 0.109180 2 0.514491 0.102047 1 0.514588 0.109567 2 0.515044 0.109244 2 0.514051 0.120426 2 0.515437 0.120948 2 0.513894 0.131455 2 0.516541 0.131886 2
0 0.502976 0.242725 0.014881 0.054233 0.503492 0.224995 2 0.504302 0.223928 2 0.502967 0.223502 2 0.505324 0.224030 2 0.501874 0.222985 2 0.504941 0.229541 2 0.500874 0.229525 2 0.505642 0.235743 2 0.500411 0.238798 2 0.505399 0.240693 2 0.501360 0.246774 2 0.503683 0.244106 2 0.500600 0.243998 2 0.504639 0.252947 2 0.498876 0.253029 2 0.502679 0.262222 2 0.494781 0.263404 2
0 0.973214 0.320106 0.029762 0.124339 0.985316 0.276394 1 0.984362 0.273854 1 0.985040 0.274110 2 0.979313 0.273425 1 0.982848 0.274618 2 0.976218 0.283696 2 0.979118 0.286969 2 0.973579 0.299374 1 0.974692 0.305394 2 0.977987 0.315633 1 0.975558 0.323064 2 0.971458 0.317519 2 0.974057 0.319132 2 0.970319 0.337828 2 0.973560 0.342606 2 0.961993 0.354596 2 0.968196 0.363778 2
0 0.593750 0.098545 0.008929 0.035714 0.599429 0.084527 1 0.599199 0.083524 1 0.599415 0.083586 1 0.597633 0.083654 1 0.599214 0.083931 2 0.596330 0.088973 2 0.599139 0.089311 2 0.595741 0.096058 2 0.598876 0.096107 1 0.595262 0.101455 1 0.597998 0.099416 1 0.596493 0.100892 2 0.598524 0.101115 2 0.596301 0.109631 2 0.598376 0.109990 2 0.596315 0.117695 2 0.598081 0.117526 2
0 0.746652 0.132275 0.017113 0.052910 0.754970 0.103419 2 0.755739 0.102661 2 0.754446 0.102336 2 0.756836 0.102890 2 0.753424 0.102208 2 0.756450 0.106461 2 0.751588 0.106269 2 0.754976 0.108758 2 0.750422 0.110112 2 0.752423 0.107793 2 0.753476 0.108669 2 0.754481 0.118080 2 0.751107 0.117982 2 0.753925 0.128455 2 0.751073 0.128421 2 0.753947 0.139459 2 0.751251 0.139308 2
0 0.955729 0.173280 0.020089 0.063492 0.953064 0.155063 1 0.953235 0.153776 2 0.953526 0.153693 1 0.954726 0.153888 2 0.956783 0.153446 1 0.955305 0.160207 2 0.959672 0.159408 2 0.953681 0.170195 2 0.961005 0.168588 2 0.950642 0.178011 2 0.959448 0.173697 2 0.954718 0.180210 2 0.957651 0.179022 2 0.950307 0.190357 2 0.953397 0.189807 2 0.951201 0.203504 1 0.954104 0.203721 1
0 0.905506 0.187169 0.020833 0.041005 0.906241 0.176711 2 0.906688 0.174869 2 0.905290 0.175057 2 0.907218 0.175028 1 0.903839 0.175595 2 0.908266 0.180699 2 0.902014 0.180700 2 0.907359 0.190843 2 0.898969 0.188719 2 0.900708 0.195898 2 0.898429 0.195874 2 0.906749 0.197046 2 0.902479 0.196861 2 0.907138 0.189727 2 0.896295 0.191451 2 0.901556 0.198801 2 0.898325 0.199142 2
0 0.941220 0.193122 0.019345 0.034392 0.941683 0.184013 2 0.942672 0.182335 2 0.940974 0.182152 2 0.943907 0.183382 2 0.940014 0.182820 2 0.945114 0.190528 2 0.939048 0.188009 2 0.944224 0.199283 2 0.935224 0.193257 2 0.937415 0.199540 2 0.933186 0.197590 2 0.943778 0.202293 2 0.939789 0.200317 2 0.941217 0.202684 2 0.933120 0.200165 2 0.936336 0.206372 2 0.935984 0.204235 2
