0 0.644717 0.875000 0.037946 0.189153 0.646480 0.813679 2 0.648343 0.809705 2 0.644136 0.808449 2 0.647278 0.811302 1 0.638962 0.808846 2 0.638834 0.825249 2 0.640644 0.832246 2 0.648019 0.847048 1 0.652383 0.852695 2 0.657677 0.843340 2 0.659662 0.846271 2 0.642128 0.882387 2 0.643098 0.889539 2 0.651748 0.906474 2 0.646397 0.934613 2 0.645850 0.937781 2 0.641989 0.978910 2
0 0.683780 0.806217 0.041667 0.189153 0.686547 0.739272 2 0.688852 0.736234 2 0.684779 0.735603 2 0.691940 0.738614 2 0.681940 0.736877 2 0.694228 0.759366 2 0.675516 0.755693 2 0.697002 0.785919 2 0.668870 0.779080 2 0.697595 0.812489 2 0.669891 0.804453 2 0.688076 0.812060 2 0.675526 0.810367 2 0.686850 0.850034 2 0.671207 0.846723 2 0.684472 0.883880 2 0.669885 0.877342 2
0 0.623884 0.778439 0.052827 0.117725 0.646199 0.813404 2 0.648113 0.809463 2 0.643585 0.809083 2 0.648305 0.808504 1 0.638572 0.808528 2 0.636586 0.822780 2 0.641575 0.831326 2 0.645006 0.839174 2 0.652663 0.854214 2 0.654875 0.840537 2 0.660714 0.847554 2 0.636381 0.854960 1 0.640097 0.859788 1 0.654165 0.834598 1 0.660714 0.853016 1 0.652362 0.844781 1 0.654856 0.859788 1
0 0.364955 0.479497 0.017113 0.056878 0.363679 0.459479 2 0.364378 0.458147 2 0.362896 0.458282 2 0.365541 0.459173 2 0.361762 0.459620 2 0.367157 0.467361 2 0.360169 0.468141 2 0.368079 0.475480 2 0.357227 0.476973 2 0.365170 0.476524 2 0.357855 0.480677 2 0.366003 0.486360 2 0.361165 0.486625 2 0.366144 0.496644 2 0.359452 0.497546 2 0.367102 0.509620 2 0.359631 0.510227 2
0 0.578497 0.616402 0.030506 0.124339 0.582602 0.574901 2 0.582017 0.572712 1 0.582476 0.572698 2 0.579202 0.572220 1 0.580422 0.572264 2 0.579560 0.581684 2 0.572624 0.582393 2 0.583138 0.593518 2 0.569614 0.594936 2 0.589996 0.597974 2 0.576092 0.603160 2 0.578770 0.612543 2 0.573143 0.614451 2 0.584511 0.634117 2 0.570523 0.640766 2 0.582555 0.657247 2 0.565722 0.663356 2
0 0.568824 0.619709 0.030506 0.104497 0.570441 0.582865 2 0.571071 0.580932 1 0.570056 0.580209 2 0.569820 0.580635 1 0.567659 0.578513 2 0.569870 0.588197 2 0.562502 0.587710 2 0.570480 0.600781 1 0.558816 0.603363 2 0.571835 0.604012 1 0.565281 0.608441 2 0.567394 0.616520 2 0.563088 0.616561 2 0.566189 0.641546 2 0.566904 0.641335 2 0.559041 0.659231 2 0.566332 0.665498 2
0 0.493304 0.564815 0.022321 0.100529 0.494790 0.532111 1 0.494262 0.530146 1 0.495042 0.530082 1 0.490871 0.531851 2 0.496191 0.531683 2 0.488807 0.543777 2 0.498375 0.543098 2 0.487648 0.558132 2 0.501304 0.555191 2 0.487210 0.569733 2 0.502257 0.564818 2 0.491177 0.567454 2 0.497363 0.567310 2 0.492622 0.589602 2 0.496458 0.588961 2 0.493921 0.609446 2 0.495538 0.610463 2
0 0.521205 0.607804 0.027530 0.117725 0.526349 0.564278 1 0.525511 0.562099 1 0.526388 0.562095 1 0.520468 0.562881 2 0.526694 0.563313 2 0.516407 0.575633 2 0.528519 0.577061 2 0.513731 0.592186 2 0.531973 0.593629 2 0.512925 0.606452 2 0.534216 0.606213 2 0.517905 0.608755 2 0.525847 0.609822 2 0.519103 0.630485 2 0.525320 0.633337 2 0.520254 0.652066 2 0.523771 0.656789 2
0 0.521577 0.556878 0.022321 0.095238 0.526117 0.564214 1 0.525336 0.562105 1 0.526180 0.562181 1 0.520883 0.562619 2 0.526775 0.563304 2 0.516709 0.575526 2 0.528336 0.576299 2 0.513720 0.592223 2 0.531449 0.593482 2 0.513096 0.605970 2 0.533174 0.606218 2 0.518374 0.609079 2 0.525909 0.609554 2 0.518782 0.622685 1 0.525301 0.622685 1 0.519948 0.620564 1 0.523225 0.619269 1
0 0.546131 0.545635 0.013393 0.078042 0.548257 0.518078 1 0.547931 0.516561 1 0.548329 0.516653 1 0.545386 0.517127 2 0.548918 0.517395 2 0.543590 0.525553 2 0.549622 0.525713 2 0.542404 0.535901 2 0.550505 0.535895 2 0.542865 0.544571 2 0.550528 0.545267 1 0.544311 0.545313 2 0.548631 0.545552 2 0.543979 0.560308 2 0.549236 0.560479 2 0.543524 0.574551 2 0.548976 0.574482 2
0 0.477307 0.565476 0.020089 0.099206 0.482824 0.533155 1 0.481853 0.531254 1 0.482461 0.531449 1 0.477106 0.532043 1 0.481122 0.532957 2 0.474021 0.542483 2 0.482131 0.543811 2 0.472428 0.556492 2 0.484152 0.557323 2 0.473369 0.568409 2 0.485467 0.568315 2 0.474842 0.568265 2 0.480323 0.569200 2 0.475180 0.585831 2 0.479851 0.587466 2 0.474784 0.603790 2 0.478250 0.606199 2
0 0.505208 0.531085 0.014881 0.085979 0.505560 0.499346 1 0.505572 0.497654 1 0.505963 0.497807 1 0.504229 0.498902 2 0.508289 0.499010 2 0.502372 0.509042 2 0.510102 0.509474 2 0.501152 0.520479 2 0.511213 0.520969 2 0.503220 0.531392 2 0.509795 0.531089 2 0.503466 0.530995 2 0.508747 0.531291 2 0.503902 0.549094 2 0.508159 0.549449 2 0.504446 0.566079 2 0.507507 0.566881 2
0 0.488095 0.522487 0.017857 0.082011 0.495014 0.531765 1 0.494279 0.530079 1 0.495292 0.529909 1 0.490348 0.531837 2 0.496144 0.531582 2 0.488181 0.544048 2 0.498213 0.543269 2 0.486264 0.557993 2 0.499780 0.555006 1 0.486804 0.567655 2 0.498575 0.558921 1 0.490695 0.566747 2 0.497476 0.566478 2 0.491481 0.579365 1 0.497790 0.579365 1 0.491583 0.579365 1 0.496478 0.579365 1
0 0.459077 0.428571 0.014881 0.052910 0.458285 0.411465 2 0.458694 0.410668 2 0.458219 0.410708 1 0.459951 0.410730 2 0.458587 0.410913 1 0.461062 0.415243 2 0.458597 0.415642 2 0.462174 0.421144 2 0.458283 0.422491 2 0.461544 0.428093 2 0.458053 0.427788 2 0.461153 0.427987 2 0.459222 0.427964 2 0.461449 0.438079 2 0.458164 0.437174 2 0.463440 0.448207 2 0.457258 0.446263 2
0 0.776414 0.917989 0.057292 0.158730 0.785183 0.868078 2 0.788680 0.863972 2 0.783325 0.863054 2 0.794212 0.869942 2 0.781530 0.866433 2 0.796991 0.901726 2 0.784907 0.891686 2 0.798479 0.934744 2 0.788705 0.926594 2 0.799898 0.938577 2 0.793794 0.939280 2 0.791345 0.960646 2 0.780413 0.952046 2 0.787934 0.991347 2 0.758935 0.967761 2 0.793555 1.000000 2 0.757608 0.993332 1
