0 0.901786 0.682540 0.056548 0.140212 0.905649 0.632963 2 0.907071 0.630996 2 0.908332 0.631554 1 0.909784 0.636398 2 0.917587 0.636549 1 0.902896 0.650606 2 0.921995 0.653464 2 0.888651 0.657964 2 0.925326 0.666729 2 0.880191 0.653749 2 0.919586 0.662293 1 0.901950 0.702819 2 0.913856 0.702257 2 0.881926 0.694115 2 0.895502 0.694704 2 0.888726 0.734756 2 0.902011 0.731022 2
0 0.437872 0.712302 0.030506 0.107143 0.438217 0.671106 2 0.439823 0.668730 2 0.436467 0.668684 2 0.442086 0.670183 2 0.433718 0.670242 2 0.443583 0.683379 2 0.432112 0.683759 2 0.445773 0.697125 2 0.429689 0.698037 2 0.445186 0.710442 2 0.428173 0.711057 2 0.442068 0.712961 2 0.434121 0.713132 2 0.443948 0.731549 2 0.434092 0.731473 2 0.446412 0.747875 2 0.434336 0.747727 2
0 0.428199 0.664683 0.030506 0.173280 0.437486 0.601156 2 0.438033 0.597675 2 0.435247 0.598681 2 0.438003 0.598159 1 0.429836 0.600475 2 0.441366 0.613788 2 0.423720 0.616907 2 0.445877 0.634610 2 0.418932 0.640264 2 0.441624 0.638657 2 0.429138 0.644295 2 0.439431 0.662075 2 0.427104 0.663496 2 0.440427 0.700324 2 0.426245 0.702365 2 0.439412 0.737235 2 0.423078 0.738109 2
0 0.610863 0.718254 0.038690 0.103175 0.614224 0.648933 2 0.615649 0.646825 1 0.611156 0.646825 2 0.617471 0.646825 1 0.606051 0.647975 2 0.623528 0.663369 2 0.600400 0.664283 2 0.627875 0.683946 2 0.596929 0.687456 2 0.632710 0.699417 2 0.599337 0.702706 2 0.619054 0.710734 2 0.601976 0.710358 2 0.626366 0.735444 2 0.593004 0.731543 2 0.627863 0.759915 2 0.595648 0.760091 2
0 0.612723 0.703042 0.043899 0.154762 0.613733 0.647764 2 0.615877 0.643947 2 0.611880 0.643198 2 0.618894 0.645320 2 0.609011 0.643879 2 0.621847 0.662333 2 0.603500 0.661357 2 0.626695 0.683615 2 0.597584 0.685204 2 0.631112 0.698015 2 0.600621 0.703011 2 0.618013 0.704605 2 0.604485 0.704458 2 0.626351 0.727977 2 0.592376 0.728568 2 0.627418 0.757062 2 0.597709 0.757544 2
0 0.404390 0.495370 0.026042 0.112434 0.402900 0.451664 1 0.403091 0.450174 1 0.403317 0.449954 1 0.402166 0.451881 2 0.406887 0.451295 2 0.399751 0.459349 2 0.410119 0.460036 2 0.395738 0.448544 2 0.414095 0.450221 2 0.401380 0.448555 2 0.409760 0.450724 2 0.402153 0.491394 2 0.408738 0.491799 2 0.403063 0.514702 2 0.407416 0.516805 2 0.402358 0.538369 2 0.407120 0.542299 2
0 0.439732 0.460979 0.035714 0.112434 0.437409 0.419815 1 0.436817 0.417748 1 0.437512 0.417655 1 0.432976 0.418871 2 0.438790 0.418941 2 0.431266 0.430513 2 0.440006 0.431287 2 0.429055 0.440798 2 0.444993 0.444653 2 0.432274 0.433340 1 0.453569 0.452313 2 0.433064 0.461181 2 0.438850 0.461541 2 0.432348 0.484074 2 0.438760 0.485945 2 0.429641 0.507040 2 0.437682 0.512584 2
0 0.494048 0.562831 0.037202 0.144180 0.492114 0.507921 2 0.493394 0.504909 2 0.491018 0.505512 2 0.497086 0.504044 2 0.491848 0.505375 1 0.499686 0.515496 2 0.495970 0.514877 2 0.493246 0.530446 2 0.492421 0.523989 2 0.483756 0.536143 2 0.488016 0.521622 2 0.504720 0.553542 2 0.501890 0.553025 2 0.501878 0.582347 2 0.500136 0.580752 2 0.503365 0.606344 2 0.500657 0.604432 2
0 0.190848 0.554233 0.029018 0.108466 0.186045 0.516435 2 0.186045 0.514372 2 0.185893 0.514357 1 0.188763 0.512197 2 0.190402 0.512524 1 0.192086 0.517928 2 0.195644 0.519291 2 0.189580 0.526892 2 0.188758 0.526138 2 0.187904 0.522625 2 0.187661 0.523617 2 0.194784 0.546055 2 0.198516 0.546668 2 0.186104 0.556563 2 0.196897 0.563287 2 0.190596 0.573712 2 0.204402 0.586670 2
0 0.262649 0.448413 0.013393 0.074074 0.258343 0.397499 1 0.258455 0.396825 1 0.258251 0.396825 1 0.260228 0.396825 1 0.260665 0.396825 1 0.263058 0.399951 2 0.262147 0.399280 1 0.261295 0.408316 2 0.259651 0.405379 1 0.257326 0.407594 2 0.258156 0.405832 2 0.264717 0.423927 2 0.263989 0.423382 2 0.264863 0.445208 2 0.264255 0.444547 2 0.266363 0.465353 2 0.265937 0.464494 2
0 0.258929 0.424603 0.020833 0.087302 0.256183 0.393047 2 0.256352 0.391165 2 0.256062 0.391468 1 0.258414 0.389894 2 0.257972 0.390783 1 0.262847 0.396816 2 0.259827 0.396867 2 0.263820 0.405780 2 0.258075 0.404325 2 0.256216 0.407790 2 0.254294 0.405018 2 0.264942 0.423018 2 0.262925 0.422466 2 0.265055 0.443565 2 0.262741 0.441869 2 0.267597 0.464641 2 0.265711 0.461941 2
0 0.404762 0.294312 0.020833 0.043651 0.395546 0.274382 1 0.395247 0.273387 1 0.395475 0.273492 1 0.393282 0.273721 1 0.395195 0.274020 2 0.392802 0.278904 2 0.394916 0.279122 2 0.391708 0.284848 2 0.395453 0.284946 2 0.392393 0.289239 1 0.395076 0.289005 2 0.393011 0.289781 2 0.394814 0.289886 2 0.393113 0.296796 2 0.396910 0.296108 2 0.391638 0.302720 2 0.398700 0.302912 2
0 0.540179 0.347884 0.020833 0.095238 0.541923 0.314258 2 0.542665 0.312411 2 0.540806 0.312769 2 0.543615 0.313214 2 0.539034 0.313902 2 0.546320 0.323641 2 0.536566 0.324038 2 0.548263 0.336829 2 0.534015 0.336263 2 0.548619 0.350610 2 0.533146 0.348006 2 0.544332 0.352033 2 0.538131 0.352099 2 0.543218 0.371162 2 0.538477 0.371053 2 0.541469 0.387742 2 0.539260 0.387605 2
0 0.337054 0.308201 0.017857 0.052910 0.333267 0.290227 2 0.333725 0.289038 2 0.333037 0.289239 1 0.335416 0.288887 2 0.333652 0.289365 1 0.337463 0.294111 2 0.334463 0.294358 2 0.338024 0.301477 2 0.334443 0.301286 2 0.336376 0.303281 2 0.333193 0.306198 2 0.338650 0.306202 2 0.336483 0.306186 2 0.338671 0.316632 2 0.336181 0.316592 2 0.340677 0.327050 2 0.337031 0.327189 2
0 0.392857 0.288360 0.014881 0.050265 0.395522 0.274275 1 0.395316 0.273426 1 0.395346 0.273580 1 0.394178 0.273690 1 0.394663 0.274141 2 0.394291 0.278559 2 0.393368 0.279436 2 0.394656 0.283927 2 0.392304 0.285354 2 0.395275 0.287768 1 0.393070 0.289364 2 0.393739 0.289117 2 0.393298 0.289758 2 0.394517 0.295467 2 0.395428 0.296410 2 0.393927 0.301700 2 0.395047 0.303204 2
