0 0.034970 0.558862 0.041667 0.138889 0.028908 0.517186 2 0.030877 0.513962 2 0.027108 0.514058 2 0.034094 0.513830 2 0.024645 0.514625 2 0.038276 0.525347 2 0.023627 0.530356 2 0.048997 0.533558 2 0.018192 0.539204 2 0.043069 0.546610 2 0.024343 0.559133 2 0.038509 0.564561 2 0.029626 0.568085 2 0.041563 0.582762 2 0.031046 0.595583 2 0.043439 0.604375 2 0.034638 0.624936 2
0 0.719866 0.228836 0.020089 0.082011 0.721983 0.203524 1 0.721666 0.201731 1 0.721955 0.201960 1 0.718555 0.202632 2 0.722857 0.203148 2 0.716949 0.211713 2 0.723452 0.213589 2 0.714502 0.222134 2 0.723738 0.226454 2 0.714227 0.232050 2 0.724556 0.235505 2 0.716231 0.233527 2 0.721522 0.234242 2 0.713459 0.248256 2 0.723722 0.249715 2 0.707874 0.262695 2 0.723270 0.267135 2
0 0.936756 0.289021 0.025298 0.101852 0.943281 0.256641 2 0.943160 0.254335 1 0.942592 0.254349 2 0.940373 0.253518 1 0.939446 0.253725 2 0.936164 0.263866 2 0.935901 0.264209 2 0.931753 0.277621 1 0.929959 0.278536 2 0.933537 0.288656 1 0.933304 0.289812 2 0.932835 0.294379 2 0.932890 0.294877 2 0.932045 0.314945 2 0.932432 0.316018 2 0.926194 0.333710 2 0.925692 0.335410 2
0 0.667411 0.147487 0.011905 0.051587 0.670301 0.127732 2 0.670681 0.126746 2 0.669794 0.126739 2 0.671018 0.127187 1 0.668950 0.127064 2 0.671658 0.132689 2 0.668163 0.132530 2 0.672461 0.139800 2 0.667374 0.139764 2 0.672718 0.145456 2 0.668459 0.145171 2 0.670965 0.146444 2 0.668721 0.146316 2 0.670016 0.157094 2 0.668385 0.156837 2 0.668988 0.167096 2 0.667864 0.167294 2
0 0.271949 0.147487 0.015625 0.054233 0.273817 0.127673 2 0.274379 0.126630 2 0.273272 0.126624 2 0.275101 0.126311 1 0.272398 0.126263 2 0.275905 0.131354 2 0.270820 0.131003 2 0.277114 0.139836 2 0.268905 0.138434 2 0.276501 0.148279 2 0.269627 0.145261 2 0.274915 0.147396 2 0.271609 0.147391 2 0.275428 0.158943 2 0.272041 0.159379 2 0.275566 0.171386 2 0.272238 0.171335 2
0 0.074777 0.097884 0.011161 0.047619 0.070688 0.085909 1 0.070997 0.084950 1 0.070575 0.085039 1 0.072060 0.085240 1 0.071078 0.085330 1 0.074282 0.090538 2 0.071411 0.090805 2 0.076835 0.097498 2 0.071608 0.097614 2 0.074808 0.101982 2 0.071139 0.100967 2 0.075587 0.102939 2 0.073409 0.103007 2 0.076690 0.112616 2 0.073696 0.112358 2 0.078968 0.121673 2 0.073461 0.121781 2
0 0.137649 0.110450 0.016369 0.048942 0.132133 0.132776 1 0.132095 0.131780 1 0.132599 0.131772 1 0.131793 0.132803 2 0.135026 0.132493 2 0.131417 0.140692 2 0.137431 0.140014 2 0.131033 0.143684 1 0.138857 0.143684 1 0.131255 0.142820 1 0.138059 0.142620 1 0.133097 0.143684 1 0.137160 0.143684 1 0.131896 0.142165 1 0.135994 0.141180 1 0.132775 0.143365 1 0.135527 0.143664 1
0 0.601935 0.434524 0.037202 0.130952 0.607527 0.392952 2 0.608440 0.390309 2 0.606147 0.390575 2 0.608892 0.388678 1 0.601966 0.389058 2 0.610406 0.397627 2 0.596236 0.399907 2 0.614234 0.411894 2 0.591322 0.420982 2 0.618346 0.428901 2 0.591829 0.442473 2 0.608320 0.428311 2 0.598314 0.429689 2 0.612883 0.457812 2 0.598540 0.458508 2 0.615279 0.484616 2 0.595589 0.485879 2
0 0.885417 0.265873 0.022321 0.055556 0.895807 0.261252 2 0.897066 0.259910 2 0.895076 0.258595 2 0.897931 0.259811 1 0.892876 0.256774 2 0.897102 0.265148 2 0.889223 0.262969 2 0.897446 0.278229 2 0.888974 0.281286 2 0.898607 0.287722 2 0.894318 0.289609 2 0.890050 0.282869 2 0.884204 0.281618 2 0.898839 0.282324 2 0.886788 0.277419 2 0.893657 0.293039 2 0.885096 0.291180 2
0 0.641369 0.192460 0.022321 0.072751 0.643300 0.163748 1 0.643381 0.162324 1 0.643443 0.162503 1 0.642180 0.163261 2 0.645729 0.163411 2 0.640557 0.171099 2 0.647395 0.171679 2 0.638457 0.181174 2 0.648803 0.181798 2 0.637507 0.190470 2 0.647038 0.188830 2 0.640282 0.190289 2 0.645493 0.190462 2 0.637674 0.205725 2 0.645937 0.206952 2 0.634842 0.221015 2 0.645865 0.222519 2
0 0.679315 0.457011 0.050595 0.146825 0.677165 0.404277 2 0.678203 0.401024 2 0.677193 0.400800 2 0.683579 0.401347 2 0.683700 0.400516 1 0.684640 0.420203 2 0.688738 0.417632 2 0.687601 0.446415 2 0.693506 0.440435 2 0.679402 0.463812 2 0.690402 0.454069 2 0.683970 0.465291 2 0.688559 0.463237 2 0.669911 0.489491 2 0.685795 0.489858 2 0.673197 0.521464 2 0.697521 0.511778 2
0 0.530134 0.500661 0.037946 0.149471 0.550143 0.456683 2 0.550109 0.453379 2 0.548535 0.454146 2 0.548424 0.453207 1 0.543190 0.456025 2 0.543604 0.465849 2 0.538187 0.475078 2 0.541390 0.485201 2 0.533733 0.498027 2 0.544180 0.492940 2 0.540308 0.515481 2 0.534624 0.496079 2 0.529704 0.502740 2 0.545238 0.515536 2 0.535076 0.535965 2 0.544624 0.538334 2 0.523937 0.565608 2
0 0.436384 0.446429 0.031994 0.144180 0.458333 0.402404 2 0.458333 0.399627 1 0.458333 0.399153 2 0.456503 0.399214 1 0.455063 0.397954 2 0.456148 0.413342 2 0.447272 0.411709 2 0.456992 0.435572 1 0.441019 0.431381 2 0.457958 0.453319 1 0.439776 0.452465 2 0.452778 0.456215 2 0.447651 0.456046 2 0.448514 0.487081 2 0.447209 0.487787 2 0.444564 0.516220 2 0.449517 0.517365 2
0 0.255580 0.609127 0.046875 0.207672 0.258296 0.544124 1 0.255791 0.541442 1 0.256967 0.541836 1 0.246819 0.545849 1 0.253823 0.547187 2 0.239982 0.573051 2 0.260552 0.567678 2 0.238095 0.600150 2 0.269681 0.594806 2 0.239524 0.606958 2 0.274423 0.617879 2 0.250263 0.626789 2 0.262781 0.623588 2 0.255085 0.669115 2 0.260386 0.655196 2 0.263668 0.709822 2 0.254754 0.684665 2
0 0.399182 0.517857 0.029018 0.162698 0.403257 0.474198 2 0.402257 0.470893 1 0.402312 0.470631 2 0.396361 0.472172 1 0.396333 0.472099 2 0.392811 0.484890 2 0.394083 0.489300 2 0.394718 0.505337 2 0.395624 0.515315 2 0.401974 0.522257 2 0.402195 0.532054 2 0.391898 0.523941 2 0.393243 0.526666 2 0.393297 0.558902 2 0.395910 0.564716 2 0.390445 0.585110 2 0.397986 0.601382 2
0 0.603051 0.531746 0.049851 0.148148 0.621771 0.480795 2 0.620864 0.476150 1 0.621520 0.477276 2 0.612860 0.471283 1 0.618278 0.475206 2 0.603520 0.482319 2 0.612670 0.490684 2 0.600499 0.507196 2 0.606744 0.522892 2 0.610068 0.530588 1 0.616418 0.543676 2 0.588185 0.523386 2 0.595236 0.528012 2 0.598977 0.552920 2 0.611039 0.560843 2 0.591361 0.586683 2 0.604718 0.600013 2
0 0.702753 0.552249 0.052827 0.162698 0.691810 0.512036 2 0.692520 0.508901 2 0.692818 0.507045 1 0.695039 0.510038 2 0.700859 0.503972 1 0.697810 0.531150 2 0.711472 0.516244 2 0.699451 0.561859 2 0.725229 0.527449 2 0.698308 0.586074 2 0.731115 0.541964 2 0.714108 0.563233 2 0.723123 0.556808 2 0.709559 0.594017 2 0.720140 0.585870 2 0.721145 0.612467 2 0.732670 0.606172 2
0 0.729911 0.646825 0.046131 0.208995 0.725937 0.574405 2 0.726812 0.571386 2 0.727138 0.571680 1 0.731055 0.574483 2 0.732385 0.574323 1 0.742469 0.600154 2 0.733130 0.598025 2 0.744408 0.635685 2 0.733166 0.619759 2 0.737044 0.663721 2 0.724822 0.623927 2 0.741854 0.659522 2 0.732140 0.657202 2 0.746680 0.700183 2 0.722646 0.696979 2 0.756078 0.732461 2 0.713248 0.738253 2
0 0.450149 0.457672 0.026786 0.161376 0.460767 0.400997 2 0.461337 0.398049 2 0.459484 0.397670 2 0.459365 0.398297 1 0.454414 0.397187 2 0.457633 0.412816 2 0.447874 0.411911 2 0.457760 0.433114 2 0.441442 0.431735 2 0.459018 0.449930 2 0.441183 0.451215 2 0.453531 0.455305 2 0.447876 0.455360 2 0.448979 0.486302 2 0.447572 0.487774 2 0.444835 0.515857 2 0.448952 0.519943 2
0 0.293527 0.348545 0.030506 0.125661 0.286660 0.302636 2 0.288006 0.300319 2 0.285426 0.300512 2 0.290292 0.300771 2 0.283792 0.301519 2 0.293422 0.314703 2 0.285516 0.315987 2 0.298495 0.331586 2 0.284991 0.328756 2 0.289170 0.332998 2 0.282915 0.330618 2 0.293674 0.349146 2 0.288536 0.349505 2 0.292274 0.373708 2 0.289729 0.376969 2 0.303141 0.392152 2 0.295101 0.398588 2
0 0.533110 0.292989 0.020089 0.112434 0.542366 0.331602 2 0.543640 0.330086 2 0.541813 0.329159 2 0.544859 0.326488 1 0.540150 0.324291 2 0.545069 0.326864 2 0.534711 0.323978 2 0.544694 0.343450 2 0.530191 0.338540 2 0.535594 0.341266 2 0.537415 0.341217 2 0.542014 0.344876 2 0.534934 0.344510 2 0.544729 0.347887 2 0.531848 0.349606 2 0.544193 0.366449 2 0.536783 0.367871 2
0 0.587426 0.308862 0.030506 0.101852 0.590428 0.275379 2 0.591600 0.274128 2 0.590167 0.273687 2 0.594148 0.274613 2 0.590095 0.273611 1 0.595146 0.284769 2 0.590052 0.282988 2 0.591099 0.298757 2 0.587417 0.297354 2 0.587486 0.292615 2 0.587503 0.301766 2 0.592092 0.313209 2 0.587307 0.311722 2 0.592675 0.336437 2 0.584329 0.334571 2 0.601951 0.354285 2 0.583668 0.356549 2
0 0.561756 0.283730 0.020833 0.120370 0.562147 0.243441 2 0.563302 0.241234 2 0.562374 0.241149 1 0.567002 0.242306 2 0.564357 0.241900 1 0.567577 0.256725 2 0.566417 0.254438 2 0.566711 0.276013 2 0.564802 0.269586 1 0.562415 0.281263 2 0.561373 0.272975 1 0.567875 0.285038 2 0.566054 0.283587 2 0.568621 0.310751 2 0.562037 0.308360 2 0.572191 0.334008 2 0.555659 0.329492 2
0 0.790179 0.281746 0.020833 0.087302 0.796766 0.249371 2 0.797220 0.247422 2 0.795919 0.247040 2 0.796507 0.247382 1 0.792725 0.246151 2 0.793953 0.257793 2 0.789307 0.255877 2 0.794399 0.271453 2 0.786307 0.270895 2 0.798471 0.274075 2 0.792736 0.279127 2 0.791972 0.280843 2 0.788881 0.281424 2 0.802276 0.287931 2 0.800415 0.287706 2 0.798590 0.310952 2 0.795911 0.311134 2
0 0.811756 0.273810 0.025298 0.082011 0.814186 0.248986 2 0.814845 0.246901 2 0.813099 0.246725 2 0.814621 0.246447 1 0.810243 0.246194 2 0.814134 0.252709 2 0.807918 0.255786 2 0.817665 0.266694 2 0.813021 0.270655 2 0.821236 0.275391 2 0.819779 0.279037 2 0.814254 0.274747 2 0.810028 0.278150 2 0.822947 0.276742 2 0.818094 0.286743 2 0.820026 0.292992 2 0.821021 0.307579 2
0 0.535714 0.329365 0.023810 0.074074 0.541601 0.330056 1 0.542683 0.327614 1 0.540220 0.328016 1 0.544051 0.323727 1 0.538177 0.325017 2 0.545640 0.321897 2 0.533991 0.324218 2 0.550705 0.333796 2 0.530713 0.337947 2 0.546830 0.338665 2 0.538586 0.342353 2 0.544421 0.343061 2 0.536737 0.344733 2 0.550260 0.343626 2 0.531811 0.347791 2 0.546194 0.368444 2 0.537467 0.368682 2
0 0.460938 0.166005 0.018601 0.070106 0.463379 0.142879 2 0.463966 0.141537 2 0.462857 0.141463 2 0.464677 0.141135 2 0.462154 0.140915 2 0.465703 0.147623 2 0.460516 0.147197 2 0.467444 0.155704 2 0.458614 0.154661 2 0.469104 0.163112 2 0.460044 0.156868 2 0.464682 0.164042 2 0.461434 0.164055 2 0.464732 0.178031 2 0.461702 0.177900 2 0.465355 0.191747 2 0.462881 0.190936 2
0 0.130952 0.351190 0.017857 0.067460 0.130662 0.335848 2 0.131663 0.334132 2 0.129775 0.334192 2 0.133649 0.334266 2 0.128843 0.334402 2 0.135939 0.342647 2 0.128942 0.342756 2 0.138577 0.352378 2 0.129165 0.352244 2 0.138530 0.360129 2 0.129525 0.359822 2 0.136058 0.360288 2 0.131356 0.360372 2 0.137780 0.369197 2 0.132588 0.368836 2 0.138721 0.380442 2 0.132959 0.380989 2
0 0.051711 0.351852 0.036458 0.058201 0.050588 0.337111 2 0.051394 0.335031 2 0.049152 0.335473 2 0.052880 0.334983 1 0.046885 0.336472 2 0.054870 0.342384 2 0.044389 0.346508 2 0.060957 0.349643 2 0.040040 0.359987 2 0.060020 0.350809 2 0.037705 0.372207 2 0.054136 0.358487 2 0.046704 0.360543 2 0.058085 0.355516 2 0.040965 0.359389 2 0.060750 0.372304 2 0.039771 0.373139 2
0 0.601935 0.147487 0.016369 0.072751 0.607519 0.121490 2 0.607882 0.120404 2 0.606847 0.120167 2 0.607785 0.121702 1 0.605190 0.120726 2 0.607830 0.129466 2 0.603870 0.126076 2 0.609620 0.136433 2 0.602567 0.124779 2 0.609371 0.135368 2 0.604117 0.120649 2 0.606503 0.146770 2 0.603802 0.145616 2 0.605745 0.161766 2 0.602934 0.161732 2 0.604408 0.176464 2 0.601199 0.176939 2
0 0.136533 0.150794 0.018601 0.055556 0.131789 0.133633 1 0.131900 0.132563 1 0.132167 0.132386 1 0.131689 0.133667 2 0.134723 0.132862 2 0.131075 0.140820 2 0.136951 0.139759 2 0.130760 0.149172 2 0.139024 0.146126 2 0.132029 0.155604 2 0.137794 0.148412 2 0.133800 0.156200 2 0.137913 0.156081 2 0.135353 0.166858 2 0.139699 0.166608 2 0.136952 0.175805 2 0.141468 0.176312 2
0 0.780134 0.185847 0.014137 0.054233 0.782889 0.169982 1 0.782758 0.168789 1 0.783124 0.169069 1 0.781332 0.169125 2 0.784278 0.169821 2 0.780123 0.174775 2 0.784703 0.176778 2 0.778482 0.180600 2 0.784644 0.185343 2 0.778168 0.180460 1 0.783271 0.189534 1 0.779067 0.190300 2 0.782226 0.191028 2 0.777140 0.200948 2 0.780635 0.202034 2 0.776035 0.210209 2 0.779589 0.211908 2
0 0.384301 0.113095 0.014137 0.051587 0.382857 0.100961 1 0.382912 0.099969 1 0.383139 0.100048 1 0.382887 0.100119 2 0.385339 0.100081 2 0.381925 0.104811 2 0.386946 0.104774 2 0.380947 0.110696 2 0.388343 0.110650 2 0.381261 0.113752 1 0.388261 0.115246 2 0.382830 0.117232 2 0.386337 0.117285 2 0.382366 0.126817 2 0.386588 0.127618 2 0.382301 0.136489 2 0.386495 0.137007 2
0 0.355655 0.098545 0.010417 0.051587 0.356101 0.081284 2 0.356543 0.080257 2 0.355552 0.080356 2 0.357252 0.080736 1 0.354802 0.080978 2 0.358073 0.086210 2 0.354175 0.086670 2 0.358869 0.092726 2 0.353650 0.093655 2 0.357984 0.097704 2 0.355011 0.098845 2 0.358162 0.098422 2 0.355494 0.098775 2 0.359044 0.106305 2 0.355764 0.106688 2 0.359571 0.114872 2 0.356009 0.115007 2
0 0.186384 0.132937 0.015625 0.046296 0.185082 0.119942 1 0.185215 0.119022 1 0.185171 0.118917 1 0.185720 0.119112 2 0.187098 0.118697 2 0.185734 0.123756 2 0.188838 0.123097 2 0.185753 0.130201 2 0.190475 0.128768 2 0.185796 0.133853 2 0.190044 0.132544 1 0.187252 0.134947 2 0.189592 0.134754 2 0.186786 0.144985 2 0.190250 0.145393 2 0.186970 0.155299 2 0.191589 0.155236 2
0 0.599702 0.257275 0.022321 0.088624 0.605226 0.222085 2 0.605140 0.220460 2 0.604080 0.220581 2 0.603509 0.222632 1 0.601468 0.222865 2 0.601204 0.232326 2 0.601824 0.232698 2 0.603281 0.245632 1 0.605781 0.244064 2 0.607526 0.246265 1 0.608868 0.234577 2 0.602120 0.257742 2 0.602325 0.258581 2 0.604984 0.278470 2 0.605209 0.279578 2 0.600883 0.296597 2 0.600829 0.296011 2
0 0.947917 0.324735 0.032738 0.130952 0.952719 0.275763 2 0.954302 0.273808 2 0.952293 0.273539 2 0.957760 0.276195 2 0.952797 0.275580 1 0.960808 0.288345 2 0.950477 0.287790 2 0.966123 0.300274 2 0.948370 0.303133 2 0.967251 0.298284 2 0.949133 0.315140 2 0.957254 0.321876 2 0.950284 0.321105 2 0.956989 0.346837 2 0.948239 0.344897 2 0.955195 0.370982 2 0.947957 0.367374 2
0 0.821057 0.385582 0.037946 0.133598 0.831440 0.333257 1 0.830187 0.330497 1 0.830772 0.331338 2 0.825194 0.330638 1 0.828249 0.333135 2 0.819708 0.346027 2 0.825206 0.349086 2 0.820319 0.365537 1 0.823915 0.374160 2 0.823779 0.381070 1 0.828050 0.388983 2 0.819056 0.383327 2 0.821993 0.385239 2 0.824063 0.411799 2 0.824833 0.413028 2 0.818974 0.437493 2 0.809669 0.430122 2
0 0.762277 0.226852 0.026042 0.067460 0.771928 0.202514 2 0.771462 0.200816 1 0.771412 0.201100 2 0.768533 0.200275 1 0.769432 0.201411 2 0.763898 0.207686 2 0.769092 0.209157 2 0.759405 0.215738 2 0.774928 0.214284 2 0.760286 0.220378 2 0.778846 0.210393 2 0.760947 0.228856 2 0.762829 0.229933 2 0.765730 0.242557 2 0.761448 0.246087 2 0.765756 0.258578 2 0.756404 0.261042 2
0 0.979911 0.283730 0.029762 0.112434 0.991471 0.248044 2 0.990705 0.245485 1 0.991222 0.246010 2 0.985335 0.242279 1 0.988418 0.244609 2 0.977812 0.248119 2 0.984567 0.252793 2 0.970039 0.257362 2 0.980234 0.266612 2 0.971541 0.268721 2 0.982114 0.274540 2 0.971277 0.274999 2 0.975608 0.277208 2 0.970477 0.296080 2 0.973785 0.299966 2 0.966787 0.317728 2 0.968848 0.320109 2
