0 0.261533 0.972222 0.039435 0.052910 0.243082 0.961469 2 0.245250 0.955822 2 0.241995 0.957021 2 0.252152 0.955889 2 0.243522 0.958076 1 0.260178 0.980181 2 0.243239 0.983776 2 0.265498 0.997509 2 0.244002 0.998987 1 0.259431 0.992784 2 0.248639 0.993628 1 0.260903 0.998987 1 0.249625 0.998987 1 0.258490 0.991352 1 0.248118 0.994163 1 0.259131 0.995675 1 0.255644 0.998938 1
0 0.545759 0.574735 0.043899 0.205026 0.541841 0.493263 2 0.543928 0.489525 2 0.539852 0.489509 2 0.547080 0.491418 2 0.537187 0.491424 2 0.553712 0.512858 2 0.533978 0.515218 2 0.558057 0.542897 2 0.529731 0.542286 2 0.562607 0.573164 2 0.528831 0.568824 2 0.549674 0.572138 2 0.536575 0.573632 2 0.548315 0.611145 2 0.535505 0.617629 2 0.546270 0.642176 2 0.535922 0.658335 2
0 0.599702 0.550265 0.034226 0.177249 0.603945 0.489484 2 0.604676 0.485662 2 0.601956 0.486420 2 0.604574 0.484999 1 0.596853 0.486469 2 0.605530 0.501578 2 0.590350 0.503588 2 0.610162 0.519336 2 0.590726 0.528551 2 0.612330 0.517825 2 0.603274 0.524028 2 0.603483 0.550504 2 0.592532 0.551596 2 0.604535 0.585316 2 0.590478 0.582955 2 0.606170 0.619153 2 0.591014 0.609974 2
0 0.661086 0.581349 0.020089 0.091270 0.656983 0.537442 2 0.658174 0.535403 2 0.655895 0.535401 2 0.660054 0.536326 2 0.654366 0.536252 2 0.662485 0.547476 2 0.652610 0.547303 2 0.665192 0.559690 2 0.651193 0.555488 2 0.664417 0.568090 2 0.653460 0.547997 2 0.660934 0.574405 2 0.654204 0.574414 2 0.661194 0.591458 2 0.653637 0.590635 2 0.661454 0.606321 2 0.654022 0.605684 2
0 0.646577 0.559524 0.032738 0.121693 0.653109 0.474868 1 0.654423 0.474868 1 0.651874 0.474868 1 0.656976 0.474868 1 0.650216 0.474868 1 0.662252 0.478796 2 0.644864 0.479175 2 0.666035 0.498902 2 0.640027 0.499952 2 0.662020 0.519365 2 0.644415 0.516388 2 0.659725 0.521944 2 0.648058 0.522370 2 0.659935 0.550237 1 0.648400 0.551007 1 0.660414 0.570930 1 0.647649 0.571639 1
0 0.655134 0.537698 0.037946 0.157407 0.652553 0.466784 2 0.654130 0.463233 2 0.650646 0.464029 2 0.656960 0.462557 2 0.647909 0.464474 2 0.662688 0.476442 2 0.644589 0.479691 2 0.666740 0.499244 2 0.640473 0.503896 2 0.663751 0.519443 2 0.644062 0.520907 2 0.660449 0.521596 2 0.648294 0.522999 2 0.660561 0.551719 1 0.645929 0.553533 1 0.660387 0.574427 1 0.646217 0.576827 1
0 0.915551 0.598545 0.061756 0.141534 0.923230 0.545738 1 0.924468 0.543445 1 0.925918 0.544457 1 0.926491 0.548524 2 0.935289 0.549580 1 0.919891 0.563489 2 0.938842 0.567086 2 0.903390 0.571972 2 0.942997 0.578840 2 0.894458 0.572431 2 0.934726 0.571046 1 0.917459 0.616443 2 0.929070 0.616255 2 0.896017 0.612890 2 0.909995 0.614413 2 0.901332 0.656027 2 0.916254 0.652563 2
0 0.907366 0.596561 0.034970 0.119048 0.922546 0.547578 1 0.923755 0.544464 1 0.924125 0.545543 1 0.925259 0.547441 2 0.929508 0.549163 1 0.919381 0.562833 2 0.931548 0.566738 2 0.904481 0.570623 2 0.919821 0.579326 1 0.894387 0.573420 2 0.904332 0.572794 1 0.914368 0.609314 2 0.922773 0.608593 2 0.894703 0.616085 2 0.903304 0.614671 2 0.902116 0.654138 2 0.907483 0.651760 2
0 0.880580 0.451720 0.031994 0.138889 0.881791 0.397038 2 0.883175 0.394461 2 0.880317 0.394039 2 0.884929 0.395831 2 0.877610 0.394557 2 0.886573 0.412350 2 0.872798 0.410640 2 0.886569 0.430433 2 0.869426 0.431457 2 0.886136 0.445285 2 0.869573 0.449734 2 0.882254 0.450248 2 0.872500 0.449219 2 0.883790 0.475923 2 0.871646 0.473923 2 0.879477 0.502438 2 0.867656 0.500130 2
0 0.850074 0.448413 0.036458 0.153439 0.854182 0.391431 2 0.855075 0.388080 2 0.853635 0.387628 2 0.853657 0.386159 2 0.853493 0.384810 2 0.846566 0.398831 2 0.854012 0.397835 2 0.839603 0.412627 2 0.850722 0.416022 2 0.844773 0.398633 2 0.851666 0.407219 2 0.846383 0.442693 2 0.850944 0.442705 2 0.848607 0.475950 2 0.849929 0.475308 2 0.845931 0.504561 2 0.845578 0.502871 2
0 0.498140 0.402116 0.029018 0.084656 0.495775 0.374027 2 0.496970 0.371514 2 0.494606 0.371741 2 0.500002 0.371692 2 0.495258 0.371960 1 0.501087 0.384305 2 0.500872 0.381792 2 0.497561 0.402701 2 0.498293 0.397486 1 0.491110 0.407067 2 0.492353 0.402401 1 0.502444 0.413997 2 0.502755 0.410972 2 0.486667 0.413262 2 0.492743 0.407043 2 0.492136 0.436800 2 0.498415 0.428686 2
0 0.622768 0.302910 0.023810 0.108466 0.622347 0.260157 2 0.623249 0.258467 2 0.621357 0.258362 2 0.624350 0.259837 2 0.619586 0.259470 2 0.625893 0.271177 2 0.616451 0.271024 2 0.627342 0.284294 2 0.614639 0.285079 2 0.628531 0.296323 2 0.615965 0.296664 2 0.624657 0.298839 2 0.618348 0.298937 2 0.623791 0.319213 2 0.617591 0.319345 2 0.623222 0.339151 2 0.617927 0.338746 2
0 0.446057 0.304894 0.020089 0.067460 0.446595 0.278741 2 0.447396 0.277356 2 0.445749 0.277395 2 0.448508 0.277838 2 0.444580 0.277893 2 0.449740 0.285063 2 0.443112 0.285588 2 0.451801 0.291739 2 0.441367 0.293158 2 0.454294 0.292432 2 0.442667 0.293134 2 0.449224 0.304268 2 0.444924 0.304873 2 0.450040 0.316387 2 0.446021 0.317368 2 0.450585 0.330592 2 0.446573 0.331763 2
0 0.430432 0.281085 0.017113 0.041005 0.430343 0.269124 2 0.430278 0.268111 2 0.430729 0.267948 1 0.430630 0.267807 2 0.432858 0.267250 2 0.431812 0.273043 2 0.433405 0.272311 2 0.431626 0.280961 2 0.432611 0.280367 2 0.428925 0.282582 2 0.428674 0.284407 1 0.432470 0.285551 2 0.433674 0.284682 2 0.428299 0.283259 2 0.429405 0.282794 2 0.429072 0.292731 2 0.430386 0.292226 2
0 0.511161 0.265212 0.013393 0.083333 0.514173 0.233329 2 0.514595 0.231806 2 0.513270 0.231929 2 0.514558 0.232680 1 0.511357 0.232909 2 0.513820 0.240892 2 0.510839 0.241370 2 0.513487 0.251755 1 0.509772 0.251968 2 0.513740 0.262320 1 0.511327 0.262522 2 0.513123 0.262785 2 0.511276 0.263123 2 0.512299 0.278721 2 0.511302 0.279693 2 0.511609 0.293641 2 0.510717 0.295909 2
0 0.561384 0.255952 0.015625 0.080688 0.561572 0.227433 2 0.562420 0.225735 2 0.561117 0.225942 2 0.564490 0.226584 2 0.561082 0.227138 1 0.566616 0.235934 2 0.560519 0.236338 2 0.567680 0.247699 2 0.558728 0.246551 2 0.566446 0.257210 2 0.558116 0.252942 2 0.564604 0.255741 2 0.560365 0.255711 2 0.564218 0.271973 2 0.559755 0.271914 2 0.564731 0.286828 2 0.559406 0.286574 2
0 0.551339 0.261905 0.013393 0.052910 0.550892 0.244075 2 0.551344 0.243091 2 0.550351 0.243154 2 0.552015 0.243625 2 0.549606 0.243787 2 0.553194 0.249009 2 0.548827 0.249386 2 0.554599 0.254584 2 0.548059 0.254794 2 0.554076 0.257726 2 0.549170 0.257164 2 0.552494 0.259999 2 0.549665 0.260176 2 0.551926 0.268025 2 0.549271 0.268742 2 0.551208 0.276860 2 0.549027 0.277945 2
