0 0.565290 0.288029 0.007812 0.029762 0.568254 0.279010 1 0.568010 0.278342 1 0.568229 0.278385 1 0.566523 0.277956 1 0.567927 0.278264 2 0.565058 0.280551 2 0.567865 0.281166 2 0.564087 0.284486 2 0.568365 0.285508 2 0.564874 0.286473 2 0.567893 0.287203 2 0.565478 0.288797 2 0.567389 0.289163 2 0.565704 0.295398 2 0.567438 0.295955 2 0.565893 0.301986 2 0.567510 0.302033 2
0 0.524182 0.544312 0.011905 0.048942 0.523305 0.537550 2 0.523741 0.536710 2 0.522868 0.536758 2 0.524286 0.535397 2 0.522043 0.535340 2 0.525202 0.537711 2 0.521231 0.535999 2 0.525170 0.545183 2 0.518717 0.539132 2 0.524091 0.549872 2 0.517855 0.543337 2 0.525254 0.546153 2 0.522677 0.545513 2 0.525528 0.553351 2 0.522750 0.552461 2 0.526807 0.557884 1 0.523900 0.557145 1
0 0.572359 0.314815 0.006324 0.027778 0.574059 0.306465 1 0.573892 0.305853 1 0.574136 0.305882 1 0.572807 0.305622 2 0.574479 0.305766 2 0.572064 0.308028 2 0.574806 0.308418 2 0.571226 0.312271 2 0.575746 0.313367 2 0.572157 0.314521 2 0.575426 0.316803 2 0.572281 0.317758 2 0.574107 0.317949 2 0.572498 0.323937 1 0.574139 0.323685 2 0.572395 0.327122 1 0.573955 0.326737 1
0 0.094308 0.611442 0.011533 0.045635 0.092015 0.597499 2 0.092226 0.596365 2 0.091468 0.596911 2 0.092814 0.595898 2 0.090964 0.597391 2 0.095144 0.599250 2 0.090850 0.602652 2 0.098473 0.601337 2 0.090137 0.608755 2 0.097588 0.605817 2 0.090120 0.614825 2 0.096210 0.613675 2 0.093619 0.615232 2 0.097140 0.621708 2 0.095240 0.623812 2 0.098146 0.629074 2 0.097168 0.631480 2
0 0.113467 0.693122 0.015625 0.050265 0.111238 0.678787 1 0.111144 0.678029 1 0.111372 0.677608 1 0.110001 0.678946 2 0.112517 0.677826 2 0.109239 0.685484 2 0.114691 0.682936 2 0.108474 0.692629 2 0.116606 0.685559 2 0.108248 0.697331 2 0.115454 0.687050 2 0.111632 0.697491 2 0.115265 0.696564 2 0.112997 0.705330 2 0.115825 0.704840 2 0.114776 0.712201 2 0.116573 0.713578 2
0 0.093192 0.565146 0.012277 0.040344 0.090905 0.551570 2 0.091420 0.550398 2 0.090433 0.550698 2 0.092364 0.549770 2 0.090129 0.550647 2 0.094136 0.552511 2 0.089035 0.555572 2 0.096095 0.557800 2 0.087945 0.561992 2 0.096973 0.561294 2 0.088907 0.566636 2 0.095333 0.565073 2 0.092256 0.567319 2 0.096402 0.570704 2 0.093454 0.576780 2 0.095585 0.576850 2 0.096444 0.584599 2
0 0.770461 0.785053 0.019345 0.054233 0.771258 0.769752 2 0.771583 0.768781 2 0.770996 0.768901 1 0.772894 0.768150 2 0.771237 0.768438 1 0.774583 0.772876 2 0.771781 0.771052 2 0.774881 0.780398 2 0.769845 0.771780 2 0.774147 0.786905 2 0.769815 0.770449 2 0.773078 0.784676 2 0.771083 0.783635 2 0.772771 0.792867 2 0.769883 0.792658 2 0.774056 0.801504 2 0.769361 0.802157 2
0 0.794829 0.712963 0.012277 0.038360 0.793540 0.719619 2 0.794305 0.718574 2 0.793057 0.718331 2 0.795563 0.718761 2 0.792406 0.718161 2 0.796688 0.724385 2 0.790857 0.723364 2 0.798200 0.731964 2 0.788782 0.730134 2 0.798533 0.736044 2 0.787921 0.736102 2 0.795060 0.737700 2 0.790984 0.737290 2 0.797660 0.736961 1 0.790555 0.736521 1 0.796686 0.738317 1 0.789820 0.738195 1
0 0.789993 0.736772 0.014509 0.046296 0.793512 0.719745 2 0.794217 0.718936 2 0.793136 0.718709 2 0.795419 0.719307 2 0.792605 0.718763 2 0.796393 0.724835 2 0.791165 0.723748 2 0.797991 0.730865 2 0.788865 0.728822 2 0.797760 0.733980 2 0.788031 0.735848 2 0.793980 0.737618 2 0.790545 0.736936 2 0.793560 0.745354 2 0.789823 0.744839 2 0.793436 0.751345 2 0.789215 0.751279 2
0 0.861979 0.586640 0.010417 0.044974 0.861731 0.573198 1 0.861716 0.572122 1 0.862008 0.572401 1 0.860916 0.572399 2 0.863325 0.572977 2 0.859469 0.577658 2 0.864350 0.578648 2 0.857469 0.584243 2 0.864912 0.585751 2 0.855884 0.589747 2 0.864588 0.591434 2 0.859202 0.590208 2 0.862319 0.590570 2 0.859044 0.597613 2 0.860583 0.598682 2 0.858692 0.605215 2 0.858905 0.606497 2
0 0.851190 0.585317 0.015625 0.054233 0.852507 0.566567 1 0.852442 0.565590 1 0.852731 0.565825 1 0.851361 0.565919 2 0.853881 0.566476 2 0.849658 0.570734 2 0.854449 0.572068 2 0.847063 0.575525 2 0.854748 0.578490 2 0.846312 0.580055 2 0.854117 0.583783 2 0.849149 0.582991 2 0.852249 0.583551 2 0.848538 0.589567 2 0.850785 0.590432 2 0.847927 0.597486 2 0.849222 0.597982 2
0 0.275856 0.830357 0.013765 0.049603 0.273878 0.814130 1 0.273813 0.813274 1 0.274066 0.813157 1 0.272890 0.814103 2 0.275550 0.813644 2 0.271874 0.820336 2 0.277087 0.819289 2 0.271610 0.826745 2 0.279135 0.826447 2 0.273592 0.829690 2 0.280156 0.830795 2 0.273983 0.832222 2 0.277558 0.831705 2 0.275112 0.841618 2 0.278559 0.839399 2 0.275350 0.851505 2 0.278394 0.848496 2
0 0.293155 0.803571 0.016369 0.055556 0.292620 0.784893 1 0.292500 0.783980 1 0.292799 0.783843 1 0.291442 0.785025 2 0.293954 0.784576 2 0.290902 0.792462 2 0.295128 0.791098 2 0.289673 0.799657 2 0.297319 0.798316 2 0.291181 0.800940 2 0.298898 0.803668 2 0.292970 0.806329 2 0.295493 0.805685 2 0.295119 0.816007 2 0.296099 0.813787 2 0.296874 0.822937 2 0.296726 0.820898 2
0 0.319010 0.610450 0.012277 0.039683 0.317814 0.600935 1 0.318074 0.600058 1 0.317673 0.600178 1 0.319195 0.599768 2 0.318275 0.600086 1 0.322260 0.603861 2 0.318295 0.603963 2 0.323529 0.611876 2 0.317587 0.610191 2 0.322213 0.618923 2 0.315366 0.613872 1 0.321871 0.617595 2 0.318995 0.617286 2 0.323200 0.626828 2 0.318478 0.626395 2 0.324383 0.635630 2 0.319295 0.636658 2
0 0.311198 0.608796 0.009301 0.041667 0.305866 0.595790 2 0.306079 0.595076 2 0.305810 0.594902 1 0.307091 0.594858 2 0.306483 0.594522 1 0.310409 0.599213 2 0.307141 0.599340 2 0.312219 0.605382 2 0.307204 0.604195 1 0.311676 0.611910 2 0.307447 0.609674 1 0.310054 0.612078 2 0.307669 0.611998 2 0.310816 0.620089 2 0.308072 0.621015 2 0.313517 0.622551 2 0.309101 0.628305 2
0 0.234003 0.619709 0.015625 0.048942 0.231317 0.605071 1 0.231420 0.604397 1 0.231457 0.604015 1 0.231451 0.605128 2 0.233466 0.604037 2 0.231630 0.609973 2 0.235321 0.607937 2 0.230135 0.613972 2 0.236255 0.608275 2 0.229855 0.608832 2 0.234077 0.606716 1 0.233018 0.620764 2 0.235681 0.620056 2 0.232591 0.626452 2 0.236432 0.627659 2 0.232064 0.631731 2 0.237591 0.635529 2
0 0.325707 0.844246 0.020461 0.045635 0.324853 0.830371 1 0.324788 0.829399 1 0.325019 0.829575 1 0.323758 0.830180 2 0.326643 0.830245 2 0.321661 0.836099 2 0.328461 0.835634 2 0.320167 0.836173 2 0.331738 0.832532 2 0.321507 0.832093 2 0.329866 0.829081 2 0.322860 0.854443 2 0.327607 0.854769 2 0.322899 0.843567 2 0.330206 0.845408 2 0.321327 0.859805 2 0.327983 0.860529 2
0 0.596912 0.858135 0.015997 0.050926 0.599446 0.841963 1 0.599515 0.840825 1 0.599961 0.841375 1 0.598593 0.841657 2 0.601838 0.842883 2 0.596001 0.847139 2 0.602466 0.850434 2 0.594472 0.852429 2 0.603119 0.859997 2 0.596424 0.854074 1 0.603111 0.865023 1 0.595029 0.863496 2 0.599272 0.864985 2 0.594561 0.873687 2 0.597795 0.877048 2 0.594597 0.884296 2 0.596367 0.887815 2
0 0.445126 0.435516 0.008557 0.036376 0.445365 0.423366 2 0.445662 0.422653 2 0.445074 0.422764 1 0.446417 0.422253 2 0.444969 0.422566 1 0.447783 0.425151 2 0.444534 0.425437 2 0.449031 0.429194 2 0.443897 0.430462 2 0.447661 0.428299 2 0.444340 0.435711 2 0.447918 0.435545 2 0.445748 0.435694 2 0.448694 0.443002 2 0.446416 0.443097 2 0.449456 0.450960 2 0.446959 0.450534 2
0 0.447173 0.379630 0.010417 0.039683 0.447251 0.372059 1 0.446968 0.371313 1 0.447172 0.371363 1 0.445405 0.371213 1 0.446773 0.371472 2 0.444305 0.374487 2 0.446693 0.374858 2 0.443817 0.379148 1 0.446819 0.380038 2 0.444700 0.382668 1 0.447150 0.385352 2 0.444638 0.383846 2 0.446284 0.384205 2 0.445759 0.390514 2 0.447499 0.390823 2 0.445099 0.396804 2 0.446676 0.397279 2
