0 0.314732 0.922619 0.061012 0.152116 0.306839 0.880739 2 0.309972 0.874672 2 0.304129 0.875624 2 0.316564 0.872963 2 0.301660 0.875520 1 0.324930 0.894023 2 0.300731 0.899375 2 0.336805 0.920588 2 0.298869 0.930765 2 0.338033 0.951229 2 0.299702 0.956749 2 0.329293 0.961376 2 0.311809 0.963893 2 0.337816 0.994711 2 0.304627 0.997692 2 0.341126 0.993664 1 0.306497 0.996536 1
0 0.309896 0.931217 0.048363 0.132275 0.306515 0.880624 2 0.309768 0.874927 2 0.303990 0.875448 2 0.316899 0.874167 2 0.301503 0.875770 2 0.325094 0.893510 2 0.300940 0.899923 2 0.334999 0.920960 2 0.298076 0.930754 2 0.337535 0.952682 2 0.299316 0.954614 2 0.329654 0.958126 2 0.311463 0.962020 2 0.338872 0.992303 2 0.304242 0.998978 2 0.341447 0.994093 1 0.308291 0.995813 1
0 0.390997 0.575397 0.023065 0.113757 0.401201 0.532467 1 0.401405 0.530155 1 0.402015 0.530092 1 0.402045 0.530290 2 0.406153 0.529822 1 0.401416 0.541906 2 0.406994 0.540806 1 0.399145 0.557982 2 0.405153 0.555916 1 0.399517 0.567401 2 0.403130 0.565131 1 0.403904 0.575059 2 0.406994 0.574856 2 0.405137 0.599994 2 0.406994 0.600718 1 0.406413 0.624248 2 0.406924 0.623167 1
0 0.436756 0.628968 0.028274 0.133598 0.438859 0.573516 1 0.437892 0.571133 1 0.438615 0.571350 1 0.431941 0.573816 2 0.438855 0.574677 2 0.427361 0.591039 2 0.441827 0.591118 2 0.425846 0.612481 2 0.444598 0.608426 2 0.427890 0.626664 2 0.441453 0.600763 2 0.429883 0.628798 2 0.439806 0.628949 2 0.431403 0.655659 2 0.439540 0.652621 2 0.432326 0.681619 2 0.437303 0.675246 2
0 0.410714 0.572090 0.025298 0.117725 0.401383 0.531873 1 0.401478 0.529380 1 0.401996 0.529146 1 0.402288 0.529646 2 0.408005 0.528304 2 0.401803 0.541930 2 0.413453 0.539340 2 0.400456 0.557714 2 0.417408 0.555218 2 0.401217 0.570154 2 0.417166 0.568532 2 0.405412 0.572271 2 0.413456 0.570939 2 0.405735 0.598711 2 0.413815 0.595719 2 0.406367 0.623626 2 0.414074 0.620339 2
0 0.468006 0.571429 0.019345 0.087302 0.464075 0.539760 1 0.464093 0.538193 1 0.464712 0.538440 1 0.463047 0.539645 2 0.467603 0.540031 2 0.461094 0.549577 2 0.468808 0.550065 2 0.458663 0.560944 2 0.471528 0.560661 2 0.458434 0.571403 2 0.474168 0.565127 2 0.461955 0.573837 2 0.466754 0.574004 2 0.462547 0.591238 2 0.465743 0.591203 2 0.463941 0.609305 2 0.465505 0.608516 2
0 0.430060 0.574074 0.020833 0.100529 0.438692 0.575589 1 0.437666 0.573490 1 0.438755 0.573350 1 0.431889 0.575638 2 0.439114 0.575759 2 0.427837 0.591542 2 0.441670 0.591145 2 0.425874 0.611681 2 0.444081 0.608720 2 0.428110 0.624528 2 0.442695 0.613633 1 0.430263 0.628760 2 0.440023 0.628705 2 0.430425 0.643767 1 0.441554 0.643746 1 0.430703 0.642988 1 0.440604 0.642714 1
0 0.469866 0.514550 0.017113 0.087302 0.463849 0.539101 1 0.463947 0.537823 1 0.464530 0.538055 1 0.463363 0.539459 2 0.467658 0.539745 2 0.461521 0.548850 2 0.469161 0.549666 2 0.459891 0.557175 2 0.472196 0.559755 2 0.460784 0.559426 1 0.474259 0.564988 2 0.462329 0.571269 2 0.467213 0.571661 2 0.462814 0.571380 1 0.468351 0.572284 1 0.463738 0.574251 1 0.467573 0.574797 1
0 0.443824 0.512566 0.017113 0.093915 0.447273 0.478734 1 0.446365 0.477048 1 0.446983 0.476973 1 0.442174 0.478169 1 0.446058 0.478406 2 0.439415 0.488412 2 0.447703 0.488048 2 0.438627 0.500235 2 0.450900 0.500336 2 0.442152 0.504970 2 0.451823 0.504931 2 0.441119 0.510901 2 0.446849 0.510451 2 0.442018 0.532304 2 0.448059 0.529749 2 0.442134 0.551503 2 0.448824 0.548704 2
0 0.470238 0.450397 0.016369 0.062169 0.471357 0.428355 1 0.470987 0.426988 1 0.471262 0.427009 1 0.468723 0.427028 2 0.471059 0.426947 2 0.467540 0.433763 2 0.472038 0.432264 2 0.465825 0.443319 2 0.475672 0.435972 2 0.465205 0.450459 2 0.474269 0.438534 2 0.467802 0.449492 2 0.470651 0.449003 2 0.468080 0.463246 2 0.470588 0.463174 2 0.467102 0.475530 2 0.471088 0.476282 2
0 0.628720 0.457011 0.013393 0.056878 0.630090 0.442153 2 0.630159 0.441066 1 0.629741 0.440905 2 0.629228 0.441084 1 0.628488 0.440658 2 0.628104 0.446485 2 0.627545 0.445907 2 0.629152 0.453829 2 0.627043 0.452956 2 0.630762 0.456471 2 0.629729 0.455213 2 0.627008 0.458561 2 0.626840 0.458497 2 0.627426 0.468066 2 0.627865 0.467916 2 0.625945 0.476368 2 0.626665 0.476656 2
0 0.622768 0.507937 0.014881 0.047619 0.624745 0.490540 2 0.624483 0.489478 1 0.624606 0.489363 2 0.622335 0.489914 1 0.623208 0.489491 2 0.621272 0.494738 2 0.621755 0.494549 2 0.620565 0.501916 1 0.620974 0.501979 2 0.623506 0.505965 1 0.624356 0.506123 2 0.620718 0.508507 2 0.621229 0.508664 2 0.621502 0.518532 2 0.623960 0.518199 2 0.616704 0.526428 2 0.622423 0.529448 2
