0 0.220238 0.866402 0.037202 0.148148 0.212962 0.809483 1 0.213620 0.807009 1 0.214904 0.806464 1 0.216577 0.809841 2 0.224244 0.807560 1 0.217047 0.826373 2 0.229602 0.821864 2 0.212142 0.851925 2 0.226604 0.840636 2 0.208390 0.865296 2 0.216658 0.854026 1 0.221056 0.867959 2 0.229287 0.865544 2 0.221906 0.896217 2 0.225783 0.896485 2 0.228281 0.921946 2 0.228568 0.927596 2
0 0.216890 0.847884 0.037946 0.153439 0.213607 0.811062 1 0.213942 0.808495 1 0.215368 0.808214 1 0.216388 0.810562 2 0.223852 0.809016 1 0.217366 0.826269 2 0.227025 0.822177 2 0.212957 0.850961 2 0.223274 0.842282 2 0.207698 0.869859 2 0.215371 0.862183 2 0.221114 0.866078 2 0.227469 0.864070 2 0.223344 0.895176 2 0.225474 0.893194 2 0.227718 0.922513 2 0.228115 0.920735 2
0 0.276414 0.589286 0.018601 0.072751 0.275059 0.558758 2 0.275900 0.557129 2 0.274634 0.557155 2 0.278019 0.556586 2 0.274990 0.556613 1 0.280351 0.562280 2 0.276280 0.562712 2 0.283421 0.569920 2 0.277071 0.570404 2 0.278682 0.571749 2 0.275325 0.572169 2 0.282100 0.581401 2 0.279364 0.581485 2 0.281498 0.596919 2 0.279991 0.596741 2 0.284372 0.612736 2 0.283124 0.612072 2
0 0.268973 0.575397 0.018601 0.089947 0.273139 0.538970 2 0.273955 0.537236 2 0.272079 0.537396 2 0.274725 0.537450 1 0.270461 0.537608 2 0.273728 0.545389 2 0.269966 0.546247 2 0.275957 0.555223 1 0.269321 0.558647 2 0.277158 0.562137 1 0.270813 0.568423 2 0.273846 0.568011 2 0.271392 0.568767 2 0.274053 0.586006 2 0.273406 0.586995 2 0.270718 0.602494 2 0.268277 0.601546 2
0 0.291295 0.580026 0.020089 0.070106 0.277530 0.555358 1 0.277530 0.554119 1 0.277530 0.554028 1 0.277734 0.554941 2 0.278520 0.554745 1 0.280169 0.562012 2 0.277881 0.562420 1 0.284075 0.569853 2 0.279557 0.571482 1 0.279507 0.571577 2 0.278555 0.573032 1 0.281460 0.582266 2 0.279905 0.582304 2 0.282270 0.597505 2 0.280346 0.597380 2 0.284169 0.613271 2 0.282861 0.611937 2
0 0.303199 0.484127 0.014137 0.058201 0.308053 0.463039 2 0.307808 0.462185 1 0.307480 0.462103 2 0.305685 0.463379 1 0.306056 0.463307 2 0.303524 0.469630 2 0.307851 0.469163 2 0.301936 0.476514 2 0.310492 0.474456 2 0.303520 0.479350 1 0.309018 0.476333 2 0.304709 0.482943 2 0.307729 0.482805 2 0.304904 0.492312 2 0.308515 0.491757 2 0.305008 0.501021 2 0.309548 0.501474 2
0 0.367560 0.546296 0.034226 0.063492 0.370278 0.528197 2 0.371154 0.526135 2 0.369367 0.526415 2 0.374096 0.525085 2 0.370226 0.525627 1 0.375539 0.532766 2 0.372910 0.531212 2 0.369157 0.541791 2 0.366850 0.538441 2 0.362316 0.543998 2 0.361042 0.543336 2 0.378243 0.555868 2 0.376967 0.553768 2 0.365251 0.548423 2 0.368818 0.544088 2 0.365211 0.568829 2 0.370427 0.562409 2
0 0.459077 0.414021 0.019345 0.084656 0.458386 0.382281 1 0.458608 0.380644 1 0.458814 0.380725 1 0.458429 0.381483 2 0.461811 0.381441 2 0.456551 0.389432 2 0.462936 0.390386 2 0.454528 0.399466 2 0.464267 0.401267 2 0.456005 0.405933 2 0.463551 0.404068 2 0.457752 0.408944 2 0.462230 0.409682 2 0.457426 0.425326 2 0.462499 0.427572 2 0.456176 0.442035 2 0.462463 0.443397 2
0 0.357515 0.513889 0.024554 0.041005 0.356827 0.502678 2 0.357916 0.500690 2 0.356108 0.500700 2 0.360440 0.499930 2 0.356221 0.499751 1 0.362691 0.508500 2 0.359254 0.506874 2 0.364521 0.525080 2 0.358275 0.520467 2 0.356623 0.515453 2 0.355410 0.518047 2 0.363254 0.534532 2 0.361068 0.532581 2 0.355025 0.539112 1 0.353664 0.537716 1 0.357994 0.540587 1 0.355635 0.540662 1
0 0.360863 0.498016 0.022321 0.038360 0.356657 0.502694 2 0.357632 0.500867 2 0.356245 0.500727 2 0.360303 0.500768 2 0.357412 0.500081 1 0.361740 0.509112 2 0.361334 0.507265 2 0.361007 0.522767 2 0.359647 0.518892 1 0.355830 0.518895 2 0.355418 0.518324 1 0.363706 0.523231 1 0.363608 0.521188 1 0.355812 0.518036 1 0.356246 0.515727 1 0.357726 0.518892 1 0.358000 0.519632 1
0 0.365327 0.492725 0.023810 0.046296 0.356734 0.502065 2 0.358041 0.500289 2 0.356027 0.500275 2 0.360771 0.500374 2 0.355705 0.500100 1 0.362922 0.507668 2 0.355638 0.507281 2 0.361976 0.520000 2 0.352562 0.516131 1 0.356590 0.515698 1 0.354822 0.506136 1 0.365572 0.523931 1 0.360853 0.523571 1 0.356500 0.514881 1 0.354378 0.516407 1 0.358233 0.520416 1 0.357664 0.524182 1
0 0.471726 0.404101 0.014881 0.078042 0.474279 0.375606 1 0.474207 0.374002 1 0.474485 0.374265 1 0.472479 0.374513 2 0.475912 0.375020 2 0.470401 0.382730 2 0.476754 0.384036 2 0.468619 0.391752 2 0.478280 0.394897 2 0.468834 0.399411 2 0.477916 0.402548 2 0.471280 0.402389 2 0.475562 0.403166 2 0.471792 0.417601 2 0.475944 0.418051 2 0.471620 0.432343 2 0.475432 0.431841 2
0 0.482515 0.558201 0.034970 0.113757 0.480066 0.513191 2 0.481564 0.510756 2 0.479131 0.510838 2 0.484359 0.510893 2 0.478239 0.511309 2 0.488339 0.520855 2 0.476345 0.522158 2 0.492914 0.533775 2 0.475056 0.536184 2 0.495054 0.548276 2 0.474106 0.548386 2 0.489562 0.553410 2 0.480878 0.554170 2 0.494274 0.576737 2 0.477629 0.576524 2 0.499449 0.598584 2 0.483460 0.597835 2
0 0.443452 0.559524 0.020833 0.113757 0.443237 0.515737 2 0.444608 0.513733 2 0.442105 0.513667 2 0.446945 0.515298 2 0.440604 0.515239 2 0.450195 0.527854 2 0.440112 0.528334 2 0.452356 0.542071 2 0.441448 0.538391 2 0.446059 0.542376 2 0.446299 0.538642 2 0.448743 0.558445 2 0.441577 0.558953 2 0.449331 0.577423 2 0.442734 0.581543 2 0.450420 0.590395 2 0.442683 0.599711 2
0 0.418899 0.351852 0.014881 0.066138 0.421571 0.357366 2 0.422320 0.355945 2 0.421138 0.356252 2 0.424428 0.356312 2 0.421287 0.357100 1 0.427355 0.364305 2 0.420294 0.365036 2 0.429021 0.374940 2 0.418697 0.375144 2 0.429281 0.384888 2 0.418126 0.383740 2 0.426616 0.384798 2 0.421847 0.384962 2 0.426413 0.397470 1 0.421835 0.397401 2 0.426717 0.397988 1 0.421704 0.397649 1
0 0.494420 0.654101 0.023065 0.075397 0.496213 0.627293 2 0.497523 0.624987 2 0.495326 0.625291 2 0.500327 0.625447 2 0.494582 0.626197 1 0.502701 0.634811 2 0.493082 0.634815 2 0.505705 0.648960 2 0.488440 0.642406 2 0.504256 0.660917 2 0.488637 0.636937 2 0.501715 0.653398 2 0.495309 0.653764 2 0.505937 0.658949 2 0.494194 0.660806 2 0.504694 0.672668 2 0.495079 0.674065 2
0 0.497024 0.658069 0.032738 0.128307 0.498247 0.607165 2 0.499728 0.604584 2 0.497297 0.605005 2 0.502963 0.604791 2 0.496506 0.605812 1 0.505839 0.616607 2 0.494458 0.617394 2 0.509916 0.631260 2 0.489380 0.630639 2 0.510882 0.643305 2 0.489269 0.636361 2 0.504648 0.649258 2 0.496550 0.649877 2 0.508147 0.672253 2 0.493426 0.673006 2 0.510066 0.699602 2 0.491917 0.697640 2
0 0.588170 0.456349 0.020089 0.084656 0.589300 0.426820 2 0.590337 0.424754 2 0.588280 0.425006 2 0.592226 0.424691 2 0.587163 0.425191 2 0.594825 0.434115 2 0.585578 0.433547 2 0.597080 0.444431 2 0.584148 0.447038 2 0.597600 0.455104 2 0.584874 0.455438 2 0.593968 0.457348 2 0.587365 0.456293 2 0.595722 0.473379 2 0.584566 0.466458 2 0.596768 0.491958 2 0.585920 0.480498 2
0 0.421131 0.228836 0.011905 0.044974 0.423461 0.212974 2 0.423801 0.212089 2 0.423158 0.212175 1 0.424578 0.212104 2 0.422990 0.212269 1 0.425954 0.216530 2 0.422701 0.216432 2 0.426953 0.222745 2 0.422076 0.221834 2 0.424875 0.226388 2 0.422713 0.225737 2 0.425582 0.227232 2 0.423359 0.227180 2 0.425632 0.234096 2 0.423263 0.234087 2 0.425927 0.239867 2 0.423651 0.239866 2
0 0.393601 0.417328 0.019345 0.070106 0.390751 0.392886 2 0.391189 0.390882 2 0.389655 0.391871 2 0.392442 0.390323 2 0.388471 0.392546 2 0.396373 0.397194 2 0.389121 0.399845 2 0.400405 0.406696 2 0.389422 0.409362 2 0.400423 0.417059 2 0.390188 0.417607 2 0.397952 0.416976 2 0.393128 0.418150 2 0.398720 0.429317 2 0.393407 0.430631 2 0.398556 0.440812 2 0.394136 0.442405 2
0 0.379092 0.429894 0.017113 0.050265 0.381047 0.410787 2 0.381833 0.409880 2 0.380619 0.409432 2 0.382565 0.409116 2 0.379448 0.407967 2 0.382852 0.413162 2 0.377451 0.412631 2 0.384921 0.420144 2 0.378070 0.418088 2 0.384525 0.422372 2 0.381655 0.414051 2 0.382474 0.429985 2 0.378823 0.430223 2 0.382910 0.441206 2 0.379595 0.441934 2 0.383108 0.450683 2 0.379905 0.452050 2
0 0.378720 0.429233 0.011905 0.056878 0.381408 0.410729 2 0.382300 0.409775 2 0.380961 0.409165 2 0.382958 0.408855 1 0.379555 0.407569 2 0.382538 0.410007 2 0.377127 0.412813 2 0.385749 0.406591 2 0.378311 0.419703 2 0.386013 0.404258 2 0.383179 0.416572 2 0.382963 0.429755 2 0.379318 0.431128 2 0.382935 0.442870 2 0.379643 0.443795 2 0.381969 0.454486 2 0.378816 0.455799 2
0 0.323289 0.498016 0.014137 0.059524 0.319135 0.480737 1 0.319092 0.479663 1 0.319397 0.478955 1 0.318949 0.480416 2 0.321898 0.478056 2 0.320530 0.487292 2 0.325487 0.481796 2 0.321895 0.489965 2 0.330013 0.476439 2 0.322596 0.483366 1 0.329448 0.470360 2 0.324514 0.505789 2 0.327420 0.503305 2 0.324813 0.521577 2 0.326027 0.517359 2 0.325436 0.532178 2 0.325961 0.530563 2
