0 0.273438 0.810185 0.033482 0.144180 0.273019 0.762456 1 0.273442 0.759807 1 0.274090 0.759336 1 0.276563 0.760604 2 0.281402 0.758764 1 0.278047 0.775753 2 0.286001 0.771159 2 0.277798 0.797285 2 0.284664 0.786520 1 0.279576 0.808912 2 0.276762 0.789604 1 0.278879 0.810436 2 0.284646 0.808133 2 0.279796 0.834754 2 0.283121 0.832857 2 0.284453 0.860784 2 0.286092 0.859655 2
0 0.472842 0.949074 0.049851 0.096561 0.472466 0.924679 2 0.474760 0.919758 2 0.469911 0.919712 2 0.477550 0.918521 2 0.465315 0.918507 2 0.482177 0.938520 2 0.459184 0.942128 2 0.487586 0.961311 2 0.454379 0.969886 2 0.490484 0.987016 2 0.455378 0.998565 2 0.480785 0.994459 2 0.465607 0.997310 2 0.484869 1.000000 1 0.464601 1.000000 1 0.481727 0.997493 1 0.468691 1.000000 1
0 0.310268 0.566799 0.014881 0.070106 0.309780 0.543899 2 0.310951 0.542617 2 0.309239 0.542382 2 0.312856 0.543548 2 0.308841 0.542915 1 0.312969 0.550385 2 0.309825 0.549569 2 0.313149 0.557352 2 0.309795 0.555289 1 0.310470 0.556579 2 0.309281 0.555408 2 0.314168 0.568411 2 0.312147 0.568182 2 0.313565 0.582242 2 0.312712 0.582022 2 0.315802 0.593865 2 0.315048 0.594398 2
0 0.303943 0.555556 0.014137 0.089947 0.305254 0.526814 2 0.306108 0.525153 2 0.304237 0.525215 2 0.306745 0.525697 1 0.302874 0.525702 2 0.305490 0.533554 2 0.303787 0.533891 2 0.306366 0.543942 1 0.303655 0.544795 2 0.307493 0.551346 1 0.305988 0.553850 2 0.305546 0.554701 2 0.304761 0.554996 2 0.305847 0.573229 2 0.306894 0.573822 2 0.303645 0.591688 2 0.303968 0.593442 2
0 0.324033 0.560847 0.015625 0.066138 0.323487 0.540284 2 0.324150 0.539028 2 0.322736 0.539149 2 0.325258 0.539737 2 0.321772 0.539977 2 0.326793 0.546314 2 0.321529 0.548064 2 0.330100 0.552487 2 0.322709 0.556655 2 0.327502 0.556821 2 0.326356 0.556206 2 0.327966 0.563879 2 0.324542 0.564931 2 0.327237 0.576190 2 0.325591 0.577381 2 0.327743 0.587956 2 0.325608 0.588802 2
0 0.328869 0.476852 0.014881 0.051587 0.327716 0.461321 1 0.327916 0.460407 1 0.328305 0.460490 1 0.328389 0.461677 2 0.331255 0.461394 2 0.328159 0.467992 2 0.332979 0.467178 2 0.327457 0.475131 2 0.334592 0.470422 2 0.327367 0.479955 2 0.333165 0.466781 1 0.329820 0.482039 2 0.333006 0.481731 2 0.329097 0.489616 2 0.331721 0.490153 2 0.329759 0.497790 2 0.332153 0.498638 2
0 0.395833 0.529762 0.029762 0.059524 0.382178 0.492551 2 0.383168 0.491095 2 0.381384 0.490994 2 0.385190 0.490816 2 0.380640 0.490471 1 0.387230 0.497708 2 0.380682 0.495011 2 0.387684 0.509756 2 0.376742 0.502233 2 0.383214 0.504675 2 0.378308 0.503659 2 0.390095 0.512769 2 0.386170 0.511413 2 0.383256 0.504749 2 0.381355 0.504644 2 0.384698 0.516275 2 0.383995 0.516560 2
0 0.463542 0.432540 0.019345 0.084656 0.462455 0.405273 1 0.462507 0.403741 1 0.462906 0.403774 1 0.462222 0.404539 2 0.466073 0.404306 2 0.461083 0.413392 2 0.468082 0.412696 2 0.459690 0.424239 2 0.469899 0.423760 2 0.460179 0.432993 2 0.468879 0.431623 1 0.462793 0.434315 2 0.467500 0.433901 2 0.463358 0.451817 2 0.467254 0.450880 2 0.463648 0.468855 2 0.466744 0.466411 2
0 0.383185 0.500661 0.022321 0.041005 0.381965 0.492999 2 0.382801 0.491381 2 0.381223 0.491686 2 0.384807 0.491088 2 0.380987 0.491798 1 0.386262 0.495651 2 0.381912 0.497011 2 0.380372 0.500251 2 0.377827 0.503508 2 0.378246 0.500015 2 0.378041 0.503643 2 0.390721 0.511482 2 0.387621 0.511788 2 0.382624 0.505166 2 0.381298 0.504551 2 0.385174 0.516463 2 0.384771 0.517303 2
0 0.388765 0.488757 0.018601 0.038360 0.381894 0.493113 2 0.382760 0.491472 2 0.381233 0.491752 2 0.384879 0.491183 2 0.380847 0.491606 1 0.387527 0.498121 2 0.381207 0.497931 2 0.386677 0.507777 2 0.378069 0.505470 2 0.382659 0.505417 2 0.379863 0.505167 2 0.388794 0.512128 1 0.384527 0.511831 1 0.384181 0.507516 1 0.380435 0.507811 1 0.385309 0.510750 1 0.382104 0.513321 1
0 0.389509 0.472222 0.021577 0.039683 0.381851 0.492132 2 0.382825 0.490699 2 0.381193 0.490697 2 0.384753 0.490850 2 0.380549 0.490870 1 0.386895 0.496655 2 0.379968 0.496580 2 0.388857 0.499256 1 0.377107 0.499222 1 0.384958 0.498352 1 0.378461 0.494529 1 0.386376 0.499256 1 0.382068 0.499256 1 0.384525 0.496951 1 0.380564 0.496740 1 0.384282 0.496445 1 0.383218 0.497871 1
0 0.508929 0.488757 0.031250 0.091270 0.508759 0.460582 2 0.509799 0.458620 2 0.507651 0.458748 2 0.511563 0.459068 2 0.506308 0.459538 2 0.514346 0.467803 2 0.504113 0.467997 2 0.518488 0.477996 2 0.502505 0.478585 2 0.520129 0.490185 2 0.502326 0.489564 2 0.515090 0.493515 2 0.507837 0.493928 2 0.520004 0.510623 2 0.505366 0.510325 2 0.522989 0.531480 2 0.509815 0.528176 2
0 0.479539 0.492063 0.017113 0.092593 0.480304 0.458803 2 0.481478 0.456594 2 0.479271 0.457068 2 0.483820 0.457390 2 0.478306 0.458668 2 0.486576 0.468134 2 0.477920 0.470224 2 0.489447 0.477158 2 0.477346 0.479769 2 0.487753 0.479851 2 0.480425 0.480960 2 0.484942 0.493375 2 0.479171 0.494107 2 0.484720 0.510695 2 0.479256 0.512438 2 0.484600 0.526703 2 0.479534 0.529616 2
0 0.436756 0.350529 0.014881 0.066138 0.433636 0.329194 2 0.433910 0.327911 2 0.433496 0.327975 1 0.435482 0.327744 2 0.434892 0.327974 1 0.437828 0.333708 2 0.436059 0.333858 2 0.439029 0.342422 2 0.437797 0.342989 1 0.440099 0.350689 2 0.439593 0.350897 1 0.437422 0.353028 2 0.436181 0.352930 2 0.438648 0.367362 2 0.437315 0.367167 2 0.439208 0.380001 2 0.438647 0.380106 2
0 0.571801 0.356481 0.014137 0.064815 0.571971 0.333703 2 0.572766 0.332550 2 0.571490 0.332360 2 0.574138 0.332819 2 0.570906 0.332358 2 0.575852 0.339271 2 0.569120 0.338375 2 0.577701 0.346332 2 0.567873 0.347512 2 0.575911 0.352529 2 0.568225 0.354270 2 0.574754 0.355403 2 0.569974 0.354507 2 0.575992 0.366571 2 0.568011 0.362514 2 0.576025 0.380006 2 0.567908 0.373592 2
0 0.422247 0.390873 0.020089 0.070106 0.421944 0.370765 2 0.422670 0.369070 2 0.421275 0.369423 2 0.424820 0.368968 2 0.421407 0.369852 1 0.427447 0.376594 2 0.423108 0.376612 2 0.428873 0.387050 2 0.422058 0.385197 1 0.427916 0.395698 2 0.421217 0.392706 1 0.426569 0.395145 2 0.423930 0.394577 2 0.424329 0.406257 2 0.423270 0.405010 2 0.425498 0.418109 2 0.425149 0.417509 2
0 0.412946 0.404762 0.014881 0.050265 0.415606 0.378374 1 0.415651 0.377356 1 0.416009 0.377227 1 0.416056 0.377211 2 0.418593 0.376756 2 0.415715 0.382451 2 0.420304 0.381779 2 0.413567 0.389141 2 0.422143 0.388973 2 0.412087 0.393242 2 0.423059 0.395018 2 0.417203 0.396720 2 0.420131 0.396341 2 0.417789 0.406766 2 0.420160 0.406414 2 0.418684 0.416210 2 0.420963 0.415897 2
0 0.414435 0.393519 0.010417 0.056878 0.411338 0.389460 1 0.411242 0.388655 1 0.411012 0.388845 1 0.410604 0.389022 1 0.410755 0.389303 2 0.411383 0.392420 2 0.412271 0.392547 2 0.414214 0.392324 2 0.415425 0.391571 2 0.414649 0.389947 2 0.415816 0.389397 2 0.412709 0.404045 2 0.413222 0.404109 2 0.413337 0.412966 2 0.413907 0.412827 2 0.413758 0.420770 2 0.414258 0.421347 2
0 0.345982 0.492063 0.013393 0.058201 0.345922 0.473270 1 0.345810 0.472013 1 0.346180 0.471782 1 0.344920 0.472644 2 0.348222 0.471899 2 0.344511 0.480777 2 0.349741 0.479036 2 0.343674 0.489233 2 0.352064 0.486812 2 0.344424 0.495496 1 0.352021 0.494198 2 0.346000 0.497519 2 0.349600 0.496594 2 0.346871 0.508869 2 0.350235 0.506698 2 0.347075 0.519562 2 0.351145 0.517484 2
