0 0.587240 0.872354 0.009301 0.044974 0.585516 0.853841 2 0.585671 0.853045 2 0.585762 0.853093 1 0.586694 0.852839 2 0.587178 0.852798 1 0.587686 0.857859 2 0.588746 0.857381 2 0.587973 0.865637 2 0.588854 0.865001 1 0.585056 0.870425 2 0.585877 0.869418 1 0.588512 0.872793 2 0.588395 0.872192 2 0.590171 0.882991 2 0.585495 0.881390 2 0.593509 0.892354 2 0.582195 0.890319 2
0 0.112351 0.937169 0.014137 0.050265 0.110279 0.918643 2 0.110861 0.917916 2 0.109835 0.917897 2 0.111945 0.918166 2 0.109022 0.918328 2 0.113066 0.922771 2 0.108661 0.924394 2 0.115303 0.926134 2 0.108243 0.929516 2 0.112301 0.924634 2 0.110353 0.926905 2 0.112549 0.937576 2 0.109082 0.938257 2 0.113511 0.947141 2 0.108645 0.949012 2 0.117318 0.956475 2 0.106680 0.959938 2
0 0.180618 0.861111 0.012277 0.044974 0.178406 0.849598 2 0.178886 0.848523 2 0.178516 0.848542 1 0.180616 0.848749 2 0.179606 0.848648 1 0.182046 0.854776 2 0.180141 0.854256 2 0.182655 0.862935 2 0.177780 0.859275 2 0.182041 0.867415 2 0.176492 0.855198 2 0.181269 0.869456 2 0.179665 0.868917 2 0.181619 0.878589 2 0.177300 0.877722 2 0.182796 0.885537 2 0.175260 0.885835 2
0 0.194196 0.971230 0.014137 0.035053 0.195792 0.959377 2 0.196244 0.958129 2 0.195222 0.958313 2 0.197113 0.957766 2 0.194390 0.958206 2 0.198872 0.963028 2 0.193075 0.963118 2 0.201069 0.969040 2 0.189835 0.968119 2 0.198051 0.974465 2 0.189592 0.974255 2 0.197116 0.977346 2 0.193247 0.976987 2 0.196831 0.984582 2 0.189973 0.984688 2 0.194700 0.993467 1 0.188571 0.993175 1
0 0.201265 0.969246 0.008929 0.048280 0.201668 0.952009 2 0.202289 0.951108 2 0.201140 0.951006 2 0.203150 0.951802 2 0.200236 0.951543 2 0.203906 0.957292 2 0.198991 0.956814 2 0.203296 0.964362 2 0.198159 0.963144 2 0.200277 0.967017 2 0.200917 0.964059 2 0.202900 0.970329 2 0.199398 0.970321 2 0.203498 0.982339 2 0.199814 0.982429 2 0.204891 0.994389 2 0.200780 0.994704 2
0 0.279018 0.794312 0.008185 0.034392 0.280051 0.780827 1 0.279950 0.780051 1 0.280054 0.780009 1 0.278743 0.780413 2 0.280483 0.780335 2 0.277547 0.785243 2 0.281342 0.785164 2 0.276123 0.790193 2 0.282424 0.791681 2 0.276575 0.794237 2 0.283179 0.796517 2 0.278414 0.796436 2 0.281072 0.796294 2 0.279111 0.804863 2 0.282222 0.803044 2 0.279553 0.812517 2 0.282984 0.810325 2
0 0.747582 0.766534 0.007812 0.031746 0.749163 0.751317 2 0.748862 0.750651 1 0.749114 0.750586 2 0.747218 0.750576 1 0.748320 0.750574 2 0.746145 0.753554 2 0.746995 0.753222 2 0.748110 0.758286 1 0.748977 0.757693 2 0.750968 0.761148 1 0.751600 0.761125 2 0.745996 0.764631 2 0.746513 0.765061 2 0.750861 0.768840 2 0.750820 0.768863 2 0.751321 0.777269 1 0.751498 0.776040 2
0 0.257812 0.785714 0.009673 0.031746 0.260041 0.774471 2 0.259926 0.773607 2 0.259534 0.773652 2 0.259059 0.774415 1 0.258241 0.774637 2 0.257630 0.779762 2 0.258991 0.780314 2 0.260302 0.784275 1 0.261653 0.785121 2 0.262495 0.784340 1 0.263140 0.784330 2 0.258176 0.791418 2 0.259130 0.792177 2 0.261906 0.792263 2 0.263457 0.793437 2 0.261712 0.801382 2 0.262228 0.801614 2
0 0.745722 0.758929 0.007812 0.025794 0.749174 0.751207 2 0.748846 0.750404 1 0.749086 0.750411 2 0.747287 0.750461 1 0.748271 0.750585 2 0.746138 0.753922 2 0.747161 0.753724 2 0.748575 0.758105 1 0.749477 0.757835 2 0.750568 0.758769 1 0.751116 0.759382 2 0.746001 0.766829 2 0.746662 0.767245 2 0.749549 0.768739 1 0.750384 0.769057 2 0.748888 0.773419 1 0.749901 0.771355 1
0 0.705915 0.864418 0.007812 0.041005 0.708041 0.851144 2 0.708422 0.850243 2 0.707488 0.850058 2 0.708154 0.850715 1 0.706231 0.850329 2 0.706356 0.855442 2 0.706344 0.855519 2 0.707258 0.861460 1 0.708954 0.860962 2 0.708137 0.860803 1 0.710458 0.855987 2 0.705767 0.869380 2 0.705673 0.869603 2 0.706146 0.880728 2 0.706326 0.881643 2 0.705767 0.890280 2 0.705277 0.890754 2
0 0.640253 0.936508 0.008185 0.050265 0.640612 0.918311 2 0.641264 0.917441 2 0.640155 0.917255 2 0.642211 0.917975 2 0.639494 0.917520 2 0.643175 0.923767 2 0.638274 0.922782 2 0.644438 0.929753 2 0.637300 0.929982 2 0.642399 0.923657 2 0.637466 0.936049 2 0.641845 0.938114 2 0.638506 0.937457 2 0.641601 0.949449 2 0.638094 0.948993 2 0.641777 0.959401 2 0.637881 0.958737 2
0 0.631138 0.901124 0.010045 0.052249 0.629396 0.880222 2 0.629757 0.879210 2 0.629535 0.879132 1 0.630848 0.879970 2 0.630619 0.879706 1 0.631898 0.886307 2 0.630438 0.885482 2 0.630519 0.893720 2 0.629460 0.893994 1 0.630045 0.889804 2 0.628541 0.898274 1 0.631228 0.899443 2 0.630109 0.898737 2 0.630465 0.910801 2 0.628801 0.909494 2 0.630114 0.921777 2 0.628945 0.920637 2
0 0.880394 0.979828 0.011533 0.036376 0.884475 0.967474 2 0.884747 0.966386 2 0.883746 0.966515 2 0.884173 0.966538 1 0.881801 0.966859 2 0.884405 0.971704 2 0.880296 0.972075 2 0.885298 0.978132 2 0.878600 0.979463 2 0.886040 0.980952 2 0.877230 0.987029 2 0.882843 0.987400 2 0.880582 0.987542 2 0.881222 0.996985 2 0.881689 0.996999 2 0.879464 0.999690 1 0.882243 0.999690 1
0 0.666667 0.881944 0.008185 0.040344 0.669526 0.865408 1 0.669271 0.864574 1 0.669577 0.864582 1 0.667568 0.864910 2 0.669796 0.865170 2 0.665951 0.869493 2 0.669923 0.870210 2 0.664369 0.875721 2 0.670878 0.877067 2 0.665108 0.880946 2 0.670821 0.881754 2 0.666622 0.882748 2 0.669287 0.883160 2 0.666996 0.892645 2 0.669303 0.893519 2 0.666607 0.902121 2 0.668969 0.902775 2
0 0.671875 0.852513 0.007440 0.034392 0.672845 0.841007 2 0.673461 0.840047 2 0.672243 0.839980 2 0.674261 0.840391 2 0.671228 0.840196 2 0.675037 0.845739 2 0.670248 0.845464 2 0.675921 0.852138 2 0.669412 0.851292 2 0.674799 0.854163 2 0.670019 0.848239 2 0.673801 0.858474 2 0.670587 0.858145 2 0.673371 0.869088 2 0.670128 0.867851 2 0.673196 0.876049 2 0.669741 0.874595 2
0 0.847656 0.652447 0.006324 0.024471 0.847705 0.643482 1 0.847699 0.642883 1 0.847840 0.642978 1 0.847289 0.643052 2 0.848489 0.643239 2 0.846665 0.646008 2 0.848752 0.646344 2 0.845593 0.648900 2 0.849176 0.649683 2 0.845690 0.650225 2 0.848742 0.651755 2 0.846569 0.652929 2 0.847903 0.653032 2 0.846453 0.657716 2 0.847280 0.657713 2 0.846447 0.663021 2 0.847163 0.662847 2
0 0.875930 0.732804 0.007068 0.019841 0.876552 0.727057 1 0.876523 0.726412 1 0.876784 0.726440 1 0.876281 0.726504 2 0.877957 0.726489 2 0.875723 0.729495 2 0.878459 0.729683 2 0.874412 0.732603 2 0.879139 0.733606 2 0.874260 0.735117 1 0.879204 0.738550 1 0.876256 0.738370 2 0.878041 0.738488 2 0.876228 0.744289 2 0.877791 0.744586 2 0.876102 0.746559 1 0.877846 0.746559 1
0 0.755208 0.871362 0.007440 0.042989 0.757051 0.855391 1 0.756867 0.854528 1 0.756878 0.854659 1 0.756008 0.855130 1 0.756464 0.855450 2 0.756069 0.860348 2 0.755842 0.860752 2 0.757019 0.865931 1 0.756332 0.866919 2 0.758491 0.867435 1 0.758287 0.868822 2 0.755780 0.871922 2 0.755445 0.872142 2 0.756233 0.879492 2 0.755532 0.879776 2 0.754155 0.886679 2 0.752520 0.886736 2
0 0.704985 0.924272 0.012649 0.049603 0.706046 0.906997 2 0.706608 0.905669 2 0.705434 0.905938 2 0.707589 0.904871 2 0.704660 0.905341 2 0.708868 0.910845 2 0.703318 0.910114 2 0.709494 0.918330 2 0.702621 0.918046 2 0.711142 0.924181 2 0.703194 0.924489 2 0.707888 0.926697 2 0.704081 0.926025 2 0.707152 0.939121 2 0.702916 0.935654 2 0.706957 0.949461 2 0.703101 0.942799 2
0 0.282924 0.823743 0.007068 0.036376 0.281735 0.810995 1 0.281766 0.810147 1 0.281965 0.810141 1 0.282175 0.810406 2 0.284200 0.810169 1 0.282517 0.814679 2 0.285358 0.814422 2 0.282038 0.819487 2 0.286012 0.819644 1 0.280892 0.821098 1 0.284214 0.821000 1 0.282738 0.826039 2 0.284906 0.825657 2 0.280173 0.834132 2 0.283665 0.834017 2 0.279082 0.842507 2 0.284227 0.841727 2
0 0.802269 0.885251 0.009301 0.042989 0.803948 0.868190 2 0.803712 0.867192 1 0.803797 0.867215 2 0.802545 0.867545 1 0.803075 0.867652 2 0.802804 0.873277 2 0.802216 0.873151 2 0.804930 0.881225 2 0.803364 0.879263 2 0.805086 0.886605 2 0.804774 0.879687 2 0.802699 0.887553 2 0.802321 0.887597 2 0.802858 0.896858 2 0.802260 0.897318 2 0.802516 0.905675 2 0.801993 0.905934 2
0 0.933594 0.756614 0.007812 0.026455 0.935857 0.748077 1 0.935592 0.747314 1 0.935835 0.747450 1 0.933869 0.747264 2 0.935551 0.747737 2 0.932035 0.750896 2 0.935488 0.751527 2 0.931028 0.755891 2 0.936858 0.756323 2 0.930709 0.760056 2 0.937928 0.759480 2 0.932053 0.760480 2 0.934406 0.761069 2 0.933532 0.763429 2 0.936543 0.764309 2 0.932848 0.766529 2 0.936040 0.766466 2
0 0.729167 0.750661 0.009673 0.033069 0.729614 0.740733 2 0.729363 0.740053 1 0.729562 0.740111 2 0.728319 0.739820 1 0.729094 0.740005 2 0.727689 0.742356 2 0.728689 0.743030 2 0.729875 0.746207 2 0.730900 0.747293 2 0.731972 0.747117 2 0.732885 0.747861 2 0.728462 0.751566 2 0.729028 0.752356 2 0.731710 0.755242 2 0.732421 0.756761 2 0.730220 0.759658 2 0.730580 0.760778 2
0 0.164435 0.780754 0.009673 0.035053 0.163966 0.767104 1 0.163694 0.766388 1 0.163859 0.766397 1 0.162393 0.766353 1 0.163153 0.766531 2 0.162265 0.769393 2 0.162028 0.769974 2 0.164245 0.773944 1 0.163813 0.774929 2 0.166231 0.774987 1 0.165838 0.776741 2 0.161686 0.780634 2 0.161431 0.781130 2 0.163211 0.787838 2 0.162200 0.789142 2 0.162725 0.795638 2 0.162154 0.797270 2
0 0.340588 0.798942 0.010045 0.038360 0.343367 0.784721 2 0.342983 0.783836 1 0.343196 0.783898 2 0.341428 0.783815 1 0.341872 0.784110 2 0.340749 0.787726 2 0.340096 0.789007 2 0.343861 0.791368 2 0.342623 0.794974 2 0.346623 0.793439 2 0.345963 0.796271 2 0.341186 0.799494 2 0.340643 0.800776 2 0.345622 0.801940 2 0.345283 0.803738 2 0.344047 0.811092 2 0.343721 0.811605 2
0 0.788504 0.760251 0.010789 0.032407 0.790374 0.749333 1 0.790160 0.748542 1 0.790428 0.748712 1 0.788513 0.748634 2 0.790580 0.749167 2 0.786821 0.752427 2 0.790761 0.753426 2 0.785682 0.756232 2 0.791949 0.758142 2 0.785947 0.759375 1 0.792111 0.757362 1 0.786646 0.764051 2 0.789344 0.764593 2 0.788231 0.766878 2 0.791607 0.766500 2 0.787519 0.773444 1 0.790732 0.772112 2
0 0.607701 0.870701 0.010045 0.052249 0.607322 0.855046 2 0.607829 0.853942 2 0.607275 0.853956 2 0.609052 0.854163 2 0.607776 0.854109 1 0.609662 0.859839 2 0.608535 0.858858 2 0.608765 0.867812 2 0.607919 0.866655 2 0.606240 0.872828 2 0.606050 0.871573 2 0.609775 0.872401 2 0.608371 0.871429 2 0.611148 0.882952 2 0.605663 0.879441 2 0.613377 0.893342 2 0.605253 0.888556 2
0 0.821615 0.974206 0.010045 0.038360 0.823729 0.965062 2 0.824344 0.964268 2 0.823445 0.963639 2 0.824499 0.963892 1 0.822045 0.962441 2 0.823750 0.967841 2 0.819674 0.967420 2 0.824364 0.975314 2 0.819502 0.976256 2 0.822062 0.976485 2 0.824374 0.977159 2 0.822254 0.980524 2 0.819609 0.980767 2 0.822504 0.982060 2 0.820880 0.982696 2 0.823514 0.993821 2 0.822363 0.995463 2
0 0.895647 0.976521 0.014509 0.045635 0.895796 0.959731 2 0.896654 0.958684 2 0.895088 0.958328 2 0.897559 0.959454 2 0.893807 0.958396 2 0.897931 0.966794 2 0.892108 0.965556 2 0.898592 0.975844 2 0.890510 0.974018 2 0.899494 0.984488 2 0.892892 0.979792 2 0.896244 0.983794 2 0.892721 0.983416 2 0.894948 0.996703 2 0.894272 0.996317 2 0.892025 0.999054 1 0.892549 0.999776 1
0 0.765811 0.895172 0.013021 0.046958 0.769428 0.879275 2 0.769579 0.878148 1 0.769082 0.878216 2 0.769187 0.877014 1 0.767735 0.877280 2 0.767538 0.881256 2 0.766602 0.882337 2 0.767947 0.887872 1 0.766366 0.890563 2 0.768894 0.893316 1 0.766559 0.897242 2 0.766284 0.891919 2 0.765511 0.892703 2 0.767889 0.899738 2 0.766306 0.901172 2 0.768138 0.908709 2 0.763671 0.909090 2
0 0.198847 0.789352 0.011533 0.033730 0.200901 0.779503 2 0.200634 0.778741 1 0.200832 0.778711 2 0.199475 0.778802 1 0.199951 0.778799 2 0.199769 0.782521 2 0.197537 0.783376 2 0.201550 0.786350 2 0.197162 0.789796 2 0.204633 0.787204 2 0.200975 0.790028 2 0.199196 0.794174 2 0.197702 0.795022 2 0.200726 0.801492 2 0.198962 0.801986 2 0.200154 0.808887 1 0.198488 0.808970 1
0 0.044085 0.842262 0.013765 0.040344 0.045321 0.830886 2 0.045659 0.829892 2 0.044822 0.829855 2 0.045811 0.829469 1 0.043451 0.829385 2 0.045426 0.833003 2 0.041089 0.833484 2 0.047819 0.838787 2 0.041031 0.839662 2 0.049227 0.840761 2 0.044505 0.841271 2 0.043771 0.843860 2 0.040536 0.844850 2 0.049048 0.846933 2 0.043651 0.849825 2 0.047585 0.857122 2 0.041466 0.859454 2
0 0.062686 0.823743 0.014509 0.036376 0.063580 0.810704 2 0.063319 0.809856 1 0.063204 0.809950 2 0.062317 0.810553 1 0.061897 0.810918 2 0.062832 0.814880 2 0.060121 0.816480 2 0.065782 0.818942 2 0.061901 0.823698 2 0.069464 0.822004 2 0.065371 0.826451 2 0.062637 0.827057 2 0.060780 0.828445 2 0.067290 0.831071 2 0.065416 0.832576 2 0.065629 0.841667 2 0.065040 0.842578 2
0 0.863653 0.749008 0.012277 0.041667 0.863132 0.736704 2 0.863570 0.735876 2 0.862927 0.735981 1 0.864595 0.736183 2 0.863030 0.736387 1 0.865056 0.740096 2 0.863825 0.740317 2 0.864744 0.744865 2 0.863562 0.746037 2 0.863429 0.744475 2 0.863211 0.749731 2 0.866043 0.749197 2 0.864817 0.749039 2 0.865199 0.755235 2 0.861802 0.754592 2 0.866645 0.763723 2 0.860915 0.762993 2
0 0.856213 0.746362 0.012277 0.037698 0.856182 0.732055 2 0.856629 0.731390 2 0.855905 0.731471 2 0.857336 0.732174 2 0.855929 0.732229 1 0.857791 0.736799 2 0.855654 0.736484 2 0.859010 0.741604 2 0.853579 0.739677 2 0.859380 0.747321 2 0.853555 0.739840 2 0.856975 0.746927 2 0.856096 0.746746 2 0.855034 0.753894 2 0.856996 0.753808 2 0.854131 0.761011 2 0.857193 0.760691 2
0 0.728795 0.939153 0.012649 0.054233 0.729641 0.916423 1 0.729679 0.915325 1 0.729914 0.915341 1 0.729136 0.916028 2 0.731992 0.915860 2 0.727963 0.923017 2 0.734241 0.922627 2 0.727033 0.932227 2 0.735743 0.931491 2 0.725981 0.940534 2 0.735491 0.939666 1 0.729064 0.940872 2 0.733366 0.940599 2 0.729143 0.952107 2 0.733397 0.952099 2 0.729809 0.962456 2 0.732799 0.962618 2
0 0.865327 0.906746 0.007440 0.055556 0.865238 0.885660 2 0.865747 0.884807 2 0.865483 0.884551 1 0.866874 0.886092 2 0.866655 0.885419 1 0.866835 0.892623 2 0.866381 0.891640 2 0.865810 0.900409 2 0.865181 0.898897 1 0.863866 0.903650 2 0.863458 0.902034 1 0.866258 0.905528 2 0.866020 0.904959 2 0.865497 0.916213 2 0.865312 0.915757 2 0.865344 0.927666 2 0.865531 0.926844 2
0 0.985863 0.852183 0.009673 0.039021 0.988125 0.837937 1 0.988027 0.836924 1 0.988400 0.837268 1 0.986934 0.837116 2 0.989470 0.837928 2 0.985145 0.841908 2 0.989611 0.843633 2 0.982807 0.847900 2 0.989302 0.851417 2 0.981051 0.853516 2 0.988619 0.857359 2 0.983852 0.855182 2 0.986902 0.855859 2 0.982878 0.864781 2 0.986408 0.866458 2 0.981614 0.874705 2 0.985074 0.876298 2
0 0.993676 0.852513 0.007440 0.039683 0.994008 0.836284 1 0.994098 0.835200 1 0.994302 0.835296 1 0.994104 0.836194 2 0.996496 0.836258 2 0.993481 0.842852 2 0.997645 0.843443 2 0.992393 0.850299 2 0.998314 0.850933 2 0.993434 0.852607 2 0.996388 0.853681 2 0.993161 0.856613 2 0.996216 0.856737 2 0.991446 0.865285 2 0.994933 0.867280 2 0.989327 0.874226 2 0.994045 0.877020 2
