0 0.564732 0.399471 0.043155 0.132275 0.567736 0.347223 1 0.567666 0.344453 1 0.568379 0.344978 1 0.566281 0.345678 2 0.573676 0.346294 2 0.564353 0.360483 2 0.577901 0.362466 2 0.558550 0.378234 2 0.581011 0.383439 2 0.552181 0.394371 2 0.582020 0.400342 2 0.565077 0.402851 2 0.574215 0.403117 2 0.559032 0.429081 2 0.570124 0.431046 2 0.556431 0.457139 2 0.568800 0.461102 2
0 0.665179 0.182540 0.017857 0.068783 0.669994 0.154460 1 0.670050 0.153073 1 0.670427 0.153263 1 0.669439 0.153900 2 0.672860 0.153984 2 0.668273 0.161661 2 0.674356 0.161905 2 0.666626 0.172516 2 0.675299 0.173191 2 0.665294 0.181756 2 0.675119 0.181914 2 0.668849 0.181222 2 0.672873 0.181254 2 0.668300 0.196896 2 0.671825 0.196932 2 0.667925 0.211618 2 0.670423 0.211551 2
0 0.598214 0.468915 0.047619 0.157407 0.597973 0.410914 1 0.598339 0.407833 1 0.598435 0.408238 1 0.597038 0.410217 2 0.604598 0.409978 2 0.595152 0.429472 2 0.609122 0.428673 2 0.594022 0.453667 2 0.612291 0.453644 2 0.596703 0.468912 2 0.610911 0.470713 2 0.598159 0.474349 2 0.609279 0.473745 2 0.590345 0.503537 2 0.610787 0.502269 2 0.587091 0.535557 2 0.614442 0.533011 2
0 0.592634 0.363757 0.045387 0.100529 0.568328 0.347512 1 0.568273 0.344999 1 0.568990 0.345334 1 0.566794 0.346026 2 0.573450 0.346525 2 0.564711 0.360831 2 0.577891 0.361833 2 0.561012 0.378742 2 0.580741 0.383150 2 0.563222 0.383686 1 0.581004 0.401742 2 0.565153 0.404428 2 0.573745 0.404118 2 0.561591 0.430914 1 0.569225 0.431218 2 0.563608 0.433146 1 0.568771 0.433862 1
0 0.376488 0.415344 0.026786 0.150794 0.372848 0.395706 1 0.371831 0.393141 1 0.372206 0.392943 2 0.367409 0.395286 1 0.369157 0.395202 2 0.368471 0.407497 2 0.365367 0.409878 2 0.374288 0.423954 2 0.371519 0.425052 2 0.377189 0.424095 2 0.374932 0.406791 2 0.371402 0.440015 2 0.368901 0.442121 2 0.373650 0.470911 2 0.369607 0.474822 2 0.370393 0.498853 2 0.368708 0.503303 2
0 0.492932 0.523148 0.037946 0.167989 0.504506 0.466418 1 0.504484 0.463028 1 0.505061 0.463330 1 0.501244 0.465070 2 0.510331 0.465381 2 0.497308 0.485432 2 0.513617 0.486504 2 0.492775 0.509131 2 0.516572 0.513519 2 0.490162 0.528228 2 0.518107 0.532024 2 0.499464 0.533063 2 0.511506 0.533439 2 0.496238 0.566407 2 0.513961 0.566999 2 0.493376 0.601614 2 0.514459 0.600872 2
0 0.375000 0.444444 0.026786 0.140212 0.372958 0.395370 2 0.372200 0.392859 1 0.372105 0.392664 2 0.368310 0.395060 1 0.368823 0.394873 2 0.369502 0.407113 2 0.365300 0.409212 2 0.374944 0.422841 2 0.372167 0.422192 2 0.376904 0.421676 2 0.376008 0.404961 2 0.372110 0.440610 2 0.368657 0.442874 2 0.375958 0.469061 2 0.370705 0.474579 2 0.371453 0.496578 2 0.368675 0.503683 2
0 0.644717 0.349868 0.034970 0.101852 0.633694 0.314711 2 0.634329 0.312572 2 0.633702 0.312620 1 0.637762 0.312785 2 0.636161 0.312405 1 0.644190 0.321974 2 0.639178 0.319246 2 0.651527 0.336895 2 0.637322 0.329548 2 0.654115 0.351940 2 0.631526 0.337566 2 0.652921 0.339701 2 0.649537 0.337706 2 0.646282 0.360629 2 0.641610 0.353914 2 0.652219 0.385574 2 0.644923 0.376426 2
0 0.452009 0.417328 0.030506 0.144180 0.459180 0.367527 2 0.459927 0.364805 2 0.458070 0.364968 2 0.457031 0.367091 1 0.455050 0.366593 2 0.455584 0.380166 2 0.452413 0.382178 2 0.455041 0.398128 2 0.450045 0.405003 2 0.459089 0.413132 2 0.454218 0.422911 2 0.451594 0.419607 2 0.451776 0.420443 2 0.445322 0.448483 2 0.459809 0.449188 2 0.434000 0.471252 2 0.464157 0.481610 2
0 0.349702 0.427249 0.034226 0.156085 0.347376 0.372449 1 0.345874 0.370119 1 0.346799 0.369862 1 0.338738 0.373998 1 0.345385 0.373937 2 0.335337 0.391986 2 0.347906 0.392373 2 0.334705 0.413082 2 0.352300 0.412732 2 0.341008 0.420769 1 0.356409 0.419287 2 0.339637 0.433398 2 0.347788 0.434506 2 0.344671 0.463927 2 0.350795 0.465638 2 0.343026 0.491077 2 0.346563 0.496853 2
0 0.133929 0.369709 0.038690 0.128307 0.131261 0.328106 2 0.132423 0.325447 2 0.130068 0.325633 2 0.134212 0.322296 2 0.127782 0.322853 2 0.137673 0.330084 2 0.125003 0.332840 2 0.143634 0.342646 2 0.121229 0.348347 2 0.139374 0.348807 2 0.126799 0.350888 2 0.139405 0.364865 2 0.130865 0.366744 2 0.143426 0.391400 2 0.132650 0.393707 2 0.148119 0.417228 2 0.134237 0.419929 2
0 0.221354 0.341931 0.026042 0.109788 0.220538 0.299265 2 0.221894 0.297242 2 0.220304 0.297130 2 0.224594 0.298584 2 0.221220 0.298353 1 0.224667 0.310026 2 0.221744 0.309456 2 0.220310 0.321972 2 0.217983 0.320789 1 0.217902 0.315008 2 0.217457 0.314104 1 0.223671 0.341555 2 0.221596 0.341152 2 0.222479 0.365072 2 0.221887 0.364000 2 0.227745 0.386675 2 0.227023 0.386733 2
0 0.550595 0.205026 0.020833 0.087302 0.553488 0.177786 1 0.553510 0.176308 1 0.553795 0.176479 1 0.551896 0.177408 2 0.556086 0.177813 2 0.550305 0.185275 2 0.558104 0.188361 2 0.547376 0.196718 2 0.559778 0.197145 2 0.545592 0.203017 2 0.557532 0.201917 2 0.549891 0.207100 2 0.555320 0.209264 2 0.547824 0.214967 2 0.554247 0.225458 2 0.545438 0.225301 2 0.552638 0.242784 2
0 0.946801 0.309524 0.039435 0.124339 0.960714 0.268064 1 0.959846 0.265123 1 0.960247 0.265624 1 0.953371 0.263985 1 0.958170 0.265949 2 0.946475 0.274862 2 0.957770 0.279633 2 0.940855 0.289893 2 0.961707 0.295408 2 0.943785 0.300867 2 0.963530 0.295003 2 0.941971 0.311250 2 0.949288 0.313757 2 0.941822 0.333824 2 0.947932 0.339455 2 0.936217 0.355025 2 0.942899 0.362534 2
0 0.790551 0.275794 0.026042 0.104497 0.790878 0.240233 2 0.791098 0.238450 2 0.789966 0.238173 2 0.790399 0.239393 1 0.786936 0.238624 2 0.789355 0.249251 2 0.783071 0.248121 2 0.788707 0.262962 2 0.780442 0.262497 2 0.790879 0.271383 2 0.786121 0.271622 2 0.787383 0.270095 2 0.782771 0.270676 2 0.797131 0.278461 2 0.790700 0.278920 2 0.794789 0.298669 2 0.788699 0.300003 2
0 0.808036 0.270503 0.023810 0.093915 0.809611 0.239901 2 0.809594 0.238085 1 0.809044 0.238011 2 0.808000 0.238328 1 0.807118 0.238418 2 0.807809 0.246407 2 0.803456 0.248088 2 0.810874 0.259199 2 0.806625 0.262333 2 0.814455 0.267220 2 0.812643 0.271582 2 0.807854 0.268168 2 0.804896 0.270461 2 0.815414 0.274227 2 0.812092 0.279757 2 0.813850 0.294858 2 0.813938 0.300550 2
0 0.847842 0.877646 0.060268 0.228836 0.866548 0.807920 2 0.869104 0.803046 2 0.863717 0.802891 2 0.871432 0.802287 1 0.856690 0.800642 2 0.872870 0.826291 2 0.849753 0.820338 2 0.872846 0.858313 2 0.851627 0.853346 2 0.867264 0.838709 2 0.863054 0.866675 2 0.863887 0.884653 2 0.847182 0.880429 2 0.856186 0.929516 2 0.838668 0.923202 2 0.850194 0.969843 2 0.830040 0.963917 2
0 0.538318 0.325397 0.026042 0.108466 0.536548 0.283536 2 0.536832 0.281001 2 0.536062 0.281638 1 0.538866 0.278650 2 0.537431 0.280228 1 0.543534 0.286668 2 0.539667 0.287044 2 0.544923 0.301127 2 0.539873 0.302520 1 0.538286 0.297351 2 0.537244 0.303272 2 0.542299 0.316978 2 0.539713 0.316086 2 0.541663 0.341253 2 0.540689 0.338311 2 0.542243 0.362704 2 0.543290 0.358380 2
0 0.520461 0.298942 0.026042 0.095238 0.516744 0.265157 2 0.517929 0.263354 2 0.515970 0.263089 2 0.519898 0.264364 2 0.514895 0.263810 2 0.521348 0.275841 2 0.512884 0.275345 2 0.522529 0.288443 2 0.511830 0.288281 2 0.519872 0.298003 2 0.514051 0.298007 2 0.520020 0.301387 2 0.514407 0.301210 2 0.519661 0.321139 2 0.515053 0.320458 2 0.519659 0.341304 2 0.515324 0.339593 2
0 0.502604 0.162698 0.017113 0.063492 0.504758 0.137511 2 0.505367 0.136443 2 0.504204 0.136410 2 0.506477 0.136986 2 0.503249 0.136918 2 0.507821 0.144333 2 0.501782 0.143872 2 0.509120 0.153273 2 0.500133 0.152376 2 0.506292 0.156239 2 0.502136 0.158132 2 0.505976 0.160643 2 0.501375 0.160219 2 0.506676 0.173360 2 0.499222 0.173260 2 0.508313 0.186123 2 0.496413 0.186096 2
0 0.094494 0.313492 0.017857 0.068783 0.094177 0.295780 2 0.094827 0.293516 2 0.092875 0.294135 2 0.095849 0.293783 2 0.091417 0.295542 2 0.097498 0.300651 2 0.091790 0.303272 2 0.099645 0.308640 2 0.090693 0.314232 2 0.096882 0.309715 2 0.088613 0.326239 2 0.097558 0.318028 2 0.093350 0.318754 2 0.097784 0.325444 2 0.086063 0.326842 2 0.099192 0.337728 2 0.090266 0.337631 2
0 0.647321 0.143519 0.013393 0.070106 0.646607 0.115789 2 0.647315 0.114808 2 0.646123 0.114567 2 0.648288 0.115906 2 0.645392 0.115418 2 0.649097 0.123316 2 0.643677 0.122629 2 0.650036 0.131014 2 0.641473 0.129974 2 0.649192 0.132574 2 0.639136 0.132859 2 0.648005 0.141014 2 0.644068 0.140619 2 0.649018 0.155207 2 0.642687 0.154715 2 0.650252 0.167929 2 0.641793 0.166729 2
0 0.200149 0.139550 0.017857 0.048942 0.197524 0.124274 1 0.197512 0.123280 1 0.197856 0.123152 1 0.197609 0.123812 2 0.200334 0.123206 2 0.197932 0.129332 2 0.202418 0.128685 2 0.197012 0.136222 2 0.204221 0.135407 2 0.194133 0.141394 2 0.204364 0.139991 1 0.201399 0.143864 2 0.204261 0.143787 2 0.201995 0.155134 2 0.204722 0.155313 2 0.202937 0.165476 2 0.205400 0.165956 2
0 0.803943 0.201720 0.017113 0.062169 0.808213 0.182572 1 0.807712 0.181177 1 0.808253 0.181348 1 0.804762 0.181133 2 0.808172 0.181961 2 0.802381 0.187644 2 0.808138 0.188287 2 0.799461 0.193807 2 0.806234 0.193238 1 0.800539 0.196490 2 0.801924 0.192593 1 0.801895 0.204554 2 0.805700 0.204738 2 0.802705 0.215522 2 0.804246 0.215637 2 0.803136 0.226627 2 0.803405 0.226118 2
0 0.449033 0.110450 0.015625 0.056878 0.448317 0.092923 1 0.448467 0.091874 1 0.448693 0.091902 1 0.448433 0.092556 2 0.450749 0.092227 2 0.447737 0.098805 2 0.451801 0.097218 2 0.446614 0.105239 2 0.454008 0.098581 2 0.447108 0.110141 1 0.454092 0.094150 2 0.448911 0.111994 2 0.451466 0.111473 2 0.449190 0.122005 2 0.451046 0.121910 2 0.449628 0.131644 2 0.451538 0.130967 2
0 0.140253 0.103175 0.014137 0.050265 0.137365 0.086524 1 0.137262 0.085554 1 0.137491 0.085428 1 0.136662 0.085898 2 0.138727 0.085484 2 0.136457 0.091173 2 0.139893 0.090802 2 0.135736 0.097776 2 0.142037 0.097859 2 0.137337 0.102913 2 0.143947 0.104320 2 0.138531 0.104034 2 0.140706 0.103936 2 0.139193 0.114096 2 0.140744 0.113938 2 0.138924 0.123661 2 0.140614 0.124534 2
0 0.816964 0.167989 0.014881 0.047619 0.819429 0.155234 1 0.819559 0.154150 1 0.819852 0.154192 1 0.819756 0.154758 2 0.822228 0.154555 2 0.819298 0.161133 2 0.823212 0.160413 2 0.818212 0.167878 2 0.824382 0.165877 2 0.817960 0.167401 2 0.823196 0.166969 1 0.819188 0.174038 2 0.821786 0.173643 2 0.818414 0.182513 2 0.820564 0.182953 2 0.818096 0.190969 2 0.820406 0.191190 2
0 0.238467 0.105820 0.014137 0.044974 0.239000 0.086883 1 0.239126 0.085932 1 0.239363 0.085977 1 0.239945 0.085971 2 0.241522 0.085976 1 0.240291 0.090337 2 0.243081 0.090393 2 0.240312 0.097807 2 0.243507 0.098147 2 0.239517 0.101519 2 0.242222 0.101676 1 0.240907 0.103996 2 0.242683 0.103760 2 0.240096 0.115554 2 0.241049 0.115455 2 0.243256 0.126669 2 0.242843 0.126444 2
0 0.707961 0.138228 0.012649 0.048942 0.706471 0.125790 2 0.706958 0.124804 2 0.706085 0.124811 2 0.707771 0.124914 2 0.705535 0.124939 2 0.708255 0.130586 2 0.704825 0.130829 2 0.708393 0.137150 1 0.704512 0.137349 2 0.707747 0.143084 1 0.705227 0.143698 2 0.707121 0.142836 2 0.704511 0.142877 2 0.707083 0.151315 2 0.703167 0.151839 2 0.707197 0.159089 2 0.701102 0.159971 2
0 0.406994 0.125661 0.014881 0.063492 0.405613 0.103108 2 0.406114 0.102112 2 0.405800 0.101927 1 0.407758 0.103023 2 0.407436 0.102665 1 0.408449 0.109383 2 0.406819 0.108704 2 0.408773 0.117523 2 0.405830 0.115818 1 0.405571 0.122266 2 0.404404 0.118405 1 0.407583 0.124962 2 0.406973 0.124666 2 0.405626 0.136003 2 0.408374 0.136256 2 0.406203 0.146172 2 0.412495 0.143667 2
0 0.611235 0.282407 0.014137 0.056878 0.613174 0.264881 2 0.613869 0.263157 2 0.612507 0.263602 2 0.615910 0.262865 2 0.612430 0.263859 1 0.617678 0.269503 2 0.612748 0.271266 2 0.619783 0.278001 1 0.614400 0.280796 2 0.617691 0.279479 1 0.617777 0.280300 2 0.616784 0.288740 2 0.613352 0.289302 2 0.617274 0.301089 2 0.614994 0.302224 2 0.612355 0.312180 2 0.610137 0.312830 2
0 0.975074 0.264550 0.026042 0.108466 0.979892 0.233726 2 0.981133 0.231901 2 0.979128 0.231218 2 0.982402 0.231475 2 0.977309 0.229573 2 0.982900 0.241318 2 0.974834 0.238572 2 0.981130 0.256429 2 0.971963 0.251233 2 0.976585 0.267113 2 0.970043 0.264090 2 0.979795 0.265642 2 0.974569 0.263983 2 0.975651 0.284314 2 0.972155 0.282119 2 0.972050 0.301476 2 0.970268 0.301076 2
0 0.530506 0.090608 0.011905 0.033069 0.530444 0.100716 1 0.530161 0.099461 1 0.530813 0.099609 1 0.528405 0.099828 2 0.531831 0.100130 2 0.526769 0.107066 2 0.532808 0.107435 2 0.525229 0.112455 1 0.534323 0.112558 2 0.526148 0.111934 1 0.534232 0.112365 1 0.527939 0.112090 1 0.531841 0.112305 1 0.528623 0.107139 1 0.530640 0.107387 1 0.528473 0.108410 1 0.529968 0.109211 1
0 0.522321 0.220238 0.017857 0.078042 0.524456 0.191277 2 0.525003 0.189665 2 0.523442 0.189876 2 0.525544 0.190649 1 0.521345 0.190666 2 0.525358 0.201235 2 0.519888 0.200719 2 0.526274 0.212386 1 0.518948 0.213290 2 0.525859 0.213652 1 0.524597 0.212858 2 0.526082 0.224715 2 0.521929 0.224622 2 0.526686 0.244452 2 0.522716 0.242132 2 0.524109 0.262515 2 0.514699 0.257817 2
0 0.989955 0.281085 0.018601 0.123016 0.998987 0.219791 1 0.999356 0.217322 1 0.998887 0.217523 1 0.999371 0.219029 1 0.999263 0.219066 1 0.999670 0.234264 1 0.998157 0.233545 2 0.996064 0.254237 1 0.994212 0.252904 2 0.996012 0.256177 1 0.995154 0.256173 2 0.999112 0.272947 2 0.997554 0.272023 2 0.994832 0.298796 2 0.992851 0.296878 2 0.991518 0.324958 2 0.986989 0.324693 2
0 0.955729 0.174603 0.020089 0.063492 0.953376 0.153845 1 0.953418 0.152241 1 0.953925 0.152686 1 0.954419 0.152572 2 0.957172 0.153221 1 0.955383 0.158873 2 0.958826 0.159156 2 0.953841 0.170004 2 0.958565 0.169540 2 0.951457 0.178621 2 0.955431 0.176911 2 0.954941 0.174071 2 0.957115 0.173518 2 0.951753 0.185812 2 0.952061 0.186021 2 0.951376 0.204049 2 0.951238 0.204023 2
0 0.904762 0.185185 0.020833 0.044974 0.902466 0.175272 2 0.902943 0.173888 2 0.902279 0.174001 1 0.904458 0.173549 2 0.902739 0.173642 1 0.907257 0.178807 2 0.902061 0.177810 2 0.907169 0.188450 2 0.900759 0.184757 2 0.901888 0.194809 2 0.900965 0.191754 2 0.905586 0.192204 2 0.901838 0.191120 2 0.906433 0.188961 2 0.898684 0.187724 2 0.901182 0.196640 2 0.897143 0.196329 2
0 0.940476 0.193783 0.017857 0.035714 0.938090 0.182063 2 0.938842 0.180694 2 0.937874 0.180842 2 0.940816 0.181051 2 0.938314 0.181192 1 0.943598 0.186133 2 0.937835 0.186051 2 0.944091 0.194911 2 0.935336 0.192874 2 0.940285 0.197607 2 0.935282 0.194064 2 0.942303 0.199216 2 0.938502 0.198385 2 0.938333 0.198593 2 0.932617 0.198159 2 0.935979 0.203534 2 0.934256 0.205155 2
0 0.925967 0.189815 0.018601 0.035714 0.925790 0.186238 2 0.927926 0.183276 2 0.924255 0.183523 2 0.931730 0.185698 2 0.922435 0.185712 2 0.936706 0.206578 2 0.918604 0.204014 2 0.938487 0.213810 1 0.917192 0.212072 1 0.937097 0.201119 1 0.922336 0.201759 1 0.932034 0.209120 1 0.921554 0.207812 1 0.931590 0.199178 1 0.920166 0.195738 1 0.927350 0.201700 1 0.929712 0.196371 1
