0 0.025670 0.533730 0.040923 0.141534 0.023914 0.486021 2 0.025425 0.482474 2 0.021824 0.483556 2 0.028276 0.482143 2 0.019429 0.485158 2 0.033168 0.493314 2 0.018195 0.499099 2 0.041828 0.498428 2 0.010852 0.507776 2 0.038415 0.512408 2 0.014064 0.513018 2 0.035991 0.531378 2 0.027140 0.534740 2 0.039652 0.555008 2 0.030944 0.559857 2 0.041530 0.578602 2 0.037428 0.582431 2
0 0.700893 0.225529 0.020833 0.083333 0.704101 0.198252 1 0.703360 0.196330 1 0.703827 0.196567 2 0.700399 0.196135 1 0.702582 0.197097 2 0.699703 0.203548 2 0.700881 0.206118 2 0.701820 0.213022 1 0.701129 0.218288 2 0.707070 0.214233 1 0.706712 0.219646 2 0.699773 0.227099 2 0.700572 0.228739 2 0.702121 0.243129 2 0.699986 0.246372 2 0.698474 0.257054 2 0.697181 0.261491 2
0 0.925595 0.287037 0.025298 0.105820 0.930995 0.247962 2 0.931420 0.246091 2 0.930208 0.245401 2 0.930492 0.246581 1 0.926508 0.244499 2 0.927442 0.260142 2 0.920943 0.255225 2 0.925509 0.277544 2 0.914252 0.265760 2 0.926749 0.292920 2 0.915767 0.276971 2 0.923110 0.289158 2 0.918531 0.287433 2 0.920826 0.309046 2 0.913824 0.307490 2 0.918035 0.326627 2 0.908482 0.323027 2
0 0.670759 0.146164 0.012649 0.048942 0.673843 0.124671 2 0.674161 0.123609 1 0.673363 0.123650 2 0.674298 0.123707 1 0.672379 0.123797 2 0.674648 0.129296 2 0.671153 0.129313 2 0.675097 0.136041 2 0.669604 0.136040 2 0.674284 0.141425 2 0.669982 0.142295 2 0.673077 0.142358 2 0.670836 0.142227 2 0.672037 0.150995 2 0.670297 0.151184 2 0.671005 0.160220 2 0.669656 0.160667 2
0 0.269345 0.142196 0.016369 0.054233 0.265083 0.104497 1 0.265461 0.104497 1 0.264518 0.104497 1 0.265896 0.104497 1 0.263655 0.104497 1 0.267298 0.108231 2 0.262202 0.108880 2 0.269045 0.115604 2 0.261250 0.117278 2 0.268056 0.121694 2 0.261697 0.124334 2 0.266837 0.123876 2 0.263609 0.124159 2 0.266517 0.134138 2 0.264059 0.134402 2 0.266575 0.145823 2 0.265437 0.145503 2
0 0.084449 0.100529 0.014137 0.047619 0.079962 0.080681 1 0.080158 0.079479 1 0.080161 0.079627 1 0.081814 0.079967 2 0.082550 0.080119 1 0.083788 0.085899 2 0.083875 0.085714 2 0.081364 0.091614 2 0.081526 0.092450 1 0.079687 0.089590 2 0.080765 0.093505 1 0.085062 0.101984 2 0.085025 0.101580 2 0.085156 0.114415 2 0.084867 0.113429 2 0.085425 0.125399 2 0.085445 0.125730 2
0 0.135417 0.110450 0.016369 0.048942 0.133029 0.128925 1 0.132925 0.127986 1 0.133404 0.127990 1 0.131923 0.129064 2 0.135219 0.128946 2 0.130876 0.136522 2 0.136808 0.136382 2 0.129715 0.142776 2 0.138462 0.142355 1 0.130485 0.142090 1 0.137768 0.141179 1 0.132240 0.143684 1 0.136329 0.143684 1 0.131491 0.138854 1 0.136461 0.138807 1 0.131836 0.141414 1 0.136411 0.142277 1
0 0.596726 0.439153 0.041667 0.148148 0.598429 0.388311 2 0.600165 0.385472 2 0.596983 0.385429 2 0.602686 0.383342 2 0.593772 0.383164 2 0.604521 0.395300 2 0.589651 0.396148 2 0.608559 0.411512 2 0.586960 0.418067 2 0.612638 0.430401 2 0.585769 0.438129 2 0.602906 0.431096 2 0.591566 0.431272 2 0.607158 0.463729 2 0.586066 0.460963 2 0.612110 0.492998 2 0.580183 0.487737 2
0 0.894717 0.269180 0.024554 0.056878 0.902391 0.256525 2 0.903518 0.255142 2 0.901628 0.253914 2 0.904359 0.255155 1 0.899520 0.252517 2 0.903149 0.260422 2 0.895578 0.258298 2 0.904077 0.273018 2 0.893495 0.274743 2 0.905565 0.279469 2 0.898170 0.283221 2 0.894316 0.275373 2 0.888699 0.274408 2 0.904908 0.275488 2 0.892681 0.273623 2 0.897726 0.284755 2 0.889279 0.285955 2
0 0.637649 0.184524 0.016369 0.072751 0.638066 0.156628 1 0.638040 0.155376 1 0.638470 0.155623 1 0.636999 0.156091 2 0.640660 0.156618 2 0.635199 0.162784 2 0.641779 0.163655 2 0.633051 0.172756 2 0.642299 0.173253 2 0.632379 0.183082 2 0.640321 0.180817 2 0.634528 0.182157 2 0.638760 0.182363 2 0.634998 0.198059 2 0.636763 0.199414 2 0.634531 0.214076 2 0.633906 0.215432 2
0 0.739583 0.475529 0.032738 0.170635 0.734986 0.413976 2 0.736279 0.410208 2 0.735762 0.411846 1 0.741873 0.410580 2 0.742361 0.413126 1 0.738880 0.431045 2 0.750173 0.428937 2 0.734108 0.453039 2 0.754034 0.454748 2 0.727749 0.456228 2 0.754687 0.470569 2 0.740279 0.476136 2 0.746749 0.472912 2 0.736099 0.510109 2 0.738874 0.498432 2 0.740833 0.549957 2 0.731710 0.524704 2
0 0.524926 0.536376 0.039435 0.144180 0.536106 0.491619 2 0.537549 0.487649 2 0.534408 0.488059 2 0.538436 0.484507 1 0.529331 0.485998 2 0.533474 0.493051 2 0.521845 0.500069 2 0.531779 0.508476 2 0.515004 0.521889 2 0.535432 0.523888 2 0.519412 0.542915 2 0.521111 0.517612 2 0.512541 0.522759 2 0.533591 0.538620 2 0.520229 0.554917 2 0.531367 0.567295 2 0.512980 0.588841 2
0 0.443824 0.458333 0.034970 0.152116 0.459137 0.401113 2 0.458945 0.397713 1 0.457728 0.398279 2 0.454022 0.398124 1 0.452282 0.399375 2 0.446710 0.413563 2 0.451360 0.416145 2 0.451594 0.436190 2 0.448900 0.446400 2 0.461220 0.431512 2 0.450393 0.468186 2 0.443386 0.458808 2 0.448696 0.460358 2 0.442774 0.490475 2 0.458124 0.493378 2 0.439353 0.524414 2 0.457623 0.529162 2
0 0.306176 0.662698 0.049851 0.224868 0.306380 0.574550 1 0.303834 0.571652 1 0.305490 0.571467 1 0.294089 0.574998 2 0.302931 0.575255 2 0.287115 0.601736 2 0.310456 0.598229 2 0.283013 0.630354 2 0.319556 0.624724 2 0.279982 0.642670 2 0.323503 0.648045 2 0.297256 0.659017 2 0.311016 0.657499 2 0.301630 0.703068 2 0.305945 0.696957 2 0.315426 0.740082 2 0.301084 0.730902 2
0 0.410342 0.538360 0.030506 0.171958 0.418943 0.475705 2 0.418835 0.471891 2 0.417548 0.471957 2 0.416290 0.471011 1 0.411639 0.471339 2 0.414512 0.486164 2 0.407139 0.490061 2 0.415895 0.505695 2 0.407516 0.518246 2 0.418836 0.523524 2 0.414176 0.536748 2 0.412564 0.528222 2 0.407274 0.530249 2 0.413012 0.564550 2 0.406377 0.567287 2 0.411985 0.596617 2 0.404793 0.602128 2
0 0.635789 0.540344 0.064732 0.138889 0.616339 0.515558 2 0.618774 0.511954 2 0.614706 0.510777 2 0.622806 0.509949 2 0.612806 0.506953 2 0.626439 0.526893 2 0.614168 0.515641 2 0.624787 0.559749 2 0.607013 0.532213 2 0.623320 0.576323 2 0.600435 0.550869 2 0.633450 0.554980 2 0.623886 0.549630 2 0.641551 0.584714 2 0.617821 0.577717 2 0.652955 0.585590 2 0.623175 0.582845 2
0 0.622768 0.595899 0.080357 0.181217 0.610377 0.540734 1 0.610969 0.537440 1 0.610434 0.538822 1 0.606021 0.539990 2 0.615418 0.542512 2 0.599349 0.555945 2 0.619345 0.563148 2 0.595164 0.574348 2 0.622361 0.587636 2 0.603992 0.572135 2 0.624247 0.585234 2 0.595686 0.600563 2 0.613358 0.604175 2 0.584431 0.619418 2 0.628783 0.627116 2 0.574654 0.656062 2 0.637208 0.668802 2
0 0.817708 0.611111 0.047619 0.206349 0.811096 0.536409 2 0.813190 0.533642 2 0.811463 0.532598 1 0.819789 0.535500 2 0.813990 0.533121 1 0.830111 0.556366 2 0.812104 0.555789 2 0.838703 0.587045 2 0.811318 0.577731 2 0.839329 0.616887 2 0.809505 0.582414 2 0.827109 0.612916 2 0.813395 0.612425 2 0.829014 0.649379 2 0.808349 0.651417 2 0.832684 0.678898 2 0.800219 0.691215 2
0 0.478795 0.469577 0.040923 0.164021 0.485306 0.405759 2 0.486932 0.402030 2 0.483627 0.402301 2 0.487927 0.400659 2 0.480209 0.400834 2 0.491054 0.414315 2 0.475530 0.415931 2 0.491878 0.435076 2 0.464908 0.432743 2 0.492349 0.456013 2 0.454301 0.441714 2 0.488701 0.462418 2 0.479788 0.463257 2 0.487334 0.493233 2 0.482227 0.494983 2 0.478651 0.517217 2 0.483553 0.524108 2
0 0.334821 0.344577 0.029762 0.125661 0.328250 0.290143 2 0.329611 0.287474 2 0.327034 0.288176 2 0.332479 0.288403 2 0.326725 0.289960 1 0.335316 0.302458 2 0.328088 0.303215 2 0.339485 0.319661 2 0.327460 0.318548 2 0.331106 0.320195 2 0.325769 0.320212 2 0.336673 0.333998 2 0.333252 0.334298 2 0.331285 0.358615 2 0.337892 0.358990 2 0.331340 0.388690 2 0.343000 0.384532 2
0 0.562500 0.306878 0.020833 0.116402 0.562307 0.256510 2 0.563252 0.254030 2 0.562647 0.254244 1 0.566639 0.255343 2 0.566578 0.255548 1 0.566424 0.268698 2 0.570577 0.268455 2 0.565768 0.288191 2 0.570969 0.285018 1 0.563552 0.301842 2 0.569358 0.295815 1 0.566861 0.299941 2 0.569915 0.299632 2 0.564372 0.322993 2 0.568421 0.324486 2 0.566070 0.344370 2 0.569565 0.345163 2
0 0.620164 0.304894 0.021577 0.107143 0.620078 0.265855 2 0.620818 0.264086 2 0.619909 0.263678 1 0.623902 0.265586 2 0.622084 0.264947 1 0.626744 0.276770 2 0.618125 0.274580 2 0.623663 0.289897 2 0.616836 0.288752 2 0.619922 0.279342 2 0.615300 0.298533 2 0.622584 0.303001 2 0.617614 0.301732 2 0.617703 0.323894 2 0.618940 0.325342 2 0.610824 0.350544 2 0.624267 0.347168 2
0 0.593750 0.290344 0.020833 0.120370 0.592991 0.239231 2 0.593847 0.236608 2 0.593106 0.236731 1 0.596921 0.237373 2 0.595849 0.237398 1 0.598485 0.250728 2 0.598318 0.249437 2 0.597094 0.270599 2 0.595880 0.263831 1 0.592204 0.287587 2 0.591795 0.272411 1 0.598055 0.280383 2 0.598181 0.279502 2 0.596789 0.304669 2 0.597047 0.303949 2 0.597795 0.328357 2 0.598012 0.327665 2
0 0.799851 0.279101 0.020833 0.089947 0.801335 0.244117 2 0.802371 0.242265 2 0.800447 0.241481 2 0.802688 0.242780 1 0.798007 0.240657 2 0.801014 0.253137 2 0.794118 0.250756 2 0.801440 0.268572 2 0.792701 0.267137 2 0.803789 0.276741 2 0.799754 0.276531 2 0.798961 0.275726 2 0.794248 0.276106 2 0.809556 0.284767 2 0.804937 0.283782 2 0.806498 0.307741 2 0.803681 0.307027 2
0 0.822173 0.274471 0.025298 0.083333 0.819956 0.243789 2 0.820745 0.241739 2 0.818882 0.241404 2 0.820661 0.241733 1 0.816119 0.241142 2 0.819671 0.248215 2 0.813519 0.251002 2 0.823145 0.262430 2 0.818679 0.266051 2 0.827062 0.269961 2 0.825360 0.274571 2 0.819353 0.269704 2 0.815116 0.273181 2 0.829007 0.273619 2 0.824176 0.284268 2 0.826851 0.291382 2 0.827361 0.306570 2
0 0.543155 0.342593 0.023810 0.076720 0.546946 0.328039 2 0.548175 0.326134 1 0.546026 0.325557 2 0.549643 0.322751 1 0.543986 0.321699 2 0.550833 0.320216 2 0.539828 0.320907 2 0.555230 0.332696 2 0.535558 0.336399 2 0.550215 0.335610 2 0.542245 0.343934 2 0.545723 0.332609 2 0.537560 0.332893 2 0.553777 0.343105 2 0.530675 0.345102 2 0.551190 0.364013 2 0.530637 0.367983 2
0 0.509673 0.333995 0.026786 0.059524 0.511362 0.316617 1 0.511346 0.315475 1 0.511005 0.315317 1 0.510353 0.315374 1 0.509248 0.315146 2 0.509537 0.319272 2 0.507128 0.319365 2 0.510811 0.323135 1 0.505512 0.324227 2 0.511358 0.323489 2 0.508906 0.326149 2 0.508608 0.329841 2 0.507072 0.330296 2 0.509960 0.341918 2 0.508627 0.342696 2 0.508896 0.355234 2 0.507397 0.356144 2
0 0.462426 0.169974 0.018601 0.070106 0.462505 0.133965 2 0.463236 0.132723 2 0.462376 0.132708 1 0.464901 0.133252 2 0.462791 0.133270 1 0.466764 0.140098 2 0.462038 0.140597 2 0.469138 0.147166 2 0.460688 0.147484 2 0.466514 0.153401 2 0.460845 0.150495 2 0.466396 0.158676 2 0.463199 0.158693 2 0.465334 0.173534 2 0.461829 0.173610 2 0.467288 0.189071 2 0.462912 0.188740 2
0 0.132440 0.351852 0.017857 0.068783 0.131235 0.332934 2 0.132433 0.331156 2 0.130372 0.331157 2 0.134924 0.331549 2 0.129623 0.331528 1 0.137078 0.340308 2 0.129752 0.340578 2 0.139769 0.350056 2 0.130577 0.350453 2 0.141078 0.360041 2 0.130991 0.358740 2 0.137923 0.358322 2 0.132913 0.358562 2 0.139471 0.367363 2 0.133657 0.367163 2 0.140681 0.378135 2 0.134031 0.378649 2
0 0.046875 0.355159 0.037202 0.062169 0.050393 0.336319 2 0.051391 0.333956 2 0.048754 0.334649 2 0.053228 0.333120 2 0.046176 0.335322 2 0.055419 0.339387 2 0.043550 0.344416 2 0.062152 0.346877 2 0.038476 0.359257 2 0.058684 0.349736 2 0.036843 0.373108 2 0.055137 0.355607 2 0.046979 0.357940 2 0.059420 0.356337 2 0.042388 0.360960 2 0.062926 0.369687 2 0.042686 0.370754 2
0 0.604911 0.148810 0.016369 0.072751 0.604992 0.119519 2 0.605257 0.118075 2 0.604225 0.118101 2 0.605101 0.118695 1 0.602376 0.118684 2 0.605844 0.126228 2 0.600430 0.127020 2 0.606492 0.135762 2 0.599269 0.137069 2 0.607549 0.144646 2 0.602035 0.147226 2 0.606276 0.145457 2 0.602434 0.146425 2 0.607685 0.158406 2 0.601452 0.160850 2 0.606975 0.171272 2 0.600793 0.175159 2
0 0.133929 0.151455 0.016369 0.056878 0.132431 0.129807 1 0.132506 0.128717 1 0.132810 0.128627 1 0.131991 0.129648 2 0.135085 0.129270 2 0.130675 0.137198 2 0.136695 0.136309 2 0.129534 0.144924 2 0.138861 0.144021 2 0.130270 0.152086 2 0.139634 0.150595 2 0.133211 0.153164 2 0.137342 0.152847 2 0.134996 0.164592 2 0.139269 0.163082 2 0.136869 0.174014 2 0.141003 0.171140 2
0 0.791295 0.181878 0.014137 0.054233 0.792055 0.164265 2 0.792366 0.163384 2 0.792640 0.163425 1 0.793189 0.164507 2 0.794948 0.164238 1 0.792460 0.171587 2 0.796355 0.170928 2 0.790189 0.179047 2 0.796862 0.178104 2 0.787573 0.181235 2 0.793807 0.180657 2 0.792780 0.186524 2 0.794760 0.185907 2 0.791538 0.197762 2 0.791157 0.196968 2 0.794777 0.209373 2 0.789628 0.207978 2
0 0.386533 0.115741 0.014137 0.051587 0.385090 0.096133 1 0.385148 0.095011 1 0.385400 0.094913 1 0.385817 0.095117 2 0.388207 0.094682 1 0.385367 0.101319 2 0.390712 0.100823 2 0.384955 0.109233 2 0.391978 0.108644 2 0.384503 0.116493 2 0.391723 0.115677 2 0.386422 0.116129 2 0.390233 0.115833 2 0.385901 0.124593 2 0.390168 0.124983 2 0.386118 0.134570 2 0.389767 0.134917 2
0 0.353423 0.094577 0.010417 0.051587 0.355847 0.077386 2 0.356243 0.076483 2 0.355335 0.076540 2 0.356888 0.076960 1 0.354530 0.077058 2 0.358057 0.082600 2 0.353595 0.082830 2 0.359013 0.088839 2 0.352953 0.089613 2 0.358701 0.093734 2 0.353272 0.095744 2 0.357725 0.094744 2 0.354562 0.094844 2 0.358197 0.103279 2 0.354248 0.103159 2 0.358324 0.112350 2 0.352693 0.112282 2
0 0.183408 0.132937 0.015625 0.051587 0.184101 0.111000 2 0.184348 0.110080 1 0.183753 0.109708 2 0.183916 0.110335 1 0.182382 0.109510 2 0.183264 0.115731 2 0.180230 0.115072 2 0.183789 0.120944 2 0.178884 0.120014 2 0.183362 0.117741 1 0.180397 0.116150 2 0.183844 0.129327 2 0.181749 0.129674 2 0.185279 0.139703 2 0.182801 0.140284 2 0.186633 0.150626 2 0.183824 0.150440 2
0 0.581845 0.255952 0.019345 0.091270 0.584128 0.219476 2 0.584598 0.217776 2 0.582902 0.217918 2 0.584616 0.219205 1 0.580557 0.219551 2 0.582678 0.229385 2 0.580418 0.230032 2 0.585283 0.239001 2 0.585349 0.239686 2 0.588994 0.234981 2 0.590785 0.234374 2 0.582954 0.255911 2 0.580324 0.256589 2 0.586304 0.274302 2 0.578455 0.276520 2 0.587828 0.290756 2 0.574261 0.290694 2
0 0.962054 0.320767 0.032738 0.130952 0.966673 0.272099 2 0.968243 0.270179 2 0.966896 0.269648 2 0.972452 0.272228 2 0.968172 0.270502 1 0.975013 0.287462 2 0.965638 0.280480 2 0.974340 0.306494 2 0.959965 0.283885 2 0.971133 0.320264 2 0.957865 0.282979 2 0.967068 0.319154 2 0.960477 0.315282 2 0.966071 0.343823 2 0.957634 0.338905 2 0.963654 0.365621 2 0.955646 0.361104 2
0 0.764509 0.365079 0.030506 0.134921 0.774283 0.318707 2 0.773461 0.316041 1 0.773096 0.316938 2 0.769859 0.316468 1 0.769691 0.318978 2 0.764167 0.331199 2 0.767877 0.333981 2 0.763121 0.351033 1 0.766517 0.357901 2 0.765941 0.366361 1 0.770012 0.376399 2 0.763197 0.367363 2 0.765122 0.369239 2 0.766657 0.394774 2 0.767262 0.397147 2 0.762824 0.421004 2 0.755446 0.415922 2
0 0.745536 0.234127 0.028274 0.066138 0.745932 0.197965 2 0.745726 0.196036 1 0.745468 0.196370 2 0.743140 0.194463 1 0.743569 0.195558 2 0.738193 0.200526 2 0.742359 0.203338 2 0.735202 0.207829 2 0.744821 0.213580 2 0.738131 0.212206 2 0.749957 0.213364 2 0.736190 0.223291 2 0.738443 0.225016 2 0.740555 0.238375 2 0.741087 0.241355 2 0.735081 0.252620 2 0.733953 0.254176 2
0 0.975446 0.285053 0.023810 0.115079 0.967625 0.271877 2 0.969350 0.269789 2 0.967452 0.269026 2 0.973178 0.271743 2 0.967867 0.269707 1 0.975131 0.287226 2 0.964019 0.281988 2 0.975123 0.305830 2 0.959929 0.293517 2 0.972499 0.319207 2 0.960149 0.305650 2 0.968630 0.318294 2 0.961367 0.315622 2 0.966661 0.343780 2 0.960634 0.340235 2 0.964092 0.363422 2 0.960682 0.358155 2
