0 0.286830 0.774471 0.030506 0.133598 0.284154 0.748051 1 0.284960 0.745002 1 0.285416 0.745512 1 0.288473 0.747316 2 0.292147 0.747932 1 0.291683 0.766091 2 0.295079 0.768152 2 0.287905 0.787399 2 0.291438 0.798334 1 0.284305 0.779232 2 0.291739 0.809765 1 0.293284 0.831014 2 0.294235 0.830512 2 0.289709 0.859726 1 0.284954 0.859756 1 0.298812 0.849153 1 0.288537 0.853908 1
0 0.460938 0.884259 0.045387 0.157407 0.459206 0.832225 2 0.460976 0.828211 2 0.457105 0.828461 2 0.462927 0.827617 2 0.453104 0.827989 2 0.465770 0.844745 2 0.446657 0.847178 2 0.469679 0.863804 2 0.441658 0.873301 2 0.471074 0.886189 2 0.441751 0.899006 2 0.464351 0.895823 2 0.451675 0.897435 2 0.468930 0.928698 2 0.451759 0.929886 2 0.465648 0.963152 2 0.453823 0.962378 2
0 0.317336 0.561508 0.015625 0.064815 0.318033 0.539038 1 0.318544 0.538138 1 0.319165 0.538274 1 0.319591 0.540871 2 0.322977 0.540537 1 0.317639 0.549005 2 0.324185 0.548527 2 0.314865 0.559062 2 0.325325 0.558702 2 0.314859 0.567216 2 0.325633 0.567283 1 0.319706 0.566850 2 0.323780 0.566806 2 0.321199 0.580335 2 0.323216 0.579821 2 0.322307 0.594536 2 0.322911 0.592822 2
0 0.311384 0.554233 0.014137 0.089947 0.313929 0.523322 2 0.314384 0.521643 2 0.312942 0.521710 2 0.313996 0.522021 1 0.310894 0.522037 2 0.312284 0.529975 2 0.311148 0.529590 2 0.312110 0.539989 1 0.311420 0.538303 2 0.315060 0.543865 1 0.316047 0.538754 2 0.312997 0.550621 2 0.312158 0.550805 2 0.313438 0.569440 2 0.312939 0.569904 2 0.313141 0.588161 2 0.311227 0.589438 2
0 0.331101 0.556878 0.014881 0.063492 0.329542 0.537124 1 0.329439 0.535815 1 0.329985 0.535728 1 0.328495 0.537029 2 0.332231 0.536591 2 0.328517 0.545386 2 0.333050 0.544497 2 0.328213 0.553344 2 0.335856 0.551434 2 0.328869 0.557325 1 0.334894 0.552858 2 0.330567 0.560331 2 0.333476 0.560036 2 0.332249 0.572801 2 0.333670 0.571887 2 0.333197 0.584377 2 0.335114 0.583577 2
0 0.334821 0.479497 0.014881 0.051587 0.332978 0.465768 1 0.332969 0.464831 1 0.333308 0.464787 1 0.332760 0.465766 2 0.335631 0.465270 2 0.332730 0.471940 2 0.337454 0.470587 2 0.332078 0.478974 2 0.339335 0.473953 2 0.331996 0.483843 2 0.338474 0.475256 1 0.334455 0.485392 2 0.337618 0.484959 2 0.334359 0.494651 2 0.337257 0.494657 2 0.334562 0.503465 2 0.337703 0.504107 2
0 0.399182 0.525794 0.029018 0.059524 0.403169 0.511927 2 0.403939 0.509792 2 0.402256 0.510389 2 0.406057 0.509050 2 0.402282 0.510292 1 0.407687 0.516203 2 0.404667 0.515914 2 0.400761 0.526334 2 0.398843 0.522985 2 0.393498 0.529503 2 0.393191 0.527195 2 0.411351 0.537866 2 0.409326 0.536646 2 0.399538 0.529214 2 0.399568 0.527231 2 0.398822 0.548476 2 0.400066 0.546420 2
0 0.468750 0.444444 0.019345 0.084656 0.470096 0.411027 1 0.470040 0.409229 1 0.470638 0.409220 1 0.469121 0.410047 2 0.473751 0.409777 2 0.467669 0.420151 2 0.475828 0.419899 2 0.465861 0.431911 2 0.477784 0.432497 2 0.467641 0.437485 2 0.476822 0.440952 2 0.469276 0.442638 2 0.474645 0.442436 2 0.469940 0.459347 2 0.473347 0.459313 2 0.470593 0.475365 2 0.472766 0.475949 2
0 0.386161 0.495370 0.022321 0.038360 0.386993 0.489933 2 0.387650 0.488639 2 0.386483 0.489018 2 0.389152 0.488690 2 0.386647 0.489492 1 0.390173 0.492439 2 0.387931 0.494475 2 0.386669 0.497988 2 0.385016 0.502533 2 0.383988 0.498460 2 0.383807 0.500918 2 0.395235 0.508614 2 0.393576 0.509084 2 0.386382 0.499249 2 0.385640 0.499100 2 0.388990 0.512366 2 0.388867 0.512002 2
0 0.393229 0.488757 0.018601 0.038360 0.387366 0.489705 2 0.388042 0.488192 2 0.386786 0.488560 2 0.389843 0.487968 2 0.387053 0.488766 1 0.390959 0.492289 2 0.388404 0.494474 2 0.386486 0.496250 2 0.385563 0.501234 2 0.384252 0.496996 2 0.384654 0.500680 2 0.396299 0.508496 2 0.394357 0.509112 2 0.387072 0.498954 2 0.386747 0.499365 2 0.390006 0.512270 2 0.389978 0.512789 2
0 0.516741 0.473545 0.026042 0.084656 0.512187 0.441413 2 0.513326 0.439859 2 0.511247 0.439650 2 0.515065 0.440283 2 0.509734 0.439986 2 0.518144 0.447950 2 0.508621 0.448965 2 0.521219 0.458442 2 0.507458 0.458547 2 0.521327 0.471108 2 0.506305 0.468538 2 0.518037 0.471915 2 0.511030 0.472605 2 0.521265 0.486797 2 0.508223 0.489670 2 0.527064 0.498444 2 0.511684 0.505934 2
0 0.486979 0.472222 0.017113 0.087302 0.486454 0.442132 2 0.487539 0.440399 2 0.485464 0.440611 2 0.489563 0.441299 2 0.484458 0.441868 2 0.492612 0.450573 2 0.484314 0.451499 2 0.494671 0.460929 2 0.485655 0.459466 2 0.493908 0.463421 2 0.490313 0.461642 2 0.491616 0.474590 2 0.485903 0.475095 2 0.491470 0.489603 2 0.486859 0.491969 2 0.491264 0.501402 2 0.487165 0.507691 2
0 0.438988 0.349206 0.014881 0.066138 0.435603 0.360250 2 0.436299 0.358832 2 0.434863 0.359036 2 0.437531 0.358441 2 0.434068 0.358879 2 0.439315 0.364828 2 0.433858 0.365093 2 0.441156 0.374147 2 0.432739 0.373942 1 0.441362 0.383037 2 0.433499 0.382357 1 0.438837 0.383297 2 0.435409 0.383359 2 0.437534 0.394179 2 0.435639 0.393838 1 0.437892 0.395162 1 0.436446 0.394875 1
0 0.566964 0.336640 0.013393 0.064815 0.567862 0.309899 2 0.568485 0.308832 2 0.567304 0.308862 2 0.569457 0.308624 2 0.566457 0.308686 2 0.570737 0.314177 2 0.565216 0.314582 2 0.573085 0.320108 2 0.563799 0.322744 2 0.571797 0.321010 2 0.565667 0.329027 2 0.570141 0.330091 2 0.566538 0.330217 2 0.569822 0.341848 2 0.566383 0.341625 2 0.570692 0.352692 2 0.565958 0.351995 2
0 0.426339 0.388889 0.010417 0.052910 0.424609 0.377706 1 0.425014 0.376663 1 0.424196 0.376886 1 0.425867 0.376009 1 0.424087 0.376563 1 0.426645 0.378781 2 0.424501 0.379414 2 0.427058 0.380024 2 0.423506 0.379969 2 0.424690 0.377605 2 0.423673 0.375204 2 0.426866 0.392389 2 0.425478 0.392593 2 0.426664 0.400959 2 0.426015 0.401313 2 0.427744 0.408780 2 0.426907 0.409105 2
0 0.350818 0.489418 0.014137 0.055556 0.347647 0.473616 1 0.347521 0.472323 1 0.347987 0.471735 1 0.347949 0.472391 2 0.351240 0.470594 2 0.348938 0.480356 2 0.353724 0.475670 2 0.347204 0.489911 2 0.356959 0.477885 2 0.346509 0.494168 2 0.353733 0.477187 1 0.352474 0.495546 2 0.355423 0.493588 2 0.353468 0.505878 2 0.354614 0.504710 2 0.353614 0.516263 2 0.355782 0.515282 2
