0 0.584821 0.650463 0.010417 0.040344 0.585596 0.634034 1 0.585696 0.633250 1 0.585853 0.633311 1 0.586075 0.633624 2 0.587836 0.633633 2 0.585905 0.638211 2 0.589203 0.638433 2 0.585215 0.644748 2 0.590053 0.644975 2 0.583920 0.650287 2 0.590319 0.650701 2 0.585878 0.650108 2 0.588305 0.650135 2 0.584753 0.657382 2 0.588454 0.658578 2 0.584443 0.664860 2 0.588937 0.666575 2
0 0.072917 0.915675 0.012649 0.049603 0.065745 0.900484 1 0.065741 0.899361 1 0.065423 0.899571 1 0.066622 0.897343 2 0.065551 0.897806 1 0.070784 0.896752 2 0.065811 0.898239 2 0.074913 0.901869 2 0.065625 0.905097 1 0.076230 0.909744 2 0.064900 0.910324 1 0.075334 0.902574 2 0.072029 0.903271 2 0.073689 0.914809 2 0.069833 0.914627 2 0.076273 0.928010 2 0.072472 0.927958 2
0 0.045387 0.795966 0.011905 0.045635 0.050024 0.777942 2 0.050664 0.777208 2 0.049759 0.776543 2 0.050881 0.777963 1 0.048955 0.776412 2 0.049366 0.783566 2 0.047141 0.783015 2 0.049257 0.790862 1 0.046683 0.791497 2 0.050391 0.792215 1 0.049661 0.791253 2 0.049948 0.799631 2 0.048369 0.800010 2 0.050449 0.810411 1 0.048990 0.811448 2 0.050964 0.819878 1 0.047924 0.820977 2
0 0.053571 0.748016 0.009673 0.046296 0.052593 0.733686 2 0.052855 0.732762 1 0.052596 0.732784 1 0.053471 0.733542 2 0.053384 0.733426 2 0.054349 0.739417 2 0.052909 0.739154 2 0.052605 0.745751 2 0.051180 0.745555 2 0.050845 0.747291 2 0.051874 0.747396 2 0.055033 0.751090 2 0.054042 0.751091 2 0.054693 0.759254 2 0.054013 0.759167 2 0.054538 0.767254 2 0.054606 0.767478 2
0 0.155878 0.683201 0.010417 0.037037 0.154765 0.670537 2 0.155117 0.669543 2 0.154321 0.669783 2 0.155867 0.669191 2 0.154012 0.669775 1 0.157485 0.673420 2 0.154338 0.674079 2 0.159647 0.679664 2 0.153477 0.680399 1 0.159478 0.684182 2 0.152746 0.684887 1 0.156721 0.686832 2 0.154820 0.686795 2 0.155326 0.695955 2 0.154214 0.695733 2 0.155834 0.703535 2 0.154857 0.703591 2
0 0.206101 0.722553 0.012649 0.035053 0.205136 0.708704 2 0.205575 0.707662 2 0.205029 0.707781 1 0.206658 0.707896 2 0.205359 0.708158 1 0.208226 0.712126 2 0.205028 0.712020 2 0.210454 0.717224 2 0.202308 0.715298 2 0.209271 0.720650 2 0.201249 0.717340 2 0.208126 0.724139 2 0.205945 0.724017 2 0.210253 0.732965 2 0.204408 0.732618 2 0.211397 0.742182 2 0.206274 0.741705 2
0 0.216146 0.689815 0.006696 0.038360 0.215597 0.673000 2 0.215966 0.672186 2 0.215186 0.672369 2 0.216688 0.672223 2 0.214829 0.672609 2 0.217907 0.676230 2 0.214298 0.676059 2 0.218984 0.681394 2 0.212237 0.678458 2 0.219435 0.686697 2 0.214015 0.674402 2 0.217102 0.687152 2 0.214975 0.687155 2 0.216250 0.696109 2 0.215459 0.695571 2 0.216373 0.704883 2 0.216428 0.703928 2
0 0.238095 0.740079 0.010417 0.037037 0.240363 0.724013 2 0.240747 0.723152 2 0.240143 0.723378 2 0.241736 0.722802 2 0.240213 0.723353 1 0.242992 0.726289 2 0.239730 0.725996 2 0.243362 0.731357 2 0.237942 0.730227 2 0.241486 0.733981 2 0.236387 0.732426 2 0.242368 0.736529 2 0.240189 0.735966 2 0.241578 0.744904 2 0.238759 0.742853 2 0.242478 0.753771 2 0.240450 0.749605 2
0 0.212054 0.746693 0.009673 0.037037 0.213496 0.731884 2 0.214058 0.730823 2 0.212903 0.730775 2 0.214820 0.730820 2 0.211909 0.730781 2 0.216038 0.734354 2 0.210816 0.735219 2 0.217132 0.740600 2 0.208785 0.742532 2 0.214571 0.735798 2 0.209065 0.743437 2 0.215680 0.746338 2 0.212079 0.746852 2 0.216637 0.748635 1 0.209917 0.750513 1 0.215764 0.751325 1 0.210232 0.754609 1
0 0.250558 0.620701 0.007068 0.035053 0.247530 0.605976 1 0.247686 0.605291 1 0.247745 0.605307 1 0.248056 0.605772 2 0.249435 0.605620 2 0.247327 0.610079 2 0.250888 0.609392 2 0.246366 0.615252 2 0.252227 0.613306 2 0.247027 0.619068 2 0.251177 0.616993 2 0.248382 0.619574 2 0.250839 0.619300 2 0.248580 0.627223 2 0.251052 0.626951 2 0.248722 0.635644 2 0.251551 0.634474 2
0 0.310082 0.611772 0.008557 0.031746 0.313755 0.601443 2 0.313407 0.600693 1 0.313650 0.600795 2 0.311744 0.600470 1 0.312928 0.600966 2 0.310239 0.603768 2 0.312345 0.604692 2 0.310889 0.608294 1 0.313250 0.610610 2 0.313693 0.610164 1 0.315398 0.612391 2 0.309995 0.613413 2 0.311442 0.614145 2 0.313263 0.616199 2 0.314802 0.616779 2 0.312432 0.622432 2 0.313631 0.622276 2
0 0.231957 0.604167 0.009301 0.031085 0.233040 0.591982 1 0.232738 0.591330 1 0.232971 0.591344 1 0.231122 0.591796 2 0.232804 0.591860 2 0.229989 0.596036 2 0.233135 0.595534 2 0.229199 0.601096 2 0.235713 0.598787 2 0.230297 0.603019 1 0.237060 0.599650 2 0.231159 0.605215 2 0.233225 0.605368 2 0.233728 0.606539 2 0.236857 0.606582 2 0.232314 0.613983 2 0.236446 0.613745 2
0 0.369978 0.600198 0.008557 0.025794 0.371970 0.590251 2 0.371646 0.589556 1 0.371858 0.589666 2 0.370043 0.589648 1 0.371318 0.589986 2 0.369114 0.593229 2 0.371106 0.593462 2 0.369708 0.597048 1 0.373613 0.596788 2 0.372015 0.596264 1 0.374154 0.594880 2 0.369516 0.601774 2 0.370856 0.602315 2 0.371578 0.602271 1 0.373596 0.603005 1 0.370902 0.604989 1 0.373417 0.604707 1
0 0.418713 0.634259 0.007068 0.037037 0.420679 0.619602 2 0.420835 0.618814 1 0.420290 0.618872 2 0.420831 0.619239 1 0.419481 0.619341 2 0.420937 0.623786 2 0.419018 0.624154 2 0.421798 0.628580 2 0.418536 0.629861 2 0.422682 0.632168 2 0.419798 0.634053 2 0.420750 0.633380 2 0.419523 0.633627 2 0.420822 0.640805 2 0.419804 0.641052 2 0.420580 0.647940 2 0.418856 0.648407 2
0 0.012649 0.490410 0.006696 0.025794 0.014394 0.473068 1 0.014380 0.472884 1 0.014548 0.472884 1 0.014322 0.472884 1 0.015510 0.472884 1 0.013877 0.473911 2 0.015894 0.474021 2 0.012368 0.478133 2 0.015579 0.478237 2 0.012185 0.481525 2 0.014320 0.480876 1 0.013459 0.482662 2 0.014786 0.482628 2 0.013378 0.489983 2 0.014365 0.489919 2 0.013301 0.497065 2 0.014218 0.496735 2
0 0.453311 0.616071 0.007812 0.025794 0.454644 0.606001 2 0.454506 0.605568 1 0.454449 0.605467 2 0.453515 0.606220 1 0.453574 0.606019 2 0.453383 0.609256 2 0.452822 0.609560 2 0.455389 0.612982 2 0.453951 0.614263 2 0.457015 0.613420 2 0.456391 0.615649 2 0.453099 0.618559 2 0.452788 0.619026 2 0.455365 0.621880 2 0.456281 0.622664 2 0.453264 0.626897 2 0.454566 0.628726 2
0 0.321429 0.460979 0.003720 0.021164 0.322597 0.453915 1 0.322592 0.453459 1 0.322484 0.453411 2 0.322304 0.453490 1 0.322066 0.453411 2 0.322265 0.455951 2 0.321495 0.455998 2 0.322682 0.458993 2 0.321079 0.459375 2 0.323027 0.461183 1 0.321788 0.461932 2 0.322336 0.461483 2 0.321803 0.461634 2 0.322851 0.465589 2 0.321868 0.465792 2 0.323075 0.469551 2 0.321745 0.469763 2
0 0.544643 0.673942 0.007440 0.038360 0.545531 0.661115 2 0.545932 0.660316 2 0.545159 0.660379 2 0.546637 0.660650 2 0.544738 0.660787 2 0.547707 0.665421 2 0.544241 0.665425 2 0.548790 0.670369 2 0.543626 0.670339 2 0.548611 0.673536 2 0.543232 0.674502 2 0.547016 0.676039 2 0.544669 0.675907 2 0.547198 0.684051 2 0.544597 0.683751 2 0.547522 0.691151 2 0.544482 0.691053 2
0 0.535714 0.654101 0.007440 0.038360 0.535804 0.639599 2 0.536178 0.638872 2 0.535633 0.638814 1 0.536981 0.639191 2 0.535774 0.639055 1 0.537575 0.643417 2 0.535564 0.642874 2 0.537271 0.648267 2 0.535221 0.647006 2 0.536389 0.644204 2 0.535920 0.643895 2 0.536846 0.653149 2 0.535496 0.652785 2 0.536173 0.661772 2 0.535491 0.661629 2 0.536167 0.670040 2 0.535894 0.670010 2
0 0.586682 0.638228 0.005952 0.033069 0.585522 0.633843 1 0.585609 0.633107 1 0.585798 0.633189 1 0.586067 0.633482 2 0.587794 0.633505 1 0.585899 0.638045 2 0.589185 0.638162 2 0.585186 0.644515 2 0.589951 0.645120 2 0.583951 0.650004 2 0.589934 0.650258 2 0.586002 0.650426 2 0.588419 0.650295 2 0.584750 0.657941 2 0.588353 0.658141 2 0.584427 0.661231 1 0.588539 0.661231 1
0 0.566778 0.642526 0.006324 0.035053 0.567796 0.627698 1 0.567825 0.626974 1 0.567946 0.627078 1 0.567219 0.627461 2 0.568727 0.627701 2 0.566120 0.631632 2 0.569166 0.632104 2 0.565006 0.636640 2 0.569419 0.637466 2 0.565165 0.640387 2 0.569285 0.640829 1 0.566198 0.641553 2 0.568215 0.641763 2 0.566206 0.648847 2 0.567763 0.649295 2 0.566342 0.655729 2 0.567278 0.655951 2
0 0.569568 0.624669 0.007440 0.036376 0.569656 0.611982 2 0.569976 0.611244 2 0.569572 0.611207 1 0.570950 0.611324 2 0.569910 0.611281 1 0.572308 0.615758 2 0.569312 0.615268 2 0.573140 0.621284 2 0.568999 0.620183 2 0.571339 0.622366 2 0.568890 0.623459 2 0.571516 0.625468 2 0.569558 0.625086 2 0.571344 0.633654 2 0.569790 0.633255 2 0.571497 0.642370 2 0.570261 0.641421 2
0 0.456287 0.655754 0.006324 0.036376 0.459577 0.638878 2 0.459479 0.637963 1 0.459284 0.638059 2 0.458865 0.637504 1 0.458136 0.637808 2 0.458398 0.642143 2 0.457479 0.642781 2 0.458680 0.646882 1 0.457601 0.648228 2 0.459725 0.648543 1 0.459268 0.649703 2 0.458082 0.653125 2 0.457079 0.653485 2 0.458600 0.660262 2 0.456013 0.660884 2 0.459461 0.666426 2 0.453719 0.667022 2
0 0.470796 0.634590 0.007068 0.032407 0.472663 0.622209 2 0.472571 0.621502 1 0.472491 0.621472 2 0.471808 0.621555 1 0.471734 0.621501 2 0.471549 0.624785 2 0.471013 0.625490 2 0.472569 0.628916 2 0.472030 0.630814 2 0.473707 0.627066 2 0.473682 0.628078 2 0.472017 0.634452 2 0.471625 0.634929 2 0.472057 0.641719 2 0.471748 0.642281 2 0.470738 0.648027 2 0.470646 0.648670 2
0 0.480283 0.650463 0.009673 0.039021 0.481681 0.636331 2 0.481671 0.635507 1 0.481401 0.635526 2 0.481058 0.635529 1 0.480552 0.635512 2 0.480662 0.639450 2 0.480080 0.639598 2 0.481689 0.644729 1 0.481445 0.645239 2 0.483187 0.648063 1 0.483231 0.649235 2 0.480996 0.650209 2 0.480503 0.650483 2 0.481513 0.657949 2 0.480811 0.658487 2 0.480559 0.664705 2 0.479874 0.665184 2
0 0.499814 0.576720 0.007068 0.026455 0.501959 0.568253 2 0.501915 0.567667 1 0.501689 0.567622 2 0.501340 0.567874 1 0.500612 0.567812 2 0.500741 0.570935 2 0.499513 0.571205 2 0.501782 0.575113 2 0.499907 0.576614 2 0.503190 0.576756 2 0.500795 0.580462 2 0.500055 0.578724 2 0.499158 0.579343 2 0.503769 0.579402 2 0.503169 0.580147 2 0.502461 0.587191 2 0.501475 0.587523 2
0 0.052083 0.645172 0.008929 0.035053 0.054588 0.630173 2 0.054649 0.629593 1 0.054167 0.629525 2 0.054105 0.630283 1 0.053133 0.630278 2 0.053568 0.633794 2 0.052281 0.633976 2 0.054445 0.637713 1 0.053502 0.638209 2 0.055575 0.636714 1 0.054971 0.637063 2 0.053239 0.643367 2 0.052370 0.643999 2 0.056675 0.644614 2 0.056239 0.645600 2 0.056537 0.651800 1 0.056218 0.652004 2
0 0.582403 0.584325 0.007068 0.025794 0.583154 0.576294 1 0.583071 0.575728 1 0.583262 0.575833 1 0.582256 0.575875 2 0.583810 0.576194 2 0.581078 0.578580 2 0.584163 0.579255 2 0.579742 0.581813 2 0.585267 0.583121 2 0.579425 0.584426 2 0.584890 0.583942 2 0.580692 0.586712 2 0.582685 0.587034 2 0.582084 0.589785 2 0.583915 0.589817 2 0.581423 0.595319 2 0.582938 0.594715 2
0 0.542225 0.571759 0.007068 0.025794 0.543310 0.564362 2 0.543104 0.563767 1 0.543199 0.563836 2 0.541696 0.563663 1 0.542611 0.563953 2 0.540411 0.566192 2 0.542566 0.566828 2 0.540155 0.569440 2 0.543272 0.570771 2 0.541724 0.572012 1 0.544011 0.574023 2 0.540127 0.574373 2 0.541679 0.574798 2 0.541350 0.579758 2 0.543465 0.580212 2 0.540780 0.585455 2 0.543194 0.586471 2
0 0.511161 0.566138 0.006696 0.031746 0.512134 0.557440 1 0.511947 0.556879 1 0.512134 0.556839 2 0.510835 0.556674 1 0.511768 0.556588 2 0.510088 0.559046 2 0.511014 0.559108 2 0.511227 0.562620 1 0.511950 0.562886 2 0.513364 0.562009 1 0.513717 0.561639 2 0.510519 0.567211 2 0.511202 0.567612 2 0.512583 0.571605 2 0.513872 0.571978 2 0.511462 0.577598 2 0.513033 0.577666 2
0 0.611607 0.547288 0.007440 0.023148 0.613253 0.538145 1 0.613014 0.537536 1 0.613225 0.537692 1 0.611594 0.537405 1 0.612966 0.537943 2 0.610519 0.539778 2 0.612615 0.540648 2 0.609287 0.543570 2 0.612436 0.544538 2 0.608827 0.547194 2 0.611648 0.547386 2 0.609549 0.547419 2 0.611117 0.547945 2 0.610935 0.549776 2 0.613771 0.550575 2 0.609495 0.552168 1 0.613203 0.553300 2
0 0.592262 0.562831 0.007440 0.025132 0.593705 0.554972 1 0.593422 0.554553 1 0.593718 0.554509 1 0.591985 0.554819 1 0.593359 0.554798 2 0.591112 0.557028 2 0.593128 0.557093 2 0.593155 0.558978 1 0.595136 0.558615 2 0.594946 0.558914 1 0.596733 0.558631 2 0.591523 0.563883 2 0.593001 0.564249 2 0.593192 0.565747 2 0.595645 0.566475 2 0.592487 0.571348 2 0.594937 0.571955 2
0 0.678757 0.553902 0.007068 0.024471 0.680715 0.547703 2 0.680384 0.547072 1 0.680676 0.547136 2 0.678963 0.547198 1 0.680144 0.547515 2 0.678069 0.549946 2 0.679227 0.550279 2 0.680266 0.552973 2 0.681880 0.553136 2 0.682619 0.553858 1 0.683110 0.553824 2 0.677022 0.558904 2 0.677691 0.559497 2 0.681268 0.555314 2 0.681890 0.556439 2 0.679986 0.563555 1 0.680508 0.563491 2
0 0.412388 0.596892 0.010789 0.032407 0.413897 0.583663 2 0.413603 0.582999 1 0.413678 0.583061 2 0.412499 0.583482 1 0.412882 0.583762 2 0.411808 0.587151 2 0.412820 0.587642 2 0.413839 0.590141 2 0.414921 0.591187 2 0.415576 0.590877 2 0.416583 0.591982 2 0.411489 0.596663 2 0.412112 0.597084 2 0.413988 0.601532 2 0.414428 0.602228 2 0.413072 0.608534 2 0.413303 0.608891 2
0 0.612909 0.784722 0.013765 0.037698 0.612291 0.773771 1 0.612224 0.772929 1 0.612527 0.772830 1 0.612722 0.772130 2 0.614731 0.771907 1 0.612961 0.774542 2 0.616532 0.775581 2 0.610144 0.778591 2 0.617610 0.782656 2 0.608217 0.782123 2 0.617509 0.788823 2 0.612941 0.789107 2 0.615031 0.789163 2 0.608691 0.796198 2 0.610612 0.797442 2 0.609797 0.799184 2 0.611476 0.801601 2
0 0.647321 0.801587 0.011905 0.054233 0.648026 0.781680 1 0.648072 0.780740 1 0.648246 0.780724 1 0.647264 0.781306 2 0.649942 0.781264 2 0.646013 0.786976 2 0.651547 0.788073 2 0.645023 0.795951 2 0.652635 0.795767 2 0.645043 0.801698 2 0.653446 0.804302 2 0.646480 0.803180 2 0.650353 0.804117 2 0.645724 0.812169 2 0.650176 0.817420 2 0.645645 0.819722 2 0.649364 0.828716 2
0 0.805990 0.910053 0.014509 0.058201 0.807141 0.888217 1 0.807299 0.887135 1 0.807548 0.887309 1 0.806540 0.888022 2 0.809656 0.888174 2 0.803957 0.893866 2 0.810903 0.894775 2 0.801817 0.897902 2 0.812870 0.897978 2 0.803401 0.895211 1 0.811821 0.896395 1 0.803740 0.911281 2 0.808435 0.912111 2 0.801592 0.919959 2 0.807309 0.923841 2 0.801212 0.929171 2 0.807248 0.933460 2
0 0.911644 0.762566 0.010045 0.046296 0.917521 0.743335 2 0.917895 0.742435 2 0.917072 0.742430 2 0.918170 0.742740 1 0.916229 0.742637 2 0.918440 0.747300 2 0.915103 0.747276 2 0.918477 0.752956 1 0.914717 0.752974 2 0.918504 0.752760 1 0.915821 0.752486 2 0.917916 0.760906 2 0.915672 0.760991 2 0.917851 0.771174 2 0.916001 0.771143 2 0.916124 0.779410 2 0.915347 0.779443 2
0 0.918341 0.762566 0.008557 0.046296 0.917295 0.742616 2 0.917817 0.741791 2 0.916815 0.741735 2 0.918505 0.742208 2 0.916170 0.741996 2 0.919256 0.746799 2 0.915252 0.746669 2 0.920416 0.753093 2 0.913964 0.753149 2 0.920787 0.759763 2 0.913960 0.758507 2 0.918197 0.760041 2 0.915784 0.759978 2 0.917333 0.770548 2 0.916011 0.770534 2 0.915774 0.779743 2 0.915385 0.779793 2
0 0.897507 0.734127 0.008557 0.048942 0.898402 0.717816 2 0.898958 0.716908 2 0.897913 0.716827 2 0.899603 0.717164 2 0.897120 0.716973 2 0.899968 0.721453 2 0.895965 0.721393 2 0.900909 0.726677 2 0.893602 0.727329 2 0.901709 0.729189 2 0.892865 0.734159 2 0.898600 0.731827 2 0.896191 0.731781 2 0.897916 0.742900 2 0.896166 0.743018 2 0.897685 0.753445 2 0.896189 0.753994 2
0 0.888579 0.737103 0.008557 0.041667 0.889391 0.722222 2 0.889840 0.721389 2 0.888947 0.721283 2 0.890098 0.721413 1 0.887913 0.721097 2 0.890743 0.725824 2 0.886220 0.725414 2 0.891956 0.731990 2 0.884418 0.730595 2 0.892220 0.736681 2 0.883588 0.735447 2 0.889279 0.738074 2 0.886619 0.737928 2 0.887470 0.745837 2 0.886641 0.746384 2 0.886839 0.753060 2 0.887632 0.754122 2
0 0.712240 0.644180 0.007068 0.044974 0.713514 0.629284 2 0.713802 0.628593 2 0.713737 0.628588 1 0.714537 0.629555 2 0.714764 0.629465 1 0.714881 0.634433 2 0.714569 0.634221 2 0.714385 0.640342 2 0.713669 0.639970 1 0.712990 0.643185 2 0.712382 0.642750 1 0.714162 0.644404 2 0.713988 0.644175 2 0.713973 0.652274 2 0.713669 0.652014 2 0.713963 0.660699 2 0.713929 0.660117 2
0 0.833333 0.659061 0.007440 0.036376 0.833259 0.647964 2 0.833402 0.647223 2 0.833444 0.647198 1 0.834175 0.647235 2 0.834824 0.647120 1 0.834602 0.650866 2 0.835582 0.650532 2 0.834052 0.656974 2 0.835107 0.656281 1 0.832637 0.661901 2 0.833579 0.660310 1 0.834111 0.661272 2 0.834819 0.660889 2 0.833692 0.669260 2 0.834038 0.669061 2 0.833902 0.677220 2 0.834286 0.676996 2
0 0.819754 0.663360 0.008557 0.039683 0.820119 0.648732 1 0.820043 0.647923 1 0.820268 0.648043 1 0.818965 0.648158 2 0.821232 0.648455 2 0.817506 0.652516 2 0.822017 0.652932 2 0.816597 0.659138 2 0.823118 0.659406 2 0.816173 0.665101 2 0.822604 0.665353 2 0.817839 0.665451 2 0.821011 0.665681 2 0.817546 0.674168 2 0.821092 0.674958 2 0.817482 0.681444 1 0.820773 0.681483 1
0 0.822917 0.655093 0.006696 0.036376 0.819995 0.648367 1 0.819890 0.647566 1 0.820179 0.647635 1 0.819048 0.647844 1 0.821298 0.648004 2 0.818452 0.652087 2 0.821929 0.652432 2 0.818663 0.658488 1 0.823224 0.658713 2 0.819197 0.663797 1 0.822517 0.664083 2 0.818452 0.665358 2 0.820787 0.665516 2 0.818452 0.673559 1 0.821090 0.674302 2 0.818452 0.678634 1 0.821132 0.679332 1
0 0.595796 0.718585 0.006324 0.036376 0.594061 0.706707 2 0.594073 0.705767 2 0.593898 0.706031 1 0.594979 0.704555 2 0.594755 0.705264 1 0.597215 0.707202 2 0.595596 0.707739 2 0.597374 0.712703 2 0.595554 0.713465 2 0.594658 0.715153 2 0.594313 0.716773 2 0.597536 0.719840 2 0.596430 0.719841 2 0.597801 0.729187 2 0.597018 0.729120 2 0.597750 0.738527 2 0.597623 0.738170 2
0 0.802827 0.609127 0.007440 0.034392 0.803396 0.595125 1 0.803307 0.594438 1 0.803545 0.594501 1 0.802469 0.594677 2 0.804360 0.594889 1 0.801508 0.598203 2 0.805039 0.598805 2 0.800444 0.602942 2 0.805594 0.603817 2 0.800381 0.607100 2 0.805432 0.607982 2 0.801951 0.607583 2 0.804402 0.607889 2 0.801670 0.614530 2 0.804278 0.615278 2 0.801404 0.621665 2 0.803771 0.622636 2
0 0.809896 0.606812 0.005952 0.037698 0.810546 0.594866 1 0.810575 0.594130 1 0.810777 0.594156 1 0.810343 0.594547 1 0.811911 0.594451 1 0.810306 0.598387 2 0.812684 0.598274 2 0.809854 0.603021 2 0.813310 0.602913 1 0.810350 0.606006 2 0.812459 0.605835 1 0.810159 0.608017 2 0.811699 0.607798 2 0.810507 0.615331 2 0.811275 0.614767 2 0.810524 0.621764 2 0.811226 0.622328 2
0 0.846912 0.587963 0.007068 0.035714 0.849750 0.572266 1 0.849564 0.571531 1 0.849893 0.571606 1 0.848325 0.571836 2 0.850342 0.572193 1 0.847194 0.575650 2 0.850400 0.576317 2 0.845959 0.580348 2 0.850385 0.581005 2 0.845521 0.584165 2 0.849975 0.584156 2 0.846937 0.585183 2 0.849067 0.585509 2 0.847146 0.591877 2 0.848728 0.592882 2 0.846837 0.598467 2 0.847858 0.599584 2
0 0.832031 0.581019 0.005580 0.035053 0.831713 0.567564 1 0.831849 0.566925 1 0.831901 0.566906 1 0.832642 0.567220 2 0.833373 0.567141 1 0.832799 0.570580 2 0.834241 0.570237 2 0.830872 0.573974 2 0.832543 0.573536 1 0.830951 0.571014 2 0.831315 0.571181 1 0.832167 0.579936 2 0.833189 0.579532 2 0.831670 0.586789 2 0.832633 0.586406 2 0.831378 0.593713 2 0.832546 0.594072 2
0 0.838542 0.578704 0.008185 0.029101 0.837484 0.566607 1 0.837556 0.565890 1 0.837655 0.565921 1 0.838069 0.566078 2 0.839258 0.565988 1 0.838124 0.569948 2 0.840573 0.569604 2 0.837755 0.574412 2 0.841070 0.574389 2 0.837393 0.575237 1 0.840200 0.577425 1 0.838260 0.579011 2 0.839962 0.578654 2 0.837794 0.585737 2 0.839427 0.585507 2 0.837871 0.592166 2 0.839382 0.591920 2
0 0.850260 0.571098 0.008557 0.029762 0.848850 0.571949 1 0.848806 0.571178 1 0.849160 0.571308 1 0.848179 0.571621 2 0.850309 0.571936 2 0.847209 0.576046 2 0.850634 0.576820 2 0.845883 0.581242 2 0.850984 0.583287 2 0.845334 0.585334 2 0.850712 0.588953 2 0.847174 0.586077 2 0.849329 0.586363 2 0.847402 0.591476 1 0.848640 0.591910 1 0.847591 0.591209 1 0.847858 0.591470 1
0 0.854911 0.571429 0.005208 0.031746 0.854609 0.552327 1 0.854756 0.551451 1 0.854626 0.551535 1 0.854956 0.552293 1 0.855377 0.552310 2 0.855441 0.557650 2 0.855740 0.557899 2 0.857086 0.561535 1 0.857247 0.562234 2 0.857079 0.560195 1 0.857479 0.560867 1 0.855508 0.568801 2 0.855711 0.568805 2 0.855423 0.576433 2 0.855671 0.576508 2 0.854880 0.584758 2 0.855203 0.584724 2
