0 0.220326 0.754902 0.023634 0.084967 0.217787 0.724781 2 0.218771 0.722734 2 0.216664 0.722832 2 0.220399 0.723010 2 0.215114 0.723292 2 0.224240 0.734843 2 0.212690 0.735170 2 0.227425 0.750217 2 0.211036 0.750001 2 0.222888 0.757959 2 0.216535 0.758641 2 0.223554 0.764364 2 0.216179 0.764752 2 0.224602 0.784567 2 0.219847 0.784943 2 0.225958 0.801087 1 0.222280 0.802058 1
0 0.258403 0.714286 0.022059 0.082166 0.259273 0.696168 2 0.259879 0.694003 1 0.258053 0.694785 2 0.260344 0.690323 1 0.255084 0.692234 2 0.261002 0.693229 2 0.252171 0.697446 2 0.263927 0.703259 2 0.250892 0.710884 2 0.265191 0.713596 2 0.253698 0.718091 2 0.262261 0.716262 2 0.256708 0.719289 2 0.264000 0.731254 2 0.259737 0.735489 2 0.263885 0.748962 2 0.259615 0.750289 2
0 0.423845 0.347339 0.014706 0.061625 0.421472 0.324394 2 0.421910 0.323193 2 0.421518 0.323175 1 0.423614 0.323322 2 0.422583 0.323311 1 0.427798 0.329694 2 0.422049 0.330404 2 0.427770 0.339910 2 0.420474 0.338418 2 0.424707 0.343666 2 0.422068 0.343580 2 0.426964 0.347614 2 0.422840 0.348113 2 0.428286 0.360000 2 0.424140 0.363146 2 0.428340 0.367144 2 0.424515 0.376316 2
0 0.415441 0.284781 0.012605 0.042951 0.414010 0.268632 1 0.414268 0.267661 1 0.413678 0.267814 1 0.414806 0.267753 1 0.413509 0.268073 1 0.416305 0.272472 2 0.413297 0.273136 2 0.418378 0.277360 2 0.412932 0.279036 2 0.419214 0.283480 2 0.413038 0.284058 2 0.416248 0.284552 2 0.414206 0.284752 2 0.416487 0.293229 2 0.413758 0.293214 2 0.417075 0.301338 2 0.413628 0.301526 2
0 0.398109 0.268441 0.017857 0.062558 0.399059 0.248525 2 0.399804 0.247285 2 0.398351 0.247304 2 0.400849 0.247460 2 0.397221 0.247340 2 0.402388 0.254212 2 0.395287 0.253273 2 0.404354 0.262570 2 0.393070 0.257523 2 0.405216 0.269994 2 0.393898 0.258682 2 0.401324 0.271586 2 0.396642 0.271503 2 0.401405 0.283760 2 0.396510 0.283977 2 0.401597 0.295827 2 0.396866 0.295784 2
0 0.642857 0.291317 0.027311 0.059757 0.645700 0.268607 2 0.645956 0.267268 2 0.646172 0.267134 1 0.647315 0.267430 2 0.648741 0.266740 1 0.648163 0.274916 2 0.649923 0.272372 2 0.644650 0.284944 2 0.645627 0.279515 2 0.639989 0.286205 2 0.640914 0.281999 2 0.647854 0.294492 2 0.649163 0.292385 2 0.640959 0.293201 2 0.643018 0.290950 1 0.640932 0.302910 1 0.642709 0.301354 1
0 0.452994 0.040616 0.014181 0.045752 0.453571 0.026796 1 0.453503 0.025919 1 0.453812 0.026008 1 0.452679 0.026396 2 0.455339 0.026479 2 0.451758 0.031569 2 0.457158 0.032095 2 0.450187 0.037879 2 0.458113 0.038010 2 0.448010 0.037146 2 0.456331 0.040948 1 0.453079 0.045068 2 0.456811 0.045352 2 0.449233 0.046849 2 0.454431 0.049100 2 0.451159 0.055382 2 0.455563 0.058585 2
0 0.436450 0.533613 0.018908 0.049486 0.436057 0.516096 2 0.436268 0.515069 1 0.435630 0.514789 2 0.435463 0.515636 1 0.434233 0.515300 2 0.435383 0.520835 2 0.431505 0.522260 2 0.439689 0.525111 2 0.434035 0.531790 2 0.443875 0.530143 2 0.440521 0.534997 2 0.434314 0.540722 2 0.431765 0.542135 2 0.440817 0.554283 2 0.439055 0.555161 2 0.442725 0.562026 1 0.442421 0.562337 1
0 0.503151 0.143324 0.009454 0.036415 0.503929 0.133352 2 0.504200 0.132432 1 0.503539 0.132671 1 0.504929 0.132228 2 0.503418 0.132791 1 0.506427 0.136106 2 0.503829 0.136454 2 0.507599 0.141487 2 0.504023 0.141463 2 0.506546 0.145881 2 0.503830 0.145928 2 0.505880 0.146551 2 0.504251 0.146428 2 0.505147 0.153564 2 0.504370 0.153201 2 0.505156 0.159850 2 0.505083 0.159542 2
0 0.495011 0.133053 0.011029 0.051354 0.494848 0.115976 2 0.495300 0.114932 2 0.494367 0.115111 2 0.496217 0.114827 2 0.493759 0.115294 2 0.498623 0.119907 2 0.493060 0.121226 2 0.500371 0.127398 2 0.491617 0.127504 2 0.499922 0.133961 2 0.491212 0.134238 2 0.498236 0.135535 2 0.494480 0.136373 2 0.498566 0.144717 2 0.494857 0.147706 2 0.499143 0.152805 2 0.494909 0.158674 2
0 0.523634 0.106443 0.012605 0.054155 0.524724 0.088686 2 0.525094 0.087700 2 0.524233 0.087671 2 0.525484 0.087998 1 0.523134 0.087907 2 0.526964 0.093764 2 0.521832 0.094448 2 0.528460 0.100942 2 0.520612 0.100792 2 0.527012 0.105094 2 0.521552 0.106381 2 0.526138 0.108063 2 0.522600 0.108608 2 0.525795 0.116877 2 0.522047 0.119911 2 0.525880 0.125232 2 0.520910 0.131134 2
0 0.517595 0.105976 0.011029 0.042017 0.525053 0.088557 2 0.525188 0.087447 1 0.524501 0.087516 2 0.524824 0.087927 1 0.523151 0.088153 2 0.524635 0.094016 1 0.521967 0.094196 2 0.524084 0.101475 1 0.520511 0.101485 2 0.523829 0.107513 1 0.520809 0.107859 2 0.524077 0.108447 2 0.522406 0.108626 2 0.523266 0.119312 2 0.522088 0.119746 2 0.521925 0.130511 2 0.521374 0.130768 2
0 0.385767 0.129785 0.016282 0.044818 0.385095 0.112064 2 0.385669 0.110659 2 0.384790 0.110828 2 0.387305 0.110929 2 0.385426 0.111199 1 0.388880 0.117995 2 0.386922 0.117866 2 0.387736 0.126818 2 0.386203 0.126087 2 0.383249 0.127054 2 0.382719 0.126890 2 0.389015 0.134281 2 0.387683 0.133626 2 0.387277 0.143777 2 0.386315 0.142305 2 0.388079 0.152900 2 0.387659 0.152148 2
0 0.558036 0.145191 0.014181 0.062558 0.560105 0.122719 1 0.560005 0.121523 1 0.560263 0.121649 1 0.558433 0.121922 2 0.561469 0.122307 2 0.556191 0.128798 2 0.562506 0.129104 2 0.554224 0.136371 2 0.563281 0.138105 2 0.555695 0.140546 2 0.563303 0.145300 2 0.556567 0.146576 2 0.560774 0.146546 2 0.556629 0.159658 2 0.559796 0.158864 2 0.556779 0.171972 2 0.558355 0.169873 2
0 0.208771 0.825864 0.019433 0.075630 0.211499 0.795842 2 0.212631 0.794195 2 0.210730 0.793986 1 0.214979 0.794354 2 0.210174 0.794017 1 0.217483 0.802428 2 0.208329 0.802036 2 0.219160 0.816281 2 0.207493 0.815851 2 0.214866 0.822040 2 0.207790 0.827615 2 0.216411 0.826217 2 0.210455 0.826206 2 0.219372 0.837444 2 0.214087 0.837655 2 0.219531 0.846675 1 0.216364 0.846501 1
0 0.257353 0.772642 0.026261 0.073763 0.257220 0.722584 1 0.258017 0.721755 1 0.256593 0.721755 1 0.259739 0.721755 1 0.256701 0.721860 1 0.262225 0.726369 2 0.256676 0.727398 2 0.264015 0.736499 2 0.257708 0.737066 2 0.260052 0.737381 2 0.257467 0.738279 2 0.262207 0.752143 2 0.258342 0.752498 2 0.262058 0.771119 2 0.259197 0.771925 2 0.265516 0.787169 2 0.265215 0.787476 2
0 0.226628 0.788049 0.022584 0.065359 0.211599 0.795730 1 0.212368 0.794245 2 0.211514 0.794127 1 0.214730 0.795192 2 0.212690 0.794774 1 0.217405 0.803556 2 0.213249 0.802714 1 0.219697 0.819346 2 0.213488 0.818196 1 0.214908 0.822041 2 0.212192 0.821448 1 0.215792 0.829508 2 0.212777 0.828589 1 0.219257 0.827668 1 0.214574 0.825487 1 0.219260 0.830238 1 0.214174 0.828915 1
