0 0.562872 0.585317 0.018601 0.104497 0.563010 0.542535 1 0.562111 0.540462 1 0.562887 0.540309 1 0.557732 0.540837 1 0.561422 0.540826 2 0.555391 0.550519 2 0.560482 0.551538 2 0.559028 0.562010 1 0.564074 0.563940 2 0.565546 0.560345 1 0.567478 0.561346 2 0.557746 0.577144 2 0.561207 0.578212 2 0.559748 0.599099 2 0.561758 0.600898 2 0.559101 0.619914 2 0.560220 0.622305 2
0 0.561384 0.552910 0.033482 0.071429 0.563089 0.539875 1 0.562115 0.537975 1 0.562903 0.537928 1 0.558060 0.538894 1 0.561650 0.539243 2 0.555892 0.550012 2 0.560344 0.550747 2 0.560031 0.561696 2 0.563652 0.562680 2 0.565867 0.561922 1 0.567369 0.563356 2 0.558420 0.577335 2 0.561258 0.578626 2 0.563285 0.593871 1 0.563611 0.596748 2 0.561454 0.599402 1 0.560377 0.600156 1
0 0.407366 0.425265 0.011161 0.046296 0.405323 0.406989 2 0.405814 0.406048 2 0.405207 0.406115 1 0.406923 0.406506 2 0.405591 0.406638 1 0.407587 0.411810 2 0.405745 0.411478 2 0.407433 0.417490 2 0.403762 0.415236 2 0.404010 0.417425 2 0.400892 0.414944 2 0.407825 0.424069 2 0.406718 0.423847 2 0.407562 0.432809 2 0.406981 0.432725 2 0.409018 0.441306 2 0.408437 0.440747 2
0 0.538690 0.496032 0.013393 0.074074 0.540447 0.472664 2 0.540805 0.471056 2 0.539684 0.471161 2 0.540819 0.470782 1 0.537622 0.470913 2 0.541818 0.477452 2 0.535209 0.477894 2 0.543880 0.485179 2 0.534490 0.487845 2 0.543118 0.481777 2 0.538359 0.490918 2 0.541489 0.496079 2 0.536962 0.496394 2 0.541897 0.510488 2 0.537005 0.511060 2 0.540935 0.524143 2 0.536271 0.524838 2
0 0.551711 0.494048 0.017113 0.075397 0.547884 0.463938 1 0.547868 0.462846 1 0.548217 0.463063 1 0.546975 0.463214 2 0.549994 0.463727 2 0.545585 0.468877 2 0.551311 0.470479 2 0.543104 0.474923 2 0.551577 0.478673 2 0.542202 0.474690 2 0.549780 0.481075 1 0.545965 0.484474 2 0.549967 0.484992 2 0.543581 0.480168 2 0.548442 0.481655 2 0.544191 0.487162 2 0.549003 0.489256 2
0 0.470610 0.522487 0.018601 0.089947 0.468004 0.490795 1 0.467802 0.489244 1 0.468363 0.489444 1 0.465835 0.490823 2 0.470311 0.491174 2 0.463461 0.500327 2 0.471960 0.500595 2 0.461104 0.509829 2 0.473954 0.510767 2 0.461014 0.516690 2 0.474035 0.517520 2 0.464965 0.519937 2 0.470586 0.519978 2 0.465146 0.537725 2 0.470038 0.537241 2 0.465553 0.554721 2 0.469155 0.553350 2
0 0.495164 0.548280 0.023065 0.099206 0.500479 0.510243 2 0.499576 0.508531 1 0.499749 0.508621 2 0.494965 0.510057 1 0.497634 0.510682 2 0.490906 0.521364 2 0.499870 0.521682 2 0.489323 0.534536 2 0.502749 0.532909 2 0.492817 0.535414 1 0.503087 0.524842 2 0.493166 0.548499 2 0.499322 0.548821 2 0.494173 0.568402 2 0.500167 0.566994 2 0.494740 0.588170 2 0.499742 0.585854 2
0 0.496280 0.521164 0.022321 0.092593 0.500676 0.510570 2 0.499957 0.508895 1 0.500039 0.508840 2 0.495542 0.510508 1 0.498089 0.510658 2 0.491549 0.521971 2 0.500054 0.521603 2 0.490091 0.535098 2 0.502257 0.535526 2 0.492970 0.541012 2 0.503526 0.546673 2 0.493385 0.549746 2 0.499427 0.549731 2 0.493803 0.569779 2 0.500887 0.567973 2 0.494437 0.584622 1 0.500693 0.583032 2
0 0.509673 0.513889 0.014881 0.067460 0.518327 0.478817 2 0.518521 0.477035 1 0.517622 0.477104 2 0.517655 0.476030 1 0.515370 0.476228 2 0.516839 0.483436 2 0.514174 0.483725 2 0.516667 0.494269 1 0.513063 0.494298 2 0.517129 0.503798 1 0.514159 0.505147 2 0.517214 0.503302 2 0.515589 0.503818 2 0.516607 0.515955 2 0.515356 0.516786 2 0.516807 0.530669 2 0.515572 0.531570 2
0 0.517113 0.501323 0.016369 0.076720 0.509492 0.492870 1 0.509124 0.491658 1 0.509659 0.491729 1 0.507242 0.492561 1 0.510835 0.492806 2 0.506119 0.499890 2 0.511869 0.500326 2 0.505952 0.508320 1 0.514012 0.508852 2 0.506659 0.514564 1 0.515192 0.514348 2 0.506568 0.517546 2 0.510486 0.517667 2 0.506924 0.529573 2 0.510607 0.529660 2 0.507064 0.542591 2 0.510655 0.543487 2
0 0.475446 0.505952 0.014881 0.078042 0.467595 0.490635 1 0.467372 0.489183 1 0.468054 0.489278 1 0.465936 0.490868 2 0.470472 0.491003 2 0.465030 0.500394 2 0.471831 0.501008 2 0.465030 0.508830 1 0.473411 0.510434 2 0.465615 0.513146 1 0.472256 0.513871 2 0.465664 0.519676 2 0.470477 0.519810 2 0.465270 0.537011 2 0.469796 0.536866 2 0.465446 0.553669 2 0.469657 0.553624 2
0 0.456101 0.502646 0.016369 0.084656 0.459469 0.471699 1 0.458982 0.470069 1 0.459420 0.470147 1 0.455860 0.471049 2 0.459802 0.471373 2 0.453951 0.480757 2 0.461276 0.481232 2 0.452947 0.493212 2 0.462509 0.493871 2 0.454336 0.504191 2 0.461355 0.504433 2 0.455124 0.502530 2 0.460117 0.502958 2 0.456536 0.521199 2 0.460201 0.521217 2 0.456816 0.537856 2 0.459057 0.538370 2
0 0.892857 0.941799 0.049107 0.113757 0.892958 0.909912 2 0.894936 0.905746 2 0.890059 0.905888 2 0.896239 0.904860 2 0.884549 0.904860 2 0.901676 0.926784 2 0.876460 0.925539 2 0.909844 0.956486 2 0.868084 0.954093 2 0.915208 0.988409 2 0.865183 0.981098 2 0.895852 0.990718 2 0.880071 0.990097 2 0.896207 1.000000 1 0.879138 1.000000 1 0.891269 0.975658 1 0.890119 0.974671 1
0 0.845982 0.914683 0.046131 0.167989 0.854873 0.854248 2 0.856070 0.850382 2 0.852534 0.850767 2 0.857054 0.850421 1 0.847307 0.850584 2 0.859026 0.871712 2 0.841042 0.867761 2 0.864372 0.893908 2 0.834867 0.895193 2 0.866209 0.888785 2 0.831926 0.917624 2 0.855144 0.927482 2 0.842380 0.924522 2 0.855937 0.971353 2 0.836711 0.962487 2 0.855786 1.000000 2 0.831777 0.984069 2
0 0.808408 0.921296 0.043899 0.123016 0.806831 0.880720 2 0.808990 0.878438 2 0.805196 0.877108 2 0.811109 0.880489 2 0.802014 0.876997 2 0.812275 0.896051 2 0.797323 0.891657 2 0.820629 0.906649 2 0.792345 0.901057 2 0.829308 0.912738 2 0.790162 0.912448 2 0.806274 0.931295 2 0.797588 0.929708 2 0.805068 0.954175 2 0.800495 0.953834 2 0.799343 0.970596 2 0.799407 0.973249 2
0 0.868304 0.925265 0.032738 0.117725 0.890625 0.908392 2 0.890625 0.904796 1 0.889644 0.904473 2 0.890407 0.904258 1 0.884308 0.903540 2 0.890625 0.926433 1 0.875979 0.924833 2 0.890625 0.956421 1 0.867816 0.951057 2 0.889835 0.979192 1 0.865650 0.975710 2 0.889084 0.987545 1 0.878829 0.987611 2 0.888176 0.998925 1 0.877782 0.998925 1 0.888293 0.998865 1 0.876291 0.998066 1
0 0.623512 0.607143 0.028274 0.108466 0.626022 0.566453 2 0.627364 0.563712 2 0.625044 0.564286 2 0.630056 0.565481 2 0.624732 0.566489 1 0.631744 0.580488 2 0.626407 0.578278 2 0.632891 0.594501 2 0.628131 0.594010 2 0.632995 0.598583 2 0.627232 0.600700 1 0.629615 0.609990 2 0.625000 0.607103 2 0.630348 0.630732 2 0.617859 0.619613 2 0.630571 0.654540 2 0.616422 0.637133 2
