0 0.552827 0.558862 0.017857 0.093915 0.550377 0.524753 1 0.549589 0.522976 1 0.550335 0.522879 1 0.545892 0.523899 1 0.549782 0.523945 2 0.544824 0.533239 2 0.548649 0.533927 2 0.548240 0.543473 1 0.552206 0.544973 2 0.553356 0.541689 1 0.554713 0.543203 2 0.547236 0.558495 2 0.549662 0.559451 2 0.549830 0.578541 2 0.550481 0.580258 2 0.548953 0.597533 2 0.549237 0.598847 2
0 0.549479 0.538360 0.033482 0.071429 0.550412 0.524036 1 0.549465 0.522310 1 0.550465 0.522305 1 0.545758 0.523227 1 0.549979 0.523703 2 0.544046 0.532721 2 0.548649 0.533665 2 0.548502 0.540977 2 0.552010 0.543830 2 0.552674 0.541058 1 0.554602 0.545268 2 0.545186 0.554853 2 0.548184 0.555996 2 0.552282 0.563262 2 0.554321 0.564816 2 0.549778 0.581027 2 0.550252 0.580353 2
0 0.528274 0.488757 0.014881 0.070106 0.523230 0.487711 1 0.522732 0.486418 1 0.523300 0.486497 1 0.519941 0.487604 2 0.523662 0.488040 2 0.518392 0.496103 2 0.524461 0.496559 2 0.517877 0.505948 1 0.526563 0.505093 2 0.518589 0.514165 1 0.527029 0.506577 1 0.519117 0.515969 2 0.523114 0.516275 2 0.520642 0.531375 2 0.523669 0.531625 2 0.520963 0.536541 1 0.522901 0.536541 1
0 0.539062 0.482143 0.017113 0.075397 0.537120 0.461697 2 0.537836 0.460144 2 0.536496 0.460134 2 0.538877 0.458907 2 0.535401 0.458866 2 0.540280 0.463659 2 0.533921 0.464682 2 0.544204 0.468613 2 0.531942 0.472138 2 0.541458 0.473711 2 0.532691 0.478137 2 0.538922 0.480074 2 0.534757 0.480484 2 0.540047 0.484960 1 0.534664 0.484660 1 0.539362 0.485036 1 0.533931 0.484141 1
0 0.454985 0.529762 0.017113 0.088624 0.460097 0.484869 1 0.459967 0.483364 1 0.460274 0.483392 1 0.458156 0.484148 2 0.461897 0.484286 2 0.456414 0.493169 2 0.463512 0.493395 2 0.455368 0.504319 2 0.464311 0.504313 2 0.456730 0.512356 1 0.461887 0.512282 2 0.457444 0.514720 2 0.462429 0.514720 2 0.457762 0.532234 2 0.461959 0.532297 2 0.458428 0.548227 2 0.461553 0.548619 2
0 0.486979 0.553571 0.023065 0.099206 0.489076 0.519362 1 0.488283 0.517524 1 0.488743 0.517518 1 0.483917 0.518463 2 0.488321 0.518761 2 0.480798 0.530335 2 0.490793 0.529884 2 0.478675 0.544118 2 0.493058 0.544999 2 0.481425 0.550222 2 0.493782 0.557476 2 0.482620 0.557935 2 0.489439 0.557607 2 0.483856 0.578079 2 0.489888 0.575440 2 0.484853 0.596404 2 0.489430 0.594059 2
0 0.486979 0.527116 0.018601 0.096561 0.489006 0.519486 1 0.488346 0.517620 1 0.488809 0.517675 1 0.484348 0.518414 2 0.488537 0.518832 2 0.481179 0.529849 2 0.490584 0.529858 2 0.478471 0.543581 2 0.493153 0.544545 2 0.480666 0.549775 2 0.493674 0.557357 2 0.482776 0.557277 2 0.489103 0.557291 2 0.483873 0.577532 2 0.489606 0.576515 2 0.484693 0.591574 2 0.489063 0.591291 2
0 0.505952 0.519180 0.014881 0.067460 0.505717 0.494532 1 0.505747 0.493437 1 0.506127 0.493460 1 0.505073 0.494163 2 0.508407 0.494116 2 0.503769 0.500831 2 0.509717 0.500583 2 0.501887 0.509264 2 0.510662 0.509781 2 0.501300 0.515157 2 0.510138 0.517924 2 0.504716 0.518214 2 0.508658 0.517835 2 0.505218 0.531136 2 0.508629 0.530289 2 0.505754 0.544414 2 0.508315 0.543253 2
0 0.520089 0.515873 0.016369 0.076720 0.522729 0.488287 1 0.522280 0.486897 1 0.522789 0.486921 1 0.519719 0.487826 2 0.523207 0.488098 2 0.517808 0.496215 2 0.523990 0.496531 2 0.517261 0.506109 2 0.526053 0.505454 2 0.517620 0.514746 2 0.527419 0.506538 1 0.519190 0.515720 2 0.523186 0.516036 2 0.521121 0.530208 2 0.523554 0.530087 2 0.520796 0.543801 2 0.521669 0.542728 2
0 0.459821 0.511243 0.014881 0.078042 0.460175 0.484476 1 0.460049 0.482903 1 0.460423 0.483053 1 0.458240 0.483961 2 0.462142 0.484136 2 0.456767 0.493440 2 0.463794 0.493643 2 0.456131 0.504845 2 0.464415 0.504975 2 0.457424 0.512335 1 0.461145 0.512336 2 0.457856 0.514590 2 0.462805 0.514768 2 0.458341 0.532136 2 0.462612 0.532060 2 0.458879 0.547026 2 0.462140 0.547223 2
0 0.438616 0.511243 0.017113 0.088624 0.439349 0.481369 1 0.438984 0.479812 1 0.439340 0.479788 1 0.436345 0.480760 2 0.440222 0.480675 2 0.434781 0.490452 2 0.442194 0.489831 2 0.434758 0.502777 2 0.444000 0.501469 2 0.437568 0.511014 2 0.442654 0.510784 2 0.436722 0.511274 2 0.441867 0.511173 2 0.437699 0.529990 2 0.441610 0.529650 2 0.438172 0.548052 2 0.440892 0.548235 2
0 0.757440 0.773810 0.035714 0.158730 0.761795 0.712845 2 0.761823 0.709687 2 0.760220 0.709806 2 0.760191 0.710347 1 0.755113 0.710600 2 0.764588 0.723130 2 0.749417 0.727513 2 0.767558 0.741680 2 0.746013 0.749325 2 0.769884 0.762784 2 0.747343 0.770805 2 0.763309 0.767846 2 0.753283 0.770863 2 0.765748 0.795914 2 0.753269 0.804573 2 0.757939 0.812967 2 0.753887 0.832104 2
0 0.733631 0.740079 0.029762 0.133598 0.735505 0.689224 2 0.736643 0.686959 2 0.733967 0.687056 2 0.738251 0.688048 2 0.731530 0.688068 2 0.740028 0.703208 2 0.727399 0.700829 2 0.743183 0.720577 2 0.723223 0.717799 2 0.744637 0.734858 2 0.719861 0.731543 2 0.737288 0.739943 2 0.728712 0.738452 2 0.737419 0.768121 2 0.726581 0.764022 2 0.738411 0.796102 2 0.726672 0.786021 2
0 0.709449 0.746032 0.030506 0.103175 0.703772 0.714360 2 0.705048 0.712080 2 0.702458 0.712341 2 0.707085 0.712490 2 0.700799 0.713277 2 0.709227 0.723057 2 0.699985 0.725527 2 0.712183 0.731236 2 0.698190 0.737598 2 0.712551 0.729942 2 0.698166 0.749969 2 0.707379 0.749407 2 0.701508 0.750448 2 0.706493 0.763015 2 0.701648 0.767057 2 0.706248 0.774090 2 0.702341 0.781561 2
0 0.610491 0.582672 0.014137 0.101852 0.607420 0.546388 2 0.608273 0.544458 2 0.607659 0.544283 1 0.611086 0.546061 2 0.610037 0.545535 1 0.612250 0.558200 2 0.610964 0.556570 2 0.612622 0.573047 2 0.611365 0.569449 1 0.611104 0.576128 2 0.611456 0.574662 1 0.611559 0.584469 2 0.610702 0.583691 2 0.611924 0.606001 2 0.611373 0.606030 2 0.612560 0.625935 2 0.612616 0.625105 2
