0 0.273634 0.809524 0.022059 0.084034 0.270911 0.779186 2 0.272046 0.777220 2 0.269892 0.777482 2 0.274726 0.775847 2 0.269160 0.776601 1 0.277445 0.782838 2 0.268552 0.783249 2 0.280697 0.791875 2 0.267567 0.792552 2 0.282597 0.801822 2 0.267750 0.803187 2 0.277543 0.804031 2 0.272018 0.804325 2 0.277910 0.817747 2 0.273873 0.817502 2 0.278254 0.829572 2 0.275932 0.827668 2
0 0.367384 0.495331 0.019433 0.051354 0.368367 0.477088 2 0.369079 0.475700 2 0.367670 0.475796 2 0.370194 0.475485 2 0.366648 0.475647 2 0.372150 0.481158 2 0.364834 0.481424 2 0.374905 0.487714 2 0.362844 0.487760 2 0.373321 0.491921 2 0.362669 0.493481 2 0.370890 0.498350 2 0.365974 0.498448 2 0.371650 0.509984 2 0.364631 0.510467 2 0.370760 0.521476 2 0.364805 0.521588 2
0 0.165966 0.610644 0.017857 0.078431 0.163373 0.587123 2 0.164354 0.586188 2 0.163201 0.585671 2 0.166834 0.586713 2 0.163217 0.585791 1 0.170475 0.593209 2 0.162996 0.594017 2 0.170113 0.604865 2 0.161963 0.604032 2 0.165921 0.608830 2 0.165276 0.610577 2 0.170393 0.611051 2 0.164917 0.611519 2 0.169404 0.618460 2 0.164369 0.622268 2 0.175298 0.629122 2 0.166926 0.641572 2
0 0.151523 0.615313 0.019433 0.072829 0.150225 0.590979 2 0.150987 0.589681 2 0.149666 0.589599 2 0.152241 0.589477 2 0.149066 0.589313 2 0.153710 0.596593 2 0.146848 0.595617 2 0.155583 0.605945 2 0.144879 0.604261 2 0.154568 0.613769 2 0.144950 0.613527 2 0.153208 0.615558 2 0.148983 0.615308 2 0.153895 0.629633 2 0.150942 0.628314 2 0.155767 0.641946 2 0.154491 0.637939 2
0 0.351891 0.376284 0.012605 0.041083 0.352286 0.367582 2 0.352768 0.366363 2 0.351623 0.366687 2 0.353687 0.365887 2 0.350832 0.366696 2 0.355637 0.370212 2 0.349827 0.371618 2 0.358050 0.376185 2 0.347847 0.378677 2 0.357006 0.381003 2 0.349957 0.384186 2 0.355559 0.384202 2 0.351777 0.384950 2 0.356276 0.392573 2 0.351072 0.394071 2 0.355688 0.400060 2 0.351302 0.401596 2
0 0.555935 0.369281 0.008929 0.027077 0.557611 0.363552 1 0.557575 0.362603 1 0.557878 0.362786 1 0.556496 0.362904 2 0.558971 0.363221 2 0.554484 0.367771 2 0.560032 0.368974 2 0.552640 0.372392 2 0.561216 0.375661 2 0.554156 0.374266 2 0.560794 0.378756 2 0.554881 0.381739 2 0.558612 0.382292 2 0.554565 0.386376 1 0.558583 0.386493 1 0.554390 0.387001 1 0.558022 0.386920 1
0 0.360819 0.219421 0.012605 0.048553 0.361032 0.204921 1 0.360682 0.204090 1 0.360995 0.204098 1 0.359279 0.204347 1 0.360697 0.204690 2 0.359071 0.208454 2 0.359813 0.210245 2 0.359953 0.214875 1 0.360777 0.216262 2 0.362420 0.217430 1 0.362974 0.219840 2 0.359376 0.220304 2 0.359460 0.221816 2 0.362118 0.225055 2 0.358959 0.230747 2 0.362929 0.230607 2 0.358501 0.239166 2
0 0.182773 0.253968 0.012605 0.052288 0.180735 0.239790 1 0.180726 0.238843 1 0.180944 0.238622 1 0.181228 0.238824 2 0.183270 0.238293 1 0.182302 0.243347 2 0.184959 0.242918 2 0.180467 0.249560 2 0.186303 0.249697 2 0.178616 0.251107 2 0.186259 0.255500 1 0.183556 0.256375 2 0.185350 0.256113 2 0.183310 0.264345 2 0.185855 0.265270 2 0.183004 0.272605 2 0.187699 0.275471 2
0 0.220588 0.208683 0.014706 0.043884 0.220555 0.192075 2 0.220352 0.191471 1 0.220153 0.191644 2 0.219608 0.192234 1 0.219199 0.192741 2 0.220589 0.195880 2 0.219076 0.196899 2 0.222524 0.199732 2 0.220598 0.201111 2 0.221839 0.200012 2 0.221935 0.199438 2 0.221593 0.206421 2 0.220556 0.206965 2 0.222196 0.214131 2 0.221553 0.214625 2 0.222147 0.221925 2 0.221851 0.222507 2
0 0.263130 0.233894 0.012605 0.027077 0.270152 0.215884 1 0.270302 0.215686 1 0.269786 0.215686 1 0.270466 0.215686 1 0.269085 0.215741 1 0.271051 0.218416 2 0.268560 0.218550 2 0.271458 0.222527 1 0.268152 0.222637 2 0.270032 0.223182 1 0.270671 0.223739 2 0.271268 0.227966 2 0.269571 0.228113 2 0.270822 0.234310 2 0.269407 0.234492 2 0.270934 0.240907 1 0.269317 0.240899 2
0 0.239758 0.207750 0.008929 0.043884 0.240097 0.192300 1 0.240162 0.191431 1 0.240440 0.191555 1 0.240086 0.191872 2 0.242282 0.191928 2 0.239374 0.196277 2 0.243182 0.196616 2 0.238185 0.201863 2 0.243857 0.203112 2 0.239044 0.203291 1 0.243571 0.206592 1 0.240339 0.207036 2 0.242866 0.207297 2 0.240174 0.214583 2 0.242406 0.215025 2 0.240434 0.221672 2 0.242506 0.221816 2
0 0.267595 0.225023 0.008929 0.041083 0.268334 0.213846 1 0.268319 0.213095 1 0.268506 0.213048 1 0.268429 0.213160 2 0.269459 0.212952 2 0.270377 0.217303 2 0.268729 0.217057 2 0.272038 0.222575 2 0.267950 0.222475 2 0.268914 0.222785 2 0.268696 0.223028 2 0.271123 0.228101 2 0.270060 0.227903 2 0.270832 0.235602 2 0.269771 0.235324 2 0.271097 0.241903 2 0.269840 0.241896 2
0 0.283088 0.221289 0.011555 0.044818 0.281858 0.206687 1 0.281932 0.205819 1 0.282172 0.205786 1 0.282380 0.205995 2 0.284101 0.205856 1 0.282367 0.210434 2 0.285647 0.210751 2 0.281508 0.215354 2 0.286852 0.217626 2 0.280405 0.219324 2 0.287421 0.223413 2 0.283348 0.222972 2 0.285361 0.222939 2 0.283984 0.232095 2 0.284785 0.231578 2 0.285616 0.240525 2 0.285284 0.240300 2
0 0.210347 0.118114 0.011029 0.040149 0.217010 0.108159 2 0.217308 0.107475 2 0.216754 0.107499 2 0.217713 0.107522 1 0.216361 0.107559 2 0.217731 0.110537 1 0.215955 0.110702 2 0.217329 0.113899 1 0.215302 0.114756 2 0.216446 0.113674 1 0.215666 0.117277 2 0.217952 0.119413 2 0.216798 0.119559 2 0.217845 0.126242 1 0.217273 0.126411 2 0.217629 0.132567 1 0.217293 0.132691 2
0 0.213761 0.118581 0.008403 0.033613 0.217296 0.108008 2 0.217536 0.107349 1 0.216981 0.107377 2 0.217817 0.107375 1 0.216421 0.107450 2 0.218303 0.110172 2 0.215893 0.110341 2 0.218770 0.113299 2 0.215537 0.113409 2 0.216943 0.113697 2 0.217637 0.113800 2 0.218413 0.118892 2 0.216758 0.118985 2 0.218459 0.126091 2 0.217104 0.126241 2 0.218339 0.132726 2 0.217197 0.132902 2
0 0.224527 0.118581 0.008929 0.033613 0.224751 0.108242 2 0.225115 0.107539 2 0.224375 0.107554 2 0.225666 0.107835 2 0.223905 0.107850 2 0.226669 0.111893 2 0.223048 0.111808 2 0.227796 0.116477 2 0.222246 0.116438 2 0.227244 0.120737 2 0.222345 0.120655 2 0.226296 0.122156 2 0.223924 0.122098 2 0.226541 0.129150 2 0.223874 0.128783 2 0.226230 0.135801 2 0.224278 0.134949 2
0 0.581408 0.728758 0.019958 0.060691 0.580268 0.715575 1 0.580549 0.714299 1 0.581226 0.714620 1 0.580880 0.716177 2 0.585103 0.716533 1 0.579092 0.724898 2 0.586642 0.725857 2 0.576429 0.730446 2 0.589704 0.729366 2 0.575684 0.724887 2 0.587384 0.724839 2 0.580654 0.744963 2 0.585636 0.745823 2 0.578913 0.747233 2 0.584447 0.751720 2 0.580834 0.759668 2 0.586890 0.763699 2
0 0.506303 0.059757 0.008403 0.016807 0.507163 0.058975 2 0.507366 0.058390 1 0.506949 0.058419 2 0.507645 0.058165 1 0.506619 0.058204 2 0.508622 0.060404 2 0.505489 0.060598 2 0.510073 0.063948 2 0.504660 0.064426 2 0.508899 0.068185 2 0.505879 0.067495 2 0.508133 0.068554 2 0.506060 0.068679 2 0.508497 0.069680 1 0.505752 0.069678 1 0.508063 0.069311 1 0.506360 0.068752 1
