0 0.938988 0.651455 0.061012 0.157407 0.948547 0.592419 1 0.949454 0.590285 1 0.951036 0.591033 1 0.950031 0.596931 2 0.960607 0.597795 1 0.941995 0.612933 2 0.966311 0.617644 2 0.929020 0.607242 2 0.961428 0.622813 2 0.940432 0.594826 2 0.953177 0.602039 1 0.940975 0.673845 2 0.957347 0.673085 2 0.911110 0.656712 2 0.932413 0.653518 2 0.924407 0.703421 2 0.943354 0.697467 2
0 0.933408 0.638889 0.034970 0.119048 0.948432 0.593381 2 0.949510 0.590865 2 0.949339 0.590797 1 0.950766 0.595865 2 0.953578 0.595508 1 0.943841 0.612936 2 0.955041 0.612179 2 0.928551 0.604585 2 0.935696 0.608649 1 0.940450 0.593190 2 0.942656 0.598134 1 0.940337 0.665946 2 0.948280 0.663663 2 0.913957 0.662756 2 0.930071 0.657103 2 0.927118 0.703585 2 0.941550 0.700041 2
0 0.494420 0.564815 0.037946 0.124339 0.493677 0.523044 2 0.495494 0.519588 2 0.492194 0.519555 2 0.500459 0.519203 2 0.494205 0.519010 1 0.500997 0.536094 2 0.502718 0.532739 2 0.494008 0.562962 2 0.496607 0.555509 1 0.484874 0.576333 2 0.485500 0.568228 1 0.502651 0.579079 2 0.504921 0.574940 2 0.479273 0.577270 2 0.491398 0.570231 2 0.488597 0.611460 2 0.502036 0.602946 2
0 0.671131 0.417989 0.028274 0.145503 0.672814 0.362864 2 0.674390 0.360565 2 0.671460 0.360008 2 0.676083 0.362801 2 0.669178 0.361391 2 0.678476 0.378090 2 0.665079 0.377301 2 0.680989 0.397622 2 0.660734 0.396521 2 0.683119 0.412739 2 0.659205 0.413821 2 0.674139 0.414920 2 0.666234 0.414723 2 0.671526 0.440722 2 0.668456 0.442411 2 0.666427 0.462790 2 0.670429 0.468208 2
0 0.422619 0.382937 0.023810 0.091270 0.420871 0.350613 1 0.421096 0.349013 1 0.421333 0.348934 1 0.422560 0.349502 2 0.425146 0.349115 1 0.423830 0.357207 2 0.427737 0.356380 2 0.422443 0.367569 2 0.424995 0.365828 1 0.419373 0.363680 2 0.420723 0.363843 1 0.424392 0.380219 2 0.427285 0.379485 2 0.423410 0.399542 2 0.426797 0.399740 2 0.425368 0.417207 2 0.428447 0.419215 2
0 0.407738 0.328042 0.017857 0.050265 0.410406 0.313894 2 0.411129 0.312569 2 0.409802 0.312695 2 0.412501 0.312722 2 0.409004 0.313006 2 0.413948 0.319744 2 0.408941 0.318940 2 0.412370 0.328251 2 0.406515 0.327024 2 0.408473 0.322146 2 0.404670 0.331613 2 0.412729 0.335349 2 0.408825 0.334275 2 0.411472 0.337836 2 0.404219 0.336667 2 0.412825 0.343924 2 0.404096 0.343937 2
0 0.527158 0.307540 0.021577 0.099206 0.529112 0.270504 2 0.529982 0.268751 2 0.528102 0.268783 2 0.530788 0.269722 2 0.526363 0.269793 2 0.530903 0.278859 2 0.524551 0.279572 2 0.530554 0.290675 1 0.522468 0.291535 2 0.529873 0.292086 1 0.525963 0.287634 2 0.530607 0.304180 2 0.526250 0.304927 2 0.531724 0.325474 2 0.527289 0.326129 2 0.532414 0.345442 2 0.527590 0.346326 2
0 0.564360 0.312831 0.020089 0.093915 0.567185 0.275840 2 0.568168 0.274141 2 0.566267 0.273995 2 0.569697 0.276055 2 0.564904 0.275717 2 0.571970 0.287898 2 0.562356 0.286935 2 0.573173 0.300842 2 0.558107 0.297928 2 0.571748 0.311344 2 0.557487 0.307494 2 0.569051 0.311988 2 0.562566 0.311476 2 0.568425 0.331502 2 0.561245 0.330967 2 0.568198 0.349008 2 0.560998 0.348581 2
0 0.550967 0.324074 0.012649 0.074074 0.551817 0.300288 2 0.552422 0.298623 2 0.551012 0.299186 2 0.553762 0.299090 2 0.550175 0.300498 2 0.555811 0.306847 2 0.550003 0.308414 2 0.556880 0.315124 2 0.549028 0.317202 2 0.555571 0.319417 2 0.549937 0.324618 2 0.554753 0.322057 2 0.550584 0.322543 2 0.555086 0.335847 2 0.550031 0.337138 2 0.556987 0.350394 2 0.549431 0.352329 2
0 0.571057 0.304894 0.020089 0.085979 0.566962 0.275730 2 0.567943 0.274448 2 0.566153 0.274210 2 0.569462 0.276394 2 0.564903 0.275810 2 0.571134 0.287624 2 0.562254 0.286135 2 0.572957 0.300467 2 0.558832 0.293741 2 0.571632 0.310810 2 0.560540 0.290025 2 0.568689 0.311544 2 0.562618 0.310925 2 0.568125 0.331548 2 0.561437 0.331556 2 0.568704 0.351281 2 0.560675 0.350898 2
