0 0.470588 0.068161 0.010504 0.037348 0.471102 0.053781 2 0.471475 0.052766 2 0.470640 0.052836 2 0.472106 0.053116 2 0.470174 0.053311 2 0.473457 0.057199 2 0.469112 0.057076 2 0.474748 0.062217 2 0.467496 0.061360 2 0.473830 0.065540 2 0.467752 0.064644 2 0.472662 0.068093 2 0.469482 0.068008 2 0.475223 0.073887 2 0.467154 0.073907 2 0.474001 0.082065 2 0.467695 0.081654 2
0 0.758929 0.807656 0.034664 0.076564 0.757736 0.776037 1 0.757613 0.773877 1 0.758410 0.774169 1 0.757636 0.775119 2 0.764120 0.775343 2 0.755847 0.786283 2 0.768503 0.788071 2 0.748572 0.793962 2 0.768960 0.797750 1 0.749281 0.786422 2 0.761754 0.793188 1 0.756773 0.818406 2 0.765697 0.818738 2 0.746351 0.802198 2 0.758393 0.806752 2 0.745839 0.829289 2 0.759540 0.835107 2
0 0.607668 0.090103 0.014706 0.064426 0.608220 0.072605 1 0.608109 0.071606 1 0.608321 0.071715 1 0.606984 0.071718 2 0.609407 0.072140 2 0.605595 0.076374 2 0.610636 0.077996 2 0.603449 0.081057 2 0.611820 0.084749 2 0.603103 0.083060 2 0.611037 0.089177 2 0.606151 0.087104 2 0.609645 0.087814 2 0.604563 0.091837 2 0.608670 0.093856 2 0.604463 0.099276 2 0.608636 0.101861 2
0 0.258141 0.722222 0.020483 0.073763 0.258748 0.697772 2 0.257976 0.696381 1 0.258259 0.696707 2 0.254650 0.697755 1 0.256466 0.698944 2 0.253349 0.705910 2 0.256649 0.708426 2 0.255465 0.713875 1 0.257415 0.721273 2 0.258527 0.719412 1 0.259488 0.730501 2 0.253995 0.725469 2 0.256890 0.726624 2 0.255719 0.738828 2 0.261430 0.738983 2 0.255824 0.752476 2 0.263464 0.753688 2
0 0.269695 0.691410 0.021534 0.096172 0.273419 0.657384 2 0.273108 0.655729 1 0.272605 0.655693 2 0.270879 0.657020 1 0.269602 0.657614 2 0.270408 0.666838 2 0.266158 0.671484 2 0.270651 0.673077 1 0.264944 0.688879 2 0.271352 0.674729 1 0.265447 0.702868 2 0.272065 0.696968 2 0.269062 0.699595 2 0.274087 0.713689 2 0.269964 0.718617 2 0.273771 0.729679 2 0.269544 0.736210 2
0 0.754464 0.608310 0.025735 0.096172 0.756978 0.579298 1 0.757162 0.577780 1 0.757840 0.577902 1 0.757017 0.580110 2 0.762030 0.579623 1 0.755478 0.592232 2 0.763311 0.588215 2 0.752769 0.603799 2 0.764955 0.581699 2 0.750464 0.602333 2 0.760918 0.576441 2 0.753748 0.614523 2 0.759242 0.613827 2 0.748052 0.624628 2 0.756982 0.633733 2 0.744880 0.641388 2 0.756270 0.652375 2
0 0.915441 0.843137 0.033613 0.097106 0.922812 0.812073 2 0.924453 0.809769 2 0.921585 0.809261 2 0.926673 0.810334 2 0.919606 0.808683 2 0.927923 0.823110 2 0.917341 0.815291 2 0.924031 0.838328 2 0.912952 0.822859 2 0.917439 0.832692 2 0.913457 0.826883 2 0.919534 0.842993 2 0.912477 0.837795 2 0.915507 0.861423 2 0.909512 0.851877 2 0.911685 0.878365 2 0.910393 0.868904 2
0 0.942489 0.917367 0.035189 0.101774 0.945194 0.887909 2 0.946859 0.886675 2 0.945626 0.884111 1 0.950962 0.888286 2 0.947509 0.881634 1 0.953732 0.903522 2 0.945929 0.887930 2 0.949734 0.922812 2 0.939616 0.889873 2 0.945222 0.936755 2 0.936501 0.889884 2 0.943193 0.926194 2 0.937604 0.916888 2 0.941212 0.944689 2 0.933871 0.928133 2 0.941774 0.950270 2 0.933549 0.939611 2
0 0.945641 0.877218 0.036239 0.098039 0.945533 0.887431 2 0.947105 0.886297 2 0.945942 0.884004 1 0.950782 0.887857 2 0.947451 0.882017 1 0.953431 0.902551 2 0.945368 0.888025 2 0.949778 0.921489 2 0.938895 0.890092 2 0.944986 0.936317 2 0.936262 0.891627 2 0.943565 0.925575 2 0.937675 0.916846 2 0.940692 0.944149 2 0.933971 0.928942 2 0.943300 0.942959 1 0.934848 0.932290 1
0 0.483456 0.685341 0.024685 0.093371 0.484706 0.657436 2 0.485778 0.655008 2 0.483469 0.655690 2 0.487601 0.652031 2 0.481561 0.653472 2 0.489971 0.659557 2 0.478505 0.659679 2 0.492323 0.674771 2 0.475953 0.675600 2 0.493262 0.689348 2 0.475792 0.691048 2 0.488557 0.686010 2 0.480598 0.685919 2 0.491929 0.704219 2 0.479162 0.701408 2 0.491978 0.723608 2 0.478846 0.715812 2
0 0.394433 0.168067 0.016807 0.054155 0.390531 0.152030 1 0.390670 0.151053 1 0.390858 0.151101 1 0.391198 0.151527 2 0.392968 0.151345 1 0.391617 0.157096 2 0.394359 0.156494 2 0.389562 0.162843 2 0.393693 0.162364 1 0.386421 0.163272 2 0.389464 0.164143 1 0.393535 0.171523 2 0.395193 0.171057 2 0.393457 0.181150 2 0.394518 0.179930 2 0.395151 0.191181 2 0.394906 0.189766 2
0 0.582983 0.015406 0.012605 0.028945 0.583552 0.005327 2 0.583869 0.004611 2 0.583170 0.004612 2 0.584274 0.004864 1 0.582548 0.004837 2 0.584938 0.009178 2 0.581513 0.009030 2 0.586434 0.014669 2 0.580133 0.014186 2 0.585799 0.019039 2 0.580835 0.018948 2 0.584015 0.019549 2 0.581785 0.019512 2 0.583958 0.024832 2 0.581015 0.025121 2 0.583568 0.030496 2 0.580235 0.030281 2
0 0.716912 0.359010 0.016807 0.045752 0.718562 0.348581 2 0.719274 0.347686 2 0.718139 0.347293 2 0.719997 0.346858 2 0.716989 0.345910 2 0.720445 0.350408 2 0.714747 0.349238 2 0.722106 0.357675 2 0.714026 0.357438 2 0.721109 0.358428 2 0.717297 0.359511 2 0.716502 0.365195 2 0.712488 0.364219 2 0.716293 0.378234 2 0.711501 0.376127 2 0.716045 0.387721 2 0.710613 0.385961 2
0 0.732668 0.369748 0.018908 0.072829 0.731531 0.343888 1 0.731719 0.342336 2 0.731790 0.342201 1 0.733043 0.341722 2 0.734655 0.341156 1 0.734398 0.349027 2 0.737033 0.347135 2 0.734179 0.360344 2 0.737358 0.354635 1 0.729497 0.363946 2 0.732792 0.354362 1 0.733689 0.369517 2 0.735599 0.368169 2 0.732435 0.384817 2 0.734051 0.384006 2 0.732741 0.398803 2 0.734141 0.398185 1
0 0.757616 0.282446 0.015231 0.064426 0.759314 0.249181 1 0.759004 0.247633 1 0.759407 0.247809 1 0.757295 0.247999 1 0.760345 0.248517 1 0.756202 0.255658 2 0.761273 0.256356 2 0.754748 0.264687 2 0.762869 0.266562 2 0.754449 0.270858 1 0.763331 0.271272 1 0.756197 0.277362 2 0.759575 0.277346 2 0.755335 0.293374 2 0.758249 0.292675 2 0.753976 0.308724 2 0.757120 0.307703 2
0 0.789916 0.343604 0.016807 0.069094 0.796728 0.321191 2 0.797485 0.319878 2 0.796120 0.319596 2 0.797949 0.319570 1 0.794455 0.318707 2 0.797736 0.326197 2 0.791274 0.324470 2 0.798053 0.334847 2 0.787044 0.332167 2 0.797490 0.340811 2 0.784894 0.342087 2 0.792517 0.344676 2 0.788556 0.343494 2 0.790545 0.359578 2 0.787929 0.358245 2 0.786600 0.370341 2 0.784915 0.369514 2
0 0.610819 0.031279 0.012605 0.040149 0.610686 0.017963 1 0.610833 0.017112 1 0.611075 0.017228 1 0.610799 0.017796 2 0.612806 0.017795 2 0.609752 0.022774 2 0.613594 0.022810 2 0.608491 0.028212 2 0.614272 0.028399 2 0.608386 0.031231 2 0.614712 0.032465 2 0.610393 0.033483 2 0.612890 0.033538 2 0.610133 0.040879 2 0.612153 0.041130 2 0.610087 0.048422 2 0.611453 0.048392 2
0 0.632878 0.080299 0.012605 0.041083 0.634497 0.065191 2 0.634928 0.064322 2 0.634014 0.064300 2 0.635443 0.065059 2 0.633317 0.064945 2 0.635792 0.070831 2 0.632188 0.070358 2 0.636532 0.076639 2 0.629977 0.075953 2 0.636716 0.078031 2 0.629742 0.077362 2 0.634696 0.083392 2 0.632435 0.083119 2 0.633966 0.093066 2 0.632025 0.092671 2 0.633105 0.102394 2 0.631431 0.101330 2
