0 0.590030 0.702381 0.008185 0.039683 0.588331 0.686057 2 0.588514 0.685291 2 0.588543 0.685327 1 0.589371 0.685542 2 0.590257 0.685478 1 0.589587 0.689711 2 0.591519 0.689153 2 0.588575 0.695728 2 0.590827 0.694224 1 0.586293 0.694868 2 0.587751 0.693574 1 0.589283 0.701440 2 0.590625 0.700983 2 0.588954 0.710228 2 0.590109 0.709988 2 0.589326 0.718621 2 0.590162 0.718231 2
0 0.034598 0.862103 0.012649 0.048280 0.037456 0.844419 2 0.037766 0.843297 1 0.037111 0.842970 2 0.037418 0.842892 1 0.035715 0.842146 2 0.036992 0.847623 2 0.032919 0.848373 2 0.037837 0.853178 2 0.032361 0.857210 2 0.039046 0.852304 2 0.036629 0.855144 2 0.038163 0.862660 2 0.035207 0.863745 2 0.040698 0.872583 2 0.035498 0.873882 2 0.040779 0.883409 2 0.035870 0.884222 2
0 0.174479 0.717923 0.010417 0.036376 0.174341 0.705474 1 0.174295 0.704674 1 0.174463 0.704764 1 0.173360 0.704956 2 0.175721 0.705090 2 0.172101 0.709280 2 0.176378 0.709304 2 0.170577 0.714219 2 0.177900 0.714569 2 0.170549 0.719102 1 0.177726 0.718983 2 0.172815 0.721293 2 0.176055 0.721283 2 0.171930 0.728592 2 0.177611 0.728098 2 0.170753 0.735895 2 0.178406 0.733987 2
0 0.204427 0.789352 0.012277 0.035053 0.205639 0.769051 2 0.206111 0.768018 2 0.205260 0.768210 2 0.207226 0.768001 2 0.204879 0.768514 1 0.208860 0.772196 2 0.204146 0.772472 2 0.210620 0.776670 2 0.202123 0.776314 2 0.209469 0.780642 2 0.201135 0.779377 2 0.208468 0.782816 2 0.204900 0.782733 2 0.210511 0.788259 2 0.201678 0.787883 2 0.211237 0.797406 2 0.201296 0.796141 1
0 0.205357 0.784061 0.007440 0.040344 0.206089 0.769456 2 0.206472 0.768363 2 0.205644 0.768672 2 0.207331 0.768378 2 0.205233 0.769160 2 0.208970 0.772397 2 0.204389 0.773184 2 0.210287 0.777083 2 0.202504 0.777278 2 0.209411 0.780423 2 0.202139 0.781084 2 0.208197 0.783401 2 0.204968 0.783632 2 0.208953 0.788827 2 0.202387 0.789830 2 0.208465 0.797213 2 0.202806 0.798062 2
0 0.148438 0.923611 0.015625 0.046958 0.151345 0.905199 2 0.152080 0.904647 2 0.151210 0.904226 2 0.153590 0.904906 2 0.151063 0.904083 1 0.155045 0.908196 2 0.149858 0.908055 2 0.155325 0.914881 2 0.146902 0.912672 2 0.153110 0.919267 2 0.144379 0.918642 2 0.154757 0.920301 2 0.151221 0.920385 2 0.154058 0.927413 2 0.150057 0.929923 2 0.155309 0.932634 2 0.150174 0.938394 2
0 0.255022 0.661045 0.007812 0.033730 0.255869 0.649669 1 0.255827 0.648922 1 0.255949 0.648899 1 0.255116 0.649284 2 0.256828 0.649140 2 0.254533 0.653706 2 0.257563 0.653288 2 0.253464 0.658554 2 0.258789 0.657751 2 0.253930 0.662312 2 0.258909 0.661403 2 0.255297 0.662676 2 0.257439 0.662515 2 0.255557 0.669947 2 0.258083 0.669435 2 0.255569 0.677331 2 0.259149 0.676836 2
0 0.441034 0.652778 0.008557 0.031746 0.442906 0.641296 2 0.442512 0.640404 1 0.442792 0.640577 2 0.440831 0.640359 1 0.442093 0.640960 2 0.439367 0.644365 2 0.441690 0.645469 2 0.440857 0.648608 1 0.442849 0.650538 2 0.443841 0.650925 1 0.444809 0.651939 2 0.439497 0.654015 2 0.441069 0.654975 2 0.442778 0.654492 2 0.444501 0.655807 2 0.441158 0.661642 2 0.441901 0.661955 2
0 0.235491 0.660053 0.009673 0.031746 0.237941 0.646919 2 0.237677 0.646501 1 0.237761 0.646434 2 0.236573 0.647285 1 0.237143 0.647281 2 0.235670 0.650682 2 0.236999 0.650763 2 0.237104 0.654264 1 0.239142 0.654158 2 0.240101 0.654548 1 0.241326 0.654410 2 0.236326 0.658854 2 0.237146 0.659388 2 0.239929 0.659270 2 0.240964 0.660316 2 0.239361 0.667052 2 0.240191 0.667746 2
0 0.478609 0.641204 0.008557 0.025794 0.479288 0.631669 1 0.478973 0.631100 1 0.479244 0.631086 2 0.477551 0.631334 1 0.478730 0.631484 2 0.476753 0.634578 2 0.478148 0.634738 2 0.478263 0.638312 2 0.480053 0.638144 2 0.481158 0.639821 1 0.482479 0.639607 2 0.476729 0.642985 2 0.477658 0.643494 2 0.480185 0.645431 2 0.481347 0.646201 2 0.480436 0.652357 2 0.481824 0.653002 2
0 0.483445 0.693122 0.008557 0.038360 0.485345 0.678898 1 0.485180 0.678224 1 0.485306 0.678207 2 0.484248 0.678028 1 0.484960 0.678024 2 0.483704 0.681702 2 0.484119 0.681817 2 0.484545 0.687172 1 0.484689 0.687275 2 0.486157 0.689107 1 0.486155 0.689241 2 0.483481 0.692607 2 0.483388 0.692879 2 0.485561 0.700144 2 0.483236 0.701018 2 0.485852 0.707815 2 0.480965 0.708723 2
0 0.577939 0.699074 0.007812 0.026455 0.578851 0.689648 1 0.578894 0.688865 1 0.579114 0.688906 1 0.578533 0.689257 2 0.580437 0.689264 2 0.577496 0.693919 2 0.581096 0.693947 2 0.576593 0.698966 2 0.581865 0.698869 2 0.577600 0.700179 1 0.580746 0.700442 1 0.577935 0.704158 2 0.580317 0.704161 2 0.577918 0.711911 2 0.579622 0.712278 2 0.578257 0.717417 1 0.579307 0.717417 1
0 0.330543 0.513889 0.004092 0.021164 0.331629 0.503100 1 0.331535 0.502635 1 0.331649 0.502602 1 0.330918 0.502690 1 0.331734 0.502636 2 0.330483 0.505284 2 0.331778 0.505041 2 0.329919 0.508870 2 0.332154 0.508302 2 0.330064 0.511990 2 0.332274 0.511423 2 0.330848 0.511455 2 0.331708 0.511377 2 0.331204 0.516010 2 0.331869 0.515824 2 0.331232 0.520381 2 0.332075 0.520200 2
0 0.556176 0.738757 0.007440 0.038360 0.557360 0.724717 2 0.557770 0.724016 2 0.556968 0.723961 2 0.558394 0.724354 2 0.556335 0.724213 2 0.559398 0.729013 2 0.555225 0.728606 2 0.560479 0.734774 2 0.554381 0.733984 2 0.559836 0.739762 2 0.554131 0.738898 2 0.558346 0.740424 2 0.555534 0.740134 2 0.558436 0.748941 2 0.555477 0.748546 2 0.558591 0.756904 2 0.555446 0.756355 2
0 0.544829 0.718254 0.007068 0.043651 0.544031 0.699618 2 0.544498 0.698804 2 0.543848 0.698829 2 0.545602 0.699097 2 0.544073 0.699188 1 0.546722 0.703232 2 0.543507 0.703284 2 0.547653 0.708408 2 0.542628 0.709252 2 0.547845 0.711310 2 0.542224 0.715982 2 0.546050 0.714734 2 0.543895 0.714613 2 0.545705 0.723932 2 0.543564 0.723473 2 0.546171 0.733249 2 0.544481 0.732114 2
0 0.652902 0.708664 0.008929 0.032407 0.654586 0.692752 2 0.654491 0.692075 1 0.654301 0.692179 2 0.653729 0.692544 1 0.653562 0.692824 2 0.653319 0.696548 2 0.653195 0.697441 2 0.653667 0.701232 2 0.653563 0.703275 2 0.655527 0.701324 2 0.656133 0.702296 2 0.653600 0.707616 2 0.653467 0.708180 2 0.653897 0.714813 2 0.653837 0.715769 2 0.652341 0.721000 2 0.651811 0.722440 2
0 0.577939 0.699405 0.006324 0.035053 0.578734 0.689594 1 0.578852 0.688887 1 0.579026 0.688964 1 0.578605 0.689365 2 0.580497 0.689513 2 0.577539 0.693363 2 0.581293 0.694217 2 0.576694 0.698945 2 0.581768 0.698968 2 0.577425 0.700621 1 0.580899 0.700885 1 0.577655 0.703647 2 0.580214 0.704224 2 0.577195 0.708270 2 0.579653 0.711302 2 0.577330 0.713834 2 0.579166 0.718115 2
0 0.581473 0.687500 0.007440 0.036376 0.578808 0.689605 1 0.578862 0.688905 1 0.579103 0.689068 1 0.578431 0.689386 2 0.580528 0.689609 2 0.577434 0.693516 2 0.581274 0.693967 2 0.576571 0.699061 2 0.581883 0.699293 2 0.577494 0.700517 1 0.580999 0.701096 2 0.577695 0.703687 2 0.580411 0.703921 2 0.576824 0.707591 2 0.580003 0.708521 2 0.576623 0.712154 1 0.579735 0.712963 2
0 0.733259 0.537368 0.005952 0.024471 0.734490 0.528060 1 0.734609 0.527601 1 0.734586 0.527656 1 0.734882 0.527737 1 0.735219 0.527780 1 0.734888 0.529809 2 0.735343 0.529881 2 0.734216 0.532278 2 0.735618 0.532480 2 0.732974 0.532472 2 0.735098 0.533567 1 0.734613 0.534990 2 0.734830 0.534928 2 0.734180 0.539239 2 0.734232 0.539290 2 0.734167 0.543877 2 0.734296 0.543734 2
0 0.749814 0.596230 0.007812 0.020503 0.751278 0.591445 2 0.751519 0.590933 2 0.751090 0.590789 2 0.751450 0.590869 1 0.750593 0.590547 2 0.750552 0.593162 2 0.749656 0.592999 2 0.751558 0.596245 2 0.748641 0.596447 2 0.753312 0.597745 2 0.750396 0.598496 2 0.748845 0.599647 2 0.748373 0.599970 2 0.751580 0.603684 2 0.751694 0.604570 2 0.750775 0.605602 1 0.751120 0.606837 2
0 0.516927 0.704034 0.006324 0.036376 0.519544 0.691101 2 0.519285 0.690237 1 0.519384 0.690312 2 0.517313 0.690657 1 0.518605 0.690763 2 0.516443 0.695743 2 0.518741 0.695356 2 0.515858 0.703670 2 0.517760 0.702768 2 0.517258 0.709673 2 0.517959 0.708957 2 0.517605 0.708500 2 0.519581 0.708225 2 0.513790 0.713799 2 0.518423 0.712256 2 0.514351 0.722796 2 0.520406 0.721571 2
0 0.532924 0.691468 0.007068 0.032407 0.534638 0.679121 2 0.534457 0.678482 1 0.534435 0.678532 2 0.533543 0.678853 1 0.533724 0.679050 2 0.533308 0.682258 2 0.533039 0.682856 2 0.534731 0.685643 1 0.534337 0.687021 2 0.535424 0.685896 1 0.535442 0.686457 2 0.533560 0.691458 2 0.533230 0.691878 2 0.534151 0.698415 2 0.533393 0.699015 2 0.532851 0.705629 2 0.531511 0.705268 2
0 0.543155 0.708003 0.008185 0.037698 0.543981 0.700183 2 0.544465 0.699371 2 0.543767 0.699357 2 0.545585 0.699445 2 0.543890 0.699434 1 0.546734 0.703067 2 0.543421 0.703292 2 0.548196 0.708195 2 0.542565 0.708968 2 0.548377 0.712940 2 0.542091 0.714955 2 0.546112 0.714169 2 0.544024 0.714164 2 0.545705 0.723065 2 0.543580 0.722935 2 0.545740 0.731312 2 0.544314 0.731070 2
0 0.281808 0.693122 0.007068 0.031746 0.280862 0.681400 1 0.280922 0.680678 1 0.281241 0.680561 1 0.281537 0.681110 2 0.283265 0.680484 1 0.282146 0.685459 2 0.284616 0.683927 2 0.280344 0.689823 2 0.282377 0.687684 1 0.277893 0.689930 2 0.279466 0.688841 1 0.283600 0.695369 2 0.285154 0.694110 2 0.279941 0.698911 2 0.280729 0.696345 2 0.281326 0.703722 2 0.281181 0.701557 2
0 0.556176 0.697751 0.006696 0.031746 0.555278 0.681258 1 0.554984 0.680533 1 0.555312 0.680471 1 0.553586 0.680726 1 0.554865 0.680835 2 0.553308 0.684557 2 0.553534 0.685145 2 0.553442 0.687687 2 0.552749 0.690951 2 0.553914 0.686819 2 0.553171 0.696749 2 0.553733 0.695464 2 0.553940 0.695883 2 0.554904 0.702061 2 0.554784 0.702484 2 0.555577 0.708821 2 0.555708 0.709338 2
0 0.598400 0.617725 0.007068 0.026455 0.600934 0.609913 2 0.600672 0.609158 1 0.600839 0.609201 2 0.599269 0.609001 1 0.600139 0.609203 2 0.598391 0.612577 2 0.599652 0.612741 2 0.597576 0.617711 2 0.600522 0.617568 2 0.598644 0.620495 2 0.601590 0.619111 2 0.598734 0.622093 2 0.599573 0.622284 2 0.599304 0.628001 2 0.600181 0.628029 2 0.598283 0.632426 1 0.599838 0.632371 2
0 0.287574 0.667659 0.008929 0.035053 0.288452 0.654229 2 0.288201 0.653634 1 0.288243 0.653599 2 0.287156 0.654179 1 0.287439 0.654233 2 0.286931 0.657580 2 0.287139 0.657756 2 0.288742 0.661765 1 0.289108 0.661866 2 0.290140 0.660638 1 0.290189 0.660943 2 0.287118 0.667131 2 0.287209 0.667575 2 0.290407 0.670571 2 0.290278 0.671327 2 0.290250 0.678957 2 0.290459 0.679840 2
0 0.882812 0.727183 0.006696 0.040344 0.883521 0.714949 2 0.883960 0.714272 2 0.883281 0.714111 2 0.884659 0.714621 2 0.883169 0.714181 1 0.885500 0.718831 2 0.882216 0.717734 2 0.886195 0.724042 2 0.881452 0.722078 2 0.886165 0.729357 2 0.881452 0.726906 2 0.884185 0.727976 2 0.882138 0.727311 2 0.883311 0.735860 2 0.881809 0.734568 2 0.882192 0.741546 2 0.882017 0.739790 2
0 0.668713 0.623347 0.007068 0.025794 0.669860 0.611418 1 0.669653 0.610865 1 0.669840 0.610949 1 0.668365 0.610979 2 0.669782 0.611292 2 0.667245 0.614194 2 0.669882 0.614392 2 0.667474 0.617733 1 0.670095 0.618609 2 0.668903 0.619880 1 0.670532 0.621409 2 0.666950 0.621355 2 0.668914 0.621432 2 0.668006 0.624405 2 0.670667 0.623666 2 0.667432 0.628662 2 0.669757 0.627341 2
0 0.644159 0.618717 0.007068 0.025794 0.645526 0.607776 2 0.645290 0.607177 1 0.645490 0.607235 2 0.644117 0.606987 1 0.645024 0.607172 2 0.642796 0.609466 2 0.644414 0.609735 2 0.644494 0.613008 2 0.646069 0.613463 2 0.646958 0.615080 1 0.648264 0.615291 2 0.642464 0.617534 2 0.643564 0.618033 2 0.645313 0.619367 2 0.646981 0.620199 2 0.643210 0.625301 2 0.644477 0.625027 2
0 0.610119 0.618056 0.006696 0.032407 0.611771 0.606824 2 0.611661 0.606164 1 0.611793 0.606137 2 0.610715 0.605545 1 0.611215 0.605445 2 0.609523 0.607567 2 0.610133 0.607760 2 0.611161 0.611071 1 0.611758 0.611717 2 0.612918 0.611807 1 0.613680 0.611596 2 0.609524 0.615194 2 0.609827 0.615741 2 0.612770 0.617948 2 0.613269 0.618704 2 0.611037 0.624090 2 0.611102 0.623929 2
0 0.748140 0.599537 0.007440 0.024471 0.751445 0.591607 2 0.751728 0.591102 2 0.751224 0.590884 2 0.751661 0.591079 1 0.750476 0.590482 2 0.750768 0.593561 2 0.749264 0.592738 2 0.751243 0.597271 2 0.747795 0.596421 2 0.752495 0.599303 2 0.749151 0.599524 2 0.749072 0.599944 2 0.748208 0.599892 2 0.751344 0.604373 2 0.751349 0.604263 2 0.750040 0.609803 2 0.750184 0.610078 2
0 0.578497 0.940476 0.011161 0.043651 0.581945 0.916975 1 0.581848 0.915958 1 0.582124 0.916131 1 0.580420 0.916254 2 0.583231 0.916816 2 0.578148 0.921220 2 0.584300 0.922724 2 0.576278 0.925253 2 0.585043 0.930193 2 0.577601 0.923433 1 0.584308 0.930982 1 0.578048 0.938305 2 0.582112 0.938747 2 0.578064 0.949336 2 0.581302 0.949598 2 0.578347 0.959100 2 0.580165 0.958663 2
0 0.512463 0.640542 0.010789 0.032407 0.514289 0.629699 2 0.514043 0.629150 1 0.514113 0.629123 2 0.512775 0.629752 1 0.513452 0.629739 2 0.512012 0.633449 2 0.513434 0.633364 2 0.513880 0.637439 1 0.515403 0.637214 2 0.515855 0.639166 1 0.516618 0.639117 2 0.511729 0.642547 2 0.512723 0.642785 2 0.514403 0.646153 2 0.515833 0.646366 2 0.513390 0.652595 2 0.514823 0.652833 2
0 0.625558 0.858796 0.013765 0.037698 0.624850 0.844897 1 0.624754 0.843712 1 0.625316 0.843652 1 0.624264 0.844067 2 0.627725 0.843708 2 0.623228 0.850812 2 0.629084 0.850220 2 0.620301 0.858203 2 0.630619 0.857613 2 0.620757 0.858770 2 0.629429 0.859922 1 0.623573 0.865190 2 0.627380 0.864730 2 0.622366 0.871147 2 0.625165 0.870923 2 0.621788 0.877944 2 0.624653 0.877972 2
0 0.600632 0.715278 0.010045 0.039021 0.601450 0.699249 1 0.601584 0.698439 1 0.601819 0.698543 1 0.601573 0.699114 2 0.603482 0.699133 2 0.600837 0.703980 2 0.604286 0.704073 2 0.599891 0.709772 2 0.604957 0.710333 2 0.599422 0.714640 2 0.604809 0.715478 2 0.601410 0.715052 2 0.603622 0.715040 2 0.601655 0.723044 2 0.602771 0.722807 2 0.602441 0.731503 2 0.602683 0.730944 2
0 0.609189 0.713955 0.009301 0.040344 0.610252 0.701015 2 0.610652 0.700144 2 0.609838 0.700239 2 0.611254 0.699661 2 0.609080 0.699766 2 0.611838 0.703684 2 0.608208 0.703481 2 0.612367 0.709276 2 0.607745 0.709196 2 0.612332 0.713006 2 0.609840 0.712163 2 0.611082 0.713545 2 0.608632 0.713392 2 0.610668 0.722606 2 0.608454 0.721712 2 0.610405 0.730998 2 0.607474 0.729508 2
0 0.185454 0.666997 0.011533 0.033730 0.185856 0.652200 2 0.185852 0.651419 1 0.185583 0.651308 2 0.185009 0.651093 1 0.184307 0.650959 2 0.183204 0.654280 2 0.183512 0.654688 2 0.183985 0.659744 2 0.183651 0.661317 2 0.187067 0.660511 1 0.187110 0.662227 2 0.182637 0.663902 2 0.182943 0.664742 2 0.186779 0.663912 1 0.187651 0.664852 2 0.186020 0.670746 1 0.186519 0.671469 1
0 0.645275 0.823082 0.013021 0.054894 0.645587 0.801774 1 0.645564 0.800886 1 0.645810 0.800797 1 0.644637 0.801782 2 0.647487 0.801539 2 0.644035 0.807547 2 0.648922 0.808315 2 0.643623 0.816452 2 0.649932 0.815996 2 0.643444 0.823687 2 0.650210 0.822853 2 0.644744 0.822680 2 0.648279 0.823360 2 0.643829 0.831484 2 0.648147 0.835647 2 0.643155 0.839295 2 0.647486 0.846985 2
0 0.814174 0.960317 0.014509 0.055556 0.814416 0.938581 1 0.814510 0.937453 1 0.814628 0.937579 1 0.813507 0.938061 2 0.816672 0.938065 2 0.810815 0.944827 2 0.818433 0.944176 2 0.808804 0.948889 2 0.821077 0.948976 2 0.811288 0.950573 1 0.820010 0.955971 1 0.812093 0.964083 2 0.817530 0.963844 2 0.812063 0.974409 2 0.819819 0.973072 2 0.811509 0.987304 2 0.819956 0.983193 2
0 0.979353 0.887897 0.010789 0.046958 0.984223 0.868284 2 0.984453 0.867200 2 0.983614 0.867170 2 0.984065 0.867512 1 0.981711 0.867335 2 0.984141 0.873383 2 0.979596 0.872783 2 0.984585 0.880005 2 0.976572 0.879106 2 0.984750 0.883260 2 0.978435 0.885363 2 0.982595 0.888169 2 0.979807 0.888053 2 0.982457 0.898586 2 0.981397 0.898558 2 0.980451 0.908695 2 0.980572 0.909921 2
0 0.987351 0.887566 0.008929 0.047619 0.989205 0.868464 2 0.989784 0.867473 2 0.988665 0.867448 2 0.990237 0.867558 2 0.987538 0.867342 2 0.990449 0.871908 2 0.986081 0.871769 2 0.991395 0.878986 2 0.984694 0.877431 2 0.992206 0.886380 2 0.985380 0.882957 2 0.988275 0.885754 2 0.985720 0.885894 2 0.986966 0.897062 2 0.986746 0.898285 2 0.985195 0.907268 2 0.986954 0.909506 2
0 0.964844 0.862103 0.008557 0.049603 0.966282 0.842606 2 0.966420 0.841678 1 0.965834 0.841633 2 0.966264 0.841801 1 0.964435 0.841569 2 0.966451 0.847100 2 0.962131 0.846206 2 0.967340 0.853792 2 0.961896 0.854490 2 0.967522 0.859321 2 0.964578 0.861135 2 0.965724 0.860441 2 0.962517 0.859903 2 0.965966 0.873016 2 0.961212 0.870422 2 0.966106 0.885228 2 0.960091 0.880011 2
0 0.953869 0.862103 0.010417 0.048280 0.958553 0.847536 2 0.958817 0.846671 1 0.958076 0.846435 2 0.958719 0.846811 1 0.956527 0.846133 2 0.958538 0.852555 2 0.953566 0.850219 2 0.958880 0.859081 1 0.951050 0.856190 2 0.958844 0.864374 1 0.950279 0.862248 2 0.956767 0.865958 2 0.953153 0.864690 2 0.956940 0.876273 2 0.950948 0.872421 2 0.957178 0.885044 2 0.950080 0.877655 2
0 0.729725 0.715278 0.007068 0.040344 0.730825 0.694763 2 0.731269 0.694040 2 0.730586 0.694003 2 0.732035 0.694661 2 0.730576 0.694586 1 0.732533 0.699304 2 0.730654 0.699213 2 0.733100 0.704835 2 0.730188 0.704620 2 0.730889 0.707275 2 0.728999 0.707715 2 0.731498 0.709892 2 0.730413 0.709616 2 0.730733 0.718268 2 0.730567 0.717915 2 0.730643 0.726987 2 0.730824 0.726587 2
0 0.856027 0.730159 0.007440 0.037037 0.855972 0.714443 1 0.856205 0.713692 2 0.856138 0.713713 1 0.857022 0.713980 2 0.857319 0.713967 1 0.857130 0.718051 2 0.857572 0.717825 2 0.856277 0.723216 2 0.856691 0.722611 1 0.854906 0.722501 2 0.855441 0.721989 1 0.856628 0.728470 2 0.856938 0.728259 2 0.856136 0.736754 2 0.856405 0.736944 2 0.856415 0.745025 2 0.856621 0.744663 2
0 0.840030 0.729167 0.008929 0.040344 0.842254 0.716523 1 0.842198 0.715728 1 0.842480 0.715899 1 0.840953 0.716261 2 0.843369 0.716618 2 0.839226 0.720793 2 0.843750 0.721519 2 0.838082 0.727222 2 0.844759 0.728111 2 0.838213 0.733428 2 0.845195 0.732710 1 0.839669 0.734321 2 0.842736 0.734834 2 0.839588 0.743471 2 0.842897 0.744316 2 0.839762 0.750181 1 0.842616 0.750307 1
0 0.843564 0.723214 0.007068 0.036376 0.842489 0.717009 1 0.842367 0.716194 1 0.842627 0.716408 1 0.840977 0.716466 2 0.843377 0.717019 2 0.839225 0.720739 2 0.843863 0.721811 2 0.838914 0.725541 1 0.844693 0.727108 2 0.839673 0.723846 1 0.843307 0.724805 1 0.839397 0.733903 2 0.842740 0.734534 2 0.839259 0.732808 2 0.843591 0.733845 2 0.839608 0.741542 2 0.842782 0.741650 2
0 0.599516 0.798942 0.008557 0.037037 0.600335 0.785727 2 0.600751 0.784872 2 0.599995 0.784969 2 0.601649 0.784543 2 0.599678 0.784783 1 0.603096 0.789135 2 0.599173 0.788935 2 0.603586 0.795731 2 0.598486 0.794545 2 0.600310 0.798026 2 0.598103 0.798196 2 0.601940 0.802171 2 0.599150 0.801739 2 0.601968 0.811174 2 0.598583 0.810665 2 0.602965 0.819886 2 0.598579 0.819493 2
0 0.822731 0.674934 0.007068 0.035053 0.824646 0.657891 1 0.824528 0.657096 1 0.824774 0.657141 1 0.823508 0.657462 2 0.825477 0.657627 2 0.822521 0.661855 2 0.825861 0.662198 2 0.821828 0.667283 2 0.826629 0.667635 2 0.821891 0.671827 1 0.826549 0.672374 1 0.822550 0.672308 2 0.824856 0.672477 2 0.822431 0.680300 2 0.824753 0.681128 2 0.821993 0.687666 2 0.824288 0.688628 2
0 0.829241 0.676587 0.007440 0.034392 0.830538 0.658703 1 0.830574 0.657956 1 0.830763 0.658000 1 0.830472 0.658208 2 0.832278 0.658215 2 0.829906 0.662203 2 0.833185 0.662164 2 0.828893 0.667176 2 0.833529 0.666908 2 0.829172 0.670972 1 0.832104 0.669602 1 0.829928 0.672439 2 0.832155 0.672317 2 0.829901 0.679820 2 0.831758 0.679856 2 0.830075 0.687454 2 0.831890 0.687421 2
0 0.868118 0.634921 0.007068 0.035714 0.871979 0.620743 1 0.871716 0.620119 1 0.871956 0.620175 1 0.870188 0.620202 2 0.871855 0.620492 2 0.868911 0.623400 2 0.872165 0.623900 2 0.867885 0.627565 2 0.872578 0.628449 2 0.868083 0.630066 2 0.872406 0.631505 1 0.868964 0.632576 2 0.871196 0.632821 2 0.868718 0.638624 2 0.870917 0.639258 2 0.868268 0.645068 2 0.870082 0.645883 2
0 0.851190 0.641534 0.005952 0.034392 0.852130 0.630118 1 0.852273 0.629420 1 0.852327 0.629415 1 0.852801 0.629682 2 0.853672 0.629533 1 0.852545 0.633403 2 0.854400 0.633143 2 0.851951 0.638284 2 0.854843 0.637951 1 0.852065 0.642591 2 0.854287 0.642451 1 0.852492 0.642619 2 0.853742 0.642483 2 0.852375 0.649450 2 0.853293 0.649653 2 0.852274 0.656604 2 0.853198 0.656417 2
0 0.857515 0.645503 0.008185 0.030423 0.855146 0.629516 2 0.855352 0.628710 2 0.855356 0.628747 1 0.856278 0.629173 2 0.857138 0.629083 1 0.856090 0.633856 2 0.858900 0.633487 2 0.855485 0.639469 2 0.860017 0.638488 2 0.856264 0.642523 2 0.859228 0.642118 2 0.856794 0.643801 2 0.858692 0.643544 2 0.856965 0.650605 2 0.858441 0.650506 2 0.857154 0.657155 2 0.858680 0.657053 2
0 0.861421 0.627315 0.008557 0.029762 0.855746 0.629348 1 0.855878 0.628608 1 0.855814 0.628635 1 0.856673 0.629004 2 0.856885 0.628968 1 0.858372 0.633931 2 0.857402 0.633588 2 0.858863 0.640942 2 0.857274 0.640158 1 0.856606 0.642645 2 0.856902 0.642663 1 0.858016 0.645204 2 0.857310 0.644676 2 0.857875 0.648127 1 0.857068 0.647667 1 0.858108 0.647932 1 0.857179 0.648009 1
0 0.838356 0.604497 0.005580 0.025132 0.837804 0.603250 1 0.837814 0.602556 1 0.838034 0.602556 1 0.837585 0.602825 2 0.839261 0.602659 2 0.837252 0.606906 2 0.839886 0.606321 2 0.836791 0.612268 2 0.841050 0.610946 2 0.835827 0.612006 1 0.840076 0.612834 1 0.837094 0.617255 2 0.838834 0.616937 2 0.836392 0.621590 1 0.838225 0.621590 1 0.836417 0.621590 1 0.838014 0.621590 1
