0 0.091146 0.937169 0.034970 0.107143 0.094463 0.897702 1 0.092938 0.896062 1 0.094626 0.895312 1 0.086089 0.899256 2 0.094666 0.897616 2 0.083641 0.915390 2 0.097909 0.910628 2 0.083132 0.937079 2 0.104509 0.927801 2 0.086249 0.954244 2 0.107683 0.940247 2 0.091259 0.946705 2 0.101147 0.944609 2 0.093561 0.971132 2 0.103667 0.963391 2 0.096047 0.995387 2 0.106837 0.988221 2
0 0.078125 0.899471 0.026786 0.148148 0.095954 0.897730 2 0.094077 0.895429 1 0.095892 0.895162 1 0.086328 0.898417 1 0.094468 0.898334 2 0.084032 0.914708 2 0.095790 0.912959 2 0.083053 0.934745 2 0.096534 0.929972 1 0.085982 0.954104 2 0.093789 0.944657 1 0.089823 0.947217 2 0.096726 0.946839 2 0.093161 0.972329 2 0.095007 0.971167 2 0.093860 0.991513 2 0.094050 0.992111 1
0 0.100446 0.913360 0.032738 0.107143 0.093793 0.897336 1 0.092668 0.895316 1 0.094190 0.894944 1 0.086118 0.898063 2 0.095322 0.897136 2 0.083400 0.913832 2 0.097879 0.911070 2 0.081690 0.934434 2 0.104431 0.928572 2 0.086009 0.953783 2 0.107729 0.939344 2 0.090038 0.947088 2 0.099955 0.946247 2 0.093156 0.967766 2 0.104070 0.961150 2 0.095719 0.985841 2 0.106914 0.979676 2
0 0.256696 0.650794 0.017857 0.074074 0.258645 0.625907 1 0.257597 0.624291 1 0.258367 0.624339 2 0.253712 0.624585 1 0.256713 0.625169 2 0.251830 0.633731 2 0.257749 0.634675 2 0.252343 0.643416 1 0.260213 0.644952 2 0.254272 0.649377 1 0.260668 0.651295 2 0.253569 0.653454 2 0.257195 0.654040 2 0.257437 0.666739 2 0.257936 0.666958 2 0.258057 0.679990 2 0.254748 0.681592 2
0 0.233631 0.887566 0.055060 0.103175 0.241305 0.841638 2 0.242486 0.837913 2 0.240191 0.837259 2 0.247720 0.834476 2 0.243959 0.832395 1 0.247719 0.849081 2 0.253190 0.841589 2 0.234408 0.861385 2 0.240418 0.850479 2 0.223716 0.867535 2 0.227698 0.863301 2 0.255255 0.895212 2 0.260103 0.888992 2 0.232235 0.872984 2 0.244837 0.858931 2 0.234584 0.912697 2 0.245578 0.895238 2
0 0.469866 0.470899 0.018601 0.097884 0.467577 0.430342 1 0.467756 0.428493 1 0.468562 0.428703 1 0.467668 0.429954 2 0.473146 0.429809 2 0.465664 0.440244 2 0.475595 0.439847 2 0.463465 0.452254 2 0.477592 0.452079 2 0.462747 0.463489 2 0.477443 0.460949 2 0.467500 0.464117 2 0.474023 0.463849 2 0.467910 0.484274 2 0.472841 0.483240 2 0.469517 0.504537 2 0.472523 0.502126 2
0 0.252976 0.763228 0.038690 0.066138 0.252813 0.741629 2 0.253977 0.738759 2 0.251851 0.739883 2 0.258128 0.738134 2 0.253618 0.740502 1 0.259204 0.745426 2 0.259280 0.746552 2 0.250613 0.751783 2 0.250463 0.749418 2 0.245294 0.753634 2 0.246402 0.752372 2 0.268436 0.774349 2 0.268641 0.774041 2 0.252340 0.758022 2 0.256920 0.758368 2 0.259261 0.779393 2 0.262259 0.780052 2
0 0.262649 0.733466 0.029762 0.064815 0.252737 0.741391 2 0.254093 0.738460 2 0.251656 0.739546 2 0.257949 0.738324 2 0.252676 0.740379 1 0.259598 0.745775 2 0.258280 0.747097 2 0.251942 0.754856 2 0.250983 0.755090 2 0.246812 0.755777 2 0.246345 0.756615 2 0.268622 0.769267 2 0.267578 0.768427 2 0.251680 0.761112 2 0.252097 0.758787 1 0.252929 0.774804 2 0.252826 0.774030 1
0 0.279018 0.711640 0.037202 0.074074 0.252986 0.741612 2 0.253609 0.739009 2 0.252976 0.739077 1 0.257181 0.737299 2 0.256599 0.736931 1 0.259096 0.747443 2 0.262176 0.744234 2 0.252976 0.756177 1 0.257914 0.751271 1 0.253831 0.749404 1 0.254923 0.750157 1 0.267807 0.763228 1 0.269871 0.763228 1 0.255071 0.763228 1 0.259660 0.757731 1 0.257590 0.763228 1 0.262555 0.760821 1
0 0.424107 0.435185 0.020833 0.092593 0.429934 0.397161 1 0.429243 0.395423 1 0.430059 0.395633 1 0.425483 0.395283 2 0.430648 0.396380 2 0.422582 0.403224 2 0.430592 0.405729 2 0.420163 0.415559 2 0.431439 0.420748 2 0.419346 0.428259 2 0.428946 0.431079 2 0.422500 0.430403 2 0.427730 0.431778 2 0.425817 0.450941 2 0.428734 0.453421 2 0.426193 0.471291 2 0.426954 0.473037 2
0 0.435268 0.419974 0.017857 0.085979 0.429841 0.396660 1 0.429171 0.394926 1 0.430016 0.395155 1 0.425669 0.395320 1 0.430633 0.396424 2 0.423363 0.403382 1 0.430363 0.405544 2 0.423565 0.415789 1 0.431405 0.419487 2 0.424557 0.429965 1 0.428926 0.431188 2 0.423363 0.430512 2 0.427631 0.431440 2 0.424728 0.452190 2 0.428900 0.453496 2 0.424282 0.472665 2 0.427660 0.473052 2
0 0.478423 0.409392 0.019345 0.075397 0.475759 0.386960 2 0.476640 0.384793 2 0.474745 0.385241 2 0.478572 0.382789 2 0.473764 0.383896 2 0.482165 0.390920 2 0.472547 0.391649 2 0.484277 0.404210 2 0.470825 0.404366 2 0.483686 0.416338 2 0.470709 0.417013 2 0.480198 0.419196 2 0.474073 0.419105 2 0.478888 0.437969 2 0.473771 0.437547 2 0.478314 0.457282 2 0.474271 0.456632 2
0 0.489211 0.399471 0.017113 0.082011 0.477732 0.383854 1 0.477868 0.382205 1 0.477679 0.382219 1 0.478524 0.382415 2 0.478776 0.382440 1 0.481665 0.391058 2 0.480350 0.390738 1 0.484242 0.403968 2 0.481273 0.404058 1 0.484654 0.417016 2 0.480618 0.416502 1 0.479907 0.419982 2 0.479141 0.419103 2 0.478870 0.440451 2 0.478374 0.438536 1 0.479226 0.452269 2 0.479229 0.452066 1
0 0.539435 0.411376 0.022321 0.087302 0.540683 0.379075 2 0.541684 0.377688 2 0.539842 0.377746 2 0.543491 0.378570 2 0.538816 0.378757 2 0.546104 0.387224 2 0.536892 0.387374 2 0.548502 0.396639 2 0.534328 0.396274 2 0.549263 0.407702 2 0.535141 0.405964 2 0.544537 0.408820 2 0.538573 0.408938 2 0.544129 0.422397 2 0.538946 0.422561 2 0.543747 0.431917 2 0.539156 0.432526 2
0 0.530506 0.367725 0.019345 0.082011 0.540893 0.378800 2 0.541786 0.377280 2 0.540083 0.377352 2 0.543229 0.377946 2 0.538908 0.378178 2 0.543899 0.386750 2 0.537027 0.386853 2 0.543899 0.397436 1 0.534313 0.395888 2 0.543711 0.409882 1 0.534902 0.405362 2 0.543289 0.409432 2 0.538377 0.409597 2 0.543454 0.423069 1 0.538681 0.423804 2 0.542800 0.423942 1 0.538595 0.423942 1
0 0.556548 0.333333 0.019345 0.058201 0.556858 0.318270 2 0.557621 0.316871 2 0.556055 0.316990 2 0.558949 0.316794 2 0.554977 0.317186 2 0.561144 0.322840 2 0.553745 0.323310 2 0.564327 0.330845 2 0.551622 0.331306 2 0.564280 0.338172 2 0.550018 0.338843 2 0.560120 0.339999 2 0.555048 0.340055 2 0.562465 0.350625 2 0.553538 0.350589 2 0.563393 0.363844 2 0.553987 0.363727 2
0 0.510789 0.316138 0.017113 0.068783 0.513518 0.294593 2 0.514218 0.293290 2 0.512885 0.293181 2 0.515060 0.293716 2 0.511899 0.293332 2 0.516104 0.301265 2 0.510107 0.300582 2 0.517799 0.309995 2 0.508888 0.309359 2 0.518582 0.318321 2 0.509130 0.317139 2 0.515316 0.319376 2 0.511483 0.319163 2 0.515342 0.332908 2 0.511828 0.332050 2 0.514474 0.345195 2 0.512366 0.343405 2
0 0.436384 0.258598 0.012649 0.048942 0.437840 0.242405 2 0.438274 0.241418 2 0.437315 0.241611 2 0.439156 0.241306 2 0.436798 0.241775 2 0.440827 0.246291 2 0.436484 0.246391 2 0.442537 0.253300 2 0.435601 0.252152 2 0.441777 0.258623 2 0.435388 0.257506 2 0.440226 0.259933 2 0.437445 0.259903 2 0.440274 0.269124 2 0.438071 0.269394 2 0.440716 0.275419 2 0.438459 0.275847 2
0 0.310268 0.634921 0.026786 0.113757 0.311069 0.619382 1 0.311339 0.617535 1 0.310863 0.617254 1 0.310576 0.618614 1 0.310282 0.617914 2 0.313549 0.630714 2 0.305005 0.629554 2 0.318460 0.645127 2 0.302377 0.643085 2 0.320538 0.658930 2 0.301705 0.653632 2 0.311390 0.657823 2 0.305815 0.657624 2 0.312335 0.675358 2 0.306006 0.675650 2 0.310877 0.688875 2 0.305595 0.688425 2
0 0.301339 0.665344 0.020833 0.084656 0.290502 0.612930 2 0.291242 0.611108 2 0.289800 0.611496 2 0.293620 0.610851 2 0.289892 0.611846 1 0.297852 0.619143 2 0.289375 0.619853 2 0.301537 0.630378 2 0.288049 0.630499 2 0.300166 0.641153 2 0.289319 0.641504 2 0.299104 0.642310 2 0.293582 0.642636 2 0.299191 0.659760 2 0.294786 0.660116 2 0.299803 0.676105 2 0.295754 0.675374 2
0 0.293155 0.640873 0.016369 0.080688 0.291093 0.613079 2 0.291889 0.610853 2 0.289983 0.611576 2 0.293869 0.609953 2 0.288971 0.611806 2 0.297810 0.617797 2 0.288402 0.621293 2 0.302428 0.627733 2 0.288484 0.633466 2 0.300710 0.638039 2 0.290426 0.643785 2 0.300119 0.642829 2 0.293828 0.644699 2 0.301361 0.658279 2 0.295236 0.660970 2 0.301713 0.675184 2 0.295617 0.676827 2
0 0.291667 0.551587 0.020833 0.089947 0.289468 0.516932 1 0.289505 0.515278 1 0.290013 0.515092 1 0.289040 0.516097 2 0.293711 0.515187 2 0.288670 0.526104 2 0.296700 0.523821 2 0.284205 0.535501 2 0.301177 0.528652 2 0.283131 0.539205 1 0.296414 0.527025 1 0.292927 0.549658 2 0.297473 0.548717 2 0.294547 0.567456 2 0.295346 0.565798 2 0.296490 0.584633 2 0.295780 0.583044 2
0 0.213542 0.720238 0.023810 0.096561 0.208250 0.687286 1 0.208497 0.685580 1 0.208872 0.684899 1 0.210124 0.686321 2 0.214252 0.684108 1 0.209171 0.697184 2 0.217599 0.692304 2 0.211448 0.707267 2 0.221132 0.698735 2 0.219536 0.710533 1 0.223462 0.709525 2 0.214423 0.721466 2 0.220491 0.719794 2 0.215076 0.738865 2 0.221902 0.737161 2 0.215067 0.758461 2 0.222400 0.753242 2
0 0.222470 0.654101 0.026786 0.088624 0.207300 0.688800 2 0.208210 0.687001 2 0.208052 0.686003 1 0.211744 0.687371 2 0.213102 0.684240 1 0.211861 0.697305 2 0.217666 0.691046 2 0.217147 0.706573 2 0.221829 0.697717 2 0.223447 0.710642 2 0.223650 0.708802 2 0.215032 0.714823 1 0.219265 0.711561 1 0.215339 0.713050 1 0.219195 0.708178 1 0.217720 0.714153 1 0.221301 0.709368 1
0 0.244420 0.576720 0.024554 0.084656 0.237027 0.551162 1 0.236654 0.549332 1 0.237128 0.546802 1 0.236946 0.545810 2 0.241141 0.539227 2 0.239022 0.554554 2 0.246914 0.541810 2 0.244440 0.571425 2 0.252034 0.547377 2 0.248286 0.585607 2 0.252243 0.560325 1 0.249327 0.572556 2 0.255169 0.567117 2 0.248951 0.592912 2 0.254684 0.586732 2 0.249035 0.614278 2 0.254102 0.609820 2
0 0.265625 0.545635 0.023810 0.104497 0.259279 0.510840 2 0.259508 0.508060 2 0.258429 0.508864 1 0.262614 0.505156 2 0.260175 0.507388 1 0.266613 0.513206 2 0.264923 0.514408 2 0.266777 0.529466 2 0.265670 0.529132 1 0.263775 0.543038 2 0.263104 0.543591 1 0.269243 0.538351 2 0.268360 0.538618 2 0.269532 0.559832 2 0.269498 0.560528 2 0.269951 0.584580 2 0.270895 0.583217 2
