0 0.087426 0.866402 0.030506 0.119048 0.083912 0.816999 2 0.085848 0.814944 2 0.083271 0.813937 2 0.089295 0.817005 2 0.083714 0.814340 1 0.089198 0.830384 2 0.085920 0.826532 2 0.094433 0.846539 2 0.086531 0.839513 1 0.095659 0.856246 2 0.082942 0.848281 1 0.091742 0.858508 2 0.090252 0.857375 2 0.093739 0.875143 2 0.093355 0.873713 2 0.097017 0.893139 2 0.096914 0.891388 2
0 0.104539 0.776455 0.045387 0.153439 0.104789 0.710736 2 0.104812 0.707768 2 0.105569 0.706958 1 0.106683 0.706180 2 0.112566 0.704110 1 0.108214 0.722663 2 0.117912 0.715995 2 0.103025 0.746279 2 0.110965 0.729664 2 0.091459 0.752691 2 0.096494 0.739877 2 0.111821 0.762816 2 0.119247 0.759800 2 0.111725 0.793793 2 0.119595 0.791499 2 0.120863 0.821190 2 0.128745 0.817961 2
0 0.380580 0.424603 0.027530 0.058201 0.385122 0.405522 1 0.385208 0.404421 1 0.385636 0.404779 1 0.385678 0.405271 2 0.388472 0.405386 2 0.386112 0.410595 2 0.389819 0.410595 2 0.383356 0.419544 2 0.386199 0.418254 2 0.379248 0.424215 2 0.381518 0.421971 1 0.388769 0.427865 2 0.391271 0.427181 2 0.378435 0.427578 2 0.381087 0.427998 2 0.375336 0.440585 2 0.377358 0.441426 2
0 0.662946 0.819444 0.052083 0.210317 0.666882 0.743004 2 0.668712 0.738938 2 0.664422 0.739582 2 0.670849 0.739675 2 0.660415 0.740841 2 0.677303 0.760551 2 0.655205 0.761628 2 0.681880 0.789929 2 0.647010 0.786908 2 0.683515 0.816626 2 0.645598 0.812148 2 0.671818 0.819972 2 0.658274 0.820316 2 0.666266 0.858617 2 0.658741 0.861022 2 0.661936 0.887069 2 0.661327 0.894679 2
0 0.251116 0.469577 0.027530 0.089947 0.247714 0.438187 2 0.247660 0.436244 2 0.247390 0.436785 1 0.249575 0.432992 2 0.248813 0.434504 1 0.254563 0.436060 2 0.252153 0.439642 2 0.260405 0.442419 2 0.252479 0.452500 2 0.254511 0.449410 2 0.251058 0.459896 2 0.263370 0.460476 2 0.260956 0.461665 2 0.264728 0.481112 2 0.258024 0.480127 2 0.267340 0.502134 2 0.254343 0.498302 2
0 0.257068 0.480820 0.018601 0.062169 0.247718 0.439420 1 0.247611 0.438087 1 0.247501 0.438625 1 0.249312 0.437831 1 0.248968 0.438010 1 0.254600 0.438572 2 0.250915 0.440558 2 0.258412 0.444769 2 0.252531 0.451317 2 0.255057 0.450406 2 0.251459 0.460736 2 0.262867 0.458098 2 0.259362 0.458793 2 0.264087 0.479065 2 0.258537 0.478296 2 0.265171 0.499620 2 0.254642 0.498124 2
0 0.278646 0.457011 0.020089 0.067460 0.272636 0.433370 2 0.273045 0.431829 2 0.272766 0.431690 1 0.274944 0.430357 2 0.275152 0.429899 1 0.276613 0.434072 2 0.278060 0.433690 2 0.277552 0.445650 2 0.277901 0.444707 2 0.274780 0.455074 2 0.274439 0.454112 2 0.283412 0.449476 2 0.284450 0.449160 2 0.280103 0.464221 2 0.280655 0.463626 2 0.283365 0.479181 2 0.283844 0.477165 2
0 0.272321 0.424603 0.020833 0.079365 0.265881 0.400289 1 0.266074 0.398302 1 0.266228 0.397872 1 0.267955 0.397559 2 0.270695 0.396274 1 0.268366 0.407217 2 0.276668 0.405093 2 0.266556 0.420387 2 0.279891 0.418411 2 0.265140 0.424266 2 0.278860 0.427248 2 0.271298 0.433704 2 0.276749 0.432249 2 0.271805 0.454542 2 0.276018 0.452898 2 0.273617 0.473314 1 0.275050 0.473925 1
0 0.609375 0.369048 0.023810 0.074074 0.607684 0.337510 2 0.608667 0.335190 2 0.606370 0.335274 2 0.610089 0.336230 2 0.604752 0.336583 2 0.612671 0.344973 2 0.602692 0.345631 2 0.617008 0.353497 2 0.600309 0.356262 2 0.619372 0.361551 2 0.601980 0.362796 2 0.611315 0.367297 2 0.604507 0.367561 2 0.614774 0.381249 2 0.599305 0.381070 2 0.613435 0.398139 2 0.603841 0.396632 2
0 0.379092 0.403439 0.012649 0.052910 0.387237 0.394316 2 0.387636 0.392812 2 0.386596 0.392880 2 0.387649 0.394054 1 0.385443 0.394015 2 0.387480 0.403816 2 0.385466 0.403418 2 0.385687 0.416393 1 0.383887 0.414745 2 0.381082 0.424247 2 0.380563 0.422414 2 0.386724 0.424635 2 0.385449 0.423717 2 0.378995 0.426602 2 0.378318 0.426060 2 0.375523 0.440084 2 0.375140 0.439723 2
0 0.577753 0.412698 0.023065 0.111111 0.580692 0.360838 2 0.581591 0.358766 2 0.579366 0.359053 2 0.582683 0.359902 2 0.577130 0.360187 2 0.584179 0.372076 2 0.573909 0.371055 2 0.586458 0.384656 2 0.569374 0.383513 2 0.587551 0.397913 2 0.570435 0.394674 2 0.582233 0.402168 2 0.575720 0.401629 2 0.581277 0.425507 2 0.575102 0.422797 2 0.578308 0.443767 2 0.573341 0.437764 2
0 0.541295 0.243386 0.012649 0.042328 0.541368 0.232629 2 0.542056 0.231345 2 0.540790 0.231426 2 0.543679 0.230888 2 0.540449 0.231075 1 0.545564 0.236768 2 0.539626 0.236836 2 0.546415 0.247228 2 0.538823 0.247644 2 0.546760 0.256121 2 0.539587 0.258356 2 0.544530 0.251666 2 0.540605 0.251600 2 0.544265 0.263232 2 0.540418 0.263046 2 0.544276 0.268044 1 0.540569 0.267990 1
