0 0.643229 0.870370 0.037946 0.187831 0.644673 0.809311 2 0.646381 0.805611 2 0.642456 0.804457 2 0.645345 0.806959 1 0.636889 0.804308 2 0.638419 0.821505 2 0.637892 0.826663 2 0.646916 0.842531 2 0.649869 0.846480 2 0.655638 0.841501 2 0.659310 0.843801 2 0.640981 0.876815 2 0.640352 0.882513 2 0.645580 0.908051 2 0.643240 0.930518 2 0.642557 0.940548 2 0.639320 0.974936 2
0 0.681920 0.802910 0.040923 0.187831 0.685003 0.736700 2 0.687254 0.733574 2 0.683352 0.732882 2 0.690179 0.735557 2 0.680594 0.733589 2 0.692565 0.756235 2 0.673937 0.752444 2 0.695583 0.782653 2 0.667050 0.775279 2 0.695960 0.808498 2 0.668403 0.800425 2 0.686704 0.807855 2 0.674346 0.806303 2 0.685691 0.845407 2 0.670663 0.842811 2 0.682658 0.881587 2 0.669233 0.876475 2
0 0.622024 0.775132 0.050595 0.116402 0.644493 0.808782 2 0.646192 0.804838 2 0.641751 0.804712 2 0.646461 0.804485 1 0.636567 0.805098 2 0.636886 0.819318 2 0.639010 0.825963 2 0.643884 0.836354 2 0.649847 0.848891 2 0.650942 0.836288 2 0.656994 0.844325 2 0.637146 0.851904 1 0.638792 0.855820 1 0.652374 0.832998 1 0.656771 0.845669 1 0.650237 0.844643 1 0.652324 0.853782 1
0 0.366443 0.478175 0.017113 0.056878 0.366534 0.461481 2 0.366447 0.460535 1 0.366132 0.460568 2 0.365870 0.461186 1 0.365044 0.461345 2 0.366724 0.466672 2 0.364396 0.467250 2 0.369408 0.472764 2 0.365845 0.474545 2 0.369223 0.476365 2 0.367439 0.478308 2 0.367292 0.481915 2 0.365735 0.482415 2 0.369148 0.493176 2 0.367935 0.493693 2 0.369828 0.505625 2 0.368693 0.506050 2
0 0.577753 0.614418 0.030506 0.123016 0.582358 0.573588 2 0.581926 0.571547 1 0.582122 0.571430 2 0.579675 0.571580 1 0.580413 0.571530 2 0.580335 0.579906 2 0.572948 0.581353 2 0.582923 0.591362 2 0.569634 0.594081 2 0.590024 0.596228 2 0.575508 0.601710 2 0.579116 0.610819 2 0.572944 0.613255 2 0.586412 0.631371 2 0.568829 0.639522 2 0.585380 0.653489 2 0.566030 0.661563 2
0 0.568824 0.619709 0.030506 0.104497 0.570116 0.581563 2 0.570917 0.579717 2 0.569584 0.579012 2 0.570117 0.579708 1 0.567159 0.577600 2 0.569520 0.587273 2 0.562607 0.586923 2 0.569708 0.599401 1 0.559054 0.602666 2 0.571375 0.603143 1 0.565156 0.607962 2 0.567021 0.615090 2 0.563006 0.615207 2 0.565827 0.639558 2 0.567005 0.639435 2 0.558529 0.656251 2 0.565724 0.661952 2
0 0.492560 0.564815 0.022321 0.100529 0.493409 0.531799 1 0.493074 0.530034 1 0.493962 0.529875 1 0.490492 0.531751 2 0.496302 0.531429 2 0.488226 0.543207 2 0.498365 0.542957 2 0.486134 0.557924 2 0.500861 0.557431 2 0.485051 0.569245 2 0.502264 0.569089 2 0.490529 0.567840 2 0.497052 0.567790 2 0.492305 0.589864 2 0.496193 0.590141 2 0.494145 0.610129 2 0.494998 0.611924 2
0 0.520833 0.607804 0.026786 0.117725 0.526378 0.564313 1 0.525374 0.562097 1 0.526288 0.562065 1 0.520072 0.562697 2 0.526190 0.563327 2 0.515820 0.575438 2 0.527623 0.576859 2 0.513232 0.591972 2 0.530119 0.593584 2 0.512697 0.605990 2 0.531124 0.608051 2 0.517256 0.608196 2 0.525247 0.609162 2 0.517796 0.628935 2 0.524684 0.632089 2 0.518263 0.650937 2 0.522920 0.654917 2
0 0.520833 0.556878 0.022321 0.095238 0.526889 0.563270 1 0.525826 0.561180 1 0.526667 0.561194 1 0.520669 0.562038 2 0.526073 0.562690 2 0.516212 0.575551 2 0.527618 0.576243 2 0.513213 0.592518 2 0.530581 0.594128 2 0.512772 0.607026 2 0.531283 0.608726 2 0.517803 0.609610 2 0.525288 0.610062 2 0.518359 0.622685 1 0.525068 0.622685 1 0.519250 0.620942 1 0.523027 0.619472 1
0 0.545387 0.545635 0.013393 0.078042 0.546339 0.518284 1 0.546104 0.516724 1 0.546527 0.516870 1 0.543860 0.517272 2 0.547726 0.517647 2 0.542014 0.525969 2 0.548285 0.526551 2 0.540601 0.535654 2 0.549212 0.536582 2 0.540894 0.544168 2 0.549117 0.545226 2 0.542626 0.545250 2 0.547131 0.545657 2 0.542592 0.560157 2 0.547942 0.560449 2 0.542554 0.574468 2 0.548283 0.574084 2
0 0.477307 0.565476 0.020089 0.099206 0.482157 0.534291 2 0.481384 0.532415 1 0.481651 0.532627 2 0.477095 0.533145 1 0.479949 0.533911 2 0.473854 0.543060 2 0.481074 0.544414 2 0.472003 0.556452 2 0.483206 0.557237 2 0.472660 0.568431 2 0.483792 0.567833 2 0.474126 0.567795 2 0.479233 0.568735 2 0.473777 0.584911 2 0.479942 0.586817 2 0.472218 0.601699 2 0.478903 0.605063 2
0 0.504836 0.531746 0.014137 0.087302 0.496400 0.532909 1 0.496398 0.531034 1 0.496349 0.531207 1 0.496071 0.532110 1 0.497272 0.532436 1 0.497013 0.542544 1 0.498767 0.542880 2 0.499956 0.554778 1 0.501294 0.555124 2 0.502352 0.565563 1 0.502475 0.567460 2 0.496731 0.565716 1 0.497816 0.565477 2 0.496174 0.587216 1 0.496715 0.586698 2 0.497088 0.592199 1 0.496759 0.592324 1
0 0.488095 0.523810 0.017857 0.082011 0.490657 0.495896 1 0.490575 0.494375 1 0.491171 0.494370 1 0.489326 0.495382 2 0.494090 0.495197 2 0.487215 0.505558 2 0.496362 0.505317 2 0.485367 0.516273 2 0.498783 0.517479 2 0.488110 0.518231 1 0.499516 0.529012 2 0.489094 0.527845 2 0.495365 0.527808 2 0.488983 0.543219 2 0.495532 0.543263 2 0.489645 0.554860 1 0.495265 0.554638 1
0 0.460938 0.428571 0.014137 0.052910 0.460496 0.411481 2 0.460969 0.410460 2 0.460197 0.410573 2 0.462083 0.410168 2 0.460312 0.410509 1 0.462925 0.414741 2 0.460703 0.414852 2 0.463257 0.422311 2 0.459958 0.421754 1 0.462607 0.428972 2 0.459599 0.427076 1 0.462207 0.428454 2 0.460726 0.428305 2 0.461535 0.438879 2 0.459889 0.438586 2 0.462274 0.450116 2 0.460358 0.449397 2
0 0.772693 0.915344 0.057292 0.164021 0.781583 0.862303 2 0.784898 0.858396 2 0.779732 0.857614 2 0.790292 0.864895 2 0.778152 0.861614 2 0.793831 0.896654 2 0.781785 0.886428 2 0.794901 0.928366 2 0.785838 0.920964 2 0.797058 0.934177 2 0.790378 0.935991 2 0.787752 0.954683 2 0.776749 0.945710 2 0.785062 0.988241 2 0.755830 0.962548 2 0.789987 1.000000 2 0.753394 0.990908 1
