0 0.729254 0.773576 0.018382 0.055089 0.729369 0.766411 1 0.728732 0.764141 1 0.730759 0.764507 1 0.726008 0.765270 2 0.734770 0.766169 2 0.722599 0.777518 2 0.735252 0.779595 2 0.720481 0.787796 1 0.736848 0.790951 1 0.723045 0.790444 1 0.735953 0.795153 1 0.725018 0.798266 1 0.733507 0.799565 1 0.724965 0.800947 1 0.731805 0.803952 1 0.728235 0.801852 1 0.734254 0.803332 1
0 0.667279 0.724090 0.035189 0.062558 0.665480 0.738735 2 0.668049 0.733268 2 0.663267 0.733942 2 0.673919 0.734776 2 0.661264 0.736359 2 0.681703 0.759873 2 0.659821 0.763758 2 0.684253 0.755596 1 0.660481 0.760957 1 0.673147 0.745480 1 0.665254 0.747040 1 0.680302 0.755843 1 0.665734 0.756657 1 0.674241 0.756872 1 0.665436 0.757932 1 0.674481 0.753317 1 0.671179 0.759627 1
0 0.619748 0.848273 0.024160 0.094304 0.628040 0.820049 2 0.627432 0.818070 1 0.627728 0.817974 2 0.623642 0.818181 1 0.625082 0.818527 2 0.622127 0.827206 2 0.621781 0.828470 2 0.625309 0.838950 1 0.623102 0.841307 2 0.628427 0.838146 1 0.627871 0.839848 2 0.621226 0.851691 2 0.621290 0.853010 2 0.623469 0.866560 2 0.625531 0.868144 2 0.625590 0.882217 2 0.629468 0.883735 2
0 0.647847 0.858077 0.030987 0.072829 0.628337 0.818917 1 0.628469 0.817329 1 0.627951 0.817503 1 0.628578 0.818213 1 0.628252 0.818522 1 0.630821 0.827658 2 0.630418 0.827517 1 0.632977 0.839629 2 0.631917 0.838734 1 0.630761 0.841983 2 0.630128 0.841215 1 0.629053 0.852505 2 0.628858 0.851631 2 0.628125 0.867908 2 0.628140 0.866178 2 0.629189 0.883452 2 0.629094 0.884208 1
0 0.371061 0.792717 0.029937 0.061625 0.377888 0.757878 1 0.379169 0.756126 1 0.377113 0.756357 1 0.382510 0.755103 1 0.377281 0.755703 1 0.384268 0.758354 2 0.375181 0.758560 2 0.384432 0.765458 2 0.370171 0.765290 2 0.378635 0.764877 2 0.375897 0.762927 2 0.378456 0.785895 2 0.372575 0.785095 2 0.374215 0.812392 2 0.370775 0.812043 2 0.373312 0.828748 1 0.369635 0.828243 1
0 0.382878 0.751167 0.025210 0.068161 0.378850 0.742221 2 0.379827 0.739808 2 0.378176 0.740153 1 0.382241 0.739398 2 0.377900 0.740062 1 0.385914 0.750189 2 0.377363 0.749613 2 0.386478 0.762605 2 0.372532 0.761330 2 0.380683 0.766714 2 0.374620 0.761562 2 0.383935 0.776269 2 0.377830 0.774552 2 0.380227 0.780646 2 0.370155 0.775507 2 0.381648 0.797341 1 0.370762 0.792038 1
0 0.279674 0.762838 0.028887 0.093371 0.275008 0.730797 1 0.275523 0.728014 1 0.274529 0.728505 1 0.278293 0.726677 1 0.276386 0.727565 1 0.282975 0.737569 2 0.277468 0.736972 2 0.281390 0.750527 2 0.271150 0.747146 1 0.270327 0.751290 2 0.267485 0.748737 1 0.283950 0.765800 2 0.280462 0.764822 2 0.283640 0.780476 2 0.281261 0.778720 2 0.284443 0.797474 2 0.282480 0.797006 2
0 0.238971 0.935574 0.033613 0.089636 0.238601 0.917215 2 0.240704 0.912851 2 0.235789 0.912866 2 0.243252 0.915602 1 0.230756 0.915853 2 0.247113 0.944560 2 0.227439 0.945334 2 0.248261 0.973651 2 0.225781 0.978076 2 0.240565 0.952580 2 0.227203 0.986531 2 0.246030 0.994883 1 0.232828 0.995221 1 0.241415 0.978965 1 0.231389 0.981078 1 0.243500 0.986688 1 0.233329 0.990060 1
0 0.435137 0.770775 0.015231 0.051354 0.435891 0.762872 1 0.436475 0.761667 1 0.435404 0.761839 1 0.437606 0.762603 1 0.434965 0.763000 1 0.439449 0.770329 2 0.433726 0.770693 2 0.440531 0.777974 2 0.432683 0.777748 2 0.438017 0.781949 2 0.433634 0.780732 2 0.438359 0.786820 2 0.434393 0.786852 2 0.438080 0.797090 2 0.434376 0.797158 2 0.438953 0.803097 1 0.434310 0.802943 1
0 0.433824 0.721755 0.014706 0.050420 0.437448 0.713727 2 0.437820 0.710559 1 0.436031 0.710628 2 0.436661 0.710619 1 0.431888 0.711490 2 0.436530 0.726316 2 0.427890 0.728068 2 0.439448 0.731198 1 0.429832 0.733727 1 0.433012 0.731251 1 0.437664 0.730348 1 0.435055 0.749258 1 0.429097 0.750746 1 0.438237 0.744687 1 0.431675 0.746523 1 0.437219 0.748824 1 0.433739 0.746591 1
0 0.137605 0.360878 0.024160 0.073763 0.138490 0.347407 1 0.137789 0.344654 1 0.138789 0.344025 1 0.134589 0.346545 2 0.140998 0.344665 2 0.133637 0.366397 2 0.146425 0.362527 2 0.137176 0.389192 2 0.150669 0.384657 2 0.144060 0.397054 1 0.147906 0.395014 1 0.140236 0.401977 2 0.148908 0.400305 2 0.144009 0.411140 1 0.148638 0.406769 1 0.146641 0.411113 1 0.147589 0.409060 1
0 0.117910 0.376751 0.020483 0.068161 0.117426 0.362326 2 0.119796 0.357993 2 0.115281 0.358442 2 0.123866 0.359784 2 0.112324 0.360595 2 0.130019 0.385317 2 0.106776 0.385961 2 0.131445 0.411303 1 0.104813 0.413356 1 0.127516 0.404959 1 0.115303 0.409664 1 0.125608 0.422405 1 0.110188 0.422499 1 0.123211 0.406484 1 0.109638 0.405216 1 0.120705 0.411441 1 0.114162 0.410608 1
