0 0.242910 0.943511 0.023634 0.079365 0.239307 0.918697 2 0.240844 0.916605 2 0.238414 0.916005 2 0.243902 0.914722 2 0.237565 0.913670 1 0.247988 0.920199 2 0.237112 0.921928 2 0.251401 0.931411 2 0.235982 0.931863 2 0.253104 0.941640 2 0.235768 0.942470 2 0.247610 0.943552 2 0.240490 0.945097 2 0.250571 0.954661 2 0.241695 0.961631 2 0.249564 0.957812 2 0.244339 0.974452 2
0 0.335609 0.737628 0.022059 0.063492 0.337819 0.714244 2 0.338519 0.712134 2 0.336805 0.712765 2 0.340080 0.711548 2 0.335650 0.713068 2 0.344322 0.720551 2 0.333967 0.720226 2 0.346299 0.733406 2 0.330720 0.730058 2 0.343284 0.742539 2 0.330199 0.738062 2 0.342140 0.742334 2 0.334838 0.741381 2 0.343268 0.752455 1 0.330274 0.750687 1 0.343034 0.762582 1 0.330958 0.759983 1
0 0.129727 0.702148 0.021008 0.085901 0.126626 0.671734 2 0.127414 0.670198 2 0.126237 0.670193 2 0.129819 0.669750 2 0.126538 0.669932 1 0.133093 0.676346 2 0.125167 0.675513 2 0.133726 0.687735 2 0.124638 0.686620 2 0.129255 0.690791 2 0.127088 0.692344 2 0.134050 0.697228 2 0.128719 0.696694 2 0.134863 0.713159 2 0.129548 0.710811 2 0.135830 0.725287 2 0.133976 0.720282 2
0 0.110819 0.704482 0.021008 0.083100 0.105963 0.675843 2 0.106893 0.674252 2 0.105457 0.674315 2 0.109410 0.673693 2 0.105482 0.673964 1 0.112240 0.680343 2 0.105026 0.680685 2 0.114430 0.691089 2 0.104962 0.692310 2 0.109426 0.700711 2 0.106501 0.699924 2 0.114591 0.700433 2 0.109940 0.700778 2 0.114808 0.717560 2 0.111748 0.716257 2 0.117784 0.729286 2 0.115987 0.725261 2
0 0.333246 0.442577 0.014181 0.044818 0.333840 0.429405 2 0.334389 0.428082 2 0.333107 0.428465 2 0.335376 0.427498 2 0.332124 0.428422 2 0.337414 0.432503 2 0.331076 0.433746 2 0.340339 0.438997 2 0.329056 0.440930 2 0.339556 0.445023 2 0.330537 0.446590 2 0.336827 0.446752 2 0.332941 0.447286 2 0.336592 0.454762 2 0.332795 0.455535 2 0.336624 0.463326 2 0.334154 0.463777 2
0 0.566702 0.390289 0.010504 0.033613 0.566148 0.382384 1 0.565923 0.381432 1 0.566250 0.381526 1 0.564155 0.381749 2 0.566726 0.381968 2 0.562354 0.387389 2 0.567506 0.387331 2 0.562090 0.394672 2 0.569222 0.393949 2 0.564223 0.397747 1 0.569821 0.394557 2 0.562443 0.400814 2 0.565963 0.400832 2 0.563529 0.407279 2 0.566972 0.406468 2 0.562919 0.410111 1 0.565642 0.408732 2
0 0.358718 0.236228 0.012605 0.048553 0.356151 0.221002 1 0.355864 0.220098 1 0.356095 0.220093 1 0.354112 0.220292 1 0.355995 0.220382 2 0.353383 0.225240 2 0.355798 0.224960 2 0.353524 0.231428 1 0.356802 0.231430 2 0.355466 0.235467 1 0.357725 0.235704 2 0.353849 0.237915 2 0.355705 0.237783 2 0.354338 0.246879 2 0.357075 0.245423 2 0.354008 0.254374 2 0.358066 0.252327 2
0 0.580357 0.295518 0.014706 0.049486 0.574818 0.309639 1 0.574892 0.309057 1 0.575076 0.308893 1 0.575241 0.309037 2 0.577228 0.308497 2 0.575018 0.312371 2 0.578887 0.311329 2 0.574615 0.317527 2 0.580035 0.315935 2 0.574420 0.320920 2 0.580324 0.319473 2 0.576264 0.320815 2 0.579239 0.320217 2 0.574854 0.325148 2 0.580133 0.324535 2 0.574785 0.327672 1 0.580997 0.326819 1
0 0.164916 0.267507 0.013655 0.051354 0.162577 0.251851 1 0.162643 0.251008 1 0.162920 0.250894 1 0.162658 0.251622 2 0.164813 0.251252 2 0.162626 0.256779 2 0.166240 0.256632 2 0.161351 0.259909 2 0.168209 0.262773 2 0.161462 0.257495 2 0.169739 0.267581 2 0.164556 0.268853 2 0.166610 0.268509 2 0.165093 0.277653 2 0.165792 0.276551 2 0.166876 0.285517 2 0.166329 0.285376 2
0 0.209559 0.224090 0.012605 0.042951 0.210245 0.207727 1 0.210081 0.206912 1 0.209976 0.207024 1 0.209299 0.207246 1 0.209287 0.207592 2 0.210056 0.211177 2 0.208740 0.212042 2 0.211903 0.215310 2 0.208675 0.217508 2 0.212724 0.216275 2 0.209749 0.220038 2 0.211470 0.222074 2 0.210643 0.222693 2 0.212309 0.231057 2 0.211715 0.231650 2 0.212530 0.239139 2 0.212072 0.239894 2
0 0.254989 0.252568 0.013130 0.027077 0.261990 0.235991 1 0.262182 0.235314 1 0.261694 0.235462 1 0.262472 0.234570 1 0.261439 0.234985 1 0.262572 0.236217 2 0.261155 0.236837 2 0.262310 0.239588 1 0.261149 0.240977 2 0.262515 0.241331 1 0.262996 0.243188 2 0.262445 0.246226 2 0.261516 0.246570 2 0.262444 0.253579 2 0.262046 0.254114 2 0.262600 0.260046 2 0.262472 0.260255 2
0 0.261817 0.242297 0.009979 0.045752 0.260177 0.229081 1 0.260124 0.228208 1 0.260384 0.228258 1 0.259786 0.228561 2 0.261959 0.228556 2 0.259033 0.233612 2 0.263464 0.233493 2 0.258182 0.240130 2 0.264858 0.240592 2 0.258864 0.243539 2 0.263501 0.244057 2 0.260304 0.245416 2 0.263280 0.245281 2 0.261446 0.252490 2 0.263899 0.251812 2 0.261963 0.260337 2 0.263950 0.259172 2
0 0.271796 0.230626 0.015231 0.054155 0.268587 0.217344 1 0.268582 0.216388 1 0.268749 0.216298 1 0.268667 0.216521 2 0.270413 0.216260 1 0.269200 0.221262 2 0.271450 0.220757 2 0.269464 0.227289 2 0.272917 0.227683 2 0.268114 0.231233 2 0.272414 0.232907 1 0.270137 0.233962 2 0.271674 0.233521 2 0.270383 0.244086 2 0.272308 0.242988 2 0.271315 0.252678 2 0.274008 0.250927 2
0 0.407038 0.077031 0.013655 0.040149 0.405592 0.067764 2 0.405919 0.067122 2 0.405269 0.067114 2 0.406411 0.067482 2 0.404848 0.067496 2 0.407087 0.070721 2 0.404157 0.070822 2 0.407925 0.074324 2 0.403228 0.074481 2 0.407357 0.075756 2 0.403939 0.076694 2 0.406666 0.078263 2 0.404750 0.078402 2 0.407196 0.084023 2 0.404923 0.084480 2 0.407190 0.089735 2 0.405452 0.090306 2
0 0.208771 0.129785 0.008929 0.033613 0.202989 0.118192 1 0.203105 0.117600 1 0.202995 0.117636 1 0.203521 0.117675 2 0.203539 0.117758 1 0.204334 0.120592 2 0.203937 0.120616 2 0.204492 0.124577 2 0.204243 0.124521 1 0.203343 0.125317 2 0.203557 0.125691 1 0.204184 0.130133 2 0.203739 0.130016 2 0.204838 0.137521 2 0.203676 0.137387 2 0.205460 0.144487 2 0.203685 0.144694 2
0 0.217174 0.129318 0.008929 0.036415 0.216868 0.117954 2 0.217244 0.117170 2 0.216419 0.117270 2 0.217864 0.117449 2 0.215892 0.117674 2 0.218957 0.121533 2 0.215284 0.121592 2 0.220357 0.126126 2 0.214337 0.125944 2 0.219564 0.131390 2 0.214689 0.130637 2 0.218662 0.132271 2 0.216280 0.132292 2 0.219182 0.139673 2 0.216270 0.139419 2 0.219017 0.146822 2 0.216877 0.146012 2
0 0.576943 0.718021 0.019433 0.054155 0.577352 0.703139 1 0.577151 0.701869 1 0.577852 0.702107 1 0.575435 0.702764 2 0.579841 0.703125 2 0.573064 0.710763 2 0.581627 0.711711 2 0.570349 0.716003 2 0.583304 0.716004 2 0.570019 0.710933 2 0.581031 0.710261 2 0.573944 0.730144 2 0.579904 0.730761 2 0.571702 0.718021 2 0.579620 0.719950 2 0.572277 0.733872 2 0.578279 0.736355 2
0 0.273372 0.084967 0.009979 0.039216 0.271535 0.075549 2 0.271781 0.074845 2 0.271243 0.074996 2 0.272312 0.074728 2 0.271053 0.075103 2 0.273309 0.077782 2 0.270919 0.078092 2 0.273363 0.081663 2 0.270284 0.081809 2 0.271560 0.080472 2 0.270973 0.080071 2 0.273699 0.086979 2 0.272035 0.087152 2 0.274132 0.093381 2 0.272516 0.093359 2 0.274800 0.099099 2 0.273133 0.098860 2
0 0.254464 0.077965 0.020483 0.036415 0.252982 0.064183 2 0.253397 0.063399 2 0.252629 0.063523 2 0.254326 0.063904 2 0.252442 0.064169 1 0.255242 0.068126 2 0.252274 0.068684 2 0.256453 0.072238 2 0.252194 0.073377 2 0.257019 0.075908 2 0.252856 0.076120 2 0.255571 0.077137 2 0.253644 0.077473 2 0.255352 0.083600 2 0.253880 0.083890 2 0.255249 0.088589 2 0.253839 0.088390 2
0 0.505252 0.055089 0.008403 0.016807 0.505779 0.054473 1 0.505745 0.054026 1 0.505851 0.054056 1 0.505282 0.054041 2 0.506356 0.054047 2 0.504734 0.056293 2 0.506968 0.056396 2 0.503954 0.059432 2 0.508330 0.059585 2 0.503654 0.061849 2 0.507955 0.062679 2 0.504962 0.062813 2 0.506477 0.062886 2 0.504837 0.064146 1 0.506702 0.064347 1 0.504546 0.064739 1 0.506836 0.064999 1
