0 0.586496 0.673280 0.009301 0.039683 0.586591 0.658059 1 0.586611 0.657272 1 0.586778 0.657294 1 0.586786 0.657509 2 0.588675 0.657445 2 0.586868 0.661801 2 0.590155 0.661852 2 0.586094 0.667871 2 0.590471 0.667666 2 0.585036 0.672734 2 0.588550 0.671781 1 0.587093 0.673954 2 0.589451 0.673833 2 0.586262 0.681841 2 0.588757 0.682751 2 0.585481 0.689637 2 0.588224 0.691171 2
0 0.073103 0.945106 0.012277 0.052910 0.071986 0.928821 2 0.072412 0.927559 2 0.071564 0.927890 1 0.074077 0.925593 2 0.071851 0.926653 1 0.077833 0.928286 2 0.071719 0.930582 2 0.081018 0.933382 2 0.070147 0.936023 2 0.080240 0.936467 2 0.070098 0.939594 2 0.076765 0.944550 2 0.072809 0.945444 2 0.077055 0.954185 2 0.073135 0.957336 2 0.077901 0.963163 2 0.074054 0.969254 2
0 0.039621 0.828042 0.012277 0.046296 0.045675 0.809728 2 0.046014 0.808769 2 0.045305 0.808435 2 0.045678 0.808877 1 0.043898 0.808091 2 0.044963 0.813759 2 0.041109 0.814056 2 0.045311 0.819694 1 0.040200 0.822438 2 0.046740 0.819532 2 0.043514 0.821945 2 0.045175 0.828306 2 0.042544 0.829051 2 0.046467 0.838597 2 0.043027 0.839564 2 0.045838 0.848511 2 0.043228 0.849049 2
0 0.057292 0.774471 0.009673 0.046296 0.058087 0.760022 1 0.057885 0.759052 1 0.058151 0.759047 1 0.056270 0.759152 2 0.058554 0.759205 2 0.055088 0.764326 2 0.058424 0.764089 2 0.053845 0.770802 2 0.058410 0.770430 2 0.054750 0.774206 2 0.056030 0.773710 2 0.055896 0.776717 2 0.058391 0.776609 2 0.056058 0.786575 2 0.059181 0.785943 2 0.055955 0.795336 2 0.060531 0.793718 2
0 0.159598 0.705357 0.010417 0.036376 0.160621 0.708794 2 0.161023 0.707819 2 0.160625 0.707863 1 0.162327 0.708194 2 0.161552 0.708095 1 0.164105 0.713789 2 0.161963 0.713020 2 0.163247 0.722289 2 0.159649 0.720363 2 0.159791 0.724885 2 0.157798 0.723288 2 0.163340 0.726567 2 0.161962 0.725442 2 0.158000 0.726144 2 0.157200 0.724548 1 0.158656 0.729709 1 0.158179 0.729079 1
0 0.207589 0.749008 0.012649 0.035053 0.211962 0.725020 1 0.212292 0.724868 1 0.211538 0.724868 1 0.213050 0.724868 1 0.210946 0.724868 1 0.214115 0.724868 1 0.210241 0.724944 1 0.215666 0.726683 2 0.209216 0.726784 2 0.215655 0.730757 2 0.209090 0.731693 2 0.213349 0.732068 2 0.210901 0.732030 2 0.212419 0.739183 2 0.211242 0.739118 2 0.212487 0.746060 2 0.211934 0.745545 2
0 0.211124 0.730489 0.005580 0.039021 0.211993 0.716123 2 0.212468 0.715376 2 0.211593 0.715359 2 0.213211 0.715919 2 0.211101 0.715882 2 0.214086 0.720780 2 0.210174 0.720596 2 0.214764 0.726369 2 0.209180 0.725717 2 0.214561 0.731215 2 0.209085 0.731078 2 0.213391 0.731532 2 0.210885 0.731461 2 0.212867 0.739420 2 0.210949 0.739343 2 0.212843 0.746198 2 0.211395 0.745908 2
0 0.214100 0.804894 0.012277 0.041005 0.217123 0.788576 2 0.217606 0.787812 2 0.216791 0.787818 2 0.218536 0.787518 2 0.216512 0.787593 1 0.219564 0.791028 2 0.215757 0.790583 2 0.220293 0.795936 2 0.213959 0.795435 2 0.219160 0.799471 2 0.211841 0.800336 2 0.218690 0.801996 2 0.216177 0.801474 2 0.218688 0.810870 2 0.215369 0.809282 2 0.219563 0.819766 2 0.216397 0.816809 2
0 0.186012 0.819114 0.011161 0.040344 0.187232 0.805580 2 0.187806 0.804590 2 0.186702 0.804690 2 0.188728 0.804165 2 0.185877 0.804454 2 0.189407 0.807818 2 0.184627 0.808740 2 0.190096 0.813680 2 0.182865 0.813726 2 0.188066 0.809956 2 0.182122 0.819698 2 0.190780 0.819249 2 0.187452 0.820487 2 0.192268 0.822057 2 0.187556 0.827655 2 0.192393 0.832943 2 0.187034 0.839367 2
0 0.252790 0.637566 0.007068 0.034392 0.253617 0.625629 1 0.253522 0.624919 1 0.253589 0.624950 1 0.252404 0.625242 2 0.253867 0.625279 2 0.251043 0.629474 2 0.254532 0.629205 2 0.250008 0.634296 2 0.255515 0.634050 2 0.251151 0.638452 2 0.255976 0.636837 2 0.251777 0.638899 2 0.254130 0.638833 2 0.252776 0.646243 2 0.255142 0.645073 2 0.252635 0.654213 2 0.254758 0.652160 2
0 0.414993 0.619378 0.008557 0.025794 0.416929 0.610043 1 0.416614 0.609429 1 0.416913 0.609439 1 0.415314 0.609543 1 0.416467 0.609760 2 0.414880 0.612456 2 0.415482 0.612798 2 0.416881 0.615732 2 0.417354 0.616277 2 0.418830 0.616797 1 0.419299 0.617795 2 0.414675 0.620752 2 0.415005 0.621376 2 0.418859 0.622789 2 0.418862 0.623814 2 0.419129 0.630872 2 0.419246 0.631357 2
0 0.437128 0.663690 0.007440 0.037698 0.439760 0.647972 2 0.439781 0.647122 1 0.439261 0.647437 2 0.439157 0.647632 1 0.438179 0.648268 2 0.439041 0.651707 2 0.438098 0.652715 2 0.440200 0.656355 1 0.437935 0.658375 2 0.440959 0.660200 1 0.438356 0.663193 2 0.438726 0.661992 2 0.438612 0.662488 2 0.437423 0.669574 2 0.440281 0.669960 2 0.435395 0.676950 2 0.440364 0.677469 2
0 0.006696 0.510251 0.006696 0.025794 0.006307 0.500000 1 0.006305 0.499496 1 0.006533 0.499486 1 0.006238 0.499728 2 0.007710 0.499583 2 0.006048 0.502728 2 0.008487 0.502423 2 0.005510 0.506425 2 0.009307 0.506074 2 0.005452 0.509447 2 0.009353 0.509436 2 0.006897 0.509937 2 0.008463 0.509758 2 0.007147 0.515070 2 0.008095 0.514686 2 0.008102 0.519432 2 0.008648 0.519130 2
0 0.503906 0.648810 0.007812 0.026455 0.505723 0.638085 1 0.505300 0.637358 1 0.505611 0.637431 1 0.503727 0.637626 1 0.504826 0.637988 2 0.503102 0.641114 2 0.504144 0.641865 2 0.506004 0.644424 2 0.506648 0.646117 2 0.508131 0.645286 1 0.508442 0.647273 2 0.503473 0.649998 2 0.504138 0.650912 2 0.507925 0.647654 2 0.508663 0.648841 2 0.506909 0.654211 1 0.507319 0.654094 1
0 0.326637 0.484127 0.003720 0.021164 0.327948 0.478981 1 0.327951 0.478590 1 0.327857 0.478570 1 0.327601 0.478853 1 0.327624 0.478845 2 0.327344 0.481226 2 0.327329 0.481224 2 0.327041 0.483844 2 0.326958 0.483840 2 0.327293 0.485612 2 0.327033 0.485615 2 0.327515 0.486084 2 0.327517 0.486158 2 0.327501 0.489894 2 0.327434 0.489994 2 0.327364 0.493730 2 0.327327 0.493763 2
0 0.297619 0.530423 0.007440 0.025132 0.298194 0.521989 2 0.298417 0.521445 2 0.297995 0.521573 2 0.298976 0.521168 2 0.297907 0.521488 1 0.299782 0.523153 2 0.297812 0.523351 2 0.299709 0.526669 2 0.297734 0.526765 1 0.298601 0.527880 2 0.297858 0.527921 1 0.299800 0.530536 2 0.298187 0.530594 2 0.300727 0.535875 2 0.297375 0.535838 2 0.301383 0.542197 2 0.297332 0.541809 2
0 0.548735 0.706349 0.007440 0.038360 0.550508 0.690045 2 0.550904 0.689268 2 0.550097 0.689342 2 0.551541 0.689524 2 0.549581 0.689704 2 0.552664 0.693944 2 0.548865 0.694013 2 0.553526 0.699439 2 0.548127 0.699301 2 0.553511 0.704169 2 0.547931 0.703878 2 0.551878 0.704949 2 0.549306 0.704924 2 0.552082 0.713266 2 0.549072 0.713220 2 0.552303 0.720732 2 0.549104 0.720740 2
0 0.540737 0.684854 0.007068 0.044312 0.539856 0.667516 2 0.540139 0.666758 2 0.539966 0.666739 1 0.541185 0.667084 2 0.540869 0.667019 1 0.542311 0.671344 2 0.540533 0.670998 2 0.541691 0.676350 2 0.539721 0.677303 2 0.540667 0.672446 2 0.539097 0.681588 2 0.541613 0.682015 2 0.540302 0.681635 2 0.541441 0.691246 2 0.539713 0.690551 2 0.541532 0.700082 2 0.540125 0.699202 2
0 0.571615 0.663029 0.006324 0.035053 0.573336 0.655917 1 0.573255 0.655185 1 0.573432 0.655291 1 0.572133 0.655689 2 0.573883 0.656060 2 0.570858 0.659902 2 0.574221 0.660736 2 0.569818 0.664823 2 0.574428 0.666031 2 0.569966 0.668498 2 0.574203 0.668638 2 0.571060 0.669724 2 0.573348 0.670151 2 0.570917 0.676818 2 0.572885 0.677543 2 0.571257 0.684221 2 0.572510 0.684754 2
0 0.574777 0.649802 0.007440 0.036376 0.572917 0.656148 1 0.572859 0.655540 1 0.573114 0.655703 1 0.572033 0.655955 2 0.573953 0.656339 2 0.570936 0.659673 2 0.574374 0.660492 2 0.569868 0.664195 2 0.574565 0.665783 2 0.570322 0.667659 2 0.574500 0.669139 2 0.571126 0.669781 2 0.573425 0.670139 2 0.570565 0.673706 1 0.572925 0.674319 1 0.570900 0.675038 1 0.572490 0.675265 1
0 0.724330 0.507606 0.005952 0.024471 0.724936 0.496292 1 0.725029 0.495813 1 0.725082 0.495866 1 0.725279 0.496115 2 0.725943 0.496132 1 0.725270 0.498695 2 0.726207 0.498755 2 0.724619 0.501548 2 0.726674 0.501972 2 0.723607 0.502368 2 0.726326 0.504133 1 0.725065 0.504775 2 0.725629 0.504721 2 0.724610 0.509092 2 0.725050 0.509183 2 0.724513 0.513886 2 0.725129 0.513751 2
0 0.740885 0.561177 0.007812 0.020503 0.742133 0.556285 1 0.742116 0.555733 1 0.742256 0.555810 1 0.741685 0.555942 2 0.742901 0.555975 2 0.741155 0.558748 2 0.743301 0.558265 2 0.739433 0.561042 2 0.744066 0.558405 2 0.738072 0.561169 2 0.743300 0.557180 2 0.741473 0.566062 2 0.742782 0.565976 2 0.741126 0.571305 2 0.742432 0.571705 2 0.740986 0.574172 1 0.742695 0.574438 1
0 0.477493 0.675926 0.006324 0.037037 0.481537 0.667657 1 0.481511 0.666881 1 0.481663 0.667022 1 0.480581 0.667340 1 0.481771 0.667769 2 0.479150 0.671368 2 0.481771 0.672638 2 0.477339 0.675843 2 0.481559 0.678438 2 0.477059 0.678862 1 0.481741 0.680961 1 0.478498 0.681539 2 0.480255 0.682176 2 0.478312 0.688214 2 0.479895 0.689661 2 0.477681 0.693706 2 0.479180 0.695279 2
0 0.495350 0.659722 0.007068 0.032407 0.497256 0.649375 1 0.496969 0.648884 1 0.497082 0.649007 2 0.496113 0.649074 1 0.496352 0.649399 2 0.495774 0.652845 2 0.495804 0.653222 2 0.496865 0.657124 2 0.496595 0.658217 2 0.498334 0.656635 1 0.498333 0.656800 2 0.496533 0.662968 2 0.496050 0.663266 2 0.497926 0.670331 2 0.495523 0.670479 2 0.498506 0.676691 2 0.491856 0.675580 2
0 0.505022 0.676587 0.008557 0.038360 0.507326 0.663292 1 0.506914 0.662649 1 0.507314 0.662638 1 0.505503 0.662883 1 0.506981 0.663069 2 0.505103 0.667192 2 0.506161 0.667646 2 0.506374 0.671322 1 0.507911 0.672501 2 0.508538 0.672611 1 0.510085 0.673778 2 0.505850 0.679029 2 0.505868 0.679399 2 0.508129 0.686361 2 0.503862 0.687209 2 0.509832 0.693118 2 0.501997 0.693207 2
0 0.334263 0.662698 0.007068 0.031746 0.332778 0.655609 1 0.332827 0.654917 1 0.333029 0.654866 1 0.333389 0.655155 2 0.334450 0.654924 1 0.334691 0.659015 2 0.334845 0.658308 2 0.332933 0.664061 2 0.332789 0.662930 2 0.329861 0.665602 2 0.330640 0.663772 2 0.335144 0.669222 2 0.335132 0.668322 2 0.331262 0.675457 2 0.331399 0.673638 2 0.332639 0.682174 2 0.333025 0.680644 1
0 0.518601 0.668651 0.008929 0.030423 0.521631 0.656198 1 0.521434 0.655506 1 0.521506 0.655614 1 0.519893 0.656159 1 0.521037 0.656357 2 0.519514 0.660309 2 0.520634 0.660424 2 0.519215 0.664941 2 0.520716 0.665471 2 0.519281 0.668148 2 0.522099 0.669656 2 0.519439 0.670045 2 0.520713 0.670079 2 0.518116 0.677072 2 0.522626 0.676444 2 0.516247 0.684499 2 0.523982 0.684595 2
0 0.535900 0.596561 0.007068 0.026455 0.537194 0.589220 1 0.536887 0.588495 1 0.537107 0.588544 1 0.535293 0.588668 1 0.536676 0.588854 2 0.534060 0.592623 2 0.536960 0.592669 2 0.533601 0.597522 2 0.537872 0.596961 2 0.533655 0.600829 1 0.538293 0.597131 2 0.534488 0.601103 2 0.536415 0.601345 2 0.536870 0.603924 2 0.539183 0.603559 2 0.535667 0.608861 2 0.537490 0.608272 2
0 0.614769 0.607474 0.007068 0.025794 0.616102 0.595147 1 0.615897 0.594548 1 0.616106 0.594605 1 0.614520 0.594679 2 0.616096 0.594949 2 0.613413 0.597728 2 0.616506 0.598289 2 0.612683 0.601301 2 0.617100 0.602394 2 0.612756 0.604237 1 0.617299 0.605750 2 0.613557 0.605839 2 0.615722 0.606139 2 0.613536 0.611660 2 0.615991 0.611644 2 0.613634 0.615809 1 0.615781 0.615760 1
0 0.581659 0.590278 0.007068 0.025794 0.582673 0.585157 1 0.582423 0.584526 1 0.582594 0.584561 1 0.581029 0.584502 1 0.582104 0.584706 2 0.580243 0.587252 2 0.581970 0.587890 2 0.579659 0.591131 1 0.582927 0.592262 2 0.580287 0.594265 1 0.583691 0.594880 2 0.580403 0.595223 2 0.581505 0.595690 2 0.581453 0.599416 2 0.582649 0.599900 2 0.580204 0.602646 2 0.581885 0.603758 2
0 0.547247 0.590608 0.006696 0.031746 0.548764 0.580315 2 0.548612 0.579791 1 0.548769 0.579726 2 0.547441 0.579612 1 0.548282 0.579446 2 0.546591 0.581674 2 0.547152 0.581578 2 0.547990 0.586480 2 0.548736 0.585217 2 0.549445 0.587540 2 0.549408 0.582066 2 0.546373 0.589681 2 0.546794 0.590101 2 0.549149 0.592128 2 0.550387 0.592636 2 0.547654 0.599410 2 0.549652 0.599276 2
0 0.630208 0.585979 0.007440 0.025132 0.630931 0.577031 2 0.630644 0.576477 1 0.630854 0.576487 2 0.629374 0.576605 1 0.630193 0.576754 2 0.628323 0.579131 2 0.629868 0.579507 2 0.630076 0.581803 1 0.631826 0.581932 2 0.632324 0.581811 1 0.633845 0.582337 2 0.628542 0.586446 2 0.629505 0.587093 2 0.631646 0.587443 2 0.632819 0.588878 2 0.630752 0.593678 2 0.631373 0.594956 2
0 0.451079 0.618717 0.010789 0.032407 0.451938 0.606307 2 0.451621 0.605749 1 0.451812 0.605758 2 0.450232 0.606319 1 0.451120 0.606458 2 0.449543 0.609379 2 0.450879 0.609975 2 0.451423 0.612336 2 0.453095 0.612610 2 0.453141 0.613764 1 0.454592 0.614582 2 0.449072 0.617659 2 0.450004 0.618341 2 0.451561 0.619938 2 0.453303 0.622028 2 0.449587 0.624533 2 0.451906 0.627667 2
0 0.617746 0.817130 0.013765 0.037698 0.616018 0.807106 2 0.615986 0.806261 2 0.615995 0.806258 1 0.617205 0.804828 2 0.617388 0.804855 1 0.620294 0.807916 2 0.618464 0.806395 2 0.620174 0.816163 2 0.616072 0.811445 2 0.617012 0.817102 2 0.613811 0.814435 2 0.620449 0.821312 2 0.619226 0.819913 2 0.617300 0.828554 2 0.616092 0.827003 2 0.619363 0.835123 2 0.617772 0.834586 2
0 0.604725 0.701389 0.010045 0.039021 0.604186 0.687774 1 0.604310 0.686905 1 0.604469 0.686902 1 0.604365 0.687514 2 0.606070 0.687387 1 0.603355 0.692954 2 0.606818 0.692776 2 0.602082 0.699287 2 0.607081 0.698513 2 0.601599 0.704545 2 0.606455 0.702716 1 0.603610 0.703976 2 0.606019 0.703883 2 0.603051 0.711121 2 0.605583 0.711770 2 0.603189 0.719414 2 0.605601 0.719597 2
0 0.648624 0.817791 0.012277 0.054894 0.649747 0.795364 1 0.649648 0.794404 1 0.649846 0.794378 1 0.648473 0.795029 2 0.651058 0.794969 2 0.647543 0.801077 2 0.652635 0.801613 2 0.646713 0.809507 2 0.653873 0.809285 2 0.646769 0.815544 2 0.654493 0.817190 2 0.648241 0.816427 2 0.651826 0.816895 2 0.647714 0.825651 2 0.651887 0.828579 2 0.647737 0.834896 2 0.651729 0.840666 2
0 0.808594 0.934524 0.014509 0.059524 0.810452 0.913238 1 0.810515 0.912032 1 0.810685 0.912302 1 0.809193 0.912368 2 0.812419 0.912844 2 0.806097 0.918415 2 0.813752 0.918885 2 0.804290 0.921880 2 0.816285 0.922353 2 0.806859 0.921268 1 0.813397 0.923474 1 0.805928 0.936064 2 0.811206 0.936338 2 0.805704 0.940866 2 0.811345 0.941738 2 0.804161 0.956626 2 0.808996 0.955262 2
0 0.933594 0.809854 0.010789 0.046958 0.935259 0.794182 2 0.935678 0.793302 2 0.934763 0.793070 2 0.935505 0.793707 1 0.933145 0.793081 2 0.935672 0.798030 2 0.931327 0.798454 2 0.936308 0.804794 1 0.931288 0.805635 2 0.936101 0.807896 1 0.934056 0.808447 2 0.933995 0.811429 2 0.931382 0.811759 2 0.932147 0.820623 2 0.932176 0.822205 2 0.929629 0.828360 2 0.932468 0.832886 2
0 0.940104 0.810185 0.008929 0.047619 0.940109 0.792741 2 0.940664 0.791957 2 0.939698 0.791779 2 0.941048 0.792325 1 0.938835 0.791756 2 0.941343 0.796526 2 0.937551 0.796295 2 0.942456 0.802229 2 0.936627 0.802695 2 0.942795 0.804353 2 0.936648 0.808320 2 0.940150 0.809670 2 0.937980 0.809656 2 0.938958 0.820597 2 0.938932 0.821185 2 0.937638 0.831062 2 0.939603 0.832823 2
0 0.919085 0.782738 0.008557 0.049603 0.920413 0.765116 2 0.920798 0.764202 2 0.919849 0.764246 2 0.921065 0.764618 1 0.918803 0.764671 2 0.921587 0.769347 2 0.917495 0.769706 2 0.922069 0.775133 1 0.916265 0.776453 2 0.921846 0.780297 1 0.916423 0.783276 2 0.920509 0.782740 2 0.917835 0.782858 2 0.920124 0.792685 2 0.917554 0.792767 2 0.918860 0.802310 2 0.916912 0.802729 2
0 0.909970 0.785384 0.008929 0.045635 0.911845 0.771839 2 0.912475 0.770929 2 0.911342 0.770653 2 0.912978 0.770849 1 0.910099 0.769969 2 0.913032 0.775871 2 0.908197 0.774026 2 0.913575 0.782393 2 0.906379 0.778546 2 0.914013 0.787554 2 0.905461 0.784239 2 0.911336 0.788321 2 0.908291 0.787483 2 0.910177 0.797805 2 0.907768 0.796654 2 0.909383 0.805149 2 0.908314 0.803949 2
0 0.720238 0.672619 0.007440 0.039683 0.719903 0.658730 2 0.720317 0.657970 2 0.719985 0.657891 1 0.721386 0.658863 2 0.720711 0.658635 1 0.721521 0.664212 2 0.720905 0.663636 2 0.720771 0.670444 2 0.720361 0.669398 1 0.718877 0.672253 2 0.718876 0.672014 1 0.720797 0.674484 2 0.720402 0.674059 2 0.720280 0.682264 2 0.720052 0.681771 2 0.720366 0.690826 2 0.720372 0.689894 2
0 0.841704 0.688492 0.007068 0.035714 0.841601 0.678123 2 0.841712 0.677366 2 0.841765 0.677373 1 0.842455 0.677291 2 0.843104 0.677266 1 0.842968 0.680987 2 0.843740 0.680760 2 0.841965 0.686548 2 0.842772 0.686108 1 0.840080 0.686177 2 0.841060 0.685987 1 0.842338 0.691198 2 0.842893 0.690868 2 0.841909 0.699035 2 0.842304 0.698914 2 0.842193 0.707079 2 0.842565 0.707037 2
0 0.827381 0.693122 0.008929 0.039683 0.828068 0.678891 1 0.828043 0.678041 1 0.828264 0.678126 1 0.827107 0.678380 2 0.829450 0.678561 2 0.825767 0.683124 2 0.830284 0.683521 2 0.824677 0.689311 2 0.831152 0.689888 2 0.824508 0.694044 2 0.830663 0.695005 2 0.826114 0.695956 2 0.829312 0.696152 2 0.825503 0.704012 2 0.829233 0.704667 2 0.825471 0.711030 1 0.828961 0.711331 1
0 0.832217 0.684524 0.006696 0.035714 0.828771 0.679039 1 0.828672 0.678218 1 0.828772 0.678311 1 0.828034 0.678573 1 0.829255 0.678838 2 0.828124 0.683253 1 0.829987 0.683744 2 0.829365 0.689710 1 0.830956 0.690490 2 0.829155 0.695770 1 0.830016 0.696338 2 0.827826 0.697317 2 0.829140 0.697389 2 0.828681 0.705130 1 0.829759 0.705106 2 0.828780 0.705345 1 0.829834 0.705957 1
0 0.601376 0.750661 0.007068 0.038360 0.599915 0.739154 2 0.600082 0.738251 2 0.599780 0.738402 1 0.601111 0.737790 2 0.600659 0.738105 1 0.602353 0.741624 2 0.601771 0.741434 2 0.602055 0.747936 2 0.601541 0.747500 1 0.599830 0.748892 2 0.600196 0.749757 1 0.602527 0.753669 2 0.602102 0.753329 2 0.602699 0.762221 2 0.602257 0.761601 2 0.602526 0.770436 2 0.602015 0.769403 2
0 0.812314 0.635913 0.007068 0.035053 0.813578 0.623265 1 0.813443 0.622470 1 0.813799 0.622615 1 0.812227 0.622710 2 0.814364 0.623119 2 0.810845 0.626814 2 0.814285 0.627779 2 0.809730 0.631984 2 0.814556 0.633429 2 0.809806 0.636290 1 0.814535 0.637746 1 0.810461 0.636785 2 0.812725 0.637307 2 0.810092 0.643849 2 0.812026 0.645016 2 0.809734 0.650835 2 0.811295 0.651881 2
0 0.817522 0.636574 0.007068 0.035053 0.818762 0.623865 1 0.818675 0.623091 1 0.818877 0.623162 1 0.817940 0.623283 2 0.819637 0.623409 2 0.817105 0.627168 2 0.820265 0.627200 2 0.816188 0.631912 2 0.821208 0.631710 2 0.816591 0.635786 2 0.820268 0.635370 2 0.817165 0.636684 2 0.819267 0.636662 2 0.817374 0.644199 2 0.818996 0.644233 2 0.817407 0.651520 2 0.819008 0.651505 2
0 0.857329 0.609788 0.007068 0.035714 0.857635 0.596069 1 0.857758 0.595395 1 0.858000 0.595439 1 0.858001 0.595887 2 0.859781 0.595828 1 0.857163 0.599797 2 0.860849 0.599856 2 0.856159 0.604809 2 0.861353 0.605088 2 0.855534 0.608507 2 0.861201 0.609207 1 0.857700 0.609729 2 0.860116 0.609710 2 0.857675 0.616041 2 0.859497 0.616532 2 0.857869 0.622773 2 0.858657 0.623100 2
0 0.839472 0.604497 0.005580 0.035714 0.839549 0.595860 1 0.839691 0.595200 2 0.839668 0.595281 1 0.840253 0.595508 2 0.840647 0.595608 1 0.840902 0.599127 2 0.840797 0.599087 2 0.841263 0.603931 2 0.840202 0.602806 1 0.840846 0.608009 2 0.839531 0.603061 1 0.840311 0.608477 2 0.840309 0.608334 2 0.839907 0.615077 2 0.839985 0.615049 2 0.839430 0.621852 2 0.839698 0.621714 2
0 0.845982 0.608796 0.008185 0.029762 0.845011 0.596351 1 0.845207 0.595637 1 0.845258 0.595711 1 0.845880 0.596065 2 0.846951 0.596066 1 0.845351 0.600096 2 0.848388 0.600306 2 0.844612 0.604734 2 0.849010 0.605295 2 0.844837 0.607385 2 0.848647 0.609018 2 0.845629 0.609529 2 0.847748 0.609524 2 0.844657 0.615497 2 0.846955 0.616192 2 0.844776 0.622199 2 0.846896 0.623119 2
0 0.858817 0.594907 0.008557 0.029762 0.857932 0.596202 1 0.857998 0.595545 1 0.858282 0.595630 1 0.858020 0.596102 2 0.859943 0.596131 1 0.857357 0.600157 2 0.860897 0.600301 2 0.856109 0.604704 2 0.861914 0.604936 2 0.855384 0.607819 2 0.861374 0.608473 2 0.857886 0.609748 2 0.860158 0.609772 2 0.857693 0.614984 2 0.859669 0.615404 2 0.857693 0.615246 1 0.859093 0.615588 1
0 0.859189 0.597222 0.005580 0.031746 0.857740 0.596044 1 0.857849 0.595371 1 0.858061 0.595432 1 0.858136 0.595772 2 0.859771 0.595728 1 0.857549 0.599746 2 0.860931 0.599671 2 0.856700 0.604870 2 0.862080 0.604494 2 0.856441 0.609144 2 0.861464 0.608801 2 0.858014 0.609740 2 0.860208 0.609629 2 0.857778 0.615768 2 0.859419 0.616106 2 0.857808 0.619017 1 0.858775 0.619017 1
0 0.834635 0.570767 0.005580 0.025132 0.833772 0.568396 2 0.833937 0.567617 2 0.834042 0.567619 1 0.834742 0.567894 2 0.835550 0.567751 1 0.834909 0.572157 2 0.836417 0.572048 2 0.833498 0.576079 2 0.834908 0.576214 1 0.831489 0.574628 2 0.832381 0.575419 1 0.834669 0.583275 2 0.835680 0.582996 2 0.833969 0.587584 1 0.835018 0.587280 1 0.834491 0.587860 1 0.834839 0.587860 1
