0 0.529390 0.416005 0.029018 0.141534 0.540501 0.363447 2 0.540405 0.360433 1 0.538919 0.360865 2 0.537402 0.361268 1 0.534019 0.362549 2 0.532900 0.375901 2 0.530538 0.377740 2 0.528565 0.397023 1 0.523683 0.399870 2 0.529669 0.411187 1 0.523137 0.419127 2 0.527757 0.415349 2 0.526740 0.416729 2 0.527104 0.443286 2 0.528774 0.446383 2 0.519409 0.472975 2 0.521407 0.476346 2
0 0.664435 0.182540 0.016369 0.068783 0.671091 0.157182 2 0.670965 0.156120 1 0.670365 0.156324 2 0.669088 0.157753 1 0.668389 0.158187 2 0.667671 0.163186 2 0.668934 0.165124 2 0.670820 0.168410 1 0.673145 0.173088 2 0.673296 0.172596 2 0.675491 0.176970 2 0.665247 0.182830 2 0.666638 0.183530 2 0.664283 0.197294 2 0.669155 0.198867 2 0.659512 0.211209 2 0.667742 0.215194 2
0 0.534598 0.509921 0.039435 0.170635 0.544220 0.440573 1 0.543291 0.437274 1 0.543574 0.437813 1 0.535716 0.439774 2 0.542931 0.441482 2 0.529265 0.461192 2 0.544089 0.462964 2 0.522611 0.482216 2 0.545023 0.490352 2 0.527418 0.497596 2 0.547124 0.508823 2 0.530206 0.511270 2 0.541416 0.511763 2 0.530454 0.545679 2 0.548068 0.541295 2 0.527267 0.581451 2 0.550353 0.575065 2
0 0.630580 0.419312 0.034970 0.140212 0.638838 0.373444 2 0.640207 0.370165 2 0.637162 0.370558 2 0.641775 0.369804 2 0.634084 0.370419 2 0.641853 0.386188 2 0.628611 0.384100 2 0.645061 0.398988 2 0.621537 0.400625 2 0.646544 0.409021 2 0.624853 0.415473 2 0.636256 0.424474 2 0.627842 0.423097 2 0.636489 0.454899 2 0.627959 0.447937 2 0.638956 0.481639 2 0.632479 0.465135 2
0 0.371280 0.402116 0.031250 0.148148 0.385123 0.347442 2 0.384693 0.344277 1 0.383983 0.344675 2 0.380953 0.344387 1 0.380158 0.345919 2 0.376276 0.358675 2 0.378566 0.361525 2 0.376590 0.381653 2 0.378658 0.382519 2 0.382681 0.392719 2 0.386363 0.371608 2 0.373415 0.393216 2 0.375394 0.395079 2 0.375301 0.424481 2 0.379152 0.427780 2 0.374065 0.453189 2 0.378599 0.455876 2
0 0.484375 0.555556 0.041667 0.177249 0.483969 0.489004 1 0.484013 0.485467 1 0.484579 0.485906 1 0.481210 0.487379 2 0.490500 0.488009 2 0.476653 0.508275 2 0.494034 0.510066 2 0.473445 0.531906 2 0.497286 0.539512 2 0.471175 0.553915 2 0.500542 0.559656 2 0.478974 0.559228 2 0.491996 0.559522 2 0.474238 0.594096 2 0.494049 0.593370 2 0.471153 0.630431 2 0.494297 0.626116 2
0 0.431548 0.462963 0.029762 0.148148 0.436899 0.405679 2 0.436290 0.402970 1 0.435855 0.402886 2 0.432386 0.405466 1 0.432218 0.405679 2 0.430149 0.420991 2 0.431071 0.423280 2 0.433995 0.441012 2 0.431763 0.448533 2 0.439940 0.449965 2 0.436472 0.467083 2 0.430798 0.458495 2 0.432300 0.460189 2 0.432592 0.489485 2 0.437484 0.492762 2 0.431337 0.518870 2 0.438829 0.525268 2
0 0.689732 0.450397 0.040179 0.154762 0.679354 0.401939 2 0.680854 0.398644 2 0.679382 0.398757 2 0.685710 0.398303 2 0.681057 0.398974 1 0.694925 0.412311 2 0.681785 0.417352 2 0.698836 0.438052 2 0.676551 0.430280 2 0.692141 0.454014 2 0.666848 0.441673 2 0.698230 0.451242 2 0.687748 0.455114 2 0.704671 0.466526 2 0.683736 0.486420 2 0.710415 0.475077 2 0.682065 0.513487 2
0 0.580729 0.378307 0.030506 0.129630 0.581159 0.328677 2 0.582352 0.325809 2 0.579828 0.326514 2 0.584962 0.324580 2 0.578398 0.326568 2 0.589977 0.337629 2 0.578013 0.340498 2 0.593373 0.353155 2 0.573954 0.356684 2 0.594225 0.369963 2 0.569146 0.371204 2 0.588010 0.373657 2 0.580087 0.374182 2 0.587822 0.400458 2 0.579606 0.400711 2 0.589499 0.424213 2 0.578833 0.427059 2
0 0.133929 0.369709 0.038690 0.128307 0.130406 0.321013 2 0.131581 0.318169 2 0.128920 0.318799 2 0.133649 0.316619 2 0.126591 0.318259 2 0.137447 0.326687 2 0.124462 0.330063 2 0.142701 0.339536 2 0.121271 0.345946 2 0.139366 0.345725 2 0.126559 0.347700 2 0.139231 0.362438 2 0.130119 0.364108 2 0.143522 0.389907 2 0.131135 0.391429 2 0.147949 0.416366 2 0.132405 0.417557 2
0 0.153274 0.345899 0.026786 0.112434 0.148974 0.308926 2 0.150229 0.306688 2 0.149095 0.306573 1 0.153327 0.306890 2 0.150510 0.306527 1 0.153450 0.319353 2 0.150930 0.318432 2 0.148011 0.333256 2 0.146339 0.330009 2 0.143320 0.331587 2 0.144653 0.328343 2 0.152825 0.348490 2 0.149805 0.348219 2 0.156572 0.372753 2 0.147958 0.372907 2 0.165060 0.393597 2 0.147207 0.395859 2
0 0.550967 0.205026 0.021577 0.082011 0.552812 0.174596 1 0.552927 0.172926 1 0.553261 0.173132 1 0.552037 0.174018 2 0.555639 0.174122 2 0.550280 0.184304 2 0.557370 0.184363 2 0.547573 0.196214 2 0.558465 0.196458 2 0.546204 0.205884 2 0.557853 0.205467 2 0.551490 0.207411 2 0.555874 0.207406 2 0.551947 0.225633 2 0.554048 0.225171 2 0.553782 0.243069 2 0.552976 0.242243 2
0 0.953869 0.306878 0.035714 0.124339 0.958629 0.259942 1 0.958979 0.257320 1 0.959445 0.257994 1 0.958364 0.259159 2 0.965114 0.259893 2 0.954741 0.273898 2 0.969298 0.275695 2 0.948931 0.292645 2 0.971917 0.292194 2 0.944973 0.309002 2 0.966776 0.293705 2 0.952451 0.310941 2 0.962753 0.311525 2 0.947307 0.332465 2 0.960842 0.335671 2 0.944120 0.356643 2 0.960466 0.360221 2
0 0.790923 0.276455 0.026786 0.105820 0.789604 0.239200 2 0.789863 0.237378 2 0.788743 0.237030 2 0.789273 0.238415 1 0.786068 0.237514 2 0.788542 0.248253 2 0.781769 0.247068 2 0.788374 0.262144 2 0.778673 0.262178 2 0.790243 0.269823 2 0.785108 0.270582 2 0.786500 0.269999 2 0.781473 0.270674 2 0.797898 0.277746 2 0.789225 0.278165 2 0.795580 0.299909 2 0.787724 0.300624 2
0 0.808036 0.271164 0.023810 0.095238 0.808151 0.238937 2 0.808057 0.237238 1 0.807698 0.237141 2 0.806639 0.237523 1 0.805803 0.237600 2 0.806622 0.244333 2 0.801236 0.247610 2 0.809142 0.258740 2 0.804776 0.262126 2 0.812962 0.266350 2 0.810982 0.270835 2 0.806374 0.266136 2 0.802491 0.270020 2 0.814641 0.269672 2 0.809858 0.281929 2 0.812014 0.286837 2 0.811937 0.302193 2
0 0.848214 0.876984 0.061012 0.232804 0.858248 0.798194 2 0.861539 0.794031 2 0.855889 0.792375 2 0.865354 0.795561 2 0.850623 0.790996 2 0.866553 0.822548 2 0.844176 0.816333 2 0.868299 0.856532 2 0.843488 0.849100 2 0.863764 0.875155 2 0.849821 0.868352 2 0.857642 0.881454 2 0.842113 0.877421 2 0.852461 0.924072 2 0.835107 0.916393 2 0.845561 0.964862 2 0.826906 0.958715 2
0 0.538318 0.325397 0.026042 0.108466 0.540050 0.362615 2 0.539859 0.360128 2 0.538441 0.360364 2 0.537076 0.361058 1 0.533692 0.362162 2 0.533414 0.375604 2 0.529212 0.376453 2 0.530214 0.395381 1 0.523319 0.397803 1 0.534319 0.398320 1 0.529741 0.398173 1 0.528165 0.399884 1 0.525342 0.399884 1 0.534198 0.388083 1 0.530846 0.390198 1 0.529383 0.399884 1 0.526024 0.399884 1
0 0.520833 0.300926 0.026786 0.099206 0.517344 0.262370 2 0.518511 0.260776 2 0.516827 0.260556 2 0.520819 0.261528 2 0.516514 0.261078 1 0.523689 0.271160 2 0.513209 0.270504 2 0.528769 0.278114 2 0.507922 0.276939 2 0.524453 0.283787 2 0.511141 0.282927 2 0.521148 0.300188 2 0.514591 0.299873 2 0.520849 0.322161 2 0.515268 0.321600 2 0.521553 0.345368 2 0.515869 0.343423 2
0 0.484003 0.167989 0.017113 0.063492 0.478265 0.157857 2 0.478281 0.156649 2 0.478213 0.156578 1 0.479265 0.155648 2 0.479484 0.155301 1 0.482114 0.157290 2 0.481551 0.156963 2 0.484531 0.166810 2 0.483792 0.166059 2 0.483732 0.174816 2 0.482856 0.172629 2 0.488666 0.162189 2 0.488080 0.162108 2 0.486161 0.176630 2 0.484531 0.176234 2 0.486636 0.191704 2 0.484779 0.190652 2
0 0.094494 0.312831 0.017857 0.070106 0.094262 0.294354 2 0.094710 0.292472 2 0.093173 0.293268 2 0.095455 0.291984 1 0.091518 0.293952 2 0.097346 0.298161 2 0.091167 0.301317 2 0.099990 0.305158 2 0.090751 0.310230 2 0.098504 0.306387 2 0.094339 0.308400 2 0.097539 0.314255 2 0.093520 0.315569 2 0.098007 0.323577 2 0.093926 0.324954 2 0.098702 0.333965 2 0.095137 0.335153 2
0 0.627604 0.138228 0.017113 0.070106 0.630439 0.116313 2 0.631014 0.115106 2 0.629832 0.115058 2 0.631626 0.115690 2 0.628793 0.115532 2 0.632481 0.123143 2 0.626871 0.122435 2 0.633196 0.131743 2 0.624598 0.129667 2 0.632329 0.139067 2 0.622727 0.133536 2 0.630487 0.141947 2 0.626592 0.141377 2 0.630250 0.155139 2 0.624838 0.153796 2 0.629786 0.167773 2 0.624228 0.165208 2
0 0.194568 0.142196 0.017113 0.054233 0.195089 0.124203 1 0.195005 0.123164 1 0.195288 0.123093 1 0.193997 0.123969 2 0.197011 0.123664 2 0.193046 0.130677 2 0.198649 0.130262 2 0.192142 0.138558 2 0.200545 0.137855 2 0.192282 0.145831 2 0.201400 0.145234 2 0.195193 0.146162 2 0.199077 0.146106 2 0.195180 0.157594 2 0.199571 0.157604 2 0.195219 0.168705 2 0.199821 0.168840 2
0 0.784598 0.188492 0.017113 0.062169 0.782861 0.166824 1 0.782958 0.165695 1 0.783268 0.165851 1 0.782238 0.166736 2 0.785661 0.166890 2 0.781219 0.173438 2 0.786375 0.173873 2 0.779406 0.180532 2 0.787445 0.180414 2 0.780006 0.181093 1 0.785933 0.182142 1 0.781086 0.188506 2 0.784745 0.188779 2 0.779796 0.197913 2 0.784296 0.199810 2 0.778463 0.207469 2 0.784338 0.209892 2
0 0.463914 0.115741 0.012649 0.054233 0.462472 0.097019 1 0.462483 0.096008 1 0.462677 0.096003 1 0.462071 0.096492 2 0.464380 0.096264 2 0.461612 0.102110 2 0.466137 0.101864 2 0.461024 0.108601 2 0.467563 0.108318 2 0.460993 0.112429 1 0.466795 0.112451 1 0.463217 0.115251 2 0.466270 0.115148 2 0.463354 0.124559 2 0.465984 0.124367 2 0.464170 0.132939 2 0.466305 0.133411 2
0 0.831473 0.175265 0.014137 0.054233 0.828775 0.151053 2 0.829289 0.149946 2 0.828972 0.149948 1 0.830978 0.151855 2 0.831368 0.151758 1 0.830616 0.158962 2 0.832767 0.159170 2 0.827650 0.156985 2 0.832030 0.158574 2 0.829029 0.151175 2 0.831083 0.153071 2 0.830286 0.176684 2 0.831658 0.176467 2 0.829874 0.188160 2 0.831105 0.188214 2 0.829208 0.198287 2 0.831618 0.199016 2
0 0.702009 0.136905 0.012649 0.048942 0.700904 0.124123 1 0.701336 0.123229 1 0.700598 0.123234 1 0.702104 0.123812 1 0.700370 0.123762 1 0.702706 0.129538 2 0.699587 0.128981 2 0.703435 0.135894 2 0.698413 0.135292 2 0.703011 0.140995 2 0.698001 0.141232 2 0.701590 0.141524 2 0.699455 0.141029 2 0.700874 0.150758 2 0.698206 0.149481 2 0.700673 0.159902 2 0.697059 0.157329 2
0 0.369420 0.128307 0.014137 0.060847 0.367890 0.106792 2 0.368253 0.105907 2 0.368108 0.105854 1 0.369538 0.106559 2 0.369189 0.106397 1 0.370521 0.112732 2 0.369053 0.112319 2 0.370461 0.120089 2 0.368325 0.119164 1 0.367900 0.124783 2 0.367243 0.123800 1 0.370389 0.125791 2 0.368987 0.125497 2 0.371079 0.135264 2 0.367960 0.135023 2 0.372123 0.144062 2 0.365809 0.143281 2
0 0.614211 0.268519 0.015625 0.063492 0.619222 0.246335 2 0.619263 0.244994 1 0.618680 0.244597 2 0.617497 0.246173 1 0.616410 0.245580 2 0.617349 0.253294 2 0.614369 0.253845 2 0.621557 0.251188 2 0.619340 0.252454 2 0.621400 0.246301 2 0.620853 0.247299 2 0.615616 0.273137 2 0.613217 0.273411 2 0.615798 0.286842 2 0.612328 0.287911 2 0.614792 0.296376 2 0.611553 0.297967 2
0 0.922619 0.294312 0.026786 0.107143 0.919189 0.260764 2 0.920277 0.259276 2 0.919838 0.258692 1 0.923258 0.260370 2 0.924317 0.259027 1 0.921126 0.268165 2 0.928275 0.267103 2 0.914373 0.276649 2 0.922441 0.273631 2 0.918169 0.267348 2 0.919368 0.268210 1 0.923734 0.296093 2 0.929122 0.295330 2 0.913867 0.311002 2 0.924358 0.312837 2 0.922059 0.320101 2 0.934200 0.325328 2
0 0.957217 0.271825 0.026042 0.104497 0.959927 0.260942 1 0.960035 0.258233 1 0.960704 0.259237 1 0.958289 0.259291 2 0.965010 0.260951 2 0.954232 0.273455 2 0.968880 0.276110 2 0.948648 0.292935 2 0.971588 0.292810 2 0.945322 0.308481 2 0.965899 0.292459 2 0.951968 0.311924 2 0.961832 0.312668 2 0.946610 0.334576 2 0.957074 0.336949 2 0.944397 0.343543 1 0.953519 0.343543 1
0 0.560268 0.229497 0.017857 0.078042 0.562369 0.198470 2 0.563021 0.196982 2 0.561631 0.196632 2 0.562804 0.198838 1 0.560030 0.197726 2 0.563311 0.207178 2 0.558452 0.207971 2 0.562144 0.218208 1 0.558296 0.220835 2 0.564857 0.217559 2 0.563866 0.220464 2 0.562292 0.231456 2 0.559403 0.232189 2 0.561166 0.249180 2 0.561430 0.251430 2 0.554885 0.260256 2 0.561432 0.269487 2
0 0.738467 0.134921 0.017113 0.052910 0.739810 0.112802 2 0.740379 0.111649 2 0.739148 0.111529 2 0.740932 0.112588 2 0.737892 0.112203 2 0.741430 0.119833 2 0.735974 0.119384 2 0.741946 0.128838 2 0.734288 0.128700 2 0.741809 0.134222 2 0.736108 0.134268 2 0.739869 0.135420 2 0.736306 0.135216 2 0.738871 0.146900 2 0.735270 0.146881 2 0.737186 0.159475 2 0.734563 0.159481 2
0 0.972098 0.270503 0.021577 0.093915 0.959805 0.257810 1 0.959805 0.255054 1 0.960669 0.255551 1 0.958793 0.256762 2 0.965285 0.257519 2 0.957677 0.273790 2 0.968810 0.275111 2 0.958037 0.290594 1 0.971649 0.291955 2 0.958935 0.289843 1 0.965654 0.290654 2 0.957589 0.313453 2 0.963382 0.313429 2 0.957589 0.333597 1 0.960468 0.334248 1 0.959637 0.333434 1 0.958062 0.335607 1
0 0.955729 0.174603 0.020089 0.063492 0.953552 0.154267 1 0.953651 0.152988 1 0.954022 0.153307 1 0.954690 0.153144 2 0.957190 0.153784 1 0.954709 0.158144 2 0.958958 0.159315 2 0.951224 0.160904 2 0.960043 0.165811 2 0.952649 0.152993 2 0.959607 0.158547 2 0.953622 0.177632 2 0.956045 0.177248 2 0.950202 0.190254 2 0.951152 0.189292 2 0.950049 0.205436 2 0.951120 0.203656 2
0 0.904762 0.184524 0.020833 0.046296 0.903334 0.173820 2 0.904075 0.172659 2 0.902772 0.172606 2 0.905354 0.173222 2 0.902004 0.172994 2 0.907014 0.179567 2 0.901175 0.178633 2 0.906442 0.187432 2 0.899532 0.185620 2 0.902084 0.190353 2 0.899529 0.189648 2 0.905103 0.191846 2 0.901176 0.190556 2 0.901644 0.192618 2 0.897054 0.190245 2 0.898350 0.197339 2 0.895740 0.195779 2
0 0.940476 0.193783 0.017857 0.035714 0.938886 0.182220 2 0.939745 0.180682 2 0.938057 0.180680 2 0.940990 0.181396 2 0.936830 0.181403 2 0.942691 0.188306 2 0.935097 0.188660 2 0.942426 0.196262 2 0.933154 0.196519 2 0.937825 0.199837 2 0.934648 0.198880 2 0.941502 0.202279 2 0.936315 0.202156 2 0.939886 0.200297 2 0.931908 0.200405 1 0.937657 0.205694 1 0.933397 0.206179 1
0 0.925967 0.189815 0.018601 0.035714 0.928595 0.179127 2 0.928701 0.177603 2 0.927847 0.177497 2 0.928476 0.177774 1 0.925675 0.177743 2 0.930017 0.184517 2 0.923499 0.184726 2 0.932182 0.192539 2 0.922471 0.192968 2 0.929462 0.194011 2 0.927318 0.194632 2 0.928917 0.199173 2 0.924162 0.199373 2 0.931166 0.197477 2 0.920656 0.198137 2 0.931322 0.203152 1 0.923222 0.204169 1
