0 0.199777 0.970899 0.048363 0.052910 0.209650 0.975427 2 0.209169 0.970974 2 0.209008 0.971946 1 0.213947 0.963958 2 0.213308 0.966378 1 0.229878 0.980081 2 0.217673 0.979520 2 0.231438 1.000000 1 0.216610 1.000000 1 0.217701 1.000000 1 0.212216 0.998826 1 0.229663 1.000000 1 0.221383 1.000000 1 0.219539 1.000000 1 0.214247 1.000000 1 0.221888 1.000000 1 0.219684 1.000000 1
0 0.388393 0.573413 0.025298 0.115079 0.387216 0.533095 1 0.387068 0.530845 1 0.387590 0.531035 1 0.384576 0.532370 2 0.390298 0.532662 2 0.381649 0.545734 2 0.391765 0.545945 2 0.379756 0.561531 2 0.393540 0.563469 2 0.380671 0.575390 2 0.395118 0.576407 2 0.383078 0.573795 2 0.390249 0.573782 2 0.383047 0.598853 2 0.391168 0.597256 2 0.382815 0.623255 2 0.390873 0.619511 2
0 0.436012 0.629630 0.028274 0.132275 0.439527 0.580175 1 0.438405 0.577561 1 0.439303 0.577551 1 0.432403 0.578602 2 0.439050 0.579716 2 0.427034 0.593830 2 0.440848 0.596229 2 0.423286 0.612659 2 0.442929 0.615777 2 0.426973 0.622180 1 0.439633 0.621264 1 0.428054 0.632712 2 0.437039 0.633935 2 0.430653 0.658537 2 0.435551 0.661543 2 0.432812 0.684341 2 0.433980 0.687238 2
0 0.411830 0.573413 0.024554 0.117725 0.405742 0.532070 1 0.405705 0.529892 1 0.406432 0.529726 1 0.406455 0.529612 2 0.412487 0.528804 2 0.405925 0.539436 2 0.418050 0.539303 2 0.403903 0.555545 2 0.421735 0.557618 2 0.405363 0.567424 2 0.421260 0.569936 2 0.409206 0.574025 2 0.417495 0.573739 2 0.408128 0.599326 2 0.416168 0.599499 2 0.407745 0.623233 2 0.415273 0.624282 2
0 0.472098 0.572751 0.018601 0.089947 0.474585 0.540662 1 0.474269 0.538963 1 0.474715 0.539205 1 0.471447 0.539908 2 0.475776 0.540515 2 0.468948 0.549259 2 0.476650 0.550220 2 0.466436 0.560196 2 0.477956 0.560960 2 0.465958 0.568888 2 0.477931 0.567947 2 0.469262 0.571829 2 0.474653 0.572429 2 0.468982 0.589286 2 0.475496 0.590570 2 0.468170 0.605389 2 0.475349 0.606959 2
0 0.437872 0.570106 0.023065 0.100529 0.438486 0.579200 1 0.437799 0.576449 1 0.438733 0.576943 1 0.432680 0.577408 2 0.439747 0.579062 2 0.427656 0.593256 2 0.441085 0.596296 2 0.423717 0.609326 2 0.443249 0.615012 2 0.428341 0.610425 1 0.440431 0.614896 1 0.427879 0.632667 2 0.436885 0.634008 2 0.427987 0.638447 1 0.436953 0.639530 1 0.428377 0.639392 1 0.434901 0.639530 1
0 0.481771 0.516534 0.018601 0.085979 0.479450 0.482905 1 0.479469 0.481110 1 0.479910 0.481323 1 0.478180 0.482192 2 0.482558 0.482274 2 0.476248 0.492715 2 0.484376 0.492792 2 0.474949 0.507204 2 0.485363 0.507055 2 0.475708 0.518050 2 0.482551 0.515137 2 0.477821 0.516898 2 0.483257 0.517068 2 0.478107 0.535705 2 0.481979 0.535960 2 0.478280 0.554048 2 0.480423 0.553460 2
0 0.464658 0.512566 0.017113 0.093915 0.465407 0.478764 1 0.464621 0.477123 1 0.465384 0.477007 1 0.461035 0.477798 2 0.465450 0.478063 2 0.458647 0.487869 2 0.466391 0.488400 2 0.457565 0.500476 2 0.468853 0.501248 2 0.459653 0.506876 2 0.468259 0.506110 2 0.460330 0.511299 2 0.465205 0.511581 2 0.462663 0.532265 2 0.464138 0.532945 2 0.463483 0.552461 2 0.461426 0.552943 2
0 0.505208 0.451058 0.014881 0.066138 0.506144 0.428630 1 0.505924 0.427386 1 0.506305 0.427262 1 0.504171 0.427491 2 0.507782 0.427211 2 0.502889 0.434210 2 0.509085 0.433752 2 0.501767 0.443833 2 0.510890 0.441862 2 0.503045 0.452209 2 0.508807 0.451257 2 0.503312 0.452595 2 0.507571 0.452469 2 0.503654 0.464910 2 0.506999 0.466131 2 0.502483 0.477323 2 0.505914 0.479822 2
0 0.663318 0.460979 0.011161 0.056878 0.665118 0.446779 2 0.665273 0.445720 1 0.664832 0.445421 2 0.664579 0.445482 1 0.663444 0.444669 2 0.663985 0.450302 2 0.661750 0.449454 2 0.664668 0.457225 1 0.661613 0.456106 2 0.665106 0.461905 1 0.662751 0.461008 2 0.663243 0.463539 2 0.661806 0.463262 2 0.663000 0.472545 2 0.661271 0.472270 2 0.660918 0.481899 2 0.660338 0.482451 2
0 0.664807 0.521825 0.017113 0.041005 0.673167 0.524172 2 0.673077 0.523114 1 0.673010 0.523190 2 0.671574 0.522073 1 0.671763 0.522519 2 0.669323 0.524237 2 0.669550 0.525269 2 0.670518 0.530027 2 0.671496 0.531738 2 0.673263 0.532362 2 0.674655 0.533240 2 0.664003 0.531406 2 0.663912 0.532366 2 0.669981 0.530753 2 0.669514 0.532674 2 0.666314 0.538706 2 0.665882 0.540162 2
0 0.688244 0.435847 0.008929 0.048942 0.689281 0.419925 2 0.689596 0.418975 2 0.688841 0.418871 2 0.689629 0.419016 1 0.687637 0.418721 2 0.689106 0.424243 2 0.686796 0.424290 2 0.690150 0.430650 1 0.687336 0.431422 2 0.690646 0.433496 1 0.689804 0.434183 2 0.688872 0.438270 2 0.687187 0.438438 2 0.689291 0.448700 2 0.687459 0.448955 2 0.690061 0.459134 2 0.686771 0.459311 2
