0 0.255252 0.751634 0.025210 0.070962 0.255375 0.725599 2 0.256135 0.723854 2 0.254325 0.724664 2 0.257934 0.722821 2 0.253367 0.724755 2 0.261175 0.727724 2 0.252536 0.730425 2 0.265071 0.734267 2 0.249538 0.738414 2 0.264882 0.747086 2 0.249298 0.745574 2 0.262078 0.748542 2 0.256865 0.749695 2 0.260153 0.763347 2 0.256904 0.764127 2 0.259027 0.778204 2 0.257273 0.776920 2
0 0.593225 0.457049 0.013130 0.045752 0.596636 0.439807 1 0.596375 0.438664 1 0.596587 0.438904 1 0.594333 0.439199 2 0.596887 0.439782 2 0.592706 0.445225 2 0.597771 0.445653 2 0.589518 0.450813 2 0.599729 0.447988 2 0.588835 0.450333 2 0.597609 0.444131 2 0.592952 0.460934 2 0.596231 0.461418 2 0.592245 0.470558 2 0.595575 0.472578 2 0.591344 0.480365 2 0.595735 0.482768 2
0 0.367647 0.304855 0.012605 0.047619 0.364628 0.281678 2 0.364251 0.280698 1 0.364575 0.280825 2 0.362850 0.280875 1 0.364098 0.281472 2 0.363394 0.284375 2 0.362002 0.286867 2 0.365947 0.285972 2 0.361079 0.293146 2 0.367611 0.283915 2 0.363347 0.297510 2 0.362089 0.297790 2 0.361002 0.299372 2 0.366364 0.305052 2 0.362956 0.308119 2 0.364800 0.314485 2 0.361137 0.318636 2
0 0.598214 0.380019 0.016807 0.054155 0.597877 0.359810 2 0.598418 0.358679 2 0.597534 0.358698 2 0.600058 0.358519 2 0.597967 0.358586 1 0.600805 0.364133 2 0.599017 0.362789 2 0.599868 0.370677 2 0.597545 0.367679 2 0.597272 0.369909 2 0.596729 0.369732 2 0.600376 0.377768 2 0.599305 0.376832 2 0.598836 0.388321 2 0.598950 0.386587 2 0.600754 0.397535 2 0.600825 0.394793 2
0 0.118435 0.316993 0.016282 0.055089 0.116540 0.296515 1 0.116660 0.295588 1 0.116874 0.295303 1 0.116807 0.295905 2 0.118979 0.295155 2 0.116400 0.300777 2 0.121066 0.300610 2 0.115334 0.304787 2 0.123063 0.307529 2 0.114614 0.302209 2 0.124980 0.313588 2 0.118516 0.314078 2 0.121476 0.313921 2 0.119192 0.324167 2 0.121672 0.324504 2 0.121005 0.332097 2 0.122468 0.334733 2
0 0.183561 0.280112 0.015231 0.048553 0.183967 0.262969 2 0.183699 0.262117 1 0.183511 0.262248 2 0.182804 0.262938 1 0.182195 0.263412 2 0.183322 0.267681 2 0.182035 0.269484 2 0.185810 0.271506 2 0.184800 0.275236 2 0.186977 0.270949 2 0.187336 0.271986 2 0.185042 0.279981 2 0.184121 0.281111 2 0.186219 0.288412 2 0.185449 0.289640 2 0.186807 0.298211 2 0.186570 0.299362 2
0 0.230305 0.316060 0.015231 0.028945 0.232416 0.304982 1 0.232064 0.304207 1 0.232481 0.304264 1 0.230599 0.304243 2 0.232654 0.304541 2 0.229319 0.307753 2 0.232945 0.308167 2 0.228116 0.313064 2 0.234680 0.313547 2 0.228641 0.315784 2 0.235936 0.315888 2 0.230416 0.317915 2 0.232630 0.318622 2 0.236196 0.313668 2 0.237411 0.314417 2 0.235648 0.320760 2 0.236735 0.321124 2
0 0.244748 0.296919 0.013655 0.057890 0.246442 0.284644 2 0.246341 0.283779 1 0.246228 0.283755 2 0.245526 0.284021 1 0.245429 0.283918 2 0.245890 0.289107 2 0.243529 0.288237 2 0.245690 0.294943 2 0.240847 0.292530 2 0.244851 0.299079 2 0.242613 0.298909 2 0.246278 0.301738 2 0.244728 0.301810 2 0.247042 0.310897 2 0.244996 0.311231 2 0.246904 0.319634 2 0.244968 0.319888 2
0 0.233718 0.278245 0.014706 0.054155 0.234132 0.257457 1 0.233905 0.256556 1 0.234169 0.256461 1 0.232470 0.257149 2 0.234837 0.256978 2 0.231752 0.263028 2 0.236447 0.262642 2 0.231020 0.269409 2 0.238457 0.268630 2 0.230440 0.274979 2 0.238609 0.273592 2 0.233289 0.275602 2 0.236440 0.275370 2 0.233813 0.285298 2 0.236664 0.284616 2 0.234868 0.293180 2 0.237453 0.293366 2
0 0.340336 0.298786 0.012605 0.050420 0.339802 0.280204 2 0.340125 0.279301 2 0.339712 0.279502 1 0.341492 0.279377 2 0.340241 0.279857 1 0.343933 0.284706 2 0.339567 0.285001 2 0.345676 0.289173 2 0.338896 0.291466 2 0.342807 0.287560 2 0.339847 0.296909 2 0.343892 0.297686 2 0.340704 0.297484 2 0.344521 0.307855 2 0.340981 0.306732 2 0.345295 0.317549 2 0.339772 0.315273 2
0 0.582458 0.202614 0.012605 0.039216 0.584352 0.189094 1 0.584491 0.188426 2 0.584759 0.188410 1 0.584997 0.188907 2 0.586356 0.188768 1 0.585226 0.193031 2 0.586583 0.192576 2 0.583101 0.197180 2 0.584686 0.197626 1 0.580726 0.197921 2 0.582189 0.199284 1 0.585578 0.204051 2 0.586286 0.203433 2 0.583983 0.212071 2 0.583786 0.210403 2 0.585552 0.221131 2 0.584511 0.218763 2
0 0.403361 0.137722 0.013655 0.038282 0.404952 0.126863 2 0.405019 0.126197 2 0.404581 0.126272 2 0.404909 0.126565 1 0.403625 0.126683 2 0.405692 0.130311 2 0.402483 0.130401 2 0.407081 0.134889 2 0.401405 0.134554 2 0.406445 0.136558 2 0.403138 0.133266 2 0.405589 0.138628 2 0.403592 0.138937 2 0.406292 0.143341 2 0.404926 0.143425 2 0.406470 0.151232 2 0.405556 0.151058 2
0 0.183561 0.163866 0.008929 0.045752 0.184923 0.151887 1 0.185029 0.151222 1 0.185106 0.151183 1 0.185171 0.151440 2 0.186553 0.151230 1 0.184746 0.155095 2 0.187487 0.154580 2 0.184230 0.160500 2 0.188323 0.159948 2 0.184321 0.164714 2 0.188165 0.164778 2 0.185604 0.165412 2 0.187527 0.165133 2 0.185422 0.173445 2 0.187688 0.173041 2 0.185881 0.181262 2 0.188317 0.180091 2
0 0.192752 0.161531 0.009454 0.033613 0.192765 0.150778 2 0.193128 0.150153 2 0.192382 0.150173 2 0.193733 0.150453 2 0.191829 0.150565 2 0.194600 0.153751 2 0.191225 0.154404 2 0.195318 0.156596 2 0.190557 0.158728 2 0.193094 0.157320 2 0.191232 0.161814 2 0.195003 0.163955 2 0.192644 0.164274 2 0.195578 0.171231 2 0.193109 0.171726 2 0.196148 0.178272 2 0.193142 0.178727 2
0 0.200105 0.166667 0.009454 0.038282 0.199604 0.150692 2 0.200000 0.149825 2 0.199150 0.149948 2 0.200663 0.149981 2 0.198638 0.150279 2 0.201715 0.154290 2 0.198030 0.154355 2 0.202656 0.159582 2 0.197087 0.159075 2 0.202758 0.164986 2 0.197217 0.163292 2 0.201528 0.165474 2 0.199086 0.165614 2 0.202410 0.174014 2 0.199527 0.174224 2 0.203045 0.181867 2 0.200473 0.181675 2
0 0.310924 0.175537 0.008403 0.037348 0.312824 0.163686 1 0.312615 0.163064 1 0.312837 0.163015 1 0.311499 0.163741 1 0.312947 0.163706 2 0.311190 0.168172 2 0.312827 0.167883 2 0.311404 0.173235 1 0.313092 0.173167 2 0.312850 0.176664 1 0.314634 0.177036 2 0.311650 0.177829 2 0.312771 0.177710 2 0.312226 0.184885 2 0.312971 0.184121 2 0.311915 0.191721 2 0.312400 0.191060 2
0 0.567489 0.684874 0.019433 0.049486 0.566791 0.667273 1 0.566752 0.665868 1 0.567394 0.666382 1 0.565509 0.666909 2 0.569870 0.667828 2 0.562712 0.675082 2 0.570984 0.676907 2 0.559208 0.680556 2 0.573693 0.681376 2 0.558957 0.676696 2 0.571919 0.674330 2 0.563114 0.697067 2 0.568835 0.698139 2 0.560460 0.680263 2 0.568541 0.683371 2 0.560475 0.697795 2 0.567661 0.699656 2
0 0.264443 0.113445 0.008929 0.038282 0.262271 0.100812 2 0.262574 0.099984 2 0.262163 0.100167 1 0.263665 0.100129 2 0.262648 0.100504 1 0.265570 0.104238 2 0.262737 0.104444 2 0.267285 0.108958 2 0.261908 0.108437 2 0.265996 0.109562 2 0.261702 0.108457 2 0.266209 0.113061 2 0.264278 0.113043 2 0.266679 0.120546 2 0.264387 0.120392 2 0.267645 0.127600 2 0.264757 0.127504 2
0 0.239758 0.108777 0.020483 0.036415 0.239027 0.096538 1 0.239324 0.095869 1 0.238743 0.095953 1 0.239881 0.096081 2 0.238597 0.096280 1 0.241054 0.099641 2 0.238139 0.099941 2 0.242628 0.104431 2 0.237527 0.103797 2 0.242742 0.108069 2 0.237927 0.101388 2 0.240614 0.109247 2 0.238760 0.109359 2 0.240556 0.116171 2 0.238960 0.116145 2 0.240946 0.122201 2 0.239319 0.122090 2
0 0.324842 0.082633 0.011029 0.040149 0.325375 0.068029 1 0.325457 0.067432 1 0.325608 0.067425 1 0.325848 0.067887 2 0.326890 0.067785 1 0.326365 0.071210 2 0.327301 0.071025 2 0.325102 0.073370 2 0.326047 0.073347 1 0.324465 0.072337 2 0.324910 0.072837 1 0.326690 0.079785 2 0.327277 0.079575 2 0.326613 0.086818 2 0.326896 0.086360 2 0.326606 0.092606 2 0.327011 0.092870 2
0 0.331670 0.078898 0.008929 0.038282 0.327575 0.068019 1 0.327309 0.067392 1 0.327507 0.067375 1 0.326219 0.067703 1 0.327225 0.067816 2 0.325849 0.071247 1 0.327244 0.071467 2 0.326200 0.075800 1 0.327666 0.076323 2 0.326988 0.079299 1 0.327998 0.079633 2 0.325966 0.079892 2 0.326941 0.079946 2 0.326333 0.086334 2 0.326938 0.086164 2 0.326213 0.092140 2 0.326795 0.092419 2
0 0.613708 0.137722 0.013130 0.045752 0.615811 0.121907 1 0.615734 0.121350 1 0.615825 0.121339 1 0.614952 0.121497 2 0.616333 0.121530 2 0.614286 0.124430 2 0.617033 0.124376 2 0.613907 0.127848 2 0.617770 0.127783 2 0.614414 0.129848 1 0.617138 0.130200 2 0.614374 0.132383 2 0.616247 0.132247 2 0.614581 0.138577 2 0.616218 0.138344 2 0.614567 0.144226 2 0.615892 0.144224 2
