0 0.633929 0.846561 0.038690 0.187831 0.634216 0.782226 2 0.635988 0.778430 2 0.632183 0.777101 2 0.634956 0.779650 1 0.627268 0.776790 2 0.628175 0.791400 2 0.627136 0.797842 2 0.635616 0.813673 1 0.638542 0.817777 2 0.644455 0.813551 2 0.646853 0.814752 2 0.631653 0.843007 2 0.630643 0.850126 2 0.639481 0.868961 2 0.633492 0.897074 2 0.632171 0.897212 2 0.631643 0.939143 2
0 0.671131 0.785053 0.037202 0.181217 0.674250 0.715984 2 0.676407 0.712800 2 0.672537 0.712220 2 0.679627 0.714815 2 0.669924 0.713249 2 0.681832 0.735421 2 0.664669 0.731151 2 0.685348 0.759016 2 0.658255 0.753998 2 0.685603 0.783614 2 0.656932 0.778184 2 0.676128 0.784143 2 0.664497 0.781421 2 0.676258 0.820242 2 0.658475 0.813634 2 0.672858 0.853499 2 0.656603 0.841827 2
0 0.613095 0.756614 0.043155 0.111111 0.634087 0.782228 2 0.635748 0.778533 2 0.631892 0.777669 2 0.635421 0.778552 1 0.626941 0.776590 2 0.628875 0.794367 2 0.627635 0.796219 2 0.636025 0.813426 2 0.639688 0.819402 2 0.638763 0.810852 1 0.642857 0.813742 2 0.630409 0.833333 1 0.629786 0.833333 1 0.639116 0.820642 1 0.639934 0.826912 1 0.633580 0.833333 1 0.637508 0.833333 1
0 0.373884 0.468915 0.015625 0.056878 0.374026 0.449854 2 0.374632 0.448585 2 0.373388 0.448668 2 0.375610 0.449270 2 0.372524 0.449407 2 0.376517 0.456319 2 0.372298 0.456338 2 0.377199 0.464756 2 0.371283 0.464114 1 0.375079 0.469485 2 0.371790 0.467034 1 0.376873 0.472109 2 0.374076 0.472307 2 0.378058 0.483186 2 0.375387 0.483234 2 0.379579 0.494283 2 0.376517 0.494312 2
0 0.574405 0.603175 0.029762 0.116402 0.571840 0.560142 1 0.571025 0.558020 1 0.572034 0.558106 1 0.566524 0.557710 1 0.571179 0.558307 2 0.563876 0.566952 2 0.566228 0.567656 2 0.562002 0.581070 1 0.561746 0.583901 2 0.565894 0.592206 1 0.565801 0.596434 2 0.561616 0.597883 2 0.563152 0.598383 2 0.562151 0.623263 2 0.562123 0.623442 2 0.557131 0.644473 2 0.555517 0.644069 2
0 0.566592 0.602513 0.029018 0.104497 0.578572 0.565802 1 0.578130 0.563859 1 0.578371 0.563798 1 0.576031 0.563716 1 0.577191 0.564020 2 0.576145 0.571728 2 0.570390 0.573522 2 0.580220 0.582190 2 0.567113 0.584918 2 0.584070 0.586100 2 0.572915 0.592318 2 0.574883 0.602057 2 0.569908 0.604489 2 0.582865 0.620337 2 0.566298 0.629463 2 0.582254 0.644405 2 0.562487 0.652585 2
0 0.489583 0.564153 0.022321 0.099206 0.484672 0.529948 1 0.484543 0.528180 1 0.485194 0.528059 1 0.482637 0.529554 2 0.488372 0.529026 2 0.480171 0.541126 2 0.490787 0.538904 2 0.477503 0.556062 2 0.493487 0.551653 2 0.476403 0.567130 2 0.492109 0.556839 1 0.482988 0.565388 2 0.490319 0.564098 2 0.483003 0.587837 2 0.491415 0.584131 2 0.484532 0.610777 2 0.493166 0.604148 2
0 0.517857 0.605159 0.026786 0.115079 0.520744 0.560988 1 0.519602 0.558906 1 0.520369 0.558843 1 0.514178 0.560123 2 0.519473 0.560508 2 0.510099 0.573537 2 0.521916 0.573762 2 0.508306 0.590139 2 0.524557 0.590507 2 0.508449 0.603908 2 0.526219 0.604342 2 0.512202 0.606016 2 0.520127 0.606351 2 0.514243 0.628565 2 0.520398 0.628440 2 0.515098 0.650233 2 0.518108 0.650288 2
0 0.517857 0.554233 0.022321 0.095238 0.520749 0.560884 1 0.519618 0.559008 1 0.520478 0.558897 1 0.514439 0.560228 2 0.519628 0.560583 2 0.510474 0.573537 2 0.521916 0.573592 2 0.508229 0.590407 2 0.524653 0.590556 2 0.508232 0.604577 2 0.525893 0.604235 2 0.512390 0.606926 2 0.520056 0.606938 2 0.512828 0.620040 1 0.520455 0.620040 1 0.514015 0.618912 1 0.518842 0.618165 1
0 0.540923 0.543651 0.013393 0.076720 0.542515 0.514826 1 0.542506 0.513476 1 0.542940 0.513581 1 0.541164 0.514415 2 0.545139 0.514522 2 0.539549 0.522502 2 0.546145 0.522366 2 0.537796 0.532134 2 0.546688 0.530328 2 0.537635 0.541960 2 0.545042 0.535541 1 0.540080 0.541917 2 0.544614 0.541837 2 0.540061 0.556846 2 0.544106 0.557318 2 0.540248 0.571316 2 0.543617 0.571784 2
0 0.477679 0.564815 0.019345 0.097884 0.484037 0.530702 1 0.484052 0.528936 1 0.484583 0.528871 1 0.482519 0.530155 2 0.487462 0.529629 2 0.479945 0.541401 2 0.489485 0.539326 2 0.477438 0.555165 2 0.491071 0.551476 1 0.475556 0.565788 2 0.490713 0.559806 1 0.482495 0.566307 2 0.488819 0.565363 2 0.482878 0.589090 2 0.488242 0.586553 2 0.484347 0.610417 2 0.487581 0.604855 2
0 0.501860 0.531746 0.014137 0.084656 0.501988 0.499722 1 0.501888 0.498043 1 0.502238 0.498113 1 0.500100 0.499091 2 0.504117 0.499054 2 0.498451 0.509212 2 0.505902 0.508976 2 0.496974 0.522049 2 0.506313 0.521359 2 0.498266 0.532490 2 0.502427 0.530136 2 0.499576 0.531985 2 0.504697 0.531900 2 0.500642 0.550446 2 0.504105 0.550080 2 0.500954 0.567787 2 0.503215 0.567816 2
0 0.486607 0.523810 0.017857 0.082011 0.482861 0.530566 1 0.483052 0.528858 1 0.483720 0.528908 1 0.482514 0.530253 2 0.487829 0.529693 2 0.480089 0.541092 2 0.490671 0.539985 2 0.477635 0.555311 2 0.493572 0.551644 2 0.476433 0.566532 2 0.492977 0.557258 2 0.483262 0.564398 2 0.490374 0.564120 2 0.482801 0.580688 1 0.490857 0.580354 1 0.483246 0.580688 1 0.490310 0.580493 1
0 0.470238 0.425265 0.013393 0.051587 0.469641 0.408978 2 0.469941 0.408018 2 0.469592 0.407960 1 0.470559 0.407840 2 0.470091 0.407776 1 0.471759 0.412582 2 0.469559 0.412708 2 0.473130 0.420270 2 0.468282 0.420009 2 0.472667 0.426575 2 0.466857 0.425079 2 0.471661 0.425746 2 0.470327 0.425750 2 0.471009 0.435855 2 0.469777 0.436168 2 0.472422 0.446217 2 0.471686 0.446239 2
0 0.753720 0.903439 0.061012 0.190476 0.765252 0.833055 2 0.768342 0.829382 2 0.763605 0.828135 2 0.773208 0.835893 2 0.762763 0.831242 2 0.776440 0.866538 2 0.765681 0.854313 2 0.777604 0.892565 2 0.769243 0.886688 2 0.777003 0.895707 2 0.768940 0.896251 2 0.770951 0.921632 2 0.761171 0.911206 2 0.769370 0.960112 2 0.741742 0.927311 2 0.770080 0.999995 2 0.738149 0.962633 2
