0 0.613839 0.383598 0.050595 0.126984 0.610970 0.330745 1 0.610875 0.329046 1 0.611852 0.329147 1 0.610333 0.329836 2 0.616184 0.329182 2 0.609490 0.342846 2 0.620628 0.340707 2 0.604003 0.355104 2 0.624925 0.356015 2 0.597916 0.363790 2 0.623756 0.365622 2 0.615285 0.380449 2 0.620478 0.378537 2 0.616510 0.410945 2 0.614057 0.402972 2 0.626820 0.439416 2 0.610074 0.428884 2
0 0.662202 0.182540 0.020833 0.071429 0.669120 0.155684 1 0.669025 0.154207 1 0.669298 0.154727 1 0.667012 0.154397 2 0.670345 0.155761 2 0.664090 0.160522 2 0.670001 0.163435 2 0.659860 0.167909 2 0.668837 0.174054 2 0.657743 0.175904 2 0.667815 0.179977 2 0.661161 0.178893 2 0.665477 0.180032 2 0.659200 0.193722 2 0.665970 0.195932 2 0.657284 0.208751 2 0.665979 0.210559 2
0 0.694196 0.434524 0.031250 0.154762 0.683860 0.375779 1 0.684382 0.373055 1 0.685059 0.372461 1 0.686134 0.374609 2 0.692090 0.371945 1 0.688338 0.392374 2 0.698741 0.385609 2 0.692163 0.413892 2 0.707878 0.401237 2 0.688790 0.417560 2 0.703963 0.412473 2 0.697479 0.430477 2 0.703555 0.426990 2 0.697571 0.461455 2 0.698052 0.454244 2 0.705337 0.493091 2 0.700222 0.483486 2
0 0.494420 0.423942 0.037946 0.138889 0.474682 0.430038 1 0.474390 0.427178 1 0.475580 0.427422 1 0.471197 0.429283 2 0.480019 0.429621 2 0.468070 0.447781 2 0.483556 0.448468 2 0.468006 0.468748 1 0.488355 0.471098 2 0.469053 0.483204 1 0.493542 0.488119 2 0.470339 0.490325 2 0.481108 0.490350 2 0.469656 0.518591 1 0.483191 0.517479 2 0.470420 0.521164 1 0.483683 0.521164 1
0 0.415179 0.419312 0.028274 0.150794 0.427288 0.367633 1 0.426084 0.364820 1 0.427173 0.365084 1 0.419064 0.366088 1 0.426166 0.367719 2 0.414206 0.380203 2 0.423811 0.384517 2 0.408737 0.396961 2 0.424939 0.406356 2 0.410366 0.414412 2 0.427409 0.420263 2 0.413800 0.421400 2 0.420400 0.423623 2 0.414204 0.451835 2 0.421088 0.455352 2 0.410969 0.479954 2 0.420851 0.484105 2
0 0.471726 0.494709 0.032738 0.164021 0.474830 0.430015 1 0.474734 0.426873 1 0.475543 0.427094 1 0.471741 0.428628 2 0.480127 0.428825 2 0.468436 0.447184 2 0.483253 0.447337 2 0.464621 0.467722 2 0.485710 0.468068 2 0.463055 0.485534 2 0.485990 0.482940 2 0.470375 0.489881 2 0.480866 0.489922 2 0.470077 0.523133 2 0.482834 0.522799 2 0.469789 0.555589 2 0.482749 0.554856 2
0 0.319196 0.425926 0.025298 0.132275 0.322515 0.400519 1 0.321066 0.398073 1 0.321782 0.398380 2 0.315790 0.399729 1 0.318874 0.401007 2 0.312693 0.418148 2 0.317471 0.418655 2 0.314714 0.442607 2 0.318634 0.442756 2 0.317997 0.460153 1 0.324542 0.458261 2 0.313931 0.466073 2 0.316326 0.466860 2 0.318585 0.500779 2 0.316515 0.501448 2 0.318361 0.517774 1 0.306418 0.517774 2
0 0.598586 0.334656 0.027530 0.108466 0.609969 0.331725 1 0.609881 0.329482 1 0.610853 0.329408 1 0.609570 0.330566 2 0.615503 0.329751 1 0.610063 0.342343 2 0.617560 0.340347 2 0.604344 0.356431 2 0.611530 0.353599 1 0.598768 0.365499 2 0.602757 0.363525 1 0.614584 0.379169 2 0.617560 0.378163 2 0.615544 0.405541 2 0.617560 0.403176 1 0.616728 0.409510 1 0.616402 0.408612 1
0 0.319568 0.462963 0.043899 0.164021 0.322579 0.401804 2 0.321318 0.398974 1 0.321633 0.399650 2 0.316063 0.400024 1 0.318336 0.402050 2 0.311976 0.418663 2 0.317792 0.420866 2 0.313271 0.442247 1 0.318973 0.445128 2 0.317314 0.459225 1 0.324164 0.459905 2 0.312979 0.464861 2 0.315641 0.466513 2 0.317804 0.497114 2 0.315571 0.499308 2 0.320245 0.528545 2 0.304432 0.528229 2
0 0.133929 0.370370 0.037202 0.126984 0.129925 0.322919 2 0.131135 0.320345 2 0.128629 0.320554 2 0.133095 0.319582 2 0.126198 0.320219 2 0.137310 0.331910 2 0.124016 0.334785 2 0.143814 0.344668 2 0.123091 0.352337 2 0.138815 0.351730 2 0.125033 0.368702 2 0.139198 0.366481 2 0.130092 0.368025 2 0.142399 0.391447 2 0.132144 0.394274 2 0.147619 0.416504 2 0.133397 0.420872 2
0 0.282738 0.332672 0.022321 0.109788 0.283933 0.295114 2 0.285376 0.293478 2 0.283827 0.291943 2 0.286408 0.293179 2 0.283534 0.289582 1 0.284281 0.301894 2 0.277164 0.296758 2 0.282699 0.311525 2 0.277106 0.308365 2 0.284635 0.301424 2 0.283601 0.301363 2 0.281355 0.331198 2 0.276869 0.329369 2 0.279177 0.359643 2 0.279841 0.354424 2 0.283111 0.381933 2 0.290596 0.369773 2
0 0.543527 0.199735 0.021577 0.092593 0.547486 0.171086 1 0.547315 0.169051 1 0.547462 0.169631 1 0.544557 0.169159 2 0.548054 0.170774 2 0.541274 0.177919 2 0.548297 0.180868 2 0.537202 0.187810 2 0.547720 0.191334 2 0.533828 0.198554 2 0.544598 0.189593 1 0.539362 0.200149 2 0.544354 0.201524 2 0.538297 0.217143 2 0.544994 0.218783 2 0.538405 0.235492 2 0.545805 0.234952 2
0 0.950521 0.300926 0.034970 0.117725 0.958139 0.260671 1 0.957717 0.257967 1 0.958005 0.258787 1 0.952637 0.257603 2 0.958775 0.259695 2 0.947399 0.268409 2 0.959577 0.272433 2 0.942446 0.280032 2 0.962016 0.287579 2 0.948128 0.286787 2 0.963824 0.285189 2 0.943915 0.304897 2 0.952765 0.306635 2 0.941129 0.329290 2 0.954665 0.330120 2 0.936631 0.351241 2 0.955725 0.351829 2
0 0.789807 0.275132 0.024554 0.100529 0.791390 0.240517 2 0.791274 0.238654 2 0.790696 0.238426 2 0.789676 0.239385 1 0.787968 0.238773 2 0.788343 0.249380 2 0.783324 0.247631 2 0.788795 0.263843 2 0.780406 0.260546 2 0.791668 0.272268 2 0.785787 0.270312 2 0.787046 0.271173 2 0.783463 0.272026 2 0.797829 0.280155 2 0.792244 0.281381 2 0.793295 0.301206 2 0.789607 0.301059 2
0 0.808408 0.269841 0.024554 0.092593 0.810323 0.239650 2 0.809921 0.238003 1 0.810028 0.237865 2 0.807708 0.238301 1 0.808253 0.238553 2 0.807544 0.245312 2 0.803640 0.248780 2 0.811405 0.258796 2 0.807019 0.263442 2 0.814745 0.267988 2 0.812534 0.272316 2 0.806879 0.267235 2 0.804160 0.270936 2 0.815797 0.269077 2 0.812661 0.280111 2 0.813476 0.288290 2 0.813947 0.301465 2
0 0.847098 0.876984 0.058780 0.224868 0.864422 0.808005 2 0.867415 0.803726 2 0.861578 0.802662 2 0.870968 0.804826 2 0.855912 0.801721 2 0.870639 0.830177 2 0.849575 0.824189 2 0.867202 0.863908 2 0.845221 0.856323 2 0.865796 0.884472 2 0.853750 0.879783 2 0.861727 0.888212 2 0.846629 0.884442 2 0.856641 0.930232 2 0.838666 0.923760 2 0.849761 0.972067 2 0.830407 0.966366 2
0 0.538318 0.325397 0.026042 0.108466 0.537885 0.283245 2 0.538771 0.280878 2 0.536849 0.281568 2 0.541074 0.279266 2 0.536558 0.281102 1 0.544893 0.287662 2 0.537623 0.288741 2 0.547789 0.300681 2 0.537831 0.303965 1 0.540665 0.299176 2 0.536187 0.309112 2 0.542830 0.318191 2 0.538336 0.317459 2 0.541706 0.340851 2 0.539726 0.338122 2 0.542009 0.362518 2 0.542576 0.357469 2
0 0.520089 0.296958 0.025298 0.088624 0.515988 0.273468 2 0.516921 0.271546 2 0.514985 0.271898 2 0.518613 0.270170 2 0.513673 0.270823 2 0.521211 0.278253 2 0.511692 0.277166 2 0.522370 0.291166 2 0.509525 0.287750 2 0.518284 0.298044 2 0.511673 0.297206 2 0.520104 0.303851 2 0.513759 0.303316 2 0.520378 0.324877 2 0.514954 0.322820 2 0.521325 0.346285 2 0.515487 0.341995 2
0 0.485119 0.157407 0.017857 0.063492 0.484618 0.139647 2 0.485163 0.138538 2 0.484064 0.138358 2 0.485693 0.138894 2 0.482788 0.138376 2 0.486444 0.145504 2 0.480831 0.144437 2 0.486425 0.154331 2 0.479373 0.151062 2 0.483347 0.157441 2 0.481415 0.151502 2 0.484995 0.161109 2 0.480727 0.160720 2 0.486355 0.171803 2 0.479117 0.171524 2 0.486771 0.183030 2 0.477968 0.183080 2
0 0.095238 0.314815 0.017857 0.066138 0.098962 0.299539 2 0.099797 0.298036 2 0.097963 0.298153 2 0.101082 0.299137 2 0.096507 0.299665 2 0.102279 0.306276 2 0.094439 0.308014 2 0.106545 0.312340 2 0.090691 0.317723 2 0.104364 0.317028 2 0.089273 0.328105 2 0.101094 0.322261 2 0.096252 0.323144 2 0.104501 0.318963 2 0.097064 0.320381 2 0.104070 0.335764 2 0.098054 0.335205 2
0 0.636905 0.140212 0.014881 0.071429 0.635763 0.115868 2 0.636210 0.114784 2 0.635135 0.114800 2 0.636791 0.115558 1 0.633985 0.115530 2 0.637364 0.123073 2 0.632372 0.122374 2 0.637904 0.131227 2 0.630502 0.129361 2 0.637838 0.131064 2 0.633418 0.127363 2 0.636453 0.140755 2 0.632557 0.140589 2 0.637883 0.153506 2 0.630962 0.153088 2 0.639307 0.166721 2 0.628587 0.165415 2
0 0.184152 0.162037 0.015625 0.033069 0.183209 0.153903 1 0.182939 0.153156 1 0.183326 0.153040 1 0.181715 0.153494 2 0.184011 0.153257 2 0.181142 0.158108 2 0.184603 0.157679 2 0.181293 0.164141 2 0.185607 0.163784 2 0.183216 0.166695 1 0.186506 0.167154 2 0.182578 0.168878 2 0.185060 0.168801 2 0.183958 0.175328 2 0.186995 0.174984 2 0.183044 0.176026 1 0.186575 0.176070 1
0 0.156250 0.128968 0.016369 0.046296 0.154714 0.117462 2 0.155309 0.116553 2 0.154210 0.116320 2 0.155924 0.116699 1 0.153258 0.116127 2 0.156585 0.120896 2 0.151866 0.120684 2 0.156908 0.126864 2 0.150329 0.125431 2 0.156216 0.129943 2 0.152768 0.128667 2 0.155302 0.132698 2 0.152037 0.132985 2 0.156608 0.139400 2 0.152042 0.141290 2 0.156041 0.145068 2 0.151958 0.149672 2
0 0.804688 0.218915 0.017113 0.062169 0.808406 0.241672 1 0.807962 0.240112 1 0.808460 0.240201 1 0.805827 0.239346 2 0.807565 0.239674 2 0.807783 0.246610 2 0.802867 0.247813 2 0.811653 0.257769 2 0.802406 0.259688 1 0.812353 0.261330 1 0.806808 0.259738 1 0.807679 0.260938 1 0.804867 0.261781 1 0.810025 0.253639 1 0.809438 0.255941 1 0.809180 0.260969 1 0.811633 0.261781 1
0 0.438988 0.109788 0.013393 0.050265 0.438553 0.099179 1 0.438289 0.098082 1 0.438667 0.098108 1 0.436461 0.098412 2 0.439241 0.098663 2 0.435108 0.103997 2 0.439697 0.104501 2 0.433081 0.109376 2 0.440740 0.111524 2 0.434193 0.111698 1 0.440712 0.117156 1 0.435688 0.117843 2 0.438811 0.117993 2 0.435697 0.129227 2 0.438908 0.128979 2 0.435448 0.138759 2 0.439397 0.138675 2
0 0.397693 0.096561 0.012649 0.052910 0.397155 0.077138 2 0.397563 0.076096 2 0.396562 0.076242 2 0.398079 0.076385 1 0.395617 0.076718 2 0.399048 0.081661 2 0.394819 0.082381 2 0.400337 0.087520 2 0.393984 0.088432 2 0.399552 0.092131 2 0.395156 0.089051 2 0.398736 0.093627 2 0.395997 0.093968 2 0.398843 0.102131 2 0.396544 0.102332 2 0.398857 0.110257 2 0.396601 0.110490 2
0 0.786086 0.159392 0.014137 0.048942 0.786036 0.144687 1 0.786190 0.143745 1 0.786510 0.144003 1 0.785903 0.145003 2 0.788513 0.145424 2 0.784591 0.150520 2 0.788689 0.151641 2 0.781348 0.150459 2 0.787442 0.153640 2 0.782241 0.144798 2 0.785192 0.147203 1 0.784102 0.163339 2 0.786887 0.163664 2 0.783593 0.171545 2 0.786276 0.171742 2 0.782344 0.178075 2 0.786053 0.178106 2
0 0.117932 0.119709 0.015625 0.030423 0.117319 0.113297 2 0.117700 0.112578 2 0.116780 0.112482 2 0.118157 0.113359 2 0.115838 0.113091 2 0.117854 0.118229 2 0.114584 0.117808 2 0.118447 0.124064 2 0.114764 0.124546 2 0.119936 0.125650 2 0.118951 0.127000 2 0.117306 0.131910 2 0.114815 0.132048 2 0.118973 0.137470 1 0.115536 0.137718 1 0.117416 0.138458 1 0.113320 0.137203 1
0 0.728795 0.147487 0.012649 0.048942 0.726664 0.131143 2 0.726914 0.130170 2 0.726669 0.130260 1 0.727936 0.130727 2 0.727884 0.130716 1 0.728696 0.136401 2 0.728207 0.136107 2 0.730104 0.143694 2 0.728553 0.142858 2 0.729314 0.147404 2 0.728818 0.146461 2 0.727581 0.150811 2 0.727245 0.150461 2 0.727204 0.160613 2 0.727224 0.160848 2 0.723521 0.168454 2 0.723242 0.168063 2
0 0.567336 0.275132 0.014137 0.055556 0.571177 0.258922 2 0.571923 0.257737 2 0.570555 0.257613 2 0.573102 0.258026 2 0.569460 0.257583 2 0.574072 0.266436 2 0.567981 0.265525 2 0.575379 0.275985 2 0.566905 0.274341 2 0.573674 0.285647 2 0.567677 0.282357 2 0.572046 0.283473 2 0.567739 0.282727 2 0.571216 0.293271 2 0.566228 0.291727 2 0.570451 0.302793 2 0.561709 0.300810 2
0 0.482143 0.217593 0.017857 0.078042 0.483925 0.185181 2 0.484722 0.183697 2 0.483184 0.183526 2 0.485279 0.185201 1 0.481880 0.184634 2 0.486473 0.193888 2 0.479588 0.194406 2 0.487578 0.204088 2 0.477501 0.205455 2 0.486892 0.205757 2 0.482660 0.205748 2 0.484683 0.215295 2 0.480783 0.215680 2 0.482525 0.232282 2 0.483723 0.233647 2 0.479026 0.247345 2 0.485340 0.251917 2
0 0.740699 0.133598 0.017113 0.052910 0.748561 0.113892 2 0.748966 0.112830 2 0.747995 0.112736 2 0.749174 0.113176 1 0.746527 0.112884 2 0.749819 0.120200 2 0.744211 0.119695 2 0.750764 0.129348 2 0.741902 0.128352 2 0.750280 0.137323 2 0.741154 0.136650 2 0.748077 0.137159 2 0.744314 0.136846 2 0.747199 0.148682 2 0.743084 0.148370 2 0.747333 0.158835 2 0.742178 0.158181 2
0 0.955729 0.174603 0.020089 0.063492 0.952958 0.156138 2 0.953269 0.154488 2 0.952950 0.154735 1 0.955278 0.153779 2 0.955280 0.154186 1 0.955896 0.161132 2 0.958229 0.160545 2 0.954166 0.174697 2 0.956931 0.172405 1 0.951409 0.183235 2 0.952843 0.180889 1 0.954702 0.179614 2 0.956398 0.178692 2 0.951253 0.190401 2 0.952506 0.190113 2 0.952081 0.206855 2 0.952082 0.205919 2
0 0.925967 0.189815 0.018601 0.035714 0.926143 0.176351 2 0.926969 0.175120 2 0.926302 0.175039 2 0.928754 0.176086 2 0.926955 0.175695 1 0.930316 0.182615 2 0.926861 0.182437 2 0.928512 0.192102 2 0.925192 0.190765 2 0.923855 0.196958 2 0.922275 0.194666 2 0.930989 0.196689 2 0.928343 0.195845 2 0.924961 0.199281 2 0.921885 0.197846 2 0.928393 0.202630 2 0.927557 0.202768 2
