0 0.555804 0.562831 0.017857 0.096561 0.550663 0.527981 1 0.549812 0.526157 1 0.550710 0.526073 1 0.546041 0.526950 1 0.550210 0.527247 2 0.544558 0.536060 2 0.549082 0.537257 2 0.548471 0.545589 1 0.552163 0.548000 2 0.553820 0.545128 1 0.555500 0.546824 2 0.545440 0.561011 2 0.548533 0.561953 2 0.547870 0.580929 2 0.549702 0.582611 2 0.547832 0.600778 2 0.548945 0.602545 2
0 0.552455 0.541005 0.033482 0.071429 0.550955 0.527488 1 0.550057 0.525769 1 0.550990 0.525724 1 0.546086 0.526444 1 0.550460 0.526848 2 0.543878 0.535644 2 0.549028 0.536524 2 0.547507 0.545143 2 0.552146 0.546936 2 0.553322 0.545150 1 0.555358 0.547701 2 0.545836 0.559148 2 0.549295 0.560412 2 0.551633 0.572071 2 0.553837 0.574258 2 0.550257 0.586604 1 0.551407 0.586840 2
0 0.404390 0.419974 0.011161 0.046296 0.399206 0.406675 1 0.399374 0.405681 1 0.399317 0.405743 1 0.400381 0.405819 2 0.400740 0.405903 1 0.401799 0.410448 2 0.401307 0.410315 2 0.402137 0.416013 2 0.400793 0.415500 1 0.399732 0.418161 2 0.399736 0.417876 1 0.401497 0.421949 2 0.401176 0.421640 2 0.401192 0.430979 2 0.401089 0.430810 2 0.401678 0.439038 2 0.401932 0.439029 2
0 0.539062 0.483466 0.017113 0.075397 0.536312 0.461694 2 0.536301 0.460068 1 0.536302 0.460166 1 0.535975 0.459011 2 0.537234 0.459132 2 0.536520 0.465361 2 0.538179 0.465140 2 0.540002 0.471973 2 0.541936 0.470455 2 0.538255 0.476050 2 0.537943 0.475382 2 0.536280 0.483935 2 0.537267 0.483719 2 0.538460 0.484769 1 0.538931 0.485518 1 0.537783 0.487335 1 0.538130 0.487020 1
0 0.457961 0.527778 0.017113 0.089947 0.458493 0.497785 1 0.457798 0.496061 1 0.458405 0.496080 1 0.453950 0.497711 2 0.458306 0.497883 2 0.451583 0.508302 2 0.459183 0.508120 2 0.449807 0.519924 2 0.463082 0.518607 2 0.449408 0.528936 2 0.465997 0.523943 2 0.453467 0.527777 2 0.458664 0.527881 2 0.453468 0.546497 2 0.459587 0.545868 2 0.452060 0.564613 2 0.459625 0.563370 2
0 0.486979 0.552249 0.023065 0.099206 0.488905 0.518079 1 0.488036 0.516333 1 0.488758 0.516174 1 0.483642 0.517373 2 0.488717 0.517308 2 0.481115 0.528605 2 0.491230 0.528293 2 0.479982 0.543476 2 0.494318 0.542170 2 0.480416 0.554716 2 0.495230 0.553987 2 0.483421 0.555417 2 0.490222 0.555475 2 0.484630 0.574758 2 0.490050 0.574694 2 0.485917 0.592573 2 0.489374 0.594318 2
0 0.486235 0.525794 0.018601 0.096561 0.488498 0.517290 1 0.487772 0.515574 1 0.488475 0.515528 1 0.483809 0.516800 2 0.488702 0.517032 2 0.481331 0.528014 2 0.491006 0.527738 2 0.479703 0.542558 2 0.494361 0.541504 2 0.479252 0.554668 2 0.494754 0.554041 2 0.483434 0.554968 2 0.489814 0.554816 2 0.484965 0.576094 2 0.489571 0.575196 2 0.486441 0.591148 1 0.488988 0.590728 1
0 0.502976 0.517857 0.014881 0.067460 0.501499 0.493526 2 0.501993 0.492462 2 0.501315 0.492541 1 0.503501 0.492192 2 0.501908 0.492474 1 0.504742 0.497399 2 0.503200 0.497539 2 0.504805 0.506769 2 0.502841 0.506355 1 0.502145 0.511684 2 0.501624 0.511708 1 0.504172 0.515154 2 0.502825 0.514905 2 0.503637 0.529291 2 0.501723 0.529300 2 0.506712 0.542435 2 0.501595 0.543094 2
0 0.522321 0.513228 0.016369 0.076720 0.525522 0.484764 1 0.525626 0.483440 1 0.526176 0.483537 1 0.524847 0.484435 2 0.529236 0.484437 2 0.522699 0.492287 2 0.530443 0.492294 2 0.520314 0.502313 2 0.530673 0.501693 1 0.519238 0.510059 2 0.529954 0.507616 1 0.523175 0.511869 2 0.528641 0.511852 2 0.521743 0.525194 2 0.528536 0.526332 2 0.522409 0.539668 2 0.528899 0.540240 2
0 0.461310 0.509921 0.014881 0.078042 0.458556 0.497977 1 0.457808 0.496320 1 0.458452 0.496334 1 0.454068 0.497697 2 0.458224 0.498082 2 0.452014 0.507595 2 0.459123 0.507997 2 0.450893 0.517779 2 0.462634 0.518614 2 0.452432 0.522633 1 0.465340 0.525304 2 0.453707 0.527775 2 0.458675 0.527961 2 0.453365 0.546337 2 0.459460 0.546084 2 0.452215 0.561632 1 0.459946 0.561864 2
0 0.440104 0.509921 0.017113 0.088624 0.439783 0.479307 1 0.439253 0.477735 1 0.439756 0.477650 1 0.436219 0.478688 2 0.440220 0.478711 2 0.434604 0.488636 2 0.441953 0.488464 2 0.434228 0.500594 2 0.443571 0.500026 2 0.435607 0.509237 2 0.443375 0.509162 2 0.436043 0.509318 2 0.441042 0.509279 2 0.437361 0.526632 2 0.440377 0.526416 2 0.438223 0.543255 2 0.439620 0.544262 2
0 0.774554 0.804233 0.037202 0.169312 0.785313 0.743047 2 0.785708 0.739896 2 0.783907 0.739947 2 0.784490 0.739179 1 0.778040 0.738499 2 0.785960 0.755091 2 0.769349 0.754037 2 0.790325 0.774943 2 0.763173 0.773995 2 0.793448 0.796266 2 0.762530 0.793833 2 0.782747 0.801460 2 0.771939 0.801512 2 0.781654 0.835486 2 0.771250 0.834898 2 0.775444 0.865846 2 0.766473 0.864614 2
0 0.747768 0.769841 0.031250 0.145503 0.752473 0.714718 2 0.753761 0.711983 2 0.750921 0.711936 2 0.754809 0.712825 2 0.747742 0.712321 2 0.756508 0.728025 2 0.743336 0.726184 2 0.759374 0.747462 2 0.739791 0.743660 2 0.761412 0.765823 2 0.738194 0.760178 2 0.752642 0.767702 2 0.744604 0.766654 2 0.748764 0.798684 2 0.744273 0.796778 2 0.746550 0.826916 2 0.747609 0.824017 2
0 0.722842 0.771825 0.030506 0.107143 0.720588 0.739967 2 0.722234 0.738138 2 0.719491 0.737340 2 0.724090 0.739159 2 0.717638 0.737325 2 0.724454 0.749057 2 0.715062 0.748497 2 0.726467 0.755998 2 0.712073 0.757144 2 0.729543 0.760692 2 0.711314 0.763686 2 0.721922 0.774433 2 0.716241 0.774516 2 0.720745 0.790661 2 0.717036 0.791557 2 0.718056 0.804786 2 0.717319 0.808375 2
0 0.612351 0.585979 0.016369 0.103175 0.608681 0.551174 1 0.609009 0.549300 1 0.609334 0.549012 1 0.610553 0.550251 2 0.613470 0.549099 1 0.611836 0.561823 2 0.616133 0.558395 2 0.613289 0.573928 2 0.619847 0.565855 2 0.613578 0.578323 2 0.617472 0.574890 2 0.612438 0.588822 2 0.614984 0.587039 2 0.613462 0.611444 2 0.613541 0.609625 2 0.614588 0.632239 2 0.613317 0.630146 2
