0 0.319328 0.870215 0.027311 0.072829 0.322758 0.837283 2 0.323763 0.834843 2 0.321581 0.835338 2 0.325578 0.833288 2 0.320162 0.834390 2 0.329191 0.842319 2 0.317940 0.842271 2 0.332788 0.856083 2 0.313690 0.852294 2 0.330853 0.866129 2 0.313041 0.863318 2 0.326831 0.870118 2 0.319578 0.869937 2 0.327909 0.888727 2 0.318477 0.889362 2 0.326382 0.906170 2 0.319956 0.906564 2
0 0.116334 0.735294 0.022584 0.086835 0.112335 0.707456 2 0.113288 0.706221 2 0.111896 0.705839 2 0.115552 0.704787 2 0.111543 0.704282 1 0.120060 0.708677 2 0.111573 0.710935 2 0.119523 0.720565 2 0.110652 0.722112 2 0.114781 0.726199 2 0.113963 0.729993 2 0.120373 0.728446 2 0.114114 0.729807 2 0.121694 0.739833 2 0.114918 0.745760 2 0.126440 0.747977 2 0.116688 0.765053 2
0 0.096113 0.736228 0.021008 0.086835 0.093165 0.713398 2 0.094290 0.711584 2 0.092040 0.711585 2 0.096403 0.709859 2 0.090839 0.709900 2 0.098510 0.715444 2 0.089766 0.715181 2 0.100945 0.725627 2 0.089788 0.727376 2 0.098572 0.736467 2 0.090883 0.736063 2 0.099475 0.735483 2 0.094374 0.735236 2 0.099139 0.750857 2 0.098364 0.747381 2 0.099262 0.767317 2 0.101863 0.760300 2
0 0.326418 0.465920 0.015231 0.046685 0.326427 0.452978 2 0.326906 0.451499 2 0.325654 0.452105 2 0.328042 0.451069 2 0.324977 0.452588 2 0.330642 0.455283 2 0.324472 0.456551 2 0.334190 0.462802 2 0.321785 0.462806 2 0.333053 0.468130 2 0.321139 0.467667 2 0.330622 0.469729 2 0.326694 0.470210 2 0.331441 0.471705 2 0.324454 0.472952 2 0.330754 0.478955 1 0.325822 0.478924 1
0 0.358193 0.241830 0.012605 0.048553 0.354775 0.227669 1 0.354384 0.226708 1 0.354739 0.226783 1 0.352764 0.226921 1 0.354727 0.227460 2 0.351797 0.231422 2 0.354201 0.232766 2 0.351626 0.238290 1 0.355000 0.238559 2 0.354048 0.240754 1 0.356987 0.241533 2 0.352211 0.243591 2 0.353373 0.244836 2 0.355819 0.248430 2 0.352798 0.253080 2 0.355593 0.255186 2 0.351606 0.261171 2
0 0.581408 0.303455 0.015756 0.052288 0.579547 0.288880 1 0.579718 0.287926 1 0.579910 0.287815 1 0.580520 0.288393 2 0.581857 0.288082 1 0.581219 0.294102 2 0.582315 0.293382 2 0.580865 0.301720 2 0.580842 0.299804 1 0.577961 0.300774 2 0.578201 0.299233 1 0.580990 0.307433 2 0.581736 0.306838 2 0.579276 0.315426 2 0.580173 0.315583 2 0.581771 0.324130 2 0.582276 0.324150 2
0 0.159139 0.272642 0.014706 0.050420 0.156504 0.257223 1 0.156537 0.256185 1 0.156744 0.256112 1 0.156971 0.256412 2 0.158732 0.256056 2 0.157974 0.261601 2 0.160498 0.261244 2 0.155799 0.266543 2 0.162453 0.267823 2 0.155490 0.263997 2 0.162663 0.270809 2 0.159074 0.274519 2 0.160400 0.274098 2 0.160071 0.284849 2 0.159991 0.283790 2 0.160612 0.293805 2 0.160969 0.294869 2
0 0.205882 0.229692 0.012605 0.042951 0.207008 0.213572 1 0.206620 0.212931 1 0.206856 0.212874 1 0.205132 0.213706 1 0.206267 0.213718 2 0.205151 0.217652 2 0.206604 0.218146 2 0.207087 0.221936 1 0.208347 0.223204 2 0.208973 0.222317 1 0.209335 0.223112 2 0.206778 0.228529 2 0.207710 0.228931 2 0.208157 0.237432 2 0.208242 0.237770 2 0.208955 0.245545 2 0.208499 0.246752 2
0 0.252363 0.259104 0.013130 0.027077 0.258277 0.241764 1 0.258509 0.240997 1 0.257811 0.241264 1 0.259008 0.240896 1 0.257204 0.241305 2 0.260331 0.243002 2 0.257205 0.243822 2 0.261484 0.247614 1 0.259132 0.248583 2 0.260281 0.248110 1 0.261024 0.248212 2 0.261044 0.253500 2 0.258769 0.253892 2 0.260836 0.260446 2 0.258713 0.261053 2 0.260676 0.266529 1 0.258957 0.267058 2
0 0.231355 0.228291 0.012080 0.047619 0.230181 0.211548 1 0.229745 0.210782 1 0.230046 0.210643 1 0.227870 0.211638 1 0.229528 0.211482 2 0.227493 0.217042 2 0.229758 0.216616 2 0.228706 0.222370 1 0.231970 0.220760 2 0.230364 0.221781 1 0.231981 0.219190 1 0.228946 0.229867 2 0.230373 0.229925 2 0.230559 0.238170 2 0.231045 0.238435 2 0.230548 0.246916 2 0.230713 0.247474 2
0 0.260504 0.247899 0.010504 0.047619 0.259533 0.235181 1 0.259279 0.234421 1 0.259506 0.234344 1 0.257548 0.235023 2 0.259735 0.234873 2 0.256409 0.240098 2 0.260549 0.239635 2 0.256405 0.245538 2 0.262613 0.244776 2 0.258407 0.249124 2 0.261666 0.249749 2 0.258323 0.250904 2 0.261324 0.250851 2 0.258664 0.258462 2 0.262114 0.257795 2 0.258877 0.266523 2 0.262955 0.265283 2
0 0.267857 0.235294 0.014706 0.052288 0.263752 0.222007 1 0.263885 0.221044 1 0.264066 0.220987 1 0.264400 0.221314 2 0.266008 0.221078 1 0.264227 0.226757 2 0.267253 0.226103 2 0.263228 0.233537 2 0.268991 0.232413 2 0.261817 0.238325 2 0.270017 0.238392 2 0.265161 0.239165 2 0.267004 0.238836 2 0.265793 0.248760 2 0.266887 0.248776 2 0.267227 0.258142 2 0.267740 0.257782 2
0 0.338498 0.187208 0.013130 0.038282 0.340304 0.173954 1 0.339776 0.173118 1 0.340257 0.173215 1 0.337685 0.173650 1 0.339844 0.173943 2 0.336610 0.178468 2 0.340214 0.178816 2 0.339897 0.180752 1 0.342907 0.180954 2 0.343016 0.180165 1 0.344335 0.180756 2 0.337536 0.189431 2 0.340066 0.190104 2 0.340563 0.184905 2 0.343875 0.185962 2 0.339223 0.194317 1 0.340796 0.194770 2
0 0.406513 0.083567 0.013655 0.040149 0.404066 0.074262 2 0.404386 0.073606 2 0.403797 0.073658 2 0.405034 0.073580 2 0.403538 0.073746 1 0.405908 0.076532 2 0.403282 0.076718 2 0.407024 0.080080 2 0.402457 0.079889 2 0.406797 0.082400 2 0.402331 0.081291 2 0.405498 0.083834 2 0.403792 0.083904 2 0.405961 0.089464 2 0.404038 0.089651 2 0.406621 0.095207 2 0.404477 0.095584 2
0 0.199317 0.134454 0.009979 0.037348 0.199312 0.122442 1 0.199412 0.121761 1 0.199503 0.121724 1 0.199838 0.121958 2 0.201091 0.121702 1 0.199789 0.125614 2 0.202013 0.125056 2 0.199342 0.130533 2 0.202359 0.130046 2 0.199177 0.135044 2 0.201481 0.134313 1 0.200223 0.135353 2 0.201846 0.135013 2 0.200309 0.142363 2 0.202207 0.141720 2 0.200686 0.149647 2 0.202912 0.148451 2
0 0.206408 0.134454 0.009454 0.033613 0.207124 0.121435 2 0.207326 0.120863 2 0.206805 0.120899 2 0.207623 0.121192 1 0.206262 0.121282 2 0.208418 0.124339 2 0.205610 0.124597 2 0.209207 0.127282 2 0.205389 0.127682 2 0.206774 0.127081 2 0.207985 0.127383 2 0.208935 0.133649 2 0.206872 0.133917 2 0.209630 0.140648 2 0.207069 0.141201 2 0.210435 0.147104 2 0.207215 0.147501 2
0 0.214811 0.133053 0.009454 0.036415 0.214574 0.122287 2 0.214928 0.121527 2 0.214156 0.121560 2 0.215506 0.121871 2 0.213618 0.121934 2 0.216677 0.125903 2 0.212817 0.125979 2 0.218065 0.130514 2 0.211748 0.130691 2 0.217583 0.135152 2 0.212205 0.135058 2 0.216414 0.136516 2 0.213855 0.136612 2 0.216928 0.143712 2 0.213889 0.143539 2 0.217085 0.150943 2 0.214732 0.150396 2
0 0.575368 0.714753 0.019433 0.051354 0.577260 0.698989 1 0.576905 0.697551 1 0.577364 0.697889 1 0.573985 0.698331 2 0.578021 0.699147 2 0.570452 0.706752 2 0.579716 0.707909 2 0.568470 0.711228 2 0.583376 0.710296 2 0.569159 0.703199 2 0.582008 0.702592 2 0.571645 0.729706 2 0.578107 0.730817 2 0.570942 0.713901 2 0.579908 0.716973 2 0.571004 0.733331 2 0.577630 0.735457 2
0 0.270746 0.088235 0.009979 0.038282 0.269500 0.078961 2 0.269762 0.078279 2 0.269246 0.078395 1 0.270395 0.078163 2 0.269190 0.078474 1 0.271496 0.080861 2 0.269048 0.081150 2 0.272138 0.084859 2 0.268544 0.085172 2 0.270135 0.084096 2 0.269482 0.084511 2 0.271879 0.089411 2 0.270255 0.089503 2 0.272121 0.096017 2 0.270635 0.095902 2 0.272488 0.102303 2 0.271438 0.101768 2
0 0.252889 0.079832 0.020483 0.036415 0.250863 0.068859 1 0.251165 0.068106 1 0.250560 0.068229 1 0.251800 0.068339 2 0.250445 0.068624 1 0.252898 0.071984 2 0.250188 0.072478 2 0.254675 0.076071 2 0.249397 0.077088 2 0.254727 0.079520 2 0.249394 0.080675 2 0.253017 0.080824 2 0.251402 0.081029 2 0.252578 0.087394 2 0.251657 0.087373 2 0.252809 0.093314 2 0.252528 0.092740 2
0 0.595326 0.112512 0.013130 0.045752 0.597022 0.096512 1 0.597022 0.095974 1 0.597104 0.095962 1 0.596615 0.096130 2 0.597936 0.096042 2 0.596258 0.098715 2 0.598691 0.098743 2 0.595699 0.101749 2 0.599567 0.102128 2 0.596133 0.104328 1 0.598868 0.104627 2 0.596356 0.106244 2 0.597962 0.106194 2 0.596465 0.112241 2 0.597520 0.112090 2 0.596610 0.118009 2 0.597424 0.118339 2
0 0.505252 0.055089 0.008403 0.016807 0.505645 0.055824 1 0.505943 0.055288 1 0.505349 0.055262 1 0.506368 0.054952 1 0.504975 0.054897 2 0.506847 0.056701 2 0.504450 0.056396 2 0.508090 0.059475 2 0.503044 0.058815 2 0.507555 0.061235 2 0.503226 0.061874 2 0.506339 0.062901 2 0.504906 0.062777 2 0.506624 0.065490 1 0.504987 0.065556 1 0.506397 0.065827 1 0.505339 0.065749 1
