0 0.578869 0.380952 0.041667 0.126984 0.574554 0.329050 1 0.574813 0.326902 1 0.575157 0.326723 1 0.577014 0.328804 2 0.582415 0.327320 1 0.578721 0.344324 2 0.586453 0.338184 2 0.581985 0.363927 2 0.593592 0.344823 2 0.581774 0.380893 2 0.594870 0.353788 2 0.584082 0.380080 2 0.590583 0.377874 2 0.576767 0.403324 2 0.591292 0.402680 2 0.577198 0.430423 2 0.600612 0.421979 2
0 0.661086 0.181878 0.021577 0.072751 0.662440 0.154646 1 0.662361 0.153303 1 0.662554 0.153499 1 0.660490 0.154054 2 0.664072 0.154352 2 0.658597 0.161618 2 0.665359 0.162076 2 0.656671 0.171787 2 0.666001 0.172425 2 0.656023 0.181223 2 0.664911 0.179382 2 0.658921 0.179953 2 0.663959 0.180191 2 0.657793 0.194738 2 0.665086 0.194933 2 0.657242 0.210175 2 0.665883 0.210093 2
0 0.647693 0.404762 0.026042 0.140212 0.643021 0.353460 2 0.643781 0.350933 2 0.643953 0.350841 1 0.646135 0.353501 2 0.650161 0.352532 1 0.647134 0.370122 2 0.653452 0.367812 2 0.649855 0.389732 2 0.659854 0.382652 2 0.645260 0.397020 2 0.652075 0.386853 2 0.649133 0.408126 2 0.653955 0.406823 2 0.642897 0.434250 2 0.650605 0.434104 2 0.647408 0.462275 2 0.660254 0.456764 2
0 0.457217 0.471561 0.039435 0.152116 0.472687 0.416893 1 0.471830 0.413712 1 0.472823 0.413789 1 0.465888 0.415838 2 0.474818 0.415912 2 0.462772 0.435603 2 0.478849 0.434686 2 0.461919 0.459866 2 0.482608 0.458372 2 0.462580 0.478455 2 0.483324 0.477151 2 0.467158 0.478912 2 0.478594 0.478616 2 0.468306 0.511899 2 0.481489 0.509230 2 0.467076 0.542859 2 0.479506 0.541270 2
0 0.422247 0.416667 0.026042 0.150794 0.430196 0.362182 1 0.428766 0.359418 1 0.429790 0.359246 1 0.422085 0.360809 1 0.427875 0.361275 2 0.416742 0.377771 2 0.428126 0.379009 2 0.415403 0.398494 2 0.430238 0.401367 2 0.417217 0.415303 2 0.434188 0.418749 2 0.419207 0.419488 2 0.426844 0.420543 2 0.421981 0.449160 2 0.427205 0.451218 2 0.421494 0.477280 2 0.423325 0.479435 2
0 0.471726 0.484788 0.034226 0.160053 0.472604 0.416873 1 0.471775 0.414004 1 0.472590 0.413797 1 0.466513 0.416266 2 0.474080 0.415845 2 0.463101 0.436517 2 0.477566 0.434392 2 0.462102 0.461009 2 0.481364 0.456926 2 0.461618 0.478073 2 0.483761 0.476046 2 0.467661 0.479124 2 0.477928 0.478231 2 0.468475 0.510650 2 0.480073 0.507904 2 0.469036 0.542558 2 0.479516 0.539778 2
0 0.303199 0.421296 0.024554 0.130952 0.309055 0.379979 2 0.308959 0.377048 1 0.309040 0.376802 2 0.305830 0.374521 1 0.306296 0.373625 2 0.307508 0.380441 2 0.299394 0.382941 2 0.307860 0.399385 2 0.297126 0.401124 2 0.311677 0.410328 2 0.305518 0.396165 2 0.306515 0.411762 2 0.301571 0.414017 2 0.306359 0.440516 2 0.304665 0.445200 2 0.298082 0.460037 2 0.307571 0.474281 2
0 0.539062 0.341270 0.042411 0.116402 0.547054 0.297098 1 0.546301 0.294696 1 0.547339 0.295005 1 0.541360 0.296921 1 0.548842 0.297491 2 0.540571 0.310641 2 0.547710 0.313137 2 0.543408 0.322554 2 0.550292 0.330808 2 0.552750 0.317789 2 0.556285 0.324698 2 0.540920 0.344365 2 0.546838 0.345461 2 0.538470 0.366675 2 0.551885 0.365912 2 0.530131 0.386173 2 0.552258 0.386908 2
0 0.343378 0.454365 0.040923 0.157407 0.348450 0.393580 1 0.347545 0.390341 1 0.348473 0.390557 1 0.341614 0.392903 1 0.349541 0.393651 2 0.340265 0.411463 2 0.347391 0.413613 2 0.339316 0.434782 2 0.347739 0.438719 2 0.343055 0.453151 1 0.350899 0.460007 2 0.340390 0.455836 2 0.346204 0.457342 2 0.341388 0.486558 2 0.351970 0.489869 2 0.333017 0.516118 2 0.352101 0.523199 2
0 0.134301 0.370370 0.036458 0.126984 0.130003 0.320667 2 0.131219 0.318146 2 0.128654 0.318369 2 0.133202 0.318487 2 0.126409 0.319247 2 0.137481 0.331404 2 0.124039 0.335280 2 0.143684 0.343002 2 0.122995 0.353443 2 0.140251 0.350088 2 0.125086 0.369634 2 0.139307 0.365551 2 0.130147 0.367781 2 0.142841 0.391690 2 0.132292 0.394363 2 0.147723 0.416713 2 0.134051 0.420128 2
0 0.539807 0.199074 0.021577 0.091270 0.548660 0.219924 2 0.548274 0.218141 1 0.548202 0.218134 2 0.545756 0.217151 1 0.545892 0.217372 2 0.542533 0.224841 2 0.544099 0.225827 2 0.543504 0.236643 1 0.545415 0.239181 2 0.548023 0.245639 1 0.548969 0.247797 2 0.542480 0.250532 2 0.542991 0.251755 2 0.545964 0.261181 1 0.542803 0.261181 1 0.546363 0.260985 1 0.539256 0.261181 1
0 0.968006 0.299603 0.034226 0.109788 0.979493 0.259541 2 0.978927 0.257597 1 0.979362 0.257190 2 0.975350 0.256770 1 0.976186 0.256250 2 0.974261 0.267346 2 0.969482 0.268424 2 0.974817 0.282444 2 0.968425 0.285087 2 0.980595 0.282608 2 0.977735 0.284044 2 0.969225 0.299700 2 0.964938 0.300643 2 0.971074 0.322464 2 0.964405 0.325950 2 0.969752 0.339272 2 0.957451 0.347163 2
0 0.789807 0.275794 0.024554 0.099206 0.791819 0.240261 2 0.791824 0.238346 2 0.790998 0.238119 2 0.790624 0.239066 1 0.788039 0.238389 2 0.789539 0.248951 2 0.784085 0.247513 2 0.789802 0.263989 2 0.780830 0.261283 2 0.792935 0.272685 2 0.786532 0.271674 2 0.787772 0.270639 2 0.784021 0.271385 2 0.796408 0.278815 2 0.790726 0.280499 2 0.792541 0.299387 2 0.789283 0.301758 2
0 0.808408 0.270503 0.024554 0.091270 0.810995 0.239493 2 0.810143 0.237703 1 0.810788 0.237823 2 0.806404 0.237979 1 0.809614 0.239037 2 0.803409 0.244656 2 0.806837 0.247937 2 0.806320 0.260651 2 0.808963 0.262613 2 0.813005 0.268140 2 0.812884 0.271807 2 0.803617 0.267969 2 0.805757 0.271746 2 0.815771 0.268354 2 0.814333 0.280178 2 0.812489 0.287799 2 0.813207 0.300598 2
0 0.847098 0.877646 0.058780 0.223545 0.861358 0.803672 2 0.864516 0.800081 2 0.858689 0.798290 2 0.868409 0.803193 2 0.853467 0.798400 2 0.869428 0.830725 2 0.847980 0.823656 2 0.875597 0.861927 2 0.845114 0.854512 2 0.877385 0.892432 2 0.851727 0.880640 2 0.859873 0.889858 2 0.845232 0.885401 2 0.855317 0.932941 2 0.838833 0.925105 2 0.849764 0.970935 2 0.829829 0.963856 2
0 0.538318 0.325397 0.026042 0.108466 0.537551 0.288251 1 0.537934 0.285774 1 0.537357 0.285899 1 0.539577 0.287151 2 0.541032 0.287090 1 0.541362 0.300404 2 0.543359 0.301313 2 0.541099 0.311439 2 0.545022 0.316430 2 0.542143 0.308515 2 0.548901 0.311663 2 0.543080 0.338109 2 0.545419 0.338170 2 0.539974 0.363340 2 0.549675 0.363436 2 0.533357 0.384337 2 0.549720 0.384909 2
0 0.520089 0.296958 0.025298 0.085979 0.517585 0.271591 2 0.518581 0.269883 2 0.516699 0.269996 2 0.520155 0.268334 2 0.515412 0.268465 2 0.521847 0.275271 2 0.513017 0.274818 2 0.524684 0.284841 2 0.509371 0.283883 2 0.521677 0.293497 2 0.512612 0.292770 2 0.520473 0.302169 2 0.514967 0.302048 2 0.519759 0.323323 2 0.515741 0.322310 2 0.519510 0.344417 2 0.515422 0.341298 2
0 0.482887 0.157407 0.017857 0.063492 0.482491 0.137353 2 0.483161 0.136226 2 0.481984 0.135912 2 0.483836 0.136183 2 0.480899 0.135454 2 0.484802 0.141366 2 0.479055 0.141463 2 0.487416 0.147382 2 0.477655 0.148325 2 0.485606 0.149945 2 0.479087 0.152077 2 0.483930 0.157360 2 0.479849 0.157481 2 0.484908 0.169114 2 0.477554 0.170116 2 0.484852 0.181034 2 0.476489 0.183026 2
0 0.095238 0.315476 0.017857 0.067460 0.095029 0.294653 2 0.095257 0.292832 2 0.093859 0.293304 2 0.095195 0.293066 1 0.091510 0.294461 2 0.096189 0.300040 2 0.091105 0.302998 2 0.099664 0.307594 1 0.090478 0.315192 2 0.101186 0.310346 1 0.088363 0.327846 2 0.096644 0.317548 2 0.093544 0.319190 2 0.100862 0.322075 2 0.096397 0.324387 2 0.102162 0.334399 2 0.098815 0.337153 2
0 0.630208 0.139550 0.014881 0.072751 0.632192 0.113656 2 0.632095 0.112378 1 0.631724 0.112364 2 0.630837 0.113117 1 0.630435 0.113150 2 0.629990 0.120163 2 0.629818 0.120079 2 0.631287 0.128380 1 0.630238 0.128330 2 0.633650 0.131926 1 0.632772 0.133006 2 0.628811 0.137188 2 0.628781 0.137278 2 0.629466 0.150641 2 0.629553 0.150962 2 0.628473 0.163001 2 0.628469 0.163865 2
0 0.186384 0.166667 0.015625 0.034392 0.185605 0.157685 1 0.185480 0.156928 1 0.185820 0.156791 1 0.184823 0.157112 2 0.187116 0.156742 2 0.184247 0.161400 2 0.187940 0.160844 2 0.183773 0.166400 2 0.189074 0.165874 2 0.185067 0.167954 2 0.188817 0.168380 2 0.185578 0.169498 2 0.188180 0.169292 2 0.186122 0.175230 2 0.188705 0.174893 2 0.186217 0.180869 2 0.189162 0.180515 2
0 0.151042 0.124339 0.016369 0.047619 0.154102 0.113807 2 0.154601 0.113002 1 0.153733 0.112597 2 0.154720 0.112823 1 0.152596 0.111953 2 0.154326 0.116132 2 0.150583 0.115851 2 0.155167 0.121119 2 0.150210 0.120941 2 0.154601 0.119605 2 0.153112 0.119627 2 0.153167 0.127662 2 0.150657 0.127994 2 0.154696 0.133955 2 0.151899 0.135449 2 0.155032 0.138897 2 0.153441 0.141227 2
0 0.806920 0.216270 0.017113 0.062169 0.810408 0.238002 1 0.809428 0.236578 1 0.810454 0.236773 1 0.804886 0.237124 2 0.809871 0.238199 2 0.801717 0.245605 2 0.809259 0.246886 2 0.798762 0.256335 2 0.810861 0.257729 2 0.800004 0.259135 1 0.811032 0.257929 1 0.801808 0.258957 1 0.806973 0.259135 1 0.803364 0.252803 1 0.808770 0.253487 1 0.802094 0.257757 1 0.808596 0.257035 1
0 0.436012 0.110450 0.011905 0.048942 0.432061 0.095448 1 0.432097 0.094378 1 0.432310 0.094340 1 0.432077 0.095004 2 0.434371 0.094722 2 0.432016 0.101459 2 0.436048 0.100932 2 0.431859 0.108904 2 0.437282 0.108421 2 0.431871 0.114176 1 0.436733 0.114234 1 0.433325 0.115814 2 0.436114 0.115469 2 0.433755 0.126826 2 0.436186 0.126184 2 0.434845 0.137515 2 0.437147 0.137134 2
0 0.397693 0.096561 0.012649 0.052910 0.397115 0.077560 2 0.397546 0.076606 1 0.396563 0.076654 2 0.398127 0.076905 1 0.395708 0.076949 2 0.398915 0.082064 2 0.394856 0.081977 2 0.400230 0.087183 2 0.393689 0.086394 2 0.400498 0.090639 2 0.394990 0.088201 2 0.398828 0.093223 2 0.396184 0.093425 2 0.398905 0.101737 2 0.396737 0.102154 2 0.399405 0.110788 2 0.396694 0.111042 2
0 0.793527 0.162037 0.014137 0.048942 0.786898 0.138514 2 0.787213 0.137605 1 0.786837 0.137636 1 0.787963 0.137883 2 0.787604 0.137821 1 0.788683 0.142460 2 0.787951 0.142345 2 0.788519 0.149127 2 0.787895 0.148921 2 0.787901 0.153813 2 0.786905 0.154241 2 0.788785 0.155384 2 0.788246 0.155229 2 0.788305 0.164407 2 0.787489 0.164444 2 0.787914 0.172470 2 0.787189 0.172845 2
0 0.737723 0.150132 0.012649 0.048942 0.737398 0.132633 2 0.737829 0.131584 2 0.736878 0.131555 2 0.738177 0.131994 1 0.736110 0.131792 2 0.738293 0.137909 2 0.735680 0.137930 2 0.740664 0.144118 2 0.734742 0.145387 2 0.742448 0.147327 2 0.734782 0.151850 2 0.737117 0.152173 2 0.735720 0.152150 2 0.736709 0.162453 2 0.736269 0.162445 2 0.735070 0.172649 2 0.734448 0.172943 2
0 0.980283 0.264550 0.036458 0.126984 0.979155 0.258603 1 0.978491 0.256480 1 0.979159 0.256221 2 0.974926 0.256010 1 0.976704 0.255770 2 0.974216 0.266538 2 0.969312 0.268560 2 0.974864 0.280794 2 0.968032 0.284736 2 0.980813 0.278114 2 0.977868 0.282209 2 0.969471 0.298423 2 0.965339 0.300331 2 0.971197 0.320355 2 0.964634 0.326913 2 0.968663 0.337576 2 0.958070 0.348311 2
0 0.473958 0.213624 0.017857 0.078042 0.475435 0.182481 2 0.475992 0.180979 2 0.474552 0.180925 2 0.476550 0.182142 1 0.472909 0.181787 2 0.476731 0.191417 2 0.470678 0.190665 2 0.477528 0.201742 2 0.469715 0.202624 2 0.479004 0.202342 2 0.475506 0.203617 2 0.477406 0.213273 2 0.472645 0.213156 2 0.478857 0.231808 2 0.471063 0.230403 2 0.478041 0.248312 2 0.467817 0.244600 2
0 0.742188 0.133598 0.017113 0.052910 0.747939 0.114016 2 0.748368 0.113089 2 0.747372 0.113026 2 0.748737 0.113874 1 0.746220 0.113656 2 0.749510 0.120110 2 0.744137 0.120228 2 0.750300 0.126966 2 0.742720 0.129123 2 0.750398 0.130075 2 0.741776 0.137351 2 0.748409 0.135394 2 0.744845 0.135435 2 0.748154 0.147477 2 0.744877 0.147495 2 0.747540 0.158299 2 0.744545 0.157952 2
0 0.955729 0.174603 0.020089 0.063492 0.953017 0.158056 2 0.952890 0.156486 2 0.953295 0.156375 1 0.954047 0.155241 2 0.956509 0.154966 1 0.955139 0.162076 2 0.958970 0.160753 2 0.953261 0.174709 2 0.957715 0.171684 1 0.951153 0.183633 2 0.953880 0.179678 1 0.954561 0.179899 2 0.957232 0.178654 2 0.951896 0.192280 2 0.953489 0.191731 2 0.952335 0.206929 2 0.953317 0.206047 2
0 0.905134 0.185847 0.020089 0.043651 0.905752 0.173888 2 0.906406 0.172369 2 0.905302 0.172395 2 0.907336 0.172794 2 0.904759 0.172811 1 0.908753 0.179122 2 0.903081 0.178832 2 0.907888 0.188286 2 0.900919 0.187039 2 0.902582 0.192760 2 0.900190 0.192361 2 0.907190 0.192673 2 0.903134 0.192030 2 0.906219 0.189716 2 0.898462 0.189201 2 0.900513 0.197079 2 0.897263 0.196589 2
0 0.940848 0.193122 0.018601 0.034392 0.940687 0.181758 2 0.941396 0.180251 2 0.940432 0.180393 2 0.942984 0.180157 2 0.940584 0.180367 1 0.945125 0.185436 2 0.940042 0.184360 2 0.944983 0.195564 2 0.937304 0.190894 2 0.939313 0.197515 2 0.935304 0.194109 2 0.943855 0.198690 2 0.940508 0.197281 2 0.939156 0.197992 2 0.933441 0.197254 2 0.937092 0.204321 2 0.936889 0.203896 2
0 0.925967 0.189815 0.018601 0.035714 0.927287 0.181112 2 0.927997 0.179425 2 0.926587 0.179386 2 0.928812 0.178923 1 0.925469 0.178851 2 0.929868 0.184690 2 0.924503 0.183698 2 0.929872 0.194793 2 0.921724 0.191322 2 0.925483 0.196604 2 0.921638 0.195879 2 0.928211 0.199340 2 0.924718 0.198562 2 0.926682 0.199739 1 0.920207 0.200223 1 0.925394 0.200989 1 0.923910 0.202349 1
