0 0.584449 0.647156 0.010417 0.040344 0.585703 0.630199 1 0.585779 0.629437 1 0.585878 0.629431 1 0.586176 0.629487 2 0.587809 0.629318 1 0.586226 0.633634 2 0.589231 0.633376 2 0.585480 0.640126 2 0.589449 0.638724 1 0.584241 0.644829 2 0.587895 0.642080 1 0.586394 0.645514 2 0.588664 0.645364 2 0.584928 0.652846 2 0.588182 0.654022 2 0.584235 0.660301 2 0.588211 0.661822 2
0 0.046503 0.791336 0.011905 0.045635 0.049372 0.773980 2 0.050224 0.773329 2 0.049027 0.772403 2 0.050717 0.774483 2 0.048034 0.772283 2 0.048824 0.780472 2 0.046571 0.778989 2 0.048846 0.788441 1 0.046380 0.787328 2 0.050149 0.789183 1 0.049975 0.785264 2 0.048326 0.798513 2 0.046629 0.798168 2 0.047764 0.812289 2 0.046162 0.812386 2 0.046899 0.821400 1 0.043687 0.822555 2
0 0.052827 0.744048 0.009673 0.046296 0.053557 0.728968 1 0.053105 0.727917 1 0.053645 0.727782 1 0.051002 0.728643 2 0.053601 0.728561 2 0.050397 0.735213 2 0.053624 0.735332 2 0.049268 0.741720 2 0.052273 0.742567 2 0.051209 0.741767 2 0.052597 0.742162 1 0.052241 0.746959 2 0.054478 0.747042 2 0.053024 0.755489 2 0.054119 0.754722 2 0.053354 0.762632 2 0.053941 0.763430 2
0 0.155506 0.679563 0.010417 0.036376 0.153756 0.666778 2 0.153971 0.665843 2 0.153655 0.665897 1 0.154889 0.665855 2 0.154953 0.665750 1 0.155654 0.670535 2 0.157270 0.670114 2 0.156419 0.677181 2 0.158440 0.676105 1 0.155171 0.681135 2 0.157708 0.679567 1 0.156184 0.682640 2 0.157461 0.682170 2 0.154393 0.691504 2 0.156668 0.691033 2 0.154614 0.699228 2 0.156911 0.699208 2
0 0.205729 0.717923 0.012649 0.035053 0.205562 0.705974 2 0.205964 0.704836 2 0.204942 0.705009 2 0.206685 0.704813 2 0.204048 0.705334 2 0.207833 0.709415 2 0.203026 0.709761 2 0.209511 0.715064 2 0.200466 0.714145 2 0.208560 0.717476 2 0.201067 0.715853 2 0.206709 0.720906 2 0.203235 0.721073 2 0.208613 0.726992 2 0.200468 0.728464 2 0.209374 0.735910 2 0.200920 0.737378 2
0 0.216890 0.683862 0.006696 0.038360 0.215841 0.667494 2 0.216242 0.666770 2 0.215465 0.666804 2 0.216839 0.666802 2 0.214801 0.666921 2 0.217963 0.670894 2 0.214321 0.671249 2 0.218934 0.676277 2 0.212654 0.674092 2 0.218084 0.681580 2 0.213265 0.671367 2 0.216939 0.681493 2 0.214499 0.681759 2 0.217304 0.689160 2 0.215120 0.690014 2 0.218844 0.694949 2 0.215257 0.697559 2
0 0.241815 0.729828 0.010417 0.036376 0.243798 0.715088 2 0.244372 0.714361 2 0.243408 0.714334 2 0.245351 0.714169 2 0.242920 0.714154 2 0.246152 0.717030 2 0.242302 0.717288 2 0.246582 0.721781 2 0.241527 0.720995 2 0.244840 0.722677 2 0.242720 0.716687 2 0.245737 0.726985 2 0.243101 0.727061 2 0.244178 0.733585 2 0.241841 0.733706 2 0.245445 0.740695 2 0.242941 0.740857 2
0 0.216146 0.735780 0.009673 0.036376 0.216410 0.723870 2 0.216878 0.722988 2 0.215972 0.722911 2 0.217406 0.721923 1 0.215048 0.721712 2 0.217861 0.724484 2 0.213905 0.724491 2 0.219276 0.728938 2 0.212535 0.729322 2 0.219713 0.729584 2 0.211927 0.734028 2 0.217666 0.735508 2 0.214986 0.735780 2 0.218476 0.743036 2 0.214755 0.744037 2 0.218920 0.748534 1 0.214032 0.749640 1
0 0.250186 0.617725 0.007068 0.035714 0.248198 0.603969 1 0.248281 0.603235 1 0.248353 0.603294 1 0.248099 0.603777 2 0.249705 0.603666 2 0.247660 0.608293 2 0.250853 0.607907 2 0.246677 0.613149 2 0.252126 0.612313 2 0.246263 0.616325 2 0.252027 0.615791 2 0.248223 0.617664 2 0.250487 0.617469 2 0.247681 0.625002 2 0.250736 0.624691 2 0.247759 0.632516 2 0.251695 0.632275 2
0 0.302641 0.608466 0.008557 0.031746 0.305924 0.597979 2 0.305460 0.597154 1 0.305766 0.597401 2 0.303682 0.597064 1 0.304832 0.597912 2 0.302252 0.599870 2 0.304187 0.601568 2 0.304088 0.602568 2 0.305736 0.605873 2 0.307286 0.604382 1 0.307952 0.606731 2 0.301901 0.609392 2 0.303219 0.610695 2 0.305928 0.609139 2 0.307129 0.610636 2 0.304531 0.617140 2 0.305576 0.617139 2
0 0.231399 0.600198 0.008929 0.031085 0.232329 0.589225 1 0.232038 0.588750 1 0.232244 0.588651 1 0.230947 0.589545 1 0.231961 0.589410 2 0.230472 0.593227 2 0.232093 0.593145 2 0.233010 0.596155 1 0.235161 0.595716 2 0.235422 0.595909 1 0.236879 0.595861 2 0.231348 0.601472 2 0.232344 0.601946 2 0.235269 0.601231 2 0.236318 0.602352 2 0.234991 0.609142 2 0.235593 0.609992 2
0 0.189360 0.599868 0.008929 0.027778 0.194714 0.595349 2 0.195312 0.593067 2 0.193695 0.592581 2 0.195312 0.594507 1 0.192193 0.593612 2 0.194660 0.605115 1 0.190891 0.603878 2 0.194242 0.614284 1 0.188592 0.613864 1 0.194721 0.611140 1 0.189628 0.612294 1 0.193620 0.619048 1 0.191422 0.618992 1 0.195312 0.613648 1 0.188005 0.613231 1 0.190848 0.612810 1 0.193044 0.610634 1
0 0.362165 0.596892 0.008557 0.025794 0.364579 0.587767 2 0.364207 0.586952 1 0.364470 0.587015 2 0.362497 0.586931 1 0.363382 0.587217 2 0.361539 0.590234 2 0.362333 0.590620 2 0.363357 0.593450 1 0.364565 0.593784 2 0.365211 0.593583 1 0.366043 0.593492 2 0.361438 0.599861 2 0.361966 0.600436 2 0.363819 0.602378 2 0.364667 0.603059 2 0.362629 0.609791 1 0.363841 0.609425 2
0 0.415737 0.629960 0.007812 0.037698 0.417433 0.615253 2 0.417564 0.614448 2 0.416998 0.614573 2 0.417499 0.614777 1 0.416093 0.614975 2 0.417174 0.619126 2 0.415910 0.619458 2 0.417955 0.624549 1 0.415758 0.625628 2 0.418694 0.628636 2 0.417091 0.629748 2 0.417731 0.629832 2 0.416892 0.630131 2 0.417998 0.637459 2 0.417684 0.637665 2 0.416911 0.644128 2 0.415986 0.643861 2
0 0.013393 0.487103 0.006696 0.025794 0.015238 0.471926 1 0.015298 0.471423 1 0.015223 0.471480 1 0.015295 0.471347 1 0.015608 0.471444 1 0.015046 0.472718 2 0.015516 0.472545 2 0.014130 0.472863 2 0.014366 0.472751 2 0.013220 0.477500 2 0.013547 0.477254 2 0.014707 0.480027 2 0.015146 0.479806 2 0.013721 0.488128 2 0.014830 0.487444 2 0.013481 0.496296 2 0.015013 0.495005 2
0 0.445126 0.612103 0.007812 0.025794 0.445833 0.601364 1 0.445655 0.600837 1 0.445707 0.600744 2 0.444735 0.601279 1 0.445077 0.601051 2 0.444720 0.605010 2 0.443909 0.604599 2 0.445961 0.609579 2 0.444512 0.609803 2 0.447764 0.611027 2 0.447230 0.611034 2 0.444724 0.614412 2 0.444097 0.614524 2 0.447739 0.617472 2 0.447393 0.616695 2 0.445659 0.623341 2 0.445559 0.622145 2
0 0.320685 0.457672 0.003720 0.021164 0.321153 0.449661 1 0.321063 0.449254 1 0.321135 0.449234 1 0.320459 0.449375 1 0.321144 0.449316 2 0.320129 0.451713 2 0.321370 0.451375 2 0.319753 0.454601 2 0.321717 0.453929 2 0.319607 0.456689 2 0.321697 0.455190 2 0.320540 0.457680 2 0.321421 0.457485 2 0.320599 0.462177 2 0.321844 0.461369 2 0.320657 0.466445 2 0.322313 0.465520 2
0 0.292597 0.501653 0.007812 0.024471 0.294156 0.493973 2 0.294411 0.493510 2 0.294013 0.493525 1 0.294933 0.493624 2 0.294006 0.493645 1 0.295252 0.496100 2 0.293930 0.496100 2 0.295493 0.499601 2 0.293516 0.499465 2 0.294377 0.503089 2 0.293616 0.502639 1 0.295280 0.503232 2 0.294322 0.503227 2 0.295509 0.508681 2 0.294103 0.508715 2 0.296294 0.514598 2 0.294065 0.514339 2
0 0.544271 0.669312 0.007440 0.038360 0.544626 0.657094 2 0.545057 0.656291 2 0.544228 0.656301 2 0.545772 0.656812 2 0.543708 0.656812 2 0.546551 0.661900 2 0.543027 0.661694 2 0.547306 0.667339 2 0.542401 0.666892 2 0.547285 0.671803 2 0.542349 0.671116 2 0.545972 0.672220 2 0.543561 0.672113 2 0.546215 0.680449 2 0.543480 0.680301 2 0.546543 0.687645 2 0.543458 0.687186 2
0 0.582961 0.634259 0.005952 0.033069 0.583763 0.619438 2 0.583557 0.618865 1 0.583494 0.618938 2 0.582565 0.619470 1 0.582532 0.619869 2 0.582658 0.622259 2 0.581480 0.624354 2 0.584231 0.621678 2 0.582556 0.628841 2 0.584673 0.618043 2 0.584257 0.626669 2 0.582907 0.633069 2 0.582010 0.633944 2 0.583291 0.640657 2 0.582633 0.641293 2 0.581841 0.648071 2 0.581316 0.648350 2
0 0.565662 0.639220 0.006324 0.035053 0.566283 0.623342 1 0.566293 0.622676 1 0.566452 0.622738 1 0.565617 0.623341 2 0.567239 0.623485 2 0.564615 0.627656 2 0.567781 0.627942 2 0.563713 0.632897 2 0.568202 0.632939 2 0.563805 0.636801 2 0.568006 0.636078 2 0.565040 0.637257 2 0.567173 0.637404 2 0.564780 0.644041 2 0.566617 0.644469 2 0.565114 0.651319 2 0.566363 0.651683 2
0 0.568824 0.622024 0.007440 0.036376 0.568916 0.607892 2 0.569341 0.607153 2 0.568709 0.607102 2 0.570305 0.607284 2 0.568647 0.607160 1 0.571273 0.611421 2 0.568166 0.610770 2 0.571822 0.616391 2 0.567244 0.615137 2 0.569834 0.616415 2 0.566895 0.620427 2 0.570486 0.620979 2 0.568360 0.620600 2 0.570190 0.629390 2 0.567928 0.629111 2 0.570388 0.637438 2 0.567689 0.636877 2
0 0.716518 0.478505 0.005952 0.024471 0.717539 0.467263 1 0.717565 0.466899 1 0.717634 0.466897 1 0.717795 0.466982 2 0.718325 0.466884 1 0.717899 0.468685 2 0.718736 0.468424 2 0.717170 0.470996 2 0.718892 0.470422 2 0.715421 0.472441 2 0.718157 0.471757 1 0.718404 0.472548 2 0.718859 0.472432 2 0.718297 0.475167 2 0.718562 0.475207 2 0.717879 0.477998 2 0.718067 0.477739 2
0 0.731585 0.530423 0.007812 0.021164 0.732952 0.525254 1 0.732986 0.524814 1 0.733132 0.524857 1 0.732984 0.525149 2 0.734295 0.525048 2 0.732903 0.527699 2 0.734987 0.527252 2 0.731751 0.530874 2 0.735245 0.530225 2 0.730680 0.531733 2 0.733920 0.531761 1 0.733672 0.534712 2 0.735100 0.534439 2 0.732869 0.540701 2 0.734608 0.540102 2 0.733169 0.544943 2 0.735383 0.544079 1
0 0.452567 0.651455 0.006324 0.035714 0.456845 0.630373 1 0.456731 0.629360 1 0.456425 0.629283 2 0.455650 0.630798 1 0.455210 0.630921 2 0.454797 0.639132 2 0.454161 0.640036 2 0.455108 0.649367 1 0.454675 0.651507 2 0.455807 0.652057 1 0.456288 0.653117 1 0.455422 0.656810 2 0.455033 0.657595 2 0.455378 0.657973 1 0.454853 0.659545 1 0.454489 0.661491 1 0.454123 0.661469 1
0 0.467076 0.631283 0.007068 0.032407 0.468498 0.618213 2 0.468340 0.617679 1 0.468350 0.617736 2 0.467786 0.617645 1 0.467599 0.617818 2 0.467523 0.621187 2 0.466740 0.621696 2 0.468134 0.625823 2 0.467573 0.626949 2 0.469214 0.627499 1 0.469421 0.624105 2 0.467957 0.630009 2 0.466901 0.630321 2 0.469164 0.637357 2 0.466197 0.637098 2 0.470566 0.644681 2 0.463612 0.643339 2
0 0.476190 0.646495 0.010417 0.039021 0.477819 0.632386 2 0.477585 0.631712 1 0.477487 0.631952 2 0.476933 0.631714 1 0.476369 0.632369 2 0.476535 0.635764 2 0.475551 0.636551 2 0.476676 0.640088 1 0.475129 0.642092 2 0.477194 0.644105 1 0.475097 0.647382 2 0.477091 0.646761 2 0.476020 0.647191 2 0.478024 0.653843 2 0.474855 0.654233 2 0.478548 0.660887 2 0.471857 0.659640 2
0 0.490699 0.639220 0.008185 0.031085 0.493274 0.623663 1 0.492961 0.622797 1 0.493170 0.622941 1 0.491162 0.622756 1 0.492620 0.623165 2 0.490576 0.626739 2 0.492254 0.627227 2 0.490275 0.633931 2 0.492556 0.634511 2 0.490812 0.639042 1 0.493616 0.640516 2 0.490688 0.639146 2 0.492186 0.639467 2 0.490447 0.647388 2 0.493921 0.647530 2 0.488412 0.653366 2 0.494085 0.654260 2
0 0.494606 0.574074 0.007068 0.026455 0.495510 0.565027 2 0.495499 0.564282 1 0.495171 0.564344 2 0.494976 0.564277 1 0.494194 0.564389 2 0.494597 0.567438 2 0.493966 0.567779 2 0.496039 0.571277 2 0.494510 0.573216 2 0.497527 0.572491 2 0.496367 0.575303 2 0.494501 0.576197 2 0.494128 0.576558 2 0.497091 0.579519 2 0.497182 0.579336 2 0.495647 0.587008 2 0.495861 0.586779 2
0 0.577567 0.581680 0.007068 0.025794 0.578153 0.574163 1 0.577916 0.573525 1 0.578145 0.573656 1 0.576536 0.573438 2 0.578030 0.573907 2 0.575312 0.576146 2 0.578188 0.577167 2 0.574160 0.579223 2 0.579417 0.581316 2 0.574420 0.582321 1 0.580349 0.582644 2 0.574944 0.584256 2 0.576818 0.584871 2 0.577291 0.583602 2 0.579411 0.583770 2 0.576403 0.588033 1 0.578439 0.588175 2
0 0.535900 0.569114 0.007068 0.025794 0.536774 0.561081 2 0.536477 0.560429 1 0.536705 0.560490 2 0.535096 0.560447 1 0.536082 0.560693 2 0.533892 0.563238 2 0.535637 0.563728 2 0.535613 0.566610 1 0.537545 0.567039 2 0.538237 0.568253 1 0.539585 0.568736 2 0.533980 0.571787 2 0.535150 0.572499 2 0.536998 0.574020 2 0.538687 0.575449 2 0.535636 0.580921 2 0.537053 0.581879 2
0 0.505580 0.563492 0.006696 0.031746 0.506373 0.553737 1 0.506140 0.553181 1 0.506372 0.553155 1 0.504979 0.553146 1 0.505935 0.553174 2 0.504398 0.555565 2 0.505016 0.555878 2 0.505915 0.559106 1 0.505862 0.559862 2 0.507971 0.558295 1 0.507966 0.558612 2 0.504707 0.563335 2 0.505183 0.563878 2 0.506999 0.566549 2 0.508072 0.567275 2 0.506220 0.572325 2 0.507386 0.572853 2
0 0.586310 0.560185 0.007440 0.025132 0.587664 0.551894 2 0.587409 0.551378 1 0.587626 0.551420 2 0.586147 0.551335 1 0.587049 0.551520 2 0.585145 0.553416 2 0.586580 0.553665 2 0.586626 0.555635 2 0.588359 0.555810 2 0.588563 0.555502 1 0.589949 0.555740 2 0.585211 0.560509 2 0.586255 0.560865 2 0.586610 0.563681 2 0.588352 0.564187 2 0.585916 0.569157 2 0.587981 0.569016 2
0 0.669085 0.549934 0.007068 0.024471 0.670305 0.544306 1 0.670019 0.543771 1 0.670346 0.543736 1 0.668667 0.543882 1 0.670123 0.544000 2 0.667955 0.546713 2 0.669221 0.546878 2 0.669158 0.550822 2 0.670147 0.551171 2 0.671317 0.552165 1 0.672444 0.552175 2 0.667712 0.554929 2 0.668530 0.555345 2 0.670833 0.558875 2 0.671295 0.559320 2 0.670984 0.565877 1 0.671088 0.565905 2
0 0.406064 0.594246 0.010789 0.032407 0.407920 0.581157 2 0.407852 0.580519 1 0.407609 0.580503 2 0.407097 0.581008 1 0.406682 0.581094 2 0.406024 0.584634 2 0.406380 0.584983 2 0.408014 0.588177 2 0.408620 0.588565 2 0.410407 0.589506 2 0.410909 0.589185 2 0.405263 0.593837 2 0.405439 0.594465 2 0.409288 0.595044 2 0.409650 0.596396 2 0.408949 0.603810 2 0.409263 0.604937 2
0 0.611793 0.780093 0.013765 0.037698 0.610900 0.768235 1 0.610793 0.767377 1 0.611173 0.767466 1 0.611363 0.766925 2 0.613761 0.766939 2 0.611768 0.770196 2 0.615377 0.770111 2 0.609164 0.774138 2 0.616704 0.776794 2 0.606773 0.777612 2 0.615410 0.782238 2 0.611658 0.783326 2 0.613945 0.782602 2 0.608109 0.790431 2 0.610416 0.788837 2 0.607638 0.798123 2 0.611125 0.794957 2
0 0.646949 0.799603 0.011905 0.054233 0.648308 0.778334 1 0.648281 0.777292 1 0.648503 0.777433 1 0.647115 0.777796 2 0.649796 0.778044 2 0.645336 0.783798 2 0.650946 0.784690 2 0.643685 0.792127 2 0.652178 0.792942 2 0.643021 0.799618 2 0.652660 0.800381 2 0.645507 0.799967 2 0.649299 0.800548 2 0.645020 0.810217 2 0.648934 0.812557 2 0.644880 0.820759 2 0.648063 0.824142 2
0 0.805804 0.906415 0.014881 0.057540 0.808333 0.884361 1 0.808325 0.883087 1 0.808568 0.883470 1 0.806772 0.883604 2 0.809977 0.884472 2 0.804087 0.889637 2 0.810578 0.890848 2 0.801542 0.893385 2 0.813234 0.893723 2 0.803777 0.893389 1 0.811500 0.890898 1 0.803672 0.906020 2 0.807854 0.906657 2 0.803074 0.915923 2 0.806480 0.917575 2 0.801609 0.927516 2 0.805138 0.927248 2
0 0.908296 0.755291 0.010045 0.046296 0.909770 0.738416 2 0.910212 0.737464 2 0.909219 0.737438 2 0.910602 0.737772 1 0.908068 0.737550 2 0.910878 0.742943 2 0.906638 0.742162 2 0.911342 0.749015 2 0.904733 0.747944 2 0.910730 0.751132 2 0.903029 0.754100 2 0.909391 0.754933 2 0.906686 0.754410 2 0.908729 0.764719 2 0.906553 0.764057 2 0.906980 0.773294 2 0.905313 0.772488 2
0 0.914993 0.755622 0.008557 0.045635 0.915929 0.738096 2 0.916063 0.737225 1 0.915529 0.737156 2 0.915676 0.737132 1 0.914112 0.736918 2 0.915612 0.741094 2 0.912364 0.740840 2 0.916365 0.746784 2 0.911109 0.746942 2 0.916204 0.749617 2 0.911851 0.751233 2 0.914736 0.753224 2 0.912648 0.753217 2 0.914234 0.763223 2 0.912016 0.763204 2 0.912937 0.772763 2 0.911255 0.772391 2
0 0.894159 0.726190 0.008557 0.048942 0.895901 0.712716 2 0.896482 0.711719 2 0.895238 0.711639 2 0.896774 0.711568 1 0.893509 0.711349 2 0.896696 0.714729 2 0.892228 0.715571 2 0.897383 0.720094 2 0.889430 0.721515 2 0.898172 0.722760 2 0.891319 0.718775 2 0.895113 0.725468 2 0.892510 0.726021 2 0.893710 0.735710 2 0.893096 0.736567 2 0.893910 0.744599 2 0.893610 0.747834 2
0 0.885417 0.729497 0.008929 0.041005 0.886126 0.714101 2 0.886530 0.713266 2 0.885575 0.713268 2 0.886877 0.713520 1 0.884271 0.713305 2 0.887573 0.717914 2 0.882779 0.717032 2 0.889312 0.721638 2 0.881236 0.720858 2 0.889385 0.721749 2 0.880224 0.726927 2 0.886111 0.730524 2 0.883052 0.729927 2 0.885875 0.739899 2 0.883270 0.738588 2 0.883821 0.747836 2 0.881349 0.746419 2
0 0.711124 0.639881 0.007068 0.045635 0.711990 0.625120 2 0.712268 0.624382 2 0.712216 0.624373 1 0.713136 0.625111 2 0.713359 0.625018 1 0.713483 0.629805 2 0.713396 0.629464 2 0.712891 0.635771 2 0.712513 0.635040 1 0.711428 0.638526 2 0.711121 0.637781 1 0.712793 0.639953 2 0.712751 0.639667 2 0.712700 0.648293 2 0.712442 0.648110 2 0.712590 0.656852 2 0.712500 0.656298 2
0 0.832217 0.654762 0.007440 0.037037 0.831740 0.642991 1 0.831854 0.642244 1 0.831963 0.642252 1 0.832524 0.642299 2 0.833428 0.642220 1 0.832806 0.645935 2 0.834210 0.645804 2 0.832301 0.651448 2 0.833895 0.651274 1 0.831410 0.656039 2 0.832576 0.655222 1 0.832520 0.655805 2 0.833503 0.655605 2 0.832128 0.662993 2 0.832706 0.663046 2 0.832464 0.671056 2 0.832877 0.671015 2
0 0.818638 0.658730 0.008557 0.039683 0.818081 0.643840 1 0.818141 0.643007 1 0.818309 0.643160 1 0.817549 0.643467 2 0.819648 0.643689 2 0.816037 0.647998 2 0.820586 0.648280 2 0.815344 0.654490 2 0.821489 0.654634 2 0.815465 0.660277 2 0.820926 0.660701 2 0.816321 0.661044 2 0.819475 0.661241 2 0.816328 0.670044 2 0.819324 0.670630 2 0.816386 0.676648 1 0.818782 0.676253 1
0 0.821801 0.650463 0.006696 0.036376 0.818337 0.643743 1 0.818313 0.642897 1 0.818547 0.643021 1 0.817845 0.643221 1 0.819705 0.643494 2 0.817336 0.647682 1 0.820189 0.648277 2 0.817942 0.654092 1 0.821195 0.654757 2 0.818409 0.659418 1 0.820662 0.660203 2 0.817336 0.661031 2 0.818971 0.661245 2 0.817336 0.669071 1 0.818497 0.669936 2 0.817336 0.673516 1 0.818281 0.674203 1
0 0.595052 0.713955 0.006324 0.035053 0.593205 0.701569 2 0.593106 0.700690 2 0.593091 0.700804 1 0.593686 0.699399 2 0.594098 0.699729 1 0.595734 0.701873 2 0.595503 0.702124 2 0.596207 0.708207 2 0.595518 0.708499 2 0.593839 0.711815 2 0.593674 0.712324 2 0.596525 0.714581 2 0.596418 0.714406 2 0.596520 0.724706 2 0.596346 0.724400 2 0.596220 0.734082 2 0.596464 0.734106 2
0 0.801339 0.605159 0.007440 0.034392 0.800785 0.591271 1 0.800740 0.590598 1 0.800929 0.590590 1 0.800296 0.590715 2 0.802175 0.590671 2 0.799620 0.594209 2 0.803073 0.594305 2 0.798685 0.599033 2 0.803973 0.599345 2 0.798358 0.603471 2 0.803963 0.603169 2 0.800163 0.603837 2 0.802600 0.603859 2 0.799832 0.610910 2 0.802763 0.611312 2 0.799485 0.618297 2 0.802811 0.618622 2
0 0.808966 0.602513 0.005580 0.038360 0.809457 0.590064 1 0.809404 0.589233 1 0.809734 0.589240 1 0.809041 0.589418 2 0.811171 0.589462 1 0.808368 0.593453 2 0.811742 0.593553 2 0.807524 0.598565 2 0.811877 0.598872 2 0.808488 0.602261 2 0.810681 0.602415 2 0.807916 0.603106 2 0.810182 0.602945 2 0.808125 0.610492 2 0.809832 0.610516 2 0.808399 0.618074 2 0.810047 0.618138 2
0 0.845052 0.584656 0.007068 0.035714 0.847311 0.569706 1 0.847141 0.568993 1 0.847327 0.569117 1 0.845796 0.569101 2 0.847624 0.569432 2 0.844523 0.572728 2 0.847960 0.572895 2 0.843438 0.577283 2 0.848977 0.577073 2 0.843276 0.581801 2 0.848769 0.581098 2 0.844410 0.582680 2 0.846793 0.582768 2 0.844033 0.589959 2 0.846779 0.590028 2 0.842955 0.596953 2 0.845956 0.596259 2
0 0.830543 0.576389 0.005580 0.035053 0.830271 0.563498 2 0.830410 0.562792 2 0.830482 0.562745 1 0.831263 0.562989 2 0.832152 0.562889 1 0.831165 0.566594 2 0.833159 0.566335 2 0.829579 0.569877 2 0.832901 0.570238 1 0.829410 0.566600 2 0.831755 0.569507 1 0.830708 0.575767 2 0.832034 0.575384 2 0.830386 0.582300 2 0.831648 0.582054 2 0.830315 0.589429 2 0.831868 0.588994 2
0 0.837240 0.574074 0.008557 0.029101 0.836490 0.562969 1 0.836554 0.562317 1 0.836751 0.562362 1 0.836636 0.562599 2 0.838268 0.562565 1 0.836128 0.566156 2 0.838971 0.565996 2 0.835367 0.570290 2 0.839466 0.569906 2 0.835541 0.572776 2 0.838658 0.571518 1 0.836500 0.574843 2 0.838446 0.574706 2 0.836296 0.581378 2 0.838111 0.581332 2 0.836248 0.588408 2 0.838055 0.587725 2
0 0.848772 0.567130 0.008557 0.029762 0.847126 0.569532 1 0.847024 0.568836 1 0.847295 0.568995 1 0.845833 0.569026 2 0.847841 0.569429 2 0.844361 0.572602 2 0.848031 0.573067 2 0.843159 0.577050 2 0.849010 0.576613 2 0.843365 0.580402 1 0.849231 0.577413 2 0.844287 0.582142 2 0.846737 0.582471 2 0.844171 0.587220 1 0.846896 0.587742 1 0.844123 0.587942 1 0.846591 0.587906 1
0 0.853423 0.567460 0.005208 0.031746 0.853992 0.553832 1 0.854014 0.553143 1 0.854229 0.553135 1 0.854173 0.553765 2 0.855723 0.553623 1 0.854104 0.558220 2 0.856168 0.557693 2 0.853142 0.562336 2 0.855787 0.561667 1 0.852153 0.558631 2 0.854009 0.559480 1 0.854323 0.567603 2 0.855723 0.567228 2 0.854174 0.574302 2 0.855345 0.574148 2 0.854152 0.580886 2 0.855411 0.580213 2
0 0.827939 0.542328 0.005580 0.025132 0.824687 0.541427 2 0.824862 0.540860 2 0.824623 0.540952 1 0.825524 0.540864 2 0.825147 0.541087 1 0.826427 0.543661 2 0.825494 0.543945 2 0.827672 0.547342 2 0.825376 0.547836 1 0.827339 0.550260 2 0.824720 0.551002 1 0.826013 0.552308 2 0.825486 0.552261 2 0.825782 0.557648 2 0.825587 0.557628 1 0.826093 0.559339 1 0.825947 0.559173 1
