0 0.664807 0.912698 0.040923 0.169312 0.670173 0.859356 2 0.672250 0.855375 2 0.667420 0.854173 2 0.672060 0.857165 1 0.662030 0.854322 2 0.663878 0.875172 2 0.664107 0.877238 2 0.671670 0.896336 2 0.675333 0.903461 2 0.679785 0.894829 2 0.683924 0.900060 2 0.665514 0.933840 2 0.665671 0.937106 2 0.671446 0.968913 2 0.671331 0.978929 2 0.667332 0.988922 1 0.665905 0.999960 2
0 0.707589 0.849868 0.046131 0.202381 0.706990 0.774140 2 0.709474 0.770351 2 0.704922 0.770224 2 0.713575 0.772399 2 0.702354 0.772005 2 0.717955 0.794721 2 0.697076 0.792080 2 0.721494 0.823496 2 0.690862 0.818539 2 0.722896 0.851657 2 0.690163 0.847938 2 0.711962 0.853287 2 0.698011 0.851497 2 0.710583 0.894472 2 0.691247 0.891222 2 0.705312 0.934180 2 0.689735 0.927723 2
0 0.645461 0.818783 0.069196 0.126984 0.670602 0.859925 2 0.672570 0.855578 2 0.667754 0.855131 2 0.672910 0.855012 1 0.662088 0.854386 2 0.663000 0.872410 2 0.663508 0.879064 2 0.671294 0.890554 2 0.675593 0.903576 2 0.680289 0.895710 2 0.685608 0.900373 2 0.662584 0.904239 1 0.662998 0.907407 1 0.683083 0.882638 1 0.685808 0.899869 1 0.680366 0.896633 1 0.678570 0.907407 1
0 0.353795 0.511243 0.020089 0.070106 0.356152 0.492205 2 0.355973 0.490649 1 0.355746 0.490310 2 0.353802 0.490710 1 0.353210 0.490142 2 0.352040 0.498101 2 0.350581 0.498454 2 0.353633 0.505512 1 0.352176 0.507358 2 0.356436 0.504878 2 0.356221 0.505699 2 0.352429 0.518385 2 0.351325 0.519082 2 0.352819 0.531971 2 0.351517 0.532807 2 0.352812 0.544465 2 0.351500 0.544919 2
0 0.588914 0.631614 0.031994 0.125661 0.585772 0.583623 2 0.586946 0.581463 2 0.584492 0.581356 2 0.588567 0.582098 2 0.581991 0.582090 2 0.588617 0.591929 2 0.579667 0.595423 2 0.594639 0.601520 2 0.580768 0.608573 2 0.601338 0.609346 2 0.588131 0.619700 2 0.587744 0.626134 2 0.580720 0.629296 2 0.593882 0.649198 2 0.580091 0.659374 2 0.595378 0.669459 2 0.574573 0.682743 2
0 0.578497 0.634259 0.030506 0.104497 0.576920 0.597456 2 0.577078 0.595148 1 0.576534 0.594893 2 0.575104 0.594378 1 0.573818 0.593456 2 0.577255 0.601679 2 0.568598 0.603530 2 0.579650 0.614724 1 0.568121 0.620319 2 0.575814 0.615425 1 0.574676 0.619047 2 0.577159 0.631827 2 0.571749 0.632937 2 0.576884 0.656184 2 0.576746 0.657265 2 0.567951 0.675184 2 0.575241 0.682220 2
0 0.500000 0.562169 0.022321 0.100529 0.512126 0.495069 1 0.511385 0.493516 1 0.512083 0.493478 1 0.507756 0.494519 2 0.512152 0.494939 2 0.505757 0.504283 2 0.513279 0.505314 2 0.504618 0.516616 2 0.514664 0.518053 2 0.504776 0.526603 2 0.514670 0.527187 2 0.506960 0.527210 2 0.512125 0.527752 2 0.507822 0.545284 2 0.511940 0.546291 2 0.508195 0.562789 2 0.511099 0.564569 2
0 0.533110 0.602513 0.030506 0.112434 0.533660 0.556970 1 0.533067 0.554994 1 0.533651 0.555078 1 0.528640 0.556736 2 0.534481 0.557027 2 0.524773 0.569826 2 0.536591 0.569800 2 0.522249 0.585655 2 0.539402 0.587740 2 0.525977 0.592818 2 0.540383 0.601528 2 0.527031 0.601834 2 0.534953 0.602024 2 0.528398 0.626273 2 0.535602 0.624706 2 0.528688 0.650093 2 0.534445 0.647862 2
0 0.532738 0.554233 0.023810 0.095238 0.534631 0.557326 1 0.533658 0.555486 1 0.534553 0.555382 1 0.528728 0.556871 2 0.534616 0.557210 2 0.525113 0.570314 2 0.536622 0.570560 2 0.522545 0.585719 2 0.539714 0.587357 2 0.526200 0.592861 2 0.539900 0.602619 2 0.527223 0.603374 2 0.534912 0.603587 2 0.528370 0.619957 1 0.535916 0.619957 1 0.529044 0.618215 1 0.534465 0.618682 1
0 0.557292 0.545635 0.013393 0.078042 0.560325 0.519631 1 0.560152 0.518204 1 0.560572 0.518258 1 0.558465 0.518880 2 0.562044 0.518945 2 0.557193 0.527063 2 0.562908 0.526829 2 0.555947 0.537356 2 0.564365 0.536486 2 0.555693 0.548376 2 0.565006 0.544796 2 0.558317 0.547363 2 0.562227 0.547242 2 0.558768 0.562941 2 0.562495 0.562396 2 0.559048 0.577359 2 0.562657 0.576524 2
0 0.486235 0.560185 0.020089 0.099206 0.500000 0.530576 1 0.500000 0.528489 1 0.500000 0.528401 1 0.498699 0.528721 1 0.500000 0.528731 1 0.495970 0.539206 2 0.498739 0.539675 1 0.493476 0.552086 2 0.496757 0.552602 1 0.494412 0.562048 2 0.496046 0.560138 1 0.497807 0.562507 2 0.499737 0.563367 2 0.498511 0.582638 2 0.499888 0.584680 2 0.498268 0.603898 2 0.499269 0.603449 2
0 0.510417 0.525794 0.016369 0.085979 0.511127 0.495896 1 0.510743 0.494221 1 0.511203 0.494359 1 0.507928 0.494918 2 0.512029 0.495439 2 0.505682 0.504244 2 0.513102 0.505378 2 0.504415 0.516616 2 0.514449 0.518292 2 0.504864 0.527060 2 0.515042 0.528053 2 0.506819 0.527407 2 0.511939 0.528142 2 0.507562 0.545741 2 0.512001 0.546633 2 0.508160 0.563523 2 0.511588 0.564079 2
0 0.492560 0.519841 0.017857 0.082011 0.501416 0.524961 1 0.501061 0.523248 1 0.501959 0.523285 1 0.498431 0.524802 2 0.503314 0.524972 1 0.495566 0.536256 2 0.503570 0.536068 2 0.493274 0.549793 2 0.504013 0.547901 1 0.493557 0.560603 2 0.503922 0.555254 1 0.497854 0.559422 2 0.503115 0.559710 2 0.498976 0.575868 2 0.503069 0.576720 1 0.499630 0.576720 1 0.501792 0.576720 1
0 0.434896 0.434524 0.017113 0.054233 0.433993 0.415230 2 0.434336 0.414217 2 0.433823 0.414238 1 0.435371 0.413769 2 0.434580 0.414004 1 0.436357 0.418090 2 0.434488 0.418820 2 0.438214 0.424816 2 0.432389 0.425622 2 0.438783 0.432842 2 0.429962 0.430231 2 0.436125 0.432375 2 0.435487 0.432731 2 0.434537 0.442944 2 0.435695 0.444363 2 0.435888 0.453777 2 0.438834 0.454090 2
