0 0.077381 0.505952 0.035714 0.128307 0.076741 0.457831 2 0.078279 0.453657 2 0.074927 0.455059 2 0.081416 0.452637 2 0.073606 0.456082 2 0.085293 0.465968 2 0.072317 0.467127 2 0.093303 0.477183 2 0.067998 0.473415 2 0.088566 0.488971 2 0.070828 0.471452 2 0.084777 0.500929 2 0.077119 0.501334 2 0.086903 0.526468 2 0.076142 0.524376 2 0.086136 0.548485 2 0.085958 0.536490 2
0 0.045759 0.570106 0.039435 0.121693 0.036112 0.526128 2 0.037773 0.523330 2 0.034565 0.523663 2 0.041275 0.523909 2 0.033523 0.525029 1 0.044658 0.535087 2 0.033864 0.537531 2 0.052634 0.535605 2 0.034620 0.549087 2 0.059141 0.534207 2 0.033000 0.562551 2 0.048125 0.567810 2 0.041941 0.568730 2 0.048473 0.590224 2 0.046295 0.587951 2 0.050440 0.612029 2 0.052942 0.605622 2
0 0.900298 0.254630 0.025298 0.091270 0.908115 0.223278 1 0.907354 0.221117 1 0.907961 0.221822 1 0.902858 0.220676 2 0.907361 0.223242 2 0.898253 0.228891 2 0.906003 0.234158 2 0.894344 0.235357 2 0.904076 0.247626 2 0.898337 0.241732 2 0.904579 0.251084 2 0.896292 0.256985 2 0.901370 0.259466 2 0.898310 0.275640 2 0.901560 0.278662 2 0.895034 0.292632 2 0.896032 0.293472 2
0 0.299107 0.133598 0.016369 0.055556 0.302248 0.115858 2 0.302706 0.114686 2 0.301682 0.114837 2 0.303020 0.114933 1 0.300666 0.115220 2 0.304003 0.120830 2 0.299160 0.121688 2 0.305226 0.126822 2 0.298171 0.130255 2 0.302791 0.129830 2 0.299386 0.136185 2 0.303250 0.135341 2 0.300542 0.135628 2 0.302456 0.145991 2 0.303067 0.145541 2 0.301833 0.156725 2 0.305442 0.155704 2
0 0.156250 0.101190 0.016369 0.048942 0.158362 0.122400 1 0.158388 0.121514 1 0.158937 0.121681 1 0.158149 0.121909 2 0.161275 0.121999 2 0.157078 0.127380 2 0.162149 0.127640 2 0.156286 0.133044 1 0.163767 0.133176 2 0.156516 0.133420 1 0.162979 0.133011 1 0.157955 0.134425 1 0.161413 0.134425 1 0.157655 0.130038 1 0.161723 0.130834 1 0.157535 0.133119 1 0.161012 0.133328 1
0 0.205729 0.080026 0.015625 0.043651 0.206564 0.066320 2 0.206195 0.065541 1 0.206438 0.065509 2 0.204622 0.065734 1 0.205373 0.065867 2 0.203962 0.070780 2 0.204264 0.071072 2 0.204017 0.077783 2 0.203782 0.078106 2 0.205462 0.080838 2 0.204131 0.083376 2 0.204762 0.083293 2 0.204644 0.083763 2 0.206835 0.090999 2 0.204958 0.092034 2 0.209338 0.100467 2 0.205103 0.101730 2
0 0.976935 0.304233 0.031250 0.124339 0.987892 0.257947 2 0.988283 0.256131 2 0.986671 0.255977 2 0.987762 0.257445 1 0.983305 0.257311 2 0.987517 0.270608 2 0.978479 0.269286 2 0.988923 0.284933 2 0.974294 0.285958 2 0.988622 0.292906 2 0.977165 0.298468 2 0.982636 0.298320 2 0.975729 0.296882 2 0.980654 0.321934 2 0.969841 0.319044 2 0.979995 0.346428 2 0.964432 0.340285 2
0 0.851935 0.236111 0.023810 0.056878 0.839783 0.228450 2 0.840429 0.226836 2 0.838933 0.226448 2 0.840589 0.226846 1 0.836762 0.226162 2 0.839464 0.234371 2 0.835565 0.235402 2 0.842575 0.247486 2 0.840178 0.250275 2 0.843849 0.249521 2 0.842756 0.248304 2 0.841276 0.253389 2 0.838490 0.255476 2 0.851805 0.252359 2 0.849789 0.255282 2 0.853897 0.257906 2 0.855180 0.259426 2
0 0.546503 0.019841 0.014137 0.034392 0.547193 0.011766 1 0.547420 0.011166 1 0.546873 0.011026 1 0.547483 0.011613 1 0.546083 0.011327 1 0.547476 0.015115 2 0.545145 0.014615 2 0.548352 0.017508 2 0.543656 0.016736 2 0.549172 0.018002 2 0.544747 0.018681 2 0.546318 0.021507 2 0.544788 0.021415 2 0.546532 0.027939 2 0.544690 0.028265 2 0.546541 0.034651 2 0.543940 0.035383 2
0 0.556176 0.357143 0.024554 0.121693 0.562756 0.376707 1 0.563221 0.374272 1 0.564097 0.374894 1 0.561978 0.377242 2 0.569314 0.377999 2 0.556873 0.394255 2 0.571428 0.395869 2 0.553250 0.414607 2 0.572564 0.418538 1 0.552453 0.421974 2 0.571429 0.431405 1 0.557631 0.434594 2 0.567813 0.435376 2 0.554875 0.436735 1 0.567780 0.438682 1 0.555802 0.438685 1 0.566693 0.438277 1
0 0.831101 0.242063 0.019345 0.050265 0.839600 0.229124 2 0.840325 0.227954 2 0.839056 0.227280 2 0.840518 0.227314 1 0.836873 0.225909 2 0.837471 0.232190 2 0.833182 0.231506 2 0.839663 0.242857 2 0.832317 0.245174 2 0.842413 0.249416 2 0.837207 0.252026 2 0.830892 0.245701 2 0.827545 0.245973 2 0.839133 0.238937 2 0.831296 0.239508 2 0.838457 0.253401 2 0.827781 0.252949 2
0 0.630580 0.164683 0.017113 0.067460 0.631461 0.142631 1 0.631520 0.141438 1 0.631855 0.141521 1 0.630905 0.142237 2 0.633841 0.142306 2 0.630261 0.149166 2 0.634846 0.149436 2 0.629282 0.158434 2 0.635475 0.159124 2 0.628129 0.166411 2 0.634796 0.166542 1 0.630865 0.166517 2 0.633855 0.166530 2 0.630308 0.180195 2 0.632394 0.180509 2 0.632409 0.194512 2 0.633246 0.194913 2
0 0.566592 0.446429 0.039435 0.152116 0.563855 0.378481 1 0.564110 0.375460 1 0.564897 0.376186 1 0.561765 0.377893 2 0.569623 0.379019 2 0.556986 0.395813 2 0.571777 0.398251 2 0.552751 0.417699 2 0.574272 0.420382 2 0.555305 0.421907 2 0.572406 0.431096 2 0.556364 0.441045 2 0.566153 0.442420 2 0.554240 0.472518 2 0.562847 0.477317 2 0.554482 0.504192 2 0.560927 0.509774 2
0 0.466890 0.416005 0.029018 0.130952 0.465841 0.362087 1 0.465146 0.359625 1 0.465929 0.360105 1 0.460245 0.361576 1 0.467038 0.363371 2 0.456473 0.376351 2 0.466088 0.380002 2 0.455823 0.389696 2 0.467239 0.402736 2 0.458894 0.402175 1 0.470472 0.418438 2 0.456568 0.414415 2 0.463806 0.415669 2 0.457123 0.441473 2 0.467367 0.439947 2 0.456537 0.466971 2 0.469331 0.461633 2
0 0.411086 0.366402 0.027530 0.126984 0.416424 0.309487 1 0.415511 0.306849 1 0.415804 0.307140 1 0.408745 0.309587 2 0.414811 0.310114 2 0.404865 0.325434 2 0.417734 0.326088 2 0.403194 0.343954 2 0.424544 0.338612 2 0.407515 0.351105 2 0.421274 0.330502 2 0.407631 0.362533 2 0.417151 0.363496 2 0.405290 0.390087 2 0.419038 0.391289 2 0.401151 0.414506 2 0.421728 0.417935 2
0 0.254836 0.435185 0.030506 0.148148 0.256850 0.381051 1 0.255624 0.379264 1 0.256736 0.378292 1 0.249746 0.383103 2 0.256739 0.381212 2 0.247698 0.400329 2 0.261371 0.398248 2 0.246758 0.422359 2 0.265750 0.416977 2 0.246350 0.437173 2 0.271077 0.432389 2 0.254061 0.438209 2 0.263163 0.437880 2 0.257312 0.465539 2 0.264855 0.466190 2 0.259795 0.487631 2 0.263949 0.496902 2
0 0.376860 0.386905 0.023065 0.138889 0.379148 0.337085 1 0.377873 0.335203 1 0.378776 0.335081 1 0.372139 0.337552 1 0.378101 0.337886 2 0.367727 0.351454 2 0.380441 0.351325 2 0.367827 0.364998 2 0.385758 0.366063 2 0.374943 0.363891 1 0.389833 0.366833 2 0.371749 0.381726 2 0.379672 0.381956 2 0.375435 0.411798 2 0.378350 0.410226 2 0.379753 0.436818 2 0.376302 0.432851 2
0 0.486235 0.492063 0.036458 0.164021 0.483550 0.429624 1 0.483987 0.426996 1 0.485123 0.427235 1 0.483480 0.429534 2 0.490700 0.429125 2 0.481886 0.449359 2 0.493998 0.448283 2 0.476387 0.471074 2 0.494734 0.472482 2 0.467108 0.484834 2 0.495722 0.490910 2 0.485608 0.495133 2 0.491529 0.493502 2 0.482192 0.526752 2 0.479652 0.521606 2 0.496725 0.556453 2 0.478939 0.551584 2
0 0.434896 0.358466 0.031994 0.124339 0.440695 0.309748 1 0.439757 0.307209 1 0.440426 0.307369 1 0.433747 0.308425 1 0.439222 0.309698 2 0.429439 0.321667 2 0.437884 0.324237 2 0.426217 0.338256 2 0.438247 0.344238 2 0.429632 0.344850 1 0.443340 0.352963 2 0.426166 0.355107 2 0.432177 0.356554 2 0.430606 0.379368 2 0.438525 0.380510 2 0.427588 0.404633 2 0.436672 0.408238 2
0 0.245908 0.310847 0.026042 0.116402 0.243409 0.268661 2 0.244572 0.266599 2 0.242260 0.266573 2 0.246527 0.267772 2 0.240719 0.267753 2 0.249557 0.279774 2 0.240171 0.279526 2 0.254033 0.294366 2 0.239137 0.292006 2 0.246849 0.296163 2 0.240133 0.294161 2 0.249581 0.310896 2 0.242818 0.310423 2 0.250897 0.332809 2 0.240315 0.332793 2 0.251991 0.354742 2 0.238997 0.355071 2
0 0.523438 0.188492 0.023065 0.083333 0.525823 0.158103 1 0.526058 0.156556 1 0.526327 0.157160 1 0.525738 0.157821 2 0.529038 0.158919 2 0.524386 0.166105 2 0.529929 0.168125 2 0.521557 0.175923 2 0.526111 0.178184 2 0.517024 0.183049 2 0.519437 0.181295 2 0.522892 0.188689 2 0.527036 0.189312 2 0.518888 0.204091 2 0.524626 0.206552 2 0.518936 0.222243 2 0.524650 0.224587 2
0 0.958705 0.227513 0.030506 0.092593 0.959807 0.190702 2 0.960862 0.189140 2 0.960128 0.189173 1 0.964145 0.190278 2 0.961702 0.190147 1 0.964475 0.201277 2 0.962852 0.199845 2 0.963085 0.216511 2 0.960848 0.214567 1 0.958011 0.228074 2 0.956636 0.225608 1 0.961755 0.230577 2 0.959646 0.228838 2 0.961459 0.249971 2 0.954038 0.245707 2 0.964077 0.268069 2 0.948644 0.261565 2
0 0.493676 0.255952 0.020089 0.109788 0.488420 0.209743 2 0.489305 0.207586 2 0.487681 0.207733 2 0.491909 0.207576 2 0.487892 0.208070 1 0.494789 0.218537 2 0.488410 0.217744 2 0.496491 0.235006 2 0.486800 0.230691 2 0.494972 0.247263 2 0.482343 0.240117 2 0.492682 0.244665 2 0.488988 0.243829 2 0.491132 0.266246 2 0.489418 0.266043 2 0.489533 0.288217 2 0.490083 0.287569 2
0 0.745536 0.241402 0.023810 0.078042 0.748114 0.216376 2 0.748430 0.214533 2 0.747376 0.214337 2 0.747914 0.214554 1 0.744926 0.213785 2 0.747715 0.223717 2 0.741148 0.221838 2 0.747696 0.237239 2 0.739190 0.234920 2 0.749624 0.243247 2 0.744367 0.242515 2 0.745256 0.243502 2 0.740610 0.243613 2 0.754130 0.250950 2 0.747824 0.249639 2 0.751290 0.271499 2 0.747411 0.270449 2
0 0.767857 0.240741 0.026786 0.082011 0.763592 0.215737 2 0.764187 0.213930 2 0.762737 0.213806 2 0.764143 0.213596 1 0.760582 0.213450 2 0.763749 0.219000 2 0.758228 0.222390 2 0.766963 0.231443 2 0.762708 0.235097 2 0.770130 0.239602 2 0.768351 0.244281 2 0.764394 0.238797 2 0.760504 0.242576 2 0.772457 0.240749 2 0.767987 0.252480 2 0.769505 0.252619 2 0.769216 0.268628 2
0 0.893229 0.740741 0.057292 0.208995 0.898568 0.666963 2 0.901720 0.663129 2 0.896382 0.662060 2 0.905452 0.666162 2 0.892667 0.663304 2 0.903978 0.691651 2 0.886936 0.683274 2 0.893184 0.718885 2 0.878627 0.703889 2 0.878453 0.721455 2 0.875256 0.721258 2 0.893608 0.743379 2 0.881688 0.739071 2 0.891456 0.781954 2 0.880976 0.775306 2 0.886823 0.817449 2 0.879113 0.808111 2
0 0.520089 0.297619 0.023810 0.068783 0.521273 0.279846 2 0.522318 0.278235 2 0.520453 0.277880 2 0.523392 0.275505 1 0.518834 0.274774 2 0.524496 0.274652 2 0.514657 0.274751 2 0.528645 0.285516 2 0.511171 0.287223 2 0.524527 0.287934 2 0.517901 0.289897 2 0.522061 0.290744 2 0.515436 0.291379 2 0.527735 0.292085 2 0.512382 0.293805 2 0.526009 0.313708 2 0.516753 0.314368 2
0 0.460565 0.146825 0.013393 0.066138 0.460522 0.125626 2 0.461009 0.124439 2 0.459959 0.124431 2 0.461512 0.124354 1 0.458746 0.124263 2 0.462337 0.129858 2 0.457281 0.130014 2 0.463578 0.137075 2 0.456075 0.136817 2 0.462252 0.142010 2 0.457813 0.140187 2 0.461550 0.143966 2 0.458087 0.144150 2 0.461800 0.155669 2 0.457856 0.156356 2 0.462095 0.166652 2 0.457350 0.167994 2
0 0.166295 0.302249 0.015625 0.056878 0.166917 0.284774 2 0.167771 0.283394 2 0.166384 0.283461 2 0.169725 0.283593 2 0.166014 0.283761 1 0.171215 0.290498 2 0.166180 0.290777 2 0.173693 0.297825 2 0.165828 0.298272 2 0.173575 0.302944 2 0.165861 0.305034 2 0.171558 0.304911 2 0.168098 0.305098 2 0.173265 0.313966 2 0.168986 0.313999 2 0.175041 0.323994 2 0.168912 0.324190 2
0 0.094122 0.302249 0.034970 0.051587 0.099437 0.286826 2 0.099442 0.285333 2 0.098322 0.285661 2 0.099316 0.285437 1 0.095094 0.286768 2 0.100789 0.292073 2 0.092147 0.295204 2 0.106793 0.299436 2 0.088635 0.306342 2 0.103805 0.300843 2 0.086742 0.315736 2 0.100381 0.311896 2 0.093946 0.313469 2 0.103860 0.300993 2 0.088792 0.304649 2 0.109041 0.318079 2 0.087817 0.319044 2
0 0.584821 0.136243 0.016369 0.060847 0.586208 0.106101 2 0.586886 0.105147 2 0.585648 0.104821 2 0.587649 0.106077 2 0.584610 0.105295 2 0.587821 0.112634 2 0.582891 0.111835 2 0.588125 0.120041 2 0.581534 0.119444 2 0.588687 0.123526 2 0.580801 0.126640 2 0.586802 0.129053 2 0.583132 0.128834 2 0.588171 0.141269 2 0.581699 0.141529 2 0.588624 0.153947 2 0.580797 0.154360 2
0 0.159226 0.138228 0.016369 0.046296 0.158532 0.122824 1 0.158559 0.121835 1 0.158968 0.121876 1 0.158136 0.122327 2 0.161153 0.122267 2 0.156979 0.128124 2 0.162275 0.128145 2 0.156090 0.134880 2 0.164076 0.134620 2 0.155659 0.141557 2 0.164988 0.139568 2 0.157998 0.142040 2 0.161701 0.142119 2 0.158310 0.149378 2 0.163001 0.149810 2 0.159179 0.157624 2 0.163954 0.157594 2
0 0.384301 0.110450 0.014137 0.051587 0.386354 0.089716 1 0.386277 0.088797 1 0.386451 0.088938 1 0.385044 0.088503 1 0.387187 0.088819 2 0.383128 0.092373 2 0.387806 0.092574 2 0.381554 0.098310 2 0.388302 0.098721 2 0.382074 0.102575 1 0.388539 0.103172 2 0.383146 0.104691 2 0.386431 0.104840 2 0.382789 0.113803 2 0.386978 0.113542 2 0.382717 0.123981 2 0.386523 0.122559 2
0 0.357887 0.089947 0.010417 0.050265 0.361751 0.071371 2 0.361830 0.070486 1 0.361312 0.070497 2 0.361583 0.070689 1 0.359998 0.070737 2 0.362029 0.075549 2 0.358450 0.076090 2 0.362443 0.081745 2 0.357944 0.083348 2 0.362483 0.086733 2 0.359449 0.089021 2 0.362035 0.087578 2 0.359630 0.088099 2 0.362096 0.096055 2 0.359767 0.096683 2 0.361704 0.104106 2 0.359340 0.104655 2
0 0.203125 0.125000 0.013393 0.043651 0.203691 0.108168 1 0.203982 0.107391 2 0.203736 0.107393 1 0.205067 0.107766 2 0.204566 0.107745 1 0.206598 0.112407 2 0.204726 0.112356 2 0.207338 0.116996 2 0.204406 0.117791 1 0.205686 0.114338 2 0.204635 0.120340 1 0.206902 0.124418 2 0.205484 0.124307 2 0.207794 0.132220 2 0.205902 0.132130 2 0.209422 0.139922 2 0.206448 0.140399 2
0 0.619792 0.221561 0.014881 0.088624 0.622679 0.190906 2 0.622208 0.189223 1 0.622243 0.189444 2 0.618998 0.190187 1 0.620466 0.190530 2 0.617422 0.198621 2 0.620233 0.198836 2 0.620947 0.208490 1 0.623133 0.209476 2 0.625892 0.204724 1 0.626710 0.205623 2 0.617881 0.220359 2 0.620566 0.220520 2 0.616958 0.237720 2 0.624066 0.235970 2 0.614741 0.253740 2 0.626242 0.251978 2
0 0.922619 0.295635 0.032738 0.130952 0.928390 0.249584 1 0.927595 0.247693 1 0.928078 0.247899 1 0.924653 0.247990 1 0.926149 0.248724 2 0.922793 0.260995 2 0.921021 0.261183 2 0.922596 0.277934 1 0.918568 0.280060 2 0.923730 0.288096 1 0.920579 0.288018 2 0.920750 0.290363 2 0.918745 0.290355 2 0.920585 0.312298 2 0.914379 0.311572 2 0.918490 0.331139 2 0.904428 0.324523 2
0 0.876116 0.339286 0.043899 0.130952 0.886406 0.294401 2 0.885671 0.292107 1 0.885608 0.292455 2 0.880468 0.293115 1 0.882489 0.294241 2 0.876067 0.303762 2 0.881289 0.306724 2 0.876660 0.320472 2 0.881541 0.328649 2 0.882291 0.331744 2 0.887219 0.342979 2 0.871652 0.336184 2 0.876276 0.337492 2 0.871631 0.361825 2 0.881840 0.363417 2 0.864745 0.384393 2 0.878268 0.389410 2
0 0.783110 0.202381 0.023065 0.068783 0.787081 0.175971 1 0.786785 0.174377 1 0.786901 0.174654 1 0.782732 0.174294 1 0.785948 0.175088 2 0.779216 0.179782 2 0.785095 0.182096 2 0.776896 0.185689 2 0.788739 0.187940 2 0.781087 0.187452 2 0.792788 0.183309 2 0.775338 0.198986 2 0.779903 0.200165 2 0.774297 0.208492 2 0.784132 0.210526 2 0.767986 0.219882 2 0.784088 0.225000 2
0 0.924107 0.259921 0.029762 0.112434 0.928407 0.249959 1 0.927538 0.247905 1 0.928288 0.248121 1 0.923947 0.247741 1 0.926543 0.248542 2 0.922427 0.260172 2 0.921619 0.260926 2 0.922291 0.277499 2 0.919477 0.280369 2 0.924246 0.285594 1 0.921224 0.289811 2 0.919893 0.290616 2 0.918641 0.290906 2 0.920185 0.311777 2 0.914305 0.312404 2 0.918084 0.330006 2 0.905352 0.327686 2
