0 0.079613 0.500661 0.035714 0.125661 0.080928 0.448389 2 0.082281 0.445293 2 0.079442 0.445899 2 0.084951 0.445198 2 0.077862 0.446633 2 0.089742 0.457489 2 0.076931 0.458856 2 0.097574 0.467062 2 0.072028 0.463778 2 0.093839 0.480084 2 0.075184 0.469726 2 0.089232 0.492314 2 0.080987 0.493347 2 0.091524 0.514565 2 0.080565 0.517413 2 0.093072 0.537183 2 0.083930 0.540780 2
0 0.052083 0.565476 0.040179 0.120370 0.043099 0.523920 2 0.044537 0.521211 2 0.041448 0.521916 2 0.047887 0.522561 2 0.040726 0.524382 1 0.051278 0.535155 2 0.040529 0.537133 2 0.060342 0.535147 2 0.041519 0.550739 2 0.066352 0.536882 2 0.040209 0.561021 2 0.053468 0.565440 2 0.047496 0.565255 2 0.052991 0.589012 2 0.052575 0.579895 2 0.054396 0.612642 2 0.059446 0.592070 2
0 0.897321 0.246032 0.025298 0.087302 0.904928 0.219125 1 0.904278 0.216834 1 0.904623 0.217329 1 0.899657 0.215851 1 0.903549 0.217597 2 0.894924 0.224238 2 0.902879 0.227340 2 0.890972 0.231506 2 0.902278 0.239398 2 0.894706 0.238444 1 0.901660 0.246058 2 0.892778 0.250747 2 0.898446 0.252161 2 0.893849 0.270628 2 0.900471 0.270863 2 0.890310 0.290921 2 0.897877 0.289285 2
0 0.300595 0.133598 0.016369 0.055556 0.304159 0.112457 2 0.304564 0.111424 2 0.303624 0.111486 2 0.305082 0.111676 1 0.302582 0.111837 2 0.306056 0.117733 2 0.301567 0.118245 2 0.307030 0.124420 2 0.300156 0.126461 2 0.304173 0.127033 2 0.300739 0.133109 2 0.305853 0.131486 2 0.302919 0.131729 2 0.305677 0.142138 2 0.303960 0.142642 2 0.306686 0.151407 2 0.303706 0.152129 2
0 0.157738 0.098545 0.016369 0.048942 0.159485 0.117700 1 0.159445 0.116896 1 0.159716 0.116965 1 0.158668 0.117315 2 0.161180 0.117343 2 0.157655 0.123098 2 0.162728 0.123134 2 0.156614 0.129235 2 0.164545 0.129061 2 0.157064 0.131521 1 0.164090 0.130486 1 0.158623 0.131779 1 0.162187 0.131779 2 0.157637 0.127684 1 0.162723 0.127625 1 0.157823 0.130054 1 0.162299 0.130330 1
0 0.207961 0.077381 0.015625 0.043651 0.209586 0.063640 1 0.209254 0.062477 1 0.209514 0.062582 1 0.206986 0.062749 1 0.208914 0.062970 2 0.206164 0.068651 2 0.208323 0.068721 2 0.205936 0.076314 2 0.208984 0.075868 2 0.207518 0.081051 1 0.209642 0.080507 2 0.206859 0.081130 2 0.208727 0.081340 2 0.206625 0.089442 2 0.210371 0.089082 2 0.205290 0.097983 2 0.211944 0.098297 2
0 0.973214 0.298942 0.032738 0.124339 0.984129 0.252243 2 0.984662 0.250343 2 0.982981 0.250169 2 0.984664 0.251499 1 0.979790 0.250840 2 0.983861 0.264532 2 0.975192 0.262908 2 0.984160 0.277773 2 0.971333 0.279265 2 0.982990 0.288411 2 0.972740 0.293271 2 0.979764 0.293968 2 0.973251 0.292365 2 0.976115 0.318474 2 0.966870 0.314644 2 0.974163 0.340462 2 0.959709 0.332968 2
0 0.847470 0.230820 0.023810 0.062169 0.847723 0.207964 1 0.847675 0.206418 1 0.847326 0.206358 2 0.846511 0.206802 1 0.845939 0.206929 2 0.846144 0.215852 2 0.842285 0.216026 2 0.846359 0.229850 1 0.837656 0.229856 2 0.845761 0.241567 1 0.840241 0.241564 2 0.844015 0.238160 2 0.841693 0.239063 2 0.848049 0.242989 1 0.845377 0.245060 2 0.846530 0.252387 1 0.844141 0.253500 1
0 0.549107 0.351190 0.023810 0.123016 0.543302 0.294431 2 0.544616 0.293163 2 0.543766 0.292414 1 0.547629 0.295856 2 0.545302 0.294034 1 0.551669 0.307662 2 0.543044 0.305026 2 0.553976 0.325192 2 0.542713 0.319023 2 0.548567 0.335104 2 0.539779 0.329755 2 0.551534 0.339426 2 0.545073 0.337847 2 0.552441 0.362559 2 0.542384 0.360427 2 0.555674 0.381808 2 0.544070 0.381311 2
0 0.827381 0.238095 0.019345 0.050265 0.836268 0.225074 2 0.836746 0.223614 2 0.835859 0.223257 2 0.836366 0.222408 1 0.833605 0.221781 2 0.833395 0.225491 2 0.829989 0.227086 2 0.836276 0.234123 2 0.828871 0.240964 2 0.839473 0.243069 2 0.834674 0.247318 2 0.826350 0.231783 2 0.824060 0.232973 2 0.831327 0.236819 2 0.827806 0.237939 2 0.830208 0.248161 2 0.825012 0.248573 2
0 0.629092 0.163360 0.017113 0.067460 0.629864 0.138079 1 0.629983 0.136841 1 0.630331 0.137029 1 0.629608 0.137602 2 0.632660 0.137735 2 0.628589 0.144513 2 0.634156 0.144754 2 0.627112 0.153403 2 0.635231 0.153865 2 0.625735 0.161630 2 0.634345 0.160585 2 0.628867 0.163163 2 0.632429 0.163139 2 0.628858 0.177663 2 0.630881 0.177434 2 0.630965 0.191292 2 0.631259 0.190938 2
0 0.562500 0.439153 0.035714 0.153439 0.561305 0.369727 1 0.561817 0.366958 1 0.562659 0.367847 1 0.560408 0.370055 2 0.568268 0.371561 2 0.554491 0.387456 2 0.569375 0.391350 2 0.549998 0.408420 2 0.570870 0.415210 2 0.552470 0.420844 2 0.567549 0.427677 2 0.552532 0.432459 2 0.562719 0.434512 2 0.550437 0.461176 2 0.560572 0.467332 2 0.549506 0.495399 2 0.559169 0.499969 2
0 0.463914 0.408069 0.027530 0.128307 0.464426 0.354488 1 0.463503 0.352097 1 0.464282 0.352792 1 0.457531 0.354157 1 0.464340 0.356388 2 0.453954 0.368808 2 0.463576 0.372339 2 0.454248 0.383701 1 0.465304 0.395878 2 0.458708 0.395720 1 0.469204 0.409728 2 0.454134 0.405675 2 0.461593 0.406981 2 0.455547 0.432975 2 0.466710 0.429342 2 0.455935 0.457608 2 0.469911 0.449867 2
0 0.409970 0.363095 0.028274 0.125661 0.410585 0.305533 1 0.409860 0.303034 1 0.410125 0.303348 1 0.403569 0.305465 2 0.410412 0.305844 2 0.400774 0.320791 2 0.413265 0.320081 2 0.400178 0.337697 2 0.418525 0.332002 2 0.407918 0.330223 2 0.416848 0.317039 2 0.403632 0.356055 2 0.413584 0.356092 2 0.400409 0.383659 2 0.418425 0.381816 2 0.395899 0.408964 2 0.423463 0.408516 2
0 0.257068 0.427910 0.030506 0.146825 0.257419 0.368200 1 0.256359 0.366613 1 0.257551 0.365931 1 0.251302 0.370904 2 0.258652 0.369556 2 0.249501 0.387994 2 0.262696 0.385781 2 0.248833 0.408419 2 0.266516 0.404225 2 0.248723 0.422736 2 0.272015 0.421174 2 0.256011 0.425010 2 0.264984 0.424319 2 0.259176 0.450745 2 0.267767 0.449516 2 0.260913 0.474512 2 0.266968 0.478704 2
0 0.374628 0.379630 0.023065 0.137566 0.377682 0.329637 1 0.376641 0.327518 1 0.377521 0.327322 1 0.371181 0.328977 2 0.377589 0.329155 2 0.367705 0.341915 2 0.380385 0.342812 2 0.366073 0.355652 2 0.383200 0.359405 2 0.371169 0.357287 2 0.385588 0.371395 2 0.370698 0.372371 2 0.379085 0.373058 2 0.373269 0.399081 2 0.378597 0.399896 2 0.376672 0.421005 2 0.378492 0.425104 2
0 0.476935 0.482143 0.035714 0.160053 0.476826 0.414612 1 0.476885 0.411651 1 0.477796 0.411914 1 0.474942 0.414144 2 0.482809 0.414137 2 0.473961 0.432889 2 0.486492 0.432933 2 0.471790 0.456401 2 0.485257 0.454432 2 0.467390 0.468367 2 0.477518 0.462693 1 0.476290 0.478066 2 0.484552 0.477612 2 0.470496 0.506555 2 0.476442 0.507230 2 0.477202 0.533594 2 0.479256 0.536412 2
0 0.433036 0.350529 0.029762 0.126984 0.432249 0.301001 1 0.432437 0.299128 1 0.433057 0.299377 1 0.430656 0.301586 2 0.437112 0.302622 2 0.426439 0.310934 2 0.437966 0.317735 2 0.422395 0.308890 2 0.441521 0.333848 2 0.423495 0.298891 1 0.444813 0.339727 2 0.424877 0.347121 2 0.432549 0.349772 2 0.427000 0.371294 2 0.435334 0.375318 2 0.426982 0.396544 2 0.435210 0.402145 2
0 0.245164 0.308201 0.026042 0.116402 0.242666 0.263116 2 0.243750 0.261119 2 0.241525 0.261294 2 0.245829 0.262547 2 0.240034 0.262945 2 0.249481 0.275851 2 0.239301 0.275402 2 0.254046 0.291037 2 0.237840 0.287400 2 0.246191 0.291406 2 0.240321 0.291818 2 0.249884 0.305884 2 0.242541 0.305482 2 0.251056 0.327421 2 0.241330 0.328054 2 0.254193 0.349024 2 0.239727 0.349877 2
0 0.508557 0.267857 0.015625 0.099206 0.518732 0.274604 2 0.519345 0.272783 1 0.518225 0.272705 1 0.519345 0.269814 1 0.517220 0.269709 1 0.519345 0.270963 1 0.514279 0.270272 2 0.519345 0.283434 1 0.510221 0.281909 2 0.515786 0.284281 1 0.515990 0.283924 2 0.519311 0.287927 2 0.514737 0.287551 2 0.519267 0.292620 2 0.510615 0.291711 2 0.518425 0.311394 2 0.516463 0.309727 2
0 0.522693 0.187831 0.021577 0.082011 0.525482 0.154902 1 0.525529 0.153178 1 0.525716 0.153575 1 0.524700 0.153893 2 0.528368 0.154624 2 0.523944 0.162057 2 0.529122 0.163923 2 0.521775 0.172316 2 0.528082 0.176124 2 0.518618 0.184285 2 0.524651 0.180889 1 0.521940 0.184741 2 0.526119 0.185124 2 0.518418 0.202306 2 0.525302 0.203546 2 0.513980 0.219152 2 0.523746 0.219876 2
0 0.948289 0.224206 0.033482 0.088624 0.950310 0.186122 2 0.951059 0.184669 2 0.950707 0.184596 1 0.953792 0.184977 2 0.952242 0.184786 1 0.955102 0.196505 2 0.952381 0.195160 2 0.953731 0.210927 2 0.951046 0.209237 1 0.951464 0.224644 2 0.949186 0.221548 1 0.951434 0.224757 2 0.948212 0.223179 2 0.952410 0.244166 2 0.944387 0.240286 2 0.958757 0.260986 2 0.940370 0.256238 2
0 0.742560 0.238757 0.023810 0.078042 0.744434 0.211262 2 0.744880 0.209430 2 0.743675 0.209206 2 0.744508 0.209508 1 0.741387 0.208667 2 0.743687 0.218474 2 0.737976 0.217043 2 0.743986 0.231940 2 0.736494 0.230293 2 0.746273 0.238798 2 0.742157 0.238791 2 0.741520 0.237719 2 0.737548 0.238207 2 0.750128 0.244519 2 0.745628 0.244653 2 0.745561 0.262916 2 0.743271 0.263476 2
0 0.764137 0.237434 0.025298 0.080688 0.760316 0.211803 2 0.760941 0.210038 2 0.759444 0.209808 2 0.760915 0.209699 1 0.756980 0.209126 2 0.760545 0.214732 2 0.754757 0.217651 2 0.763582 0.226462 2 0.760153 0.230451 2 0.767177 0.234905 2 0.764753 0.238237 2 0.760921 0.235001 2 0.756816 0.238310 2 0.768957 0.238573 2 0.764324 0.248381 2 0.765724 0.253571 2 0.765033 0.267806 2
0 0.878348 0.716931 0.057292 0.208995 0.885556 0.646305 2 0.888385 0.642880 2 0.883688 0.641656 2 0.892125 0.645413 2 0.880527 0.642289 2 0.891237 0.670047 2 0.875540 0.660981 2 0.880209 0.696280 2 0.868140 0.679933 2 0.866857 0.698904 2 0.862933 0.699063 2 0.881890 0.720916 2 0.870788 0.715896 2 0.880155 0.757512 2 0.868859 0.749971 2 0.874904 0.791401 2 0.868199 0.781664 2
0 0.519345 0.296296 0.023810 0.068783 0.520626 0.276019 2 0.521625 0.274289 1 0.519763 0.274017 2 0.522582 0.271467 1 0.518130 0.270940 2 0.523437 0.269931 2 0.514054 0.270121 2 0.527701 0.278576 2 0.510124 0.280688 2 0.523839 0.282218 2 0.516599 0.284445 2 0.520674 0.284869 2 0.514453 0.285513 2 0.527390 0.286381 2 0.511808 0.287752 2 0.524670 0.309465 2 0.516509 0.309408 2
0 0.460938 0.145503 0.012649 0.066138 0.460486 0.121175 2 0.460992 0.120090 2 0.459946 0.120008 2 0.461489 0.120353 1 0.458752 0.120102 2 0.462268 0.126728 2 0.457055 0.126631 2 0.463228 0.133915 2 0.455793 0.133861 2 0.460043 0.137853 2 0.457543 0.138152 2 0.461230 0.142451 2 0.457626 0.142421 2 0.461245 0.155515 2 0.457433 0.155697 2 0.461909 0.167921 2 0.456791 0.168253 2
0 0.097842 0.298280 0.034970 0.051587 0.101917 0.282656 2 0.102291 0.280862 2 0.100717 0.281708 2 0.103072 0.279565 1 0.098223 0.281851 2 0.104109 0.285062 2 0.096137 0.288541 2 0.109149 0.291136 2 0.092831 0.299035 2 0.109364 0.292048 2 0.090747 0.310328 2 0.103037 0.300306 2 0.097206 0.302061 2 0.107710 0.296653 2 0.095234 0.299436 2 0.111892 0.311943 2 0.092618 0.310932 2
0 0.582589 0.130952 0.016369 0.066138 0.584451 0.102793 2 0.585072 0.101583 2 0.583897 0.101499 2 0.585835 0.101721 2 0.582990 0.101555 2 0.586490 0.108103 2 0.581359 0.108054 2 0.586922 0.116276 2 0.579414 0.115940 2 0.587123 0.122407 2 0.579006 0.120997 2 0.585234 0.124902 2 0.581612 0.124996 2 0.586180 0.138015 2 0.580840 0.138569 2 0.586481 0.151248 2 0.580056 0.151780 2
0 0.127604 0.115079 0.011161 0.026455 0.126664 0.097159 1 0.126557 0.096589 1 0.126694 0.096564 1 0.126196 0.096561 1 0.127196 0.096561 1 0.126239 0.098063 2 0.127300 0.098168 2 0.126983 0.101332 2 0.128442 0.101793 2 0.128011 0.103274 2 0.128940 0.103748 2 0.126470 0.107214 2 0.127199 0.107275 2 0.126623 0.115308 2 0.127273 0.115549 2 0.126876 0.123908 2 0.127748 0.123858 2
0 0.160714 0.136905 0.016369 0.046296 0.159136 0.118326 1 0.159132 0.117363 1 0.159425 0.117250 1 0.158589 0.117901 2 0.161231 0.117612 2 0.157583 0.123833 2 0.162809 0.123579 2 0.156336 0.130314 2 0.164759 0.129672 2 0.156715 0.136225 2 0.165272 0.135518 1 0.159214 0.138091 2 0.162658 0.138087 2 0.160209 0.147456 2 0.163139 0.147911 2 0.161548 0.156538 2 0.163904 0.157422 2
0 0.357887 0.089286 0.010417 0.051587 0.361124 0.068278 2 0.361443 0.067412 2 0.360683 0.067441 2 0.361775 0.067617 1 0.359842 0.067639 2 0.362164 0.072533 2 0.358813 0.072721 2 0.362780 0.078609 2 0.358180 0.079308 2 0.362959 0.084018 2 0.358819 0.085148 2 0.361887 0.083742 2 0.359669 0.083947 2 0.361834 0.091706 2 0.359805 0.091883 2 0.361629 0.098653 2 0.359180 0.098447 2
0 0.203869 0.124339 0.013393 0.044974 0.203267 0.102128 2 0.203586 0.101041 2 0.203361 0.101070 1 0.205229 0.101630 2 0.205289 0.101529 1 0.206426 0.107224 2 0.207263 0.106954 2 0.206585 0.113178 2 0.207826 0.113037 1 0.205131 0.116162 2 0.206382 0.116607 1 0.207246 0.119610 2 0.207930 0.119261 2 0.207656 0.128740 2 0.208689 0.128045 2 0.208344 0.137176 2 0.210186 0.136994 2
0 0.621280 0.218254 0.014881 0.087302 0.622879 0.188741 1 0.622413 0.187001 1 0.622677 0.187072 1 0.618969 0.187049 1 0.621556 0.187065 2 0.616782 0.194582 2 0.621767 0.194908 2 0.621307 0.202113 2 0.625534 0.202014 2 0.626634 0.195329 1 0.628043 0.194425 2 0.617724 0.216654 2 0.621906 0.217117 2 0.616677 0.233346 2 0.625020 0.233739 2 0.613702 0.248118 2 0.625023 0.248936 2
0 0.921875 0.294312 0.032738 0.130952 0.927224 0.244838 2 0.926763 0.242869 1 0.926772 0.242816 2 0.924021 0.243775 1 0.924712 0.243936 2 0.922686 0.255444 2 0.920119 0.255675 2 0.920844 0.270974 2 0.914953 0.271542 2 0.921165 0.281851 1 0.912911 0.284033 2 0.918944 0.284314 2 0.917437 0.284443 2 0.918522 0.304636 2 0.916560 0.305663 2 0.911397 0.321248 2 0.909811 0.321820 2
0 0.877604 0.336640 0.043899 0.130952 0.887331 0.290913 2 0.886559 0.288075 1 0.886832 0.288621 2 0.881105 0.289271 1 0.883653 0.290288 2 0.880191 0.300336 2 0.881022 0.304363 2 0.884630 0.315299 2 0.885515 0.323064 2 0.892029 0.322915 2 0.895498 0.328839 2 0.876451 0.334147 2 0.878462 0.335915 2 0.870255 0.355865 2 0.882295 0.358938 2 0.861068 0.374950 2 0.886654 0.385284 2
0 0.784598 0.199735 0.023065 0.068783 0.788262 0.170037 1 0.787929 0.168331 1 0.788125 0.168607 1 0.784437 0.167396 1 0.787224 0.168384 2 0.780669 0.172591 2 0.785793 0.175645 2 0.776632 0.178189 2 0.787222 0.186071 2 0.777571 0.181911 2 0.788740 0.192648 2 0.777837 0.191736 2 0.781660 0.193063 2 0.776560 0.204048 2 0.783296 0.206711 2 0.770370 0.215736 2 0.781239 0.219366 2
0 0.919643 0.253307 0.029762 0.112434 0.927141 0.244021 2 0.926595 0.242059 1 0.926605 0.242102 2 0.923678 0.243155 1 0.924334 0.243638 2 0.922126 0.254950 2 0.919652 0.255987 2 0.919837 0.270964 2 0.914393 0.273963 2 0.921345 0.278202 2 0.913144 0.284361 2 0.918780 0.284755 2 0.917324 0.285337 2 0.918513 0.305997 2 0.916485 0.307852 2 0.911412 0.321955 2 0.909665 0.323234 2
