0 0.457589 0.837302 0.063988 0.211640 0.458542 0.754717 2 0.460943 0.750426 2 0.456821 0.751117 2 0.466443 0.748526 2 0.455063 0.750694 2 0.473463 0.765295 2 0.452429 0.770608 2 0.483107 0.783587 2 0.446840 0.792407 2 0.484878 0.802697 2 0.448781 0.817525 2 0.471829 0.826174 2 0.455955 0.828913 2 0.480709 0.866477 2 0.449220 0.873313 2 0.486640 0.907915 2 0.443228 0.918039 2
0 0.449033 0.814153 0.048363 0.138889 0.458710 0.754548 2 0.461028 0.750318 2 0.457004 0.750715 2 0.466719 0.748318 2 0.455480 0.749672 1 0.474282 0.765621 2 0.452263 0.769619 2 0.482720 0.787471 1 0.445790 0.795337 2 0.482740 0.815304 1 0.448334 0.818190 2 0.471859 0.826488 2 0.456269 0.827864 2 0.476075 0.870321 2 0.449070 0.871832 2 0.477162 0.907029 1 0.443375 0.910717 2
0 0.430804 0.562831 0.022321 0.109788 0.440379 0.521546 1 0.440665 0.519432 1 0.441099 0.519427 1 0.441859 0.520288 2 0.444831 0.519988 1 0.441842 0.531480 2 0.445310 0.530883 1 0.440042 0.545671 2 0.443188 0.544933 1 0.440312 0.546583 2 0.442217 0.545831 1 0.443595 0.561087 2 0.445930 0.560969 2 0.444294 0.583999 2 0.445545 0.584677 2 0.445513 0.605356 2 0.445903 0.604715 1
0 0.477679 0.609127 0.023810 0.120370 0.483149 0.561048 1 0.482418 0.558928 1 0.483204 0.558698 1 0.477957 0.560229 2 0.484070 0.560227 2 0.474390 0.573842 2 0.486575 0.574390 2 0.472698 0.592615 2 0.490341 0.591426 2 0.474298 0.605095 2 0.489971 0.595358 2 0.477047 0.609004 2 0.485092 0.609446 2 0.479202 0.632900 2 0.484983 0.634194 2 0.480597 0.655861 2 0.483572 0.658301 2
0 0.446429 0.561508 0.025298 0.104497 0.435051 0.522276 1 0.434826 0.520194 1 0.435392 0.520402 1 0.432311 0.521106 2 0.437516 0.521804 2 0.430131 0.531834 2 0.437915 0.533542 2 0.429337 0.544911 1 0.439133 0.548012 2 0.433181 0.550327 1 0.439115 0.551295 1 0.430356 0.557684 2 0.435908 0.558497 2 0.430577 0.581438 2 0.436256 0.582392 2 0.430038 0.604982 2 0.435784 0.605460 2
0 0.489955 0.563492 0.018601 0.079365 0.483479 0.561066 1 0.482599 0.559090 1 0.483564 0.559089 1 0.478106 0.560483 2 0.484180 0.560770 2 0.476935 0.573991 2 0.486735 0.574398 2 0.477351 0.590344 1 0.489776 0.591358 2 0.481181 0.596478 1 0.489941 0.597228 1 0.477184 0.608253 2 0.484547 0.608234 2 0.477677 0.618614 1 0.485308 0.618614 1 0.479007 0.618614 1 0.484305 0.618614 1
0 0.469122 0.507937 0.015625 0.084656 0.471424 0.480796 1 0.471526 0.478961 1 0.471838 0.478817 1 0.471005 0.478651 2 0.474617 0.478254 2 0.468569 0.487957 2 0.476258 0.487486 2 0.466729 0.500609 2 0.477481 0.500276 2 0.468385 0.509495 2 0.474572 0.507100 2 0.470204 0.509758 2 0.475368 0.509478 2 0.471608 0.526719 2 0.474705 0.526564 2 0.472392 0.543882 2 0.473739 0.541659 2
0 0.446801 0.445767 0.015625 0.060847 0.448050 0.425217 1 0.447973 0.423974 1 0.448527 0.424063 1 0.446941 0.423620 2 0.450600 0.423847 2 0.445137 0.429008 2 0.451181 0.429516 2 0.443502 0.438218 2 0.451305 0.438345 2 0.442884 0.447685 2 0.450513 0.444892 2 0.445291 0.445019 2 0.449339 0.445295 2 0.445758 0.456097 2 0.448164 0.457606 2 0.446441 0.467250 2 0.447353 0.468231 2
0 0.610491 0.452381 0.011161 0.050265 0.611943 0.435764 2 0.612355 0.434772 2 0.611500 0.434618 2 0.612530 0.434861 1 0.610436 0.434353 2 0.612874 0.439844 2 0.609188 0.438976 2 0.613836 0.446928 2 0.609180 0.445498 2 0.613039 0.447379 2 0.612071 0.446808 2 0.611219 0.451481 2 0.608818 0.451059 2 0.611239 0.460021 2 0.608763 0.459780 2 0.609144 0.468693 2 0.608067 0.469485 2
0 0.566592 0.474206 0.012649 0.046296 0.568172 0.461300 2 0.568787 0.460515 2 0.567672 0.460326 2 0.569510 0.461082 2 0.566816 0.460629 2 0.569770 0.466166 2 0.565528 0.465722 2 0.570661 0.470425 2 0.563857 0.469777 2 0.570234 0.474267 2 0.563106 0.473981 2 0.568379 0.476709 2 0.565731 0.476504 2 0.567818 0.484133 2 0.565677 0.484120 2 0.567358 0.491744 2 0.565588 0.491698 2
0 0.628720 0.425926 0.008929 0.044974 0.629471 0.411548 2 0.629654 0.410670 1 0.629232 0.410470 2 0.629279 0.410873 1 0.628344 0.410396 2 0.629149 0.415448 2 0.626990 0.415404 2 0.632630 0.419013 2 0.627242 0.420409 2 0.632205 0.414410 2 0.629165 0.418451 2 0.628346 0.428435 2 0.627143 0.428547 2 0.628391 0.437042 2 0.628349 0.437485 2 0.628165 0.446711 2 0.628378 0.446706 2
