0 0.082961 0.513889 0.036458 0.125661 0.076680 0.466481 2 0.078087 0.463658 2 0.076811 0.463866 2 0.083098 0.464393 2 0.079239 0.464845 1 0.089579 0.477188 2 0.076494 0.478501 2 0.100126 0.485776 2 0.069682 0.486265 2 0.094784 0.497536 2 0.075612 0.491994 2 0.090355 0.512857 2 0.082597 0.514311 2 0.093487 0.535619 2 0.087121 0.537952 2 0.096346 0.561380 2 0.094341 0.561420 2
0 0.037946 0.593254 0.037202 0.130952 0.025727 0.546942 2 0.028291 0.544905 2 0.025494 0.543787 2 0.033792 0.547056 2 0.025288 0.544862 1 0.038172 0.558516 2 0.026236 0.563497 2 0.047377 0.567011 2 0.024155 0.577686 2 0.040989 0.580824 2 0.022978 0.592431 2 0.043125 0.590092 2 0.035167 0.593257 2 0.045426 0.608383 2 0.037418 0.616586 2 0.054083 0.622058 2 0.039704 0.642075 2
0 0.015997 0.487434 0.031994 0.170635 0.002368 0.444570 2 0.003803 0.440357 2 0.000465 0.441080 2 0.007197 0.439948 2 0.000000 0.441960 1 0.014618 0.456329 2 0.000000 0.461237 1 0.024814 0.476244 2 0.000000 0.485785 1 0.028546 0.498685 2 0.000604 0.509115 1 0.016663 0.509737 2 0.005626 0.512795 2 0.023080 0.543373 2 0.008296 0.546834 1 0.025675 0.579234 2 0.010757 0.582887 1
0 0.761161 0.187831 0.016369 0.074074 0.766413 0.161292 2 0.765978 0.159584 1 0.766169 0.159883 2 0.762931 0.159718 1 0.764621 0.160289 2 0.761564 0.166853 2 0.763217 0.167956 2 0.760910 0.175399 1 0.763270 0.177904 2 0.761862 0.183949 1 0.763516 0.186776 2 0.760823 0.186090 2 0.762726 0.186453 2 0.758298 0.199309 2 0.764266 0.198894 2 0.753084 0.211330 2 0.765301 0.212402 2
0 0.896949 0.242063 0.024554 0.095238 0.903055 0.208437 1 0.902259 0.206555 1 0.903090 0.206893 1 0.898182 0.205281 1 0.902256 0.206505 2 0.894668 0.213002 2 0.900795 0.214874 2 0.891523 0.224419 2 0.900752 0.228006 2 0.894153 0.232985 1 0.901687 0.234251 2 0.894082 0.238179 2 0.897522 0.239128 2 0.894013 0.257334 2 0.894716 0.258066 2 0.891975 0.275451 2 0.889464 0.274235 2
0 0.819568 0.684524 0.051339 0.223545 0.820662 0.591851 1 0.820800 0.587605 1 0.823075 0.588485 1 0.822168 0.591805 2 0.833331 0.593144 1 0.820454 0.620051 2 0.833437 0.620240 2 0.812132 0.649387 2 0.823979 0.650288 2 0.801673 0.663776 2 0.809103 0.661073 2 0.815841 0.680888 2 0.825116 0.679091 2 0.804676 0.720037 2 0.814582 0.718978 2 0.807146 0.769808 2 0.820555 0.761682 2
0 0.947545 0.234127 0.024554 0.089947 0.945036 0.246906 2 0.945087 0.245007 2 0.943901 0.245063 2 0.943979 0.245731 1 0.940150 0.246135 2 0.944931 0.256360 2 0.935744 0.258120 2 0.945619 0.269092 2 0.932685 0.274819 2 0.945076 0.280469 2 0.936565 0.286139 2 0.942665 0.283198 2 0.936134 0.284128 2 0.942554 0.295656 1 0.934335 0.295656 1 0.942368 0.294233 1 0.933273 0.295001 1
0 0.293155 0.126323 0.011905 0.062169 0.293407 0.099222 2 0.293932 0.098083 2 0.292942 0.098089 2 0.294847 0.098817 2 0.292403 0.098950 2 0.296366 0.105240 2 0.291491 0.105867 2 0.298442 0.111899 2 0.289961 0.113218 2 0.297453 0.116664 2 0.289006 0.120718 2 0.296039 0.119796 2 0.292843 0.120127 2 0.297325 0.129746 2 0.293280 0.130719 2 0.298032 0.139655 2 0.294247 0.141045 2
0 0.159970 0.089286 0.016369 0.048942 0.160035 0.098177 1 0.160017 0.097371 1 0.160366 0.097137 1 0.159865 0.098251 2 0.162398 0.097480 1 0.159913 0.104209 2 0.164327 0.102558 2 0.158855 0.110567 2 0.166755 0.107840 2 0.157603 0.110172 2 0.167287 0.110844 2 0.162203 0.115019 2 0.165007 0.114242 2 0.162397 0.122520 1 0.165138 0.121623 1 0.162803 0.122299 1 0.165295 0.122231 1
0 0.982143 0.308201 0.031250 0.124339 0.992929 0.277572 2 0.993362 0.275570 2 0.992375 0.275253 2 0.992705 0.275687 1 0.989703 0.275288 2 0.990598 0.283906 2 0.984412 0.287109 2 0.995551 0.291560 2 0.983424 0.305869 2 0.999094 0.293801 2 0.983439 0.320876 2 0.981109 0.309762 2 0.976361 0.310875 2 0.983668 0.332120 2 0.976399 0.335995 2 0.983549 0.354447 2 0.970899 0.359049 2
0 0.496652 0.335317 0.024554 0.117725 0.493970 0.286572 2 0.495027 0.284575 2 0.493584 0.284412 2 0.497911 0.285432 2 0.495180 0.285265 1 0.499907 0.297143 2 0.494634 0.296828 2 0.503673 0.312597 2 0.495512 0.313145 2 0.498190 0.323219 2 0.493401 0.323627 2 0.497472 0.330070 2 0.495302 0.329431 2 0.492699 0.355970 2 0.498612 0.355326 2 0.492144 0.381222 2 0.505338 0.374651 2
0 0.819196 0.222222 0.017857 0.066138 0.818353 0.191167 2 0.818991 0.189877 1 0.817974 0.189658 2 0.819594 0.189275 1 0.817271 0.188744 2 0.819788 0.195044 2 0.814860 0.194696 2 0.821329 0.204371 2 0.811309 0.204320 2 0.821241 0.212196 2 0.811673 0.215275 2 0.817209 0.212560 2 0.814129 0.212487 2 0.817036 0.224499 2 0.813005 0.225058 2 0.816039 0.237166 2 0.811707 0.237712 2
0 0.612723 0.160053 0.014137 0.052910 0.607380 0.142911 1 0.607234 0.142072 1 0.607626 0.141511 1 0.607207 0.140657 1 0.608785 0.139067 1 0.608643 0.141552 2 0.610710 0.139536 2 0.610162 0.151377 2 0.614726 0.146444 2 0.610697 0.160928 2 0.616370 0.154036 2 0.613954 0.146447 2 0.614724 0.145797 2 0.614087 0.159005 2 0.612421 0.158453 2 0.616549 0.170736 2 0.611374 0.172530 2
0 0.562128 0.425265 0.030506 0.152116 0.557833 0.360706 2 0.558789 0.357920 1 0.559257 0.358121 1 0.560607 0.361340 2 0.565109 0.361005 1 0.559507 0.380706 2 0.568366 0.380276 2 0.559650 0.404389 2 0.570337 0.401650 2 0.554691 0.420236 2 0.568845 0.418994 2 0.559413 0.424027 2 0.565026 0.423280 2 0.553715 0.451900 2 0.557549 0.453131 2 0.559892 0.479672 2 0.560042 0.481030 2
0 0.453125 0.397487 0.028274 0.136243 0.456564 0.342737 1 0.456084 0.340036 1 0.456931 0.340187 1 0.452167 0.341755 2 0.459326 0.342297 2 0.448449 0.358129 2 0.461185 0.358867 2 0.444968 0.376334 2 0.464194 0.378222 2 0.446859 0.389640 2 0.463915 0.390455 2 0.450685 0.394542 2 0.459243 0.394937 2 0.452572 0.421764 2 0.459623 0.421612 2 0.453095 0.448036 2 0.459244 0.446886 2
0 0.389881 0.338624 0.031250 0.119048 0.383498 0.290402 1 0.383292 0.288028 1 0.384005 0.287753 1 0.380836 0.290784 2 0.387764 0.289256 2 0.379655 0.308076 2 0.392137 0.303717 2 0.379906 0.327832 2 0.397626 0.318052 2 0.383989 0.335042 2 0.394609 0.321101 2 0.386038 0.341046 2 0.394227 0.339472 2 0.387951 0.367024 2 0.393800 0.363273 2 0.389593 0.391575 2 0.393693 0.387388 2
0 0.247768 0.418651 0.031250 0.141534 0.259519 0.337536 1 0.258234 0.335253 1 0.259088 0.334992 1 0.252504 0.337631 1 0.257756 0.337721 2 0.250396 0.353569 2 0.259269 0.353728 2 0.251194 0.373275 2 0.260193 0.374418 2 0.256898 0.382374 1 0.265343 0.387725 2 0.253363 0.388914 2 0.259845 0.389391 2 0.258333 0.415992 2 0.265179 0.415105 2 0.260115 0.440810 2 0.266233 0.444278 2
0 0.335565 0.353175 0.023810 0.116402 0.339621 0.303293 2 0.338582 0.300755 1 0.338920 0.301304 2 0.333659 0.302682 1 0.336319 0.304700 2 0.331323 0.313363 2 0.335210 0.318928 2 0.328451 0.318846 1 0.336030 0.337375 2 0.331331 0.323100 1 0.338149 0.353074 2 0.328767 0.342355 2 0.331676 0.344496 2 0.332682 0.369302 2 0.337547 0.370799 2 0.326752 0.390475 2 0.337557 0.395898 2
0 0.425223 0.432540 0.030506 0.140212 0.422957 0.373205 1 0.422836 0.370602 1 0.423753 0.370939 1 0.419997 0.372944 2 0.427970 0.372723 2 0.417104 0.390975 2 0.429205 0.385701 2 0.412438 0.408703 2 0.429766 0.393703 2 0.408934 0.423444 2 0.425243 0.391394 1 0.419020 0.427899 2 0.427367 0.425247 2 0.417086 0.455997 2 0.426059 0.447066 2 0.418683 0.484817 2 0.429753 0.467968 2
0 0.392857 0.338624 0.029762 0.126984 0.382973 0.290889 1 0.382887 0.288751 1 0.383429 0.288414 1 0.381282 0.291003 2 0.387509 0.289729 2 0.380043 0.307474 2 0.391195 0.303458 2 0.380247 0.326702 2 0.397538 0.316030 2 0.383496 0.335341 2 0.397498 0.315032 2 0.385698 0.340941 2 0.393168 0.339279 2 0.387757 0.367250 2 0.394217 0.363653 2 0.389856 0.393088 2 0.395231 0.386925 2
0 0.223214 0.305556 0.025298 0.105820 0.224511 0.262717 2 0.225442 0.260623 2 0.223461 0.260978 2 0.227005 0.259033 2 0.221899 0.259915 2 0.230655 0.266502 2 0.220353 0.267937 2 0.235238 0.279465 2 0.217171 0.281155 2 0.230563 0.280668 2 0.218898 0.281547 2 0.231361 0.296815 2 0.224490 0.297508 2 0.233978 0.320471 2 0.225781 0.320851 2 0.236939 0.340739 2 0.227429 0.341487 2
0 0.522693 0.181217 0.020089 0.079365 0.525956 0.144576 1 0.526035 0.142964 1 0.526399 0.143229 1 0.524875 0.143818 2 0.528588 0.144363 2 0.522499 0.152386 2 0.529425 0.153861 2 0.520019 0.162630 2 0.530271 0.166021 2 0.518800 0.171783 2 0.531063 0.175150 2 0.522117 0.172923 2 0.526696 0.173554 2 0.522397 0.189393 2 0.526176 0.190788 2 0.522482 0.206815 2 0.524714 0.208056 2
0 0.865327 0.224206 0.025298 0.096561 0.867196 0.188202 2 0.868088 0.186339 2 0.866331 0.186214 2 0.869053 0.186491 2 0.864637 0.186101 2 0.870828 0.196328 2 0.862211 0.194321 2 0.872978 0.209199 2 0.859146 0.204387 2 0.868692 0.218616 2 0.856315 0.213645 2 0.866120 0.222640 2 0.860127 0.220777 2 0.864170 0.239697 2 0.856137 0.235925 2 0.864785 0.254927 2 0.858138 0.249766 2
0 0.446801 0.236772 0.021577 0.095238 0.443175 0.199760 2 0.443940 0.197847 2 0.442280 0.198103 2 0.445413 0.198285 2 0.441352 0.198814 1 0.448000 0.208251 2 0.441367 0.207860 2 0.448847 0.221208 2 0.440129 0.218782 2 0.445771 0.212880 2 0.440669 0.210402 1 0.447556 0.234545 2 0.442654 0.234258 2 0.447906 0.255520 2 0.441768 0.254682 2 0.449552 0.275607 2 0.441304 0.274704 2
0 0.732143 0.230820 0.019345 0.080688 0.732857 0.202067 2 0.733162 0.200303 2 0.732020 0.200115 2 0.732658 0.200773 1 0.729360 0.200029 2 0.731474 0.209737 2 0.726270 0.208084 2 0.732050 0.222476 2 0.724131 0.219503 2 0.734858 0.228449 2 0.727948 0.227552 2 0.729997 0.228888 2 0.726473 0.229474 2 0.738385 0.235681 2 0.735043 0.237226 2 0.732704 0.253859 2 0.731224 0.255716 2
0 0.751488 0.233466 0.022321 0.080688 0.747802 0.202065 2 0.748283 0.200392 2 0.746868 0.200341 2 0.748564 0.200665 1 0.744791 0.200389 2 0.747993 0.207949 2 0.743682 0.208407 2 0.751365 0.216968 2 0.748165 0.220420 2 0.754058 0.221637 2 0.752706 0.228576 2 0.748136 0.227217 2 0.744695 0.228176 2 0.754228 0.235328 2 0.747655 0.237088 2 0.753623 0.253049 2 0.746433 0.253180 2
0 0.839286 0.661376 0.044643 0.198413 0.821760 0.591073 1 0.822335 0.586717 1 0.823923 0.587504 1 0.822069 0.591524 2 0.833030 0.592190 2 0.819908 0.620223 2 0.835133 0.621538 2 0.814102 0.651036 2 0.837953 0.655608 2 0.808036 0.660657 2 0.830818 0.666110 2 0.817240 0.682271 2 0.827189 0.681342 2 0.808036 0.721688 2 0.817048 0.718847 2 0.811943 0.766689 2 0.820642 0.759840 2
0 0.513021 0.290344 0.023065 0.064815 0.513802 0.261169 2 0.514627 0.259657 1 0.512990 0.259597 1 0.515575 0.257083 1 0.511641 0.257001 2 0.517093 0.256286 2 0.508094 0.256643 2 0.519904 0.267546 2 0.505189 0.268390 2 0.514845 0.270606 2 0.510710 0.271212 2 0.516309 0.274083 2 0.510202 0.274792 2 0.520161 0.274742 2 0.506119 0.276615 2 0.518132 0.296411 2 0.510389 0.296289 2
0 0.502976 0.260582 0.023810 0.068783 0.513624 0.262216 2 0.514574 0.261113 1 0.513106 0.260551 1 0.515905 0.259041 1 0.512224 0.257799 1 0.517238 0.258447 2 0.508381 0.256665 2 0.515373 0.272157 2 0.505371 0.269399 2 0.508247 0.270786 2 0.510585 0.271194 2 0.516096 0.273024 2 0.509889 0.272562 2 0.517298 0.276152 2 0.505896 0.276512 2 0.517297 0.295180 2 0.511624 0.295222 2
0 0.473958 0.142857 0.017857 0.066138 0.478748 0.116234 2 0.478659 0.115153 1 0.478222 0.115441 2 0.478194 0.115548 1 0.476878 0.116068 2 0.476774 0.122505 2 0.475745 0.122029 2 0.476048 0.131587 1 0.474681 0.131142 2 0.477564 0.135277 1 0.477510 0.135979 2 0.476074 0.138056 2 0.474728 0.137976 2 0.478091 0.152939 2 0.475247 0.152222 2 0.476977 0.166879 2 0.468321 0.163448 2
0 0.176339 0.280423 0.014881 0.050265 0.175282 0.263591 2 0.175605 0.262312 2 0.175764 0.262122 1 0.177404 0.263001 2 0.178413 0.262347 1 0.177818 0.271228 2 0.179408 0.270005 2 0.176645 0.280642 2 0.178025 0.278832 1 0.175936 0.283072 2 0.176576 0.282341 1 0.179511 0.288409 2 0.180558 0.287953 2 0.180752 0.294095 2 0.180857 0.293532 2 0.183256 0.302737 2 0.182143 0.301547 2
0 0.106771 0.284392 0.027530 0.055556 0.111074 0.268035 2 0.111389 0.266520 2 0.109894 0.267081 2 0.112040 0.266221 1 0.107464 0.267803 2 0.113347 0.273252 2 0.104762 0.274850 2 0.118552 0.280478 2 0.101351 0.284605 2 0.119630 0.285163 2 0.100020 0.295355 2 0.111766 0.288339 2 0.105564 0.289124 2 0.115458 0.280939 2 0.102416 0.282663 2 0.118572 0.296674 2 0.099843 0.294033 2
0 0.581845 0.127646 0.011905 0.070106 0.583751 0.101454 2 0.584230 0.100211 2 0.583148 0.100174 2 0.584562 0.100431 1 0.581989 0.100257 2 0.585048 0.107034 2 0.580224 0.106387 2 0.585591 0.115831 2 0.578914 0.113013 2 0.585852 0.123074 2 0.581555 0.108651 2 0.584109 0.123944 2 0.580758 0.123729 2 0.584062 0.137735 2 0.580272 0.137298 2 0.583315 0.150556 2 0.579405 0.149290 2
0 0.162202 0.113095 0.011905 0.038360 0.159771 0.097832 1 0.159702 0.096996 1 0.160126 0.096839 1 0.159565 0.097988 2 0.162240 0.097348 2 0.159475 0.104077 2 0.164184 0.102593 2 0.159254 0.110776 2 0.166774 0.108397 2 0.159224 0.113126 2 0.167528 0.111303 2 0.162002 0.115608 2 0.165028 0.114824 2 0.162792 0.125323 2 0.165049 0.123653 2 0.163724 0.135081 2 0.165528 0.133374 2
0 0.385789 0.093254 0.014137 0.051587 0.385485 0.076901 1 0.385531 0.076046 1 0.385675 0.076120 1 0.384816 0.076543 2 0.387079 0.076659 2 0.383441 0.081733 2 0.388158 0.081919 2 0.382066 0.087374 2 0.389554 0.087118 2 0.382386 0.093675 1 0.389387 0.090371 1 0.384180 0.094287 2 0.387536 0.094335 2 0.383643 0.102602 2 0.388080 0.102790 2 0.383563 0.110384 1 0.388080 0.110009 1
0 0.357887 0.080688 0.010417 0.050265 0.362197 0.063780 2 0.362385 0.062857 1 0.361648 0.062901 2 0.362397 0.063196 1 0.360341 0.063318 2 0.362828 0.067980 2 0.359367 0.068375 2 0.363431 0.073815 2 0.358465 0.074849 2 0.363319 0.078790 2 0.360228 0.080472 2 0.362392 0.078510 2 0.360179 0.078834 2 0.362238 0.085677 2 0.360419 0.086099 2 0.361332 0.093994 2 0.359598 0.094847 2
0 0.211682 0.113095 0.012649 0.046296 0.208958 0.098532 1 0.209044 0.097654 1 0.209153 0.097569 1 0.209071 0.098281 2 0.210744 0.097918 2 0.209117 0.103593 2 0.211759 0.103015 2 0.209035 0.108365 2 0.212917 0.107124 2 0.209567 0.108626 1 0.212199 0.106539 1 0.210201 0.114603 2 0.212012 0.114393 2 0.211005 0.123366 2 0.212800 0.123297 2 0.211189 0.131738 2 0.213433 0.132061 2
0 0.644345 0.199074 0.016369 0.085979 0.647198 0.170686 1 0.646310 0.169435 1 0.647087 0.169616 1 0.643301 0.170346 1 0.646527 0.171353 2 0.642381 0.177416 2 0.646422 0.180624 2 0.643727 0.177842 2 0.650945 0.189082 2 0.645322 0.172230 1 0.653069 0.190650 2 0.643585 0.198973 2 0.645405 0.200230 2 0.646444 0.213427 2 0.643693 0.214878 2 0.647221 0.228143 2 0.639858 0.228657 2
0 0.941964 0.295635 0.032738 0.130952 0.944521 0.247573 2 0.944789 0.245428 2 0.943338 0.245385 2 0.944274 0.246580 1 0.940017 0.246385 2 0.944817 0.257933 2 0.935981 0.258311 2 0.945686 0.271478 2 0.932936 0.274232 2 0.945501 0.282682 2 0.936692 0.286190 2 0.942705 0.286593 2 0.936277 0.286648 2 0.942576 0.309122 2 0.933485 0.309806 2 0.939391 0.328994 2 0.930320 0.330722 2
0 0.908110 0.333333 0.036458 0.129630 0.917114 0.279491 1 0.916029 0.276800 1 0.916574 0.277297 1 0.910268 0.277722 1 0.914505 0.279273 2 0.907378 0.290158 2 0.914377 0.292783 2 0.906451 0.307502 1 0.914494 0.310817 2 0.910706 0.321127 1 0.915428 0.327697 2 0.905001 0.321342 2 0.910730 0.322507 2 0.902423 0.346992 2 0.912473 0.349136 2 0.897789 0.369384 2 0.912829 0.375519 2
0 0.818824 0.185847 0.021577 0.067460 0.820183 0.166771 2 0.819812 0.164871 1 0.820132 0.165279 2 0.817325 0.162470 1 0.818947 0.163833 2 0.813932 0.167924 2 0.816741 0.170582 2 0.811113 0.176750 2 0.818363 0.180729 2 0.814415 0.183160 1 0.822844 0.182657 2 0.809673 0.184853 2 0.811041 0.186009 2 0.810065 0.196394 2 0.809857 0.198524 2 0.808159 0.209599 2 0.806888 0.210290 2
0 0.913318 0.244048 0.027530 0.101852 0.911923 0.207299 2 0.912740 0.205441 2 0.911062 0.205458 2 0.913552 0.205919 2 0.909403 0.205956 2 0.915859 0.214736 2 0.906658 0.215395 2 0.920507 0.223142 2 0.903881 0.226006 2 0.915748 0.231896 2 0.903911 0.236743 2 0.912095 0.239120 2 0.906325 0.238819 2 0.910699 0.258141 2 0.905321 0.257555 2 0.909338 0.276003 2 0.905660 0.275443 2
0 0.870536 0.161376 0.014881 0.031746 0.876950 0.141331 1 0.877399 0.140244 1 0.876437 0.140517 1 0.878684 0.140212 1 0.876129 0.140227 1 0.879927 0.140212 1 0.875329 0.140212 1 0.879143 0.142824 1 0.873522 0.142736 1 0.876372 0.145346 1 0.872471 0.147728 1 0.878577 0.146581 2 0.875508 0.146262 2 0.877861 0.161036 2 0.875389 0.160344 2 0.877748 0.175468 2 0.875970 0.173683 2
