0 0.966890 0.281746 0.029018 0.092593 0.963264 0.249961 2 0.963447 0.248167 2 0.962473 0.247885 2 0.961791 0.248843 1 0.959033 0.248170 2 0.959748 0.258131 2 0.955610 0.257891 2 0.960501 0.268891 2 0.951547 0.270743 2 0.963756 0.273868 2 0.951809 0.282764 2 0.956724 0.282994 2 0.954484 0.283185 2 0.956005 0.302819 2 0.955817 0.303908 2 0.952654 0.322258 2 0.954046 0.325529 2
0 0.362723 0.162698 0.017113 0.068783 0.361373 0.138959 2 0.361895 0.137521 1 0.360698 0.137551 2 0.362429 0.138577 1 0.359679 0.138633 2 0.363573 0.146921 2 0.358219 0.146849 2 0.365250 0.154831 2 0.355764 0.155066 2 0.364597 0.159888 2 0.355274 0.164170 2 0.362426 0.164616 2 0.359224 0.164575 2 0.362309 0.178669 2 0.360502 0.178760 2 0.361740 0.192818 2 0.361090 0.193091 2
0 0.520461 0.417328 0.027530 0.146825 0.511922 0.370579 1 0.512234 0.368157 1 0.513103 0.368052 1 0.513162 0.369545 2 0.518863 0.368362 1 0.514313 0.386154 2 0.523027 0.381758 2 0.512993 0.410045 2 0.521591 0.399434 2 0.508593 0.422949 2 0.515143 0.412246 1 0.518990 0.424267 2 0.524090 0.421339 2 0.510895 0.451540 2 0.512260 0.446590 2 0.522302 0.474522 2 0.516711 0.468271 2
0 0.795387 0.402778 0.038690 0.138889 0.805452 0.350071 2 0.807530 0.348066 2 0.804553 0.346684 2 0.810005 0.348124 2 0.802546 0.344637 2 0.810540 0.361068 2 0.796964 0.356331 2 0.812128 0.378765 2 0.790135 0.372412 2 0.812984 0.394163 2 0.786366 0.391576 2 0.803815 0.397100 2 0.795304 0.394629 2 0.801743 0.425636 2 0.793970 0.422041 2 0.797255 0.451342 2 0.792445 0.448544 2
0 0.669271 0.178571 0.017113 0.068783 0.668172 0.155245 1 0.668527 0.153990 1 0.668739 0.154144 1 0.669581 0.154702 2 0.672224 0.154677 1 0.668243 0.161637 2 0.674465 0.161270 2 0.666920 0.170511 2 0.677326 0.168536 2 0.667565 0.179958 2 0.676374 0.176919 2 0.668814 0.181343 2 0.673186 0.181097 2 0.666448 0.195837 2 0.671793 0.196697 2 0.665472 0.212111 2 0.671840 0.211103 2
0 0.654018 0.442460 0.029762 0.162698 0.654975 0.383367 1 0.655815 0.380249 1 0.656267 0.380752 1 0.657535 0.384112 2 0.663139 0.384256 1 0.655230 0.405272 2 0.666056 0.404471 2 0.652224 0.428881 2 0.666731 0.428753 2 0.650273 0.435237 2 0.660372 0.437584 1 0.654751 0.449260 2 0.662344 0.448503 2 0.653362 0.481597 2 0.660781 0.480304 2 0.654165 0.516768 2 0.662212 0.511377 2
0 0.345610 0.464286 0.031994 0.145503 0.348494 0.403371 1 0.346997 0.400790 1 0.348288 0.400348 1 0.339696 0.403367 1 0.347607 0.403127 2 0.335948 0.422382 2 0.349459 0.421913 2 0.336549 0.445785 2 0.353935 0.445332 2 0.341974 0.457799 1 0.358539 0.462113 2 0.340975 0.464015 2 0.350415 0.464381 2 0.346086 0.491202 2 0.355287 0.490619 2 0.346841 0.517297 2 0.355084 0.519316 2
0 0.420387 0.414021 0.031250 0.142857 0.410490 0.354758 1 0.409819 0.352076 1 0.410954 0.351803 1 0.405196 0.354809 2 0.413920 0.353930 2 0.403180 0.374483 2 0.417415 0.371145 2 0.401209 0.395914 2 0.423088 0.390857 2 0.402552 0.399147 2 0.424773 0.404834 2 0.408046 0.414146 2 0.417604 0.412671 2 0.411787 0.444460 2 0.420232 0.439818 2 0.413818 0.473499 2 0.421711 0.470392 2
0 0.221726 0.435185 0.026786 0.140212 0.223020 0.376199 2 0.222401 0.374033 1 0.221550 0.374153 2 0.219464 0.377928 1 0.217732 0.378629 2 0.219327 0.395240 2 0.216903 0.396897 2 0.218171 0.416853 1 0.214620 0.417691 2 0.220291 0.432713 1 0.217439 0.437062 2 0.221968 0.435500 2 0.220226 0.437134 2 0.222668 0.461302 2 0.220479 0.466300 2 0.221361 0.485018 2 0.217998 0.495199 2
0 0.311756 0.398148 0.028274 0.129630 0.308547 0.355218 2 0.307669 0.353020 1 0.307105 0.353515 2 0.304774 0.356233 1 0.303018 0.357951 2 0.304402 0.371277 2 0.301733 0.374169 2 0.305217 0.390942 1 0.302557 0.395056 2 0.310486 0.404051 2 0.307137 0.411374 2 0.305229 0.403181 2 0.302714 0.405533 2 0.311656 0.428414 2 0.304651 0.434255 2 0.314796 0.453607 2 0.303862 0.462103 2
0 0.459077 0.383598 0.038690 0.129630 0.462029 0.340970 2 0.461368 0.337936 1 0.461347 0.338197 2 0.455431 0.337819 1 0.458802 0.338967 2 0.448620 0.350491 2 0.459713 0.355781 2 0.443947 0.367221 2 0.460348 0.378853 2 0.450251 0.370060 2 0.460832 0.377773 2 0.449141 0.387861 2 0.457147 0.390827 2 0.452450 0.412570 2 0.463195 0.416970 2 0.446391 0.436113 2 0.459138 0.444830 2
0 0.358259 0.419974 0.029018 0.141534 0.348306 0.403489 1 0.346871 0.400713 1 0.348103 0.400607 1 0.340166 0.403446 1 0.347520 0.403691 2 0.338542 0.422150 2 0.349883 0.422479 2 0.338956 0.443074 1 0.353975 0.445025 2 0.342556 0.456209 1 0.358331 0.461382 2 0.341442 0.461936 2 0.350265 0.462521 2 0.346336 0.491886 2 0.355819 0.490260 2 0.346819 0.514971 2 0.355160 0.515796 2
0 0.393973 0.361111 0.024554 0.124339 0.397044 0.317023 2 0.396140 0.314081 1 0.396432 0.314292 2 0.390270 0.313341 1 0.393855 0.314467 2 0.383764 0.324997 2 0.395061 0.329154 2 0.378018 0.336695 2 0.397649 0.347321 2 0.378878 0.349064 2 0.398777 0.354326 2 0.384912 0.362166 2 0.392109 0.364376 2 0.388093 0.388495 2 0.393719 0.388680 2 0.386518 0.412615 2 0.389639 0.412741 2
0 0.400670 0.398810 0.027530 0.146825 0.412382 0.356383 1 0.411370 0.353874 1 0.412683 0.353616 1 0.406189 0.356099 2 0.413925 0.355648 2 0.402981 0.373861 2 0.416548 0.371417 2 0.401398 0.394768 2 0.419059 0.390430 1 0.402371 0.402613 2 0.418247 0.401460 1 0.408195 0.413342 2 0.417445 0.412406 2 0.411184 0.444217 2 0.419335 0.441723 2 0.413200 0.473063 2 0.418981 0.470008 2
0 0.145089 0.368386 0.026786 0.125661 0.142884 0.321434 2 0.143733 0.318190 2 0.141220 0.318308 2 0.144564 0.319921 2 0.138584 0.320160 2 0.147755 0.335261 2 0.135201 0.334266 2 0.152666 0.352994 2 0.134411 0.352192 2 0.146511 0.359048 2 0.134352 0.365849 2 0.147839 0.369065 2 0.139457 0.368639 2 0.147884 0.394581 2 0.136085 0.393459 2 0.149228 0.416931 2 0.147220 0.410126 2
0 0.090402 0.380952 0.031994 0.132275 0.078728 0.336208 2 0.079796 0.333436 2 0.077577 0.333720 2 0.084137 0.333489 2 0.079205 0.334302 1 0.088886 0.346596 2 0.078398 0.344933 2 0.094067 0.363706 2 0.078138 0.357094 2 0.096286 0.385252 2 0.075106 0.370050 2 0.091346 0.382758 2 0.086080 0.382606 2 0.089573 0.408655 2 0.092655 0.407714 2 0.086732 0.436674 2 0.102158 0.425649 2
0 0.549479 0.205688 0.018601 0.083333 0.549856 0.172798 1 0.549910 0.170956 1 0.550048 0.171196 1 0.548456 0.172100 2 0.552388 0.172440 2 0.546358 0.182469 2 0.553795 0.183339 2 0.543848 0.194066 2 0.554985 0.196112 2 0.545230 0.201811 2 0.554457 0.205367 2 0.546283 0.204599 2 0.551711 0.204980 2 0.544759 0.221431 2 0.551901 0.222834 2 0.542699 0.238832 2 0.551887 0.240551 2
0 0.946429 0.279762 0.028274 0.112434 0.955284 0.239175 2 0.955543 0.236979 1 0.954211 0.236692 2 0.953428 0.237724 1 0.950544 0.237104 2 0.950264 0.248780 2 0.947710 0.248989 2 0.948952 0.265268 1 0.946012 0.266852 2 0.950525 0.279227 1 0.948050 0.281660 2 0.945637 0.280107 2 0.944203 0.280196 2 0.943761 0.302561 2 0.943862 0.303875 2 0.936240 0.322323 2 0.937629 0.326452 2
0 0.418155 0.289683 0.022321 0.103175 0.413467 0.251791 2 0.414163 0.249785 2 0.413317 0.249869 1 0.416526 0.249580 2 0.414653 0.249707 1 0.420169 0.259340 2 0.413917 0.259016 2 0.419153 0.272609 2 0.412489 0.272423 2 0.414475 0.269963 2 0.414431 0.271685 1 0.419745 0.288037 2 0.414963 0.287782 2 0.420382 0.310868 2 0.414316 0.310307 2 0.421784 0.332182 2 0.414331 0.331874 2
0 0.787946 0.274471 0.020833 0.085979 0.792518 0.243982 2 0.792825 0.242054 2 0.791736 0.241698 2 0.791943 0.242058 1 0.788583 0.240867 2 0.790060 0.252078 2 0.784559 0.250060 2 0.790081 0.266941 2 0.781366 0.263975 2 0.792395 0.273387 2 0.787685 0.272469 2 0.788193 0.272948 2 0.784337 0.273584 2 0.797994 0.281140 2 0.794023 0.282052 2 0.793213 0.301738 2 0.789488 0.303456 2
0 0.811384 0.270503 0.024554 0.080688 0.810902 0.242663 2 0.811009 0.240701 2 0.809927 0.240660 2 0.809898 0.240920 1 0.806777 0.241208 2 0.809414 0.246774 2 0.803059 0.251230 2 0.812601 0.259719 2 0.807312 0.263355 2 0.815887 0.268070 2 0.813537 0.272139 2 0.810046 0.268114 2 0.805538 0.272995 2 0.819746 0.267015 2 0.812744 0.283170 2 0.815592 0.280192 2 0.815575 0.301492 2
0 0.969494 0.935847 0.059524 0.125661 0.985832 0.922842 2 0.990738 0.918006 2 0.982936 0.914169 2 0.995164 0.923521 2 0.976867 0.914251 2 0.992573 0.954485 2 0.967475 0.936591 2 0.975101 0.995438 2 0.955776 0.969895 2 0.957265 0.992825 2 0.949938 0.986354 2 0.976669 0.999685 2 0.959411 0.989179 2 0.972216 0.987335 1 0.943132 0.974440 1 0.956274 0.996400 1 0.951874 0.990246 1
0 0.539435 0.326058 0.025298 0.064815 0.541405 0.309790 2 0.542488 0.308001 2 0.540575 0.307634 2 0.543789 0.305089 1 0.539155 0.304308 2 0.544651 0.305218 2 0.534505 0.304314 2 0.548545 0.318133 2 0.530659 0.316891 2 0.544808 0.317075 2 0.537396 0.319757 2 0.542815 0.322522 2 0.536127 0.322963 2 0.548678 0.322262 2 0.532649 0.325050 2 0.545264 0.347231 2 0.536844 0.347270 2
0 0.486235 0.159392 0.014137 0.064815 0.484875 0.138148 2 0.485430 0.136784 2 0.484373 0.137043 2 0.486752 0.136502 2 0.484244 0.137147 1 0.488661 0.142177 2 0.484357 0.142245 2 0.489879 0.150304 2 0.483885 0.148814 2 0.486349 0.151447 2 0.483350 0.149076 1 0.487997 0.157344 2 0.485282 0.157062 2 0.485245 0.171030 2 0.484677 0.170600 2 0.486665 0.184413 2 0.487046 0.182587 2
0 0.128720 0.335317 0.017857 0.041005 0.138450 0.321046 2 0.140033 0.318886 2 0.137953 0.318184 2 0.140625 0.321395 1 0.137085 0.319527 1 0.140550 0.334742 1 0.134527 0.332927 2 0.140625 0.352456 1 0.133022 0.350380 2 0.139984 0.361132 1 0.133698 0.363033 2 0.140300 0.362799 1 0.136382 0.362423 1 0.140625 0.363757 1 0.133448 0.363757 1 0.138944 0.363757 1 0.137230 0.363757 1
0 0.094494 0.313492 0.032738 0.058201 0.098413 0.306100 2 0.099445 0.304356 2 0.097387 0.304562 2 0.101285 0.303106 2 0.095641 0.304006 2 0.103571 0.308378 2 0.093600 0.312632 2 0.108781 0.315370 2 0.089680 0.324631 2 0.108816 0.317137 2 0.087678 0.332971 2 0.103324 0.327800 2 0.096309 0.329954 2 0.105281 0.318401 2 0.091549 0.324604 2 0.108999 0.336566 2 0.090698 0.344519 2
0 0.652158 0.142857 0.015625 0.052910 0.649768 0.119136 1 0.649766 0.118075 1 0.649891 0.118033 1 0.650075 0.118041 2 0.652593 0.117713 1 0.651338 0.122940 2 0.654416 0.123011 2 0.652179 0.129341 2 0.655278 0.130319 2 0.651379 0.136127 2 0.653473 0.136566 1 0.652829 0.139410 2 0.655693 0.139331 2 0.650147 0.150650 2 0.656974 0.151365 2 0.648537 0.162841 2 0.659375 0.163952 2
0 0.194568 0.207672 0.011161 0.031746 0.196035 0.199897 2 0.196363 0.198840 1 0.195444 0.198819 2 0.196657 0.199198 1 0.194203 0.199293 2 0.197939 0.204548 2 0.192753 0.205262 2 0.199549 0.208964 2 0.192034 0.212368 2 0.198864 0.209885 2 0.194142 0.219058 2 0.197462 0.216297 2 0.193935 0.216535 2 0.197148 0.212698 2 0.191997 0.212438 2 0.198018 0.220459 1 0.193893 0.219874 2
0 0.186012 0.131614 0.016369 0.048942 0.186574 0.115976 1 0.186639 0.114955 1 0.186918 0.114890 1 0.186517 0.115868 2 0.188905 0.115572 2 0.185949 0.122839 2 0.190192 0.122085 2 0.185093 0.130040 2 0.192324 0.129632 2 0.185397 0.133604 2 0.193512 0.136537 2 0.188024 0.137614 2 0.190689 0.137295 2 0.189603 0.148000 2 0.191752 0.147008 2 0.191777 0.157433 2 0.193469 0.155833 2
0 0.782366 0.185185 0.018601 0.052910 0.782876 0.164001 1 0.783033 0.162936 1 0.783412 0.162974 1 0.783511 0.163892 2 0.786274 0.163707 2 0.783167 0.170477 2 0.787529 0.169950 2 0.781580 0.177394 2 0.788803 0.176847 2 0.781282 0.178248 2 0.787558 0.180011 2 0.783429 0.184650 2 0.786228 0.184163 2 0.782957 0.195270 2 0.784795 0.195052 2 0.782727 0.205877 2 0.784579 0.205384 2
0 0.962798 0.218254 0.017857 0.068783 0.963343 0.249992 2 0.963642 0.248228 2 0.962112 0.248366 2 0.963396 0.248753 1 0.958703 0.249176 2 0.965454 0.256622 2 0.955115 0.257545 2 0.970061 0.259591 1 0.954044 0.265873 1 0.966501 0.250957 1 0.958045 0.263731 1 0.963938 0.265873 1 0.957109 0.265873 1 0.966657 0.262165 1 0.959486 0.259582 1 0.964206 0.265873 1 0.959466 0.264127 1
0 0.906622 0.189815 0.020089 0.038360 0.909286 0.175785 2 0.910011 0.174328 2 0.908596 0.174114 2 0.910965 0.174343 1 0.907163 0.173865 2 0.911969 0.181537 2 0.904471 0.181096 2 0.911819 0.190285 2 0.902373 0.189885 2 0.905449 0.192585 2 0.903585 0.192822 2 0.909522 0.196322 2 0.904504 0.195783 2 0.908683 0.192103 2 0.901499 0.191598 2 0.904496 0.200118 2 0.900497 0.198611 2
0 0.941592 0.192460 0.020089 0.033069 0.942478 0.190113 2 0.942328 0.188101 1 0.942137 0.187960 2 0.939354 0.187201 1 0.940021 0.186923 2 0.936839 0.194999 2 0.939741 0.195636 2 0.943346 0.205655 2 0.947316 0.206505 2 0.944180 0.199966 2 0.945378 0.199729 2 0.935058 0.215608 1 0.937231 0.215608 1 0.938395 0.210500 1 0.941950 0.211290 1 0.936723 0.215455 1 0.940754 0.214711 1
