0 0.168899 0.908730 0.056548 0.111111 0.167248 0.875394 2 0.167083 0.872036 2 0.168244 0.871381 1 0.169675 0.870481 2 0.176354 0.867315 1 0.172424 0.888906 2 0.185271 0.878843 2 0.163346 0.908318 2 0.194328 0.890002 2 0.154967 0.911204 2 0.189445 0.897490 2 0.175465 0.937761 2 0.182512 0.930148 2 0.155500 0.927453 2 0.158789 0.914010 2 0.157914 0.954974 2 0.158779 0.938480 2
0 0.831845 0.664683 0.050595 0.128307 0.835620 0.621471 1 0.836241 0.619031 1 0.837649 0.619701 1 0.837499 0.621528 2 0.846375 0.622539 1 0.832386 0.635318 2 0.851862 0.638903 2 0.822323 0.644544 2 0.850637 0.652830 1 0.819451 0.643615 2 0.839848 0.645658 1 0.832829 0.683960 2 0.845536 0.683570 2 0.811865 0.676384 2 0.826679 0.677357 2 0.823989 0.715143 2 0.835680 0.711727 2
0 0.443080 0.429894 0.017113 0.063492 0.446065 0.386243 1 0.446813 0.386243 1 0.445138 0.386243 1 0.448239 0.386243 1 0.443410 0.386243 1 0.450852 0.386243 1 0.440930 0.386243 1 0.452697 0.396399 2 0.438764 0.396511 2 0.446544 0.395421 2 0.444092 0.395241 2 0.449459 0.410261 2 0.442446 0.410258 2 0.449338 0.431851 2 0.441018 0.432019 2 0.449522 0.454310 2 0.440274 0.454372 2
0 0.443452 0.406746 0.020833 0.085979 0.444595 0.412956 2 0.445492 0.411659 2 0.443567 0.411640 2 0.446856 0.413037 2 0.442084 0.413170 2 0.447756 0.420645 2 0.441238 0.421374 2 0.449579 0.428236 2 0.439747 0.431768 2 0.449278 0.434653 2 0.438890 0.444285 2 0.447162 0.436533 2 0.442760 0.436730 2 0.447952 0.446099 2 0.441732 0.446588 2 0.448490 0.455918 2 0.441100 0.456374 2
0 0.418527 0.356481 0.017113 0.078042 0.417871 0.327823 2 0.418199 0.326199 1 0.417224 0.326701 2 0.418768 0.325252 1 0.416609 0.326562 2 0.420823 0.329572 2 0.416373 0.332840 2 0.425304 0.332992 2 0.415534 0.341932 2 0.422363 0.334295 2 0.414960 0.352049 2 0.420875 0.352104 2 0.418109 0.353424 2 0.422091 0.366475 2 0.418914 0.368055 2 0.421722 0.383358 2 0.418615 0.384128 2
0 0.439732 0.334656 0.025298 0.076720 0.445835 0.372432 2 0.446844 0.370609 2 0.444769 0.370629 2 0.448420 0.371993 2 0.443207 0.372038 2 0.450903 0.382947 2 0.440952 0.382619 2 0.452922 0.387277 1 0.439333 0.387277 1 0.450181 0.387277 1 0.441652 0.386685 1 0.449524 0.387277 1 0.442871 0.387277 1 0.449299 0.385275 1 0.443510 0.385097 1 0.448573 0.387277 1 0.444810 0.387277 1
0 0.473214 0.381614 0.026786 0.088624 0.474320 0.345650 2 0.475166 0.344028 2 0.473887 0.344143 2 0.477521 0.344105 2 0.474605 0.344453 1 0.478817 0.350492 2 0.477080 0.350825 2 0.474791 0.358255 2 0.475734 0.361667 2 0.469550 0.361865 2 0.471332 0.364385 2 0.482371 0.373401 2 0.480750 0.372691 2 0.480552 0.391424 2 0.477820 0.386497 2 0.482624 0.407346 2 0.478443 0.401227 2
0 0.280878 0.388889 0.021577 0.076720 0.278358 0.370055 2 0.279216 0.368580 2 0.277768 0.368806 2 0.281459 0.368754 2 0.278052 0.369368 1 0.282544 0.374356 2 0.278733 0.375718 2 0.279186 0.379054 2 0.274977 0.381597 2 0.278340 0.376407 2 0.277522 0.378284 2 0.283063 0.392171 2 0.280845 0.392584 2 0.276254 0.397647 2 0.277444 0.398920 2 0.276255 0.407808 2 0.278771 0.410697 1
0 0.312128 0.350529 0.014137 0.055556 0.308745 0.313949 1 0.309272 0.312611 1 0.308081 0.312913 1 0.310489 0.312903 1 0.307717 0.313429 1 0.312618 0.318739 2 0.308370 0.318755 2 0.314245 0.326925 2 0.307199 0.325176 2 0.311294 0.327048 2 0.307803 0.321865 2 0.314030 0.338197 2 0.311149 0.338202 2 0.314570 0.353347 2 0.311769 0.352833 2 0.315814 0.367900 2 0.312309 0.367698 2
0 0.311012 0.332011 0.016369 0.063492 0.307651 0.313441 2 0.308122 0.312052 2 0.307479 0.312165 1 0.309757 0.311767 2 0.308538 0.311822 1 0.312481 0.317728 2 0.309043 0.317187 2 0.314145 0.326223 2 0.307605 0.323672 2 0.311567 0.328199 2 0.307342 0.323963 2 0.314261 0.336109 2 0.311951 0.335819 2 0.314517 0.351703 2 0.311908 0.350948 2 0.315699 0.365969 2 0.312623 0.365381 2
0 0.408854 0.257275 0.018601 0.030423 0.410932 0.249484 1 0.410912 0.248626 1 0.411254 0.248728 1 0.411118 0.248905 2 0.413180 0.248765 2 0.410959 0.253512 2 0.414657 0.253330 2 0.408697 0.259349 2 0.415886 0.259162 2 0.407067 0.264736 2 0.415866 0.264845 2 0.411845 0.264929 2 0.414185 0.264516 2 0.408259 0.260424 2 0.410052 0.260426 2 0.406630 0.268092 2 0.408147 0.268439 2
0 0.509673 0.259921 0.016369 0.064815 0.509981 0.236760 2 0.510505 0.235612 2 0.509177 0.235683 2 0.511174 0.236434 2 0.507926 0.236609 2 0.512599 0.243765 2 0.506309 0.243958 2 0.514289 0.252343 2 0.504611 0.252955 2 0.513628 0.260341 2 0.504325 0.261438 2 0.511379 0.261728 2 0.507199 0.261722 2 0.511295 0.273827 2 0.507008 0.274222 2 0.510938 0.284801 2 0.506772 0.284991 2
