0 0.835565 0.662037 0.050595 0.128307 0.838874 0.615277 1 0.839569 0.613332 1 0.841138 0.614107 1 0.840461 0.617796 2 0.850249 0.618890 1 0.835652 0.631634 2 0.855211 0.636491 2 0.824347 0.641342 2 0.855040 0.653570 2 0.820479 0.644181 2 0.847032 0.649961 1 0.835527 0.680723 2 0.848499 0.680984 2 0.816399 0.676373 2 0.833178 0.677723 2 0.825291 0.713231 2 0.841520 0.713060 2
0 0.445312 0.438492 0.017113 0.064815 0.447166 0.394180 1 0.447988 0.394180 1 0.446221 0.394180 1 0.449340 0.394180 1 0.444464 0.394180 1 0.452000 0.394303 2 0.441463 0.394519 2 0.455209 0.407212 2 0.440338 0.407751 2 0.450873 0.406215 2 0.447721 0.408284 2 0.450556 0.421594 2 0.443192 0.421581 2 0.450352 0.443133 2 0.442684 0.443570 2 0.449717 0.466521 2 0.441147 0.467004 2
0 0.420015 0.364418 0.017113 0.080688 0.424188 0.331397 1 0.423554 0.330061 1 0.423759 0.330160 1 0.420351 0.331493 1 0.422677 0.331882 2 0.419117 0.339639 2 0.423481 0.339645 2 0.420022 0.339235 2 0.428443 0.337557 2 0.422707 0.333239 2 0.425452 0.331818 2 0.420602 0.359357 2 0.423563 0.359718 2 0.421788 0.374168 2 0.425237 0.374575 2 0.420501 0.391524 2 0.426145 0.391093 2
0 0.440476 0.342593 0.025298 0.079365 0.446632 0.380726 2 0.447655 0.379023 2 0.445457 0.379194 2 0.449292 0.380874 2 0.443899 0.381257 2 0.452252 0.392418 2 0.441642 0.392453 2 0.454488 0.397321 1 0.440114 0.397321 1 0.452265 0.397321 1 0.443864 0.395657 1 0.450716 0.397321 1 0.443846 0.397321 1 0.450830 0.395972 1 0.444851 0.396427 1 0.448500 0.397321 1 0.446189 0.397321 1
0 0.475074 0.390212 0.027530 0.092593 0.478960 0.353016 2 0.479771 0.351122 2 0.478674 0.351230 2 0.482416 0.350862 2 0.479652 0.351183 1 0.484615 0.358276 2 0.480929 0.358286 2 0.480204 0.366382 2 0.478982 0.367164 2 0.475023 0.369892 2 0.475418 0.370485 2 0.486840 0.381450 2 0.483857 0.380949 2 0.486089 0.399720 2 0.481682 0.396990 2 0.487601 0.416095 2 0.483257 0.413400 2
0 0.277158 0.396825 0.021577 0.074074 0.279103 0.377753 2 0.280034 0.375969 2 0.278164 0.376349 2 0.281841 0.375493 2 0.277093 0.376460 2 0.282710 0.381828 2 0.277387 0.382479 2 0.279940 0.387117 2 0.274725 0.388058 2 0.278452 0.383120 2 0.277087 0.383775 2 0.282752 0.399499 2 0.278558 0.399527 2 0.283001 0.409246 2 0.275523 0.408449 2 0.285188 0.420323 2 0.274884 0.420464 2
0 0.312128 0.357143 0.014137 0.055556 0.314709 0.338886 2 0.315138 0.337829 2 0.314472 0.337972 1 0.316126 0.337986 2 0.314782 0.338257 1 0.316775 0.342997 2 0.314789 0.343192 2 0.317753 0.348852 2 0.313263 0.349149 2 0.317200 0.352184 2 0.312240 0.353330 2 0.316225 0.355830 2 0.315039 0.355791 2 0.315861 0.365384 2 0.314989 0.365495 2 0.315874 0.375367 2 0.314518 0.375013 2
0 0.311756 0.338624 0.017857 0.068783 0.308725 0.316699 1 0.309049 0.315356 1 0.308488 0.315457 1 0.310247 0.314774 2 0.309196 0.314898 1 0.313117 0.319732 2 0.309519 0.319543 2 0.315455 0.328455 2 0.308746 0.327446 2 0.310759 0.327505 2 0.308556 0.327448 2 0.315794 0.338591 2 0.313408 0.338582 2 0.315896 0.354568 2 0.314053 0.354364 2 0.316407 0.371574 2 0.314512 0.370547 2
0 0.409598 0.259259 0.018601 0.031746 0.415399 0.251188 2 0.415691 0.250400 2 0.415182 0.250531 2 0.416592 0.250108 2 0.415618 0.250217 1 0.417815 0.253657 2 0.416462 0.253427 2 0.417441 0.258942 2 0.414391 0.258759 2 0.415793 0.262482 2 0.411816 0.263663 2 0.417907 0.263764 2 0.417072 0.262975 2 0.413218 0.263712 2 0.412720 0.262417 2 0.412221 0.270991 2 0.411201 0.270275 2
0 0.514509 0.264550 0.017113 0.066138 0.514528 0.242894 2 0.515042 0.241536 2 0.513762 0.241827 2 0.515871 0.241566 2 0.512757 0.242229 2 0.518020 0.247943 2 0.511720 0.248767 2 0.520324 0.256000 2 0.510000 0.257403 2 0.519986 0.263989 2 0.509775 0.266763 2 0.517270 0.266479 2 0.513196 0.266757 2 0.517653 0.278363 2 0.513627 0.278885 2 0.516856 0.289435 2 0.513688 0.290381 2
