0 0.185268 0.106481 0.016369 0.048942 0.174580 0.122096 1 0.174556 0.121220 1 0.175029 0.120973 1 0.175051 0.121703 2 0.177549 0.120769 1 0.177076 0.127376 2 0.179148 0.126319 2 0.176875 0.136378 2 0.178861 0.135326 1 0.175255 0.135855 1 0.176044 0.136080 1 0.180944 0.139716 1 0.182200 0.138941 1 0.176506 0.138250 1 0.177599 0.136766 1 0.177411 0.139276 1 0.177873 0.139414 1
0 0.584821 0.489418 0.029762 0.169312 0.583240 0.417411 1 0.583622 0.414153 1 0.584429 0.414602 1 0.582923 0.416107 2 0.591435 0.416376 2 0.578825 0.434691 2 0.595641 0.436482 2 0.575457 0.459028 2 0.598557 0.461984 2 0.574099 0.475477 2 0.597983 0.479604 2 0.581260 0.480970 2 0.592854 0.482058 2 0.577632 0.512180 2 0.589804 0.517520 2 0.578141 0.545948 2 0.588221 0.551123 2
0 0.811756 0.455026 0.044643 0.158730 0.819064 0.388878 2 0.821187 0.386152 2 0.817862 0.384986 2 0.823887 0.388252 2 0.815948 0.385481 2 0.827455 0.404868 2 0.811312 0.402322 2 0.829677 0.426131 2 0.805162 0.420554 2 0.830642 0.446011 2 0.800402 0.441971 2 0.820028 0.445959 2 0.809458 0.444378 2 0.820098 0.476930 2 0.806414 0.477087 2 0.813871 0.499369 2 0.806336 0.506731 2
0 0.668899 0.177249 0.016369 0.068783 0.668663 0.155913 1 0.668784 0.154583 1 0.668987 0.154643 1 0.668547 0.155098 2 0.671885 0.155074 2 0.667175 0.162166 2 0.673550 0.162580 2 0.663135 0.170455 2 0.674341 0.172869 2 0.664417 0.174934 2 0.674217 0.182153 2 0.667759 0.181925 2 0.672231 0.181995 2 0.666755 0.196877 2 0.672082 0.197202 2 0.665161 0.211998 2 0.672082 0.212579 2
0 0.593750 0.450397 0.044643 0.165344 0.583981 0.417793 1 0.584162 0.414506 1 0.585031 0.414988 1 0.582613 0.416222 2 0.591494 0.416666 2 0.578643 0.434832 2 0.595721 0.436625 2 0.575637 0.458233 2 0.599148 0.461695 2 0.574198 0.474753 2 0.599307 0.479020 2 0.581103 0.481298 2 0.592834 0.482200 2 0.577425 0.512999 2 0.589703 0.517127 2 0.578352 0.546490 2 0.588251 0.550340 2
0 0.327381 0.509259 0.031250 0.164021 0.329742 0.448741 1 0.328062 0.445998 1 0.329339 0.445701 1 0.320256 0.448822 1 0.327864 0.449098 2 0.316854 0.467245 2 0.329888 0.468987 2 0.316048 0.491481 2 0.334434 0.493122 2 0.318564 0.510015 1 0.338451 0.511304 2 0.320285 0.511304 2 0.329092 0.512705 2 0.323301 0.541780 2 0.330215 0.545040 2 0.323514 0.569876 2 0.329075 0.579235 2
0 0.406250 0.403439 0.023810 0.145503 0.415384 0.369521 2 0.414121 0.367311 1 0.414628 0.367749 2 0.409734 0.368776 1 0.411430 0.370386 2 0.404933 0.385593 2 0.408100 0.386470 2 0.402819 0.406890 1 0.404593 0.409300 2 0.405388 0.422237 1 0.407525 0.429597 2 0.405712 0.422695 2 0.406750 0.423860 2 0.410584 0.451347 2 0.406614 0.453059 2 0.409856 0.478635 2 0.392456 0.474060 2
0 0.260417 0.447090 0.026786 0.142857 0.260315 0.394343 2 0.259277 0.391561 1 0.258855 0.391881 2 0.255876 0.395138 1 0.254971 0.396389 2 0.259297 0.410617 2 0.251069 0.414818 2 0.258772 0.429748 1 0.250837 0.437696 2 0.260398 0.448523 1 0.251554 0.458829 2 0.262188 0.452974 2 0.256331 0.455841 2 0.265925 0.479750 2 0.256709 0.486225 2 0.256197 0.498011 2 0.257303 0.509457 2
0 0.329241 0.388228 0.024554 0.125661 0.333022 0.342440 2 0.331682 0.340181 1 0.332490 0.340209 2 0.326402 0.341203 1 0.330278 0.342285 2 0.321462 0.353640 2 0.331309 0.356426 2 0.317917 0.368304 2 0.334873 0.375201 2 0.321452 0.379862 1 0.338384 0.391958 2 0.323868 0.383912 2 0.329780 0.385552 2 0.328650 0.413315 2 0.330600 0.416577 2 0.329854 0.437756 2 0.326779 0.441841 2
0 0.622024 0.382275 0.031250 0.140212 0.621782 0.329594 1 0.620851 0.326965 1 0.621876 0.327235 1 0.616703 0.327545 2 0.623267 0.328628 2 0.611407 0.344214 2 0.624895 0.344834 2 0.609331 0.365405 2 0.627309 0.365421 2 0.611160 0.382232 2 0.626835 0.377646 2 0.615462 0.381745 2 0.623360 0.383085 2 0.626623 0.408064 2 0.629762 0.410496 2 0.626053 0.433614 2 0.618180 0.430266 2
0 0.402902 0.420635 0.031994 0.140212 0.414965 0.369301 2 0.413904 0.367178 1 0.414080 0.367638 2 0.410265 0.368952 1 0.411149 0.370528 2 0.405564 0.385485 2 0.408238 0.386539 2 0.403458 0.406480 1 0.405509 0.409926 2 0.405868 0.422520 1 0.408652 0.431328 2 0.405612 0.422073 2 0.406160 0.423316 2 0.411445 0.449955 2 0.406694 0.452614 2 0.410691 0.477475 2 0.393691 0.474016 2
0 0.459449 0.357804 0.033482 0.125661 0.462734 0.312216 2 0.463418 0.309070 2 0.461398 0.309189 2 0.463087 0.308261 1 0.458015 0.308404 2 0.461319 0.318327 2 0.453987 0.320494 2 0.460942 0.331868 2 0.451185 0.336743 2 0.464846 0.331172 2 0.458141 0.332712 2 0.460477 0.351001 2 0.455054 0.353336 2 0.467822 0.374215 2 0.456556 0.379291 2 0.463637 0.400037 2 0.455987 0.406072 2
0 0.312500 0.412037 0.026786 0.146825 0.329670 0.447140 1 0.327640 0.444823 1 0.329373 0.444736 1 0.319489 0.448095 2 0.327795 0.448821 2 0.317015 0.465987 2 0.328996 0.467662 2 0.317926 0.488622 1 0.330571 0.493368 1 0.323824 0.497858 1 0.331101 0.500026 1 0.318638 0.508869 2 0.327405 0.509776 1 0.320586 0.511272 1 0.330106 0.510441 1 0.319291 0.514137 1 0.328538 0.514137 1
0 0.134673 0.371032 0.034226 0.125661 0.131477 0.321651 2 0.132555 0.319288 2 0.130076 0.319541 2 0.134388 0.320396 2 0.127837 0.321176 2 0.138477 0.333179 2 0.126175 0.336370 2 0.144484 0.346190 2 0.124390 0.353614 2 0.140024 0.354421 2 0.126742 0.370121 2 0.140556 0.367269 2 0.132088 0.369369 2 0.144395 0.393513 2 0.133740 0.396802 2 0.149544 0.417701 2 0.135222 0.422150 2
0 0.049851 0.398148 0.037202 0.134921 0.037403 0.354183 2 0.038846 0.351131 2 0.036369 0.351392 2 0.043469 0.352122 2 0.037975 0.352786 1 0.048356 0.367878 2 0.037942 0.366302 2 0.053650 0.386709 2 0.037361 0.381826 2 0.054785 0.405577 2 0.032008 0.396696 2 0.050393 0.405703 2 0.045457 0.405099 2 0.047627 0.432891 2 0.052803 0.430699 2 0.045976 0.462391 2 0.063635 0.452825 2
0 0.405878 0.296296 0.015625 0.100529 0.413368 0.346937 2 0.412433 0.343962 1 0.412615 0.343998 2 0.406582 0.344035 1 0.408395 0.345148 2 0.400356 0.358271 2 0.405583 0.360395 2 0.396944 0.365844 1 0.405801 0.365844 1 0.403848 0.360360 1 0.411696 0.360716 1 0.399353 0.365844 1 0.402798 0.365844 1 0.403382 0.359734 1 0.406763 0.362289 1 0.401233 0.364469 1 0.405513 0.364840 1
0 0.547619 0.205026 0.019345 0.082011 0.548551 0.172862 1 0.548535 0.171032 1 0.548683 0.171336 1 0.546689 0.172156 2 0.550580 0.172662 2 0.544548 0.182411 2 0.552316 0.183437 2 0.542160 0.194472 2 0.552947 0.196193 2 0.540443 0.205081 2 0.550508 0.202514 2 0.544426 0.204332 2 0.550171 0.204753 2 0.543285 0.221731 2 0.551161 0.222391 2 0.542651 0.239615 2 0.551858 0.240116 2
0 0.950893 0.285053 0.028274 0.109788 0.965454 0.245126 2 0.966557 0.243004 2 0.964463 0.242543 2 0.967349 0.242812 1 0.961140 0.241137 2 0.966869 0.256031 2 0.955983 0.253724 2 0.968467 0.269397 2 0.950875 0.268523 2 0.967759 0.282367 2 0.949227 0.285456 2 0.961719 0.289662 2 0.954195 0.287914 2 0.959012 0.311875 2 0.949041 0.308408 2 0.954362 0.331840 2 0.940415 0.327745 2
0 0.787202 0.274471 0.020833 0.085979 0.792289 0.243966 2 0.792465 0.242002 2 0.791539 0.241666 2 0.791417 0.242078 1 0.788371 0.241049 2 0.789697 0.252390 2 0.784307 0.250509 2 0.789580 0.267251 2 0.781406 0.264645 2 0.793490 0.275140 2 0.787535 0.272714 2 0.787951 0.273542 2 0.784091 0.274137 2 0.797865 0.280852 2 0.792833 0.281661 2 0.795062 0.302376 2 0.789743 0.303961 2
0 0.810268 0.268519 0.025298 0.082011 0.810431 0.243098 2 0.810713 0.240974 2 0.809625 0.240771 2 0.809764 0.240695 1 0.806639 0.240359 2 0.809234 0.247051 2 0.803185 0.251008 2 0.812061 0.260240 2 0.808362 0.264963 2 0.815383 0.267425 2 0.813496 0.273272 2 0.809418 0.269039 2 0.805123 0.273406 2 0.819934 0.269281 2 0.814938 0.281593 2 0.814432 0.283554 2 0.815702 0.300645 2
0 0.584821 0.205026 0.016369 0.031746 0.584567 0.201542 2 0.585101 0.200343 2 0.583991 0.200362 2 0.585852 0.200135 2 0.583189 0.200248 2 0.586656 0.204449 2 0.582546 0.204743 2 0.588321 0.210094 2 0.581421 0.210369 2 0.586502 0.212642 2 0.582497 0.211974 2 0.586080 0.214905 2 0.583330 0.214984 2 0.586997 0.214179 1 0.581279 0.214518 1 0.586633 0.215921 1 0.582600 0.215883 1
0 0.968378 0.935185 0.057292 0.126984 0.980346 0.917689 2 0.985274 0.913018 2 0.978301 0.909153 2 0.990540 0.915576 2 0.973327 0.905988 2 0.989034 0.946972 2 0.964985 0.928677 2 0.977793 0.988890 2 0.954893 0.956365 2 0.956809 0.989028 2 0.949939 0.981089 2 0.974463 0.998962 2 0.958395 0.988811 2 0.962966 0.990497 1 0.943971 0.982218 1 0.955260 0.995097 1 0.951161 0.995550 1
0 0.538690 0.322751 0.026786 0.071429 0.542025 0.309747 2 0.543108 0.307949 1 0.541086 0.307698 1 0.544249 0.304705 1 0.539390 0.304213 2 0.545420 0.302949 2 0.534777 0.303239 2 0.549795 0.315144 2 0.531536 0.316620 2 0.546163 0.319070 2 0.538316 0.319893 2 0.543887 0.321984 2 0.536720 0.322939 2 0.549166 0.322687 2 0.532206 0.325153 2 0.546810 0.348150 2 0.537828 0.347822 2
0 0.486235 0.156746 0.017113 0.067460 0.486863 0.133125 2 0.487591 0.131890 2 0.486468 0.131933 2 0.489087 0.132926 2 0.486277 0.132921 1 0.490931 0.140853 2 0.485608 0.140348 2 0.492464 0.149299 2 0.485011 0.146888 2 0.491362 0.152883 2 0.485335 0.148712 2 0.489992 0.158095 2 0.486213 0.157703 2 0.489657 0.172314 2 0.485198 0.171747 2 0.489846 0.185588 2 0.483981 0.185187 2
0 0.117560 0.322751 0.017857 0.055556 0.129464 0.321099 2 0.129464 0.319060 1 0.128780 0.319139 2 0.129464 0.320940 1 0.127331 0.321229 2 0.129402 0.335779 1 0.125271 0.336843 2 0.129464 0.351181 1 0.123798 0.352417 2 0.129287 0.359716 1 0.125877 0.360820 2 0.129464 0.358827 1 0.128334 0.360009 1 0.129422 0.349929 1 0.126835 0.352890 1 0.128873 0.358489 1 0.127894 0.359439 1
0 0.092634 0.310185 0.033482 0.059524 0.099302 0.303090 2 0.100137 0.301387 2 0.098136 0.301497 2 0.101528 0.302128 2 0.096473 0.302777 2 0.103710 0.309373 2 0.094275 0.311828 2 0.109071 0.317771 2 0.090380 0.323602 2 0.109079 0.317394 2 0.088475 0.331848 2 0.101800 0.326114 2 0.095274 0.327293 2 0.104073 0.322887 2 0.089513 0.326322 2 0.105649 0.337244 2 0.090760 0.339886 2
0 0.623140 0.138228 0.015625 0.056878 0.625192 0.113613 2 0.625950 0.112541 2 0.625122 0.112519 1 0.627480 0.113821 2 0.625297 0.113607 1 0.628840 0.121839 2 0.623641 0.121165 2 0.629903 0.130212 2 0.621272 0.126864 2 0.628062 0.133895 2 0.622004 0.127309 2 0.626690 0.139375 2 0.622977 0.138926 2 0.626358 0.152249 2 0.621227 0.152020 2 0.626084 0.165046 2 0.619360 0.165170 2
0 0.203869 0.214286 0.011905 0.031746 0.208598 0.208040 2 0.209008 0.206830 2 0.207976 0.206821 2 0.209293 0.206579 1 0.206475 0.206639 2 0.209769 0.211842 2 0.204695 0.211431 2 0.210107 0.216796 2 0.203648 0.215103 2 0.208271 0.216613 2 0.205235 0.214658 2 0.209233 0.223763 2 0.205864 0.223711 2 0.208427 0.215676 2 0.204155 0.216099 2 0.208991 0.226948 2 0.206266 0.226123 2
0 0.179315 0.136905 0.016369 0.048942 0.174198 0.123318 1 0.174293 0.122318 1 0.174511 0.122231 1 0.175270 0.122449 2 0.176763 0.122050 1 0.177153 0.127128 2 0.178401 0.126865 2 0.177959 0.134505 2 0.179320 0.134701 2 0.176158 0.137507 2 0.176229 0.139136 1 0.181484 0.140126 2 0.182140 0.139824 2 0.180106 0.150146 2 0.179574 0.149399 2 0.182568 0.160564 2 0.181404 0.159501 2
0 0.782366 0.185185 0.018601 0.052910 0.783029 0.167466 2 0.783529 0.166373 2 0.782807 0.166446 1 0.784955 0.166250 2 0.783361 0.166455 1 0.786711 0.171779 2 0.783397 0.172556 2 0.789719 0.177224 2 0.782153 0.179554 2 0.788049 0.183808 2 0.781909 0.186010 2 0.785709 0.187131 2 0.783736 0.187055 2 0.784787 0.197391 2 0.783397 0.197239 2 0.784898 0.207598 2 0.782529 0.207497 2
0 0.395089 0.095899 0.010417 0.048942 0.395605 0.079936 2 0.396081 0.079061 2 0.395238 0.079008 2 0.396859 0.079747 2 0.394718 0.079616 2 0.397728 0.085281 2 0.393826 0.085182 2 0.398544 0.090722 2 0.392691 0.090279 2 0.397869 0.094658 2 0.393289 0.094248 2 0.397271 0.096298 2 0.394581 0.096359 2 0.398075 0.104447 2 0.394891 0.104662 2 0.398601 0.112320 2 0.394599 0.112880 2
0 0.983631 0.218254 0.017857 0.068783 0.984050 0.193430 1 0.984297 0.191827 1 0.984653 0.192414 1 0.984187 0.192791 2 0.988127 0.193706 2 0.981143 0.200516 2 0.990617 0.202339 2 0.976567 0.207220 2 0.993267 0.209197 2 0.977371 0.206249 2 0.990901 0.207924 2 0.980395 0.225261 2 0.986611 0.226069 2 0.976688 0.240496 2 0.983199 0.244035 2 0.975962 0.259732 2 0.982280 0.262934 2
0 0.941592 0.192460 0.020089 0.033069 0.941108 0.186692 2 0.941925 0.184969 2 0.940476 0.184916 2 0.943055 0.184659 2 0.939904 0.184496 2 0.945462 0.188947 2 0.939258 0.187519 2 0.946102 0.198820 2 0.935748 0.194530 2 0.941449 0.199553 2 0.935000 0.197592 2 0.943356 0.201731 2 0.939523 0.200237 2 0.942600 0.203253 2 0.934010 0.201289 2 0.937725 0.207113 2 0.939520 0.207163 2
0 0.925967 0.190476 0.018601 0.034392 0.924210 0.195534 2 0.926830 0.191480 2 0.922835 0.190898 2 0.930943 0.192902 2 0.921293 0.191283 1 0.936373 0.208293 2 0.920661 0.205902 2 0.938411 0.213686 1 0.919675 0.213632 1 0.934378 0.201442 1 0.921237 0.206774 1 0.932211 0.213686 1 0.923060 0.213686 1 0.926634 0.201533 1 0.917852 0.196738 1 0.923563 0.205993 1 0.926155 0.203885 1
