0 0.890625 0.671296 0.055060 0.136243 0.894116 0.624216 1 0.894772 0.621501 1 0.896069 0.622223 1 0.895419 0.624503 2 0.904993 0.625329 2 0.889697 0.640157 2 0.910958 0.642740 2 0.880136 0.647771 2 0.912029 0.652605 2 0.877496 0.641198 2 0.903703 0.644876 1 0.890149 0.692420 2 0.904466 0.691986 2 0.870466 0.686319 2 0.888687 0.688861 2 0.876920 0.726294 2 0.894023 0.725738 2
0 0.438988 0.652116 0.028274 0.097884 0.439333 0.619558 2 0.440756 0.617188 2 0.437686 0.617369 2 0.442885 0.618025 2 0.435174 0.618646 2 0.444491 0.630411 2 0.433775 0.630883 2 0.446892 0.643126 2 0.430861 0.643275 2 0.446112 0.655710 2 0.429665 0.655463 2 0.442763 0.657331 2 0.435493 0.657519 2 0.445210 0.674284 2 0.436029 0.674679 2 0.447500 0.690990 2 0.436145 0.691213 2
0 0.431920 0.617063 0.027530 0.157407 0.440177 0.554084 2 0.440141 0.551083 2 0.438299 0.551842 2 0.438804 0.552198 1 0.432939 0.554181 2 0.441905 0.567272 2 0.426382 0.571145 2 0.445305 0.586301 2 0.421857 0.594496 2 0.443073 0.588346 2 0.432266 0.594724 2 0.440416 0.613329 2 0.429566 0.615475 2 0.441256 0.649289 2 0.429452 0.651278 2 0.439755 0.682474 2 0.426300 0.683332 2
0 0.591518 0.629630 0.032738 0.097884 0.588266 0.584737 2 0.590016 0.581805 2 0.586646 0.581813 2 0.592701 0.583280 2 0.584771 0.583292 2 0.595404 0.591555 2 0.581767 0.589913 2 0.599449 0.599197 2 0.577874 0.595262 2 0.600053 0.597686 2 0.579130 0.596615 2 0.593172 0.617511 2 0.583145 0.616802 2 0.600702 0.627301 2 0.573607 0.626920 2 0.599788 0.651671 2 0.580524 0.649689 2
0 0.589286 0.602513 0.043155 0.133598 0.589461 0.554376 2 0.591433 0.550824 2 0.587634 0.550288 2 0.594130 0.553030 2 0.585149 0.552078 2 0.597032 0.567293 2 0.581916 0.567215 2 0.601509 0.583213 2 0.577670 0.586946 2 0.603948 0.593553 2 0.576547 0.594973 2 0.594558 0.604140 2 0.583390 0.603793 2 0.603427 0.625535 2 0.572336 0.623688 2 0.601432 0.653195 2 0.576982 0.651046 2
0 0.406994 0.466931 0.023810 0.111111 0.405621 0.428282 1 0.405872 0.426885 1 0.406164 0.426892 1 0.405686 0.429190 2 0.409790 0.428998 2 0.403827 0.437824 2 0.412202 0.438206 2 0.401418 0.427195 2 0.415867 0.427695 2 0.404266 0.424084 2 0.411640 0.424568 2 0.406310 0.465020 2 0.411615 0.465315 2 0.406502 0.488204 2 0.410482 0.489621 2 0.406032 0.511391 2 0.410492 0.511878 2
0 0.440104 0.441799 0.033482 0.108466 0.438503 0.398885 1 0.437845 0.396849 1 0.438537 0.396767 1 0.433788 0.398052 2 0.439583 0.398167 2 0.431894 0.409712 2 0.440781 0.410431 2 0.431317 0.418877 2 0.445535 0.422476 2 0.435486 0.415150 1 0.452606 0.429609 2 0.433526 0.439490 2 0.439597 0.439732 2 0.432943 0.462123 2 0.439672 0.462905 2 0.429783 0.482477 2 0.438067 0.485764 2
0 0.492188 0.534392 0.034970 0.134921 0.489581 0.476959 2 0.490609 0.473655 2 0.488595 0.474361 2 0.494415 0.472620 2 0.489477 0.474314 1 0.497565 0.485839 2 0.493410 0.484080 2 0.488948 0.498080 2 0.488621 0.491751 2 0.481296 0.505788 2 0.483604 0.496643 2 0.501134 0.521069 2 0.497694 0.519387 2 0.500055 0.548587 2 0.495866 0.541947 2 0.501674 0.572605 2 0.496977 0.564550 2
0 0.202753 0.531085 0.027530 0.101852 0.201531 0.490284 2 0.201567 0.488229 2 0.201285 0.488434 1 0.203809 0.486371 2 0.204824 0.486979 1 0.207132 0.493657 2 0.208659 0.493473 2 0.204841 0.502413 2 0.202923 0.500673 2 0.203882 0.497036 2 0.203267 0.497827 1 0.209944 0.518954 2 0.211861 0.518501 2 0.202762 0.531012 2 0.209800 0.532119 2 0.206290 0.547377 2 0.215989 0.550285 2
0 0.265997 0.412037 0.020089 0.085979 0.265092 0.378109 2 0.265180 0.376229 2 0.265121 0.376319 1 0.267294 0.375444 2 0.267682 0.375696 1 0.271431 0.383211 2 0.269723 0.381888 2 0.267895 0.391735 2 0.265677 0.388914 2 0.263790 0.391261 2 0.263978 0.390345 2 0.273383 0.407909 2 0.272044 0.406754 2 0.273221 0.428483 2 0.271109 0.425441 2 0.274667 0.446772 2 0.273696 0.445412 2
0 0.406622 0.289021 0.020089 0.041005 0.410230 0.271119 2 0.410672 0.270117 2 0.410194 0.270092 2 0.411689 0.270700 2 0.411011 0.270326 1 0.412237 0.276627 2 0.411089 0.276052 2 0.410874 0.284156 2 0.408430 0.283470 2 0.408911 0.286481 2 0.405875 0.288575 2 0.411575 0.290316 2 0.410921 0.289463 2 0.405811 0.291555 2 0.405891 0.291105 2 0.402057 0.301803 2 0.402793 0.302198 2
0 0.536458 0.333333 0.020833 0.089947 0.537631 0.300722 2 0.538294 0.298968 2 0.536634 0.299239 2 0.539227 0.299398 2 0.534982 0.299961 2 0.541558 0.309365 2 0.532558 0.309883 2 0.544129 0.320405 2 0.529706 0.321864 2 0.543425 0.333068 2 0.529827 0.333549 2 0.539858 0.336761 2 0.533885 0.336725 2 0.539518 0.355405 2 0.532974 0.354769 2 0.539168 0.372592 2 0.532492 0.371064 2
0 0.339658 0.299603 0.017113 0.051587 0.338553 0.281292 2 0.339053 0.280066 2 0.338053 0.280428 2 0.340317 0.280065 2 0.337945 0.280929 1 0.342035 0.285277 2 0.338614 0.286439 2 0.344291 0.291317 2 0.338123 0.293163 2 0.343334 0.294722 2 0.338392 0.296570 2 0.342301 0.299040 2 0.340096 0.299377 2 0.342380 0.309077 2 0.340425 0.309201 2 0.342839 0.318290 2 0.340247 0.318391 2
0 0.389137 0.281746 0.010417 0.044974 0.391629 0.268841 2 0.391327 0.267986 1 0.391392 0.267990 2 0.389494 0.268685 1 0.390459 0.268701 2 0.388749 0.273722 2 0.390537 0.273850 2 0.388622 0.279901 1 0.391074 0.279976 2 0.389913 0.284342 1 0.391561 0.284181 2 0.389134 0.284327 2 0.390558 0.284545 2 0.389355 0.290385 2 0.391933 0.290333 2 0.387542 0.295657 2 0.391678 0.297158 2
