0 0.915257 0.565686 0.009191 0.043791 0.912264 0.549046 1 0.912187 0.548088 1 0.912424 0.548365 1 0.911068 0.548147 2 0.913442 0.548808 2 0.909588 0.552859 2 0.914032 0.553876 2 0.908995 0.558780 1 0.914446 0.560002 2 0.909629 0.563440 1 0.912986 0.563667 1 0.908889 0.565179 2 0.912185 0.565661 2 0.909645 0.569400 2 0.914161 0.570270 2 0.909202 0.579692 1 0.913729 0.580462 2
0 0.982904 0.540196 0.010662 0.042484 0.984359 0.522654 2 0.984923 0.522003 2 0.984044 0.521807 2 0.985786 0.522926 2 0.983709 0.522425 2 0.986377 0.527980 2 0.982821 0.526695 2 0.987221 0.533167 2 0.980858 0.530955 2 0.987040 0.532260 2 0.979931 0.537152 2 0.984095 0.538380 2 0.981981 0.537586 2 0.982878 0.546677 2 0.982001 0.546231 2 0.981885 0.554722 2 0.981828 0.554988 2
0 0.973346 0.536275 0.012132 0.039869 0.975236 0.522031 2 0.975459 0.521438 2 0.974836 0.521204 2 0.975290 0.522173 1 0.973518 0.521603 2 0.975156 0.526211 2 0.972055 0.526034 2 0.975615 0.530694 2 0.969836 0.530883 2 0.975491 0.533959 2 0.969548 0.536982 2 0.973522 0.536033 2 0.971666 0.535966 2 0.971992 0.542916 2 0.970866 0.543946 2 0.970615 0.549617 2 0.969870 0.552511 2
0 0.976287 0.522549 0.009191 0.035948 0.972930 0.507342 2 0.973282 0.506715 2 0.972533 0.506547 2 0.973463 0.507116 1 0.971540 0.506602 2 0.973595 0.511184 2 0.970272 0.510431 2 0.974252 0.516792 2 0.969853 0.516110 1 0.974317 0.519495 2 0.970237 0.522218 1 0.972745 0.523300 2 0.970521 0.523053 2 0.972570 0.533085 2 0.970373 0.532984 2 0.972250 0.542193 2 0.970178 0.542189 2
0 0.970037 0.521242 0.009926 0.035948 0.975210 0.521865 2 0.975380 0.521196 2 0.974688 0.521124 2 0.975092 0.521948 1 0.973349 0.521906 2 0.974995 0.526668 2 0.971834 0.526684 2 0.975835 0.531038 2 0.969889 0.531766 2 0.976023 0.534826 2 0.969576 0.537916 2 0.973732 0.538552 2 0.971828 0.538547 2 0.972210 0.544138 1 0.971161 0.544484 2 0.971470 0.545050 1 0.970980 0.544968 1
0 0.890993 0.557190 0.010662 0.039869 0.889610 0.542835 1 0.889714 0.541993 1 0.889982 0.542099 1 0.889754 0.542417 2 0.891845 0.542469 2 0.888659 0.546953 2 0.892877 0.547281 2 0.887267 0.551904 2 0.893699 0.553317 2 0.886582 0.556189 2 0.893896 0.558417 2 0.888926 0.558187 2 0.891679 0.558248 2 0.888770 0.565904 2 0.890785 0.565844 2 0.888733 0.573314 2 0.889929 0.572522 2
0 0.880331 0.555229 0.009926 0.043791 0.875213 0.541524 1 0.875014 0.540673 1 0.875278 0.540756 1 0.873988 0.540902 1 0.875902 0.541183 2 0.873757 0.545319 1 0.876682 0.545724 2 0.874251 0.551427 1 0.877486 0.552037 2 0.875023 0.555880 1 0.877241 0.556358 2 0.873531 0.557146 2 0.875617 0.557163 2 0.873720 0.565156 2 0.875776 0.564762 2 0.874222 0.572006 2 0.876073 0.572382 2
0 0.946875 0.502288 0.010662 0.039869 0.948439 0.488203 2 0.948778 0.487635 2 0.948280 0.487421 2 0.949047 0.487281 2 0.947919 0.486757 2 0.949405 0.489977 2 0.946140 0.489441 2 0.949801 0.495290 2 0.944901 0.494585 2 0.949769 0.495577 2 0.947556 0.494106 2 0.947864 0.500497 2 0.945786 0.500266 2 0.946841 0.507851 2 0.945794 0.507631 2 0.945950 0.515249 2 0.945715 0.515338 2
0 0.877941 0.414379 0.008088 0.026144 0.883063 0.403236 2 0.883135 0.402722 1 0.882952 0.402493 2 0.882618 0.402521 1 0.882113 0.402051 2 0.882099 0.404638 2 0.880123 0.403848 2 0.881549 0.409126 2 0.878922 0.408101 2 0.881876 0.411982 2 0.879909 0.412453 2 0.879640 0.411881 2 0.878227 0.411545 2 0.880008 0.418822 2 0.878238 0.418427 2 0.879391 0.425083 2 0.878109 0.425037 2
0 0.816544 0.382353 0.007353 0.024837 0.818441 0.373192 2 0.818580 0.372750 2 0.818197 0.372669 2 0.818532 0.373047 1 0.817577 0.372837 2 0.818782 0.375885 2 0.816621 0.375648 2 0.819031 0.379562 2 0.815656 0.379086 2 0.819212 0.382692 2 0.815513 0.382825 2 0.818199 0.382980 2 0.816776 0.382910 2 0.817741 0.387826 2 0.816415 0.388170 2 0.817053 0.392548 2 0.816075 0.393482 2
0 0.823162 0.384967 0.007353 0.024837 0.824070 0.375652 2 0.824395 0.375192 2 0.823831 0.375162 2 0.824921 0.375566 2 0.823511 0.375475 2 0.825387 0.378566 2 0.822928 0.378387 2 0.825660 0.381740 2 0.821814 0.381440 2 0.824348 0.382340 2 0.821805 0.382028 2 0.824572 0.384900 2 0.823001 0.384656 2 0.823833 0.390094 2 0.822620 0.389604 2 0.823152 0.394993 2 0.821930 0.394434 2
0 0.556801 0.525163 0.004779 0.020261 0.556454 0.517038 1 0.556459 0.516326 1 0.556752 0.516454 1 0.556188 0.516596 2 0.558118 0.516689 2 0.555237 0.520471 2 0.558889 0.520478 2 0.554075 0.526771 2 0.559297 0.526555 2 0.554777 0.529790 1 0.558676 0.530118 1 0.555901 0.531055 2 0.558305 0.531166 2 0.556147 0.537198 2 0.558070 0.537554 1 0.556315 0.539062 1 0.557751 0.539062 1
0 0.060110 0.506536 0.009191 0.040523 0.059317 0.489449 1 0.058953 0.488715 1 0.059309 0.488597 1 0.057191 0.488985 1 0.059236 0.488871 2 0.056190 0.493259 2 0.059658 0.493063 2 0.055493 0.499040 2 0.061344 0.498520 2 0.055540 0.503664 2 0.062689 0.503292 2 0.057473 0.504172 2 0.059745 0.504225 2 0.058236 0.512440 2 0.060158 0.512467 2 0.057813 0.521027 2 0.059698 0.521362 2
0 0.166544 0.481373 0.008088 0.029412 0.167220 0.471194 2 0.167594 0.470479 2 0.166903 0.470543 2 0.168324 0.470932 2 0.166604 0.471079 1 0.169210 0.474623 2 0.166419 0.474684 2 0.169954 0.480362 2 0.166412 0.481131 2 0.168458 0.482168 2 0.167015 0.487434 2 0.169121 0.481716 2 0.167339 0.481633 2 0.168533 0.488354 2 0.167307 0.488223 2 0.169637 0.495908 2 0.168791 0.495575 2
0 0.815625 0.735294 0.007721 0.056209 0.820340 0.712149 1 0.819918 0.710820 1 0.820259 0.710990 1 0.817120 0.710833 2 0.819928 0.711486 2 0.815003 0.716757 2 0.819957 0.718083 2 0.812575 0.722272 2 0.819644 0.725260 2 0.814400 0.724773 2 0.820277 0.725970 1 0.815680 0.734481 2 0.819035 0.735184 2 0.815668 0.747391 2 0.819091 0.747540 2 0.814664 0.760017 2 0.818486 0.760411 2
0 0.832537 0.710131 0.009191 0.051634 0.828319 0.707339 2 0.828948 0.706203 2 0.827931 0.706299 2 0.830401 0.706185 2 0.827897 0.706372 1 0.832280 0.711901 2 0.827454 0.711236 2 0.831356 0.719422 2 0.826267 0.716669 1 0.829603 0.712962 2 0.826922 0.711368 1 0.830744 0.729072 2 0.827013 0.728633 2 0.830947 0.742210 2 0.826103 0.741939 1 0.831973 0.745639 1 0.826103 0.745639 1
0 0.909559 0.778431 0.013235 0.048366 0.911406 0.761862 2 0.910912 0.761063 1 0.910907 0.761384 2 0.908514 0.762020 1 0.909539 0.763208 2 0.905767 0.767681 2 0.909867 0.769759 2 0.902088 0.772333 2 0.910492 0.777178 2 0.904272 0.776841 2 0.910379 0.782092 2 0.905127 0.782878 2 0.907241 0.783939 2 0.906358 0.794294 2 0.906380 0.795087 2 0.905802 0.804795 2 0.901910 0.804401 2
0 0.931618 0.808824 0.011029 0.049020 0.932981 0.791441 1 0.932864 0.790325 1 0.932886 0.790106 2 0.931142 0.790444 1 0.931899 0.790080 2 0.930513 0.796596 2 0.928732 0.797108 2 0.931132 0.806585 2 0.928146 0.808478 2 0.934264 0.807345 2 0.933353 0.808634 2 0.929712 0.816560 2 0.928652 0.817210 2 0.928020 0.828447 2 0.927688 0.830140 2 0.926492 0.838285 2 0.927487 0.840409 2
0 0.903860 0.623529 0.009926 0.043137 0.904757 0.593562 1 0.905231 0.593464 1 0.904321 0.593464 1 0.905838 0.593464 1 0.903636 0.593464 1 0.907230 0.597499 2 0.902097 0.596954 2 0.907662 0.604451 2 0.900595 0.603369 2 0.907865 0.609855 2 0.899198 0.610225 2 0.905421 0.611660 2 0.901952 0.611143 2 0.904213 0.622163 2 0.900403 0.621679 2 0.902213 0.631442 2 0.899298 0.632249 2
0 0.940625 0.606536 0.008456 0.045752 0.942005 0.584577 1 0.941980 0.583601 1 0.942098 0.583783 1 0.940807 0.583715 2 0.943074 0.584268 2 0.939110 0.588062 2 0.943986 0.589830 2 0.936473 0.592968 2 0.944292 0.596576 2 0.938584 0.593963 2 0.943169 0.599878 1 0.938651 0.602114 2 0.941983 0.602820 2 0.937214 0.610264 2 0.940593 0.612357 2 0.936255 0.618857 2 0.939834 0.622228 2
0 0.951838 0.608170 0.008088 0.051634 0.951061 0.590645 2 0.951236 0.589759 2 0.950993 0.589748 1 0.952034 0.589470 2 0.951735 0.589361 1 0.954002 0.594070 2 0.951368 0.592738 2 0.953452 0.598984 2 0.947866 0.596457 2 0.950903 0.594805 2 0.949005 0.597008 2 0.951886 0.605383 2 0.950260 0.604371 2 0.949958 0.613135 2 0.949189 0.611993 2 0.949539 0.618062 2 0.948991 0.618319 2
0 0.888419 0.503595 0.009191 0.028105 0.889877 0.486329 1 0.889947 0.485666 1 0.890042 0.485741 1 0.890460 0.485751 1 0.891412 0.485790 1 0.890655 0.487402 2 0.892089 0.487252 2 0.889481 0.487723 2 0.891670 0.487224 1 0.887778 0.489134 2 0.889693 0.488096 1 0.890266 0.494688 2 0.891185 0.494379 2 0.889472 0.504163 2 0.890104 0.504056 2 0.889093 0.513524 2 0.889689 0.513489 2
0 0.864154 0.468627 0.006250 0.033987 0.867766 0.459992 2 0.867965 0.459364 1 0.867652 0.459301 1 0.867833 0.459815 1 0.867424 0.459725 2 0.866851 0.463797 2 0.866311 0.463736 2 0.865488 0.467425 1 0.864998 0.467858 2 0.865555 0.467709 1 0.864912 0.470330 2 0.866748 0.472651 2 0.866385 0.472848 2 0.866638 0.478307 2 0.866206 0.478722 2 0.866482 0.484892 2 0.866224 0.483889 2
0 0.912500 0.491176 0.008088 0.035948 0.913025 0.475121 1 0.913043 0.474349 1 0.913252 0.474480 1 0.912550 0.474925 2 0.914549 0.475097 2 0.911635 0.479700 2 0.915400 0.479800 2 0.910479 0.485116 2 0.915991 0.485986 2 0.909610 0.489246 2 0.915472 0.490331 2 0.911525 0.490380 2 0.914044 0.490188 2 0.910793 0.497644 2 0.913015 0.496994 2 0.910884 0.505408 2 0.912515 0.504115 2
0 0.913603 0.478758 0.004412 0.033333 0.913637 0.475255 1 0.913543 0.474450 1 0.913808 0.474565 1 0.912560 0.474889 2 0.914636 0.475155 2 0.911623 0.479519 2 0.915326 0.479938 2 0.910705 0.484850 2 0.916174 0.485218 2 0.910768 0.488926 1 0.915350 0.489313 1 0.911335 0.490417 2 0.913769 0.490525 2 0.911119 0.497611 2 0.912910 0.497983 2 0.911229 0.501943 1 0.912240 0.501961 1
0 0.893566 0.547386 0.009191 0.029412 0.889329 0.542934 1 0.889403 0.542147 1 0.889758 0.542245 1 0.889750 0.542398 2 0.891830 0.542539 2 0.888834 0.546461 2 0.892981 0.547344 2 0.887304 0.551594 2 0.893696 0.554153 2 0.887644 0.554948 2 0.893626 0.558910 2 0.889058 0.558462 2 0.891685 0.558761 2 0.889018 0.566140 2 0.890703 0.566646 2 0.889430 0.567902 1 0.889854 0.567902 1
0 0.909743 0.568627 0.003309 0.031373 0.911632 0.549609 1 0.911622 0.548721 1 0.911647 0.548794 1 0.910689 0.548645 1 0.911695 0.548903 1 0.909230 0.553126 2 0.911351 0.553719 2 0.908296 0.559820 2 0.910814 0.560672 1 0.908429 0.564858 1 0.910401 0.565640 1 0.909318 0.565512 2 0.910886 0.565943 2 0.908703 0.572624 2 0.910597 0.573687 2 0.908519 0.581182 2 0.909964 0.581186 2
0 0.920221 0.560784 0.010294 0.028758 0.915745 0.550500 1 0.915746 0.549740 1 0.915936 0.549779 1 0.915680 0.549939 2 0.917235 0.550000 2 0.915064 0.554115 2 0.918028 0.554261 2 0.914053 0.559539 2 0.918582 0.560306 2 0.914606 0.563947 1 0.917858 0.565845 1 0.914737 0.565358 2 0.916658 0.565186 2 0.914323 0.573588 2 0.915499 0.573707 2 0.914071 0.579197 2 0.914692 0.579211 2
0 0.882721 0.557843 0.004412 0.046405 0.881747 0.541873 2 0.881896 0.540833 2 0.881292 0.540960 2 0.881868 0.540850 1 0.880263 0.541078 2 0.882190 0.545946 2 0.880419 0.545975 1 0.883141 0.552013 2 0.880968 0.551710 1 0.882933 0.557865 2 0.881145 0.557186 1 0.881603 0.557210 2 0.880450 0.557150 2 0.881495 0.564597 2 0.880543 0.564491 2 0.881428 0.571233 2 0.880675 0.571391 2
0 0.790625 0.427451 0.007721 0.030065 0.792175 0.413942 2 0.792344 0.413353 2 0.791934 0.413386 2 0.792123 0.413594 1 0.791219 0.413481 2 0.792603 0.416476 2 0.790081 0.416252 2 0.793309 0.419752 2 0.788785 0.419934 2 0.793730 0.419084 2 0.788190 0.423443 2 0.791413 0.424729 2 0.790048 0.424513 2 0.790384 0.430601 2 0.790636 0.430392 2 0.788621 0.436202 2 0.791286 0.437219 2
0 0.793566 0.410131 0.009191 0.015033 0.792034 0.413958 2 0.792168 0.413565 2 0.791790 0.413518 2 0.792213 0.413726 1 0.791183 0.413640 2 0.792623 0.415958 2 0.789934 0.416291 2 0.793604 0.417228 2 0.788893 0.419829 2 0.792916 0.414335 2 0.789583 0.420261 1 0.792291 0.420261 1 0.790538 0.420261 1 0.792868 0.418827 1 0.790850 0.418188 1 0.792441 0.420127 1 0.790764 0.418303 1
0 0.814522 0.382680 0.006985 0.021569 0.818275 0.373511 2 0.818484 0.373055 1 0.818071 0.372974 2 0.818620 0.373249 1 0.817631 0.373051 2 0.818793 0.375939 2 0.816799 0.375808 2 0.818786 0.379676 1 0.815757 0.379206 2 0.818460 0.382852 1 0.815477 0.382987 2 0.818269 0.383213 2 0.816981 0.383197 2 0.817888 0.388080 2 0.816609 0.388386 2 0.817306 0.392603 2 0.816303 0.393243 2
0 0.824632 0.381373 0.006618 0.021569 0.824034 0.375628 2 0.824349 0.375191 2 0.823826 0.375175 2 0.824897 0.375634 2 0.823601 0.375572 2 0.825467 0.378673 2 0.822977 0.378537 2 0.825797 0.381860 2 0.821893 0.381598 2 0.824698 0.382267 2 0.821841 0.381997 2 0.824745 0.385236 2 0.823147 0.385033 2 0.823999 0.390676 2 0.822728 0.390236 2 0.823406 0.395378 2 0.822035 0.394784 2
0 0.883824 0.408824 0.004412 0.028105 0.885061 0.401211 2 0.885177 0.400746 2 0.884778 0.400729 2 0.885005 0.401017 1 0.884027 0.400941 2 0.885055 0.403772 2 0.883139 0.403613 2 0.885380 0.407354 2 0.882641 0.406649 2 0.885549 0.410286 2 0.883483 0.406331 2 0.884347 0.411166 2 0.883137 0.411091 2 0.883545 0.416607 2 0.883072 0.416503 2 0.882537 0.420962 2 0.882400 0.420810 2
0 0.859743 0.872876 0.013603 0.050327 0.858875 0.852842 2 0.859553 0.851432 2 0.858190 0.851437 2 0.860595 0.850492 2 0.857016 0.850503 2 0.862318 0.855470 2 0.854761 0.855847 2 0.863318 0.864569 2 0.854070 0.865365 2 0.859229 0.866958 2 0.860835 0.867036 2 0.860270 0.871710 2 0.855138 0.872052 2 0.862651 0.877218 2 0.856505 0.877811 2 0.860062 0.890171 2 0.856187 0.891246 2
0 0.983272 0.861765 0.015809 0.066013 0.987417 0.836318 2 0.988297 0.834990 2 0.986702 0.834812 2 0.989679 0.835747 2 0.985561 0.835240 2 0.991071 0.843839 2 0.983898 0.842614 2 0.991381 0.853805 2 0.981707 0.851996 2 0.988119 0.859383 2 0.984822 0.858280 2 0.987558 0.860064 2 0.982852 0.858782 2 0.985268 0.871844 2 0.981894 0.869691 2 0.981603 0.885417 2 0.979789 0.884420 2
0 0.984007 0.752614 0.015809 0.056863 0.981395 0.778371 2 0.982244 0.777197 2 0.980883 0.776665 2 0.982733 0.776081 2 0.978972 0.774535 2 0.983270 0.781443 2 0.975530 0.779314 2 0.984122 0.790700 1 0.973468 0.788702 1 0.982394 0.790917 1 0.974974 0.792004 1 0.980907 0.792004 1 0.975731 0.792004 1 0.982098 0.787527 1 0.976565 0.785587 1 0.981019 0.792004 1 0.976506 0.791543 1
0 0.964154 0.863072 0.015809 0.067320 0.966011 0.838619 2 0.967144 0.837793 2 0.965521 0.836744 2 0.968148 0.839146 2 0.964137 0.836531 2 0.967932 0.845819 2 0.961445 0.843408 2 0.968845 0.853849 2 0.958712 0.850880 2 0.967307 0.855201 2 0.963638 0.855382 2 0.965062 0.861148 2 0.961063 0.860235 2 0.963431 0.874006 2 0.961730 0.873733 2 0.961391 0.884792 2 0.960919 0.888290 2
0 0.973346 0.855882 0.011397 0.055556 0.973888 0.834540 2 0.974849 0.833480 2 0.973386 0.832870 2 0.975903 0.833847 2 0.972280 0.832183 2 0.976249 0.840156 2 0.970098 0.837197 2 0.976657 0.848224 2 0.967626 0.842450 2 0.975040 0.846743 2 0.968140 0.844872 1 0.973168 0.854566 2 0.969081 0.853152 2 0.972572 0.866499 2 0.968073 0.865117 2 0.970991 0.877083 2 0.967450 0.876860 2
0 0.888603 0.716667 0.016176 0.045098 0.883638 0.702315 2 0.883621 0.700943 2 0.883027 0.702033 2 0.884330 0.699244 2 0.882892 0.701819 1 0.887101 0.700832 2 0.885019 0.703416 2 0.888350 0.708099 2 0.884909 0.708793 2 0.887133 0.714449 2 0.884750 0.715093 2 0.890595 0.709263 2 0.889241 0.710433 2 0.888028 0.714216 2 0.886911 0.717015 2 0.889550 0.722888 2 0.888644 0.725957 2
0 0.874081 0.557843 0.009926 0.038562 0.874108 0.541167 1 0.874210 0.540326 1 0.874434 0.540511 1 0.873831 0.540740 2 0.875999 0.541088 2 0.872540 0.545112 2 0.876709 0.545858 2 0.870720 0.550718 2 0.877391 0.552304 2 0.869446 0.555266 2 0.876915 0.556444 2 0.872137 0.556869 2 0.874907 0.557065 2 0.871600 0.565259 2 0.874589 0.565781 2 0.872261 0.573843 2 0.874954 0.574077 2
0 0.870772 0.550654 0.009191 0.037255 0.874383 0.541237 1 0.874456 0.540420 1 0.874730 0.540620 1 0.873924 0.540845 2 0.876176 0.541297 2 0.872496 0.545036 2 0.876604 0.546087 2 0.870862 0.550831 2 0.876882 0.552357 2 0.869775 0.555099 2 0.876682 0.556427 1 0.872008 0.556832 2 0.874753 0.557320 2 0.871743 0.564734 2 0.874623 0.566386 2 0.872379 0.572658 2 0.874716 0.574238 2
0 0.888051 0.478758 0.010662 0.037255 0.888328 0.464315 1 0.888421 0.463581 1 0.888579 0.463706 1 0.888050 0.464116 2 0.889885 0.464291 2 0.886808 0.468540 2 0.890684 0.468919 2 0.885686 0.474363 2 0.890921 0.474785 2 0.885574 0.478930 2 0.890582 0.479513 2 0.886879 0.479284 2 0.889561 0.479424 2 0.886240 0.485031 2 0.888774 0.485666 2 0.886343 0.492033 2 0.888195 0.492428 2
0 0.846507 0.526471 0.012132 0.039869 0.848448 0.510125 1 0.848364 0.509417 1 0.848452 0.509376 1 0.847297 0.509955 1 0.848352 0.509925 2 0.846351 0.514127 2 0.847010 0.514168 2 0.845945 0.519581 2 0.847323 0.519893 2 0.848588 0.519253 1 0.848575 0.518668 2 0.845472 0.523964 2 0.845796 0.524120 2 0.845544 0.532357 2 0.845151 0.532844 2 0.844480 0.540220 2 0.844360 0.539935 2
