0 0.254092 0.475198 0.008929 0.025794 0.253963 0.469189 1 0.253953 0.468773 1 0.254065 0.468753 1 0.253706 0.468835 2 0.254725 0.468777 2 0.253378 0.471079 2 0.255170 0.471007 2 0.252661 0.473457 2 0.255839 0.473830 2 0.252485 0.475393 2 0.256426 0.476367 2 0.253960 0.477075 2 0.255056 0.477006 2 0.254397 0.481574 2 0.254906 0.481220 2 0.254837 0.485757 2 0.254932 0.485308 2
0 0.823103 0.514220 0.008557 0.028439 0.824373 0.503800 1 0.824405 0.503265 1 0.824551 0.503345 1 0.824517 0.503300 2 0.825684 0.503453 2 0.824459 0.505905 2 0.826554 0.506387 2 0.823790 0.509118 2 0.826720 0.510059 2 0.822999 0.512029 2 0.825818 0.512724 1 0.824331 0.513743 2 0.825709 0.513804 2 0.823434 0.517969 2 0.824581 0.518607 2 0.824219 0.522005 2 0.825047 0.523155 2
0 0.839472 0.527447 0.007812 0.024471 0.840195 0.519875 1 0.840195 0.519319 1 0.840515 0.519450 1 0.839995 0.519371 2 0.841537 0.519635 2 0.839430 0.521842 2 0.841982 0.522904 2 0.838070 0.524766 2 0.841804 0.527080 2 0.836535 0.526262 2 0.840707 0.527878 2 0.838989 0.530309 2 0.840540 0.530505 2 0.836207 0.530322 2 0.837662 0.530401 2 0.838763 0.533805 2 0.839346 0.533771 2
0 0.721168 0.354167 0.006324 0.020503 0.721376 0.350640 1 0.721497 0.350306 1 0.721262 0.350361 1 0.721750 0.350396 2 0.721232 0.350525 1 0.722202 0.351977 2 0.721100 0.352211 2 0.722973 0.353436 2 0.720750 0.353901 2 0.722384 0.353822 2 0.721090 0.353858 2 0.722112 0.356006 2 0.721378 0.356052 2 0.722018 0.359365 2 0.721131 0.359350 2 0.722035 0.362810 2 0.720861 0.362575 2
0 0.743676 0.380622 0.005208 0.019180 0.745387 0.376431 1 0.745252 0.376062 1 0.745359 0.376097 1 0.744456 0.375948 1 0.745155 0.376119 2 0.743975 0.377451 2 0.744989 0.377674 2 0.743865 0.379761 1 0.745233 0.380018 2 0.744368 0.381147 1 0.745514 0.381613 2 0.744050 0.381887 2 0.744787 0.382063 2 0.744081 0.384987 2 0.744991 0.385148 2 0.743979 0.388000 2 0.745046 0.388015 2
0 0.736049 0.375661 0.006324 0.018519 0.738099 0.372090 1 0.738005 0.371704 1 0.738077 0.371705 1 0.737445 0.371844 1 0.737984 0.371905 2 0.737211 0.374009 2 0.737803 0.374144 2 0.737018 0.376347 2 0.737820 0.376634 2 0.737200 0.378318 1 0.737780 0.378774 2 0.737280 0.378406 2 0.737680 0.378503 2 0.737427 0.381309 2 0.737541 0.381363 2 0.737162 0.384467 2 0.737269 0.384508 2
0 0.743490 0.342593 0.006324 0.017196 0.745418 0.338338 1 0.745519 0.338029 1 0.745312 0.338020 1 0.745519 0.338325 1 0.745122 0.338327 2 0.745642 0.340253 2 0.744658 0.340232 2 0.746038 0.342079 2 0.744002 0.341969 2 0.745620 0.342751 2 0.744243 0.342607 2 0.745269 0.343790 2 0.744699 0.343797 2 0.745059 0.346280 2 0.744732 0.346359 2 0.744835 0.348739 2 0.744686 0.348687 2
0 0.597098 0.713624 0.008185 0.027778 0.597605 0.702304 2 0.597838 0.701747 2 0.597334 0.701840 1 0.598278 0.701316 2 0.597042 0.701501 2 0.599357 0.703046 2 0.596329 0.702680 2 0.599918 0.707280 2 0.595784 0.707259 2 0.598308 0.708122 2 0.596243 0.709462 2 0.599082 0.710744 2 0.596790 0.710322 2 0.599901 0.717045 2 0.595267 0.715384 2 0.600179 0.724520 2 0.595361 0.721600 2
0 0.619978 0.721230 0.007812 0.032407 0.620843 0.710253 1 0.620748 0.709702 1 0.620978 0.709781 1 0.619978 0.709965 2 0.621731 0.710068 2 0.619325 0.712982 2 0.622303 0.712612 2 0.618073 0.715868 2 0.623996 0.712967 2 0.618618 0.717811 2 0.622620 0.710887 2 0.619874 0.721160 2 0.621602 0.721107 2 0.620573 0.726853 2 0.620853 0.727083 2 0.620489 0.732790 2 0.620262 0.732672 2
0 0.533854 0.495040 0.006696 0.021825 0.534104 0.487203 2 0.534341 0.486768 2 0.533870 0.486752 2 0.534685 0.486858 2 0.533460 0.486803 2 0.535219 0.489414 2 0.532772 0.489178 2 0.535525 0.492139 2 0.531823 0.491561 2 0.534266 0.492701 2 0.532452 0.493045 2 0.534627 0.495067 2 0.532999 0.494916 2 0.534424 0.498432 2 0.532840 0.498307 2 0.534376 0.502896 2 0.532700 0.502861 2
