0 0.619792 0.500000 0.034226 0.177249 0.613381 0.432747 1 0.614010 0.429698 1 0.615025 0.430164 1 0.614787 0.432071 2 0.623211 0.432606 2 0.611488 0.448995 2 0.628175 0.453350 2 0.608863 0.475139 2 0.630394 0.476752 2 0.606942 0.497776 2 0.626274 0.492139 2 0.611277 0.497049 2 0.622796 0.499759 2 0.608108 0.523107 2 0.618708 0.536753 2 0.607273 0.552059 2 0.614456 0.571501 2
0 0.830729 0.554894 0.048363 0.183862 0.844404 0.480836 2 0.846146 0.477062 2 0.842352 0.477041 2 0.847802 0.477755 2 0.837942 0.477044 2 0.849065 0.499076 2 0.829471 0.493638 2 0.849231 0.523958 2 0.822207 0.517568 2 0.848019 0.541560 2 0.817860 0.541548 2 0.841908 0.548885 2 0.828532 0.545233 2 0.840538 0.590183 2 0.823699 0.579597 2 0.837782 0.628557 2 0.824480 0.608521 2
0 0.639881 0.187831 0.017857 0.068783 0.640249 0.160945 2 0.640999 0.159793 2 0.639787 0.159693 2 0.642434 0.160203 2 0.639246 0.159925 1 0.644167 0.167731 2 0.637908 0.166996 2 0.645101 0.178055 2 0.636342 0.175841 2 0.642560 0.187063 2 0.635837 0.184832 2 0.642274 0.186401 2 0.637820 0.185768 2 0.641404 0.199908 2 0.635835 0.199186 2 0.641487 0.214275 2 0.633654 0.213705 2
0 0.551711 0.462302 0.040923 0.165344 0.548504 0.400577 1 0.548811 0.397608 1 0.549383 0.397961 1 0.547793 0.400141 2 0.555401 0.400116 2 0.545113 0.419428 2 0.558408 0.418830 2 0.543447 0.441478 2 0.562186 0.442417 2 0.538839 0.458799 2 0.566057 0.460640 2 0.546755 0.465222 2 0.556215 0.464696 2 0.544884 0.498656 2 0.557735 0.496795 2 0.544695 0.534084 2 0.557603 0.528726 2
0 0.326265 0.513228 0.033482 0.166667 0.328299 0.451542 1 0.327000 0.448555 1 0.328204 0.448624 1 0.319573 0.450968 1 0.328276 0.451836 2 0.316168 0.468570 2 0.329550 0.471242 2 0.316113 0.485987 2 0.334975 0.492946 2 0.320793 0.488549 1 0.337375 0.502875 2 0.319553 0.513218 2 0.328996 0.514821 2 0.320891 0.545139 2 0.331289 0.547647 2 0.320914 0.575692 2 0.333469 0.580969 2
0 0.393229 0.389550 0.031994 0.146825 0.399947 0.343170 2 0.398792 0.340685 1 0.399242 0.340961 2 0.391608 0.342774 1 0.396646 0.343844 2 0.386217 0.358493 2 0.396703 0.360066 2 0.383019 0.376961 2 0.396408 0.382692 2 0.386179 0.389584 2 0.401430 0.400429 2 0.387581 0.398705 2 0.395615 0.399752 2 0.388790 0.424566 2 0.402578 0.423258 2 0.385037 0.451217 2 0.401168 0.451263 2
0 0.340030 0.466931 0.034226 0.158730 0.328124 0.451543 1 0.326914 0.448571 1 0.328062 0.448647 1 0.319999 0.451321 2 0.328580 0.452136 2 0.316649 0.470522 2 0.330377 0.472330 2 0.316644 0.492944 1 0.335687 0.495718 2 0.320129 0.507330 1 0.338346 0.514632 2 0.319660 0.515768 2 0.329461 0.517066 2 0.320221 0.549523 2 0.331472 0.551612 2 0.321017 0.574927 1 0.332904 0.578042 2
0 0.366443 0.376323 0.036458 0.133598 0.366427 0.327493 2 0.365809 0.325621 1 0.365073 0.326469 2 0.364382 0.327188 1 0.361429 0.329250 2 0.364500 0.340108 2 0.359687 0.343907 2 0.367511 0.355645 2 0.361248 0.363961 2 0.370368 0.363366 2 0.367670 0.376403 2 0.366958 0.370716 2 0.361799 0.373480 2 0.373454 0.393560 2 0.362415 0.399672 2 0.376956 0.415396 2 0.351888 0.420032 2
0 0.477307 0.367725 0.052827 0.113757 0.474802 0.316724 2 0.475935 0.313713 2 0.474262 0.314154 2 0.479570 0.312791 2 0.474977 0.313247 1 0.484968 0.328267 2 0.477191 0.321345 2 0.488542 0.347637 2 0.470265 0.312406 2 0.479534 0.355663 2 0.463259 0.300375 2 0.489279 0.361437 2 0.483972 0.358946 2 0.488763 0.388633 2 0.481389 0.386773 2 0.497481 0.417897 2 0.487372 0.414303 2
0 0.463542 0.400794 0.038690 0.140212 0.464365 0.344230 1 0.464539 0.341791 1 0.464676 0.342045 1 0.461958 0.344489 2 0.469022 0.344576 2 0.459243 0.361172 2 0.472793 0.361569 2 0.458110 0.381838 2 0.475787 0.381343 2 0.461397 0.387098 1 0.472619 0.386746 1 0.461269 0.397814 2 0.471648 0.398157 2 0.458629 0.422545 2 0.474970 0.424435 2 0.457256 0.448631 2 0.477501 0.451701 2
0 0.479539 0.368386 0.045387 0.149471 0.474086 0.316268 2 0.475232 0.313647 2 0.473960 0.313629 2 0.478996 0.313279 2 0.475790 0.312737 1 0.484316 0.328346 2 0.476857 0.319555 2 0.489456 0.346930 2 0.469281 0.309383 2 0.480028 0.353581 2 0.460493 0.296211 2 0.488831 0.362265 2 0.483510 0.358873 2 0.488553 0.389912 2 0.480239 0.390298 2 0.498025 0.417455 2 0.485295 0.415641 2
0 0.305060 0.411376 0.028274 0.156085 0.312746 0.355203 2 0.311359 0.352723 1 0.311954 0.352854 2 0.306394 0.354548 1 0.308776 0.355304 2 0.302642 0.371274 2 0.308826 0.372560 2 0.304870 0.390968 1 0.312455 0.395195 2 0.310945 0.403585 1 0.317837 0.411611 2 0.306705 0.410198 2 0.310416 0.411677 2 0.314840 0.433540 2 0.316737 0.434508 2 0.312446 0.459352 2 0.308585 0.458919 2
0 0.134673 0.371693 0.032738 0.124339 0.130653 0.320619 2 0.131827 0.318246 2 0.129228 0.318409 2 0.133692 0.319323 2 0.126824 0.319815 2 0.137722 0.333185 2 0.124805 0.335266 2 0.143817 0.345992 2 0.123517 0.352297 2 0.139394 0.351671 2 0.125776 0.367476 2 0.139299 0.368224 2 0.130437 0.369407 2 0.142344 0.393380 2 0.132141 0.395980 2 0.147834 0.417789 2 0.133839 0.421824 2
0 0.405506 0.298280 0.017857 0.104497 0.404584 0.265627 2 0.405818 0.263773 2 0.404079 0.263856 2 0.408313 0.266094 2 0.404136 0.266262 1 0.409595 0.277762 2 0.403138 0.277884 2 0.406371 0.289246 2 0.399931 0.289253 2 0.404496 0.277496 2 0.401343 0.278347 2 0.408263 0.305934 2 0.403512 0.305951 2 0.408787 0.326801 2 0.403504 0.326611 2 0.409925 0.344024 2 0.404437 0.344963 2
0 0.536086 0.203042 0.018601 0.083333 0.533640 0.170813 1 0.533577 0.169065 1 0.533778 0.169170 1 0.531745 0.170424 2 0.535846 0.170452 2 0.529718 0.181767 2 0.537772 0.181359 2 0.527982 0.194539 2 0.539890 0.194175 2 0.527716 0.204703 2 0.540294 0.203833 2 0.531179 0.204082 2 0.537085 0.203900 2 0.531385 0.221359 2 0.539441 0.220222 2 0.531353 0.238762 2 0.541075 0.236803 2
0 0.954613 0.282407 0.034226 0.117725 0.962096 0.243172 2 0.963085 0.241097 2 0.960525 0.241210 2 0.963958 0.242339 1 0.957408 0.242454 2 0.964903 0.255129 2 0.953659 0.255153 2 0.966076 0.269230 2 0.948718 0.271988 2 0.966021 0.280980 2 0.948501 0.288772 2 0.960256 0.288625 2 0.952387 0.287998 2 0.957585 0.313453 2 0.947668 0.311761 2 0.954037 0.334251 2 0.939707 0.331801 2
0 0.787202 0.273810 0.020833 0.087302 0.790996 0.243869 2 0.791476 0.241987 2 0.790132 0.241776 2 0.791294 0.241952 1 0.787276 0.241146 2 0.790338 0.251302 2 0.783825 0.249985 2 0.790130 0.265352 2 0.780777 0.264435 2 0.791667 0.272931 2 0.786880 0.272755 2 0.787620 0.272913 2 0.783054 0.273364 2 0.797456 0.281015 2 0.792336 0.280810 2 0.794790 0.301976 2 0.789771 0.303204 2
0 0.809524 0.267857 0.025298 0.083333 0.808983 0.243118 2 0.809269 0.241361 2 0.808234 0.241155 2 0.808508 0.241123 1 0.805017 0.240598 2 0.808077 0.248347 2 0.801854 0.250722 2 0.811503 0.261185 2 0.806923 0.264214 2 0.815046 0.269425 2 0.812748 0.272732 2 0.809280 0.270397 2 0.804958 0.273513 2 0.815395 0.276689 2 0.812516 0.285218 2 0.814685 0.292139 2 0.814161 0.304210 2
0 0.967262 0.933201 0.058036 0.125661 0.979872 0.917625 2 0.984901 0.912717 2 0.977528 0.909045 2 0.990035 0.916250 2 0.971967 0.907408 2 0.987875 0.948691 2 0.963752 0.933399 2 0.977722 0.990385 2 0.953556 0.964284 2 0.958577 0.989684 2 0.949193 0.981860 2 0.974309 0.996417 2 0.958325 0.987868 2 0.962857 0.993442 1 0.943044 0.986953 1 0.956126 0.997686 1 0.951629 0.998980 1
0 0.538318 0.326720 0.026042 0.071429 0.543439 0.327593 2 0.544217 0.325804 1 0.543063 0.325825 1 0.545354 0.319048 1 0.541771 0.318890 2 0.545934 0.314088 2 0.537360 0.311735 2 0.546931 0.333183 2 0.535294 0.326139 2 0.547515 0.347217 2 0.536530 0.336811 2 0.537294 0.311956 2 0.531598 0.310698 2 0.537778 0.336293 2 0.531904 0.336239 2 0.536648 0.357840 2 0.530039 0.356655 2
0 0.518229 0.290344 0.023065 0.064815 0.522445 0.266790 2 0.523488 0.265261 2 0.521650 0.265209 2 0.525266 0.265342 2 0.520503 0.265147 2 0.527237 0.274052 2 0.518361 0.273317 2 0.528700 0.285809 2 0.515533 0.282572 2 0.525350 0.292974 2 0.517478 0.292207 2 0.524729 0.295202 2 0.518875 0.294862 2 0.523839 0.308480 2 0.517547 0.309334 2 0.522992 0.323860 2 0.516634 0.325505 2
0 0.489955 0.158069 0.015625 0.056878 0.495830 0.146922 2 0.495793 0.146234 1 0.496037 0.145984 2 0.494803 0.144856 1 0.495250 0.144449 2 0.492946 0.148457 2 0.490724 0.146277 2 0.491612 0.156536 2 0.485634 0.151264 2 0.492569 0.165078 2 0.484594 0.158983 2 0.487494 0.160240 2 0.485103 0.159327 2 0.491661 0.170999 2 0.483221 0.170526 2 0.493490 0.183909 2 0.479168 0.181470 2
0 0.097470 0.320106 0.017857 0.060847 0.093359 0.301829 1 0.093782 0.299957 1 0.093063 0.300291 1 0.095262 0.298617 1 0.093788 0.299347 1 0.098712 0.303431 2 0.094012 0.305038 2 0.103144 0.311219 2 0.091830 0.314763 2 0.100114 0.313063 2 0.089059 0.322965 2 0.099524 0.320007 2 0.096404 0.320067 2 0.097748 0.326842 2 0.091142 0.326922 2 0.099821 0.339504 2 0.093925 0.339777 2
0 0.611235 0.142196 0.015625 0.067460 0.612200 0.117389 2 0.612826 0.116218 2 0.611646 0.116027 2 0.613441 0.116615 2 0.610599 0.116060 2 0.614226 0.123468 2 0.608703 0.122748 2 0.615299 0.131035 2 0.606984 0.130317 2 0.613996 0.132728 2 0.606820 0.136665 2 0.612589 0.141165 2 0.608952 0.140836 2 0.611909 0.155043 2 0.608332 0.155011 2 0.610753 0.168102 2 0.607436 0.168154 2
0 0.177455 0.133598 0.014137 0.055556 0.179414 0.130332 2 0.179837 0.129090 2 0.178803 0.129196 2 0.180444 0.129015 2 0.178016 0.129305 2 0.181812 0.133345 2 0.177355 0.133833 2 0.183236 0.139972 2 0.176872 0.140914 2 0.182986 0.144968 2 0.178143 0.145586 2 0.181816 0.146058 2 0.178369 0.146337 2 0.185330 0.149925 2 0.176041 0.150323 2 0.185312 0.159245 2 0.176752 0.159923 2
0 0.775670 0.181878 0.015625 0.059524 0.771999 0.173295 1 0.771994 0.172481 1 0.772385 0.172079 1 0.772331 0.172856 2 0.775130 0.171613 2 0.772949 0.178119 2 0.777274 0.175377 2 0.773749 0.185031 2 0.779325 0.179414 2 0.773348 0.189861 2 0.778131 0.181734 1 0.776305 0.187607 2 0.779328 0.186158 2 0.774224 0.195922 2 0.777104 0.194786 2 0.774215 0.205997 2 0.776988 0.204623 2
0 0.411830 0.113757 0.015625 0.052910 0.411443 0.095190 1 0.411201 0.094043 1 0.411542 0.094022 1 0.409626 0.094316 2 0.412366 0.094337 2 0.408186 0.100958 2 0.413700 0.100696 2 0.407114 0.109262 2 0.415011 0.109158 2 0.406403 0.116903 2 0.415251 0.116868 2 0.408968 0.115581 2 0.412714 0.115296 2 0.409231 0.126469 2 0.412639 0.125530 2 0.409531 0.136126 2 0.412035 0.135019 2
0 0.389509 0.103836 0.014137 0.048942 0.385900 0.095604 2 0.386074 0.094632 2 0.385758 0.094743 1 0.387280 0.093645 2 0.386535 0.094005 1 0.390239 0.096223 2 0.387103 0.096616 2 0.391932 0.102688 2 0.387526 0.103871 2 0.390855 0.108837 2 0.387802 0.109204 2 0.391478 0.107177 2 0.389348 0.106931 2 0.390572 0.115149 2 0.387562 0.113483 2 0.391921 0.123294 2 0.390352 0.121257 2
0 0.136905 0.117725 0.014881 0.031746 0.135697 0.115547 2 0.136392 0.114351 2 0.135195 0.114461 2 0.137800 0.114384 2 0.134758 0.114576 2 0.138806 0.118404 2 0.134112 0.118704 2 0.140021 0.124053 2 0.133699 0.124710 2 0.138754 0.127294 2 0.136034 0.127194 2 0.138370 0.125903 2 0.135096 0.126250 2 0.141612 0.123554 2 0.135574 0.123736 2 0.140790 0.128187 2 0.136514 0.128240 2
0 0.826637 0.173942 0.014881 0.051587 0.833296 0.158722 1 0.832626 0.157463 1 0.833195 0.157643 1 0.829665 0.157753 2 0.832522 0.158542 2 0.827895 0.164327 2 0.832909 0.165098 2 0.825582 0.170833 2 0.834715 0.171184 2 0.824103 0.171969 2 0.835204 0.170907 2 0.827412 0.179087 2 0.830431 0.179348 2 0.827080 0.187900 2 0.828600 0.188382 2 0.827031 0.196345 2 0.827639 0.196704 2
0 0.685640 0.137566 0.011161 0.050265 0.687163 0.122204 2 0.687556 0.121119 2 0.686652 0.121178 2 0.687954 0.121282 1 0.685796 0.121337 2 0.688348 0.126926 2 0.684610 0.126914 2 0.688868 0.134177 1 0.683578 0.134352 2 0.688975 0.139932 1 0.684629 0.140972 2 0.687558 0.140756 2 0.685139 0.140828 2 0.687433 0.149618 2 0.685580 0.149909 2 0.685716 0.157890 2 0.684724 0.157983 2
0 0.986235 0.333333 0.026042 0.132275 0.994189 0.281541 2 0.995658 0.279732 2 0.993541 0.278796 2 0.997512 0.281491 2 0.992200 0.279222 2 0.996979 0.292409 2 0.988750 0.288168 2 0.998896 0.290930 2 0.984083 0.283454 2 0.997295 0.279357 2 0.988361 0.278057 2 0.992434 0.322585 2 0.985817 0.320576 2 0.995877 0.344366 2 0.980896 0.342183 2 0.997117 0.365620 2 0.978076 0.363261 2
0 0.961310 0.326720 0.041667 0.142857 0.961476 0.294291 1 0.961802 0.292534 1 0.962279 0.293320 1 0.961295 0.294992 2 0.967842 0.296243 2 0.958026 0.304396 2 0.970320 0.305087 2 0.955884 0.294354 2 0.971784 0.291795 2 0.959416 0.287830 2 0.966977 0.281408 2 0.957658 0.338843 2 0.966488 0.338914 2 0.949801 0.362173 2 0.962567 0.364216 2 0.947449 0.388583 2 0.963167 0.385040 2
0 0.561384 0.083333 0.008185 0.037037 0.564097 0.075477 2 0.564507 0.074826 2 0.563796 0.074728 2 0.565083 0.074862 2 0.563335 0.074603 2 0.565635 0.078386 2 0.562470 0.078054 2 0.566297 0.082649 2 0.561729 0.082525 2 0.565196 0.081486 2 0.561593 0.086231 2 0.564968 0.087971 2 0.562850 0.087895 2 0.565015 0.094678 2 0.563019 0.095026 2 0.564841 0.100757 2 0.562778 0.101178 2
0 0.955729 0.171958 0.020089 0.066138 0.952697 0.156616 2 0.952940 0.155177 2 0.952778 0.155070 1 0.955087 0.154477 2 0.955712 0.154094 1 0.955978 0.161250 2 0.959480 0.159844 2 0.954868 0.172196 2 0.960816 0.168787 1 0.953731 0.180438 2 0.957756 0.176087 1 0.954428 0.181726 2 0.956856 0.180529 2 0.953092 0.193658 2 0.954809 0.192946 2 0.953690 0.206624 2 0.954678 0.206550 2
0 0.905878 0.188492 0.020089 0.038360 0.906946 0.175773 2 0.907765 0.174154 2 0.906069 0.174140 2 0.908981 0.174587 2 0.904679 0.174616 2 0.910831 0.181929 2 0.903048 0.181967 2 0.912251 0.191343 2 0.900322 0.190996 2 0.907969 0.191955 2 0.900616 0.193630 2 0.909062 0.198229 2 0.903854 0.197699 2 0.906875 0.194488 2 0.898733 0.194434 2 0.904175 0.200547 1 0.899142 0.200762 1
0 0.941592 0.192460 0.020089 0.033069 0.939864 0.189059 2 0.940869 0.187045 2 0.938946 0.187202 2 0.942426 0.186334 2 0.937851 0.186698 2 0.944356 0.191456 2 0.936598 0.191146 2 0.945056 0.199835 2 0.933846 0.198283 2 0.939679 0.200173 2 0.935512 0.199313 2 0.942244 0.203829 2 0.937335 0.203144 2 0.942001 0.202169 2 0.933330 0.201301 2 0.938226 0.206720 2 0.937425 0.206054 2
0 0.925967 0.189815 0.018601 0.035714 0.925872 0.195151 2 0.927499 0.191597 2 0.924264 0.192138 2 0.930327 0.191744 2 0.922520 0.192814 1 0.933988 0.207625 2 0.922166 0.207869 2 0.935643 0.208047 1 0.919891 0.207700 1 0.934380 0.200501 1 0.919512 0.208390 1 0.932533 0.209650 1 0.925909 0.209303 1 0.928813 0.201962 1 0.921805 0.200057 1 0.926864 0.203010 1 0.927432 0.201494 1
