0 0.187500 0.833333 0.025298 0.095238 0.179458 0.807629 2 0.179760 0.805388 2 0.180073 0.804297 1 0.182826 0.804064 2 0.185012 0.801377 1 0.184426 0.817331 2 0.189116 0.810811 2 0.184418 0.833749 2 0.192745 0.819889 2 0.181519 0.845733 2 0.191465 0.828858 2 0.186095 0.841778 2 0.188927 0.838386 2 0.186692 0.856319 2 0.187544 0.853340 2 0.192714 0.870632 2 0.191315 0.866936 2
0 0.454613 0.523810 0.019345 0.116402 0.448135 0.480688 2 0.449059 0.478220 2 0.448946 0.478097 1 0.451947 0.479079 2 0.454124 0.478478 1 0.450010 0.491295 2 0.458933 0.491534 2 0.448695 0.509724 2 0.461869 0.507194 2 0.447804 0.523527 2 0.459248 0.514812 2 0.451515 0.518894 2 0.457692 0.519251 2 0.451537 0.540788 2 0.457563 0.544427 2 0.452180 0.563648 2 0.456883 0.568102 2
0 0.175223 0.969577 0.040923 0.058201 0.170857 0.968355 2 0.171110 0.965205 2 0.172740 0.964665 1 0.173931 0.967631 2 0.181619 0.964691 1 0.175580 0.988203 2 0.187977 0.980391 2 0.161926 1.000000 2 0.174001 0.989803 2 0.164675 0.983765 2 0.167195 0.983472 2 0.179262 1.000000 1 0.187474 1.000000 1 0.163000 1.000000 1 0.168786 0.988629 1 0.160063 0.996604 1 0.166597 0.995046 1
0 0.198289 0.942460 0.051339 0.088624 0.221089 0.913793 2 0.222592 0.910744 2 0.219885 0.910480 2 0.227564 0.908750 2 0.220549 0.908591 1 0.232570 0.921349 2 0.218877 0.921012 2 0.233631 0.941277 1 0.215831 0.940536 2 0.232365 0.959944 1 0.213480 0.958190 2 0.231024 0.961529 2 0.222702 0.961206 2 0.231513 0.989645 1 0.227614 0.989445 2 0.230063 0.999285 1 0.230720 0.997486 1
0 0.440104 0.505952 0.021577 0.107143 0.448136 0.479951 2 0.448888 0.477823 2 0.448782 0.477839 1 0.451342 0.479081 2 0.452629 0.478478 1 0.449717 0.490599 2 0.454613 0.489546 1 0.448338 0.507014 2 0.454613 0.505385 1 0.448071 0.521524 2 0.453457 0.518920 1 0.451232 0.517888 2 0.454613 0.517597 2 0.450854 0.539090 2 0.453845 0.539665 2 0.450654 0.560270 2 0.451769 0.558592 2
0 0.516741 0.473545 0.026042 0.084656 0.498947 0.462292 2 0.500042 0.460577 2 0.498657 0.460563 2 0.502791 0.461592 2 0.498937 0.461622 1 0.505647 0.471618 2 0.498512 0.471771 2 0.507616 0.485391 2 0.498512 0.484471 1 0.500663 0.488981 2 0.499229 0.488263 1 0.503873 0.496696 2 0.498777 0.496491 2 0.502967 0.515561 2 0.498826 0.516058 2 0.502941 0.530706 2 0.499086 0.530795 1
0 0.487351 0.460979 0.017857 0.080688 0.486824 0.485955 2 0.488301 0.483924 2 0.485933 0.483559 2 0.491242 0.483560 2 0.485243 0.482650 2 0.494684 0.494123 2 0.482070 0.492580 2 0.496896 0.511518 2 0.478247 0.508580 2 0.496195 0.516756 1 0.478217 0.516557 2 0.491569 0.517196 1 0.483222 0.517196 1 0.491546 0.509286 1 0.482575 0.508552 1 0.489931 0.517196 1 0.483313 0.517196 1
0 0.431548 0.470238 0.022321 0.109788 0.440147 0.466325 1 0.440011 0.464460 1 0.440629 0.464545 1 0.438109 0.465830 2 0.443368 0.465827 2 0.435638 0.477313 2 0.445552 0.477221 2 0.433622 0.491021 2 0.447037 0.491390 2 0.434051 0.503092 2 0.446453 0.498486 1 0.437908 0.504643 2 0.444619 0.504513 2 0.437661 0.524815 2 0.443451 0.523371 2 0.438718 0.541857 2 0.442618 0.538915 2
0 0.800967 0.806878 0.052827 0.134921 0.801509 0.761807 1 0.802019 0.759386 1 0.804248 0.760530 1 0.802637 0.763506 2 0.814072 0.764936 2 0.795425 0.777970 2 0.817398 0.783847 2 0.786672 0.784463 2 0.817212 0.799193 1 0.782972 0.778224 2 0.810980 0.788666 1 0.796610 0.828284 2 0.811516 0.830484 2 0.783719 0.819348 2 0.802767 0.823844 2 0.791589 0.856318 2 0.805354 0.855095 2
0 0.435268 0.443122 0.017857 0.089947 0.440725 0.465708 1 0.440347 0.464066 1 0.441195 0.464201 1 0.437933 0.465393 2 0.443309 0.465724 2 0.435852 0.476998 2 0.445201 0.478089 2 0.434283 0.492077 2 0.446345 0.493970 2 0.433971 0.501049 2 0.445468 0.501359 1 0.437111 0.502354 2 0.443416 0.502926 2 0.437561 0.501603 1 0.443973 0.502928 1 0.438219 0.504258 1 0.442134 0.505291 1
0 0.488839 0.529762 0.028274 0.123016 0.486971 0.485945 2 0.488436 0.483306 2 0.485760 0.483984 2 0.491431 0.482525 2 0.484687 0.483950 2 0.493878 0.495929 2 0.481843 0.493915 2 0.496644 0.511415 2 0.478722 0.509294 2 0.496160 0.526602 2 0.477802 0.526860 2 0.491008 0.529713 2 0.483160 0.527806 2 0.489969 0.555826 2 0.481762 0.547732 2 0.489920 0.577383 2 0.483122 0.559874 2
0 0.500744 0.499339 0.022321 0.099206 0.499470 0.462466 2 0.500730 0.460738 2 0.498739 0.460553 2 0.503079 0.461381 2 0.497873 0.460997 2 0.505833 0.471544 2 0.495936 0.470573 2 0.507874 0.485120 2 0.493393 0.482440 2 0.501821 0.490570 2 0.496558 0.489313 2 0.504093 0.497507 2 0.497602 0.496814 2 0.503312 0.517903 2 0.497236 0.517205 2 0.503223 0.538264 2 0.498305 0.537892 2
0 0.550595 0.539683 0.032738 0.119048 0.550070 0.494898 2 0.551518 0.493122 2 0.549729 0.492592 2 0.555356 0.494155 2 0.550076 0.493203 1 0.559709 0.505554 2 0.546964 0.504382 2 0.563274 0.519883 2 0.543270 0.515963 2 0.563351 0.535910 2 0.540093 0.528074 2 0.556489 0.537391 2 0.548287 0.536652 2 0.555786 0.558032 2 0.548677 0.557313 2 0.554613 0.575265 2 0.549655 0.575095 2
0 0.545387 0.461640 0.026786 0.092593 0.549785 0.494555 2 0.551357 0.492626 2 0.549347 0.492437 2 0.555232 0.493738 2 0.549582 0.493177 1 0.560076 0.504064 2 0.546842 0.503097 2 0.563031 0.519965 1 0.542710 0.515966 2 0.561673 0.526000 1 0.539327 0.522331 2 0.556999 0.525964 1 0.548284 0.524968 1 0.555856 0.515312 1 0.545671 0.515462 1 0.551985 0.519241 1 0.544989 0.522793 1
0 0.604539 0.462302 0.021577 0.062169 0.602677 0.419902 1 0.603790 0.419312 1 0.601758 0.419312 1 0.606011 0.419312 1 0.600762 0.419312 1 0.609371 0.423775 2 0.598958 0.424292 2 0.613413 0.434757 2 0.595740 0.435892 2 0.612504 0.444388 2 0.594990 0.444257 2 0.608204 0.448501 2 0.600940 0.448466 2 0.609508 0.463698 2 0.597250 0.463575 2 0.610800 0.483111 2 0.597242 0.483461 2
0 0.604911 0.448413 0.020833 0.089947 0.602849 0.417025 2 0.604060 0.415347 2 0.602092 0.415160 2 0.606312 0.415470 2 0.601152 0.415182 2 0.609524 0.423195 2 0.599219 0.423536 2 0.613288 0.434260 2 0.596277 0.435085 2 0.612723 0.443943 2 0.595686 0.444250 2 0.607995 0.447034 2 0.600887 0.446978 2 0.609600 0.464729 2 0.597852 0.464666 2 0.611142 0.483521 2 0.598452 0.484870 2
0 0.513765 0.376323 0.018601 0.083333 0.513380 0.345813 2 0.514239 0.344210 2 0.512420 0.344277 2 0.515395 0.345134 2 0.510974 0.345222 2 0.516728 0.354851 2 0.509259 0.354488 2 0.518961 0.364641 2 0.507078 0.364413 2 0.519371 0.374779 2 0.505829 0.373437 2 0.515339 0.376348 2 0.510585 0.376049 2 0.514977 0.391449 2 0.511032 0.389766 2 0.514962 0.405766 2 0.511673 0.402219 2
0 0.503720 0.357804 0.022321 0.099206 0.503746 0.321334 2 0.504556 0.319408 2 0.502772 0.319614 2 0.505722 0.319304 2 0.501439 0.319755 2 0.508482 0.329340 2 0.499117 0.329574 2 0.510869 0.341740 2 0.496561 0.341687 2 0.511198 0.352159 2 0.495453 0.353617 2 0.506535 0.355390 2 0.500358 0.355342 2 0.506168 0.374349 2 0.500336 0.374837 2 0.504583 0.392356 2 0.499751 0.393181 2
0 0.433408 0.279101 0.011161 0.058201 0.434455 0.261606 2 0.434924 0.260663 2 0.433945 0.260737 2 0.435632 0.260647 2 0.433151 0.260774 2 0.436940 0.265821 2 0.432116 0.265626 2 0.438684 0.272497 2 0.430700 0.271337 2 0.437813 0.278028 2 0.430904 0.277331 2 0.435950 0.279742 2 0.432880 0.279621 2 0.435573 0.289234 2 0.433176 0.289164 2 0.435693 0.296665 2 0.433280 0.296588 2
0 0.228051 0.882937 0.039435 0.152116 0.220878 0.914171 2 0.222453 0.910926 2 0.219613 0.911130 2 0.227580 0.908288 2 0.219685 0.909452 1 0.232875 0.920997 2 0.218910 0.922238 2 0.238738 0.937756 2 0.215790 0.939628 2 0.239109 0.954847 2 0.213463 0.957564 2 0.231911 0.958931 2 0.223388 0.959341 2 0.231257 0.983353 2 0.226523 0.983575 2 0.232484 0.989418 1 0.228668 0.987567 1
0 0.226562 0.946429 0.033482 0.104497 0.221078 0.913522 2 0.222523 0.910372 2 0.219895 0.910765 2 0.227367 0.907845 2 0.220334 0.909053 1 0.232767 0.920514 2 0.219106 0.921315 2 0.239056 0.936415 2 0.215995 0.938638 2 0.239382 0.955137 2 0.213931 0.957852 2 0.231114 0.959531 2 0.222768 0.959389 2 0.231184 0.986389 2 0.225602 0.984799 2 0.232802 0.999339 1 0.228723 0.994986 1
0 0.223214 0.708995 0.035714 0.126984 0.211577 0.667199 2 0.212392 0.664536 2 0.211222 0.664771 2 0.217230 0.663406 2 0.213856 0.664300 1 0.222289 0.673992 2 0.214150 0.674096 2 0.228978 0.687406 2 0.212309 0.686606 2 0.233814 0.702688 2 0.209766 0.699031 2 0.223383 0.704981 2 0.218951 0.705143 2 0.222846 0.727744 2 0.220987 0.728182 2 0.222665 0.752184 2 0.225344 0.747400 2
0 0.109003 0.943783 0.036458 0.109788 0.106813 0.915814 1 0.107574 0.913569 1 0.108421 0.913355 1 0.109950 0.916878 2 0.116148 0.915480 1 0.105561 0.931521 2 0.119561 0.929877 2 0.096456 0.932146 2 0.121716 0.934124 2 0.098056 0.921870 2 0.114800 0.927073 2 0.108054 0.963527 2 0.117468 0.962748 2 0.109613 0.982699 2 0.119218 0.979832 2 0.110940 1.000000 2 0.123363 0.993804 1
0 0.124628 0.833995 0.045387 0.101852 0.113911 0.803291 1 0.113368 0.802811 1 0.113951 0.800667 1 0.108591 0.806342 1 0.114235 0.800323 2 0.107275 0.817420 2 0.120273 0.804218 2 0.110038 0.826973 1 0.130546 0.802835 2 0.117097 0.814455 1 0.128478 0.806071 2 0.119824 0.838264 2 0.129070 0.832463 2 0.120789 0.858157 2 0.132267 0.844597 2 0.123617 0.877081 2 0.138732 0.867738 2
0 0.191964 0.705026 0.028274 0.116402 0.184136 0.662575 1 0.184190 0.660603 1 0.185220 0.660223 1 0.183591 0.661619 2 0.190798 0.659681 2 0.182756 0.676122 2 0.195309 0.669070 2 0.182752 0.692963 2 0.202409 0.680699 2 0.185094 0.694026 2 0.198269 0.686570 2 0.189370 0.706932 2 0.196610 0.702971 2 0.191651 0.732218 2 0.191523 0.721881 2 0.199271 0.755600 2 0.192339 0.740113 2
0 0.206473 0.656746 0.023065 0.125661 0.200296 0.619827 2 0.200361 0.616943 2 0.199540 0.617391 1 0.203137 0.613361 2 0.201444 0.614829 1 0.209337 0.623219 2 0.205024 0.622781 2 0.209041 0.644148 2 0.205970 0.640692 1 0.204256 0.661427 2 0.204601 0.658338 1 0.211186 0.656388 2 0.208458 0.655577 2 0.211129 0.679628 2 0.209178 0.678662 2 0.212310 0.704966 2 0.212652 0.703441 2
