0 0.286458 0.429563 0.008929 0.025794 0.285983 0.422221 1 0.285985 0.421869 1 0.286066 0.421847 1 0.285791 0.422005 2 0.286744 0.421910 2 0.285511 0.423980 2 0.287308 0.423790 2 0.285033 0.426343 2 0.288085 0.426205 2 0.284978 0.428150 2 0.288025 0.428806 2 0.285968 0.429395 2 0.287163 0.429257 2 0.285837 0.433412 2 0.286994 0.433225 2 0.285890 0.437597 2 0.287030 0.437379 2
0 0.859189 0.521495 0.008557 0.028439 0.859575 0.520223 1 0.859366 0.519679 1 0.859574 0.519710 1 0.858186 0.519874 2 0.859552 0.520049 2 0.857498 0.522969 2 0.859933 0.523160 2 0.856565 0.526273 2 0.860292 0.526891 2 0.856382 0.528992 2 0.860009 0.529148 1 0.857600 0.530141 2 0.859272 0.530125 2 0.857606 0.532935 2 0.859254 0.532095 2 0.857778 0.537347 2 0.859241 0.536554 2
0 0.856957 0.528108 0.007812 0.024471 0.858683 0.520039 1 0.858681 0.519494 1 0.858851 0.519540 1 0.858267 0.519836 2 0.859610 0.519875 2 0.857506 0.523030 2 0.860014 0.523089 2 0.855935 0.526038 2 0.860299 0.526857 2 0.855911 0.529026 2 0.860056 0.529447 2 0.857564 0.530585 2 0.859219 0.530493 2 0.857489 0.532874 2 0.858985 0.531885 2 0.857785 0.536488 2 0.859257 0.535133 2
0 0.740885 0.362765 0.006324 0.020503 0.741570 0.358159 2 0.741736 0.357860 2 0.741436 0.357817 2 0.741925 0.358007 2 0.741253 0.357864 2 0.742170 0.359837 2 0.740796 0.359407 2 0.742788 0.361355 2 0.740119 0.360507 2 0.742153 0.360476 2 0.740636 0.361685 2 0.741690 0.364327 2 0.740875 0.364133 2 0.741213 0.367834 2 0.740870 0.367818 2 0.740982 0.371270 2 0.740846 0.371158 2
0 0.750558 0.368386 0.005580 0.019841 0.752268 0.364176 1 0.752229 0.363839 1 0.752297 0.363856 1 0.751697 0.364004 2 0.752509 0.364061 2 0.751097 0.366010 2 0.752759 0.366056 2 0.750402 0.368277 2 0.753034 0.368274 2 0.750454 0.369584 2 0.752814 0.369907 2 0.751152 0.370452 2 0.752313 0.370487 2 0.751108 0.372595 2 0.752484 0.372650 2 0.751133 0.375954 2 0.752556 0.376024 2
0 0.747582 0.364087 0.004092 0.019180 0.748944 0.363215 1 0.748953 0.362940 1 0.748887 0.362960 1 0.748760 0.363093 1 0.748794 0.363150 2 0.748715 0.364535 2 0.748589 0.364663 2 0.749284 0.365841 2 0.748607 0.366118 2 0.749571 0.365399 2 0.749235 0.365844 2 0.748533 0.368165 2 0.748506 0.368254 2 0.748573 0.370726 2 0.748768 0.370889 2 0.748322 0.373582 2 0.748528 0.373689 2
0 0.746466 0.337302 0.006324 0.017196 0.747808 0.332113 2 0.747990 0.331748 1 0.747634 0.331718 2 0.748210 0.331979 1 0.747343 0.331893 2 0.748374 0.334106 2 0.746777 0.333773 2 0.748837 0.336175 2 0.745758 0.335216 2 0.748292 0.336369 2 0.745795 0.336182 2 0.747792 0.337978 2 0.746803 0.337857 2 0.747670 0.340874 2 0.746738 0.340935 2 0.747508 0.343810 2 0.746813 0.343596 2
0 0.599888 0.654762 0.008557 0.022487 0.600174 0.648258 2 0.600417 0.647735 2 0.599899 0.647740 2 0.600771 0.647909 2 0.599497 0.647896 2 0.601599 0.650638 2 0.598824 0.650903 2 0.602931 0.654167 2 0.598322 0.654900 2 0.603448 0.657398 2 0.598938 0.658083 2 0.601466 0.658397 2 0.599603 0.658594 2 0.601932 0.663903 2 0.599450 0.664140 2 0.601862 0.668219 2 0.599430 0.668626 2
0 0.540923 0.477844 0.008185 0.027116 0.542270 0.471529 2 0.542502 0.471105 2 0.542099 0.471062 2 0.542824 0.470915 2 0.541774 0.470818 2 0.543220 0.472851 2 0.541090 0.472614 2 0.543997 0.474868 2 0.540197 0.474247 2 0.542861 0.474807 2 0.540955 0.474571 2 0.542456 0.478377 2 0.541020 0.478222 2 0.542528 0.482434 2 0.540667 0.482405 2 0.542562 0.486645 2 0.540480 0.486525 2
0 0.546689 0.488095 0.007812 0.027778 0.542394 0.471449 2 0.542630 0.470973 2 0.542203 0.470937 2 0.542936 0.471004 2 0.541911 0.470907 2 0.543208 0.472975 2 0.541646 0.472939 2 0.544068 0.474572 2 0.541522 0.474709 1 0.543049 0.475619 2 0.541974 0.475543 1 0.542554 0.478678 2 0.541521 0.478641 2 0.542708 0.483143 2 0.541674 0.483132 2 0.542616 0.486988 2 0.541878 0.486907 2
