0 0.079569 0.817460 0.022584 0.088702 0.076797 0.792921 2 0.077168 0.791007 2 0.075768 0.791661 1 0.079309 0.787877 2 0.075854 0.789314 1 0.083722 0.793568 2 0.072803 0.790934 2 0.084529 0.806229 2 0.073007 0.805364 2 0.078484 0.809961 2 0.076331 0.811987 2 0.084297 0.815385 2 0.077639 0.813623 2 0.082245 0.834023 2 0.081276 0.824935 2 0.082795 0.853337 2 0.089220 0.830821 2
0 0.053309 0.822129 0.025735 0.088702 0.051601 0.797655 2 0.052826 0.795682 2 0.050475 0.795888 2 0.055278 0.793795 2 0.049266 0.794678 1 0.058779 0.797597 2 0.049230 0.800685 2 0.060804 0.809755 2 0.047414 0.808451 2 0.059671 0.821187 2 0.044958 0.817741 2 0.059860 0.818406 2 0.053545 0.820720 2 0.062307 0.828901 2 0.055460 0.838328 2 0.064276 0.838183 2 0.057706 0.855138 2
0 0.310399 0.528478 0.017857 0.050420 0.308412 0.512390 2 0.308979 0.511005 2 0.307639 0.511503 2 0.310230 0.510304 2 0.306821 0.511415 2 0.312827 0.515385 2 0.305915 0.516881 2 0.316284 0.522079 2 0.303723 0.524394 2 0.316291 0.529954 2 0.304623 0.529942 2 0.313348 0.530772 2 0.309264 0.531498 2 0.312072 0.540749 2 0.310083 0.541181 2 0.311371 0.552210 2 0.310641 0.551565 2
0 0.579044 0.413632 0.013130 0.042951 0.576361 0.402613 1 0.576078 0.401761 1 0.576387 0.401655 1 0.574206 0.402414 2 0.576712 0.402258 2 0.572341 0.408369 2 0.577703 0.407585 2 0.572278 0.415424 2 0.580422 0.412493 2 0.574946 0.417043 1 0.582148 0.412659 2 0.573844 0.421329 2 0.577429 0.421218 2 0.575593 0.430444 2 0.578887 0.430168 2 0.575866 0.440476 2 0.578445 0.439817 2
0 0.357668 0.255369 0.012605 0.047619 0.352344 0.241926 1 0.351957 0.240939 1 0.352425 0.240937 1 0.350387 0.240908 1 0.352262 0.241073 2 0.349940 0.245537 2 0.351119 0.246159 2 0.351197 0.252483 1 0.351640 0.254090 2 0.353655 0.254786 1 0.354079 0.256082 2 0.349825 0.257612 2 0.350619 0.258299 2 0.353646 0.258519 2 0.354091 0.259218 2 0.351916 0.266447 2 0.352258 0.267312 2
0 0.583246 0.324463 0.016282 0.055089 0.582439 0.306496 1 0.582838 0.305365 1 0.582755 0.305306 1 0.584231 0.305772 2 0.584631 0.305537 1 0.584350 0.312232 2 0.584945 0.311355 2 0.583434 0.320333 2 0.582974 0.318035 1 0.580723 0.320032 2 0.580384 0.317205 1 0.583214 0.326485 2 0.583778 0.325869 2 0.582374 0.335724 2 0.583293 0.335665 2 0.585283 0.345221 2 0.585902 0.344492 2
0 0.148372 0.283380 0.015231 0.051354 0.141942 0.267258 2 0.142373 0.266212 2 0.141743 0.266354 1 0.143598 0.266700 2 0.142236 0.267036 1 0.145612 0.271926 2 0.142347 0.272814 2 0.148132 0.277529 2 0.141812 0.279224 2 0.149792 0.283496 2 0.142163 0.285176 2 0.146395 0.284835 2 0.144366 0.285377 2 0.146821 0.294970 2 0.145225 0.295686 2 0.148101 0.305086 2 0.147231 0.306107 2
0 0.198004 0.242297 0.011555 0.043884 0.199249 0.225816 2 0.199160 0.225012 1 0.198750 0.225191 2 0.198631 0.225512 1 0.197451 0.226077 2 0.199281 0.229641 2 0.196774 0.231192 2 0.200908 0.234435 2 0.197138 0.237726 2 0.200549 0.238093 2 0.198537 0.241138 2 0.200102 0.241565 2 0.198556 0.242530 2 0.200531 0.250331 2 0.199800 0.251456 2 0.200978 0.259631 2 0.200691 0.260564 2
0 0.246324 0.274510 0.013655 0.028011 0.252295 0.255308 1 0.252597 0.254902 1 0.251747 0.254902 1 0.253066 0.254902 1 0.250823 0.255113 1 0.253822 0.256828 2 0.250424 0.257386 2 0.254284 0.261246 2 0.251371 0.261725 2 0.252309 0.262428 2 0.253212 0.261633 2 0.254283 0.266285 2 0.251949 0.266590 2 0.253988 0.273625 2 0.252695 0.274032 2 0.254204 0.281381 2 0.253126 0.281245 2
0 0.226891 0.240430 0.014706 0.051354 0.221949 0.223740 1 0.221620 0.222874 1 0.221826 0.222749 1 0.220091 0.223495 1 0.221500 0.223259 2 0.219774 0.228847 2 0.222255 0.228148 2 0.221612 0.233775 1 0.224932 0.231265 2 0.223333 0.235092 1 0.225802 0.232412 1 0.221531 0.242286 2 0.223145 0.242255 2 0.222896 0.252814 2 0.223995 0.252814 2 0.223710 0.261957 2 0.224477 0.262286 2
0 0.256828 0.260971 0.011555 0.051354 0.251061 0.248434 1 0.250965 0.247634 1 0.251339 0.247512 1 0.250277 0.248582 2 0.252862 0.248250 2 0.249979 0.253652 2 0.253773 0.253654 2 0.249880 0.258871 2 0.254387 0.260533 2 0.250584 0.258141 1 0.252925 0.262684 1 0.251873 0.264901 2 0.254484 0.264887 2 0.252587 0.274233 2 0.254685 0.274189 2 0.253126 0.282514 2 0.254836 0.282925 2
0 0.258666 0.244631 0.015231 0.054155 0.252946 0.231580 1 0.253155 0.230718 1 0.253367 0.230708 1 0.253694 0.231556 2 0.255496 0.231321 1 0.253123 0.237343 2 0.257170 0.236997 2 0.252362 0.244249 2 0.258475 0.243781 2 0.251821 0.247614 2 0.258406 0.248324 1 0.254584 0.249643 2 0.257223 0.249523 2 0.255040 0.259262 2 0.257149 0.259349 2 0.256320 0.267871 2 0.257439 0.267747 2
0 0.351366 0.198413 0.012605 0.038282 0.349983 0.184935 2 0.350116 0.184173 2 0.349601 0.184197 2 0.350077 0.184428 1 0.348628 0.184501 2 0.350039 0.187900 2 0.347796 0.189553 2 0.352754 0.189533 2 0.348945 0.195493 2 0.355346 0.190477 2 0.351793 0.197277 2 0.350320 0.198055 2 0.348861 0.199333 2 0.353697 0.199877 2 0.353212 0.200871 2 0.353018 0.207785 2 0.352185 0.208270 2
0 0.405462 0.097572 0.013655 0.040149 0.401621 0.089350 2 0.401974 0.088690 2 0.401304 0.088713 2 0.402559 0.088532 2 0.400901 0.088599 2 0.403235 0.091526 2 0.400368 0.091446 2 0.404518 0.095050 2 0.399440 0.094612 2 0.404152 0.095682 2 0.400226 0.095325 2 0.402933 0.098792 2 0.401070 0.098870 2 0.403611 0.104528 2 0.401449 0.104724 2 0.404136 0.110416 2 0.401713 0.110326 2
0 0.195378 0.143324 0.009454 0.038282 0.195063 0.131282 1 0.195252 0.130736 1 0.194868 0.130737 1 0.195404 0.131103 1 0.194640 0.131135 2 0.195736 0.134507 2 0.194120 0.134536 2 0.195560 0.139040 2 0.193202 0.138948 2 0.195180 0.143013 2 0.193157 0.142639 2 0.195475 0.143772 2 0.194268 0.143786 2 0.195814 0.150915 2 0.194071 0.150976 2 0.196658 0.157798 2 0.194194 0.157978 2
0 0.200893 0.144725 0.009979 0.033613 0.200841 0.130360 2 0.201128 0.129688 2 0.200517 0.129736 2 0.201603 0.129952 1 0.200054 0.130073 2 0.202333 0.133222 2 0.199698 0.133534 2 0.203016 0.135578 2 0.199361 0.136002 2 0.201146 0.135561 2 0.201547 0.135433 2 0.202867 0.142061 2 0.200948 0.142245 2 0.203331 0.149039 2 0.201112 0.149232 2 0.204107 0.155450 2 0.201227 0.155713 2
0 0.209559 0.142390 0.009454 0.038282 0.207583 0.131466 2 0.207935 0.130706 2 0.207438 0.130730 2 0.208872 0.130666 2 0.207618 0.130792 1 0.210587 0.134037 2 0.207062 0.134531 2 0.212823 0.137757 2 0.206461 0.138883 2 0.211825 0.142789 2 0.206666 0.143219 2 0.210345 0.145007 2 0.208005 0.145157 2 0.210937 0.152216 2 0.207838 0.152169 2 0.210879 0.159344 2 0.208536 0.159019 2
0 0.572742 0.705415 0.019433 0.049486 0.570705 0.686871 1 0.570741 0.685777 1 0.571332 0.685985 1 0.570116 0.687140 2 0.574134 0.687281 2 0.567786 0.694988 2 0.576007 0.695909 2 0.564968 0.698989 2 0.578769 0.699612 2 0.564422 0.691798 2 0.579472 0.693793 2 0.568522 0.714648 2 0.574174 0.715265 2 0.566044 0.702200 2 0.574133 0.705143 2 0.566487 0.718506 2 0.573142 0.721899 2
0 0.266282 0.099440 0.010504 0.038282 0.264945 0.085583 1 0.264994 0.084956 1 0.264915 0.084978 1 0.265535 0.084547 2 0.265714 0.084624 1 0.266782 0.086948 2 0.266313 0.086875 2 0.266163 0.091337 2 0.265277 0.091434 2 0.265293 0.091351 2 0.265454 0.091479 1 0.267435 0.096583 2 0.267113 0.096473 2 0.267852 0.103828 2 0.267669 0.103310 2 0.268342 0.110031 2 0.268163 0.110210 2
0 0.251313 0.089169 0.020483 0.036415 0.246536 0.077371 2 0.246872 0.076766 2 0.246289 0.076813 2 0.247609 0.077167 2 0.246177 0.077283 1 0.248726 0.081208 2 0.246078 0.081147 2 0.250098 0.085886 2 0.245924 0.085334 1 0.249971 0.089918 2 0.246002 0.088886 1 0.248659 0.090174 2 0.246895 0.090120 2 0.248880 0.096620 2 0.247296 0.096451 2 0.249918 0.102167 2 0.247670 0.101912 2
0 0.504202 0.053221 0.008403 0.016807 0.504443 0.052425 2 0.504761 0.051824 2 0.504128 0.051829 2 0.505253 0.051562 2 0.503756 0.051581 2 0.505932 0.053463 2 0.503332 0.053293 2 0.507018 0.056980 2 0.502483 0.056074 2 0.506476 0.060280 2 0.502224 0.058176 2 0.505432 0.059154 2 0.503772 0.058998 2 0.506003 0.061274 2 0.503069 0.061154 2 0.505473 0.063901 1 0.503785 0.063741 1
