0 0.913318 0.241402 0.023065 0.080688 0.918199 0.286852 2 0.917995 0.284647 1 0.917341 0.284582 2 0.916015 0.284950 1 0.913671 0.285163 2 0.915055 0.296077 2 0.906272 0.295608 2 0.918089 0.297164 1 0.904188 0.297164 1 0.919340 0.296871 1 0.912112 0.295399 1 0.909763 0.297164 1 0.904104 0.297164 1 0.915278 0.295470 1 0.910334 0.297164 1 0.909887 0.297164 1 0.910653 0.297164 1
0 0.922991 0.318122 0.027530 0.099206 0.938638 0.284630 2 0.939200 0.282769 2 0.937742 0.282239 2 0.938679 0.283452 1 0.934269 0.281737 2 0.938416 0.295004 2 0.928342 0.291241 2 0.937914 0.310128 2 0.922428 0.304441 2 0.936717 0.310576 2 0.922798 0.313680 2 0.933017 0.321532 2 0.926324 0.319521 2 0.929646 0.344687 2 0.922784 0.342158 2 0.923781 0.361571 2 0.917529 0.359458 2
0 0.699777 0.149471 0.011161 0.047619 0.698739 0.134183 2 0.699296 0.133100 2 0.698418 0.133109 2 0.700672 0.132852 2 0.698402 0.132918 1 0.701894 0.138198 2 0.697987 0.138502 2 0.702972 0.146665 2 0.697264 0.146471 2 0.702759 0.154713 2 0.698196 0.153423 2 0.701608 0.152243 2 0.699055 0.152506 2 0.701837 0.161222 2 0.699387 0.162051 2 0.701904 0.167923 2 0.699227 0.169004 2
0 0.341890 0.152778 0.017113 0.054233 0.340215 0.135434 2 0.340852 0.134309 2 0.339735 0.134394 2 0.342178 0.134995 2 0.339226 0.135148 2 0.344009 0.141306 2 0.338348 0.141689 2 0.345715 0.147220 2 0.337329 0.147746 2 0.343905 0.152771 2 0.339828 0.152171 2 0.343842 0.155427 2 0.339811 0.155686 2 0.344680 0.167481 2 0.339282 0.167664 2 0.345374 0.180712 2 0.338242 0.181172 2
0 0.930060 0.277116 0.023810 0.064815 0.938648 0.284487 2 0.939310 0.282723 2 0.937733 0.282232 2 0.938768 0.282805 1 0.934291 0.281734 2 0.938403 0.292809 2 0.928139 0.291119 2 0.938507 0.303826 2 0.922528 0.302237 2 0.936936 0.311059 2 0.923377 0.312641 2 0.933410 0.319918 2 0.926537 0.319435 2 0.933169 0.321015 1 0.926354 0.320637 1 0.931594 0.321015 1 0.924766 0.319676 1
0 0.533854 0.476852 0.039435 0.146825 0.531552 0.421144 2 0.533612 0.418751 2 0.530398 0.417720 2 0.536369 0.418667 2 0.527930 0.416114 2 0.537058 0.432621 2 0.523894 0.429790 2 0.540127 0.451406 2 0.519773 0.451143 2 0.536920 0.437913 2 0.525588 0.443063 2 0.535664 0.474705 2 0.525693 0.473707 2 0.539179 0.509155 2 0.522581 0.505503 2 0.544345 0.539524 2 0.518847 0.534120 2
0 0.880208 0.265873 0.019345 0.097884 0.883815 0.229759 2 0.885098 0.228196 2 0.883164 0.227820 2 0.887292 0.229579 2 0.882194 0.228753 2 0.889161 0.240923 2 0.880204 0.240280 2 0.891544 0.254397 2 0.877986 0.252690 2 0.886106 0.256821 2 0.878834 0.259556 2 0.885434 0.267344 2 0.878880 0.266674 2 0.882692 0.288205 2 0.874721 0.289069 2 0.885287 0.306427 2 0.872847 0.308485 2
0 0.674479 0.187831 0.017113 0.066138 0.681387 0.166667 1 0.681317 0.165192 1 0.681626 0.165550 1 0.679723 0.165304 2 0.682782 0.166242 2 0.677305 0.172006 2 0.682840 0.173585 2 0.674417 0.181653 2 0.683199 0.183935 2 0.673143 0.191199 2 0.683521 0.192786 2 0.675923 0.191340 2 0.679534 0.191981 2 0.674734 0.206220 2 0.678031 0.208125 2 0.674632 0.221994 2 0.677186 0.223161 2
0 0.706101 0.747354 0.047619 0.243386 0.701892 0.646961 2 0.703272 0.643276 2 0.704192 0.643639 1 0.705652 0.650205 2 0.715816 0.649807 1 0.704506 0.677194 2 0.722159 0.681632 2 0.702767 0.719909 2 0.725269 0.705685 2 0.692615 0.733271 2 0.714154 0.711462 2 0.706388 0.740778 2 0.719774 0.745855 2 0.697708 0.765776 2 0.719334 0.797728 2 0.694811 0.801465 2 0.720746 0.848722 2
0 0.388021 0.521825 0.036458 0.146825 0.385408 0.477497 2 0.387133 0.473677 2 0.383778 0.474599 2 0.389943 0.469623 2 0.381209 0.470879 2 0.395085 0.485872 2 0.376717 0.480699 2 0.402601 0.503632 2 0.369435 0.484494 2 0.396010 0.518125 2 0.369900 0.488266 2 0.391187 0.528576 2 0.380727 0.525701 2 0.386417 0.563461 2 0.385364 0.554867 2 0.385205 0.596556 2 0.390715 0.579383 2
0 0.460193 0.441799 0.040923 0.142857 0.468960 0.384432 2 0.469687 0.381543 2 0.466954 0.382302 2 0.470025 0.381932 1 0.462565 0.383297 2 0.465855 0.400583 2 0.459392 0.399663 2 0.464067 0.422807 1 0.454857 0.420941 2 0.466075 0.443377 2 0.455346 0.442757 2 0.465343 0.442905 2 0.459924 0.443147 2 0.466854 0.471409 2 0.458196 0.471640 2 0.467253 0.498290 2 0.446261 0.489700 2
0 0.188244 0.484788 0.032738 0.162698 0.194035 0.423729 2 0.193188 0.421435 1 0.192711 0.421691 2 0.187346 0.425618 1 0.188836 0.426177 2 0.182813 0.443738 2 0.190009 0.443930 2 0.182156 0.466947 2 0.192394 0.467581 2 0.190061 0.479479 2 0.199089 0.484136 2 0.186115 0.486177 2 0.192566 0.487027 2 0.187458 0.515291 2 0.203529 0.514434 2 0.184409 0.545368 2 0.208040 0.547202 2
0 0.318824 0.464947 0.027530 0.144180 0.328426 0.417872 2 0.327511 0.415250 1 0.327833 0.415181 2 0.323504 0.417750 1 0.324858 0.418057 2 0.327315 0.432258 2 0.317579 0.435678 2 0.328402 0.451004 2 0.312522 0.458214 2 0.330884 0.465910 2 0.312656 0.478247 2 0.326414 0.469499 2 0.320641 0.471961 2 0.326561 0.497304 2 0.322898 0.504377 2 0.320013 0.520957 2 0.326168 0.535470 2
0 0.423735 0.451058 0.031994 0.084656 0.421779 0.394603 1 0.423027 0.392857 1 0.420318 0.392857 1 0.425433 0.392857 1 0.417966 0.392857 1 0.429411 0.393307 1 0.415081 0.393981 1 0.433714 0.401598 2 0.410407 0.397826 2 0.433107 0.414899 2 0.412720 0.398283 2 0.427233 0.416147 2 0.417885 0.416922 2 0.427296 0.444945 2 0.418856 0.448066 2 0.428445 0.471627 2 0.421016 0.477751 2
0 0.257812 0.537037 0.033482 0.164021 0.257419 0.472500 2 0.257603 0.468543 2 0.255128 0.469721 2 0.256908 0.469831 1 0.249941 0.472618 2 0.264221 0.486410 2 0.248489 0.493030 2 0.265826 0.505203 2 0.243799 0.512043 2 0.268515 0.524893 2 0.241127 0.530233 2 0.262029 0.535214 2 0.251333 0.538103 2 0.263446 0.562817 2 0.251191 0.572056 2 0.260638 0.573267 2 0.253113 0.600500 2
0 0.526414 0.692460 0.042411 0.218254 0.520765 0.604557 1 0.521576 0.600938 1 0.522710 0.601395 1 0.521728 0.605833 2 0.532428 0.605285 2 0.519259 0.631274 2 0.538435 0.629665 2 0.518844 0.663584 2 0.540281 0.652580 2 0.512727 0.675399 2 0.527911 0.652333 2 0.522503 0.691895 2 0.535654 0.691437 2 0.518674 0.729805 2 0.529681 0.733008 2 0.525254 0.771878 2 0.531225 0.774845 2
0 0.367188 0.408730 0.023065 0.126984 0.373564 0.365718 2 0.374427 0.362714 2 0.371912 0.363170 2 0.374417 0.363746 1 0.368289 0.364474 2 0.376156 0.378546 2 0.364977 0.379777 2 0.376641 0.396136 2 0.360132 0.396849 2 0.377881 0.411776 2 0.357148 0.412820 2 0.372610 0.418724 2 0.366078 0.419121 2 0.370247 0.445675 2 0.368295 0.446891 2 0.363472 0.469032 2 0.368891 0.474326 2
0 0.213542 0.368386 0.029762 0.125661 0.215065 0.328260 2 0.216038 0.325554 2 0.213833 0.326412 2 0.218137 0.322430 2 0.212157 0.324485 2 0.222912 0.331929 2 0.210721 0.333276 2 0.227727 0.345768 2 0.206474 0.344631 2 0.221209 0.346851 2 0.209452 0.347703 2 0.222933 0.366615 2 0.214787 0.367177 2 0.224884 0.392746 2 0.215855 0.393593 2 0.228794 0.417843 2 0.217043 0.418203 2
0 0.360491 0.322751 0.021577 0.103175 0.367299 0.284632 2 0.367716 0.282454 2 0.365932 0.282893 2 0.367755 0.283406 1 0.362844 0.284332 2 0.370161 0.295861 2 0.360045 0.295992 2 0.372941 0.309307 2 0.356624 0.306907 2 0.371416 0.318335 2 0.354253 0.314272 2 0.368661 0.325467 2 0.361446 0.325369 2 0.369994 0.347779 2 0.359170 0.347676 2 0.371923 0.368553 2 0.357861 0.368422 2
0 0.556548 0.216270 0.017857 0.085979 0.559049 0.185676 1 0.558855 0.183973 1 0.559018 0.184033 1 0.556512 0.184913 2 0.560445 0.185279 2 0.554604 0.194181 2 0.562033 0.195605 2 0.551156 0.200623 2 0.563967 0.208226 2 0.552271 0.196370 1 0.562725 0.211558 1 0.555751 0.217695 2 0.560894 0.217973 2 0.556450 0.236914 2 0.562217 0.236057 2 0.555646 0.255266 2 0.563241 0.254618 2
0 0.904390 0.332672 0.033482 0.128307 0.917950 0.286932 2 0.917881 0.285039 1 0.917101 0.284591 2 0.915773 0.286601 1 0.913464 0.285327 2 0.915471 0.301693 2 0.906717 0.297907 2 0.915268 0.319425 2 0.899200 0.313121 2 0.915926 0.327367 2 0.898162 0.327706 2 0.909025 0.337565 2 0.902881 0.335521 2 0.907391 0.363517 2 0.900067 0.361103 2 0.900205 0.386474 2 0.890272 0.384573 2
0 0.796131 0.290344 0.020833 0.083333 0.808336 0.260762 2 0.808727 0.259086 2 0.807658 0.258536 2 0.807911 0.259460 1 0.804741 0.258112 2 0.806353 0.269056 2 0.799973 0.267208 2 0.806045 0.282961 2 0.797294 0.281942 2 0.807271 0.288321 2 0.803389 0.290048 2 0.802759 0.289846 2 0.798602 0.289812 2 0.809444 0.299814 2 0.807350 0.299214 2 0.806297 0.322419 2 0.806005 0.322485 2
0 0.819568 0.285053 0.024554 0.080688 0.826290 0.258056 2 0.826010 0.256454 1 0.825793 0.256454 2 0.824362 0.256824 1 0.823802 0.257083 2 0.824760 0.264525 2 0.819980 0.266814 2 0.828132 0.276736 2 0.824057 0.282874 2 0.831232 0.286776 2 0.829531 0.291059 2 0.825168 0.286457 2 0.821850 0.288840 2 0.832096 0.297984 2 0.829720 0.301749 2 0.830813 0.317976 2 0.831303 0.320472 2
0 0.549851 0.339286 0.025298 0.067460 0.551466 0.330705 2 0.552670 0.328840 2 0.550565 0.328488 2 0.554107 0.324567 2 0.549261 0.323732 2 0.555985 0.322334 2 0.545323 0.321658 2 0.559642 0.336028 2 0.540561 0.335251 2 0.554748 0.339994 2 0.548316 0.339467 2 0.553636 0.341653 2 0.546651 0.341862 2 0.559359 0.343143 2 0.541161 0.344217 2 0.555157 0.367109 2 0.546457 0.367600 2
0 0.569940 0.171958 0.011905 0.060847 0.573527 0.149067 2 0.573599 0.147813 1 0.572996 0.147785 2 0.572926 0.147837 1 0.571278 0.147809 2 0.571861 0.154608 2 0.569846 0.154151 2 0.571270 0.163685 1 0.568196 0.162284 2 0.573110 0.168969 1 0.571051 0.168112 2 0.571004 0.171265 2 0.569574 0.171472 2 0.572211 0.183865 2 0.570088 0.184385 2 0.572587 0.192343 1 0.569643 0.192866 2
0 0.135045 0.335979 0.021577 0.058201 0.133587 0.321702 2 0.133716 0.320141 2 0.133541 0.319748 1 0.135496 0.318757 2 0.136129 0.317714 1 0.137066 0.325514 2 0.140448 0.323722 2 0.137289 0.336694 2 0.142658 0.333946 2 0.136179 0.344170 2 0.142395 0.342912 1 0.139793 0.343460 2 0.142120 0.342422 2 0.139001 0.351426 2 0.140660 0.350458 2 0.141012 0.360681 2 0.141824 0.360986 2
0 0.097098 0.335979 0.031994 0.060847 0.097992 0.320915 2 0.098242 0.319192 2 0.096799 0.319583 2 0.098421 0.318912 1 0.093523 0.320253 2 0.099323 0.325924 2 0.090201 0.329386 2 0.105579 0.332354 2 0.085636 0.341795 2 0.102797 0.335891 2 0.083675 0.353317 2 0.098937 0.343017 2 0.092625 0.344833 2 0.103851 0.337073 2 0.090796 0.339755 2 0.107133 0.355488 2 0.089006 0.354454 2
0 0.623512 0.157407 0.014881 0.071429 0.629305 0.128998 2 0.629255 0.127771 1 0.628814 0.127613 2 0.628252 0.128420 1 0.627077 0.128092 2 0.629135 0.135781 2 0.624452 0.135379 2 0.629983 0.143757 2 0.622204 0.143410 2 0.629848 0.144904 2 0.623990 0.143943 2 0.628441 0.154257 2 0.625224 0.154165 2 0.628078 0.168838 2 0.624062 0.168698 2 0.627120 0.183317 2 0.623331 0.183897 2
0 0.181548 0.136243 0.016369 0.047619 0.178308 0.118229 1 0.178279 0.117297 1 0.178544 0.117205 1 0.177908 0.118145 2 0.180521 0.117758 2 0.177484 0.124599 2 0.182424 0.123742 2 0.176765 0.131322 2 0.184094 0.129679 2 0.175896 0.134857 2 0.183861 0.134080 1 0.179757 0.138605 2 0.183152 0.138275 2 0.180207 0.148662 2 0.184056 0.148520 2 0.180848 0.158421 2 0.184589 0.158386 2
0 0.797247 0.193122 0.018601 0.052910 0.796938 0.175830 1 0.797113 0.174822 1 0.797620 0.175013 1 0.796985 0.175942 2 0.800201 0.176074 2 0.795653 0.182289 2 0.800694 0.182267 2 0.793490 0.188750 2 0.802089 0.188200 2 0.793421 0.189151 2 0.803560 0.186923 2 0.795657 0.197339 2 0.798702 0.197193 2 0.795571 0.208075 2 0.797121 0.208062 2 0.795692 0.219385 2 0.796144 0.218740 2
0 0.418155 0.115741 0.014881 0.051587 0.415282 0.098788 1 0.415360 0.097877 1 0.415588 0.097734 1 0.415047 0.098547 2 0.417547 0.097908 2 0.414296 0.105054 2 0.419210 0.103016 2 0.414018 0.112336 2 0.420925 0.107797 2 0.415111 0.115386 2 0.419418 0.112826 2 0.415711 0.118593 2 0.419066 0.117646 2 0.415430 0.126220 2 0.418253 0.125439 2 0.416725 0.133673 2 0.418850 0.132624 2
0 0.395833 0.099868 0.010417 0.048942 0.395059 0.083261 2 0.395513 0.082378 2 0.394654 0.082367 2 0.396271 0.082975 2 0.394057 0.082923 2 0.397238 0.088775 2 0.393023 0.088559 2 0.397993 0.095315 2 0.392093 0.094670 2 0.397504 0.101588 2 0.392675 0.100671 2 0.396602 0.100671 2 0.393714 0.100631 2 0.396940 0.108674 2 0.393777 0.108695 2 0.397188 0.116447 2 0.393491 0.116356 2
0 0.132812 0.121032 0.017113 0.030423 0.137443 0.119828 2 0.138176 0.117975 2 0.136236 0.118111 2 0.139108 0.118324 2 0.134329 0.118730 2 0.141102 0.126657 2 0.132618 0.126124 2 0.142925 0.135905 2 0.132162 0.134933 2 0.139791 0.134726 2 0.134358 0.135772 2 0.139779 0.139863 1 0.134189 0.139416 1 0.141177 0.136114 1 0.133360 0.135300 1 0.138628 0.137460 1 0.135764 0.135453 1
0 0.231027 0.136905 0.012649 0.046296 0.232846 0.120436 1 0.232804 0.119598 1 0.232898 0.119525 1 0.232300 0.120272 1 0.233674 0.120073 2 0.232478 0.125573 2 0.234219 0.125176 2 0.232403 0.131643 2 0.235248 0.130869 2 0.232587 0.136003 2 0.234289 0.135274 1 0.234109 0.137165 2 0.235313 0.136999 2 0.234773 0.145503 2 0.235999 0.145081 2 0.235140 0.153775 2 0.237219 0.153406 2
0 0.752232 0.237434 0.017857 0.083333 0.761447 0.209428 2 0.761297 0.207653 2 0.760409 0.208094 2 0.759783 0.207902 1 0.757584 0.209033 2 0.756179 0.217259 2 0.757932 0.219225 2 0.757424 0.227533 1 0.760246 0.231678 2 0.761835 0.229422 1 0.763920 0.232330 2 0.756332 0.241976 2 0.757029 0.243171 2 0.758261 0.258574 2 0.756878 0.260951 2 0.756965 0.273666 2 0.749504 0.274003 2
0 0.983259 0.429894 0.031994 0.148148 0.999118 0.380135 1 0.999598 0.377353 1 0.999007 0.377982 1 0.998368 0.379485 1 1.000000 0.380915 1 0.994141 0.393032 2 1.000000 0.398033 1 0.987723 0.412363 2 0.993867 0.417453 1 0.990794 0.415606 2 0.993498 0.417511 1 0.991157 0.430810 2 0.996105 0.433956 2 0.984256 0.455416 2 0.993839 0.467438 2 0.977496 0.481735 2 0.989626 0.498719 2
0 0.954241 0.242063 0.023065 0.066138 0.960312 0.213840 2 0.960476 0.212346 1 0.959687 0.212153 2 0.959166 0.213036 1 0.957190 0.212416 2 0.957932 0.220886 2 0.954003 0.221212 2 0.959167 0.229691 1 0.951351 0.232219 2 0.960184 0.230847 1 0.955582 0.236896 2 0.954143 0.241731 2 0.952247 0.242082 2 0.952047 0.256348 2 0.954219 0.257996 2 0.943743 0.267151 2 0.948611 0.271251 2
0 0.918527 0.196429 0.020089 0.038360 0.919822 0.187293 2 0.920532 0.185582 2 0.918767 0.185744 2 0.921575 0.185980 2 0.917229 0.186556 2 0.923309 0.193466 2 0.916024 0.194459 2 0.924451 0.204422 2 0.914550 0.204949 2 0.922236 0.204100 2 0.913232 0.208615 2 0.922090 0.208956 2 0.917025 0.209343 2 0.922965 0.211164 2 0.913914 0.213506 2 0.921464 0.210998 1 0.914696 0.213936 1
0 0.953869 0.205026 0.019345 0.031746 0.944143 0.210130 2 0.945310 0.207891 2 0.943017 0.207759 2 0.947069 0.208541 2 0.941400 0.208250 2 0.949328 0.221440 2 0.940476 0.220922 1 0.951041 0.226190 1 0.940476 0.226190 1 0.949430 0.220373 1 0.942481 0.220651 1 0.947288 0.226190 1 0.941388 0.226190 1 0.946934 0.221331 1 0.942450 0.219705 1 0.946152 0.219079 1 0.944735 0.218951 1
0 0.938616 0.201058 0.018601 0.034392 0.942670 0.207657 2 0.944185 0.205709 2 0.941852 0.205558 2 0.947193 0.207272 2 0.941136 0.206654 1 0.949162 0.221038 2 0.939057 0.219731 2 0.951127 0.224268 1 0.937974 0.224268 1 0.950492 0.214409 1 0.940258 0.218321 1 0.947176 0.224268 1 0.940610 0.224268 1 0.944797 0.220086 1 0.941527 0.217321 1 0.945523 0.222521 1 0.942490 0.219116 1
