0 0.972842 0.275132 0.033482 0.092593 0.985291 0.244990 2 0.984725 0.242388 1 0.984338 0.243064 2 0.981607 0.240676 1 0.980843 0.243192 2 0.975104 0.249199 2 0.979317 0.254482 2 0.968511 0.259691 2 0.977660 0.270068 2 0.968109 0.268955 2 0.982493 0.275786 2 0.970392 0.275473 2 0.972032 0.277965 2 0.971429 0.294137 2 0.966568 0.300797 2 0.971409 0.311893 2 0.959696 0.317241 2
0 0.550223 0.456349 0.030506 0.158730 0.558564 0.391339 2 0.557323 0.388470 1 0.557793 0.388675 2 0.550243 0.388924 1 0.554783 0.390395 2 0.542932 0.401900 2 0.556637 0.406892 2 0.534506 0.419553 2 0.558436 0.430583 2 0.531113 0.430834 2 0.557564 0.445485 2 0.542422 0.445362 2 0.551717 0.447552 2 0.540268 0.475921 2 0.550341 0.481330 2 0.537087 0.504505 2 0.547341 0.514286 2
0 0.806176 0.427910 0.043899 0.149471 0.817533 0.371525 2 0.819287 0.368708 2 0.816062 0.368178 2 0.821397 0.370385 2 0.813583 0.368754 2 0.821791 0.388965 2 0.807405 0.383162 2 0.820898 0.409990 2 0.800449 0.401913 2 0.819112 0.426622 2 0.794356 0.420633 2 0.815161 0.427563 2 0.805698 0.423792 2 0.813459 0.461427 2 0.801992 0.451680 2 0.808096 0.489898 2 0.801467 0.472032 2
0 0.669643 0.177249 0.016369 0.068783 0.668154 0.155760 1 0.668434 0.154426 1 0.668684 0.154581 1 0.669023 0.155288 2 0.672135 0.155262 2 0.667449 0.162522 2 0.673831 0.162836 2 0.666041 0.171424 2 0.674815 0.173073 2 0.668923 0.176782 2 0.674151 0.181301 2 0.667885 0.181981 2 0.672493 0.182189 2 0.666322 0.197071 2 0.671836 0.198038 2 0.665342 0.212726 2 0.671457 0.212386 2
0 0.620536 0.444444 0.035714 0.164021 0.616125 0.385887 2 0.616795 0.382684 2 0.617415 0.382812 1 0.618552 0.384025 2 0.623766 0.383481 1 0.618993 0.401879 2 0.628210 0.400487 2 0.617046 0.425179 2 0.630822 0.422990 2 0.609377 0.437262 2 0.623735 0.432570 2 0.621661 0.443831 2 0.627096 0.442426 2 0.619656 0.474657 2 0.619306 0.471604 2 0.625775 0.507544 2 0.621689 0.502737 2
0 0.334821 0.490741 0.031250 0.156085 0.336928 0.429947 1 0.335220 0.427230 1 0.336488 0.427103 1 0.327101 0.429959 1 0.335082 0.430073 2 0.323128 0.449717 2 0.338119 0.447793 2 0.323280 0.473730 2 0.343104 0.472103 2 0.324590 0.495243 2 0.345662 0.491863 2 0.327795 0.493263 2 0.338283 0.492212 2 0.332197 0.526567 2 0.342674 0.518314 2 0.333604 0.555484 2 0.342944 0.546109 2
0 0.409226 0.410714 0.029762 0.144180 0.415095 0.352715 1 0.413970 0.349857 1 0.414773 0.349891 1 0.406819 0.351470 2 0.414231 0.351807 2 0.401880 0.368398 2 0.417353 0.367545 2 0.399660 0.387764 2 0.425944 0.379686 2 0.404050 0.392877 2 0.421859 0.383404 2 0.404236 0.408163 2 0.414357 0.408663 2 0.406111 0.434676 2 0.413695 0.436890 2 0.406073 0.460619 2 0.412937 0.464023 2
0 0.236607 0.443783 0.026786 0.141534 0.239622 0.386168 2 0.238707 0.384028 1 0.238313 0.384596 2 0.235977 0.386979 1 0.234560 0.388416 2 0.236797 0.403740 2 0.231202 0.405732 2 0.238835 0.423658 2 0.230964 0.430229 2 0.240297 0.443336 1 0.236561 0.448324 2 0.239421 0.443047 2 0.235202 0.444695 2 0.243399 0.474368 2 0.238301 0.473427 2 0.240185 0.501794 2 0.231025 0.496162 2
0 0.318824 0.392196 0.021577 0.125661 0.317223 0.348745 2 0.315972 0.346670 1 0.316526 0.346417 2 0.310703 0.349051 1 0.314134 0.349116 2 0.306483 0.363693 2 0.316063 0.363308 2 0.305223 0.384329 2 0.320072 0.383791 2 0.306229 0.399322 2 0.324436 0.398401 2 0.308785 0.395791 2 0.315185 0.395966 2 0.313314 0.424809 2 0.319122 0.424469 2 0.313865 0.450870 2 0.317947 0.451212 2
0 0.539062 0.384259 0.040923 0.125661 0.558656 0.390982 2 0.557384 0.388318 1 0.558004 0.388487 2 0.550769 0.388741 1 0.555235 0.390210 2 0.543523 0.403312 2 0.557339 0.407347 2 0.533774 0.420536 2 0.558991 0.431644 2 0.528541 0.429541 2 0.558897 0.445035 2 0.542922 0.446542 2 0.551626 0.447953 2 0.541431 0.470713 2 0.549542 0.472222 2 0.541798 0.472149 1 0.546164 0.472222 1
0 0.363839 0.423942 0.031250 0.138889 0.374185 0.381228 2 0.375154 0.378079 2 0.373142 0.378208 2 0.372626 0.376225 1 0.369391 0.375901 2 0.369114 0.383332 2 0.367068 0.387571 2 0.372646 0.396114 2 0.367596 0.408087 2 0.379209 0.390401 2 0.374306 0.397261 2 0.365130 0.418985 2 0.365709 0.421114 2 0.361854 0.450987 2 0.374471 0.452851 2 0.353398 0.475896 2 0.374902 0.484783 2
0 0.431920 0.352513 0.027530 0.123016 0.417146 0.351300 1 0.416850 0.348810 1 0.416472 0.348985 2 0.414722 0.351159 1 0.415443 0.351586 2 0.416061 0.366795 1 0.417354 0.367873 2 0.427429 0.376942 1 0.432579 0.375286 2 0.428802 0.384320 1 0.439166 0.377452 2 0.413427 0.412196 1 0.413462 0.412402 2 0.414231 0.433338 1 0.414309 0.435142 1 0.415392 0.433117 1 0.414221 0.435795 1
0 0.353051 0.405423 0.026042 0.146825 0.337367 0.430876 1 0.337268 0.428286 1 0.336746 0.428497 1 0.336071 0.430761 1 0.336724 0.431363 2 0.336702 0.449372 1 0.338879 0.450136 2 0.342926 0.471781 1 0.343142 0.472288 2 0.345492 0.491705 1 0.345395 0.491334 2 0.337086 0.494045 1 0.338640 0.494379 2 0.339913 0.506422 1 0.340825 0.507042 1 0.340262 0.507482 1 0.339925 0.507482 1
0 0.134673 0.368386 0.035714 0.125661 0.126985 0.323507 2 0.127920 0.321020 2 0.125429 0.321608 2 0.129734 0.322336 2 0.123009 0.323772 2 0.134370 0.335453 2 0.121624 0.338098 2 0.140581 0.348517 2 0.119798 0.353856 2 0.136535 0.357105 2 0.123276 0.368376 2 0.138101 0.367866 2 0.129319 0.369801 2 0.142797 0.392364 2 0.132080 0.395941 2 0.149143 0.417573 2 0.134639 0.421755 2
0 0.066592 0.390873 0.034970 0.133598 0.052861 0.345761 2 0.054386 0.343106 2 0.052375 0.342976 2 0.058823 0.343587 2 0.052755 0.343643 1 0.066181 0.358945 2 0.053527 0.360798 2 0.068767 0.378065 2 0.049634 0.377332 2 0.070311 0.397434 2 0.045968 0.393382 2 0.067273 0.397297 2 0.057941 0.398407 2 0.073590 0.423132 2 0.060576 0.426386 2 0.082930 0.435196 2 0.062816 0.449604 2
0 0.405878 0.296958 0.015625 0.101852 0.408053 0.267764 2 0.409272 0.265922 2 0.407079 0.265761 2 0.411021 0.267166 2 0.405625 0.266824 2 0.412301 0.277966 2 0.403313 0.277806 2 0.410771 0.289983 2 0.401809 0.291610 2 0.406460 0.279373 2 0.405231 0.284229 2 0.411166 0.307168 2 0.404743 0.307127 2 0.411999 0.330664 2 0.405407 0.330108 2 0.412801 0.348432 2 0.406085 0.347892 2
0 0.548363 0.205026 0.019345 0.082011 0.548869 0.173114 1 0.548997 0.171477 1 0.549203 0.171653 1 0.548171 0.172635 2 0.552246 0.172751 2 0.546394 0.182374 2 0.554293 0.183044 2 0.544410 0.194195 2 0.555279 0.196251 2 0.542792 0.205060 2 0.555232 0.206423 2 0.546672 0.204646 2 0.552540 0.204775 2 0.544669 0.221332 2 0.552882 0.222198 2 0.542828 0.239259 2 0.552148 0.240126 2
0 0.949405 0.283069 0.028274 0.111111 0.956322 0.244792 2 0.957007 0.242713 2 0.955295 0.242386 2 0.956638 0.242668 1 0.952093 0.241685 2 0.955167 0.252705 2 0.947793 0.252823 2 0.954517 0.268068 2 0.944048 0.271063 2 0.955266 0.279468 2 0.946033 0.285619 2 0.950183 0.285383 2 0.945261 0.285454 2 0.949673 0.305999 2 0.943891 0.307619 2 0.942604 0.323772 2 0.937976 0.328060 2
0 0.787946 0.274471 0.020833 0.085979 0.792419 0.244222 2 0.792571 0.242248 2 0.791711 0.242000 2 0.791470 0.242088 1 0.788665 0.241283 2 0.790153 0.252100 2 0.784570 0.250751 2 0.789772 0.267140 2 0.781663 0.264913 2 0.792744 0.275319 2 0.788239 0.272390 2 0.788568 0.273544 2 0.784608 0.274415 2 0.798165 0.281523 2 0.793884 0.283270 2 0.794420 0.300172 2 0.790271 0.303427 2
0 0.811384 0.270503 0.024554 0.080688 0.810647 0.243774 2 0.810864 0.241676 2 0.809779 0.241436 2 0.809762 0.241485 1 0.806432 0.241091 2 0.809442 0.247841 2 0.803196 0.251031 2 0.812065 0.260900 2 0.807821 0.263977 2 0.815913 0.268785 2 0.813139 0.272743 2 0.809675 0.269763 2 0.805307 0.273481 2 0.818797 0.270401 2 0.812683 0.282130 2 0.814797 0.284130 2 0.815988 0.302140 2
0 0.585193 0.198413 0.015625 0.039683 0.584019 0.188069 2 0.584444 0.186804 2 0.583584 0.187045 2 0.585358 0.186017 2 0.583309 0.186677 1 0.586721 0.190708 2 0.583258 0.191457 2 0.588461 0.197136 2 0.581390 0.197794 2 0.587081 0.203228 2 0.579033 0.203062 2 0.585435 0.203605 2 0.583188 0.203350 2 0.583493 0.208474 2 0.579526 0.208041 2 0.584092 0.213722 2 0.580432 0.212406 2
0 0.969122 0.937831 0.057292 0.121693 0.983410 0.923414 2 0.988241 0.918760 2 0.981160 0.914769 2 0.993223 0.919240 2 0.975361 0.909335 2 0.991285 0.949098 2 0.965052 0.929593 2 0.979269 0.990466 2 0.955512 0.961475 2 0.962445 0.987734 2 0.951260 0.983139 2 0.975676 0.994756 2 0.957926 0.983975 2 0.970256 0.992344 1 0.948822 0.978371 1 0.960563 0.998595 1 0.952046 0.989090 1
0 0.539062 0.324074 0.026042 0.068783 0.541672 0.310832 2 0.542887 0.309275 1 0.540830 0.308713 2 0.544262 0.305884 1 0.539240 0.304727 2 0.544988 0.303781 2 0.534883 0.303443 2 0.549422 0.315276 2 0.531382 0.317257 2 0.544825 0.318976 2 0.537602 0.320237 2 0.541889 0.318463 2 0.535034 0.318761 2 0.549110 0.324446 2 0.531686 0.324766 2 0.546723 0.345354 2 0.534857 0.343525 2
0 0.519345 0.291667 0.022321 0.067460 0.523858 0.270169 2 0.524765 0.268388 2 0.522965 0.268387 2 0.525920 0.267473 2 0.521057 0.267311 2 0.527329 0.275192 2 0.518278 0.274550 2 0.528757 0.287008 2 0.514757 0.284807 2 0.526135 0.295913 2 0.518467 0.293072 2 0.525501 0.298537 2 0.519438 0.298405 2 0.525633 0.315255 2 0.518426 0.315091 2 0.525371 0.329740 2 0.517936 0.329680 2
0 0.486235 0.158069 0.017113 0.064815 0.483509 0.138907 2 0.483879 0.137662 2 0.483319 0.137760 1 0.485164 0.137351 2 0.484084 0.137586 1 0.487298 0.142829 2 0.485060 0.143178 2 0.486137 0.148878 2 0.485189 0.150453 2 0.483398 0.146406 2 0.483768 0.150577 2 0.489365 0.158966 2 0.487440 0.158851 2 0.489014 0.172868 2 0.486250 0.171737 2 0.490710 0.185581 2 0.486917 0.184876 2
0 0.122024 0.327381 0.017857 0.048942 0.127324 0.323388 2 0.128450 0.320852 2 0.125692 0.321394 2 0.130187 0.322017 2 0.123338 0.323459 2 0.133929 0.335274 2 0.121167 0.338125 2 0.133929 0.349665 1 0.119495 0.351673 2 0.133009 0.357731 1 0.121702 0.360656 2 0.133929 0.359622 1 0.125686 0.361111 1 0.132036 0.349568 1 0.124852 0.354409 1 0.131375 0.355244 1 0.127593 0.361111 1
0 0.093378 0.311508 0.033482 0.059524 0.098625 0.306482 2 0.099710 0.304501 2 0.097494 0.304725 2 0.101675 0.303410 2 0.095772 0.304400 2 0.103567 0.308682 2 0.093406 0.312674 2 0.109191 0.316339 2 0.089435 0.325298 2 0.107159 0.316864 2 0.088338 0.335344 2 0.102712 0.324434 2 0.095606 0.326653 2 0.106741 0.320081 2 0.090578 0.325172 2 0.109342 0.335370 2 0.090832 0.339115 2
0 0.201265 0.212302 0.011161 0.033069 0.204591 0.204480 2 0.204797 0.203405 1 0.204090 0.203373 2 0.204621 0.203515 1 0.202887 0.203632 2 0.205170 0.208547 2 0.201379 0.207980 2 0.205283 0.213762 2 0.199243 0.211994 2 0.203942 0.213082 2 0.201764 0.212909 2 0.203245 0.216824 2 0.200724 0.216556 2 0.204710 0.216489 2 0.200125 0.216567 2 0.203813 0.223243 2 0.201557 0.223932 2
0 0.183036 0.135582 0.016369 0.048942 0.181870 0.118713 1 0.182205 0.117810 1 0.182137 0.117844 1 0.182882 0.118796 2 0.183483 0.118608 1 0.183402 0.124701 2 0.182944 0.123236 2 0.180878 0.127886 2 0.178947 0.125618 2 0.177104 0.126860 2 0.176560 0.124906 2 0.185481 0.139521 2 0.185025 0.138697 2 0.185315 0.150313 2 0.183613 0.146927 2 0.188816 0.159084 2 0.187131 0.153507 2
0 0.782366 0.185185 0.018601 0.052910 0.782847 0.164760 1 0.783008 0.163621 1 0.783222 0.163767 1 0.783118 0.164356 2 0.785936 0.164441 2 0.782098 0.170896 2 0.787473 0.171049 2 0.780680 0.177640 2 0.788309 0.179286 2 0.781307 0.176077 2 0.786356 0.182934 2 0.781958 0.185848 2 0.785847 0.185707 2 0.780383 0.196874 2 0.785342 0.197498 2 0.779919 0.208349 2 0.785796 0.208475 2
0 0.433408 0.115079 0.012649 0.050265 0.432131 0.097558 1 0.432210 0.096443 1 0.432480 0.096463 1 0.432684 0.096960 2 0.434716 0.096756 1 0.432909 0.102912 2 0.436081 0.102150 2 0.430027 0.107865 2 0.433990 0.106030 1 0.427497 0.106586 2 0.431574 0.104149 1 0.433831 0.117384 2 0.435854 0.116867 2 0.433156 0.127387 2 0.434289 0.126681 2 0.434509 0.137176 2 0.435095 0.137397 2
0 0.138393 0.115741 0.013393 0.030423 0.138103 0.114204 2 0.138766 0.112935 2 0.137491 0.112930 2 0.139712 0.113109 2 0.136710 0.113113 2 0.140775 0.118057 2 0.135830 0.117668 2 0.142027 0.124933 2 0.135043 0.124049 2 0.141422 0.127959 2 0.136524 0.127323 2 0.140302 0.126825 2 0.137200 0.126712 2 0.141959 0.125148 2 0.136661 0.124749 2 0.141884 0.129786 2 0.140809 0.129107 2
0 0.974702 0.218254 0.017857 0.068783 0.985962 0.244921 2 0.985282 0.242193 1 0.985098 0.242444 2 0.980266 0.240741 1 0.980846 0.242291 2 0.973834 0.250730 2 0.978528 0.254066 2 0.967001 0.260990 1 0.977722 0.265873 1 0.970650 0.261562 1 0.982216 0.263641 1 0.968722 0.265041 1 0.971376 0.265873 1 0.975609 0.256696 1 0.977627 0.260818 1 0.971385 0.262119 1 0.972854 0.265873 1
0 0.560640 0.085317 0.011161 0.033069 0.561680 0.074058 2 0.562023 0.073274 2 0.561287 0.073367 2 0.562646 0.073869 1 0.560849 0.074041 2 0.563311 0.078477 2 0.560495 0.078620 2 0.563722 0.083836 2 0.559837 0.083597 2 0.563304 0.087108 2 0.562218 0.086044 2 0.563037 0.088349 2 0.561034 0.088545 2 0.563277 0.094766 2 0.560439 0.095323 2 0.563347 0.100703 2 0.560017 0.101487 2
0 0.906622 0.189815 0.020089 0.038360 0.909445 0.175313 2 0.910065 0.174038 2 0.908857 0.173659 2 0.910730 0.174185 1 0.907464 0.173343 2 0.911635 0.181477 2 0.904693 0.180124 2 0.912259 0.189441 2 0.901646 0.187938 2 0.909046 0.192553 2 0.901025 0.192489 2 0.908799 0.194933 2 0.904045 0.193909 2 0.909039 0.194855 2 0.900727 0.193212 2 0.906829 0.201159 1 0.899916 0.198796 1
0 0.925967 0.190476 0.018601 0.034392 0.925813 0.189380 2 0.927260 0.187070 2 0.924807 0.186903 2 0.929627 0.188383 2 0.923304 0.187901 2 0.934705 0.206550 2 0.921510 0.206948 2 0.937162 0.209252 1 0.922091 0.211834 1 0.933755 0.199971 1 0.932153 0.200659 1 0.932347 0.210221 1 0.924795 0.209764 1 0.929047 0.205101 1 0.922725 0.200984 1 0.925355 0.202050 1 0.930972 0.200000 1
