0 0.550967 0.402778 0.039435 0.133598 0.545676 0.351569 1 0.545992 0.349026 1 0.546379 0.349500 1 0.545068 0.350790 2 0.552333 0.351441 2 0.541684 0.366266 2 0.555360 0.367125 2 0.534420 0.384303 2 0.558325 0.388661 2 0.528464 0.397169 2 0.560932 0.407167 2 0.541549 0.408901 2 0.551610 0.408759 2 0.536055 0.435976 2 0.554701 0.436259 2 0.533569 0.462792 2 0.558167 0.461036 2
0 0.664807 0.182540 0.017113 0.068783 0.668244 0.155344 1 0.668241 0.154084 1 0.668674 0.154150 1 0.667414 0.154910 2 0.670801 0.154978 2 0.666290 0.162192 2 0.671835 0.162469 2 0.664319 0.171502 2 0.672408 0.172439 2 0.663097 0.179521 2 0.672057 0.180298 2 0.666847 0.180407 2 0.670406 0.180369 2 0.666696 0.194638 2 0.668535 0.194714 2 0.667612 0.209649 2 0.668007 0.209641 2
0 0.598214 0.467593 0.043155 0.160053 0.595957 0.409273 1 0.596444 0.406174 1 0.596447 0.406326 1 0.595765 0.408561 2 0.603225 0.407757 2 0.593094 0.428042 2 0.607803 0.426458 2 0.591795 0.453599 2 0.610977 0.450336 2 0.595559 0.466631 2 0.607651 0.462059 2 0.596667 0.472420 2 0.608112 0.472024 2 0.590263 0.502335 2 0.609276 0.503255 2 0.585980 0.535253 2 0.611186 0.533247 2
0 0.610863 0.365741 0.041667 0.101852 0.624323 0.327334 2 0.623974 0.324710 1 0.623613 0.325377 2 0.617344 0.324802 1 0.620794 0.326525 2 0.610280 0.334009 2 0.621645 0.338159 2 0.601486 0.346155 2 0.630379 0.350284 2 0.594366 0.357101 2 0.637703 0.351130 2 0.603335 0.364426 2 0.611574 0.366576 2 0.603245 0.375431 2 0.622857 0.378787 2 0.594228 0.395308 2 0.623401 0.404753 2
0 0.374628 0.414021 0.026042 0.150794 0.386169 0.397071 2 0.384885 0.394908 1 0.385715 0.395098 2 0.380579 0.396620 1 0.383580 0.397498 2 0.378536 0.411236 2 0.381518 0.413143 2 0.382284 0.425735 2 0.385447 0.429962 2 0.389004 0.426242 1 0.390907 0.426987 2 0.380944 0.445817 2 0.381636 0.447360 2 0.386225 0.476820 2 0.379441 0.479641 2 0.387761 0.505103 2 0.370578 0.504887 2
0 0.498140 0.529762 0.039435 0.170635 0.504298 0.468381 1 0.504379 0.465212 1 0.504816 0.465584 1 0.501633 0.467623 2 0.509971 0.468055 2 0.497388 0.488151 2 0.514148 0.487642 2 0.493977 0.512332 2 0.518882 0.513135 2 0.494438 0.530150 2 0.521759 0.529231 2 0.499790 0.536550 2 0.511710 0.535864 2 0.498517 0.572529 2 0.514324 0.568937 2 0.497985 0.608339 2 0.514822 0.601094 2
0 0.387649 0.449074 0.028274 0.141534 0.387225 0.397131 1 0.385610 0.394786 1 0.387161 0.394993 1 0.380397 0.396341 1 0.385481 0.397258 2 0.378727 0.412101 2 0.382408 0.413442 2 0.383803 0.428130 2 0.388710 0.431306 2 0.392374 0.425502 1 0.395926 0.425859 2 0.382219 0.447064 2 0.382835 0.448411 2 0.388662 0.477919 2 0.379768 0.479763 2 0.391645 0.506629 2 0.370319 0.503897 2
0 0.649926 0.363095 0.034970 0.093915 0.649970 0.338690 2 0.651281 0.336518 2 0.648864 0.336844 2 0.654001 0.335731 2 0.647650 0.336343 2 0.656708 0.344651 2 0.646052 0.343082 2 0.655526 0.353787 2 0.643138 0.356119 2 0.647918 0.353750 2 0.643349 0.367958 2 0.653410 0.362367 2 0.646191 0.359746 2 0.648738 0.378615 2 0.642421 0.369707 2 0.646830 0.394198 2 0.641871 0.381230 2
0 0.505208 0.423942 0.029762 0.146825 0.513882 0.369439 2 0.512520 0.367064 1 0.512843 0.367800 2 0.508373 0.369092 1 0.510039 0.371520 2 0.505043 0.385531 2 0.508649 0.389015 2 0.508396 0.403590 2 0.514605 0.410090 2 0.515954 0.413383 2 0.522879 0.419264 2 0.504850 0.425729 2 0.504427 0.428076 2 0.515413 0.451818 2 0.498074 0.457710 2 0.520245 0.482285 2 0.487084 0.482789 2
0 0.352679 0.407407 0.029762 0.145503 0.357445 0.360886 2 0.356253 0.357814 1 0.356540 0.358248 2 0.348921 0.359513 1 0.353849 0.360876 2 0.343919 0.375329 2 0.355061 0.377329 2 0.341500 0.389074 2 0.357235 0.398159 2 0.350719 0.388160 1 0.364444 0.394976 2 0.346597 0.415405 2 0.354404 0.416089 2 0.345469 0.448230 2 0.355201 0.442003 2 0.342951 0.475534 2 0.354630 0.468052 2
0 0.133929 0.369709 0.038690 0.128307 0.130894 0.326683 2 0.132065 0.324101 2 0.129724 0.324360 2 0.133909 0.321141 2 0.127503 0.321859 2 0.137729 0.329336 2 0.124577 0.332316 2 0.143614 0.341914 2 0.120973 0.348563 2 0.138578 0.347511 2 0.127224 0.349221 2 0.139054 0.363707 2 0.130193 0.365429 2 0.142467 0.390458 2 0.131833 0.391831 2 0.147613 0.416645 2 0.133614 0.418497 2
0 0.208705 0.342593 0.029018 0.108466 0.188988 0.276249 2 0.189098 0.274045 2 0.188988 0.273925 1 0.190925 0.275296 2 0.189286 0.275363 1 0.194156 0.288668 2 0.190007 0.288815 2 0.198637 0.306739 2 0.191486 0.306968 1 0.199294 0.322401 2 0.191557 0.318917 1 0.192180 0.321994 2 0.189789 0.321683 2 0.191032 0.347412 2 0.190273 0.347593 2 0.195832 0.371958 2 0.197186 0.371409 2
0 0.555060 0.210317 0.020833 0.089947 0.555179 0.183244 1 0.555225 0.181487 1 0.555529 0.181671 1 0.553677 0.182720 2 0.557858 0.182759 2 0.550966 0.194045 2 0.560182 0.192975 2 0.548971 0.206437 2 0.563264 0.204645 2 0.550826 0.212332 2 0.562077 0.213491 2 0.552406 0.216636 2 0.558300 0.216044 2 0.552752 0.233508 2 0.556121 0.231512 2 0.553934 0.248575 2 0.554693 0.244650 2
0 0.947917 0.308201 0.038690 0.124339 0.956444 0.262677 1 0.956374 0.260017 1 0.957064 0.260855 1 0.953627 0.260792 2 0.960293 0.262599 2 0.948539 0.274193 2 0.961936 0.277560 2 0.944636 0.291219 2 0.963817 0.294883 2 0.942286 0.303423 2 0.963735 0.292368 2 0.947905 0.311108 2 0.956683 0.312752 2 0.947621 0.333575 2 0.954611 0.336515 2 0.945733 0.356721 2 0.948635 0.356577 2
0 0.790551 0.275794 0.026042 0.104497 0.790283 0.240025 2 0.790551 0.238237 2 0.789384 0.237922 2 0.789864 0.239206 1 0.786427 0.238280 2 0.788552 0.249124 2 0.782415 0.247710 2 0.788351 0.263094 2 0.779465 0.262115 2 0.790258 0.269917 2 0.785372 0.270514 2 0.786614 0.269622 2 0.782339 0.270157 2 0.795363 0.277076 2 0.790579 0.277792 2 0.791109 0.296180 2 0.787824 0.297162 2
0 0.808036 0.270503 0.023810 0.093915 0.809724 0.238703 2 0.809227 0.236994 1 0.809412 0.236979 2 0.806999 0.237781 1 0.807837 0.238338 2 0.807621 0.243695 2 0.802152 0.248428 2 0.810552 0.258365 2 0.805192 0.260541 2 0.813829 0.266136 2 0.811165 0.270744 2 0.807563 0.264876 2 0.803586 0.270300 2 0.817604 0.264683 2 0.810893 0.283820 2 0.813025 0.277423 2 0.813589 0.301669 2
0 0.847842 0.876984 0.060268 0.230159 0.861582 0.802461 2 0.864869 0.798175 2 0.858946 0.796950 2 0.868862 0.799724 2 0.853519 0.795860 2 0.870477 0.826469 2 0.847641 0.817868 2 0.872018 0.857582 2 0.849044 0.850246 2 0.864846 0.829804 2 0.859934 0.862099 2 0.861078 0.884386 2 0.844855 0.879033 2 0.854347 0.927737 2 0.837597 0.920000 2 0.848161 0.968285 2 0.828423 0.960818 2
0 0.538318 0.325397 0.026042 0.108466 0.544979 0.351107 1 0.545156 0.348379 1 0.546155 0.349155 1 0.544344 0.349716 2 0.551645 0.350573 2 0.541387 0.363852 2 0.554813 0.366160 2 0.534408 0.383375 2 0.555327 0.387790 2 0.528131 0.396241 2 0.552114 0.392814 1 0.541499 0.399557 2 0.550630 0.399884 2 0.538401 0.388520 1 0.549563 0.389223 1 0.535713 0.399884 1 0.547212 0.399884 1
0 0.520833 0.298942 0.026786 0.095238 0.515814 0.263095 2 0.516991 0.261556 2 0.515468 0.261251 2 0.519399 0.262996 2 0.515571 0.262180 1 0.521737 0.273355 2 0.512717 0.271801 2 0.526314 0.282659 2 0.508127 0.279683 2 0.524455 0.295220 2 0.509990 0.290983 2 0.520135 0.301537 2 0.514587 0.300964 2 0.520530 0.323832 2 0.515663 0.322771 2 0.521249 0.345934 2 0.516999 0.343254 2
0 0.494420 0.164021 0.017113 0.063492 0.491957 0.146588 2 0.492451 0.145128 2 0.491351 0.145636 2 0.493278 0.145199 2 0.491637 0.146337 1 0.495539 0.150880 2 0.491744 0.153624 2 0.499512 0.152792 2 0.492314 0.160459 2 0.496400 0.153163 2 0.491918 0.158307 2 0.497460 0.167926 2 0.496143 0.168742 2 0.492655 0.180037 2 0.498939 0.179603 2 0.490759 0.189147 2 0.503768 0.185631 2
0 0.094494 0.313492 0.017857 0.068783 0.094269 0.294754 2 0.094655 0.292948 2 0.093068 0.293934 2 0.095605 0.292939 2 0.091547 0.295339 2 0.097277 0.300301 2 0.091748 0.302928 2 0.100371 0.306548 2 0.091759 0.310915 2 0.099946 0.308615 2 0.093829 0.310101 2 0.097312 0.316678 2 0.093160 0.317460 2 0.098084 0.326519 2 0.090895 0.326654 2 0.099574 0.337062 2 0.088409 0.334505 2
0 0.641369 0.142196 0.014881 0.070106 0.639545 0.114566 2 0.640191 0.113400 2 0.639395 0.113427 1 0.641865 0.114127 2 0.639967 0.114219 1 0.643770 0.121337 2 0.638974 0.120952 2 0.645505 0.128937 2 0.636960 0.127354 2 0.642547 0.124627 2 0.638693 0.123919 2 0.642511 0.138853 2 0.639570 0.138543 2 0.641685 0.153027 2 0.640615 0.153162 2 0.642040 0.166340 2 0.641678 0.166003 2
0 0.171503 0.154101 0.017113 0.035714 0.171643 0.141113 1 0.171664 0.140428 1 0.171817 0.140381 1 0.171558 0.140451 2 0.173694 0.140220 2 0.170782 0.143980 2 0.175018 0.143878 2 0.170351 0.149161 2 0.176604 0.149212 2 0.170315 0.153479 1 0.177278 0.154140 2 0.171630 0.152574 2 0.174956 0.152602 2 0.170335 0.158006 2 0.176510 0.158948 2 0.169339 0.164755 2 0.177344 0.165270 2
0 0.198661 0.140212 0.017857 0.050265 0.199094 0.122240 1 0.198865 0.121253 1 0.199048 0.121116 1 0.197182 0.122087 2 0.199867 0.121665 2 0.196469 0.128932 2 0.201798 0.127870 2 0.196008 0.135841 2 0.204298 0.134731 2 0.198033 0.136555 2 0.205650 0.141055 2 0.198913 0.143908 2 0.202713 0.143447 2 0.198982 0.154907 2 0.203927 0.153517 2 0.198741 0.165518 2 0.204818 0.165247 2
0 0.799479 0.199074 0.017113 0.062169 0.799788 0.177370 1 0.799640 0.176217 1 0.800269 0.176477 1 0.798102 0.177159 2 0.801710 0.177680 2 0.796961 0.184342 2 0.801950 0.184631 2 0.795091 0.192032 2 0.800428 0.190931 1 0.793064 0.189818 2 0.795569 0.188352 1 0.796090 0.199284 2 0.799418 0.199230 2 0.795162 0.209825 2 0.797436 0.210132 2 0.795843 0.220872 2 0.796995 0.221455 2
0 0.142113 0.103175 0.013393 0.050265 0.140914 0.087438 2 0.141157 0.086601 1 0.140486 0.086719 2 0.141402 0.086989 1 0.140028 0.087157 2 0.141747 0.091566 2 0.140001 0.091608 2 0.142850 0.097790 2 0.139785 0.097526 2 0.143814 0.102928 2 0.140878 0.101213 2 0.143135 0.104218 2 0.141957 0.104481 2 0.143870 0.114345 2 0.142864 0.114615 2 0.143685 0.124540 2 0.141601 0.124242 2
0 0.823289 0.170635 0.014137 0.047619 0.825190 0.156706 1 0.825319 0.155634 1 0.825654 0.155745 1 0.825220 0.156440 2 0.827760 0.156403 2 0.824378 0.162926 2 0.828457 0.162897 2 0.823119 0.169661 2 0.829159 0.170602 2 0.822160 0.169143 2 0.828708 0.177018 2 0.824364 0.177238 2 0.826978 0.177179 2 0.823723 0.185456 2 0.825386 0.185779 2 0.823973 0.193615 2 0.824668 0.193681 2
0 0.239211 0.107143 0.014137 0.044974 0.245594 0.095535 1 0.245450 0.094583 1 0.245840 0.094453 1 0.244621 0.094484 2 0.247082 0.094181 2 0.243785 0.099515 2 0.247885 0.098928 2 0.242921 0.106384 2 0.248435 0.104848 1 0.243408 0.109587 1 0.247529 0.108314 1 0.244380 0.111707 2 0.247150 0.111470 2 0.244500 0.119028 2 0.246666 0.119309 2 0.245313 0.126644 2 0.246989 0.127271 2
0 0.706473 0.138228 0.012649 0.048942 0.704329 0.124588 2 0.704352 0.123621 2 0.703880 0.123583 2 0.703877 0.123898 1 0.702274 0.123782 2 0.704404 0.129280 2 0.700543 0.129062 2 0.705473 0.135562 2 0.699088 0.135300 2 0.702833 0.139914 2 0.700490 0.140169 2 0.703362 0.142915 2 0.700870 0.142825 2 0.702699 0.153068 2 0.700447 0.152984 2 0.701822 0.162464 2 0.700180 0.162483 2
0 0.399554 0.126984 0.014881 0.063492 0.399669 0.105780 1 0.399810 0.104862 1 0.399651 0.104799 1 0.399432 0.105653 1 0.399623 0.105597 2 0.399183 0.112100 2 0.398205 0.112324 2 0.398655 0.118456 2 0.395815 0.118820 2 0.397466 0.123446 2 0.395775 0.123703 2 0.399128 0.124488 2 0.398322 0.124824 2 0.400071 0.133066 2 0.398140 0.133832 2 0.401931 0.140915 2 0.397675 0.141602 2
0 0.614211 0.282407 0.014137 0.056878 0.616051 0.243386 1 0.616233 0.243386 1 0.615548 0.243386 1 0.616595 0.243386 1 0.614422 0.243386 1 0.617118 0.243386 1 0.613849 0.243386 1 0.618854 0.243680 1 0.613369 0.244173 1 0.619265 0.247421 1 0.614938 0.247234 2 0.617735 0.247716 2 0.614675 0.247864 2 0.619652 0.262032 2 0.612483 0.262310 2 0.619205 0.278906 2 0.608455 0.278332 2
0 0.969494 0.267196 0.026786 0.111111 0.957926 0.262352 1 0.957432 0.259785 1 0.958484 0.260175 1 0.953837 0.260244 2 0.960939 0.261670 2 0.951067 0.272795 2 0.961510 0.276426 2 0.950908 0.288369 1 0.963176 0.294870 2 0.955721 0.285724 1 0.964120 0.288237 2 0.950893 0.312492 2 0.957160 0.313971 2 0.951117 0.336864 1 0.955043 0.339528 2 0.952715 0.340466 1 0.952886 0.343419 1
0 0.560640 0.096561 0.012649 0.037037 0.561294 0.079032 1 0.561459 0.078162 1 0.561336 0.078173 1 0.561776 0.078407 1 0.562209 0.078286 1 0.561630 0.081979 2 0.562837 0.081745 2 0.560739 0.082245 2 0.561949 0.081552 2 0.561614 0.082953 1 0.562421 0.082029 1 0.562247 0.091819 2 0.563058 0.091748 2 0.562237 0.101550 2 0.563001 0.101454 2 0.562319 0.111144 2 0.563145 0.111801 2
0 0.530506 0.220238 0.017857 0.078042 0.532946 0.193724 2 0.533626 0.191948 2 0.532052 0.192181 2 0.533310 0.193260 1 0.530224 0.193167 2 0.533934 0.201912 2 0.528648 0.202660 2 0.533621 0.213560 2 0.525919 0.215752 2 0.536237 0.213010 2 0.530892 0.219255 2 0.532784 0.225674 2 0.530444 0.226354 2 0.529387 0.245801 2 0.534724 0.247045 2 0.523426 0.261756 2 0.536362 0.268304 2
0 0.737723 0.134921 0.017113 0.052910 0.745485 0.117744 2 0.745783 0.116920 2 0.744949 0.116617 2 0.745601 0.117850 1 0.743324 0.117149 2 0.744370 0.124238 2 0.740970 0.122167 2 0.743363 0.131255 2 0.737289 0.127117 2 0.743233 0.133659 2 0.737082 0.128991 2 0.740701 0.135413 2 0.737902 0.134293 2 0.740199 0.143626 2 0.733463 0.142693 2 0.739625 0.154767 2 0.729493 0.152843 2
0 0.955729 0.174603 0.020089 0.063492 0.953357 0.152407 1 0.953486 0.151153 1 0.953870 0.151350 1 0.954088 0.151908 2 0.957286 0.151818 2 0.953819 0.159346 2 0.959608 0.158405 2 0.952033 0.169117 2 0.960130 0.168610 2 0.949836 0.177962 2 0.957637 0.175322 1 0.953620 0.178369 2 0.957525 0.177268 2 0.951482 0.192242 2 0.954637 0.189434 2 0.950822 0.206813 2 0.952981 0.202555 2
0 0.904762 0.184524 0.020833 0.046296 0.903407 0.170093 1 0.903703 0.169015 1 0.903719 0.169197 1 0.904338 0.170027 2 0.904962 0.170246 1 0.905842 0.176223 2 0.903759 0.176100 2 0.906206 0.186402 2 0.902436 0.184754 2 0.901439 0.193073 2 0.900355 0.191531 2 0.904750 0.195012 2 0.903203 0.194525 2 0.902865 0.194864 1 0.899739 0.195001 1 0.903738 0.198573 1 0.901444 0.198204 1
