0 0.470238 0.539683 0.022321 0.113757 0.483487 0.542201 1 0.482866 0.539931 1 0.483627 0.539967 1 0.478234 0.541113 2 0.484400 0.541590 2 0.473977 0.554956 2 0.485700 0.555670 2 0.470857 0.570853 2 0.485863 0.572447 1 0.471450 0.581181 2 0.485863 0.583869 1 0.475291 0.589227 2 0.483470 0.589882 2 0.475482 0.612252 2 0.484605 0.613479 1 0.475540 0.618304 1 0.483611 0.618304 1
0 0.479539 0.589286 0.029018 0.128307 0.483885 0.541876 1 0.483065 0.539525 1 0.483821 0.539535 1 0.477784 0.540941 2 0.484416 0.541447 2 0.473736 0.555123 2 0.486302 0.556778 2 0.470521 0.572284 2 0.489084 0.574740 2 0.471555 0.582360 2 0.490585 0.588888 2 0.475088 0.590370 2 0.483585 0.591569 2 0.475546 0.613245 2 0.483420 0.616881 2 0.474768 0.633605 2 0.481460 0.639897 2
0 0.496280 0.538360 0.028274 0.116402 0.483974 0.541776 1 0.482921 0.539547 1 0.484032 0.539494 1 0.478029 0.540999 1 0.484527 0.541506 2 0.476935 0.554957 2 0.486282 0.556207 2 0.477294 0.571381 1 0.489117 0.574270 2 0.479070 0.584844 1 0.489894 0.589012 2 0.476935 0.590919 2 0.483861 0.591231 2 0.477149 0.614512 1 0.483456 0.614435 2 0.477997 0.618882 1 0.482827 0.618882 1
0 0.559152 0.546958 0.018601 0.091270 0.557783 0.514818 1 0.557990 0.513177 1 0.558445 0.513290 1 0.557973 0.514068 2 0.562154 0.513884 2 0.556275 0.523158 2 0.564212 0.522939 2 0.553969 0.535518 2 0.565440 0.534964 2 0.553792 0.548129 2 0.564704 0.546311 2 0.557462 0.547494 2 0.562952 0.547431 2 0.556194 0.564201 2 0.561912 0.564871 2 0.556600 0.580969 2 0.562095 0.580800 2
0 0.513765 0.547619 0.024554 0.105820 0.517812 0.509521 1 0.517141 0.507717 1 0.517706 0.507813 1 0.512924 0.508686 2 0.518026 0.509209 2 0.509523 0.520067 2 0.519571 0.520355 2 0.507241 0.533652 2 0.521661 0.534801 2 0.506572 0.545960 2 0.522941 0.548019 2 0.511303 0.547211 2 0.518487 0.547391 2 0.511312 0.567476 2 0.520400 0.566705 2 0.511756 0.586996 2 0.521015 0.585128 2
0 0.586682 0.494048 0.018601 0.085979 0.584598 0.463895 1 0.584840 0.462171 1 0.585323 0.462280 1 0.585303 0.462942 2 0.589296 0.462931 2 0.583578 0.472138 2 0.591046 0.472226 2 0.583041 0.484230 2 0.590816 0.485296 2 0.583415 0.494299 1 0.587457 0.493999 2 0.584546 0.494227 2 0.589740 0.494095 2 0.586040 0.513078 2 0.589856 0.512777 2 0.585504 0.531149 2 0.587443 0.528741 2
0 0.573289 0.490741 0.018601 0.092593 0.576339 0.457814 1 0.576003 0.456066 1 0.576556 0.456072 1 0.573445 0.457330 2 0.578032 0.457496 2 0.570978 0.467716 2 0.579899 0.467991 2 0.569892 0.478897 2 0.583019 0.479935 2 0.571842 0.485834 2 0.584135 0.489641 2 0.572976 0.489812 2 0.579047 0.489886 2 0.572736 0.510538 2 0.578755 0.510800 2 0.573304 0.530238 2 0.578932 0.530103 2
0 0.672991 0.449735 0.018601 0.068783 0.680599 0.447977 2 0.681833 0.444974 2 0.679382 0.445323 2 0.683921 0.442531 1 0.678040 0.442906 1 0.684669 0.453419 2 0.679921 0.451723 2 0.680859 0.473442 2 0.678560 0.467105 2 0.674434 0.473656 2 0.672885 0.466170 2 0.683007 0.473115 2 0.679849 0.470907 2 0.674351 0.470987 2 0.671261 0.467971 2 0.669346 0.472282 2 0.669444 0.470071 2
0 0.825893 0.471561 0.013393 0.059524 0.829693 0.456238 2 0.829563 0.454992 1 0.829649 0.454832 2 0.828067 0.454292 1 0.828499 0.454051 2 0.827742 0.459104 2 0.825704 0.459808 2 0.830227 0.463182 2 0.825318 0.468511 2 0.831415 0.461746 2 0.827225 0.474662 2 0.825904 0.475702 2 0.824473 0.475894 2 0.826211 0.486756 2 0.823591 0.486980 2 0.826138 0.497690 2 0.823458 0.498037 2
0 0.090402 0.609788 0.043899 0.108466 0.073492 0.596898 2 0.074352 0.594243 2 0.071612 0.594747 2 0.073893 0.595175 1 0.068425 0.595847 2 0.068799 0.606500 2 0.071421 0.609164 2 0.072128 0.624312 1 0.074956 0.629676 2 0.080670 0.636890 1 0.080641 0.643223 2 0.072744 0.637359 2 0.075160 0.640350 2 0.080582 0.653418 2 0.091430 0.659005 2 0.070082 0.674107 2 0.079984 0.680491 2
0 0.072173 0.632275 0.032738 0.129630 0.073472 0.597100 2 0.074233 0.594198 2 0.071575 0.594781 2 0.073384 0.594785 1 0.068079 0.595577 2 0.067991 0.607233 2 0.070754 0.609478 2 0.071757 0.625715 1 0.074413 0.630337 2 0.079378 0.636599 1 0.079089 0.642942 2 0.073027 0.637940 2 0.075784 0.640583 2 0.079606 0.653825 2 0.090591 0.657784 2 0.069959 0.677503 2 0.080272 0.679938 2
0 0.802455 0.550265 0.014137 0.037037 0.810445 0.542067 2 0.810604 0.540815 1 0.809820 0.540772 2 0.809943 0.541222 1 0.807957 0.541142 2 0.809449 0.548012 2 0.806264 0.546851 2 0.807511 0.556242 1 0.802194 0.552217 2 0.804540 0.560809 2 0.802911 0.558537 2 0.809253 0.560957 2 0.807169 0.560867 2 0.809915 0.566835 1 0.809299 0.567163 2 0.806406 0.568638 1 0.806709 0.569305 1
0 0.706845 0.431878 0.014881 0.051587 0.712796 0.412704 1 0.712934 0.411672 1 0.713001 0.412020 1 0.711796 0.412290 2 0.714734 0.412918 2 0.709635 0.417940 2 0.715844 0.419424 2 0.707653 0.423568 2 0.716543 0.428037 2 0.707914 0.426964 1 0.716177 0.430858 1 0.709338 0.432643 2 0.714263 0.433076 2 0.707166 0.438367 2 0.716681 0.438058 2 0.705377 0.451074 2 0.716872 0.449985 2
0 0.865699 0.444444 0.014137 0.052910 0.870238 0.430495 2 0.870328 0.429322 1 0.870237 0.428968 2 0.869204 0.428687 1 0.869309 0.427863 2 0.868129 0.434476 2 0.866395 0.433576 2 0.867894 0.442646 1 0.865798 0.441460 2 0.868727 0.445590 1 0.868570 0.442235 2 0.868009 0.450413 2 0.866838 0.450396 2 0.867952 0.462152 2 0.866891 0.462461 2 0.867712 0.475982 2 0.866634 0.475552 2
