0 0.584449 0.384259 0.027530 0.138889 0.581849 0.324919 2 0.582974 0.323207 2 0.583095 0.323432 1 0.586373 0.327175 2 0.587877 0.327254 1 0.585333 0.339995 2 0.590859 0.338700 2 0.575761 0.347623 2 0.579900 0.340957 2 0.572257 0.334608 2 0.576439 0.332785 2 0.586654 0.377825 2 0.590145 0.377068 2 0.580521 0.401627 2 0.584001 0.402625 2 0.589587 0.418506 2 0.590985 0.423724 2
0 0.775298 0.694444 0.058036 0.230159 0.787296 0.607434 2 0.790175 0.603705 2 0.785310 0.602528 2 0.794042 0.606574 2 0.781723 0.603718 2 0.797947 0.632156 2 0.776840 0.627307 2 0.802223 0.670251 2 0.769533 0.647425 2 0.795661 0.694129 2 0.760976 0.672858 2 0.789043 0.688546 2 0.774141 0.686473 2 0.787868 0.727705 2 0.765640 0.735420 2 0.785922 0.761829 2 0.758726 0.778636 2
0 0.651786 0.186508 0.020833 0.068783 0.652515 0.163148 1 0.652602 0.161739 1 0.653044 0.161895 1 0.652285 0.162750 2 0.655855 0.162672 2 0.650651 0.170886 2 0.657593 0.170856 2 0.648387 0.181057 2 0.658768 0.180761 2 0.645921 0.190252 2 0.658032 0.187120 2 0.651974 0.189833 2 0.656282 0.189928 2 0.652861 0.203999 2 0.655799 0.204610 2 0.651727 0.217910 2 0.652445 0.217694 2
0 0.527158 0.433862 0.034970 0.145503 0.526068 0.374953 1 0.526110 0.372462 1 0.526986 0.372532 1 0.524530 0.375284 2 0.531436 0.374791 2 0.523334 0.393475 2 0.534613 0.390910 2 0.521466 0.413531 2 0.538616 0.407695 2 0.516003 0.428920 2 0.540847 0.415250 2 0.526007 0.432642 2 0.532853 0.430576 2 0.520536 0.461215 2 0.525541 0.455906 2 0.527066 0.486758 2 0.528549 0.478760 2
0 0.451637 0.492063 0.041667 0.153439 0.442573 0.436588 1 0.442707 0.434358 1 0.443358 0.433519 1 0.441961 0.437555 2 0.449960 0.434341 2 0.440641 0.456894 2 0.456532 0.448244 2 0.439073 0.477710 2 0.464509 0.462449 2 0.439978 0.466460 2 0.469703 0.475237 2 0.449755 0.495931 2 0.460229 0.492449 2 0.450580 0.524718 2 0.461943 0.519914 2 0.453853 0.553847 2 0.463741 0.548968 2
0 0.397693 0.392857 0.027530 0.137566 0.394574 0.346339 1 0.394184 0.343750 1 0.395528 0.343823 1 0.391949 0.345581 2 0.399842 0.344882 2 0.390662 0.363421 2 0.403699 0.358970 2 0.388804 0.383937 2 0.409404 0.378913 2 0.381195 0.382862 2 0.408157 0.394911 2 0.393795 0.398825 2 0.401375 0.395952 2 0.395266 0.428817 2 0.396846 0.422035 2 0.401308 0.455022 2 0.394834 0.445911 2
0 0.325521 0.445767 0.033482 0.156085 0.323161 0.391340 1 0.322454 0.389004 1 0.323016 0.388812 1 0.317977 0.392328 2 0.324968 0.391462 2 0.315705 0.411844 2 0.329891 0.407489 2 0.314974 0.431623 2 0.336343 0.426931 2 0.315140 0.434598 2 0.339836 0.441538 2 0.321474 0.451450 2 0.331592 0.448973 2 0.320353 0.483573 2 0.334248 0.475717 2 0.320748 0.513557 2 0.336007 0.503981 2
0 0.311756 0.379630 0.038690 0.129630 0.325478 0.390920 1 0.324165 0.388843 1 0.325232 0.388261 1 0.317846 0.392355 2 0.325315 0.391208 2 0.316020 0.411396 2 0.330256 0.407742 2 0.314149 0.430924 2 0.335358 0.421492 2 0.317513 0.432499 2 0.329647 0.424563 1 0.321785 0.450862 2 0.331617 0.449370 2 0.323364 0.469577 1 0.334279 0.469149 1 0.323602 0.469120 1 0.334817 0.469577 1
0 0.452009 0.401455 0.026042 0.141534 0.444620 0.435432 1 0.444404 0.433570 1 0.445263 0.432638 1 0.441984 0.436764 2 0.449851 0.433670 2 0.441000 0.455312 2 0.455407 0.447963 2 0.439365 0.475805 2 0.465201 0.459905 2 0.441761 0.467092 1 0.465753 0.456765 2 0.449167 0.496080 2 0.458797 0.493041 2 0.448507 0.497173 1 0.462683 0.492456 1 0.448602 0.497420 1 0.462599 0.494681 1
0 0.203869 0.448413 0.044643 0.164021 0.201107 0.384150 2 0.200153 0.381520 1 0.199669 0.382033 2 0.194079 0.385612 1 0.195475 0.386748 2 0.190007 0.405028 2 0.197102 0.405069 2 0.186412 0.428817 2 0.198423 0.428394 2 0.187703 0.444792 2 0.204949 0.445273 2 0.192611 0.449979 2 0.198733 0.450292 2 0.191644 0.482142 2 0.206155 0.479496 2 0.189331 0.514104 2 0.211369 0.513940 2
0 0.134673 0.371032 0.034226 0.125661 0.133133 0.321174 2 0.133753 0.318542 2 0.131455 0.319263 2 0.134390 0.319405 1 0.128010 0.321094 2 0.138231 0.332512 2 0.125298 0.336138 2 0.143893 0.345562 2 0.123935 0.353668 2 0.139856 0.353697 2 0.125577 0.371062 2 0.139724 0.367068 2 0.130844 0.369089 2 0.142723 0.392661 2 0.131916 0.395533 2 0.147576 0.418097 2 0.133853 0.421113 2
0 0.406250 0.304233 0.022321 0.108466 0.397816 0.344564 1 0.396738 0.342618 1 0.398075 0.342321 1 0.391838 0.344770 2 0.399566 0.344011 2 0.390750 0.362356 2 0.404431 0.359744 2 0.391224 0.379010 1 0.408919 0.376338 2 0.392445 0.378344 1 0.406612 0.378810 1 0.394432 0.379010 1 0.403958 0.379010 1 0.394826 0.368781 1 0.404655 0.363887 1 0.396566 0.375196 1 0.403594 0.374698 1
0 0.542039 0.205026 0.018601 0.084656 0.543570 0.171488 1 0.543717 0.169741 1 0.543840 0.170025 1 0.542659 0.170774 2 0.546630 0.171218 2 0.540336 0.180497 2 0.548307 0.181784 2 0.537880 0.190934 2 0.549545 0.195351 2 0.537235 0.201365 2 0.548893 0.204837 2 0.540876 0.203255 2 0.546766 0.203621 2 0.539393 0.221258 2 0.547591 0.221185 2 0.537851 0.239619 2 0.547776 0.237939 2
0 0.961682 0.282407 0.034970 0.117725 0.971064 0.242276 1 0.970535 0.239603 1 0.971130 0.240365 1 0.965443 0.239654 2 0.971704 0.241604 2 0.960593 0.251690 2 0.972969 0.255357 2 0.956050 0.268565 2 0.975160 0.271079 2 0.955134 0.271338 2 0.974894 0.265739 1 0.957936 0.287755 2 0.966660 0.289540 2 0.953894 0.310340 2 0.966582 0.314120 2 0.950036 0.329616 2 0.963541 0.334112 2
0 0.787946 0.274471 0.022321 0.091270 0.791308 0.242779 2 0.791386 0.240936 2 0.790473 0.240766 2 0.790119 0.241281 1 0.787367 0.240808 2 0.788287 0.251198 2 0.783437 0.249876 2 0.788572 0.264982 2 0.780383 0.262354 2 0.791563 0.272988 2 0.785647 0.270887 2 0.786445 0.273742 2 0.783278 0.274323 2 0.792089 0.285580 2 0.788282 0.286619 2 0.788714 0.304068 2 0.785722 0.304156 2
0 0.809152 0.269180 0.024554 0.085979 0.809179 0.242023 2 0.809219 0.240182 2 0.808337 0.240166 2 0.808154 0.240435 1 0.805253 0.240551 2 0.807686 0.247957 2 0.801783 0.250608 2 0.810400 0.261226 2 0.806133 0.264309 2 0.814544 0.268973 2 0.811607 0.272616 2 0.807651 0.270047 2 0.803451 0.273318 2 0.815575 0.275188 2 0.811942 0.284295 2 0.812994 0.292591 2 0.812887 0.304088 2
0 0.960565 0.933862 0.062500 0.126984 0.965567 0.904352 2 0.969091 0.902900 2 0.967915 0.900346 2 0.976740 0.913885 2 0.973159 0.905780 1 0.977790 0.941547 2 0.969266 0.926395 2 0.958430 0.965632 2 0.954443 0.942352 2 0.934429 0.956781 2 0.940045 0.947086 2 0.963294 0.995447 2 0.957525 0.984914 2 0.943914 0.960637 1 0.937858 0.950913 1 0.943990 0.979536 1 0.949819 0.968760 1
0 0.538690 0.319444 0.029762 0.093915 0.533678 0.287543 2 0.533700 0.285107 2 0.533142 0.285735 1 0.535615 0.282337 2 0.534753 0.283891 1 0.541896 0.289557 2 0.536821 0.290695 2 0.545455 0.306050 2 0.537109 0.305917 2 0.542424 0.321739 2 0.536260 0.313974 2 0.542644 0.319932 2 0.539552 0.319733 2 0.541576 0.340544 2 0.540602 0.339394 2 0.541948 0.360706 2 0.543739 0.359837 2
0 0.480283 0.153439 0.017113 0.058201 0.481807 0.137258 2 0.482276 0.135923 2 0.481161 0.136149 2 0.482887 0.135393 2 0.480226 0.135923 2 0.484506 0.141246 2 0.479120 0.142506 2 0.487361 0.148319 2 0.478194 0.151674 2 0.487799 0.155587 2 0.477396 0.158472 2 0.484931 0.158343 2 0.481637 0.158854 2 0.483826 0.171200 2 0.481543 0.171352 2 0.484408 0.184741 2 0.482777 0.183789 2
0 0.096726 0.318783 0.017857 0.063492 0.094592 0.301649 2 0.095167 0.299577 1 0.093872 0.300330 2 0.097236 0.298935 1 0.094046 0.300730 1 0.100451 0.304173 2 0.093980 0.307535 2 0.106113 0.312698 2 0.090740 0.319034 2 0.104643 0.317604 2 0.088081 0.326922 2 0.102037 0.318829 2 0.097952 0.320414 2 0.106452 0.319561 2 0.098692 0.321545 2 0.106342 0.337526 2 0.099150 0.337773 2
0 0.210938 0.214286 0.017113 0.037037 0.208482 0.207967 1 0.208380 0.207053 1 0.208754 0.206716 1 0.208528 0.207295 2 0.211132 0.206250 2 0.209272 0.213200 2 0.213112 0.211515 2 0.207315 0.221505 2 0.215661 0.219056 2 0.206792 0.227332 2 0.216624 0.225229 2 0.211718 0.227738 2 0.214448 0.226629 2 0.207539 0.218775 2 0.212609 0.217375 2 0.208974 0.227875 2 0.216305 0.227236 2
0 0.178943 0.139550 0.014137 0.056878 0.177724 0.122480 1 0.177800 0.121426 1 0.177993 0.121358 1 0.177478 0.122027 2 0.180052 0.121711 2 0.176500 0.128368 2 0.181864 0.128012 2 0.175599 0.135789 2 0.183791 0.134926 2 0.176943 0.139705 2 0.182985 0.137924 1 0.178601 0.143606 2 0.182163 0.143573 2 0.179673 0.154926 2 0.182438 0.155039 2 0.180654 0.165326 2 0.182789 0.165393 2
0 0.791295 0.181217 0.017113 0.060847 0.794068 0.164235 1 0.794191 0.163108 1 0.794522 0.163327 1 0.793723 0.164036 2 0.796955 0.164300 2 0.792693 0.170324 2 0.797765 0.171067 2 0.791073 0.177414 2 0.800055 0.177928 2 0.790172 0.182929 2 0.798944 0.181066 2 0.792304 0.184770 2 0.795769 0.184953 2 0.790031 0.194806 2 0.794289 0.196168 2 0.788902 0.206629 2 0.794506 0.207511 2
0 0.394345 0.100529 0.014881 0.050265 0.396820 0.080655 2 0.397314 0.079789 2 0.396351 0.079782 2 0.398093 0.080399 2 0.395741 0.080420 2 0.399043 0.085335 2 0.395021 0.085731 2 0.401046 0.090112 2 0.394031 0.091956 2 0.399768 0.092924 2 0.393899 0.098430 2 0.398595 0.096964 2 0.396055 0.097048 2 0.398520 0.105986 2 0.396316 0.106184 2 0.398593 0.115413 2 0.396476 0.115428 2
0 0.840774 0.176587 0.014881 0.051587 0.844308 0.160923 1 0.844498 0.160438 1 0.844743 0.160667 1 0.844319 0.161984 2 0.846125 0.162577 1 0.842660 0.165929 2 0.845554 0.166911 2 0.840867 0.160204 2 0.843683 0.161632 2 0.840373 0.155553 2 0.842634 0.156971 2 0.841566 0.181162 2 0.843326 0.181566 2 0.839426 0.189447 2 0.841118 0.191102 2 0.841356 0.198146 2 0.841967 0.197787 2
0 0.704241 0.139550 0.018601 0.038360 0.708947 0.128510 2 0.709269 0.127555 2 0.708341 0.127594 2 0.709387 0.127377 2 0.707275 0.127436 2 0.709780 0.130448 2 0.705674 0.131074 2 0.713860 0.129801 2 0.703541 0.136856 2 0.716143 0.130211 2 0.706715 0.135765 2 0.704746 0.141410 2 0.702313 0.140587 2 0.703908 0.151212 2 0.701600 0.147718 2 0.701114 0.155756 2 0.697169 0.152960 2
0 0.481399 0.229497 0.014881 0.054233 0.482588 0.211300 2 0.483110 0.210100 2 0.482096 0.210208 2 0.483736 0.210456 1 0.481626 0.210661 2 0.483906 0.216738 2 0.481210 0.217474 2 0.484971 0.224281 2 0.479836 0.226034 2 0.485060 0.232673 2 0.480011 0.234329 2 0.482512 0.231700 2 0.481178 0.231863 2 0.480667 0.241404 2 0.481292 0.241915 2 0.478704 0.250540 2 0.480550 0.251363 2
0 0.965402 0.326720 0.037946 0.119048 0.977381 0.288498 1 0.976191 0.286218 1 0.977216 0.286749 1 0.970900 0.284260 2 0.976438 0.286374 2 0.964967 0.293920 2 0.977721 0.296614 2 0.959415 0.311193 2 0.979158 0.313115 2 0.959344 0.324839 2 0.978694 0.327907 2 0.963145 0.328435 2 0.970484 0.329712 2 0.965563 0.351704 2 0.965493 0.356691 2 0.967389 0.373571 2 0.956950 0.378185 2
0 0.962426 0.220238 0.018601 0.078042 0.972134 0.241478 1 0.971200 0.239242 1 0.972240 0.239676 1 0.965587 0.239960 2 0.972243 0.241462 2 0.960491 0.252492 2 0.973163 0.254988 2 0.955820 0.268043 2 0.974388 0.271659 1 0.955389 0.270452 1 0.972696 0.269676 1 0.959536 0.273727 1 0.968446 0.273727 1 0.959572 0.262228 1 0.970217 0.263302 1 0.957583 0.273605 1 0.968220 0.273727 1
0 0.197545 0.100529 0.014137 0.044974 0.196740 0.085858 1 0.196701 0.085256 1 0.197012 0.085174 1 0.196715 0.086053 2 0.198708 0.085757 2 0.196433 0.090750 2 0.199933 0.090346 2 0.195792 0.095923 2 0.200744 0.095560 2 0.196027 0.097133 1 0.200651 0.097601 1 0.197392 0.100677 2 0.199736 0.100421 2 0.197256 0.106322 1 0.199785 0.106092 1 0.197910 0.108753 1 0.199777 0.108465 1
0 0.745164 0.133598 0.017113 0.052910 0.748347 0.115325 2 0.748740 0.114324 2 0.747758 0.114291 2 0.749025 0.114903 1 0.746330 0.114701 2 0.749509 0.121073 2 0.744226 0.121262 2 0.750551 0.127781 2 0.742844 0.129228 2 0.750913 0.130859 2 0.745592 0.131006 2 0.748264 0.135758 2 0.744588 0.135981 2 0.748018 0.145704 2 0.743665 0.145785 2 0.747806 0.155805 2 0.742226 0.155655 2
0 0.516369 0.068783 0.016369 0.052910 0.517577 0.052648 1 0.517258 0.051787 1 0.517505 0.051830 1 0.515526 0.052031 1 0.517174 0.052286 2 0.514467 0.056419 2 0.516865 0.056771 2 0.513831 0.062133 2 0.516620 0.062833 2 0.514080 0.067009 1 0.516865 0.067655 2 0.514673 0.067680 2 0.516365 0.067964 2 0.515331 0.076575 2 0.516988 0.076612 2 0.514363 0.085485 2 0.515910 0.085271 2
0 0.955729 0.172619 0.020089 0.064815 0.964421 0.203145 2 0.965171 0.200663 2 0.963272 0.200925 2 0.966085 0.199884 1 0.961096 0.200644 2 0.967409 0.209387 2 0.959603 0.211532 2 0.968190 0.212629 1 0.961819 0.215030 1 0.964056 0.208458 1 0.964106 0.209315 1 0.967665 0.213130 1 0.962496 0.214545 1 0.968372 0.208254 1 0.964311 0.211435 1 0.965421 0.210664 1 0.966473 0.213761 1
0 0.905878 0.187831 0.020089 0.039683 0.907468 0.177009 2 0.908408 0.175060 2 0.906453 0.174912 2 0.909493 0.175592 1 0.904933 0.175328 2 0.909375 0.181434 2 0.902179 0.181012 2 0.906813 0.189549 2 0.899347 0.189156 2 0.901375 0.193926 2 0.900562 0.193104 2 0.906599 0.194438 2 0.901821 0.194261 2 0.908369 0.190014 2 0.897723 0.190491 2 0.900364 0.198222 2 0.899518 0.196927 2
0 0.941220 0.192460 0.019345 0.033069 0.939924 0.186386 2 0.940661 0.184598 2 0.939040 0.184654 2 0.941582 0.184997 2 0.937912 0.185238 2 0.943610 0.190832 2 0.936677 0.190501 2 0.944087 0.199082 2 0.933225 0.197138 2 0.938267 0.199890 2 0.933645 0.198894 2 0.942347 0.202363 2 0.937975 0.201627 2 0.940485 0.201158 2 0.932462 0.200610 2 0.937344 0.207326 2 0.938303 0.207030 2
