0 0.521949 0.542989 0.011905 0.048942 0.520704 0.536856 2 0.521099 0.536072 2 0.520356 0.536047 2 0.522025 0.534970 2 0.519999 0.534848 1 0.523653 0.538369 2 0.519907 0.535826 2 0.522936 0.546764 2 0.517169 0.538664 2 0.521587 0.550617 2 0.515993 0.543180 2 0.523507 0.548402 2 0.520623 0.547129 2 0.524621 0.555697 2 0.518898 0.554189 2 0.527467 0.561521 2 0.519332 0.561020 2
0 0.474888 0.505291 0.015253 0.044974 0.476101 0.499178 2 0.476521 0.498436 2 0.475837 0.498409 2 0.477277 0.498331 2 0.475573 0.498228 1 0.478149 0.501604 2 0.475099 0.500440 2 0.478463 0.506960 2 0.472117 0.503055 2 0.476814 0.510823 2 0.471170 0.505581 2 0.476694 0.509880 2 0.474895 0.508862 2 0.472896 0.511408 2 0.471236 0.511037 2 0.472378 0.515991 2 0.471688 0.516210 2
0 0.586868 0.300926 0.006324 0.027778 0.588279 0.294211 1 0.588112 0.293674 1 0.588299 0.293655 1 0.586984 0.293503 2 0.588342 0.293557 2 0.586222 0.295859 2 0.588696 0.296099 2 0.585562 0.299485 2 0.589417 0.300169 2 0.586343 0.300028 2 0.590251 0.300509 2 0.586445 0.303480 2 0.588083 0.303623 2 0.586621 0.308753 1 0.588334 0.308428 1 0.586647 0.311471 1 0.587879 0.311502 1
0 0.093936 0.650463 0.011533 0.045635 0.094085 0.637313 2 0.094282 0.636136 2 0.093351 0.636810 2 0.094752 0.635889 2 0.092423 0.637621 2 0.096729 0.639100 2 0.091567 0.641661 2 0.099931 0.639740 2 0.088584 0.645715 2 0.098307 0.644012 2 0.091446 0.649368 2 0.097342 0.653155 2 0.094195 0.654352 2 0.099302 0.663002 2 0.095812 0.663620 2 0.100414 0.672642 2 0.097882 0.671624 2
0 0.105469 0.665013 0.015253 0.045635 0.103950 0.649777 1 0.103835 0.649009 1 0.104098 0.648837 1 0.102881 0.649675 2 0.105486 0.649136 2 0.102232 0.655030 2 0.107474 0.653759 2 0.102090 0.661652 2 0.109645 0.658978 2 0.103875 0.664155 2 0.108659 0.661533 2 0.104578 0.666935 2 0.108198 0.666314 2 0.105217 0.675701 2 0.108958 0.674262 2 0.106040 0.683210 2 0.110024 0.682194 2
0 0.096912 0.594246 0.012277 0.040344 0.096293 0.578431 2 0.096860 0.577568 2 0.095780 0.577668 2 0.097701 0.577524 2 0.095175 0.577920 2 0.099492 0.581040 2 0.093920 0.583262 2 0.101600 0.586710 2 0.092702 0.589335 2 0.101848 0.594524 2 0.093446 0.596111 2 0.099890 0.594059 2 0.096601 0.595682 2 0.099656 0.600710 2 0.098340 0.605420 2 0.100330 0.606379 2 0.101243 0.613584 2
0 0.722842 0.762566 0.018601 0.048942 0.724270 0.745606 2 0.724634 0.744652 2 0.724092 0.744679 1 0.726065 0.744790 2 0.725162 0.744887 1 0.726939 0.749718 2 0.725695 0.749527 2 0.727622 0.756557 2 0.724517 0.756192 1 0.727040 0.762467 2 0.723151 0.761040 1 0.725685 0.761211 2 0.725457 0.760878 2 0.723286 0.769344 2 0.725821 0.769301 2 0.722966 0.779060 2 0.727698 0.777663 2
0 0.782924 0.734788 0.012277 0.038360 0.784669 0.725330 2 0.785214 0.724401 2 0.784149 0.724480 2 0.785976 0.724106 2 0.783237 0.724150 2 0.786663 0.727904 2 0.781983 0.726630 2 0.786919 0.734031 2 0.778516 0.727898 2 0.784086 0.736612 2 0.780874 0.724997 2 0.784233 0.739195 2 0.781248 0.738477 2 0.781558 0.746687 2 0.778398 0.746384 2 0.780418 0.755908 2 0.778041 0.755545 2
0 0.788132 0.754630 0.013765 0.050265 0.788480 0.736172 2 0.789237 0.735530 2 0.788224 0.734948 2 0.790483 0.735792 2 0.787898 0.734449 2 0.791752 0.740479 2 0.786641 0.738606 2 0.793352 0.747071 2 0.784884 0.743448 2 0.792357 0.749470 2 0.783382 0.749547 2 0.789107 0.753451 2 0.785843 0.752301 2 0.788052 0.762220 2 0.785269 0.761103 2 0.787001 0.767969 2 0.784674 0.768726 2
0 0.863467 0.548280 0.010417 0.044974 0.864516 0.534492 1 0.864442 0.533626 1 0.864695 0.533732 1 0.863535 0.533863 2 0.865671 0.534107 2 0.862290 0.538430 2 0.866440 0.538862 2 0.860623 0.544012 2 0.866903 0.544892 2 0.859811 0.547887 2 0.866170 0.548716 1 0.862499 0.548959 2 0.865189 0.549049 2 0.861991 0.556129 2 0.863429 0.556476 2 0.861705 0.563397 2 0.862008 0.563405 2
0 0.855655 0.545635 0.015625 0.051587 0.857903 0.529758 1 0.857587 0.528683 1 0.857958 0.528864 1 0.855795 0.528681 2 0.858165 0.529333 2 0.854409 0.533396 2 0.857974 0.534831 2 0.852795 0.538906 2 0.858019 0.541954 2 0.852394 0.543517 1 0.858246 0.547214 2 0.853299 0.544346 2 0.855599 0.544857 2 0.852490 0.552735 2 0.853574 0.553519 2 0.850941 0.559832 2 0.850938 0.560602 2
0 0.263393 0.776786 0.013393 0.048280 0.266622 0.760321 2 0.266829 0.759475 1 0.266297 0.759509 1 0.266561 0.759119 1 0.265652 0.759165 2 0.266185 0.762535 2 0.265261 0.762847 2 0.268329 0.767708 2 0.265111 0.768393 2 0.270620 0.772842 2 0.265647 0.772993 2 0.266677 0.773219 2 0.266258 0.773639 2 0.266659 0.781712 2 0.266719 0.782476 2 0.267804 0.789912 2 0.266977 0.790009 2
0 0.263021 0.755291 0.012649 0.055556 0.264557 0.758147 1 0.264616 0.757428 1 0.264806 0.757232 1 0.264202 0.757969 2 0.266578 0.757285 2 0.263801 0.762705 2 0.267739 0.761438 2 0.263345 0.769589 2 0.270297 0.766630 2 0.263096 0.773227 2 0.270844 0.770827 2 0.265387 0.773648 2 0.268269 0.773164 2 0.264060 0.781141 2 0.268961 0.781461 2 0.264037 0.787405 2 0.270772 0.788119 2
0 0.289062 0.662037 0.012649 0.039683 0.288711 0.644887 2 0.288988 0.643886 2 0.288326 0.644083 2 0.289844 0.641904 2 0.287980 0.642497 1 0.293048 0.644357 2 0.288504 0.646045 2 0.295370 0.649692 2 0.287126 0.651779 2 0.296227 0.655841 2 0.287470 0.658874 2 0.292873 0.658792 2 0.289767 0.659481 2 0.293290 0.667797 2 0.290120 0.669776 2 0.296543 0.670698 2 0.291510 0.677588 2
0 0.284970 0.648479 0.009673 0.041667 0.287873 0.644284 1 0.287761 0.643482 1 0.288113 0.643201 1 0.287795 0.642742 2 0.289884 0.642042 1 0.288087 0.646072 2 0.290969 0.644738 2 0.287096 0.650330 2 0.290370 0.647821 1 0.287548 0.646794 2 0.289547 0.644930 1 0.289591 0.659617 2 0.291450 0.659058 2 0.290222 0.670584 2 0.291169 0.670165 1 0.290927 0.675743 1 0.291111 0.675825 1
0 0.203125 0.591931 0.013393 0.048942 0.200261 0.577834 1 0.200269 0.577225 1 0.200555 0.576744 1 0.199920 0.577800 2 0.202111 0.576477 2 0.199938 0.583433 2 0.203979 0.580363 2 0.199331 0.590701 2 0.206373 0.585721 2 0.198458 0.591746 2 0.207118 0.591699 2 0.202634 0.594383 2 0.204978 0.592817 2 0.203119 0.602808 2 0.203823 0.600377 2 0.206657 0.609312 2 0.205035 0.608083 2
0 0.317522 0.750661 0.017485 0.044974 0.319402 0.734482 1 0.319285 0.733602 1 0.319506 0.733650 1 0.318113 0.734496 2 0.320939 0.734200 2 0.317285 0.740328 2 0.322551 0.738212 2 0.314833 0.743589 2 0.324174 0.736620 2 0.314578 0.739725 2 0.321506 0.734973 2 0.319037 0.753905 2 0.322684 0.753142 2 0.316714 0.758835 2 0.321782 0.758281 2 0.315681 0.768657 2 0.322317 0.767653 2
0 0.599330 0.848545 0.015625 0.050265 0.604881 0.834784 1 0.604509 0.833717 1 0.604811 0.834013 1 0.602070 0.833972 2 0.604817 0.835110 2 0.599576 0.838573 2 0.605361 0.841486 2 0.597444 0.842425 2 0.607737 0.847674 2 0.600017 0.840619 1 0.609191 0.847129 1 0.598760 0.853575 2 0.602509 0.854947 2 0.597766 0.861973 2 0.601234 0.865890 2 0.596141 0.870579 2 0.599551 0.875377 2
0 0.446057 0.435847 0.008929 0.035714 0.449963 0.424448 1 0.450178 0.423944 1 0.449733 0.423695 1 0.450060 0.423673 1 0.448848 0.423016 2 0.450003 0.426248 2 0.447070 0.425060 2 0.450525 0.430608 2 0.445397 0.429518 2 0.450755 0.430859 2 0.445444 0.433816 2 0.448883 0.436325 2 0.446864 0.435798 2 0.448807 0.444024 2 0.446052 0.443223 2 0.448333 0.451479 2 0.445227 0.450486 2
