0 0.056920 0.542989 0.037946 0.130952 0.055071 0.499897 2 0.056771 0.496076 2 0.053132 0.496843 2 0.059878 0.494989 2 0.050928 0.496929 2 0.063760 0.509084 2 0.048565 0.508085 2 0.073843 0.518372 2 0.044836 0.512920 2 0.068281 0.531601 2 0.048868 0.526031 2 0.062885 0.547701 2 0.053268 0.547342 2 0.067414 0.571695 2 0.051740 0.570483 2 0.070671 0.595303 2 0.060803 0.585385 2
0 0.013393 0.620370 0.026786 0.124339 0.000000 0.568024 2 0.000589 0.565592 2 0.000000 0.565574 1 0.002305 0.566280 2 0.000000 0.566898 1 0.006064 0.577398 2 0.000325 0.583345 1 0.010262 0.589467 2 0.001457 0.599342 1 0.014130 0.605941 2 0.002590 0.612827 1 0.008668 0.612595 2 0.004108 0.616525 2 0.014311 0.630416 2 0.006680 0.639744 2 0.022272 0.644708 2 0.012587 0.661168 2
0 0.725446 0.217593 0.013393 0.083333 0.730792 0.192604 2 0.730340 0.190928 1 0.730300 0.191224 2 0.727529 0.190658 1 0.728487 0.191453 2 0.724424 0.198362 2 0.728895 0.199069 2 0.724069 0.208678 1 0.728463 0.210446 2 0.725288 0.218038 1 0.729114 0.220760 2 0.724183 0.219899 2 0.727613 0.220125 2 0.724162 0.235892 2 0.728667 0.234688 2 0.722114 0.252808 2 0.725847 0.250915 2
0 0.922619 0.282407 0.025298 0.099206 0.934843 0.246149 2 0.935156 0.244097 1 0.933935 0.243964 2 0.933556 0.243569 1 0.930602 0.243387 2 0.928820 0.253733 2 0.926951 0.253244 2 0.925506 0.265895 1 0.922093 0.267015 2 0.927978 0.271826 1 0.925832 0.278010 2 0.925016 0.281909 2 0.923682 0.281874 2 0.922962 0.300964 2 0.921622 0.301230 2 0.920000 0.320951 2 0.916259 0.319564 2
0 0.281622 0.143519 0.015625 0.054233 0.281328 0.123079 2 0.281899 0.122090 2 0.280753 0.122042 2 0.282718 0.122812 2 0.279921 0.122630 2 0.284272 0.129560 2 0.278440 0.129361 2 0.285714 0.137569 2 0.277586 0.137221 2 0.286321 0.144671 2 0.277925 0.143750 2 0.283757 0.145237 2 0.279827 0.145261 2 0.283758 0.156957 2 0.279685 0.156927 2 0.283758 0.168198 2 0.279200 0.168124 2
0 0.273810 0.128968 0.013393 0.051587 0.281596 0.123319 2 0.282148 0.122320 1 0.281091 0.122174 2 0.282658 0.123141 1 0.280202 0.122789 2 0.282512 0.129461 2 0.278854 0.129451 2 0.282732 0.136552 1 0.277840 0.136847 2 0.282606 0.143421 1 0.277887 0.143809 2 0.282353 0.143984 2 0.279979 0.144225 2 0.281894 0.154978 1 0.280121 0.155603 2 0.281552 0.163149 1 0.279759 0.163283 2
0 0.142113 0.106481 0.016369 0.048942 0.142734 0.127323 1 0.142760 0.126450 1 0.143198 0.126634 1 0.142450 0.127220 2 0.145384 0.127375 2 0.141311 0.134167 2 0.147303 0.134322 2 0.140554 0.139716 1 0.149235 0.139452 1 0.140253 0.139716 1 0.147944 0.138644 1 0.142528 0.139716 1 0.146564 0.139716 1 0.141771 0.135203 1 0.146316 0.135714 1 0.142780 0.137391 1 0.145702 0.137886 1
0 0.554688 0.025794 0.014137 0.035714 0.554933 0.021457 1 0.555100 0.020871 1 0.554764 0.020902 1 0.555242 0.020972 1 0.554646 0.021044 1 0.555721 0.023830 2 0.554320 0.023821 2 0.556373 0.027082 2 0.553843 0.027006 2 0.555828 0.027594 1 0.554512 0.028315 2 0.555448 0.030398 2 0.554563 0.030347 2 0.555201 0.035230 2 0.554596 0.035178 2 0.555167 0.040420 2 0.554587 0.040434 2
0 0.588914 0.396825 0.030506 0.119048 0.590888 0.361809 2 0.591318 0.359431 2 0.589581 0.359585 2 0.590990 0.358507 1 0.584812 0.358802 2 0.590060 0.368534 2 0.578801 0.370991 2 0.591835 0.381709 2 0.574380 0.389487 2 0.595730 0.394305 2 0.580847 0.392806 2 0.587047 0.397345 2 0.578334 0.399558 2 0.593846 0.419657 2 0.577626 0.421729 2 0.595698 0.442990 2 0.570557 0.442984 2
0 0.867188 0.261905 0.021577 0.052910 0.874431 0.249462 2 0.875533 0.247959 2 0.873812 0.246856 2 0.876154 0.247529 1 0.871651 0.244976 2 0.874863 0.253695 2 0.868073 0.251781 2 0.874981 0.265876 2 0.868524 0.267877 2 0.877179 0.274659 2 0.873225 0.276686 2 0.866881 0.268802 2 0.861803 0.267851 2 0.875819 0.267122 2 0.866290 0.263718 2 0.871230 0.278463 2 0.864330 0.278183 2
0 0.640625 0.177910 0.019345 0.070106 0.647478 0.159085 1 0.647275 0.157485 1 0.647573 0.158174 1 0.644550 0.156950 2 0.647638 0.158924 2 0.641177 0.161559 2 0.646361 0.165906 2 0.636749 0.168151 2 0.645505 0.175202 2 0.633965 0.174972 2 0.645428 0.179173 2 0.637775 0.177699 2 0.641549 0.179760 2 0.633961 0.190491 2 0.640851 0.194152 2 0.631655 0.205666 2 0.640557 0.208182 2
0 0.614211 0.445767 0.037946 0.145503 0.602226 0.399058 2 0.603551 0.395549 2 0.601335 0.396237 2 0.608176 0.395875 2 0.603249 0.397024 1 0.615073 0.412613 2 0.606419 0.410702 2 0.620012 0.433549 2 0.607476 0.428537 2 0.611243 0.450563 2 0.598281 0.437839 2 0.619524 0.447228 2 0.614846 0.444164 2 0.605087 0.472512 2 0.607298 0.463188 2 0.603786 0.504912 2 0.613766 0.487600 2
0 0.507812 0.465608 0.034970 0.140212 0.524181 0.407099 2 0.523588 0.404026 1 0.522898 0.404410 2 0.519926 0.405668 1 0.518231 0.407201 2 0.515924 0.420479 2 0.514609 0.423519 2 0.514077 0.438074 2 0.507850 0.446887 2 0.516687 0.446943 2 0.506483 0.467634 2 0.507501 0.456425 2 0.507391 0.457933 2 0.509935 0.483734 2 0.511969 0.487944 2 0.504398 0.510448 2 0.509277 0.517226 2
0 0.427827 0.414021 0.032738 0.134921 0.446664 0.359883 2 0.445594 0.356557 1 0.445676 0.357129 2 0.438733 0.356148 1 0.441435 0.358430 2 0.431152 0.370128 2 0.440663 0.374455 2 0.425730 0.389207 1 0.438364 0.396886 2 0.428180 0.409492 1 0.438816 0.414717 2 0.427489 0.411403 2 0.434418 0.413699 2 0.428142 0.441318 2 0.436817 0.444459 2 0.425685 0.468361 2 0.434117 0.472691 2
0 0.244048 0.531746 0.044643 0.177249 0.245953 0.471377 2 0.243798 0.469189 1 0.244709 0.468953 2 0.235031 0.474225 1 0.241004 0.473996 2 0.230538 0.496360 2 0.247884 0.493174 2 0.227911 0.521073 2 0.253919 0.516642 2 0.228735 0.538311 2 0.258842 0.536348 2 0.237014 0.542866 2 0.248902 0.541125 2 0.240177 0.577072 2 0.251515 0.568024 2 0.244679 0.609119 2 0.253626 0.602764 2
0 0.389137 0.467593 0.028274 0.152116 0.392827 0.418261 1 0.391421 0.415150 1 0.392079 0.415428 2 0.384290 0.415494 1 0.389314 0.416705 2 0.378072 0.431909 2 0.390875 0.432118 2 0.376298 0.451088 2 0.395137 0.457743 2 0.382210 0.458612 2 0.399101 0.474159 2 0.380366 0.470164 2 0.389191 0.469754 2 0.382800 0.505088 2 0.391124 0.497874 2 0.384693 0.536753 2 0.391970 0.524815 2
0 0.563616 0.465608 0.043899 0.148148 0.581297 0.405665 2 0.580592 0.401966 1 0.580634 0.402498 2 0.575434 0.400520 1 0.576843 0.403028 2 0.568882 0.413441 2 0.569740 0.418776 2 0.564733 0.436525 1 0.563466 0.446214 2 0.567176 0.454622 1 0.566649 0.467862 2 0.555392 0.448162 2 0.555735 0.451418 2 0.564708 0.476691 2 0.563598 0.485983 2 0.558397 0.508248 2 0.553380 0.519638 2
0 0.681920 0.458995 0.057292 0.150794 0.659522 0.403900 2 0.660250 0.401458 2 0.660753 0.400471 1 0.662773 0.403316 2 0.666493 0.400423 1 0.666381 0.422096 2 0.671053 0.413880 2 0.670909 0.444141 2 0.669878 0.426077 2 0.665099 0.456988 2 0.661682 0.432261 2 0.677222 0.455713 2 0.679831 0.451740 2 0.683608 0.487238 2 0.679207 0.478109 2 0.701315 0.505293 2 0.688745 0.494117 2
0 0.617560 0.609788 0.040179 0.193122 0.604576 0.530579 1 0.604832 0.527146 1 0.607098 0.527250 1 0.606189 0.530469 2 0.615682 0.528921 1 0.612050 0.555345 2 0.618482 0.548743 2 0.610469 0.588276 2 0.625993 0.569288 2 0.599464 0.610648 2 0.630295 0.585823 2 0.617121 0.609860 2 0.617309 0.605750 2 0.622980 0.649508 2 0.601822 0.641322 2 0.631452 0.685913 2 0.594357 0.681611 2
0 0.448289 0.423942 0.039435 0.130952 0.446876 0.360117 2 0.445896 0.357145 1 0.446080 0.357569 2 0.439153 0.356981 1 0.442379 0.358814 2 0.431866 0.369724 2 0.441312 0.373463 2 0.426679 0.388173 2 0.438981 0.396231 2 0.427682 0.408771 1 0.436681 0.415193 2 0.427587 0.410872 2 0.434634 0.412572 2 0.427218 0.442407 2 0.436762 0.444370 2 0.425004 0.470696 2 0.435604 0.473717 2
0 0.265253 0.338624 0.027530 0.119048 0.260867 0.294172 2 0.262093 0.291924 2 0.259621 0.292200 2 0.264701 0.292672 2 0.258033 0.293430 2 0.267779 0.305955 2 0.259469 0.306723 2 0.272580 0.321827 2 0.259614 0.321353 2 0.264040 0.323225 2 0.257356 0.322100 2 0.269201 0.338812 2 0.262641 0.338895 2 0.271712 0.362549 2 0.260946 0.362894 2 0.276851 0.385444 2 0.256479 0.385200 2
0 0.552455 0.294312 0.021577 0.099206 0.553602 0.259097 2 0.554514 0.256976 2 0.553082 0.256945 1 0.556585 0.256817 2 0.553345 0.256838 1 0.557767 0.266319 2 0.553189 0.265991 2 0.553034 0.275014 2 0.549883 0.274736 2 0.552321 0.266345 2 0.552681 0.267318 2 0.556397 0.296149 2 0.553157 0.295656 2 0.553618 0.314357 2 0.551892 0.313235 2 0.555585 0.331966 2 0.555599 0.332563 2
0 0.532738 0.277116 0.020833 0.120370 0.533025 0.302815 1 0.533786 0.300154 1 0.531664 0.299923 1 0.534519 0.300119 1 0.529873 0.300141 1 0.536111 0.302961 2 0.525889 0.304418 2 0.542663 0.314931 2 0.522413 0.319328 2 0.537416 0.320039 2 0.530508 0.323337 2 0.535049 0.325313 2 0.528334 0.326797 2 0.542020 0.323269 2 0.521216 0.327337 2 0.535924 0.348084 2 0.529822 0.347814 2
0 0.775298 0.266534 0.020833 0.078042 0.777530 0.236544 2 0.777847 0.234635 2 0.776635 0.234415 2 0.777091 0.234975 1 0.773754 0.234377 2 0.775698 0.244908 2 0.769957 0.243694 2 0.775416 0.259628 2 0.768219 0.258022 2 0.778225 0.266982 2 0.774069 0.267132 2 0.774011 0.266404 2 0.770027 0.267200 2 0.782523 0.275864 2 0.777440 0.276721 2 0.780682 0.297535 2 0.777323 0.297890 2
0 0.796875 0.265212 0.028274 0.083333 0.794300 0.237264 2 0.795308 0.235312 2 0.793341 0.234898 2 0.795732 0.234725 1 0.790768 0.233908 2 0.794435 0.240254 2 0.788798 0.244126 2 0.798236 0.255011 2 0.793650 0.258231 2 0.802051 0.262597 2 0.799642 0.266747 2 0.794927 0.261512 2 0.790942 0.266041 2 0.804507 0.262327 2 0.800346 0.277538 2 0.802052 0.273806 2 0.801030 0.296584 2
0 0.529018 0.316138 0.023810 0.071429 0.533040 0.310485 2 0.534036 0.308396 1 0.532062 0.308217 2 0.534979 0.305125 1 0.530385 0.304774 2 0.536203 0.304214 2 0.526185 0.304586 2 0.541856 0.316027 2 0.522651 0.318377 2 0.537140 0.320763 2 0.530779 0.323397 2 0.532768 0.325471 2 0.526214 0.326321 2 0.541999 0.323470 2 0.525041 0.325301 2 0.536116 0.349106 2 0.528654 0.349312 2
0 0.459449 0.163360 0.018601 0.070106 0.456729 0.138064 2 0.457174 0.136728 2 0.456206 0.137001 2 0.458054 0.135695 2 0.455563 0.136292 2 0.460139 0.139872 2 0.454779 0.141032 2 0.462534 0.146641 2 0.453157 0.148332 2 0.459307 0.152505 2 0.454104 0.151798 2 0.460820 0.156671 2 0.457149 0.157330 2 0.461796 0.169806 2 0.457015 0.170434 2 0.462919 0.182817 2 0.457140 0.183133 2
0 0.143973 0.335979 0.018601 0.063492 0.143728 0.317118 2 0.144790 0.315477 2 0.142745 0.315484 2 0.146683 0.315720 2 0.141490 0.315781 2 0.148503 0.323768 2 0.141255 0.324021 2 0.150937 0.333215 2 0.141177 0.333292 1 0.151998 0.341574 2 0.142203 0.337582 1 0.148728 0.340861 2 0.143890 0.341165 2 0.150628 0.348115 2 0.145240 0.348209 2 0.152307 0.359261 2 0.145985 0.360231 2
0 0.065104 0.333995 0.036458 0.056878 0.067497 0.318513 2 0.068196 0.316732 2 0.066197 0.317214 2 0.069439 0.316765 1 0.063857 0.318200 2 0.071365 0.323699 2 0.061627 0.327185 2 0.077025 0.330413 2 0.057232 0.340250 2 0.075571 0.332911 2 0.055480 0.353431 2 0.071993 0.337371 2 0.065293 0.339104 2 0.076045 0.337799 2 0.063409 0.340012 2 0.080403 0.353103 2 0.062796 0.352731 2
0 0.594494 0.148810 0.016369 0.072751 0.599772 0.116616 2 0.600080 0.115299 2 0.599000 0.115200 2 0.599879 0.115972 1 0.596963 0.115633 2 0.600437 0.122807 2 0.595304 0.122913 2 0.601037 0.130462 2 0.592954 0.130579 2 0.601864 0.130168 2 0.594623 0.129176 2 0.599594 0.141099 2 0.595943 0.141342 2 0.600014 0.154356 2 0.594690 0.155554 2 0.598922 0.165776 2 0.592999 0.169617 2
0 0.143973 0.148810 0.017113 0.051587 0.142622 0.128504 1 0.142656 0.127437 1 0.142874 0.127422 1 0.142224 0.128284 2 0.145047 0.127938 2 0.141476 0.134888 2 0.146950 0.134461 2 0.140626 0.141927 2 0.149555 0.141366 2 0.141745 0.146639 2 0.149583 0.147243 2 0.143717 0.150538 2 0.147501 0.150557 2 0.144290 0.160877 2 0.148688 0.160993 2 0.144485 0.171062 2 0.149731 0.171342 2
0 0.759301 0.183201 0.014137 0.054233 0.757452 0.168609 2 0.757664 0.167403 2 0.757396 0.167412 1 0.759079 0.166421 2 0.758617 0.166389 1 0.760675 0.171156 2 0.760941 0.170399 2 0.759520 0.178469 2 0.760531 0.177262 2 0.756583 0.181106 2 0.758473 0.180568 2 0.764734 0.182317 2 0.764549 0.181638 2 0.762082 0.191826 2 0.760518 0.189715 2 0.765313 0.200487 2 0.761587 0.197520 2
0 0.384301 0.113095 0.014137 0.051587 0.379630 0.096057 1 0.379636 0.095042 1 0.379780 0.094965 1 0.379991 0.094964 2 0.382009 0.094495 2 0.379895 0.099841 2 0.384340 0.098822 2 0.379752 0.106653 2 0.385957 0.105548 2 0.380100 0.109214 2 0.386134 0.109988 2 0.381902 0.112799 2 0.384896 0.112350 2 0.382324 0.123396 2 0.385391 0.122659 2 0.382244 0.133693 2 0.384638 0.132527 2
0 0.194196 0.130952 0.014881 0.044974 0.193641 0.115838 1 0.193749 0.115010 1 0.193804 0.114975 1 0.194250 0.115173 2 0.195608 0.114928 1 0.194502 0.119633 2 0.196944 0.119150 2 0.194610 0.125312 2 0.196592 0.124587 1 0.192133 0.126087 2 0.193603 0.125482 1 0.195410 0.131606 2 0.197311 0.131344 2 0.195250 0.140735 2 0.197902 0.140746 2 0.196445 0.150248 2 0.199042 0.149606 2
0 0.610491 0.249339 0.018601 0.099206 0.615517 0.211294 2 0.615650 0.209771 2 0.614459 0.209957 2 0.614985 0.210938 1 0.611809 0.211337 2 0.612934 0.220795 2 0.611589 0.221185 2 0.614808 0.231800 2 0.614239 0.232474 2 0.619353 0.231276 2 0.619685 0.229672 2 0.613586 0.244083 2 0.611830 0.244628 2 0.616361 0.261229 2 0.611468 0.261824 2 0.618625 0.279855 2 0.606096 0.278837 2
0 0.936756 0.310185 0.032738 0.130952 0.942572 0.265706 2 0.943384 0.263631 2 0.941381 0.263221 2 0.943592 0.264717 1 0.937704 0.263178 2 0.943219 0.277622 2 0.932341 0.275187 2 0.945379 0.291954 2 0.926863 0.291237 2 0.945942 0.304788 2 0.925945 0.305655 2 0.937830 0.307670 2 0.930640 0.305872 2 0.933916 0.330832 2 0.925283 0.327283 2 0.928858 0.350910 2 0.918962 0.346115 2
0 0.857515 0.371032 0.037946 0.133598 0.862405 0.322733 2 0.861333 0.320331 1 0.861244 0.321078 2 0.857441 0.320439 1 0.856960 0.322201 2 0.851670 0.334000 2 0.857335 0.335898 2 0.853187 0.348447 1 0.863955 0.354172 2 0.859417 0.361851 1 0.871429 0.366523 2 0.852309 0.369551 2 0.854462 0.370548 2 0.856597 0.395411 2 0.852368 0.394729 2 0.854692 0.419908 2 0.836777 0.413137 2
0 0.771577 0.218915 0.025298 0.067460 0.779530 0.192880 2 0.779381 0.190790 1 0.779073 0.191084 2 0.775931 0.189195 1 0.776833 0.190071 2 0.771195 0.194883 2 0.775547 0.198357 2 0.768211 0.199634 2 0.777811 0.210158 2 0.771428 0.204320 2 0.781565 0.214765 2 0.767474 0.216129 2 0.770704 0.217625 2 0.768405 0.229418 2 0.774975 0.230156 2 0.760007 0.238349 2 0.770322 0.240139 2
0 0.958333 0.271825 0.029762 0.112434 0.964979 0.231633 2 0.965744 0.230073 2 0.964539 0.229171 2 0.965239 0.229894 1 0.962206 0.227577 2 0.963721 0.239169 2 0.957570 0.233889 2 0.961155 0.251070 2 0.948854 0.240811 2 0.960891 0.257085 2 0.950366 0.254148 2 0.954700 0.263387 2 0.950813 0.260221 2 0.950031 0.284609 2 0.946892 0.281305 2 0.946726 0.305146 2 0.944847 0.306110 2
