0 0.911086 0.645503 0.061756 0.140212 0.923751 0.592624 1 0.924228 0.590638 1 0.926374 0.591930 1 0.922709 0.597604 2 0.934957 0.599304 2 0.915642 0.614085 2 0.939261 0.619361 2 0.903368 0.610999 2 0.939427 0.624803 1 0.912291 0.599719 2 0.928500 0.605206 1 0.913932 0.668493 2 0.929417 0.669000 2 0.895408 0.660844 2 0.912848 0.658652 2 0.903842 0.700365 2 0.920577 0.696099 2
0 0.908482 0.641534 0.034226 0.116402 0.923087 0.596387 2 0.924128 0.593780 2 0.924133 0.593633 1 0.925649 0.598330 2 0.928437 0.597814 1 0.919547 0.615880 2 0.929318 0.615058 2 0.903282 0.610561 2 0.911530 0.616324 1 0.914424 0.598076 2 0.916998 0.604617 1 0.914671 0.663875 2 0.920997 0.661150 2 0.891704 0.665250 2 0.901739 0.657863 2 0.902605 0.700625 2 0.910730 0.695811 2
0 0.456473 0.733466 0.043899 0.157407 0.454077 0.681556 2 0.456471 0.677140 2 0.452574 0.676597 2 0.462657 0.675658 2 0.453531 0.673842 1 0.466943 0.699160 2 0.461550 0.688976 2 0.457595 0.733717 2 0.455208 0.722762 2 0.443394 0.749992 2 0.446343 0.740736 2 0.465936 0.752038 2 0.462403 0.741686 2 0.439131 0.755240 2 0.442650 0.725492 2 0.452891 0.795396 2 0.456343 0.761277 2
0 0.679315 0.533069 0.040179 0.177249 0.679931 0.466024 2 0.681880 0.463119 2 0.678179 0.462837 2 0.684328 0.465301 2 0.675532 0.464456 2 0.687843 0.483195 2 0.671582 0.483329 2 0.690205 0.505938 2 0.661929 0.500595 2 0.692428 0.525802 2 0.666491 0.518401 2 0.682391 0.528110 2 0.673122 0.529050 2 0.676787 0.558033 2 0.675484 0.565433 2 0.670297 0.580837 2 0.675946 0.597923 2
0 0.358259 0.451720 0.027530 0.104497 0.353021 0.418254 2 0.353536 0.416226 2 0.352877 0.415849 1 0.355974 0.415371 2 0.355286 0.414448 1 0.359462 0.424185 2 0.357851 0.422023 2 0.360420 0.439659 2 0.356140 0.434166 2 0.356589 0.443154 2 0.352243 0.436607 2 0.362278 0.449062 2 0.361509 0.447671 2 0.359819 0.470272 2 0.359726 0.468965 2 0.362913 0.491081 2 0.363160 0.491127 2
0 0.350818 0.364418 0.020089 0.048942 0.349961 0.351942 2 0.350549 0.350077 2 0.349019 0.350394 2 0.351486 0.350610 1 0.347823 0.351266 2 0.352873 0.359494 2 0.347432 0.359276 2 0.354375 0.369487 2 0.343389 0.367759 2 0.354002 0.374062 2 0.344496 0.371439 2 0.352188 0.375693 2 0.348350 0.375437 2 0.353886 0.375834 2 0.344603 0.375699 2 0.352500 0.384686 2 0.343501 0.384823 2
0 0.457217 0.368386 0.017113 0.107143 0.459353 0.329152 2 0.460065 0.327148 2 0.457936 0.327468 2 0.460630 0.328641 1 0.455500 0.329253 2 0.460707 0.339955 2 0.454460 0.340502 2 0.461011 0.354135 2 0.452076 0.354865 2 0.462105 0.366582 2 0.453389 0.369217 2 0.460128 0.369010 2 0.456200 0.369440 2 0.458617 0.390110 2 0.456308 0.391662 2 0.457708 0.409171 2 0.455985 0.411224 2
0 0.483631 0.351852 0.022321 0.111111 0.483935 0.309546 2 0.484895 0.307530 2 0.482782 0.307507 2 0.485671 0.308723 1 0.480678 0.308686 2 0.485773 0.319178 2 0.478476 0.320224 2 0.485707 0.331834 2 0.476006 0.332703 2 0.485299 0.338715 2 0.475106 0.331937 2 0.485815 0.347130 2 0.480824 0.348086 2 0.487357 0.370600 2 0.481781 0.372398 2 0.488632 0.393076 2 0.482740 0.395229 2
0 0.523810 0.358466 0.019345 0.108466 0.524335 0.316831 2 0.525423 0.314724 2 0.523414 0.314826 2 0.527400 0.316284 2 0.522343 0.316473 2 0.529785 0.329114 2 0.520810 0.328610 2 0.531679 0.343759 2 0.518091 0.341568 2 0.530605 0.356569 2 0.517156 0.352170 2 0.527245 0.353630 2 0.521168 0.353119 2 0.527266 0.376775 2 0.520227 0.376056 2 0.528046 0.398616 2 0.519714 0.397767 2
0 0.537202 0.347884 0.017857 0.095238 0.525298 0.316828 2 0.525924 0.315029 2 0.525298 0.314953 1 0.527669 0.316620 2 0.525298 0.316419 1 0.529728 0.328564 2 0.525298 0.327338 1 0.532158 0.343965 2 0.525338 0.341147 1 0.531329 0.356273 2 0.525984 0.355407 1 0.527478 0.356867 2 0.525298 0.356243 1 0.528027 0.378567 2 0.525638 0.377980 1 0.528659 0.400564 2 0.526707 0.399571 1
0 0.561756 0.287698 0.017857 0.062169 0.561107 0.268393 2 0.561812 0.266526 2 0.560294 0.266584 2 0.562823 0.266455 2 0.559262 0.266686 2 0.564942 0.272654 2 0.557342 0.273585 2 0.567209 0.280047 2 0.556402 0.282714 2 0.566783 0.286981 2 0.557769 0.287960 2 0.564301 0.290434 2 0.558927 0.290872 2 0.567113 0.299395 2 0.555126 0.299624 2 0.565290 0.313108 2 0.558409 0.312388 2
