0 0.972098 0.275132 0.033482 0.092593 0.983422 0.244839 2 0.983060 0.242286 1 0.982531 0.242728 2 0.979719 0.240766 1 0.979148 0.242679 2 0.972627 0.249064 2 0.977355 0.253416 2 0.966074 0.259568 2 0.975842 0.269050 2 0.963784 0.271165 2 0.980585 0.276812 2 0.966674 0.274956 2 0.969203 0.276971 2 0.966268 0.295291 2 0.965713 0.300236 2 0.964887 0.314620 2 0.959381 0.317800 2
0 0.183780 0.102513 0.016369 0.048942 0.182262 0.118938 1 0.182379 0.117999 1 0.182825 0.117918 1 0.182761 0.118927 2 0.185206 0.118303 2 0.183701 0.125005 2 0.185592 0.123477 2 0.180076 0.129044 2 0.180547 0.126556 2 0.177465 0.127279 2 0.177279 0.125917 2 0.184815 0.135747 2 0.186254 0.135369 2 0.181628 0.132250 1 0.184482 0.129659 1 0.180980 0.134618 1 0.184773 0.134492 1
0 0.546875 0.453042 0.031250 0.160053 0.555915 0.394897 1 0.554721 0.391804 1 0.555102 0.392078 1 0.546984 0.392732 1 0.552191 0.394107 2 0.540428 0.406415 2 0.553845 0.411872 2 0.533145 0.424699 2 0.555560 0.434294 2 0.533805 0.439298 2 0.554724 0.445119 2 0.539267 0.449156 2 0.548794 0.451944 2 0.536522 0.477131 2 0.548362 0.483804 2 0.531007 0.500680 2 0.546681 0.514712 2
0 0.805432 0.426587 0.043899 0.149471 0.815952 0.369910 2 0.817775 0.367228 2 0.814564 0.366894 2 0.820104 0.368973 2 0.812384 0.367842 2 0.820911 0.387050 2 0.806285 0.381839 2 0.818330 0.407727 2 0.799190 0.401365 2 0.815359 0.420490 2 0.793478 0.419524 2 0.814420 0.426474 2 0.804630 0.422742 2 0.811841 0.460146 2 0.800824 0.449628 2 0.807448 0.491198 2 0.800379 0.472994 2
0 0.669643 0.177249 0.016369 0.068783 0.668184 0.156029 1 0.668447 0.154695 1 0.668642 0.154790 1 0.669123 0.155329 2 0.672002 0.155387 1 0.667599 0.162617 2 0.673647 0.163132 2 0.666215 0.171504 2 0.674340 0.173767 2 0.668597 0.178246 2 0.673806 0.182280 2 0.667936 0.182528 2 0.672383 0.182597 2 0.666307 0.197255 2 0.671730 0.198151 2 0.665079 0.212705 2 0.671359 0.211996 2
0 0.623512 0.444444 0.035714 0.164021 0.619442 0.385450 2 0.620107 0.382368 2 0.620394 0.382411 1 0.622468 0.384372 2 0.626600 0.383791 1 0.623062 0.403705 2 0.630532 0.401005 2 0.621310 0.427273 2 0.634484 0.423637 2 0.614396 0.439030 2 0.626168 0.434586 2 0.625011 0.445572 2 0.629841 0.443388 2 0.620276 0.476354 2 0.623655 0.471195 2 0.626839 0.509029 2 0.631615 0.497020 2
0 0.335565 0.488757 0.031250 0.154762 0.337907 0.429506 1 0.336198 0.426811 1 0.337432 0.426812 1 0.328442 0.429395 1 0.336435 0.430014 2 0.324773 0.448949 2 0.339444 0.447415 2 0.323763 0.472319 2 0.344548 0.472839 2 0.325748 0.492280 1 0.346750 0.491270 2 0.328858 0.493096 2 0.339198 0.491703 2 0.332806 0.527447 2 0.343664 0.517691 2 0.333992 0.554083 2 0.346229 0.541873 2
0 0.409598 0.410714 0.030506 0.144180 0.416392 0.353593 1 0.414857 0.350829 1 0.415941 0.350723 1 0.406811 0.352181 2 0.414052 0.352436 2 0.401484 0.369166 2 0.416975 0.367642 2 0.399146 0.389157 2 0.425782 0.381265 2 0.404237 0.393557 2 0.430804 0.385985 2 0.404685 0.409164 2 0.414497 0.409197 2 0.407349 0.436992 2 0.414061 0.436722 2 0.409269 0.463192 2 0.413290 0.464471 2
0 0.234375 0.443783 0.026786 0.141534 0.238022 0.386257 2 0.237321 0.383377 1 0.236337 0.384558 2 0.235390 0.385144 1 0.232116 0.387716 2 0.234289 0.404003 2 0.229977 0.405176 2 0.237135 0.425693 2 0.230725 0.430192 2 0.240046 0.442631 2 0.238266 0.445747 2 0.237539 0.444240 2 0.233585 0.445322 2 0.241941 0.475575 2 0.238063 0.473569 2 0.239143 0.501993 2 0.226716 0.490575 2
0 0.318080 0.392196 0.021577 0.125661 0.315909 0.349152 2 0.314526 0.346938 1 0.315305 0.346870 2 0.308837 0.348913 1 0.313202 0.349471 2 0.305276 0.363513 2 0.315215 0.364200 2 0.304841 0.384136 2 0.319087 0.384379 2 0.305234 0.399858 2 0.323476 0.398810 2 0.308330 0.396033 2 0.315085 0.396795 2 0.312361 0.424013 2 0.318153 0.425033 2 0.313372 0.450382 2 0.317098 0.452840 2
0 0.530134 0.384921 0.042411 0.124339 0.555947 0.394198 1 0.554650 0.391543 1 0.555320 0.391562 1 0.547414 0.392512 1 0.552602 0.393685 2 0.540346 0.407926 2 0.554541 0.411222 2 0.533235 0.426088 2 0.555923 0.433737 2 0.534078 0.438458 2 0.555168 0.443399 2 0.539270 0.451410 2 0.548737 0.452462 2 0.537383 0.470899 1 0.547755 0.470899 1 0.537776 0.470899 1 0.546011 0.470899 1
0 0.363095 0.422619 0.031250 0.138889 0.370839 0.381012 2 0.371158 0.377563 1 0.370407 0.377386 2 0.366529 0.374826 1 0.366853 0.373922 2 0.360929 0.383874 2 0.364786 0.386336 2 0.362729 0.401965 2 0.366821 0.407649 2 0.370606 0.391044 2 0.371468 0.389882 2 0.360465 0.420032 2 0.364582 0.421798 2 0.359989 0.451126 2 0.372929 0.452151 2 0.353941 0.477278 2 0.374483 0.484120 2
0 0.429688 0.352513 0.026042 0.123016 0.415779 0.352580 1 0.415063 0.350178 1 0.415159 0.350343 1 0.411984 0.352132 1 0.413882 0.352642 2 0.412789 0.367253 1 0.416594 0.368476 2 0.422971 0.377996 1 0.426262 0.380516 2 0.429645 0.384551 1 0.433537 0.385298 2 0.411900 0.410099 1 0.414134 0.410198 2 0.412570 0.434371 1 0.414446 0.433703 1 0.414610 0.437022 1 0.414037 0.437335 1
0 0.357143 0.405423 0.026786 0.146825 0.370813 0.380417 2 0.370799 0.377096 1 0.370479 0.376899 2 0.366037 0.374563 1 0.367065 0.373851 2 0.361270 0.382721 2 0.364603 0.385480 2 0.362138 0.400077 2 0.364659 0.406761 2 0.370259 0.392713 2 0.370977 0.394495 2 0.361156 0.415217 2 0.364787 0.417204 2 0.360093 0.448364 2 0.371452 0.450311 2 0.354421 0.474733 2 0.372159 0.483085 2
0 0.135045 0.368386 0.034970 0.125661 0.126910 0.323346 2 0.127790 0.320957 2 0.125354 0.321577 2 0.129788 0.322090 2 0.123027 0.323685 2 0.134288 0.334815 2 0.121864 0.338100 2 0.140744 0.347327 2 0.119283 0.353406 2 0.136601 0.356940 2 0.123386 0.367258 2 0.138119 0.367760 2 0.129553 0.370356 2 0.142862 0.391643 2 0.132088 0.396413 2 0.149987 0.417483 2 0.134732 0.422328 2
0 0.068452 0.390873 0.034226 0.133598 0.055131 0.345857 2 0.056767 0.343394 2 0.054690 0.343241 2 0.061123 0.343944 2 0.054952 0.343968 1 0.067611 0.357735 2 0.055532 0.360821 2 0.071238 0.375521 2 0.053817 0.378373 1 0.072334 0.393964 2 0.053520 0.395411 1 0.068446 0.394376 2 0.059388 0.396284 2 0.074256 0.417832 2 0.060943 0.423736 2 0.084529 0.433110 2 0.063145 0.450213 2
0 0.548363 0.205026 0.019345 0.082011 0.549232 0.172780 1 0.549232 0.171190 1 0.549429 0.171350 1 0.547915 0.172304 2 0.551994 0.172475 2 0.546432 0.181767 2 0.554281 0.182632 2 0.544609 0.192765 2 0.555210 0.195547 2 0.542674 0.204767 2 0.555340 0.205517 2 0.546665 0.204858 2 0.552536 0.204922 2 0.544539 0.222371 2 0.552923 0.222506 2 0.542539 0.239635 2 0.552206 0.240581 2
0 0.948661 0.281746 0.028274 0.111111 0.955695 0.244588 2 0.956460 0.242387 2 0.954591 0.241917 2 0.956014 0.242275 1 0.951322 0.240969 2 0.954785 0.252709 2 0.947317 0.252454 2 0.953986 0.268560 2 0.943342 0.269447 2 0.955514 0.280025 2 0.945496 0.285326 2 0.950432 0.285430 2 0.945305 0.285578 2 0.949190 0.304261 2 0.943971 0.307372 2 0.940884 0.319776 2 0.937626 0.327557 2
0 0.787946 0.274471 0.020833 0.085979 0.792642 0.244028 2 0.792749 0.242111 2 0.791903 0.241802 2 0.791543 0.242124 1 0.788663 0.241166 2 0.789938 0.252187 2 0.784454 0.250407 2 0.789790 0.267073 2 0.781523 0.264435 2 0.793018 0.274277 2 0.787781 0.272901 2 0.788103 0.273080 2 0.784048 0.273821 2 0.798948 0.281558 2 0.793294 0.282422 2 0.795796 0.301402 2 0.789816 0.303157 2
0 0.811384 0.270503 0.024554 0.080688 0.810549 0.243252 2 0.810698 0.241252 2 0.809665 0.241186 2 0.809657 0.241139 1 0.806353 0.241188 2 0.809489 0.247430 2 0.803264 0.251395 2 0.812142 0.260412 2 0.807902 0.264106 2 0.815719 0.268838 2 0.813221 0.272941 2 0.810111 0.269518 2 0.805681 0.273709 2 0.818977 0.269898 2 0.813408 0.283068 2 0.815710 0.283687 2 0.815681 0.303206 2
0 0.969494 0.937831 0.058036 0.121693 0.983773 0.923454 2 0.988742 0.918974 2 0.981526 0.914480 2 0.993205 0.921055 2 0.975457 0.910090 2 0.991095 0.949409 2 0.965592 0.929328 2 0.978564 0.991944 2 0.955849 0.960034 2 0.961243 0.989961 2 0.951165 0.983315 2 0.976667 0.997684 2 0.959463 0.986620 2 0.969839 0.995847 1 0.945040 0.983690 1 0.959162 1.000000 1 0.954124 0.997860 1
0 0.539062 0.324074 0.026042 0.068783 0.541301 0.309337 2 0.542561 0.307896 2 0.540492 0.307157 2 0.544049 0.305344 1 0.539034 0.303747 2 0.545185 0.304408 2 0.534844 0.303774 2 0.549102 0.315787 2 0.531272 0.316539 2 0.544595 0.318932 2 0.537049 0.320845 2 0.543310 0.322138 2 0.536388 0.322496 2 0.549164 0.323464 2 0.532540 0.325110 2 0.546541 0.346964 2 0.535928 0.348143 2
0 0.519345 0.291667 0.022321 0.067460 0.524320 0.268631 2 0.525098 0.266931 2 0.523452 0.266963 2 0.526014 0.266688 2 0.521676 0.266663 2 0.527364 0.274979 2 0.518681 0.274457 2 0.528976 0.285665 2 0.514686 0.284011 2 0.526918 0.293483 2 0.518701 0.293457 2 0.525395 0.298494 2 0.519592 0.298415 2 0.525575 0.315397 2 0.518519 0.315744 2 0.524960 0.331869 2 0.517832 0.332152 2
0 0.486235 0.158069 0.017113 0.064815 0.483140 0.138110 2 0.483477 0.136956 2 0.483088 0.136978 1 0.484835 0.136835 2 0.484139 0.136923 1 0.487383 0.142216 2 0.484952 0.142575 2 0.487496 0.149153 2 0.485252 0.150877 2 0.484133 0.147229 2 0.483866 0.153482 2 0.488764 0.158651 2 0.486854 0.158513 2 0.488719 0.171841 2 0.486214 0.171183 2 0.490164 0.184110 2 0.487069 0.184397 2
0 0.122024 0.327381 0.017857 0.048942 0.127220 0.323547 2 0.128237 0.320872 2 0.125484 0.321557 2 0.129834 0.321903 2 0.123061 0.323656 2 0.133706 0.335739 2 0.120969 0.337867 2 0.133929 0.350174 1 0.118676 0.350745 2 0.133200 0.357010 1 0.120007 0.358672 2 0.133494 0.360422 1 0.125230 0.361111 1 0.133065 0.352793 1 0.125596 0.356325 1 0.131727 0.357393 1 0.128125 0.361111 1
0 0.093378 0.311508 0.033482 0.059524 0.098228 0.306723 2 0.099343 0.304737 2 0.097129 0.305093 2 0.101588 0.303583 2 0.095647 0.304766 2 0.103915 0.309324 2 0.093738 0.312303 2 0.109273 0.318291 2 0.089923 0.323834 2 0.108945 0.323221 2 0.088224 0.332972 2 0.102699 0.324440 2 0.095624 0.325920 2 0.105480 0.320819 2 0.090440 0.324337 2 0.107890 0.336027 2 0.090119 0.338213 2
0 0.201265 0.212302 0.011161 0.033069 0.203941 0.203454 2 0.204200 0.202490 1 0.203440 0.202417 2 0.204268 0.202727 1 0.202308 0.202644 2 0.205125 0.207943 2 0.201048 0.207145 2 0.205284 0.212920 2 0.198938 0.211123 2 0.203548 0.214142 2 0.200982 0.212496 2 0.204374 0.217180 2 0.201560 0.216671 2 0.204403 0.214944 2 0.199586 0.214041 2 0.204851 0.223260 2 0.200912 0.222612 2
0 0.183036 0.134259 0.016369 0.048942 0.182155 0.119563 1 0.182193 0.118609 1 0.182679 0.118522 1 0.182586 0.119419 2 0.184975 0.119016 1 0.183479 0.125162 2 0.185375 0.124214 2 0.180500 0.129146 2 0.182061 0.127895 2 0.176690 0.127204 2 0.178608 0.127616 2 0.185778 0.139640 2 0.186894 0.139072 2 0.185435 0.149777 2 0.185504 0.148460 2 0.188242 0.158833 2 0.187839 0.158154 2
0 0.782366 0.185185 0.018601 0.052910 0.783231 0.165185 1 0.783276 0.164013 1 0.783514 0.164067 1 0.783328 0.164535 2 0.786132 0.164506 2 0.782952 0.171019 2 0.787711 0.171089 2 0.781763 0.178206 2 0.788604 0.179202 2 0.781641 0.176887 2 0.785956 0.180628 2 0.783001 0.186056 2 0.786491 0.185812 2 0.781363 0.196550 2 0.785828 0.197271 2 0.780071 0.206772 2 0.785961 0.207187 2
0 0.434524 0.115079 0.013393 0.050265 0.432701 0.097498 1 0.432838 0.096365 1 0.433103 0.096369 1 0.433639 0.096981 2 0.435549 0.096763 1 0.434166 0.102769 2 0.436934 0.102361 2 0.430400 0.107871 2 0.434140 0.108127 1 0.427735 0.107217 2 0.430435 0.108989 1 0.435217 0.117613 2 0.436930 0.117074 2 0.434386 0.128854 2 0.435106 0.127725 2 0.435032 0.138925 2 0.435679 0.139209 2
0 0.396577 0.095899 0.010417 0.048942 0.398974 0.077608 2 0.399383 0.076719 2 0.398521 0.076688 2 0.399929 0.077094 1 0.397763 0.076976 2 0.400703 0.082202 2 0.396827 0.082132 2 0.401667 0.088223 2 0.396018 0.088536 2 0.401574 0.093570 2 0.396529 0.094676 2 0.400298 0.094157 2 0.397704 0.094159 2 0.400377 0.102517 2 0.397816 0.102518 2 0.400088 0.110713 2 0.397320 0.110890 2
0 0.138393 0.115741 0.013393 0.030423 0.137846 0.112454 2 0.138289 0.111583 2 0.137411 0.111585 2 0.138944 0.112013 2 0.136843 0.112108 2 0.139841 0.116137 2 0.135861 0.116404 2 0.141075 0.121378 2 0.135119 0.121881 2 0.140591 0.125308 2 0.135240 0.126167 2 0.139631 0.124340 2 0.137056 0.124662 2 0.141649 0.124889 2 0.137538 0.125452 2 0.141773 0.127527 2 0.139914 0.127587 2
0 0.973958 0.218254 0.017857 0.068783 0.983741 0.245073 2 0.983805 0.243049 1 0.982980 0.242848 2 0.980891 0.242149 1 0.979846 0.242571 2 0.973685 0.250000 2 0.977704 0.253523 2 0.966595 0.261631 1 0.975599 0.265873 1 0.972175 0.261053 1 0.981274 0.262952 1 0.968952 0.264936 1 0.971497 0.265873 1 0.977813 0.255552 1 0.980863 0.263050 1 0.973250 0.259566 1 0.976829 0.265873 1
0 0.560640 0.085317 0.011161 0.033069 0.562385 0.074365 2 0.562732 0.073645 1 0.562066 0.073678 2 0.563302 0.074122 1 0.561645 0.074141 2 0.563685 0.078666 2 0.560965 0.078497 2 0.564130 0.083601 2 0.560079 0.083036 2 0.564308 0.087032 2 0.562422 0.086345 2 0.563109 0.087976 2 0.561194 0.088039 2 0.563330 0.094164 2 0.560926 0.094361 2 0.563690 0.099799 2 0.560406 0.099939 2
0 0.906622 0.189815 0.020089 0.038360 0.909631 0.175155 2 0.910231 0.173771 2 0.908969 0.173405 2 0.910876 0.173987 1 0.907417 0.173159 2 0.911757 0.181849 2 0.904480 0.180539 2 0.912511 0.189604 2 0.901919 0.188098 2 0.909378 0.192506 2 0.902245 0.190853 2 0.909199 0.194958 2 0.904205 0.194084 2 0.909563 0.193492 2 0.900779 0.192211 2 0.906800 0.200614 1 0.900028 0.198140 1
0 0.941592 0.192460 0.020089 0.033069 0.954880 0.187554 1 0.954064 0.186078 1 0.954550 0.186351 1 0.950614 0.186530 1 0.952706 0.187671 2 0.948588 0.193873 2 0.952170 0.196360 2 0.951192 0.201048 1 0.954945 0.204264 1 0.954492 0.200966 1 0.955090 0.200404 1 0.948479 0.211452 1 0.951036 0.213370 1 0.952249 0.204733 1 0.955090 0.207739 1 0.950969 0.211197 1 0.953182 0.213225 1
0 0.925967 0.190476 0.018601 0.034392 0.926120 0.189425 2 0.927855 0.187175 2 0.924886 0.187007 2 0.930469 0.189728 2 0.923265 0.189079 2 0.936451 0.209557 2 0.921191 0.207309 2 0.938484 0.213686 1 0.920068 0.213475 1 0.934976 0.200126 1 0.924755 0.204064 1 0.932721 0.213686 1 0.924169 0.213686 1 0.929420 0.204434 1 0.921350 0.199241 1 0.924849 0.200602 1 0.930881 0.198073 1
