0 0.058780 0.562831 0.034226 0.141534 0.050374 0.509375 2 0.052374 0.506067 2 0.050909 0.506704 1 0.058350 0.507907 2 0.053916 0.508734 1 0.063824 0.522846 2 0.050639 0.521519 2 0.074535 0.534675 2 0.044374 0.528538 2 0.068362 0.545801 2 0.048440 0.533061 2 0.064379 0.560245 2 0.056187 0.559826 2 0.067241 0.586883 2 0.055551 0.582931 2 0.068207 0.610011 2 0.063467 0.597819 2
0 0.778646 0.190476 0.020089 0.074074 0.784439 0.166634 2 0.784139 0.165043 1 0.784164 0.165240 2 0.781005 0.165029 1 0.782650 0.165425 2 0.778682 0.171729 2 0.781582 0.172496 2 0.777694 0.179513 1 0.781200 0.181528 2 0.779179 0.187349 1 0.782020 0.190993 2 0.777698 0.190879 2 0.780515 0.191234 2 0.775805 0.204406 2 0.783402 0.204051 2 0.771686 0.217534 2 0.784214 0.218620 2
0 0.909598 0.244048 0.021577 0.093915 0.921670 0.293924 2 0.920277 0.291774 1 0.921170 0.292141 2 0.915171 0.292830 1 0.918656 0.294562 2 0.912106 0.304262 2 0.916680 0.307125 2 0.914369 0.308157 1 0.919870 0.309152 1 0.920219 0.306700 1 0.922736 0.307806 1 0.912697 0.309152 1 0.915864 0.309152 1 0.919753 0.308431 1 0.921731 0.309152 1 0.917659 0.309152 1 0.922538 0.309152 1
0 0.813988 0.692460 0.058036 0.223545 0.813391 0.604021 2 0.814725 0.600367 2 0.816507 0.601549 1 0.817604 0.607413 2 0.827365 0.608502 1 0.812287 0.637322 2 0.830706 0.637621 2 0.806032 0.671786 2 0.819646 0.662627 2 0.791116 0.679103 2 0.800856 0.663524 2 0.808375 0.701075 2 0.821105 0.700342 2 0.793311 0.733201 2 0.805974 0.740078 2 0.799028 0.774962 2 0.805925 0.779463 2
0 0.927827 0.240079 0.028274 0.093915 0.922001 0.217064 2 0.923119 0.215743 2 0.921417 0.214937 2 0.923821 0.215118 1 0.919048 0.212799 2 0.924513 0.222461 2 0.914877 0.219179 2 0.928771 0.231279 2 0.910788 0.228123 2 0.930169 0.231623 2 0.909829 0.239417 2 0.919799 0.247337 2 0.913527 0.245492 2 0.918298 0.266618 2 0.911751 0.263976 2 0.918307 0.282056 2 0.910422 0.281684 2
0 0.290179 0.129630 0.011905 0.066138 0.291466 0.103270 2 0.291993 0.101947 2 0.290973 0.101960 2 0.292741 0.102470 2 0.290392 0.102456 2 0.293723 0.109326 2 0.289404 0.109468 2 0.295243 0.117477 2 0.288587 0.117623 2 0.295219 0.124262 2 0.290275 0.122415 2 0.293555 0.124444 2 0.290735 0.124686 2 0.294377 0.136858 2 0.291525 0.136975 2 0.294676 0.148930 2 0.292085 0.148874 2
0 0.154762 0.089286 0.016369 0.048942 0.152405 0.099342 1 0.152525 0.098481 1 0.152797 0.098403 1 0.152800 0.099455 2 0.155315 0.098960 1 0.152794 0.105499 2 0.157359 0.104627 2 0.151394 0.111258 2 0.159209 0.110711 2 0.151878 0.110396 1 0.159060 0.114450 1 0.154808 0.118166 2 0.157807 0.117703 2 0.154721 0.122520 1 0.158276 0.122520 1 0.154857 0.122025 1 0.158483 0.122117 1
0 0.987723 0.324074 0.023065 0.124339 1.000000 0.281202 1 1.000000 0.278435 1 1.000000 0.278847 1 0.999060 0.278562 1 0.999767 0.280048 1 0.997140 0.288725 2 0.997807 0.292473 2 0.996336 0.309560 1 0.995809 0.314684 2 0.996361 0.328904 1 0.995495 0.330819 2 0.990255 0.318020 2 0.991023 0.319488 2 0.988017 0.343494 2 0.989635 0.348635 2 0.983181 0.366103 2 0.985649 0.372831 2
0 0.843006 0.224206 0.023810 0.064815 0.858070 0.198970 2 0.858926 0.197391 2 0.857181 0.196833 2 0.858792 0.198213 1 0.854452 0.196512 2 0.858774 0.207982 2 0.850330 0.204081 2 0.859136 0.216027 1 0.842239 0.206277 2 0.858831 0.210989 1 0.840026 0.207014 2 0.854213 0.236665 2 0.849369 0.234927 2 0.850393 0.257803 2 0.849383 0.256161 2 0.846097 0.267300 1 0.848323 0.267766 2
0 0.483631 0.350529 0.025298 0.126984 0.485089 0.304015 2 0.486593 0.301820 2 0.484284 0.301675 2 0.489829 0.302092 2 0.483620 0.301820 1 0.493283 0.313212 2 0.482941 0.313242 2 0.498894 0.325166 2 0.481254 0.323693 2 0.494617 0.331566 2 0.482168 0.330135 2 0.491132 0.347150 2 0.483757 0.346772 2 0.490047 0.373746 2 0.479560 0.374164 2 0.490545 0.397545 2 0.476069 0.398715 2
0 0.822545 0.216270 0.018601 0.078042 0.821367 0.179873 2 0.822488 0.178328 2 0.821263 0.178129 2 0.825101 0.179776 2 0.821737 0.179054 1 0.827505 0.189362 2 0.819949 0.187155 2 0.828102 0.201543 2 0.817080 0.195912 2 0.824244 0.206358 2 0.816678 0.204272 2 0.823023 0.211361 2 0.817822 0.209587 2 0.821747 0.229126 2 0.814824 0.227399 2 0.818391 0.246951 2 0.813474 0.246862 2
0 0.581845 0.460979 0.035714 0.162698 0.575019 0.393584 2 0.575607 0.390493 2 0.576379 0.390497 1 0.577627 0.392806 2 0.583339 0.392162 1 0.577039 0.414830 2 0.588521 0.410709 2 0.575552 0.441004 2 0.593806 0.431332 2 0.573177 0.458236 2 0.593061 0.452519 2 0.578515 0.459297 2 0.585493 0.456379 2 0.574648 0.485484 2 0.577851 0.482758 2 0.581349 0.517828 2 0.579379 0.512961 2
0 0.443080 0.419312 0.027530 0.142857 0.428231 0.397507 1 0.427643 0.394625 1 0.428474 0.394703 1 0.424107 0.396949 1 0.430828 0.397391 2 0.424107 0.415348 1 0.434767 0.416311 2 0.424107 0.437547 1 0.438937 0.440170 2 0.427853 0.451894 1 0.441329 0.456628 2 0.424107 0.458595 2 0.432487 0.458481 2 0.424107 0.490692 1 0.432482 0.489312 2 0.425921 0.514335 1 0.432865 0.515971 2
0 0.375744 0.355159 0.031250 0.125661 0.378736 0.304428 1 0.378674 0.302093 1 0.379545 0.302233 1 0.376947 0.304023 2 0.383880 0.304029 2 0.374133 0.320190 2 0.387165 0.320946 2 0.372222 0.342527 2 0.391559 0.340609 2 0.375305 0.353103 2 0.392049 0.340185 2 0.378713 0.358555 2 0.386545 0.359463 2 0.383615 0.382734 2 0.385707 0.385771 2 0.385954 0.406945 2 0.380307 0.410796 2
0 0.231771 0.429894 0.031994 0.148148 0.239274 0.356284 1 0.237729 0.354401 1 0.239184 0.354282 1 0.231966 0.356876 2 0.238779 0.357376 2 0.229525 0.374027 2 0.241053 0.375184 2 0.228624 0.395065 2 0.245082 0.396054 2 0.228220 0.409673 2 0.249877 0.407588 2 0.233858 0.412340 2 0.240109 0.413545 2 0.241764 0.438996 2 0.240249 0.441392 2 0.249795 0.463891 2 0.234243 0.468816 2
0 0.318080 0.370370 0.029018 0.126984 0.322850 0.317756 2 0.322209 0.315387 1 0.321898 0.315683 2 0.319312 0.317318 1 0.318759 0.318446 2 0.317881 0.331153 2 0.316509 0.332628 2 0.317584 0.349237 1 0.313525 0.351843 2 0.319557 0.363393 2 0.317214 0.365585 2 0.315434 0.362052 2 0.314913 0.363050 2 0.317419 0.386830 2 0.318122 0.388341 2 0.316268 0.411492 2 0.318373 0.414052 2
0 0.416667 0.314815 0.031250 0.119048 0.414216 0.274461 2 0.415215 0.271511 2 0.412989 0.272004 2 0.417836 0.271735 2 0.413059 0.273230 1 0.421345 0.285706 2 0.411856 0.286281 2 0.425758 0.302804 2 0.411458 0.299648 2 0.424215 0.318943 2 0.406707 0.302522 2 0.419495 0.318077 2 0.414509 0.318094 2 0.415760 0.342774 2 0.418306 0.342337 2 0.414222 0.366820 2 0.427773 0.358735 2
0 0.284598 0.355820 0.030506 0.132275 0.276856 0.316023 2 0.277961 0.313245 2 0.275716 0.313444 2 0.280138 0.312037 2 0.274393 0.312593 1 0.286783 0.324259 2 0.278469 0.325111 2 0.290040 0.341687 2 0.281182 0.338185 2 0.281338 0.349403 2 0.278988 0.347499 2 0.288075 0.359430 2 0.280891 0.359020 2 0.291602 0.382996 2 0.276217 0.383542 2 0.301286 0.393925 2 0.278203 0.404873 2
0 0.431176 0.460979 0.031994 0.152116 0.424474 0.398056 1 0.424745 0.395262 1 0.425326 0.395615 1 0.423195 0.398044 2 0.430538 0.397988 2 0.420863 0.416126 2 0.434589 0.416266 2 0.419738 0.440165 2 0.438327 0.439085 2 0.419890 0.454093 2 0.439784 0.453769 2 0.423248 0.458465 2 0.432882 0.458573 2 0.420257 0.486947 2 0.431594 0.488275 2 0.422416 0.516070 2 0.433152 0.519680 2
0 0.385417 0.342593 0.031250 0.126984 0.380620 0.304008 1 0.379984 0.301369 1 0.381160 0.301449 1 0.376080 0.303129 2 0.383774 0.303011 2 0.373143 0.320509 2 0.386220 0.320084 2 0.372508 0.341161 2 0.391705 0.337960 2 0.375075 0.352382 2 0.391229 0.343818 2 0.377900 0.357905 2 0.385660 0.358540 2 0.383371 0.383396 2 0.385660 0.384835 2 0.384667 0.408206 2 0.379523 0.409107 2
0 0.212798 0.312169 0.025298 0.103175 0.214532 0.271824 2 0.215502 0.269784 2 0.213329 0.270176 2 0.217071 0.269250 2 0.211449 0.270183 2 0.220840 0.278286 2 0.209721 0.279642 2 0.225222 0.290872 2 0.206233 0.292084 2 0.220336 0.291619 2 0.209484 0.292712 2 0.221367 0.308797 2 0.213961 0.309530 2 0.223523 0.332228 2 0.215517 0.333076 2 0.227095 0.352842 2 0.217249 0.354788 2
0 0.448289 0.259259 0.014137 0.100529 0.450620 0.225685 2 0.451628 0.223847 2 0.449946 0.223432 2 0.452381 0.223983 1 0.448859 0.222765 2 0.452626 0.233697 2 0.446114 0.231307 2 0.449637 0.244959 2 0.444109 0.243221 2 0.446399 0.239455 2 0.447071 0.238703 2 0.450261 0.257786 2 0.446352 0.256496 2 0.446236 0.278214 2 0.448187 0.274035 2 0.445472 0.295225 2 0.453567 0.289569 2
0 0.526786 0.180556 0.019345 0.080688 0.526532 0.146845 1 0.526222 0.145540 1 0.526583 0.145535 1 0.523965 0.146697 2 0.527471 0.146699 2 0.521619 0.156060 2 0.528538 0.155249 2 0.522229 0.167108 2 0.530665 0.167331 2 0.525082 0.174197 2 0.534824 0.176323 2 0.523223 0.177874 2 0.528046 0.177589 2 0.526226 0.192923 2 0.531634 0.190460 2 0.526068 0.209719 2 0.530129 0.205361 2
0 0.853795 0.239418 0.026042 0.100529 0.857526 0.198613 2 0.858367 0.196692 2 0.856634 0.196727 2 0.858599 0.197013 1 0.854243 0.196426 2 0.860276 0.207232 2 0.850478 0.203829 2 0.863444 0.216755 2 0.843796 0.205551 2 0.862291 0.226018 2 0.841291 0.207338 2 0.854363 0.234577 2 0.848782 0.232400 2 0.848891 0.255200 2 0.848616 0.250661 2 0.845580 0.272251 2 0.850076 0.267558 2
0 0.431176 0.250661 0.021577 0.104497 0.429759 0.206274 2 0.430526 0.203912 2 0.428877 0.204639 2 0.432515 0.203026 2 0.428223 0.205130 1 0.435211 0.211932 2 0.428943 0.215075 2 0.438303 0.217672 2 0.427588 0.226889 2 0.436434 0.209709 2 0.424880 0.240160 2 0.434519 0.238727 2 0.430129 0.239434 2 0.433807 0.261890 2 0.430318 0.263168 2 0.439134 0.283193 2 0.432607 0.283894 2
0 0.736235 0.237434 0.020089 0.080688 0.738046 0.207868 2 0.738201 0.206164 2 0.737289 0.206131 2 0.737416 0.206389 1 0.734819 0.206197 2 0.736286 0.214775 2 0.731513 0.214524 2 0.736457 0.226737 2 0.728970 0.226582 2 0.738508 0.233794 2 0.734362 0.233923 2 0.734560 0.235635 2 0.731311 0.236795 2 0.742231 0.244407 2 0.739051 0.246175 2 0.738450 0.262590 2 0.736409 0.264454 2
0 0.756324 0.239418 0.023065 0.082011 0.753448 0.209102 2 0.754160 0.207286 2 0.752486 0.207103 2 0.754440 0.207510 1 0.750335 0.207163 2 0.753773 0.213820 2 0.747893 0.215702 2 0.756331 0.225517 2 0.752864 0.228743 2 0.760077 0.232338 2 0.758237 0.236147 2 0.754001 0.232978 2 0.750034 0.235585 2 0.762032 0.236787 2 0.757713 0.243482 2 0.759147 0.253025 2 0.760934 0.260399 2
0 0.862351 0.721561 0.050595 0.215608 0.873549 0.647776 2 0.876465 0.645028 2 0.871880 0.643237 2 0.880304 0.648333 2 0.868386 0.643927 2 0.878621 0.672751 2 0.861261 0.664444 2 0.871209 0.697580 2 0.853736 0.690112 2 0.860477 0.703277 2 0.851729 0.707026 2 0.870783 0.721583 2 0.857914 0.716477 2 0.870389 0.756181 2 0.852933 0.744732 2 0.869687 0.795162 2 0.848632 0.778460 2
0 0.512277 0.295635 0.023065 0.064815 0.513548 0.271393 2 0.514745 0.270019 2 0.512797 0.269345 2 0.516217 0.267789 2 0.511421 0.266318 2 0.517492 0.267348 2 0.507483 0.266394 2 0.521404 0.276959 2 0.504015 0.277652 2 0.517080 0.281279 2 0.510318 0.280819 2 0.514690 0.284070 2 0.508068 0.283916 2 0.519538 0.283707 2 0.505592 0.283081 2 0.517479 0.305617 2 0.508864 0.304285 2
0 0.485119 0.139550 0.017857 0.064815 0.488088 0.120775 2 0.488034 0.119364 1 0.487777 0.119372 2 0.486265 0.120205 1 0.486366 0.119884 2 0.486115 0.126685 2 0.485133 0.126775 2 0.485292 0.135447 1 0.484179 0.135409 2 0.487759 0.140800 1 0.486435 0.142252 2 0.485281 0.143457 2 0.485297 0.143707 2 0.484760 0.156930 2 0.488965 0.157206 2 0.478853 0.167897 2 0.489505 0.173177 2
0 0.098586 0.293651 0.031994 0.058201 0.099195 0.277479 2 0.099355 0.275936 2 0.098116 0.276485 2 0.099684 0.275447 1 0.095543 0.277072 2 0.100920 0.281520 2 0.093275 0.283214 2 0.106657 0.288306 2 0.090022 0.291405 2 0.104824 0.288980 2 0.087410 0.300221 2 0.099654 0.298144 2 0.093945 0.298822 2 0.103329 0.291989 2 0.089815 0.294161 2 0.107607 0.308058 2 0.088314 0.306469 2
0 0.581845 0.130291 0.010417 0.070106 0.584018 0.105092 2 0.584450 0.103834 2 0.583416 0.103831 2 0.584656 0.103936 1 0.582054 0.103845 2 0.585432 0.110214 2 0.580297 0.110303 2 0.586768 0.117574 2 0.579116 0.118739 2 0.585977 0.117221 2 0.579861 0.125384 2 0.584460 0.127513 2 0.580959 0.127675 2 0.584573 0.141401 2 0.580379 0.142038 2 0.584371 0.154172 2 0.579892 0.155032 2
0 0.153274 0.118386 0.013393 0.048942 0.152582 0.099723 1 0.152653 0.098823 1 0.152960 0.098761 1 0.152802 0.099815 2 0.155449 0.099411 1 0.152689 0.105741 2 0.157334 0.104892 2 0.151403 0.111325 2 0.159361 0.109742 2 0.151784 0.110613 1 0.158514 0.111211 1 0.154612 0.118560 2 0.157682 0.118193 2 0.155305 0.128411 2 0.158281 0.128410 2 0.155669 0.137537 2 0.159336 0.138242 2
0 0.384673 0.091270 0.013393 0.052910 0.384962 0.078404 1 0.384825 0.077480 1 0.385064 0.077522 1 0.383592 0.077909 2 0.385985 0.078043 2 0.382681 0.082910 2 0.386562 0.082998 2 0.381612 0.088802 2 0.388787 0.087194 2 0.382131 0.094439 2 0.387699 0.085928 2 0.383353 0.095525 2 0.385934 0.095604 2 0.383665 0.104185 2 0.385944 0.104288 2 0.383114 0.113034 2 0.386285 0.112510 2
0 0.205729 0.118386 0.012649 0.046296 0.204647 0.100456 1 0.204604 0.099541 1 0.204857 0.099439 1 0.204450 0.099957 2 0.206395 0.099653 1 0.204909 0.104900 2 0.206896 0.104530 2 0.204725 0.109869 2 0.208006 0.109212 2 0.204756 0.110721 1 0.207038 0.109380 1 0.205980 0.116026 2 0.207351 0.115899 2 0.206651 0.124712 2 0.207867 0.124809 2 0.206779 0.133098 2 0.209176 0.133393 2
0 0.657738 0.205688 0.017857 0.083333 0.660049 0.175299 1 0.659499 0.173670 1 0.659923 0.173876 1 0.656371 0.174196 1 0.659527 0.174939 2 0.655009 0.182416 2 0.658716 0.183587 2 0.653844 0.193075 2 0.660690 0.194333 2 0.654792 0.200836 2 0.665421 0.196517 2 0.654944 0.203961 2 0.657738 0.204619 2 0.654924 0.220077 2 0.660566 0.220227 2 0.653026 0.234744 2 0.662523 0.235143 2
0 0.957589 0.304894 0.032738 0.130952 0.966531 0.256891 2 0.966381 0.255031 1 0.965792 0.254704 2 0.964489 0.256679 1 0.962239 0.256022 2 0.964484 0.269162 2 0.955417 0.269286 2 0.964165 0.282220 2 0.949716 0.283831 2 0.966705 0.293474 2 0.945521 0.296141 2 0.958382 0.297670 2 0.952068 0.297492 2 0.955769 0.319047 2 0.947532 0.320028 2 0.951202 0.341326 2 0.941874 0.342811 2
0 0.913318 0.345238 0.036458 0.129630 0.922295 0.295172 1 0.920990 0.292846 1 0.921617 0.293257 1 0.915849 0.293440 1 0.919224 0.295168 2 0.911286 0.305839 2 0.919171 0.309193 2 0.910149 0.321693 1 0.920283 0.329457 2 0.914084 0.333081 1 0.922783 0.343298 2 0.910217 0.335894 2 0.914749 0.337595 2 0.912342 0.361987 2 0.911985 0.364960 2 0.911773 0.386343 2 0.902441 0.388387 2
0 0.837054 0.188492 0.020833 0.067460 0.822932 0.180008 2 0.823709 0.178475 2 0.822917 0.178524 1 0.825500 0.179621 2 0.823160 0.179623 1 0.826989 0.188825 2 0.823984 0.187962 1 0.828320 0.200542 2 0.824165 0.198140 1 0.824779 0.205327 2 0.823159 0.204497 1 0.824254 0.207400 2 0.822917 0.206443 1 0.823482 0.221321 2 0.822917 0.219822 1 0.823256 0.227638 1 0.822917 0.226471 1
0 0.535714 0.071429 0.010417 0.031746 0.536602 0.059973 2 0.536781 0.059428 1 0.536361 0.059304 2 0.536655 0.059811 1 0.535708 0.059484 2 0.536064 0.063385 2 0.534925 0.063017 2 0.536771 0.067520 2 0.534523 0.067129 2 0.537417 0.070988 2 0.535435 0.070580 2 0.535441 0.071251 2 0.534808 0.071247 2 0.535287 0.076747 2 0.535414 0.077003 2 0.534708 0.082319 2 0.534759 0.082227 2
0 0.876860 0.165344 0.015625 0.031746 0.883206 0.144773 1 0.883715 0.144180 1 0.882688 0.144180 1 0.885188 0.144180 1 0.882424 0.144180 1 0.886822 0.144260 1 0.881341 0.144180 1 0.887028 0.147870 1 0.879537 0.147319 1 0.884966 0.150596 1 0.878684 0.152446 1 0.885462 0.151781 2 0.881886 0.151464 2 0.884530 0.165450 2 0.881830 0.165125 2 0.884375 0.179059 2 0.882611 0.177831 2
