0 0.565662 0.287368 0.007812 0.029762 0.569577 0.279148 1 0.569211 0.278380 1 0.569527 0.278481 1 0.567269 0.277897 1 0.568845 0.278424 2 0.565250 0.280642 2 0.568485 0.281508 2 0.564040 0.285079 2 0.568686 0.286397 2 0.565476 0.286383 1 0.568628 0.288365 2 0.565332 0.289588 2 0.567533 0.290143 2 0.565934 0.296063 2 0.567713 0.296897 2 0.565946 0.302588 2 0.567455 0.302698 2
0 0.523810 0.544312 0.011905 0.048942 0.522563 0.536998 2 0.523033 0.536186 2 0.522186 0.536059 2 0.523762 0.535286 2 0.521684 0.534947 2 0.525039 0.538640 2 0.521191 0.536688 2 0.525043 0.545770 2 0.518962 0.539098 2 0.523813 0.550054 2 0.517572 0.543012 2 0.525047 0.549251 2 0.522604 0.548480 2 0.525527 0.556946 2 0.523523 0.555979 2 0.528229 0.562457 2 0.526584 0.562312 2
0 0.573103 0.314153 0.006324 0.027778 0.575046 0.304559 1 0.574835 0.303844 1 0.575047 0.303920 1 0.573505 0.303763 2 0.575072 0.304122 2 0.572543 0.307040 2 0.575241 0.307700 2 0.571666 0.311053 2 0.575906 0.312626 2 0.571972 0.311545 2 0.575960 0.315664 2 0.572775 0.316646 2 0.574587 0.317007 2 0.572896 0.323301 2 0.574500 0.323433 2 0.572930 0.327952 1 0.574208 0.327656 1
0 0.094308 0.614087 0.011533 0.045635 0.092034 0.599245 2 0.092154 0.598102 2 0.091432 0.598756 2 0.092604 0.597980 2 0.090870 0.599740 2 0.094712 0.601671 2 0.090676 0.605581 2 0.098323 0.603279 2 0.090372 0.612561 2 0.097485 0.609060 2 0.091382 0.618663 2 0.096102 0.616398 2 0.093700 0.618235 2 0.097208 0.624908 2 0.095734 0.626412 2 0.098161 0.632630 2 0.097494 0.632645 2
0 0.112723 0.691138 0.015625 0.050265 0.111176 0.677350 1 0.111022 0.676711 1 0.111239 0.676156 1 0.109484 0.677854 2 0.111900 0.676497 2 0.109096 0.683822 2 0.113954 0.681582 2 0.108756 0.692020 2 0.115626 0.683960 2 0.108008 0.698035 2 0.114483 0.685617 2 0.111127 0.695387 2 0.114518 0.694842 2 0.112266 0.702363 2 0.115599 0.703760 2 0.113741 0.707081 2 0.116965 0.712939 2
0 0.093564 0.566468 0.012277 0.040344 0.090748 0.551466 2 0.091403 0.550428 2 0.090337 0.550443 2 0.092538 0.550709 2 0.090040 0.550890 2 0.094303 0.553907 2 0.089003 0.556574 2 0.096547 0.558407 2 0.088155 0.562750 2 0.097049 0.560527 2 0.089566 0.566605 2 0.095808 0.566180 2 0.092480 0.568283 2 0.097400 0.572444 2 0.093637 0.577978 2 0.096575 0.578031 2 0.096285 0.586198 2
0 0.768601 0.783730 0.019345 0.054233 0.768706 0.769049 2 0.769095 0.767834 2 0.768273 0.768080 2 0.770637 0.767139 2 0.768602 0.767821 1 0.772335 0.771880 2 0.769256 0.772229 2 0.772866 0.779378 2 0.768433 0.779140 2 0.771748 0.786655 2 0.767088 0.785174 2 0.770822 0.784934 2 0.769033 0.784722 2 0.769491 0.793268 2 0.768954 0.793331 2 0.768413 0.802476 2 0.768810 0.802122 2
0 0.794085 0.714286 0.012277 0.038360 0.792620 0.707368 2 0.793109 0.706332 2 0.792141 0.706501 2 0.794143 0.705670 2 0.791594 0.706018 2 0.795407 0.709392 2 0.790864 0.708434 2 0.796594 0.715003 2 0.787923 0.710277 2 0.794838 0.717337 2 0.790269 0.706109 2 0.793678 0.720210 2 0.790509 0.719460 2 0.793543 0.726814 2 0.787981 0.726054 2 0.792800 0.735747 2 0.786598 0.734880 2
0 0.789993 0.738095 0.014509 0.046296 0.793182 0.721434 2 0.793997 0.720605 2 0.792765 0.720212 2 0.795125 0.720960 2 0.792137 0.719983 2 0.795829 0.726038 2 0.790563 0.724304 2 0.797007 0.731595 2 0.788606 0.729140 2 0.796737 0.734028 2 0.787369 0.734756 2 0.793353 0.738741 2 0.789999 0.737647 2 0.792562 0.747381 2 0.789316 0.745247 2 0.791604 0.754373 2 0.789968 0.752163 2
0 0.861979 0.584987 0.010417 0.045635 0.860922 0.571105 1 0.860960 0.570209 1 0.861226 0.570396 1 0.860510 0.570607 2 0.862848 0.570992 2 0.859145 0.575334 2 0.863919 0.576383 2 0.856951 0.581276 2 0.864840 0.583080 2 0.855968 0.583984 2 0.864455 0.588439 2 0.858999 0.587348 2 0.862097 0.587737 2 0.857880 0.593630 2 0.860505 0.595085 2 0.857713 0.599740 2 0.859486 0.601351 2
0 0.851190 0.583333 0.015625 0.054233 0.852443 0.565107 1 0.852360 0.564143 1 0.852636 0.564395 1 0.851257 0.564479 2 0.853719 0.565104 2 0.849684 0.569088 2 0.854301 0.570670 2 0.847131 0.572947 2 0.854377 0.577729 2 0.847710 0.576216 2 0.854105 0.582755 2 0.848812 0.581160 2 0.851783 0.581570 2 0.847639 0.589273 2 0.849583 0.588727 2 0.847083 0.597248 2 0.848186 0.596101 2
0 0.276042 0.827712 0.013393 0.048280 0.274302 0.810641 1 0.274198 0.809788 1 0.274517 0.809647 1 0.273218 0.810498 2 0.275915 0.810096 2 0.272384 0.816192 2 0.277372 0.815836 2 0.271557 0.823071 2 0.279209 0.822550 2 0.271051 0.827306 2 0.280479 0.827594 2 0.274249 0.828000 2 0.277569 0.828029 2 0.275182 0.836249 2 0.278307 0.836670 2 0.275857 0.844723 2 0.278376 0.846037 2
0 0.292783 0.800926 0.016369 0.055556 0.291694 0.782411 1 0.291715 0.781486 1 0.291909 0.781280 1 0.291019 0.782361 2 0.293510 0.781720 2 0.289858 0.789659 2 0.295347 0.787750 2 0.288553 0.796448 2 0.296964 0.795159 2 0.289768 0.794920 2 0.298300 0.801034 2 0.292124 0.803607 2 0.295627 0.802559 2 0.293465 0.813974 2 0.295447 0.810845 2 0.295395 0.823662 2 0.295570 0.820018 2
0 0.317522 0.612434 0.012277 0.039683 0.316606 0.601569 2 0.317028 0.600626 2 0.316244 0.600862 1 0.318149 0.600795 2 0.316185 0.601387 1 0.320551 0.605560 2 0.316714 0.606650 2 0.322062 0.614504 2 0.316461 0.613878 2 0.320370 0.621618 2 0.316508 0.620745 2 0.320393 0.619763 2 0.317515 0.620291 2 0.322032 0.628114 2 0.317514 0.630513 2 0.324616 0.634381 2 0.317672 0.639995 2
0 0.309710 0.610780 0.009301 0.041667 0.304550 0.597599 1 0.304684 0.596776 2 0.304440 0.596743 1 0.305628 0.596462 2 0.305231 0.596476 1 0.308393 0.600442 2 0.305511 0.600581 2 0.310707 0.606448 2 0.305776 0.606124 1 0.311294 0.612901 2 0.306258 0.611921 1 0.308591 0.613192 2 0.306659 0.613242 2 0.308576 0.621138 2 0.306944 0.621788 2 0.310336 0.626833 2 0.309260 0.628672 2
0 0.232887 0.618386 0.015625 0.048942 0.229318 0.604186 1 0.229358 0.603472 1 0.229513 0.603052 1 0.229471 0.603871 2 0.231653 0.602762 2 0.229797 0.608684 2 0.233619 0.606287 2 0.228333 0.612769 2 0.234527 0.608657 2 0.227830 0.607546 2 0.232348 0.609153 2 0.231163 0.619660 2 0.233817 0.618451 2 0.231545 0.626890 2 0.234717 0.625701 2 0.232466 0.633842 2 0.236730 0.634140 2
0 0.326823 0.837302 0.020461 0.044974 0.324728 0.824518 1 0.324716 0.823511 1 0.324971 0.823590 1 0.324252 0.824084 2 0.327014 0.823786 2 0.322325 0.830579 2 0.328904 0.828591 2 0.320328 0.831995 2 0.331748 0.825713 2 0.321230 0.827124 2 0.329109 0.823362 2 0.323732 0.848078 2 0.328234 0.847555 2 0.323487 0.840426 2 0.329723 0.840595 2 0.322020 0.854242 2 0.327510 0.852068 2
0 0.597284 0.857474 0.015997 0.050926 0.599383 0.841920 1 0.599512 0.840673 1 0.599851 0.841217 1 0.598736 0.841273 2 0.601790 0.842508 2 0.596350 0.846870 2 0.602502 0.849985 2 0.594554 0.852480 2 0.603572 0.859416 2 0.595873 0.855652 1 0.603766 0.865884 1 0.595388 0.863418 2 0.599411 0.864727 2 0.594480 0.873243 2 0.597677 0.876391 2 0.594283 0.883061 2 0.596289 0.886225 2
0 0.445126 0.436177 0.008557 0.036376 0.445362 0.422806 2 0.445641 0.422173 1 0.445191 0.422201 1 0.446240 0.422165 2 0.445245 0.422237 1 0.447555 0.425695 2 0.444408 0.425778 2 0.449005 0.431060 2 0.443767 0.431262 2 0.448702 0.435929 2 0.443925 0.436652 2 0.447732 0.436227 2 0.445641 0.436334 2 0.448538 0.443694 2 0.446119 0.443634 2 0.449336 0.451209 2 0.446849 0.450741 2
0 0.448289 0.378968 0.010417 0.039683 0.448040 0.372124 1 0.447856 0.371380 1 0.448033 0.371465 1 0.446551 0.371162 1 0.448047 0.371505 2 0.445317 0.374308 2 0.447992 0.374889 2 0.444693 0.379173 2 0.448360 0.379964 2 0.445243 0.383510 2 0.448396 0.384862 2 0.445421 0.383271 2 0.447379 0.383644 2 0.445346 0.390066 2 0.447864 0.390666 2 0.445150 0.397299 2 0.447931 0.397308 2
