0 0.093378 0.492725 0.034970 0.125661 0.091727 0.451149 2 0.093256 0.447811 2 0.090067 0.448302 2 0.095924 0.448274 2 0.088311 0.449579 2 0.099860 0.461746 2 0.086069 0.462232 2 0.108609 0.471743 2 0.079627 0.470406 2 0.103893 0.483380 2 0.085548 0.479879 2 0.099276 0.495416 2 0.091010 0.495906 2 0.102642 0.517564 2 0.090616 0.518275 2 0.103236 0.540421 2 0.098347 0.537796 2
0 0.051339 0.572090 0.035714 0.120370 0.047126 0.533702 2 0.049393 0.531222 2 0.046860 0.530941 2 0.054624 0.533352 2 0.047300 0.532571 1 0.058303 0.547631 2 0.046863 0.546681 2 0.064475 0.561068 2 0.045823 0.564084 2 0.057252 0.567092 2 0.044987 0.579972 2 0.061034 0.578039 2 0.053851 0.576905 2 0.061865 0.601589 2 0.056367 0.594336 2 0.067078 0.614771 2 0.062917 0.604795 2
0 0.015997 0.487434 0.031994 0.170635 0.007839 0.433322 2 0.009594 0.429459 2 0.005280 0.429960 2 0.012211 0.430328 2 0.000948 0.431453 2 0.018949 0.448111 2 0.000000 0.451327 2 0.028652 0.466579 2 0.000000 0.476488 1 0.037037 0.480779 2 0.000000 0.498912 1 0.020311 0.497659 2 0.006878 0.499834 2 0.024817 0.530231 2 0.007035 0.531207 2 0.031775 0.564450 2 0.010176 0.567925 2
0 0.745908 0.187831 0.014137 0.074074 0.748394 0.205488 2 0.749027 0.203936 2 0.747546 0.203705 2 0.749161 0.203815 1 0.745073 0.203192 2 0.748135 0.210532 2 0.743029 0.211728 2 0.750889 0.220828 2 0.747541 0.224374 2 0.752793 0.227646 2 0.751981 0.230470 2 0.748925 0.229893 2 0.745283 0.231692 2 0.754931 0.233747 2 0.752858 0.236725 2 0.753359 0.238240 1 0.751673 0.239067 1
0 0.893601 0.243386 0.025298 0.092593 0.899192 0.212512 1 0.898525 0.210397 1 0.898748 0.210750 1 0.893980 0.209426 1 0.897314 0.210644 2 0.888605 0.217486 2 0.898039 0.219123 2 0.884112 0.225771 2 0.901869 0.228973 2 0.887335 0.232233 2 0.900931 0.235717 2 0.887465 0.243031 2 0.893361 0.244038 2 0.888613 0.261440 2 0.892561 0.262195 2 0.885993 0.278955 2 0.889008 0.277581 2
0 0.881324 0.750661 0.088542 0.263228 0.881708 0.654923 1 0.883102 0.650364 1 0.884997 0.651365 1 0.884066 0.654270 2 0.895888 0.655142 2 0.874605 0.683812 2 0.902571 0.683762 2 0.855451 0.693571 2 0.912681 0.720243 2 0.841024 0.686460 2 0.921370 0.747686 2 0.879649 0.756665 2 0.893394 0.751989 2 0.873271 0.806739 2 0.868419 0.784059 2 0.890910 0.846962 2 0.866044 0.809893 2
0 0.965030 0.241402 0.022321 0.088624 0.967094 0.205852 2 0.968225 0.204421 2 0.967600 0.204580 1 0.971248 0.206948 2 0.969226 0.206865 1 0.974528 0.217547 2 0.967721 0.216012 2 0.976167 0.231665 2 0.966581 0.227900 2 0.974504 0.242590 2 0.964502 0.239735 2 0.970821 0.241556 2 0.965473 0.239919 2 0.972215 0.260656 2 0.961622 0.256652 2 0.973065 0.278167 2 0.961474 0.274624 2
0 0.315104 0.135582 0.017113 0.056878 0.311031 0.113494 2 0.311662 0.112374 2 0.310590 0.112389 2 0.312833 0.112805 2 0.310251 0.112904 1 0.314267 0.118117 2 0.309397 0.118700 2 0.315305 0.124132 2 0.308960 0.126188 2 0.311862 0.126417 2 0.310136 0.131388 2 0.314208 0.132464 2 0.310889 0.132653 2 0.314686 0.144037 2 0.310758 0.143753 2 0.314483 0.154338 2 0.311664 0.153253 2
0 0.291295 0.121032 0.012649 0.056878 0.293298 0.101486 2 0.293737 0.100284 2 0.292770 0.100306 2 0.294319 0.100658 2 0.291965 0.100633 2 0.295604 0.107110 2 0.290916 0.107186 2 0.297165 0.114764 2 0.290054 0.114410 2 0.297106 0.121052 2 0.292414 0.117985 2 0.295647 0.122655 2 0.292517 0.122848 2 0.295850 0.134791 2 0.292722 0.134941 2 0.295756 0.145333 2 0.292587 0.145871 2
0 0.982143 0.302910 0.031250 0.124339 0.995368 0.272973 2 0.996040 0.270781 2 0.994281 0.270488 2 0.995584 0.271019 1 0.990846 0.270274 2 0.991068 0.283489 2 0.984841 0.280693 2 0.987710 0.298540 2 0.984283 0.296731 2 0.989336 0.309357 2 0.990195 0.308371 2 0.985846 0.310722 2 0.980260 0.309544 2 0.988978 0.333319 2 0.976582 0.329580 2 0.988462 0.351091 2 0.972292 0.338842 2
0 0.512277 0.337302 0.023065 0.121693 0.505132 0.282784 2 0.506461 0.281052 2 0.505056 0.280534 1 0.509528 0.283463 2 0.506369 0.282174 1 0.511347 0.297997 2 0.508799 0.297541 2 0.514087 0.316054 2 0.508382 0.314493 2 0.506231 0.324751 2 0.504309 0.323515 2 0.510513 0.331702 2 0.508626 0.330936 2 0.509651 0.356290 2 0.507657 0.356856 2 0.516812 0.374858 2 0.507848 0.379650 2
0 0.814732 0.229497 0.016369 0.051587 0.820203 0.219729 2 0.820625 0.218506 2 0.819867 0.218161 2 0.820183 0.216256 1 0.817735 0.215632 2 0.819197 0.218421 2 0.813137 0.218376 2 0.821126 0.231808 2 0.812119 0.233223 2 0.821277 0.240326 2 0.816349 0.241330 2 0.814148 0.228906 2 0.809690 0.229360 2 0.820894 0.227788 2 0.811847 0.228338 2 0.819771 0.241744 2 0.809877 0.241506 2
0 0.614955 0.155423 0.015625 0.062169 0.613883 0.133530 1 0.614074 0.132312 1 0.614309 0.132369 1 0.614970 0.132341 2 0.616892 0.132300 1 0.614542 0.137634 2 0.618429 0.138040 2 0.612914 0.145689 2 0.618558 0.146991 1 0.611387 0.151493 2 0.616605 0.152176 1 0.615009 0.153355 2 0.617570 0.153490 2 0.614669 0.167245 2 0.616207 0.167833 2 0.615752 0.181134 2 0.616442 0.180863 2
0 0.546503 0.417989 0.029018 0.156085 0.545247 0.360602 1 0.545825 0.357699 1 0.545975 0.358038 1 0.545427 0.360598 2 0.551976 0.360824 2 0.542647 0.379096 2 0.554794 0.380175 2 0.540210 0.401886 2 0.556924 0.401774 2 0.536426 0.415374 2 0.550567 0.408771 2 0.543200 0.421120 2 0.552437 0.421777 2 0.539971 0.449281 2 0.554032 0.453502 2 0.537233 0.481948 2 0.554990 0.483945 2
0 0.459821 0.387566 0.031250 0.129630 0.463864 0.345206 1 0.463494 0.342544 1 0.464280 0.343116 1 0.459269 0.343685 2 0.466721 0.345534 2 0.454045 0.357639 2 0.466981 0.361941 2 0.450339 0.373124 2 0.469534 0.381952 2 0.452416 0.387510 2 0.472415 0.394874 2 0.453954 0.395259 2 0.462910 0.397205 2 0.452177 0.419378 2 0.462001 0.423356 2 0.450090 0.445235 2 0.459917 0.447019 2
0 0.398810 0.340608 0.031250 0.115079 0.395386 0.294508 1 0.395275 0.292468 1 0.395542 0.292550 1 0.392825 0.295195 2 0.398805 0.294559 2 0.391011 0.308865 2 0.402198 0.306248 2 0.392921 0.311784 2 0.406467 0.303715 2 0.398508 0.298451 1 0.403061 0.293987 2 0.395478 0.340938 2 0.403800 0.340436 2 0.394363 0.366820 2 0.406701 0.366891 2 0.392533 0.392924 2 0.408323 0.391733 2
0 0.264881 0.395503 0.031250 0.134921 0.266863 0.340081 1 0.265643 0.338261 1 0.266579 0.337871 1 0.259933 0.341700 1 0.266064 0.341235 2 0.258188 0.357830 2 0.268211 0.356970 2 0.258397 0.377925 2 0.270555 0.376268 2 0.260076 0.389182 2 0.275753 0.390809 2 0.262585 0.393085 2 0.269947 0.393095 2 0.263981 0.419406 2 0.273075 0.419157 2 0.264360 0.444405 2 0.274084 0.448122 2
0 0.348586 0.347884 0.020089 0.119048 0.352147 0.302706 1 0.350854 0.301470 1 0.351838 0.301599 1 0.346853 0.304320 1 0.350938 0.305208 2 0.344634 0.318258 2 0.351668 0.318880 2 0.344321 0.334985 2 0.355425 0.335295 2 0.348034 0.342585 2 0.360963 0.342989 2 0.347283 0.346943 2 0.350742 0.347683 2 0.353316 0.371454 2 0.350967 0.373567 2 0.356438 0.395162 2 0.343068 0.396616 2
0 0.439360 0.298280 0.024554 0.093915 0.443292 0.265408 2 0.444575 0.263379 2 0.443384 0.263094 2 0.447912 0.265024 2 0.444621 0.264252 1 0.450292 0.278978 2 0.445716 0.277538 2 0.451919 0.298526 2 0.445765 0.293067 2 0.447884 0.312305 2 0.441685 0.301747 2 0.448560 0.308313 2 0.445215 0.306905 2 0.447267 0.331551 2 0.443410 0.329676 2 0.451805 0.353631 2 0.444860 0.353646 2
0 0.434896 0.435847 0.027530 0.146825 0.427941 0.377231 1 0.428299 0.374854 1 0.428926 0.375073 1 0.427870 0.377868 2 0.434569 0.377464 2 0.426992 0.393857 2 0.439177 0.394281 2 0.426742 0.417105 2 0.440820 0.414552 2 0.423458 0.433372 2 0.440211 0.429355 2 0.430385 0.434417 2 0.438836 0.434751 2 0.425784 0.458510 2 0.434820 0.462526 2 0.429218 0.484050 2 0.435889 0.492721 2
0 0.406250 0.342593 0.029762 0.126984 0.396896 0.294268 1 0.396486 0.292293 1 0.396816 0.292328 1 0.392484 0.295221 2 0.398627 0.294787 2 0.390658 0.307314 2 0.401524 0.306756 2 0.391627 0.305240 2 0.406222 0.304029 2 0.397371 0.294764 2 0.405004 0.293701 2 0.395877 0.340598 2 0.403678 0.340991 2 0.395486 0.367023 2 0.406690 0.366399 2 0.393360 0.391842 2 0.408517 0.391777 2
0 0.235119 0.297619 0.022321 0.111111 0.234121 0.264532 2 0.235026 0.261745 2 0.232814 0.262343 2 0.236395 0.260396 2 0.231335 0.261863 2 0.239550 0.268638 2 0.229965 0.268733 2 0.243747 0.282606 2 0.227578 0.280727 2 0.238629 0.283305 2 0.229662 0.281695 2 0.239949 0.298123 2 0.233915 0.297891 2 0.241135 0.320255 2 0.231588 0.318727 2 0.241182 0.341469 2 0.239233 0.336008 2
0 0.517485 0.183201 0.020089 0.078042 0.519819 0.151036 1 0.519868 0.149606 1 0.520008 0.149812 1 0.518463 0.150654 2 0.522071 0.151008 2 0.516444 0.159030 2 0.523762 0.160251 2 0.513697 0.168774 2 0.525209 0.171367 2 0.512818 0.180217 2 0.524654 0.180086 2 0.516793 0.179968 2 0.522035 0.180397 2 0.514967 0.194607 2 0.521795 0.195436 2 0.513858 0.211482 2 0.521841 0.212393 2
0 0.890997 0.217593 0.023065 0.096561 0.899073 0.212560 1 0.898162 0.210438 1 0.898803 0.210765 1 0.893213 0.209573 2 0.897527 0.211057 2 0.888065 0.217738 2 0.898105 0.220822 2 0.883715 0.225916 2 0.900760 0.234263 2 0.886651 0.232296 2 0.900774 0.241391 2 0.887452 0.244166 2 0.893955 0.245368 2 0.888513 0.263108 2 0.892859 0.263918 2 0.885790 0.279497 2 0.888708 0.278965 2
0 0.457217 0.235450 0.020089 0.097884 0.443749 0.265638 2 0.444993 0.263792 2 0.443867 0.263631 1 0.448424 0.265812 2 0.445408 0.265108 1 0.451095 0.280020 2 0.444334 0.278355 2 0.451719 0.298245 2 0.444700 0.295795 1 0.449429 0.302579 1 0.445103 0.300968 1 0.448605 0.302579 1 0.443773 0.301672 1 0.450139 0.294749 1 0.445880 0.292389 1 0.449605 0.302579 1 0.444595 0.301098 1
0 0.731771 0.232804 0.021577 0.079365 0.732597 0.205327 2 0.733082 0.203683 2 0.731860 0.203476 2 0.732903 0.203849 1 0.729651 0.203094 2 0.731009 0.212558 2 0.726924 0.211435 2 0.730625 0.224203 1 0.724513 0.223245 2 0.733356 0.229832 1 0.729070 0.229835 2 0.729487 0.232352 2 0.726759 0.232954 2 0.736386 0.239501 2 0.734806 0.239931 2 0.732565 0.257942 2 0.731219 0.258182 2
0 0.750372 0.235450 0.024554 0.082011 0.748461 0.205865 2 0.748995 0.204216 2 0.747679 0.204061 2 0.748815 0.203909 1 0.745373 0.203492 2 0.747134 0.210716 2 0.743883 0.211776 2 0.750016 0.221224 2 0.748021 0.224676 2 0.753414 0.228895 2 0.752094 0.231263 2 0.747665 0.230107 2 0.745490 0.231638 2 0.753911 0.238128 2 0.752854 0.240554 2 0.753625 0.255532 2 0.753892 0.257484 2
0 0.837054 0.662698 0.044643 0.198413 0.842399 0.594666 2 0.844737 0.591247 2 0.840482 0.590910 2 0.848097 0.592976 2 0.837525 0.591992 2 0.846833 0.616673 2 0.833106 0.609491 2 0.838131 0.639511 2 0.827147 0.627438 2 0.826293 0.645838 2 0.822723 0.643949 2 0.839966 0.664134 2 0.830219 0.659884 2 0.838334 0.701009 2 0.829030 0.691515 2 0.837192 0.738875 2 0.828440 0.719891 2
0 0.515253 0.284392 0.023065 0.066138 0.515868 0.265516 2 0.516793 0.264232 1 0.515061 0.264038 1 0.517980 0.261119 1 0.513422 0.260700 2 0.518786 0.259276 2 0.509881 0.259628 2 0.522540 0.269955 2 0.506967 0.271017 2 0.518954 0.273637 2 0.512280 0.273991 2 0.517544 0.275358 2 0.511125 0.276125 2 0.522050 0.276144 2 0.505439 0.278868 2 0.520708 0.299031 2 0.504922 0.299988 2
0 0.505580 0.255291 0.024554 0.066138 0.515311 0.265342 2 0.516450 0.264026 2 0.514595 0.263524 2 0.517922 0.261363 1 0.513214 0.260337 2 0.518824 0.259052 2 0.509896 0.259394 2 0.521614 0.267468 2 0.506818 0.270773 2 0.519784 0.270516 2 0.511769 0.273754 2 0.516264 0.272465 2 0.510251 0.272839 2 0.520594 0.276519 2 0.507969 0.277216 2 0.518469 0.293411 2 0.509851 0.294831 2
0 0.465402 0.142857 0.015625 0.066138 0.463744 0.118938 2 0.463823 0.117774 1 0.463065 0.117990 2 0.463704 0.118519 1 0.461531 0.119054 2 0.464876 0.125066 2 0.460433 0.126298 2 0.466365 0.132623 2 0.461091 0.134840 2 0.465319 0.138120 2 0.463240 0.134760 2 0.464893 0.141508 2 0.461505 0.142032 2 0.466152 0.154938 2 0.462026 0.155089 2 0.466830 0.168015 2 0.460536 0.168042 2
0 0.176339 0.283069 0.014881 0.052910 0.178424 0.268043 2 0.179117 0.266559 2 0.178091 0.266625 2 0.181022 0.267019 2 0.178333 0.267149 1 0.182932 0.275599 2 0.177984 0.275426 2 0.184574 0.284689 2 0.177195 0.283297 2 0.184799 0.293121 2 0.176771 0.290422 2 0.182478 0.290699 2 0.179151 0.290610 2 0.183314 0.299608 2 0.179742 0.299490 2 0.183866 0.308503 2 0.179948 0.308191 2
0 0.107887 0.284392 0.029762 0.052910 0.112998 0.271849 2 0.113233 0.270096 2 0.111739 0.270829 2 0.113825 0.269759 1 0.109050 0.271797 2 0.115286 0.276854 2 0.106561 0.279262 2 0.120692 0.282847 2 0.103430 0.287814 2 0.119301 0.284464 2 0.102271 0.296654 2 0.114326 0.292839 2 0.107931 0.293973 2 0.118357 0.285891 2 0.104501 0.288306 2 0.121625 0.301118 2 0.102375 0.299203 2
0 0.581101 0.125661 0.013393 0.071429 0.583084 0.103195 2 0.583457 0.102070 2 0.582528 0.102047 2 0.583564 0.102370 1 0.581351 0.102321 2 0.584487 0.108441 2 0.579544 0.108377 2 0.585729 0.115685 2 0.578408 0.115173 2 0.584095 0.113745 2 0.581321 0.112596 2 0.583066 0.124469 2 0.579776 0.124412 2 0.582586 0.136964 2 0.579811 0.137456 2 0.581659 0.148963 2 0.579451 0.149761 2
0 0.164062 0.123016 0.015625 0.042328 0.163668 0.106169 1 0.163508 0.105154 1 0.163890 0.104976 1 0.162817 0.105826 1 0.165514 0.105365 1 0.162603 0.111721 2 0.166372 0.110643 2 0.161466 0.113674 2 0.167322 0.112555 2 0.163690 0.114102 2 0.165896 0.112348 2 0.164218 0.127330 2 0.166758 0.126727 2 0.165241 0.138533 2 0.166981 0.136315 2 0.165444 0.148910 2 0.168485 0.146082 2
0 0.385789 0.099868 0.014137 0.051587 0.382751 0.083518 1 0.382768 0.082729 1 0.382996 0.082534 1 0.382590 0.082993 2 0.384940 0.082371 2 0.381912 0.087914 2 0.386798 0.086497 2 0.381636 0.094243 2 0.388795 0.091543 2 0.382065 0.100121 2 0.389086 0.097380 2 0.383821 0.099201 2 0.387156 0.098532 2 0.384360 0.106994 2 0.387726 0.106009 2 0.384961 0.114410 2 0.387725 0.113114 2
0 0.357887 0.083333 0.010417 0.050265 0.361583 0.067836 2 0.361916 0.066927 1 0.361091 0.067024 2 0.362305 0.067133 1 0.360292 0.067360 2 0.362887 0.071775 2 0.359542 0.072137 2 0.363356 0.077484 2 0.358274 0.077909 2 0.363181 0.082290 2 0.359212 0.083327 2 0.362317 0.082299 2 0.360242 0.082558 2 0.361921 0.089302 2 0.360584 0.089862 2 0.361574 0.096183 2 0.360580 0.097088 2
0 0.209821 0.116402 0.011905 0.044974 0.209218 0.103140 1 0.209304 0.102246 1 0.209395 0.102163 1 0.209759 0.102353 2 0.210941 0.102008 1 0.210780 0.106686 2 0.211807 0.106273 2 0.211590 0.111346 2 0.213088 0.110812 2 0.210580 0.112673 1 0.211980 0.112311 1 0.211690 0.117986 2 0.212379 0.117723 2 0.212483 0.126834 2 0.212870 0.126565 2 0.213177 0.135099 2 0.214032 0.135233 2
0 0.635045 0.202381 0.015625 0.087302 0.633993 0.175646 1 0.633744 0.174491 1 0.634171 0.174598 1 0.632366 0.175183 1 0.635347 0.175295 2 0.632324 0.182654 2 0.635946 0.182650 2 0.632793 0.192122 2 0.638649 0.192965 2 0.637510 0.200496 2 0.638911 0.201870 2 0.632669 0.205067 2 0.634132 0.204893 2 0.635069 0.220879 2 0.630587 0.219991 2 0.637172 0.233819 2 0.627059 0.233578 2
0 0.927083 0.292989 0.032738 0.130952 0.921029 0.287800 1 0.920003 0.285169 1 0.920741 0.285381 1 0.914129 0.285603 1 0.919080 0.286539 2 0.911029 0.296787 2 0.918118 0.299675 2 0.911045 0.314097 1 0.918133 0.318929 2 0.918585 0.324343 1 0.922110 0.329693 2 0.908622 0.327010 2 0.914214 0.328824 2 0.910250 0.349924 2 0.918851 0.353659 2 0.904762 0.368974 2 0.915946 0.378847 2
0 0.913318 0.334656 0.036458 0.129630 0.920735 0.287841 1 0.919768 0.285218 1 0.920407 0.285294 1 0.913867 0.285961 1 0.918808 0.286536 2 0.910669 0.297279 2 0.917997 0.300350 2 0.910790 0.313317 2 0.918534 0.319372 2 0.918211 0.323063 1 0.922129 0.329102 2 0.908807 0.327036 2 0.914876 0.328778 2 0.908941 0.349873 2 0.919222 0.353745 2 0.899451 0.368586 2 0.915173 0.378775 2
0 0.801711 0.185847 0.021577 0.067460 0.806681 0.167149 1 0.806322 0.165530 1 0.806727 0.165829 1 0.803322 0.164114 1 0.806111 0.165377 2 0.799831 0.168120 2 0.802881 0.171874 2 0.797744 0.174014 2 0.803188 0.182458 2 0.802637 0.178868 1 0.807210 0.183144 2 0.795074 0.186071 2 0.797147 0.187988 2 0.796628 0.198131 2 0.799111 0.201506 2 0.791982 0.211302 2 0.796850 0.214186 2
0 0.523065 0.072090 0.010417 0.035714 0.523092 0.062218 1 0.523009 0.061602 1 0.523045 0.061641 1 0.522009 0.062216 1 0.523005 0.062363 2 0.521506 0.065965 2 0.522644 0.066257 2 0.520309 0.070282 2 0.523044 0.071029 2 0.520071 0.073210 2 0.523780 0.074557 2 0.521280 0.074487 2 0.522128 0.074619 2 0.520929 0.080134 2 0.522762 0.079950 2 0.519673 0.084896 2 0.523147 0.084922 2
0 0.869048 0.160053 0.013393 0.031746 0.866512 0.155872 2 0.867310 0.154106 2 0.865827 0.154307 2 0.868574 0.155011 2 0.865296 0.155311 2 0.870726 0.161102 2 0.864181 0.160514 2 0.870238 0.169407 2 0.862396 0.169084 2 0.867537 0.161752 2 0.863426 0.170181 2 0.869015 0.172254 2 0.864713 0.171599 2 0.870964 0.172271 2 0.862322 0.171264 2 0.864338 0.175201 2 0.865145 0.175244 2
