0 0.185268 0.107804 0.016369 0.048942 0.178491 0.122037 1 0.178529 0.121192 1 0.178293 0.121237 1 0.178192 0.121352 2 0.178023 0.121492 2 0.178510 0.126097 2 0.177483 0.126488 2 0.175502 0.132177 2 0.175079 0.132671 2 0.175118 0.128210 1 0.175519 0.127057 2 0.180394 0.139634 2 0.179446 0.140031 2 0.179858 0.137873 1 0.178948 0.137907 1 0.180497 0.138973 1 0.178248 0.139944 1
0 0.595238 0.499339 0.029762 0.173280 0.591484 0.432499 1 0.591799 0.429727 1 0.593352 0.429869 1 0.592084 0.431175 2 0.601325 0.430534 2 0.589268 0.450873 2 0.606354 0.448394 2 0.586017 0.473665 2 0.610124 0.472351 2 0.582992 0.490547 2 0.610328 0.492560 2 0.594551 0.498228 2 0.604329 0.496050 2 0.593381 0.534390 2 0.595000 0.528130 2 0.605505 0.568074 2 0.591789 0.557805 2
0 0.813616 0.463624 0.045387 0.160053 0.822430 0.397197 2 0.824477 0.394589 2 0.821154 0.393810 2 0.827104 0.396295 2 0.818845 0.394172 2 0.828575 0.414572 2 0.812389 0.409090 2 0.828815 0.436172 2 0.805575 0.428630 2 0.827532 0.454852 2 0.801014 0.450319 2 0.821886 0.456965 2 0.810732 0.453537 2 0.821672 0.493102 2 0.806811 0.484233 2 0.820254 0.523866 2 0.806336 0.509848 2
0 0.667783 0.178571 0.015625 0.068783 0.669203 0.155701 1 0.669259 0.154403 1 0.669562 0.154550 1 0.668772 0.155087 2 0.672218 0.155230 2 0.667532 0.162206 2 0.673764 0.162608 2 0.664415 0.169382 2 0.674433 0.172299 2 0.662352 0.174566 2 0.673613 0.179836 2 0.667622 0.181698 2 0.671865 0.181614 2 0.667002 0.196799 2 0.671595 0.196371 2 0.666406 0.212073 2 0.671189 0.211091 2
0 0.586310 0.453042 0.047619 0.165344 0.590852 0.432176 1 0.591403 0.429284 1 0.592819 0.429527 1 0.591983 0.431387 2 0.600747 0.430844 2 0.589313 0.451170 2 0.605576 0.448795 2 0.585825 0.474954 2 0.609453 0.472885 2 0.583214 0.490011 2 0.609601 0.492701 2 0.594381 0.497250 2 0.603680 0.495275 2 0.593903 0.533337 2 0.594783 0.527596 2 0.605159 0.565643 2 0.592901 0.556720 2
0 0.325149 0.514550 0.031250 0.166667 0.326541 0.451786 1 0.324808 0.449023 1 0.325940 0.449165 1 0.316707 0.452334 1 0.324286 0.453369 2 0.312859 0.471726 2 0.326400 0.472876 2 0.313352 0.493521 1 0.329938 0.499212 2 0.316942 0.509235 1 0.333522 0.521253 2 0.315965 0.517836 2 0.325826 0.518111 2 0.317538 0.552542 2 0.328993 0.548927 2 0.316420 0.584756 2 0.328756 0.582174 2
0 0.404762 0.403439 0.023810 0.145503 0.412496 0.348746 2 0.411692 0.345874 1 0.411682 0.345938 2 0.405930 0.345626 1 0.407574 0.346538 2 0.399535 0.358833 2 0.405443 0.360990 2 0.396344 0.377159 1 0.402407 0.382543 2 0.398209 0.392880 1 0.403407 0.401015 2 0.398763 0.398919 2 0.403167 0.400436 2 0.400507 0.429316 2 0.405658 0.430981 2 0.400551 0.457484 2 0.404281 0.459347 2
0 0.267485 0.448413 0.027530 0.142857 0.266863 0.398274 2 0.266112 0.395773 1 0.265324 0.396522 2 0.263996 0.397847 1 0.261147 0.400240 2 0.265877 0.413334 2 0.257539 0.418257 2 0.266237 0.432070 2 0.260101 0.442831 2 0.268472 0.447725 2 0.268474 0.457666 2 0.267294 0.453692 2 0.259955 0.456620 2 0.273998 0.480911 2 0.259085 0.485191 2 0.278520 0.509819 2 0.258219 0.513486 2
0 0.334449 0.385582 0.026042 0.125661 0.337089 0.339202 2 0.335781 0.337202 1 0.336263 0.337602 2 0.330870 0.338244 1 0.333478 0.340394 2 0.326055 0.350070 2 0.334874 0.356627 2 0.320854 0.358219 2 0.339052 0.373784 2 0.326048 0.367676 2 0.342820 0.386151 2 0.328349 0.381667 2 0.332940 0.385160 2 0.334654 0.408265 2 0.333733 0.412648 2 0.338659 0.431955 2 0.329189 0.437201 2
0 0.638021 0.380291 0.034970 0.136243 0.632420 0.329291 1 0.632582 0.326650 1 0.632614 0.326399 1 0.632413 0.327547 2 0.639315 0.326322 2 0.631055 0.344107 2 0.643630 0.340269 2 0.628224 0.364541 2 0.649270 0.360054 2 0.632699 0.371821 2 0.651592 0.377939 2 0.635104 0.380572 2 0.645288 0.378775 2 0.631278 0.408018 2 0.651469 0.405042 2 0.626267 0.436537 2 0.657421 0.428868 2
0 0.414807 0.419974 0.031994 0.141534 0.427728 0.368678 2 0.427181 0.365596 1 0.426447 0.366349 2 0.422210 0.367060 1 0.421470 0.368634 2 0.419130 0.382194 2 0.419147 0.383341 2 0.421186 0.400950 2 0.412827 0.405075 2 0.426053 0.408165 2 0.412145 0.425114 2 0.417475 0.418666 2 0.419683 0.419339 2 0.414169 0.446528 2 0.425993 0.445232 2 0.410997 0.476611 2 0.429618 0.476795 2
0 0.467634 0.360450 0.033482 0.125661 0.471822 0.317712 2 0.472440 0.315445 1 0.471078 0.315523 2 0.472399 0.313320 1 0.468197 0.313392 2 0.470167 0.323695 2 0.463808 0.325124 2 0.470892 0.337169 2 0.464264 0.342692 2 0.474159 0.337095 2 0.469316 0.333740 2 0.469598 0.356200 2 0.463839 0.357355 2 0.474023 0.383109 2 0.462724 0.382366 2 0.478338 0.410008 2 0.456514 0.404204 2
0 0.301711 0.414683 0.027530 0.146825 0.306591 0.361163 2 0.306130 0.358070 1 0.305448 0.358476 2 0.302252 0.357949 1 0.301013 0.358704 2 0.297742 0.373418 2 0.298841 0.374454 2 0.295717 0.395332 1 0.297753 0.398259 2 0.299169 0.413349 1 0.298430 0.419500 2 0.298191 0.414923 2 0.298584 0.416267 2 0.301668 0.443347 2 0.302988 0.444558 2 0.297493 0.470107 2 0.295879 0.471029 2
0 0.135045 0.371693 0.033482 0.124339 0.132063 0.320875 2 0.133176 0.318622 2 0.130707 0.318709 2 0.134960 0.319974 2 0.128478 0.320363 2 0.139005 0.332937 2 0.126375 0.335741 2 0.145212 0.345766 2 0.124295 0.353095 2 0.141193 0.354307 2 0.127257 0.369676 2 0.140933 0.366982 2 0.132284 0.368943 2 0.144611 0.393368 2 0.133616 0.396304 2 0.149869 0.418115 2 0.135521 0.422161 2
0 0.045387 0.401455 0.037202 0.136243 0.032927 0.355326 2 0.034498 0.352490 2 0.032202 0.352704 2 0.039436 0.354441 2 0.033761 0.355054 1 0.043551 0.370643 2 0.032322 0.368879 2 0.048677 0.387970 2 0.030908 0.383966 2 0.050751 0.406116 2 0.026373 0.397442 2 0.044857 0.407651 2 0.038979 0.407036 2 0.044646 0.434818 2 0.045638 0.431145 2 0.045750 0.462103 2 0.057546 0.449112 2
0 0.405506 0.295635 0.014881 0.101852 0.413209 0.347338 2 0.412841 0.344943 2 0.411901 0.345004 2 0.410214 0.345547 1 0.406817 0.345999 2 0.406987 0.358941 2 0.401333 0.357988 2 0.406435 0.366071 1 0.397147 0.366071 1 0.409538 0.364001 1 0.403664 0.365605 1 0.404455 0.366071 1 0.400798 0.366071 1 0.410590 0.362903 1 0.407022 0.363875 1 0.406639 0.366071 1 0.405031 0.366071 1
0 0.544643 0.203704 0.019345 0.082011 0.545613 0.172174 1 0.545732 0.170466 1 0.545871 0.170838 1 0.544609 0.171473 2 0.548365 0.172346 2 0.542435 0.180753 2 0.549488 0.182550 2 0.540928 0.191634 2 0.549738 0.194757 2 0.539038 0.203013 2 0.546327 0.197193 2 0.541538 0.203844 2 0.546751 0.204467 2 0.540433 0.221585 2 0.548172 0.222290 2 0.542293 0.239291 2 0.551561 0.237225 2
0 0.951637 0.285714 0.028274 0.111111 0.966159 0.244687 2 0.967254 0.242761 2 0.965121 0.242213 2 0.968106 0.243364 1 0.962071 0.241584 2 0.968075 0.255980 2 0.957469 0.253708 2 0.969063 0.269375 2 0.952888 0.268173 2 0.968058 0.281318 2 0.952614 0.286330 2 0.963219 0.289425 2 0.955929 0.287710 2 0.959509 0.311633 2 0.949951 0.309185 2 0.953872 0.332171 2 0.942167 0.330749 2
0 0.787202 0.274471 0.020833 0.085979 0.792195 0.243523 2 0.792500 0.241654 2 0.791350 0.241290 2 0.791772 0.241987 1 0.788184 0.240909 2 0.790256 0.251898 2 0.784569 0.250320 2 0.790236 0.266173 2 0.781657 0.264728 2 0.793442 0.272904 2 0.788114 0.272291 2 0.787885 0.273373 2 0.783913 0.273866 2 0.797098 0.279699 2 0.792614 0.280147 2 0.793653 0.300193 2 0.789341 0.302289 2
0 0.810268 0.268519 0.025298 0.082011 0.810334 0.243105 2 0.810761 0.240904 2 0.809399 0.240751 2 0.810140 0.240741 1 0.806601 0.240596 2 0.809052 0.246118 2 0.802863 0.250895 2 0.812055 0.260617 2 0.808324 0.264458 2 0.815608 0.268454 2 0.813946 0.273268 2 0.810211 0.268245 2 0.805736 0.273612 2 0.820742 0.266632 2 0.813529 0.284570 2 0.813726 0.280200 2 0.815258 0.303387 2
0 0.968378 0.934524 0.057292 0.128307 0.980009 0.914956 2 0.984822 0.910574 2 0.977527 0.907274 2 0.990032 0.914596 2 0.972157 0.906375 2 0.988883 0.945243 2 0.964603 0.928034 2 0.977357 0.988050 2 0.954284 0.956441 2 0.956834 0.989661 2 0.949466 0.979977 2 0.975746 0.996573 2 0.959500 0.986906 2 0.964012 0.991107 1 0.944510 0.983064 1 0.956141 0.996883 1 0.951415 0.995762 1
0 0.538690 0.322090 0.026786 0.072751 0.541633 0.310452 2 0.542791 0.308292 2 0.540599 0.308216 2 0.544292 0.304555 1 0.539109 0.304501 2 0.545818 0.303176 2 0.535344 0.303616 2 0.549957 0.315265 2 0.531744 0.315830 2 0.545546 0.318942 2 0.537716 0.319859 2 0.544575 0.321631 2 0.537524 0.322521 2 0.549658 0.322285 2 0.531329 0.325239 2 0.546688 0.347210 2 0.537409 0.347554 2
0 0.486235 0.156085 0.017113 0.068783 0.487117 0.132407 2 0.487722 0.131302 2 0.486551 0.131241 2 0.488620 0.132067 2 0.485697 0.131941 2 0.489917 0.138994 2 0.484420 0.139216 2 0.490802 0.145772 2 0.484127 0.146762 2 0.488532 0.143758 2 0.486667 0.145857 2 0.488967 0.157013 2 0.484833 0.157031 2 0.489079 0.170989 2 0.483371 0.171173 2 0.489893 0.184158 2 0.482125 0.184750 2
0 0.111607 0.321429 0.014881 0.055556 0.108620 0.301632 2 0.109206 0.300405 2 0.108396 0.300599 2 0.110698 0.301616 2 0.109035 0.301803 2 0.113260 0.309277 2 0.108603 0.309282 2 0.114447 0.317556 2 0.106298 0.316735 2 0.110238 0.319301 2 0.105955 0.318313 2 0.113422 0.324975 2 0.110574 0.324611 2 0.110989 0.335671 2 0.109998 0.334979 2 0.109775 0.347338 2 0.110008 0.347189 2
0 0.091890 0.308862 0.033482 0.059524 0.099640 0.303533 2 0.100434 0.301519 2 0.098284 0.301892 2 0.101600 0.301733 1 0.096167 0.302866 2 0.103075 0.309385 2 0.093974 0.311812 2 0.105107 0.318734 2 0.089410 0.325190 2 0.105188 0.322086 2 0.088750 0.334597 2 0.101322 0.326584 2 0.095069 0.327681 2 0.102230 0.323135 2 0.089562 0.324655 2 0.102818 0.338599 2 0.090425 0.338462 2
0 0.620536 0.135582 0.014881 0.056878 0.623189 0.113589 2 0.623880 0.112510 2 0.622795 0.112411 2 0.625049 0.113584 2 0.622390 0.113351 1 0.626274 0.121256 2 0.620706 0.121173 2 0.627219 0.129646 2 0.619444 0.129336 2 0.626560 0.135985 2 0.619294 0.136193 2 0.624980 0.138572 2 0.621054 0.138553 2 0.624881 0.151891 2 0.619970 0.152277 2 0.624890 0.164803 2 0.618852 0.164803 2
0 0.204241 0.214947 0.012649 0.030423 0.209229 0.208676 2 0.209794 0.207458 1 0.208660 0.207406 2 0.210405 0.207359 1 0.207470 0.207292 2 0.211408 0.213407 2 0.205578 0.212681 2 0.211240 0.220626 2 0.204893 0.218304 2 0.209328 0.222173 2 0.207412 0.218851 2 0.210169 0.221908 2 0.206305 0.221542 2 0.209297 0.216790 2 0.205098 0.216692 2 0.209236 0.225762 2 0.207476 0.225434 2
0 0.179315 0.136905 0.016369 0.048942 0.174318 0.121156 1 0.174551 0.120014 1 0.174771 0.120019 1 0.175893 0.120663 2 0.177560 0.120354 1 0.176941 0.126589 2 0.179088 0.126052 2 0.175068 0.133015 2 0.177154 0.132293 1 0.173158 0.132644 2 0.173598 0.132333 1 0.179966 0.140849 2 0.181289 0.140453 2 0.179706 0.151704 2 0.179909 0.150900 2 0.181850 0.162060 2 0.181441 0.161816 2
0 0.782366 0.185185 0.018601 0.052910 0.783151 0.168890 2 0.783404 0.167840 2 0.783370 0.167809 1 0.784619 0.167676 2 0.784998 0.167458 1 0.786083 0.173214 2 0.786149 0.172866 2 0.786460 0.180938 2 0.786498 0.180296 1 0.785872 0.187883 2 0.785092 0.185092 1 0.787221 0.188578 2 0.786966 0.188049 2 0.785373 0.199188 2 0.783780 0.198201 2 0.786679 0.209251 2 0.783115 0.208158 2
0 0.395089 0.096561 0.010417 0.050265 0.394814 0.078717 2 0.395250 0.077771 2 0.394307 0.077851 2 0.395982 0.078444 2 0.393610 0.078602 2 0.397030 0.084064 2 0.392797 0.084049 2 0.398121 0.089812 2 0.391742 0.089614 2 0.397657 0.094922 2 0.392229 0.093986 2 0.396776 0.094850 2 0.393972 0.094864 2 0.396854 0.103614 2 0.394283 0.103456 2 0.397115 0.112500 2 0.394286 0.111869 2
0 0.985863 0.218254 0.017857 0.068783 0.985077 0.194029 1 0.985237 0.192523 1 0.985547 0.192842 1 0.984227 0.193022 2 0.988201 0.193751 2 0.981343 0.199469 2 0.988891 0.201658 2 0.975627 0.203899 2 0.994301 0.207546 2 0.978254 0.206536 2 0.990987 0.211158 2 0.980685 0.221910 2 0.985368 0.222822 2 0.978122 0.236181 2 0.983358 0.239010 2 0.976490 0.250728 1 0.984946 0.251831 1
0 0.561384 0.085317 0.011161 0.033069 0.560427 0.074162 1 0.560743 0.073387 1 0.560072 0.073402 1 0.561168 0.073904 1 0.559605 0.073898 2 0.561518 0.078288 2 0.559158 0.078265 2 0.562454 0.081993 2 0.558164 0.082416 2 0.561913 0.082074 2 0.559384 0.084196 2 0.561070 0.087590 2 0.559538 0.087625 2 0.561605 0.094043 2 0.560107 0.094150 2 0.561210 0.101182 2 0.559512 0.101344 2
0 0.906622 0.189815 0.020089 0.038360 0.909863 0.175904 2 0.910601 0.174462 2 0.908972 0.174255 2 0.911522 0.175346 1 0.907473 0.174901 2 0.912388 0.183571 2 0.905161 0.181789 2 0.912624 0.191738 2 0.902466 0.189600 2 0.910234 0.193210 1 0.900840 0.194452 2 0.909390 0.198463 2 0.904555 0.197048 2 0.909218 0.198571 1 0.901302 0.196139 1 0.905262 0.202759 1 0.900676 0.198489 1
0 0.925967 0.190476 0.018601 0.034392 0.923484 0.195924 2 0.926401 0.191261 2 0.922472 0.190564 2 0.931620 0.192701 2 0.921657 0.190564 1 0.937241 0.208095 2 0.921118 0.205577 2 0.938988 0.213686 1 0.919656 0.213686 1 0.935764 0.199921 1 0.920533 0.209281 1 0.932779 0.213686 1 0.923385 0.213686 1 0.926472 0.201502 1 0.917771 0.196995 1 0.923187 0.209840 1 0.926218 0.208070 1
