0 0.241443 0.832011 0.033482 0.153439 0.233715 0.761809 2 0.235269 0.758150 2 0.233232 0.758014 1 0.240078 0.758970 2 0.235411 0.758765 1 0.244756 0.779084 2 0.237755 0.777518 2 0.244856 0.804149 2 0.233767 0.801369 2 0.238512 0.795578 2 0.232951 0.799378 2 0.243891 0.824949 2 0.239535 0.823426 2 0.242344 0.856194 2 0.241225 0.853146 2 0.248132 0.882538 2 0.248269 0.882040 2
0 0.241443 0.812831 0.036458 0.146825 0.232912 0.762525 2 0.234212 0.758538 2 0.232668 0.758747 1 0.239205 0.760927 2 0.237226 0.761055 1 0.244039 0.783246 2 0.241308 0.782381 2 0.238576 0.811073 2 0.233855 0.812942 2 0.235216 0.790498 2 0.231505 0.798831 2 0.244834 0.845615 2 0.243304 0.843830 2 0.243549 0.880848 2 0.245130 0.875211 2 0.245981 0.893654 1 0.249564 0.892828 1
0 0.289062 0.572751 0.017113 0.071429 0.286866 0.545199 2 0.287738 0.543635 2 0.286317 0.543800 2 0.289678 0.543938 2 0.286293 0.544294 1 0.291452 0.551418 2 0.286661 0.551546 2 0.293872 0.559278 2 0.286730 0.559467 1 0.289536 0.558418 2 0.285814 0.559629 1 0.292763 0.570443 2 0.289859 0.570505 2 0.292679 0.586081 2 0.292341 0.585608 2 0.293674 0.600952 2 0.294534 0.598183 2
0 0.282738 0.561508 0.016369 0.088624 0.283606 0.528833 2 0.284479 0.526989 2 0.282525 0.527181 2 0.285419 0.527219 2 0.280978 0.527585 2 0.285325 0.535351 2 0.280720 0.536603 2 0.286840 0.545433 1 0.279747 0.548599 2 0.287065 0.553483 1 0.281683 0.557754 2 0.284852 0.558362 2 0.282018 0.559050 2 0.284221 0.578524 2 0.283054 0.579376 2 0.281784 0.596923 2 0.280339 0.597668 2
0 0.304688 0.567460 0.017113 0.071429 0.303269 0.544209 1 0.303110 0.542852 1 0.303554 0.542783 1 0.301615 0.543138 2 0.305476 0.543083 2 0.300021 0.550390 2 0.306738 0.550549 2 0.298634 0.557240 2 0.308759 0.557826 2 0.301583 0.560148 2 0.306531 0.562282 2 0.301734 0.567235 2 0.306320 0.567346 2 0.302932 0.579735 2 0.306766 0.580045 2 0.303351 0.592852 2 0.307532 0.592920 2
0 0.312872 0.475529 0.014137 0.056878 0.310049 0.456197 2 0.310324 0.455037 2 0.310591 0.454941 1 0.312082 0.455965 2 0.314205 0.455292 1 0.312031 0.463308 2 0.316981 0.461570 2 0.311660 0.471176 2 0.319193 0.467212 2 0.310817 0.479524 2 0.317501 0.471225 2 0.313565 0.477235 2 0.317001 0.476237 2 0.313130 0.486081 2 0.316747 0.485191 2 0.312853 0.495731 2 0.316783 0.493786 2
0 0.378348 0.533730 0.031994 0.062169 0.378840 0.516478 2 0.379795 0.514619 2 0.377895 0.514963 2 0.382187 0.513451 2 0.377481 0.514383 1 0.385961 0.519741 2 0.377683 0.521213 2 0.387871 0.531152 2 0.373234 0.529146 2 0.386137 0.543429 2 0.368087 0.533840 2 0.387434 0.542556 2 0.382554 0.542422 2 0.377089 0.533365 2 0.375086 0.534900 2 0.376018 0.552709 2 0.376025 0.555557 2
0 0.457589 0.414021 0.019345 0.084656 0.459047 0.383838 1 0.458557 0.382406 1 0.459271 0.382382 1 0.455829 0.383444 2 0.460166 0.383700 2 0.453833 0.392344 2 0.460881 0.392668 2 0.451414 0.403195 2 0.461619 0.403324 2 0.450607 0.412219 2 0.461727 0.411305 2 0.454360 0.413265 2 0.458916 0.413357 2 0.455094 0.429403 2 0.457660 0.430150 2 0.455173 0.445305 2 0.456086 0.446614 2
0 0.366443 0.501984 0.024554 0.041005 0.365256 0.493258 2 0.365980 0.491504 2 0.364308 0.492179 2 0.367724 0.490982 2 0.363891 0.492465 1 0.369127 0.495677 2 0.365751 0.496559 2 0.364297 0.501660 2 0.361663 0.502922 2 0.363356 0.499962 2 0.363012 0.502787 2 0.374403 0.512407 2 0.371945 0.512343 2 0.365362 0.504899 2 0.364403 0.503506 2 0.368419 0.518482 2 0.367047 0.517079 2
0 0.372024 0.490079 0.019345 0.038360 0.365060 0.493361 2 0.365919 0.491261 2 0.364115 0.492186 2 0.367947 0.490795 2 0.363878 0.492786 2 0.369579 0.495676 2 0.365901 0.498427 2 0.364400 0.500480 2 0.362286 0.505497 2 0.362728 0.499692 2 0.362657 0.504513 2 0.374213 0.512455 2 0.371552 0.513074 2 0.365103 0.505884 2 0.363435 0.505451 1 0.366565 0.514172 1 0.366775 0.514637 1
0 0.376488 0.478175 0.022321 0.041005 0.365274 0.493208 2 0.366083 0.491011 2 0.364331 0.491985 2 0.368297 0.490158 2 0.364493 0.492244 1 0.369794 0.495350 2 0.367465 0.497273 2 0.364298 0.499779 2 0.363970 0.501873 1 0.363124 0.498846 2 0.363067 0.502725 1 0.372724 0.506159 1 0.371060 0.506159 1 0.364445 0.502290 1 0.363874 0.501642 1 0.364786 0.504012 1 0.365800 0.505597 1
0 0.470982 0.404101 0.014881 0.078042 0.473780 0.379062 1 0.473442 0.377668 1 0.473888 0.377763 1 0.470954 0.378432 2 0.474621 0.378937 2 0.468514 0.386410 2 0.475106 0.387947 2 0.466302 0.395087 2 0.476246 0.398916 2 0.466695 0.402558 2 0.476944 0.406065 2 0.469284 0.407321 2 0.473690 0.408085 2 0.469948 0.422562 2 0.473632 0.424011 2 0.469323 0.436769 2 0.472072 0.438305 2
0 0.493676 0.523810 0.031994 0.105820 0.489527 0.484395 2 0.490719 0.482256 2 0.488227 0.482375 2 0.492711 0.483295 2 0.486576 0.483882 2 0.496052 0.493007 2 0.485280 0.494168 2 0.500670 0.502877 2 0.483053 0.505637 2 0.502775 0.518803 2 0.482930 0.517271 2 0.497893 0.522554 2 0.489971 0.523231 2 0.503847 0.540303 2 0.485512 0.539796 2 0.509996 0.558594 2 0.491126 0.557310 2
0 0.456473 0.526455 0.018601 0.108466 0.454997 0.487013 2 0.456158 0.484885 2 0.453936 0.485295 2 0.458536 0.485165 2 0.452901 0.486131 2 0.461252 0.496623 2 0.451647 0.495993 2 0.462773 0.510477 2 0.452419 0.507491 2 0.455895 0.510089 2 0.457780 0.509145 2 0.460172 0.525501 2 0.453712 0.524824 2 0.459050 0.547228 2 0.454986 0.545551 2 0.459352 0.567469 2 0.456556 0.562579 2
0 0.424851 0.349206 0.014881 0.066138 0.429688 0.345474 2 0.430391 0.344087 2 0.429002 0.344187 2 0.431588 0.344549 2 0.428203 0.344868 2 0.433193 0.352436 2 0.427238 0.352851 2 0.434648 0.361919 2 0.426270 0.362433 2 0.432943 0.365780 2 0.425585 0.369654 2 0.432420 0.370967 2 0.428573 0.371172 2 0.432274 0.384809 2 0.429678 0.385328 2 0.432812 0.394357 2 0.430637 0.394556 2
0 0.518229 0.578704 0.021577 0.062169 0.520049 0.552455 2 0.521188 0.550212 2 0.518441 0.550186 2 0.522635 0.551682 2 0.516080 0.551708 2 0.524298 0.562714 2 0.514447 0.560195 2 0.527647 0.581160 2 0.510260 0.565292 2 0.524757 0.595131 2 0.510462 0.559378 2 0.523023 0.590712 2 0.516174 0.590333 2 0.529519 0.603706 2 0.514238 0.607030 2 0.530656 0.616808 1 0.517223 0.620339 1
0 0.519717 0.578704 0.031994 0.115079 0.498146 0.498677 1 0.498132 0.498677 1 0.498026 0.498677 1 0.497865 0.498677 1 0.497768 0.498677 1 0.498360 0.498677 1 0.498195 0.498677 1 0.501823 0.506037 2 0.501143 0.506377 1 0.504100 0.519854 2 0.503625 0.519775 1 0.499324 0.524580 2 0.498970 0.524903 2 0.503234 0.543036 2 0.502191 0.543364 2 0.510777 0.558298 2 0.508896 0.558733 2
0 0.581101 0.398810 0.016369 0.059524 0.581780 0.381660 2 0.582621 0.380161 2 0.580961 0.380118 2 0.583725 0.380062 2 0.579526 0.379928 2 0.585965 0.386839 2 0.577296 0.388423 2 0.587407 0.396876 2 0.575678 0.399212 2 0.587901 0.405926 2 0.577548 0.406017 2 0.585583 0.407377 2 0.579807 0.408673 2 0.586729 0.420578 2 0.580857 0.424084 2 0.585073 0.430413 2 0.580594 0.437328 2
0 0.421875 0.226190 0.013393 0.044974 0.422162 0.211205 1 0.422065 0.210502 1 0.422245 0.210478 1 0.421355 0.210173 2 0.423104 0.210054 2 0.420634 0.213136 2 0.424265 0.212981 2 0.419620 0.218135 2 0.425635 0.218208 2 0.419796 0.222844 2 0.424757 0.222915 2 0.421703 0.222935 2 0.423995 0.222903 2 0.422438 0.229082 2 0.423531 0.228678 2 0.423155 0.233532 2 0.423460 0.233055 2
0 0.401786 0.405423 0.019345 0.070106 0.400286 0.383058 2 0.401012 0.381264 2 0.399651 0.381662 2 0.403224 0.380706 2 0.399648 0.381788 1 0.405590 0.388567 2 0.399422 0.388998 2 0.407618 0.398091 2 0.398253 0.398309 2 0.407187 0.407030 2 0.398470 0.406624 2 0.404053 0.407525 2 0.400249 0.407405 2 0.403091 0.419450 2 0.400887 0.418443 2 0.403489 0.431082 2 0.402463 0.427735 2
0 0.389881 0.416005 0.014881 0.048942 0.386775 0.401255 2 0.386856 0.400061 2 0.386168 0.400630 2 0.387063 0.399837 1 0.385625 0.401065 2 0.388989 0.403539 2 0.387329 0.404721 2 0.393237 0.403456 2 0.391165 0.403713 2 0.393342 0.402588 2 0.392565 0.401097 2 0.390297 0.418890 2 0.388969 0.419268 2 0.390864 0.428010 2 0.389300 0.428632 2 0.392179 0.436611 2 0.389971 0.437372 2
0 0.389881 0.418651 0.010417 0.056878 0.386524 0.401413 2 0.386776 0.400092 2 0.385823 0.400796 2 0.387498 0.399666 2 0.385316 0.401387 2 0.389828 0.403135 2 0.386720 0.405423 2 0.394598 0.403173 2 0.389557 0.406855 2 0.393144 0.401454 2 0.391828 0.404245 2 0.390589 0.419076 2 0.388502 0.419696 2 0.390755 0.428245 2 0.388941 0.428829 2 0.391692 0.437115 2 0.390081 0.437086 2
0 0.332217 0.494048 0.014137 0.059524 0.326728 0.473316 1 0.326720 0.472050 1 0.327126 0.471680 1 0.327648 0.472246 2 0.330367 0.470990 1 0.329374 0.479674 2 0.332789 0.476540 2 0.329563 0.489218 2 0.335860 0.481508 2 0.328030 0.496689 2 0.333615 0.483821 1 0.331326 0.495708 2 0.333437 0.494037 2 0.331477 0.506870 2 0.332000 0.505402 2 0.331832 0.518093 2 0.332680 0.517203 2
