0 0.637080 0.921569 0.021008 0.095238 0.633034 0.885332 2 0.633252 0.883376 2 0.632904 0.883613 1 0.635422 0.883347 2 0.635739 0.883866 1 0.639474 0.892891 2 0.637189 0.892526 2 0.642652 0.905505 2 0.637578 0.906782 1 0.641398 0.919014 2 0.636803 0.917679 1 0.637538 0.921457 2 0.636451 0.920135 2 0.635576 0.941300 2 0.635866 0.937509 2 0.633557 0.962731 2 0.636675 0.956530 2
0 0.584559 0.587302 0.018908 0.052288 0.588183 0.570199 1 0.588385 0.569023 1 0.588905 0.569010 1 0.588947 0.569927 2 0.591928 0.569380 2 0.588390 0.577278 2 0.593434 0.575732 2 0.585366 0.586796 2 0.592483 0.584237 1 0.581920 0.588501 2 0.589326 0.588479 1 0.589970 0.594389 2 0.593072 0.593193 2 0.584039 0.597640 2 0.586083 0.596219 2 0.587445 0.609643 2 0.588035 0.607064 2
0 0.416754 0.432773 0.014181 0.056956 0.418702 0.416411 1 0.418053 0.415215 1 0.418687 0.415233 1 0.415186 0.415624 1 0.418355 0.416081 2 0.413656 0.422399 2 0.418038 0.423093 2 0.413955 0.431765 2 0.419982 0.431097 2 0.415657 0.438929 1 0.423527 0.435393 2 0.413161 0.440152 2 0.415941 0.441049 2 0.418443 0.445118 2 0.420932 0.447089 2 0.416619 0.455545 2 0.418120 0.458786 2
0 0.615809 0.582633 0.017332 0.082166 0.616890 0.555496 2 0.617737 0.554071 2 0.616235 0.554098 2 0.619250 0.553237 2 0.615322 0.553441 2 0.622175 0.558701 2 0.614466 0.560169 2 0.623920 0.569088 2 0.614573 0.568971 2 0.620599 0.571629 2 0.617560 0.566539 2 0.619937 0.579036 2 0.614495 0.579454 2 0.619159 0.593849 2 0.613056 0.596272 2 0.618290 0.603926 2 0.611522 0.610663 2
0 0.100840 0.403828 0.019958 0.058824 0.100443 0.382688 1 0.099892 0.381883 1 0.100467 0.381833 1 0.098296 0.383068 1 0.100391 0.383015 2 0.100314 0.388841 2 0.100500 0.389365 2 0.104163 0.394382 2 0.103311 0.395529 2 0.104560 0.393966 2 0.104554 0.393750 2 0.102856 0.403222 2 0.102862 0.403621 2 0.105133 0.413485 2 0.104440 0.413621 2 0.106666 0.424209 2 0.105823 0.426271 2
0 0.161239 0.447712 0.015756 0.036415 0.163610 0.439991 1 0.163122 0.438746 1 0.163604 0.439193 1 0.160858 0.437953 2 0.163392 0.439530 2 0.158331 0.441471 2 0.163188 0.444870 2 0.156355 0.446996 2 0.162936 0.453267 2 0.157032 0.450578 2 0.164961 0.458010 2 0.157011 0.456286 2 0.160141 0.458588 2 0.164640 0.448490 2 0.167971 0.451752 2 0.163205 0.456901 1 0.165111 0.460237 2
0 0.149422 0.394491 0.016282 0.058824 0.151050 0.375228 1 0.150716 0.374194 1 0.151059 0.374071 1 0.148508 0.374824 2 0.151399 0.374682 2 0.147174 0.380367 2 0.152110 0.380825 2 0.148541 0.382867 2 0.155349 0.384126 2 0.151276 0.378758 1 0.153649 0.379209 2 0.149071 0.396307 2 0.152449 0.396736 2 0.150225 0.406826 2 0.152981 0.407324 2 0.150542 0.417969 2 0.153426 0.418021 2
0 0.176208 0.430906 0.015231 0.056956 0.172588 0.412949 1 0.172308 0.411640 1 0.172781 0.411757 1 0.172534 0.411567 2 0.174812 0.411435 1 0.176499 0.417394 2 0.175691 0.417387 2 0.179241 0.428080 2 0.177279 0.428860 2 0.176289 0.435988 2 0.175397 0.436491 2 0.180285 0.436688 2 0.179722 0.436290 2 0.178153 0.452005 2 0.177936 0.451033 2 0.176120 0.466600 2 0.176429 0.466450 2
0 0.167017 0.358077 0.014706 0.060691 0.167739 0.334248 1 0.167902 0.333122 1 0.167321 0.333157 1 0.167502 0.334243 1 0.167006 0.334242 2 0.167225 0.340873 2 0.167850 0.340894 2 0.167890 0.347172 2 0.168859 0.347503 2 0.168728 0.342935 2 0.168351 0.341913 2 0.168719 0.355679 2 0.169199 0.355737 2 0.169281 0.367632 2 0.170122 0.366904 2 0.169545 0.379109 2 0.170549 0.378021 2
0 0.309874 0.488796 0.015756 0.066293 0.310987 0.462990 2 0.311682 0.461480 2 0.310424 0.461787 2 0.313547 0.461670 2 0.310320 0.462510 1 0.315141 0.468348 2 0.310490 0.468740 2 0.314300 0.475423 2 0.308751 0.475045 2 0.311335 0.468575 2 0.308876 0.467748 2 0.314908 0.485076 2 0.311892 0.485099 2 0.314871 0.498887 2 0.313301 0.498585 2 0.315334 0.512291 2 0.314890 0.511420 2
0 0.294118 0.487395 0.018908 0.065359 0.299215 0.462970 2 0.299657 0.461657 2 0.298488 0.462036 2 0.300483 0.461730 2 0.297422 0.462673 2 0.302398 0.468483 2 0.295579 0.468682 2 0.305123 0.475147 2 0.290853 0.474225 2 0.303621 0.480140 2 0.289559 0.479822 2 0.302207 0.485473 2 0.297920 0.485522 2 0.302104 0.497478 2 0.298449 0.497721 2 0.302389 0.510466 2 0.299138 0.508745 2
0 0.534139 0.359477 0.014706 0.041083 0.534699 0.345793 2 0.535227 0.345000 2 0.534304 0.344852 2 0.535583 0.344694 2 0.533611 0.344419 2 0.534198 0.347743 2 0.532592 0.348470 2 0.535233 0.353475 2 0.534306 0.355930 2 0.538194 0.354458 2 0.538360 0.356524 2 0.532316 0.359429 2 0.531173 0.360267 2 0.535852 0.362848 2 0.535417 0.364764 2 0.534294 0.374235 2 0.533863 0.376148 2
0 0.495798 0.336134 0.013655 0.039216 0.493641 0.323889 2 0.493968 0.323036 2 0.493264 0.322822 2 0.493890 0.323110 1 0.492055 0.322638 2 0.492241 0.326656 2 0.490683 0.327675 2 0.495395 0.330424 2 0.493034 0.334752 2 0.498029 0.332005 2 0.496823 0.335477 2 0.491813 0.339459 2 0.490708 0.340757 2 0.497232 0.338724 2 0.497026 0.340770 2 0.495780 0.349245 2 0.495196 0.349812 2
0 0.485032 0.275910 0.012080 0.049486 0.487927 0.261188 1 0.488072 0.260373 1 0.488350 0.260335 1 0.488539 0.260973 2 0.490203 0.260841 1 0.488967 0.265762 2 0.490412 0.265896 2 0.486906 0.272169 2 0.487692 0.271808 1 0.484742 0.273575 2 0.484898 0.273487 1 0.489630 0.278994 2 0.490547 0.278701 2 0.485057 0.283143 2 0.485709 0.283953 2 0.487027 0.292915 2 0.487455 0.294158 2
0 0.559874 0.239963 0.011555 0.033613 0.560541 0.231884 2 0.560376 0.230943 1 0.560362 0.231007 2 0.559492 0.230687 1 0.559378 0.230917 2 0.559500 0.234420 2 0.557657 0.234798 2 0.562020 0.238753 2 0.558103 0.240098 2 0.562872 0.238612 2 0.560246 0.241448 2 0.558662 0.244601 2 0.557392 0.245158 2 0.562644 0.247965 2 0.560512 0.248731 2 0.561781 0.256941 2 0.560471 0.256834 2
0 0.552784 0.246499 0.012080 0.028011 0.551433 0.235608 1 0.551186 0.235028 1 0.551454 0.234991 1 0.549826 0.235364 2 0.551565 0.235336 2 0.548848 0.239008 2 0.552229 0.238706 2 0.548166 0.244122 2 0.553907 0.243088 2 0.548010 0.248447 2 0.554383 0.245821 2 0.549717 0.249577 2 0.551981 0.249471 2 0.550272 0.255804 2 0.552699 0.255301 2 0.549830 0.261002 2 0.552173 0.260434 2
0 0.448004 0.225957 0.014706 0.039216 0.446414 0.214361 2 0.446255 0.213578 1 0.446015 0.213649 2 0.445510 0.214231 1 0.444816 0.214511 2 0.444906 0.218696 2 0.444433 0.219389 2 0.446522 0.223084 2 0.445934 0.224500 2 0.448301 0.223769 2 0.448558 0.224066 2 0.444922 0.229250 2 0.444521 0.230076 2 0.449001 0.231882 2 0.449180 0.233071 2 0.448086 0.240190 2 0.448193 0.241135 2
0 0.627889 0.274043 0.012080 0.042017 0.628564 0.258394 2 0.628893 0.257625 2 0.628608 0.257673 1 0.630245 0.257726 2 0.629327 0.257873 1 0.631732 0.262352 2 0.628954 0.261201 2 0.630876 0.268405 2 0.626344 0.263034 2 0.628327 0.270288 2 0.623843 0.264637 2 0.630287 0.274105 2 0.628421 0.273229 2 0.627916 0.280892 2 0.626645 0.280634 2 0.628896 0.287423 1 0.627563 0.287154 1
0 0.137080 0.230626 0.011555 0.042951 0.136537 0.214978 2 0.136942 0.214077 2 0.136100 0.214190 2 0.137673 0.214228 2 0.135631 0.214470 2 0.138718 0.218289 2 0.135406 0.218780 2 0.139115 0.221635 2 0.134999 0.221820 2 0.138296 0.221355 2 0.137147 0.219276 2 0.139680 0.229979 2 0.137202 0.230390 2 0.140899 0.238470 2 0.137752 0.239013 2 0.142009 0.246176 2 0.137931 0.247330 2
0 0.144170 0.230626 0.014181 0.048553 0.136568 0.214626 2 0.136958 0.213806 2 0.136139 0.213869 2 0.137622 0.213837 2 0.135489 0.214009 2 0.138671 0.217486 2 0.135182 0.218012 2 0.139932 0.221014 2 0.135168 0.221848 2 0.138313 0.219560 2 0.137678 0.221027 2 0.139644 0.229562 2 0.137072 0.229929 2 0.140949 0.238540 2 0.138005 0.239091 2 0.142228 0.246750 2 0.138088 0.247717 2
0 0.325368 0.236228 0.012080 0.039216 0.327663 0.222021 1 0.327435 0.221271 1 0.327591 0.221388 1 0.325600 0.221739 1 0.327185 0.222016 2 0.325057 0.226286 2 0.325990 0.226383 2 0.324362 0.232546 2 0.324945 0.232600 2 0.325490 0.237901 1 0.324886 0.238690 2 0.324351 0.237804 2 0.325515 0.237941 2 0.323723 0.245152 2 0.328185 0.244844 2 0.321276 0.252821 2 0.329530 0.252986 2
0 0.585084 0.777311 0.019958 0.049486 0.585815 0.767515 2 0.586404 0.766382 2 0.585280 0.766118 2 0.586928 0.765305 1 0.584236 0.764331 2 0.589368 0.769904 2 0.582169 0.765875 2 0.593381 0.775757 2 0.577515 0.772054 2 0.590941 0.774128 2 0.579147 0.771834 2 0.586524 0.789153 2 0.582241 0.785763 2 0.583596 0.788648 2 0.579238 0.777882 2 0.583046 0.805202 2 0.581198 0.791668 2
0 0.224265 0.166200 0.010504 0.037348 0.222972 0.148553 2 0.223265 0.147820 1 0.222720 0.147896 1 0.224028 0.147871 2 0.223074 0.148063 1 0.224658 0.151334 2 0.223310 0.151326 2 0.224614 0.156078 2 0.222282 0.156480 2 0.223348 0.158734 2 0.222008 0.160535 2 0.224701 0.161370 2 0.224091 0.161315 2 0.224295 0.169530 2 0.225490 0.169104 2 0.224892 0.177608 2 0.227356 0.176448 2
0 0.197742 0.165733 0.020483 0.036415 0.192856 0.147617 1 0.192894 0.146846 1 0.193105 0.146755 1 0.192851 0.147377 2 0.194645 0.147011 2 0.192610 0.152228 2 0.195614 0.151494 2 0.191680 0.158506 2 0.197577 0.156786 2 0.191706 0.163570 2 0.198739 0.161386 2 0.194192 0.163226 2 0.196155 0.162999 2 0.194975 0.170623 2 0.196852 0.170431 2 0.196058 0.177742 2 0.198619 0.177630 2
0 0.309611 0.115313 0.011029 0.040149 0.311227 0.101552 1 0.310946 0.100884 1 0.311231 0.100862 1 0.309526 0.100980 1 0.310997 0.101086 2 0.309036 0.104227 2 0.310589 0.104330 2 0.309798 0.108685 1 0.311186 0.108655 2 0.310851 0.112300 1 0.311602 0.112194 2 0.309591 0.113633 2 0.310726 0.113834 2 0.310397 0.121117 2 0.311398 0.121360 2 0.310597 0.128682 2 0.311672 0.128832 2
0 0.315389 0.116246 0.008929 0.038282 0.316352 0.103679 1 0.316364 0.103035 1 0.316448 0.103079 1 0.315836 0.103232 2 0.317245 0.103305 2 0.315160 0.106470 2 0.317606 0.106628 2 0.313859 0.110302 2 0.318751 0.110030 2 0.313910 0.113889 2 0.318069 0.110622 2 0.315798 0.114896 2 0.317387 0.115014 2 0.315898 0.121776 2 0.317272 0.121981 2 0.315732 0.128279 2 0.317633 0.127970 2
0 0.638393 0.192810 0.013130 0.045752 0.639745 0.172446 2 0.640101 0.171734 2 0.639409 0.171771 2 0.640676 0.171587 2 0.638977 0.171738 2 0.641677 0.174644 2 0.638418 0.175218 2 0.642833 0.178378 2 0.637837 0.179244 2 0.641370 0.180095 2 0.638814 0.181043 2 0.640768 0.184064 2 0.638623 0.184247 2 0.640682 0.190684 2 0.638595 0.191468 2 0.640644 0.196744 2 0.638640 0.198256 2
