0 0.638393 0.857143 0.038690 0.187831 0.639016 0.795559 2 0.640656 0.791882 2 0.636912 0.790901 2 0.639846 0.793093 1 0.631578 0.790411 2 0.634393 0.809495 2 0.632281 0.810847 2 0.642440 0.828499 2 0.644475 0.832524 2 0.650052 0.825449 2 0.652195 0.827471 2 0.636086 0.863219 2 0.634627 0.865172 2 0.637154 0.905264 2 0.637445 0.911325 2 0.635521 0.943804 2 0.635260 0.953951 2
0 0.675967 0.793651 0.037946 0.185185 0.679214 0.726077 2 0.681426 0.722821 2 0.677453 0.722156 2 0.684464 0.724551 2 0.674617 0.722711 2 0.686375 0.745748 2 0.668351 0.740405 2 0.689615 0.770246 2 0.661781 0.764573 2 0.689879 0.795317 2 0.661712 0.789457 2 0.680802 0.794829 2 0.668899 0.791702 2 0.680491 0.833527 2 0.664677 0.824658 2 0.677339 0.868354 2 0.664588 0.851775 2
0 0.616815 0.765212 0.046131 0.112434 0.638674 0.795599 2 0.640570 0.791764 2 0.636289 0.791359 2 0.641344 0.791041 1 0.631529 0.790449 2 0.633987 0.805960 2 0.632522 0.810100 2 0.640868 0.823208 2 0.644043 0.833734 2 0.644317 0.821328 2 0.648810 0.828854 2 0.634150 0.842451 1 0.633057 0.843915 1 0.646703 0.828786 1 0.647587 0.836353 1 0.643109 0.840998 1 0.642612 0.843915 1
0 0.370536 0.472884 0.016369 0.056878 0.369695 0.453942 2 0.370364 0.452701 2 0.369146 0.452899 2 0.371579 0.452926 2 0.368566 0.453422 2 0.372663 0.459197 2 0.367959 0.459615 2 0.372217 0.465418 2 0.365662 0.465424 2 0.367703 0.465443 2 0.364687 0.466746 1 0.372603 0.475235 2 0.369262 0.475508 2 0.373425 0.486562 2 0.369358 0.487175 2 0.375131 0.498601 2 0.369890 0.498731 2
0 0.575893 0.608466 0.029762 0.119048 0.581554 0.567111 1 0.580736 0.565002 1 0.581507 0.565275 1 0.577639 0.565323 1 0.580348 0.566424 2 0.579031 0.574239 2 0.572548 0.577212 2 0.583023 0.586271 2 0.569680 0.590870 2 0.589431 0.593035 2 0.576664 0.597962 2 0.576973 0.605842 2 0.571626 0.608575 2 0.583581 0.626459 2 0.568749 0.635739 2 0.579369 0.648312 2 0.564287 0.657706 2
0 0.567708 0.610450 0.029762 0.104497 0.572404 0.573081 1 0.571955 0.571199 1 0.572352 0.571267 1 0.568867 0.570161 1 0.570763 0.570602 2 0.565826 0.578989 2 0.565060 0.579580 2 0.563456 0.593976 1 0.559921 0.594907 2 0.567182 0.602388 1 0.566352 0.604150 2 0.564151 0.607602 2 0.563347 0.608834 2 0.566134 0.630872 2 0.563710 0.633670 2 0.563475 0.652370 2 0.556744 0.653261 2
0 0.491071 0.564153 0.022321 0.099206 0.491114 0.530505 1 0.490687 0.528627 1 0.491309 0.528637 1 0.487760 0.530467 2 0.492994 0.530422 2 0.485602 0.542360 2 0.494858 0.541806 2 0.484192 0.555828 2 0.498032 0.554939 2 0.484472 0.565805 2 0.500241 0.567003 2 0.487887 0.565931 2 0.494422 0.565654 2 0.487101 0.588272 2 0.494985 0.587568 2 0.485527 0.608768 2 0.494330 0.608135 2
0 0.519345 0.607143 0.026786 0.116402 0.522359 0.562164 1 0.521310 0.560051 1 0.521935 0.560093 1 0.515692 0.561257 2 0.521060 0.561909 2 0.511293 0.574916 2 0.523020 0.575011 2 0.508644 0.590426 2 0.525131 0.592185 2 0.512245 0.598258 2 0.526147 0.605560 2 0.513237 0.607556 2 0.521357 0.607642 2 0.514683 0.631392 2 0.522400 0.629402 2 0.515562 0.655437 2 0.521811 0.652455 2
0 0.519345 0.555556 0.022321 0.095238 0.521849 0.562746 1 0.520990 0.560789 1 0.521836 0.560823 1 0.516108 0.561520 2 0.521760 0.562117 2 0.511772 0.574391 2 0.523227 0.574791 2 0.509118 0.590446 2 0.525660 0.591514 2 0.512045 0.598179 2 0.526162 0.605725 2 0.513305 0.607487 2 0.521072 0.607841 2 0.513940 0.621362 1 0.522080 0.621362 1 0.514760 0.621362 1 0.521059 0.621362 1
0 0.542411 0.545635 0.013393 0.078042 0.542549 0.516930 1 0.542457 0.515509 1 0.542935 0.515545 1 0.541208 0.516129 2 0.545054 0.516035 2 0.539862 0.523760 2 0.546386 0.523905 2 0.537785 0.532731 2 0.547279 0.533860 2 0.537371 0.542344 2 0.546942 0.543381 2 0.540658 0.544314 2 0.544976 0.544296 2 0.540806 0.558356 2 0.544053 0.557894 2 0.541014 0.572386 2 0.543386 0.572218 2
0 0.475818 0.565476 0.020089 0.099206 0.479015 0.532975 2 0.478282 0.531044 1 0.478517 0.531085 2 0.474141 0.531360 1 0.476450 0.531576 2 0.470301 0.541622 2 0.477502 0.541522 2 0.469471 0.554691 2 0.479625 0.554399 2 0.472095 0.564671 2 0.481162 0.564124 2 0.472017 0.566354 2 0.477466 0.566493 2 0.472174 0.586127 2 0.480293 0.585552 2 0.469854 0.605549 2 0.479510 0.605077 2
0 0.503348 0.532407 0.014137 0.085979 0.502096 0.499176 1 0.502125 0.497373 1 0.502500 0.497508 1 0.500695 0.498541 2 0.504861 0.498626 2 0.499032 0.509355 2 0.506581 0.509304 2 0.498025 0.522386 2 0.507431 0.521512 2 0.498672 0.532667 2 0.505255 0.527269 2 0.500131 0.532040 2 0.505391 0.531976 2 0.500976 0.551650 2 0.505209 0.551212 2 0.502174 0.569704 2 0.505324 0.569349 2
0 0.487351 0.523810 0.017857 0.082011 0.491981 0.529847 1 0.491252 0.528198 1 0.492254 0.528127 1 0.487579 0.529995 2 0.493185 0.530053 2 0.485304 0.542208 2 0.495085 0.541892 2 0.484034 0.556074 2 0.497569 0.555300 2 0.484881 0.565645 2 0.498314 0.565578 2 0.487417 0.564850 2 0.494016 0.564698 2 0.487988 0.580688 1 0.494486 0.580688 1 0.488769 0.580294 1 0.493636 0.580584 1
0 0.466146 0.426587 0.014137 0.051587 0.465145 0.410387 1 0.465106 0.409395 1 0.465401 0.409367 1 0.465122 0.409259 2 0.467270 0.409119 2 0.465183 0.414176 2 0.468536 0.413820 2 0.464002 0.421368 2 0.470078 0.422010 2 0.462821 0.425129 2 0.471129 0.430335 2 0.466052 0.426650 2 0.468140 0.426313 2 0.465535 0.437803 2 0.467197 0.437693 2 0.467112 0.447560 2 0.468280 0.447501 2
0 0.761905 0.908730 0.059524 0.177249 0.772258 0.846878 2 0.775715 0.843366 2 0.770757 0.841964 2 0.781325 0.850188 2 0.769885 0.845239 2 0.784616 0.880146 2 0.772818 0.868838 2 0.785020 0.907401 2 0.776515 0.902480 2 0.785700 0.913413 2 0.779110 0.915564 2 0.778625 0.936284 2 0.768032 0.926500 2 0.776385 0.974472 2 0.748847 0.944361 2 0.779014 1.000000 2 0.746178 0.978249 2
