0 0.622024 0.514550 0.040179 0.179894 0.619154 0.460177 1 0.619218 0.456905 1 0.619875 0.456920 1 0.619169 0.459042 2 0.627729 0.458267 2 0.620045 0.480246 2 0.633087 0.476740 2 0.619514 0.508775 2 0.638359 0.500791 2 0.614894 0.531234 2 0.638284 0.521305 2 0.623913 0.530256 2 0.633788 0.528052 2 0.616567 0.565301 2 0.634173 0.562573 2 0.617713 0.602734 2 0.642242 0.596669 2
0 0.822917 0.513228 0.046131 0.174603 0.834755 0.440665 2 0.836823 0.437384 2 0.833200 0.437004 2 0.839539 0.438661 2 0.830554 0.437115 2 0.841082 0.460292 2 0.823392 0.452958 2 0.841083 0.484589 2 0.815578 0.474501 2 0.838137 0.503971 2 0.811393 0.497474 2 0.833565 0.505177 2 0.821743 0.500248 2 0.830837 0.543960 2 0.816677 0.529788 2 0.826081 0.577941 2 0.815068 0.553390 2
0 0.654762 0.183862 0.014881 0.068783 0.651423 0.157436 2 0.651841 0.156223 2 0.651437 0.156230 1 0.653571 0.156616 2 0.653331 0.156656 1 0.655219 0.163595 2 0.653060 0.162812 2 0.656340 0.173517 2 0.653101 0.172211 1 0.654406 0.181787 2 0.651217 0.179196 1 0.653549 0.182456 2 0.652769 0.181689 2 0.650321 0.196644 2 0.653206 0.195680 2 0.650892 0.210375 2 0.658444 0.205730 2
0 0.555804 0.463624 0.043155 0.165344 0.550637 0.404367 1 0.550937 0.401383 1 0.551360 0.401895 1 0.549343 0.403414 2 0.556826 0.403774 2 0.546291 0.421179 2 0.560255 0.421377 2 0.539918 0.443014 2 0.565387 0.444189 2 0.533250 0.458820 2 0.569228 0.462622 2 0.548555 0.467315 2 0.558393 0.467266 2 0.544228 0.499633 2 0.559757 0.499242 2 0.544516 0.533227 2 0.564232 0.531502 2
0 0.324777 0.513889 0.031994 0.165344 0.333253 0.453825 1 0.331790 0.450754 1 0.333024 0.450870 1 0.323759 0.453698 2 0.332538 0.454697 2 0.319759 0.472824 2 0.332926 0.475865 2 0.317429 0.493708 2 0.338671 0.500387 2 0.320953 0.510033 1 0.342788 0.516770 2 0.322317 0.517211 2 0.331794 0.518912 2 0.322255 0.546993 2 0.334140 0.549862 2 0.317765 0.576206 2 0.335135 0.581700 2
0 0.397693 0.400794 0.026042 0.142857 0.408886 0.349536 2 0.408228 0.347083 1 0.407965 0.347037 2 0.404049 0.347480 1 0.403270 0.348140 2 0.399376 0.360234 2 0.398934 0.362736 2 0.398209 0.378958 1 0.396547 0.384202 2 0.402423 0.386747 1 0.400302 0.402446 2 0.397145 0.399312 2 0.396588 0.401452 2 0.399358 0.426677 2 0.397396 0.432828 2 0.400804 0.452275 2 0.395808 0.459519 2
0 0.308408 0.457672 0.029018 0.148148 0.310980 0.410061 2 0.309766 0.406803 1 0.310138 0.407167 2 0.304771 0.408420 1 0.307093 0.409795 2 0.304018 0.425645 2 0.305901 0.428793 2 0.307739 0.444671 1 0.308718 0.452473 2 0.315367 0.457052 1 0.316267 0.466324 2 0.306544 0.466766 2 0.307735 0.468568 2 0.307858 0.497385 2 0.306974 0.499469 2 0.306364 0.524922 2 0.305325 0.528598 2
0 0.358259 0.375661 0.029018 0.126984 0.367545 0.325906 2 0.366798 0.323149 1 0.366115 0.323689 2 0.363684 0.324998 1 0.362577 0.326565 2 0.360983 0.338153 2 0.362845 0.340313 2 0.361583 0.356840 1 0.366877 0.359127 2 0.369130 0.367552 2 0.373179 0.370732 2 0.362730 0.366859 2 0.363174 0.369080 2 0.370915 0.389869 2 0.365587 0.395143 2 0.368685 0.414822 2 0.362514 0.420178 2
0 0.610491 0.369709 0.051339 0.120370 0.603518 0.325449 2 0.605196 0.323006 2 0.604003 0.321860 2 0.608890 0.323036 2 0.606978 0.319754 1 0.609154 0.336203 2 0.613166 0.330181 2 0.600116 0.354806 2 0.610352 0.341330 2 0.591510 0.357173 2 0.601771 0.345269 2 0.619415 0.367984 2 0.619041 0.365065 2 0.628690 0.390820 2 0.609753 0.383273 2 0.642053 0.409070 2 0.608947 0.407612 2
0 0.459449 0.403439 0.030506 0.134921 0.470492 0.350807 2 0.469447 0.347924 1 0.470065 0.348235 2 0.463292 0.349301 1 0.468140 0.350209 2 0.460009 0.365931 2 0.467438 0.366888 2 0.464048 0.383076 2 0.467318 0.389224 2 0.470498 0.384644 1 0.467726 0.408662 2 0.461446 0.405145 2 0.468021 0.405648 2 0.461575 0.431134 2 0.473731 0.430126 2 0.459549 0.457091 2 0.475513 0.456382 2
0 0.506324 0.375661 0.033482 0.121693 0.525054 0.329732 1 0.524527 0.327735 1 0.524709 0.327699 2 0.521650 0.327864 1 0.522319 0.328303 2 0.518786 0.340225 2 0.516943 0.341520 2 0.519867 0.357312 2 0.513767 0.361165 2 0.525043 0.364502 2 0.523049 0.368011 2 0.514582 0.370580 2 0.512590 0.372458 2 0.523231 0.395946 2 0.519726 0.399688 2 0.525278 0.420518 2 0.512356 0.423315 2
0 0.263765 0.426587 0.039435 0.157407 0.273692 0.363777 2 0.272932 0.361350 1 0.272461 0.361782 2 0.270448 0.363533 1 0.269022 0.364687 2 0.270175 0.381574 2 0.265713 0.382107 2 0.269293 0.403762 1 0.263670 0.403960 2 0.270730 0.423051 1 0.265381 0.425326 2 0.270128 0.424020 2 0.265270 0.424588 2 0.274543 0.450671 2 0.260661 0.452649 2 0.275258 0.479716 2 0.251950 0.480434 2
0 0.134673 0.371693 0.032738 0.124339 0.131054 0.327529 2 0.131801 0.324972 1 0.130263 0.325165 1 0.133133 0.322615 2 0.129124 0.323170 2 0.137536 0.332286 2 0.126336 0.334289 2 0.144099 0.345210 2 0.123511 0.350564 2 0.139423 0.350578 2 0.125711 0.367026 2 0.139332 0.367057 2 0.131644 0.368625 2 0.143381 0.392122 2 0.132855 0.394689 2 0.148602 0.417840 2 0.134950 0.419757 2
0 0.024554 0.423942 0.031250 0.138889 0.005127 0.370376 2 0.006847 0.367042 2 0.004450 0.367519 2 0.012233 0.367960 2 0.005519 0.369249 1 0.018885 0.384054 2 0.004843 0.386569 2 0.025343 0.402968 2 0.003170 0.406165 2 0.027328 0.421943 2 0.004385 0.404069 2 0.021524 0.424754 2 0.012607 0.426053 2 0.021739 0.454713 2 0.015377 0.452838 2 0.027619 0.481117 2 0.025097 0.475385 2
0 0.405134 0.295635 0.015625 0.101852 0.408531 0.349081 2 0.408138 0.346437 1 0.407762 0.346694 2 0.404055 0.347032 1 0.403627 0.348113 2 0.401494 0.358166 2 0.398743 0.362697 2 0.404385 0.363019 1 0.400848 0.366319 1 0.407712 0.358652 1 0.407609 0.362644 1 0.400914 0.366319 1 0.398954 0.366319 1 0.406883 0.363212 1 0.405766 0.366319 1 0.404316 0.366319 1 0.404588 0.366319 1
0 0.533482 0.202381 0.019345 0.082011 0.532424 0.170803 1 0.532548 0.169109 1 0.532713 0.169373 1 0.531474 0.170366 2 0.535324 0.170577 2 0.529424 0.180654 2 0.537020 0.180717 2 0.527358 0.192430 2 0.538715 0.194449 2 0.525912 0.203476 2 0.537919 0.203325 2 0.530984 0.202624 2 0.536465 0.202446 2 0.529695 0.220195 2 0.537000 0.218154 2 0.529295 0.238312 2 0.537666 0.233279 2
0 0.954613 0.287037 0.029762 0.111111 0.961299 0.244097 2 0.962432 0.242425 2 0.960144 0.241535 2 0.963180 0.243655 1 0.957153 0.241536 2 0.963531 0.255308 2 0.952476 0.253672 2 0.965613 0.267450 2 0.946674 0.268796 2 0.964139 0.278969 2 0.947327 0.286368 2 0.959559 0.289564 2 0.951865 0.288379 2 0.956541 0.310481 2 0.946486 0.309698 2 0.953593 0.331763 2 0.941771 0.332518 2
0 0.787202 0.273810 0.020833 0.087302 0.790613 0.243328 2 0.791419 0.241406 2 0.789686 0.241063 2 0.791643 0.241462 1 0.787209 0.240309 2 0.789736 0.251817 2 0.783934 0.249746 2 0.790044 0.267188 2 0.781414 0.264646 2 0.793112 0.274214 2 0.788236 0.273040 2 0.787175 0.273815 2 0.783230 0.274275 2 0.797055 0.280616 2 0.793661 0.280856 2 0.793156 0.302365 2 0.789788 0.302465 2
0 0.809524 0.267857 0.025298 0.083333 0.809265 0.243053 2 0.809598 0.240958 2 0.808382 0.240906 2 0.808918 0.240669 1 0.805424 0.240626 2 0.808339 0.246725 2 0.801786 0.250460 2 0.811141 0.260237 2 0.806781 0.263044 2 0.814477 0.268621 2 0.812333 0.271661 2 0.809573 0.268736 2 0.804963 0.273210 2 0.819040 0.268797 2 0.813572 0.282836 2 0.813637 0.285621 2 0.814619 0.303600 2
0 0.966518 0.931878 0.056548 0.128307 0.979261 0.915961 2 0.983943 0.910570 2 0.976455 0.907890 2 0.989093 0.912900 2 0.970700 0.906130 2 0.987920 0.945807 2 0.963287 0.929416 2 0.975133 0.988765 2 0.953323 0.959074 2 0.955626 0.990125 2 0.948409 0.981472 2 0.974150 0.999835 2 0.957439 0.990264 2 0.963571 0.992910 1 0.941908 0.983184 1 0.955069 0.999822 1 0.948554 0.993940 1
0 0.538690 0.321429 0.026786 0.074074 0.536947 0.292333 2 0.537850 0.290118 2 0.535863 0.290087 2 0.538886 0.288357 1 0.533765 0.288279 2 0.540563 0.292844 2 0.530079 0.294229 2 0.544918 0.303870 2 0.526897 0.308682 2 0.542769 0.312173 2 0.533372 0.313844 2 0.540494 0.316460 2 0.533087 0.317979 2 0.548771 0.321692 2 0.530918 0.323570 2 0.547271 0.347654 2 0.533130 0.348158 2
0 0.486235 0.156085 0.015625 0.060847 0.491203 0.133658 2 0.491177 0.132645 1 0.490585 0.132632 2 0.490432 0.133906 1 0.488870 0.133850 2 0.489789 0.140908 2 0.487725 0.139725 2 0.491001 0.147005 2 0.490018 0.144900 2 0.491520 0.142274 2 0.491260 0.140878 2 0.486788 0.157889 2 0.484699 0.157011 2 0.487739 0.172030 2 0.483072 0.170417 2 0.487709 0.186478 2 0.480513 0.183120 2
0 0.097470 0.320106 0.017857 0.060847 0.093343 0.304004 1 0.093357 0.302460 1 0.092900 0.302895 1 0.093344 0.301543 1 0.092331 0.302555 2 0.095762 0.306505 2 0.091637 0.308753 2 0.099025 0.312515 2 0.091847 0.317207 2 0.099147 0.313406 2 0.096241 0.315305 2 0.097409 0.321929 2 0.094681 0.323178 2 0.098654 0.331600 2 0.095562 0.332771 2 0.099150 0.342918 2 0.096661 0.344593 2
0 0.615327 0.144841 0.019345 0.067460 0.615745 0.115544 2 0.616347 0.114389 2 0.615117 0.114244 2 0.617067 0.114862 2 0.613885 0.114405 2 0.617482 0.122219 2 0.612023 0.121000 2 0.618066 0.131042 2 0.610488 0.129149 2 0.618151 0.133749 2 0.610246 0.137149 2 0.615804 0.139565 2 0.611759 0.139062 2 0.617132 0.151740 2 0.610083 0.151689 2 0.617544 0.164751 2 0.608909 0.164296 2
0 0.208333 0.216931 0.013393 0.031746 0.213902 0.213670 2 0.214311 0.212776 2 0.213545 0.212558 2 0.214417 0.212129 1 0.212267 0.211626 2 0.213977 0.215298 2 0.209552 0.213669 2 0.214994 0.221914 2 0.207148 0.218450 2 0.215342 0.228298 2 0.209333 0.224820 2 0.210313 0.219975 2 0.207446 0.219552 2 0.213162 0.224708 2 0.209619 0.224708 2 0.213061 0.230779 2 0.210254 0.230280 2
0 0.178571 0.135582 0.016369 0.051587 0.179337 0.125255 1 0.179642 0.124237 1 0.178870 0.124426 1 0.180237 0.124207 1 0.178375 0.124709 2 0.181900 0.127362 2 0.177336 0.127704 2 0.184926 0.126473 2 0.173737 0.125800 2 0.182460 0.123501 2 0.173367 0.125367 2 0.182158 0.139897 2 0.179029 0.140173 2 0.184189 0.146330 2 0.177729 0.147728 2 0.185092 0.157147 2 0.178222 0.157994 2
0 0.779762 0.185185 0.016369 0.055556 0.783185 0.159721 1 0.783226 0.158377 1 0.783465 0.158621 1 0.782192 0.159185 2 0.784680 0.159848 2 0.780555 0.165762 2 0.784408 0.167740 2 0.778216 0.162429 2 0.783089 0.168793 2 0.780063 0.156349 2 0.782008 0.162857 1 0.779169 0.184210 2 0.781621 0.184682 2 0.777188 0.194072 2 0.779325 0.194102 2 0.778368 0.204639 2 0.780979 0.204150 2
0 0.414062 0.112434 0.014137 0.050265 0.410080 0.095851 1 0.410240 0.094759 1 0.410326 0.094839 1 0.410539 0.095150 2 0.412661 0.095042 2 0.409947 0.101453 2 0.414662 0.101382 2 0.409399 0.108760 2 0.415118 0.108745 2 0.410173 0.113691 1 0.413789 0.113913 1 0.410506 0.115705 2 0.414110 0.115628 2 0.409541 0.123378 2 0.414755 0.123778 2 0.409216 0.133516 2 0.415053 0.134322 2
0 0.391741 0.099206 0.011161 0.050265 0.390473 0.081841 1 0.390502 0.080883 1 0.390732 0.080911 1 0.390004 0.081448 2 0.392182 0.081323 2 0.389349 0.087206 2 0.393029 0.086607 2 0.388351 0.093614 2 0.394802 0.091267 2 0.388279 0.099594 2 0.394648 0.093535 2 0.390391 0.098716 2 0.392758 0.098525 2 0.391363 0.106671 2 0.392940 0.106569 2 0.391874 0.115523 2 0.393314 0.115257 2
0 0.820312 0.171958 0.015625 0.052910 0.819505 0.157929 1 0.819778 0.156836 2 0.819936 0.156837 1 0.820744 0.157351 2 0.822486 0.157094 1 0.820048 0.164072 2 0.824316 0.162651 2 0.818780 0.171931 2 0.826149 0.167394 2 0.818954 0.172063 2 0.824252 0.168775 2 0.820754 0.177756 2 0.823375 0.177021 2 0.820133 0.186749 2 0.821262 0.187121 2 0.820451 0.194983 2 0.820343 0.194395 2
0 0.593378 0.103836 0.011161 0.048942 0.593075 0.087780 1 0.593212 0.086785 1 0.593338 0.086804 1 0.593617 0.087392 2 0.595071 0.087380 1 0.593667 0.092946 2 0.595077 0.093026 2 0.592475 0.099666 2 0.593729 0.099596 2 0.591055 0.105448 2 0.591661 0.104976 1 0.592994 0.105437 2 0.594232 0.105376 2 0.591559 0.114521 2 0.593925 0.115580 2 0.590711 0.123407 2 0.594867 0.124152 2
0 0.977679 0.369048 0.032738 0.137566 0.984560 0.321715 1 0.984536 0.319163 1 0.985056 0.319812 1 0.982052 0.320294 2 0.988911 0.321268 2 0.977567 0.333579 2 0.991933 0.334423 2 0.970718 0.348079 2 0.994269 0.355127 2 0.974378 0.345839 2 0.991213 0.362391 1 0.979829 0.370585 2 0.989200 0.370264 2 0.974963 0.396503 2 0.983451 0.393009 2 0.975124 0.423717 2 0.983513 0.416228 2
0 0.589658 0.099868 0.012649 0.038360 0.592743 0.087783 1 0.593046 0.086800 1 0.592962 0.086858 1 0.593772 0.087153 2 0.593987 0.087223 1 0.594370 0.092746 2 0.593171 0.092847 2 0.594799 0.099648 2 0.591292 0.099739 2 0.592248 0.104850 2 0.590381 0.105789 2 0.593523 0.106379 2 0.592797 0.106276 2 0.593523 0.116241 2 0.592492 0.116311 2 0.594729 0.123397 2 0.593311 0.122904 1
0 0.562128 0.084656 0.009673 0.034392 0.560610 0.073922 1 0.560738 0.073226 1 0.560740 0.073267 1 0.560719 0.073856 2 0.561616 0.073836 2 0.560126 0.078024 2 0.562069 0.077974 2 0.558547 0.082153 2 0.562069 0.081941 2 0.558697 0.085388 2 0.561525 0.084632 1 0.560381 0.087170 2 0.561623 0.087103 2 0.560481 0.093923 2 0.561216 0.093871 2 0.560135 0.100169 2 0.560950 0.100337 2
0 0.738839 0.142857 0.013393 0.052910 0.741029 0.107246 1 0.741076 0.106273 1 0.741442 0.106364 1 0.740557 0.107176 2 0.743397 0.107153 2 0.739547 0.113152 2 0.744425 0.113413 2 0.738390 0.120779 2 0.744661 0.121352 2 0.738409 0.128272 2 0.742964 0.128324 2 0.739820 0.127972 2 0.743309 0.128087 2 0.739348 0.138171 2 0.743201 0.138306 1 0.739436 0.146562 1 0.742961 0.146792 1
0 0.955729 0.171958 0.020089 0.066138 0.952233 0.157691 2 0.952275 0.156247 2 0.952276 0.155980 1 0.953934 0.154897 2 0.955378 0.154135 1 0.955260 0.160750 2 0.960591 0.159085 2 0.953923 0.172111 2 0.963884 0.168798 2 0.952096 0.179650 2 0.962145 0.174822 2 0.955923 0.181161 2 0.959290 0.179630 2 0.953211 0.195537 2 0.955080 0.194214 2 0.954663 0.208673 2 0.955085 0.209360 2
0 0.905878 0.188492 0.020089 0.038360 0.907050 0.175495 2 0.907730 0.173811 2 0.906125 0.173910 2 0.908809 0.174249 2 0.904821 0.174475 2 0.910772 0.181468 2 0.903676 0.180582 2 0.911761 0.189950 2 0.900817 0.187690 2 0.908463 0.192358 2 0.900459 0.194988 2 0.908978 0.194617 2 0.904094 0.193698 2 0.909777 0.192624 2 0.899632 0.191623 2 0.906762 0.198914 2 0.900781 0.198253 2
0 0.941592 0.192460 0.020089 0.033069 0.941375 0.185770 2 0.942033 0.184322 2 0.940856 0.184284 2 0.942940 0.183927 2 0.940284 0.183706 2 0.944892 0.188583 2 0.940023 0.187317 2 0.945303 0.197163 2 0.937596 0.192608 2 0.942204 0.200378 2 0.935666 0.194787 2 0.943163 0.200287 2 0.939991 0.198932 2 0.940088 0.201041 2 0.934027 0.199172 2 0.938230 0.206591 2 0.937951 0.206442 2
