0 0.585751 0.665013 0.010045 0.040344 0.586033 0.647938 1 0.586168 0.647105 1 0.586344 0.647199 1 0.586567 0.647503 2 0.588137 0.647484 1 0.586175 0.652297 2 0.589472 0.652223 2 0.585115 0.658685 2 0.589724 0.658559 2 0.583900 0.663782 2 0.588342 0.662237 1 0.586367 0.664324 2 0.588492 0.664163 2 0.586237 0.672528 2 0.587423 0.672360 2 0.587130 0.680551 2 0.587326 0.680240 2
0 0.073847 0.933532 0.012277 0.053571 0.076076 0.911912 2 0.076735 0.910646 2 0.075522 0.910807 2 0.078090 0.909401 2 0.075096 0.909913 1 0.079703 0.912619 2 0.073971 0.912371 2 0.081562 0.919107 2 0.072175 0.917665 2 0.077387 0.917784 2 0.074425 0.915655 2 0.078701 0.927519 2 0.075095 0.927135 2 0.079052 0.938343 2 0.074347 0.937012 2 0.079625 0.948785 2 0.077960 0.945203 2
0 0.041853 0.816138 0.012277 0.046296 0.048598 0.797045 2 0.048827 0.796020 1 0.048171 0.795686 2 0.048263 0.796058 1 0.046320 0.795265 2 0.047440 0.801533 2 0.044065 0.801565 2 0.047829 0.808877 1 0.043680 0.809999 2 0.048398 0.811497 1 0.046991 0.809318 2 0.047728 0.816123 2 0.045396 0.816617 2 0.047966 0.826749 2 0.045327 0.827178 2 0.047324 0.836597 2 0.044290 0.837002 2
0 0.055804 0.764550 0.009673 0.046296 0.056339 0.751411 2 0.056739 0.750300 2 0.055931 0.750350 2 0.057061 0.749839 1 0.055430 0.749914 2 0.056919 0.754006 2 0.055122 0.754491 2 0.056886 0.759874 2 0.054108 0.760783 2 0.055078 0.762417 2 0.054677 0.762408 2 0.056928 0.766000 2 0.055894 0.766304 2 0.056654 0.775085 2 0.056636 0.775484 2 0.055896 0.784194 2 0.056238 0.784465 2
0 0.157738 0.698082 0.010417 0.036376 0.155978 0.685941 2 0.156208 0.685067 2 0.155931 0.685107 1 0.157329 0.684904 2 0.156791 0.685038 1 0.159612 0.689242 2 0.156477 0.689196 2 0.161977 0.695108 2 0.155163 0.694637 2 0.162291 0.700755 2 0.154088 0.699990 2 0.158437 0.703463 2 0.156520 0.703148 2 0.157697 0.712583 2 0.156257 0.712305 2 0.157996 0.719197 2 0.157162 0.718877 2
0 0.207589 0.739087 0.012649 0.035053 0.208307 0.726565 2 0.208651 0.725551 2 0.207761 0.725695 2 0.209290 0.725527 2 0.206935 0.725895 2 0.210380 0.729061 2 0.205817 0.729129 2 0.212313 0.733993 2 0.203800 0.731618 2 0.211011 0.737554 2 0.202931 0.733643 2 0.210605 0.739464 2 0.207099 0.739792 2 0.213093 0.745663 2 0.203795 0.747508 2 0.214330 0.753977 2 0.204515 0.754677 2
0 0.213542 0.714947 0.006696 0.038360 0.214351 0.700134 2 0.214805 0.699424 2 0.213957 0.699332 2 0.215427 0.700023 2 0.213342 0.699777 2 0.216311 0.704696 2 0.212340 0.704495 2 0.216642 0.710162 2 0.210893 0.708311 2 0.216140 0.714539 2 0.212133 0.711437 2 0.215577 0.715368 2 0.212976 0.715555 2 0.215840 0.722829 2 0.213460 0.724068 2 0.215508 0.728727 2 0.213616 0.731464 2
0 0.222842 0.781085 0.011905 0.039683 0.226133 0.763197 2 0.226622 0.762653 2 0.225990 0.762434 2 0.227596 0.762539 2 0.225855 0.762185 1 0.229012 0.765459 2 0.224913 0.765697 2 0.229736 0.770644 2 0.222752 0.769017 2 0.228385 0.773786 2 0.220965 0.773127 2 0.228509 0.776068 2 0.225666 0.776329 2 0.228092 0.782184 2 0.224624 0.784563 2 0.229588 0.786265 2 0.225097 0.791021 2
0 0.196615 0.790675 0.010789 0.039021 0.198283 0.774748 2 0.198786 0.773735 2 0.197774 0.773894 2 0.199760 0.773513 2 0.197171 0.773973 2 0.201029 0.778028 2 0.196250 0.778467 2 0.201938 0.784805 2 0.194683 0.783843 2 0.199781 0.779488 2 0.193875 0.788136 2 0.201204 0.791251 2 0.198018 0.791855 2 0.201478 0.798304 2 0.198748 0.802009 2 0.201455 0.803419 1 0.198387 0.807682 1
0 0.251674 0.631283 0.007068 0.035053 0.253905 0.618357 2 0.253597 0.617631 1 0.253810 0.617630 2 0.251915 0.618075 1 0.253379 0.618190 2 0.250628 0.622463 2 0.253556 0.622576 2 0.249479 0.627730 2 0.254492 0.627533 2 0.249401 0.631624 2 0.255117 0.631304 2 0.251225 0.631675 2 0.253140 0.631857 2 0.251267 0.638207 2 0.252882 0.638518 2 0.251087 0.644716 2 0.252700 0.645165 2
0 0.340960 0.625661 0.008557 0.031746 0.344805 0.613149 1 0.344443 0.612328 1 0.344757 0.612430 1 0.342649 0.612323 1 0.344378 0.612824 2 0.340929 0.616403 2 0.344098 0.617218 2 0.340730 0.620963 1 0.345564 0.621971 2 0.342499 0.623783 1 0.346726 0.623461 2 0.340922 0.626057 2 0.342876 0.626839 2 0.344677 0.628281 2 0.346005 0.629487 2 0.343539 0.635470 2 0.343879 0.635867 2
0 0.234189 0.620040 0.009301 0.031085 0.235866 0.608083 1 0.235622 0.607545 1 0.235747 0.607522 1 0.234203 0.608193 1 0.235237 0.608100 2 0.233331 0.612038 2 0.235311 0.611565 2 0.234944 0.615818 1 0.236933 0.614800 2 0.237517 0.616513 1 0.238498 0.615161 2 0.234268 0.620398 2 0.235842 0.620486 2 0.235869 0.623663 2 0.238992 0.623050 2 0.234962 0.630540 2 0.238892 0.629435 2
0 0.399368 0.612103 0.008557 0.025794 0.401625 0.601740 2 0.401291 0.601110 1 0.401560 0.601126 2 0.399883 0.601299 1 0.400885 0.601517 2 0.399322 0.604591 2 0.399989 0.604875 2 0.400944 0.608428 2 0.401613 0.608783 2 0.402904 0.609439 1 0.403165 0.610424 2 0.399156 0.612849 2 0.399543 0.613429 2 0.403187 0.614786 2 0.403298 0.615613 2 0.403360 0.621700 2 0.403586 0.622241 2
0 0.430618 0.652447 0.007068 0.037698 0.433495 0.636873 2 0.433445 0.636048 1 0.433161 0.636127 2 0.432480 0.636396 1 0.432160 0.636487 2 0.431568 0.640509 2 0.432160 0.640919 2 0.431677 0.645767 1 0.432120 0.646878 2 0.433289 0.650152 1 0.432691 0.651906 2 0.431952 0.651019 2 0.432699 0.651338 2 0.431948 0.658495 2 0.434491 0.658750 2 0.429174 0.664821 2 0.433392 0.665992 2
0 0.008929 0.502976 0.006696 0.025794 0.010324 0.485830 1 0.010237 0.485450 1 0.010306 0.485450 1 0.009514 0.485450 1 0.010442 0.485450 1 0.008709 0.487184 2 0.010872 0.487261 2 0.007670 0.492244 2 0.011840 0.491911 2 0.008496 0.495928 2 0.011436 0.493942 2 0.009323 0.495568 2 0.010735 0.495638 2 0.009803 0.501823 2 0.010884 0.501886 2 0.009626 0.507818 2 0.010751 0.507804 2
0 0.485677 0.635251 0.007812 0.025794 0.486782 0.624856 1 0.486580 0.624294 1 0.486731 0.624263 2 0.485379 0.624625 1 0.486414 0.624573 2 0.484700 0.628233 2 0.485931 0.627831 2 0.486706 0.631642 2 0.487065 0.632214 2 0.489467 0.631975 1 0.489111 0.633635 2 0.484930 0.637115 2 0.485939 0.637067 2 0.486681 0.641931 2 0.488488 0.640526 2 0.486300 0.648172 2 0.488313 0.645463 2
0 0.324405 0.475529 0.003720 0.021164 0.326688 0.467783 1 0.326623 0.467368 1 0.326720 0.467345 1 0.326092 0.467350 1 0.326826 0.467344 2 0.325753 0.469341 2 0.326509 0.469557 2 0.324975 0.472624 2 0.326470 0.472987 2 0.325063 0.475726 1 0.326643 0.475568 1 0.325865 0.475673 2 0.326347 0.475879 2 0.326266 0.479843 2 0.326626 0.480405 2 0.325677 0.483440 2 0.326364 0.484333 2
0 0.296317 0.520833 0.007812 0.024471 0.296554 0.511895 2 0.296740 0.511289 2 0.296368 0.511411 1 0.297291 0.511137 2 0.296406 0.511416 1 0.298314 0.513959 2 0.296523 0.514269 2 0.299089 0.517575 2 0.295973 0.517843 1 0.297960 0.521002 2 0.295977 0.520775 1 0.298846 0.521641 2 0.297677 0.521796 2 0.299326 0.527150 2 0.298206 0.527156 2 0.300055 0.532897 2 0.298688 0.532766 2
0 0.547247 0.694444 0.007440 0.038360 0.549266 0.678551 2 0.549697 0.677799 2 0.548813 0.677800 2 0.550274 0.678089 2 0.548102 0.678075 2 0.551326 0.682525 2 0.547327 0.682507 2 0.552089 0.688089 2 0.546481 0.688206 2 0.551824 0.693220 2 0.546598 0.693069 2 0.550503 0.693818 2 0.547819 0.693717 2 0.550572 0.702254 2 0.547717 0.701868 2 0.550833 0.709479 2 0.547723 0.709578 2
0 0.538690 0.671958 0.007440 0.041005 0.539807 0.657001 2 0.540264 0.656218 2 0.539460 0.656193 2 0.541051 0.656399 2 0.539101 0.656302 1 0.541761 0.660484 2 0.538495 0.659860 2 0.542046 0.665044 2 0.537646 0.663501 2 0.541001 0.662688 2 0.538566 0.660837 2 0.541081 0.671208 2 0.538826 0.670916 2 0.540731 0.680057 2 0.538513 0.679465 2 0.540977 0.688604 2 0.538922 0.687475 2
0 0.601749 0.656085 0.006324 0.033069 0.603953 0.643549 2 0.603817 0.642997 1 0.603661 0.643051 2 0.603262 0.643344 1 0.602564 0.643447 2 0.602749 0.646801 2 0.601494 0.647174 2 0.603377 0.651294 2 0.601900 0.652925 2 0.604630 0.650974 2 0.604172 0.652637 2 0.602953 0.656926 2 0.601864 0.657312 2 0.603600 0.663997 2 0.602069 0.664526 2 0.602040 0.670546 2 0.598852 0.669999 2
0 0.570126 0.655754 0.006324 0.035053 0.570721 0.644915 1 0.570778 0.644155 1 0.570960 0.644305 1 0.570333 0.644563 2 0.572175 0.644879 2 0.569198 0.648695 2 0.572856 0.649533 2 0.568121 0.653324 2 0.573380 0.655237 2 0.568358 0.657142 2 0.572978 0.658970 2 0.569470 0.658835 2 0.571894 0.659172 2 0.569438 0.665630 2 0.571264 0.666221 2 0.569821 0.673087 2 0.570832 0.673389 2
0 0.572917 0.639881 0.007440 0.036376 0.570505 0.644783 1 0.570580 0.644086 1 0.570775 0.644249 1 0.570339 0.644563 2 0.572151 0.644810 2 0.569180 0.648543 2 0.572843 0.649421 2 0.568083 0.653280 2 0.573448 0.655252 2 0.568183 0.656625 1 0.572924 0.659019 2 0.569168 0.658855 2 0.571676 0.659296 2 0.568550 0.663629 2 0.571404 0.664627 2 0.568501 0.665344 1 0.571070 0.665344 1
0 0.721726 0.498347 0.005952 0.024471 0.722794 0.487595 1 0.722877 0.487157 1 0.722958 0.487208 1 0.723145 0.487275 2 0.723799 0.487303 1 0.723132 0.489245 2 0.724064 0.489331 2 0.722353 0.491727 2 0.723666 0.491908 1 0.721040 0.492384 2 0.722134 0.492454 1 0.723016 0.494590 2 0.723607 0.494536 2 0.722584 0.498788 2 0.722843 0.498828 2 0.722757 0.503768 2 0.722894 0.503623 2
0 0.737909 0.551257 0.007812 0.020503 0.738983 0.545632 1 0.739038 0.545156 1 0.739224 0.545260 1 0.739164 0.545512 2 0.740566 0.545552 2 0.738902 0.548005 2 0.741093 0.547992 2 0.737606 0.550898 2 0.740527 0.550712 2 0.736361 0.550984 2 0.738366 0.550728 1 0.739212 0.555416 2 0.740788 0.555344 2 0.737652 0.560429 2 0.739845 0.560696 2 0.737584 0.564808 2 0.740237 0.564743 1
0 0.470052 0.669974 0.006324 0.037037 0.472483 0.654355 2 0.472387 0.653438 1 0.472155 0.653515 2 0.471336 0.653158 1 0.470883 0.653426 2 0.469909 0.656949 2 0.470412 0.657590 2 0.469529 0.662648 1 0.469984 0.663704 2 0.471592 0.662644 1 0.472104 0.662228 2 0.469849 0.668929 2 0.470216 0.669436 2 0.469789 0.677732 2 0.470342 0.678409 2 0.469264 0.686089 2 0.469542 0.686796 2
0 0.486049 0.649802 0.007068 0.032407 0.488053 0.638737 2 0.488327 0.638116 2 0.487711 0.638174 2 0.488617 0.638376 1 0.487053 0.638398 2 0.488621 0.641779 2 0.486769 0.641957 2 0.489207 0.645581 2 0.486632 0.646090 2 0.488986 0.646540 2 0.488029 0.647266 2 0.488272 0.649927 2 0.486980 0.650023 2 0.488193 0.656845 2 0.487253 0.657027 2 0.487536 0.663548 2 0.485114 0.664065 2
0 0.496094 0.667328 0.008557 0.038360 0.499611 0.653204 2 0.499263 0.652491 1 0.499328 0.652713 2 0.498196 0.652449 1 0.498069 0.653042 2 0.497145 0.656735 2 0.497588 0.657295 2 0.497922 0.661405 1 0.498106 0.662717 2 0.499106 0.662965 1 0.499119 0.663522 2 0.497694 0.667476 2 0.497529 0.667841 2 0.499306 0.674640 2 0.496742 0.674770 2 0.499983 0.681926 2 0.493123 0.680161 2
0 0.345796 0.656085 0.007068 0.031746 0.345217 0.646503 1 0.345264 0.645845 1 0.345466 0.645742 1 0.345775 0.646104 2 0.346987 0.645694 1 0.346776 0.650175 2 0.347350 0.648684 2 0.345657 0.655195 2 0.345152 0.653054 1 0.342605 0.656654 2 0.342280 0.653778 1 0.346960 0.659613 2 0.347391 0.658202 2 0.342538 0.664345 2 0.343643 0.661080 2 0.343999 0.670827 2 0.345703 0.666262 2
0 0.522135 0.588624 0.007068 0.026455 0.524464 0.580668 1 0.524132 0.580114 1 0.524348 0.580112 1 0.522545 0.580471 1 0.523790 0.580577 2 0.521366 0.583736 2 0.523946 0.583684 2 0.520966 0.588548 2 0.525072 0.587331 2 0.521019 0.592679 2 0.524907 0.589830 2 0.521598 0.592618 2 0.523279 0.592839 2 0.523121 0.597910 2 0.524785 0.598448 2 0.521957 0.603957 2 0.523318 0.604550 2
0 0.567522 0.583664 0.007068 0.025794 0.568709 0.577066 1 0.568475 0.576514 1 0.568671 0.576556 1 0.567190 0.576446 1 0.568395 0.576578 2 0.565923 0.579118 2 0.568185 0.578974 2 0.567526 0.582217 1 0.569754 0.582678 2 0.569989 0.583448 1 0.571636 0.583962 2 0.565773 0.587230 2 0.567354 0.587271 2 0.567596 0.591663 2 0.569534 0.590724 2 0.566441 0.598802 2 0.567822 0.596235 2
0 0.533854 0.581349 0.006696 0.031746 0.535539 0.570679 2 0.535343 0.570158 1 0.535463 0.570088 2 0.534371 0.570276 1 0.534799 0.570149 2 0.533610 0.572999 2 0.534007 0.572989 2 0.535089 0.576747 2 0.535474 0.576611 2 0.536598 0.577693 2 0.537004 0.577159 2 0.534047 0.580693 2 0.534253 0.581213 2 0.537327 0.581495 2 0.537924 0.582412 2 0.536034 0.587354 2 0.536554 0.587681 2
0 0.645833 0.558532 0.007440 0.023148 0.648387 0.551663 2 0.648254 0.551037 1 0.648306 0.551152 2 0.647462 0.550756 1 0.647940 0.551186 2 0.646734 0.553027 2 0.646392 0.553938 2 0.647154 0.558192 2 0.645406 0.560185 2 0.649074 0.560611 2 0.647393 0.563007 2 0.645020 0.560420 2 0.644707 0.561360 2 0.649622 0.561951 2 0.648969 0.563765 2 0.647868 0.568700 2 0.646988 0.570266 2
0 0.616815 0.577381 0.007440 0.025132 0.617985 0.568299 1 0.617667 0.567774 1 0.617939 0.567747 2 0.616181 0.567995 1 0.617281 0.568017 2 0.615308 0.570579 2 0.617008 0.570676 2 0.617333 0.573110 1 0.618878 0.573172 2 0.619251 0.572830 1 0.619857 0.572844 2 0.615676 0.577866 2 0.616853 0.578211 2 0.617846 0.580387 2 0.619230 0.580698 2 0.617207 0.586383 2 0.618323 0.586449 2
0 0.717076 0.571098 0.007068 0.024471 0.719599 0.562639 1 0.719246 0.562045 1 0.719565 0.562075 1 0.717828 0.562159 1 0.719118 0.562477 2 0.717015 0.564908 2 0.718328 0.565263 2 0.718240 0.569032 1 0.719805 0.569406 2 0.720022 0.569431 1 0.720911 0.569114 2 0.717154 0.573405 2 0.717992 0.574029 2 0.721235 0.572171 1 0.721590 0.572950 2 0.721222 0.579736 1 0.721375 0.579213 1
0 0.604167 0.576058 0.006696 0.023810 0.601347 0.578046 1 0.601097 0.577364 1 0.601308 0.577390 1 0.600139 0.577900 1 0.601099 0.578066 2 0.600146 0.582363 1 0.600584 0.582595 2 0.602868 0.585142 1 0.603710 0.585305 2 0.605441 0.585143 1 0.606750 0.584587 2 0.599760 0.591854 1 0.599937 0.592204 1 0.601157 0.589534 1 0.601565 0.590452 1 0.600785 0.590996 1 0.601466 0.591131 1
0 0.437314 0.609458 0.010789 0.032407 0.438590 0.597013 2 0.438320 0.596470 1 0.438382 0.596490 2 0.437135 0.597165 1 0.437698 0.597318 2 0.436061 0.600847 2 0.437500 0.600892 2 0.438065 0.604660 1 0.439586 0.603692 2 0.439656 0.605082 1 0.440158 0.601990 2 0.435595 0.609565 2 0.436511 0.610007 2 0.438761 0.610171 2 0.440069 0.611158 2 0.436999 0.615849 2 0.437651 0.615630 2
0 0.615885 0.805225 0.013765 0.037698 0.615508 0.793720 2 0.615676 0.792963 2 0.615349 0.792762 1 0.617082 0.791963 2 0.616368 0.791423 1 0.619992 0.795481 2 0.617476 0.792727 2 0.620909 0.803227 2 0.615285 0.797913 2 0.619705 0.810573 2 0.612635 0.801425 2 0.617567 0.808331 2 0.616117 0.805683 2 0.614412 0.814654 2 0.613228 0.808595 2 0.614387 0.822072 2 0.613461 0.816509 2
0 0.648996 0.811839 0.012277 0.054894 0.649291 0.789216 1 0.649457 0.788175 1 0.649749 0.788356 1 0.649368 0.788727 2 0.652026 0.788931 2 0.647927 0.794511 2 0.653325 0.795024 2 0.646231 0.802451 2 0.654013 0.803968 2 0.644339 0.808468 2 0.654145 0.811095 2 0.648357 0.811183 2 0.651845 0.811313 2 0.647996 0.821484 2 0.650384 0.821988 2 0.649040 0.832035 2 0.649723 0.831903 2
0 0.807478 0.925595 0.014509 0.058862 0.808574 0.903290 1 0.808479 0.902097 1 0.808563 0.902238 1 0.806436 0.902747 2 0.809740 0.902866 2 0.803886 0.909763 2 0.811552 0.908694 2 0.802351 0.913680 2 0.815024 0.910468 2 0.804841 0.912513 1 0.813589 0.909920 1 0.805550 0.927090 2 0.811138 0.926775 2 0.805396 0.938139 2 0.813862 0.936548 2 0.804796 0.950910 2 0.815517 0.946937 2
0 0.924851 0.791997 0.010417 0.046958 0.930435 0.775078 2 0.930757 0.774072 1 0.930030 0.774199 2 0.931163 0.773758 1 0.929418 0.774025 2 0.931698 0.777854 2 0.928536 0.778099 2 0.931899 0.784518 1 0.927841 0.784726 2 0.931338 0.788969 1 0.928424 0.789024 2 0.931554 0.792177 2 0.929352 0.792325 2 0.931412 0.802723 2 0.928596 0.802847 2 0.931214 0.813072 2 0.928497 0.812544 2
0 0.931548 0.791997 0.008929 0.046958 0.931815 0.775971 2 0.932296 0.775073 2 0.931395 0.774950 2 0.932716 0.774846 1 0.930427 0.774454 2 0.933114 0.779382 2 0.929243 0.778423 2 0.932638 0.786443 2 0.927852 0.784569 2 0.929387 0.788748 2 0.927804 0.788837 2 0.931541 0.792350 2 0.928833 0.791803 2 0.931425 0.803341 2 0.928648 0.802793 2 0.931195 0.812807 2 0.927900 0.812807 2
0 0.910900 0.764220 0.008557 0.049603 0.911993 0.746098 2 0.912566 0.745226 2 0.911493 0.745044 2 0.913019 0.746064 2 0.910614 0.745602 2 0.913722 0.750745 2 0.909470 0.750858 2 0.914134 0.757336 2 0.907260 0.756486 2 0.915214 0.762031 2 0.906063 0.762954 2 0.911271 0.762674 2 0.908841 0.762782 2 0.910197 0.772369 2 0.909691 0.774210 2 0.907924 0.780588 2 0.909982 0.786142 2
0 0.901414 0.766865 0.008929 0.044312 0.903992 0.752273 2 0.904521 0.751264 2 0.903384 0.751208 2 0.904990 0.751318 1 0.902006 0.751040 2 0.905159 0.756459 2 0.900132 0.756160 2 0.905985 0.762917 2 0.897981 0.762940 2 0.905849 0.768340 2 0.898657 0.768552 2 0.904233 0.768551 2 0.901074 0.768552 2 0.903644 0.777342 2 0.901704 0.777404 2 0.902195 0.785556 2 0.900758 0.785445 2
0 0.717634 0.662037 0.007440 0.041005 0.717691 0.647266 2 0.718134 0.646551 2 0.717805 0.646558 1 0.719279 0.647452 2 0.718677 0.647373 1 0.719038 0.652108 2 0.719224 0.651708 2 0.718158 0.658521 2 0.718374 0.657535 1 0.716347 0.660756 2 0.716557 0.659632 1 0.718216 0.662890 2 0.718366 0.662548 2 0.717992 0.671465 2 0.718242 0.670971 2 0.718221 0.679701 2 0.718188 0.678679 2
0 0.838728 0.677249 0.007068 0.035714 0.838316 0.666419 1 0.838439 0.665718 2 0.838538 0.665683 1 0.839196 0.665847 2 0.840007 0.665694 1 0.839727 0.669471 2 0.840625 0.669137 2 0.839540 0.675094 2 0.840312 0.674528 1 0.838353 0.678529 2 0.838819 0.677856 1 0.839461 0.679410 2 0.840102 0.679066 2 0.838965 0.687247 2 0.839220 0.687134 2 0.839269 0.695287 2 0.839457 0.694987 2
0 0.824591 0.682540 0.008557 0.039683 0.825270 0.667375 1 0.825241 0.666500 1 0.825473 0.666636 1 0.824277 0.666844 2 0.826617 0.667143 2 0.822703 0.671653 2 0.827362 0.672129 2 0.821806 0.678211 2 0.828243 0.678515 2 0.821808 0.682827 2 0.828090 0.683302 2 0.823114 0.684993 2 0.826396 0.685302 2 0.822688 0.693981 2 0.826377 0.694995 2 0.822667 0.701391 1 0.825861 0.701623 1
0 0.828869 0.673942 0.006696 0.035714 0.825828 0.667710 1 0.825683 0.666806 1 0.825901 0.666867 1 0.824779 0.666964 1 0.826561 0.667156 2 0.824476 0.671634 1 0.827101 0.672020 2 0.825651 0.678082 1 0.828213 0.678661 2 0.826630 0.683595 1 0.827777 0.683701 2 0.824405 0.685286 2 0.826099 0.685360 2 0.824514 0.693848 1 0.826523 0.693983 2 0.824573 0.697914 1 0.826583 0.698330 1
0 0.599144 0.738757 0.006324 0.038360 0.598593 0.725000 2 0.598673 0.724138 2 0.598588 0.724239 1 0.599507 0.723563 2 0.599543 0.723698 1 0.601016 0.727990 2 0.600137 0.727047 2 0.600561 0.734885 2 0.600091 0.734047 1 0.598231 0.734813 2 0.598615 0.735625 1 0.601015 0.740580 2 0.600114 0.739664 2 0.601353 0.749682 2 0.599027 0.746986 2 0.601203 0.758432 2 0.597639 0.754185 2
0 0.808966 0.625992 0.007068 0.035053 0.810959 0.612255 1 0.810852 0.611451 1 0.811120 0.611654 1 0.809693 0.611756 2 0.811745 0.612295 2 0.808369 0.615784 2 0.811655 0.616921 2 0.807028 0.620500 2 0.811709 0.622415 2 0.806608 0.625198 2 0.811662 0.626256 2 0.807967 0.625892 2 0.810232 0.626453 2 0.807443 0.632850 2 0.809914 0.634171 2 0.806736 0.639897 2 0.809274 0.640997 2
0 0.814360 0.625661 0.006696 0.035714 0.814701 0.602345 1 0.814699 0.601690 1 0.814816 0.601485 1 0.814442 0.601415 1 0.815443 0.601190 1 0.813892 0.602946 1 0.815081 0.602519 1 0.812199 0.607410 2 0.812550 0.606654 1 0.812408 0.611880 1 0.811819 0.611836 1 0.816149 0.614119 2 0.817010 0.614162 2 0.815254 0.627441 2 0.816234 0.627658 2 0.815391 0.639818 2 0.816015 0.639686 2
0 0.854353 0.601852 0.007068 0.035714 0.855918 0.586411 1 0.855709 0.585765 1 0.856037 0.585785 1 0.854428 0.586444 2 0.856561 0.586554 1 0.853529 0.590831 2 0.857181 0.590773 2 0.852787 0.595330 2 0.858107 0.595473 2 0.852705 0.599410 2 0.858024 0.598046 1 0.853938 0.600150 2 0.856370 0.600003 2 0.854194 0.607393 2 0.856112 0.606313 2 0.854139 0.614172 2 0.855599 0.612609 2
0 0.837054 0.597222 0.005208 0.035714 0.836674 0.585195 1 0.836770 0.584505 1 0.836813 0.584510 1 0.837387 0.584686 2 0.838198 0.584664 1 0.837484 0.588122 2 0.839012 0.587770 2 0.835942 0.591402 2 0.837428 0.590856 1 0.835431 0.588109 2 0.835812 0.588138 1 0.837134 0.597169 2 0.838259 0.596801 2 0.836761 0.604193 2 0.838113 0.603876 2 0.836605 0.610962 2 0.838177 0.610743 2
0 0.843378 0.597222 0.008185 0.029101 0.838167 0.584972 1 0.838161 0.584331 1 0.838140 0.584361 1 0.838101 0.584514 1 0.838593 0.584552 1 0.838808 0.587987 1 0.839275 0.587996 2 0.839983 0.592447 1 0.840111 0.592419 2 0.839337 0.597229 1 0.839350 0.597026 2 0.838176 0.597612 2 0.838548 0.597320 2 0.837985 0.604257 1 0.838217 0.603672 2 0.837997 0.610330 1 0.838159 0.610518 1
0 0.855841 0.586310 0.008557 0.029762 0.856072 0.587554 1 0.855873 0.586941 1 0.856238 0.586984 1 0.854760 0.587329 2 0.856830 0.587520 1 0.853962 0.591081 2 0.857347 0.591199 2 0.853129 0.595651 2 0.858841 0.595034 2 0.852722 0.599138 2 0.859205 0.597391 2 0.854257 0.600284 2 0.856391 0.600347 2 0.854373 0.605939 2 0.856135 0.606240 2 0.854386 0.606599 1 0.855653 0.606871 1
0 0.858631 0.587963 0.005208 0.031746 0.856781 0.587510 1 0.856674 0.586861 1 0.856694 0.586908 1 0.856139 0.587245 1 0.856734 0.587385 1 0.856851 0.590958 2 0.857094 0.591143 2 0.859230 0.594605 1 0.858965 0.594843 2 0.859649 0.597024 1 0.859376 0.597200 2 0.856321 0.601199 2 0.856488 0.601106 2 0.856283 0.607905 1 0.856318 0.607735 1 0.856143 0.609252 1 0.856217 0.609449 1
0 0.832589 0.561508 0.005208 0.025132 0.832956 0.558459 1 0.833069 0.557852 1 0.833168 0.557871 1 0.833494 0.558218 2 0.834497 0.558087 1 0.833393 0.561634 2 0.835089 0.561434 2 0.832663 0.566581 2 0.834075 0.566341 1 0.831996 0.570755 2 0.832504 0.570293 1 0.833963 0.571295 2 0.835166 0.571189 2 0.833828 0.577533 2 0.834990 0.577577 1 0.833784 0.578388 1 0.834798 0.578368 1
