0 0.956845 0.296958 0.026786 0.096561 0.967948 0.257264 1 0.967061 0.254549 1 0.967937 0.255136 1 0.961424 0.252405 1 0.966513 0.254696 2 0.955930 0.260912 2 0.963756 0.265864 2 0.951357 0.273724 2 0.961727 0.282693 2 0.952978 0.284357 2 0.964857 0.292947 2 0.953063 0.289033 2 0.958482 0.291490 2 0.950635 0.309972 2 0.956112 0.315129 2 0.947389 0.330837 2 0.952777 0.335704 2
0 0.348586 0.156746 0.015625 0.067460 0.351259 0.134803 2 0.351508 0.133620 1 0.350597 0.133604 2 0.351674 0.134538 1 0.349224 0.134468 2 0.352656 0.141802 2 0.347154 0.141986 2 0.354216 0.149873 2 0.345959 0.151786 2 0.354353 0.150007 2 0.350249 0.152842 2 0.353144 0.158527 2 0.349003 0.158783 2 0.354156 0.172491 2 0.348711 0.172576 2 0.354121 0.187413 2 0.346463 0.186637 2
0 0.534970 0.443783 0.037202 0.141534 0.535761 0.395047 2 0.537711 0.392586 2 0.534512 0.391796 2 0.540234 0.392005 2 0.532146 0.390140 2 0.542268 0.402211 2 0.528289 0.402338 2 0.545368 0.420431 2 0.524858 0.422426 2 0.543339 0.437331 2 0.525785 0.439501 2 0.539575 0.434439 2 0.529844 0.434838 2 0.542826 0.461748 2 0.527317 0.463473 2 0.540387 0.480437 2 0.523677 0.485409 2
0 0.770089 0.332011 0.029762 0.119048 0.774027 0.284416 2 0.775610 0.282339 2 0.773021 0.281782 2 0.777832 0.283858 2 0.771778 0.282509 2 0.780497 0.296886 2 0.769253 0.294834 2 0.782234 0.315528 2 0.765218 0.308581 2 0.782144 0.332002 2 0.762679 0.321652 2 0.774307 0.329481 2 0.767390 0.328138 2 0.771147 0.355759 2 0.766589 0.355647 2 0.767101 0.376874 2 0.767259 0.380571 2
0 0.668527 0.182540 0.017113 0.068783 0.666774 0.156732 1 0.666780 0.155468 1 0.667045 0.155502 1 0.665685 0.156333 2 0.669101 0.156198 2 0.664307 0.164249 2 0.670804 0.163634 2 0.662815 0.173798 2 0.672082 0.172043 2 0.663375 0.180559 2 0.671954 0.178193 2 0.665775 0.181843 2 0.670382 0.181604 2 0.665049 0.196763 2 0.670522 0.196639 2 0.665366 0.211854 2 0.670880 0.211644 2
0 0.661830 0.474206 0.033482 0.165344 0.657000 0.408933 2 0.658255 0.406131 2 0.658333 0.406558 1 0.661244 0.409392 2 0.665568 0.409813 1 0.655905 0.428189 2 0.670465 0.429645 2 0.650803 0.451887 2 0.671706 0.454803 2 0.653327 0.450363 2 0.671047 0.473284 2 0.655089 0.474108 2 0.665126 0.475064 2 0.651581 0.501728 2 0.662405 0.509086 2 0.653723 0.533850 2 0.662169 0.541387 2
0 0.349330 0.479497 0.026042 0.152116 0.353141 0.424127 2 0.352366 0.420793 1 0.351186 0.421885 2 0.349586 0.422762 1 0.346183 0.426071 2 0.348596 0.438315 2 0.346545 0.445234 2 0.351247 0.455893 2 0.347239 0.469682 2 0.356358 0.468274 2 0.348942 0.489235 2 0.349186 0.478017 2 0.348133 0.481558 2 0.349235 0.504074 2 0.347743 0.512768 2 0.347326 0.531439 2 0.345643 0.542956 2
0 0.455357 0.453042 0.035714 0.144180 0.461070 0.399563 2 0.461948 0.396083 2 0.459348 0.396603 2 0.462032 0.394104 1 0.454283 0.395328 2 0.462309 0.405264 2 0.450020 0.410729 2 0.464440 0.421845 2 0.444645 0.431009 2 0.465020 0.438371 2 0.447548 0.452044 2 0.458639 0.443397 2 0.450398 0.446753 2 0.461454 0.470554 2 0.451310 0.480077 2 0.458610 0.494636 2 0.445808 0.512127 2
0 0.214658 0.417989 0.031994 0.140212 0.218661 0.366762 2 0.218508 0.364362 1 0.217316 0.364886 2 0.215276 0.367254 1 0.213855 0.368074 2 0.212453 0.383356 2 0.213627 0.383579 2 0.214021 0.404175 2 0.211432 0.404984 2 0.219835 0.418862 2 0.213838 0.424478 2 0.214368 0.423358 2 0.216852 0.424045 2 0.213851 0.450871 2 0.224842 0.450047 2 0.210574 0.479031 2 0.227589 0.478771 2
0 0.308408 0.413360 0.021577 0.144180 0.309296 0.364272 2 0.308457 0.361198 1 0.307955 0.361772 2 0.304116 0.362055 1 0.303919 0.363828 2 0.299526 0.377092 2 0.305725 0.380186 2 0.301720 0.395598 1 0.308722 0.400703 2 0.309121 0.408297 1 0.313344 0.412905 2 0.301960 0.411666 2 0.306330 0.413873 2 0.305383 0.443242 2 0.308563 0.445287 2 0.305910 0.473110 2 0.306417 0.474116 2
0 0.481399 0.461640 0.044643 0.119048 0.508149 0.432156 2 0.506542 0.430396 1 0.506514 0.431444 2 0.500816 0.435102 1 0.502730 0.438190 2 0.495992 0.451598 2 0.504693 0.456075 2 0.499631 0.468858 1 0.507260 0.482331 2 0.509281 0.470624 1 0.512178 0.474425 2 0.496566 0.495170 2 0.503390 0.497006 2 0.500919 0.511315 2 0.512236 0.508154 2 0.490871 0.528117 2 0.500576 0.517897 2
0 0.290551 0.492725 0.039435 0.165344 0.300398 0.427276 2 0.299974 0.424122 1 0.298240 0.424848 2 0.297485 0.426869 1 0.292738 0.428882 2 0.294381 0.445169 2 0.291387 0.448160 2 0.293204 0.468726 1 0.287416 0.473116 2 0.296920 0.479720 1 0.288641 0.498557 2 0.290150 0.487646 2 0.288214 0.489661 2 0.289344 0.515670 2 0.287287 0.524227 2 0.282857 0.543599 2 0.277316 0.555543 2
0 0.501116 0.486111 0.052827 0.138889 0.508328 0.433521 2 0.507357 0.431173 1 0.507081 0.431927 2 0.500312 0.436126 1 0.503048 0.438151 2 0.498012 0.451224 2 0.503839 0.458480 2 0.499011 0.471105 2 0.508133 0.482112 2 0.512168 0.471437 2 0.514013 0.474551 2 0.498446 0.495279 2 0.504839 0.499501 2 0.497715 0.515712 2 0.519618 0.522372 2 0.489928 0.530133 2 0.529632 0.548740 2
0 0.447917 0.416005 0.034226 0.141534 0.460920 0.400417 2 0.461942 0.396858 2 0.459036 0.397346 2 0.462133 0.394892 1 0.453773 0.395928 2 0.462449 0.405572 2 0.449499 0.410611 2 0.464831 0.422012 2 0.444734 0.430594 2 0.465316 0.439764 2 0.447506 0.452654 2 0.458876 0.444150 2 0.450053 0.447400 2 0.461506 0.468762 2 0.450221 0.478751 2 0.457058 0.490947 2 0.444440 0.508807 2
0 0.206101 0.359127 0.025298 0.125661 0.218487 0.367209 2 0.218047 0.364900 2 0.217006 0.365335 2 0.215715 0.366686 1 0.213190 0.367998 2 0.214263 0.381457 2 0.211867 0.383377 2 0.214239 0.402062 2 0.211074 0.406170 2 0.217782 0.421054 1 0.214650 0.426209 2 0.217067 0.422274 2 0.215256 0.424059 2 0.220021 0.444810 1 0.217409 0.447049 2 0.218304 0.447049 1 0.214448 0.447049 1
0 0.170387 0.348545 0.028274 0.123016 0.163105 0.301920 2 0.164133 0.299345 2 0.162738 0.299690 2 0.168184 0.300685 2 0.165170 0.301761 1 0.172007 0.313837 2 0.164471 0.315570 2 0.176533 0.329629 2 0.163315 0.331604 2 0.175796 0.346191 2 0.162889 0.328031 2 0.172792 0.344880 2 0.169448 0.345672 2 0.169411 0.369772 2 0.174497 0.369037 2 0.168768 0.395883 2 0.183852 0.387613 2
0 0.553199 0.207672 0.018601 0.087302 0.552000 0.174478 1 0.552106 0.172728 1 0.552324 0.172898 1 0.551166 0.173595 2 0.555263 0.173701 2 0.549210 0.183638 2 0.557291 0.184020 2 0.547031 0.196624 2 0.558807 0.197848 2 0.546051 0.207423 2 0.557992 0.207071 2 0.549730 0.206744 2 0.555506 0.206898 2 0.549213 0.224426 2 0.556142 0.224883 2 0.549089 0.243014 2 0.556502 0.242725 2
0 0.934896 0.279762 0.029018 0.115079 0.945670 0.238789 1 0.944969 0.236203 1 0.945773 0.236747 1 0.940062 0.235837 2 0.945925 0.237595 2 0.934980 0.247362 2 0.946991 0.251393 2 0.929917 0.262627 2 0.948046 0.268685 2 0.927815 0.275061 2 0.946985 0.278476 2 0.933807 0.280527 2 0.941477 0.282555 2 0.932974 0.301998 2 0.938571 0.305545 2 0.932027 0.323655 2 0.934323 0.327118 2
0 0.418899 0.289683 0.022321 0.103175 0.413029 0.249842 2 0.413517 0.247774 2 0.413165 0.248041 1 0.416044 0.248481 2 0.415546 0.248928 1 0.421187 0.259789 2 0.415278 0.259329 2 0.421112 0.276130 2 0.413106 0.274056 2 0.414482 0.274901 2 0.411900 0.273969 2 0.420332 0.289406 2 0.416023 0.288730 2 0.420138 0.313090 2 0.415512 0.312177 2 0.420469 0.336140 2 0.415540 0.336029 2
0 0.789435 0.274471 0.020833 0.085979 0.775298 0.283886 2 0.775864 0.282055 2 0.775298 0.282062 1 0.777878 0.283541 2 0.775412 0.283503 1 0.779999 0.296059 2 0.775818 0.295382 1 0.781837 0.312894 2 0.775960 0.310749 1 0.782249 0.327503 2 0.775609 0.326000 1 0.776868 0.324253 2 0.775298 0.323677 1 0.778123 0.333859 1 0.775298 0.333087 1 0.778362 0.333908 1 0.775298 0.334134 1
0 0.812872 0.273810 0.024554 0.082011 0.811210 0.242557 2 0.810986 0.240847 1 0.810401 0.240979 2 0.809558 0.241442 1 0.807331 0.241813 2 0.809220 0.249530 2 0.803925 0.251226 2 0.812586 0.261231 2 0.808375 0.265795 2 0.816604 0.270231 2 0.813469 0.274666 2 0.808492 0.270648 2 0.804620 0.272575 2 0.815190 0.281661 2 0.811808 0.284721 2 0.812574 0.302665 2 0.810219 0.304400 2
0 0.957217 0.929233 0.061756 0.136243 0.966351 0.901210 2 0.971346 0.897314 2 0.964977 0.893192 2 0.977651 0.901166 2 0.961141 0.891057 2 0.976729 0.931071 2 0.952539 0.918285 2 0.964999 0.972219 2 0.941463 0.954228 2 0.945851 0.975466 2 0.937575 0.979702 2 0.961328 0.995873 2 0.944753 0.988264 2 0.951793 0.982722 1 0.932719 0.975091 1 0.945201 0.993469 1 0.935809 0.998817 1
0 0.540923 0.327381 0.023810 0.064815 0.540947 0.312006 2 0.542126 0.310168 2 0.539963 0.309884 2 0.543525 0.306458 2 0.538580 0.305945 2 0.545041 0.304414 2 0.534343 0.303748 2 0.549157 0.317848 2 0.530212 0.317043 2 0.544720 0.319527 2 0.537110 0.320946 2 0.542003 0.321525 2 0.535009 0.321775 2 0.549064 0.323384 2 0.530844 0.325017 2 0.544867 0.346544 2 0.536947 0.346200 2
0 0.529390 0.164021 0.017113 0.066138 0.528157 0.139732 2 0.528716 0.138554 2 0.528714 0.138498 1 0.530007 0.139653 2 0.530946 0.139342 1 0.529582 0.147228 2 0.532633 0.147160 2 0.528781 0.157603 2 0.533276 0.157056 1 0.528324 0.165734 2 0.533417 0.166604 1 0.530038 0.166736 2 0.531620 0.166502 2 0.528320 0.181202 2 0.528416 0.181500 2 0.533385 0.193103 2 0.530444 0.194421 2
0 0.128348 0.336640 0.018601 0.043651 0.124457 0.327495 2 0.125582 0.325531 2 0.123831 0.325966 2 0.127973 0.325648 2 0.123584 0.326472 1 0.129440 0.332585 2 0.124872 0.334484 2 0.127423 0.341728 2 0.122016 0.344699 2 0.122688 0.342353 2 0.122778 0.346600 2 0.134048 0.348899 2 0.130816 0.349506 2 0.125016 0.343129 2 0.122952 0.343627 2 0.130423 0.350798 2 0.128771 0.351926 2
0 0.097842 0.318783 0.031994 0.058201 0.099118 0.307967 2 0.100212 0.305520 2 0.097789 0.306089 2 0.102167 0.303491 2 0.095782 0.305097 2 0.104208 0.309472 2 0.093359 0.312722 2 0.109023 0.320895 2 0.089278 0.326084 2 0.110396 0.335975 2 0.089186 0.339462 2 0.103310 0.323080 2 0.095884 0.324886 2 0.105847 0.321962 2 0.090396 0.326315 2 0.107927 0.336820 2 0.091117 0.339408 2
0 0.164435 0.186508 0.010417 0.031746 0.164474 0.179430 2 0.164945 0.178504 2 0.163967 0.178492 2 0.165670 0.178536 2 0.163258 0.178524 2 0.166938 0.183299 2 0.162158 0.183497 2 0.168747 0.190446 2 0.162024 0.190864 2 0.169325 0.198525 2 0.163622 0.196472 2 0.166550 0.197510 2 0.163332 0.197799 2 0.167840 0.204631 2 0.164393 0.205025 2 0.168094 0.205825 1 0.164794 0.205959 1
0 0.193452 0.134921 0.017857 0.047619 0.189933 0.114338 1 0.189791 0.113455 1 0.190056 0.113290 1 0.188687 0.114063 2 0.191505 0.113507 2 0.187741 0.120001 2 0.192966 0.117934 2 0.185795 0.122795 2 0.194556 0.120639 2 0.187559 0.120952 2 0.192535 0.120663 2 0.190353 0.133850 2 0.193854 0.132691 2 0.191704 0.144947 2 0.194790 0.140548 2 0.192061 0.155849 2 0.196082 0.149316 2
0 0.782366 0.185185 0.018601 0.052910 0.787236 0.169474 1 0.786951 0.168303 1 0.787354 0.168659 1 0.784843 0.168321 2 0.787647 0.169347 2 0.782704 0.173420 2 0.787391 0.175048 2 0.781129 0.179958 2 0.787324 0.183510 2 0.780944 0.186315 1 0.786381 0.190715 2 0.780582 0.186247 2 0.783833 0.186784 2 0.780450 0.196822 2 0.783800 0.197357 2 0.779551 0.207272 2 0.782625 0.207230 2
0 0.888021 0.212302 0.018601 0.083333 0.894522 0.182624 2 0.894945 0.181218 2 0.893471 0.181091 2 0.894623 0.182960 1 0.891269 0.182416 2 0.893667 0.191935 2 0.890092 0.191165 2 0.893942 0.204093 2 0.891224 0.200884 2 0.896985 0.210340 2 0.894525 0.196758 2 0.892301 0.212634 2 0.889620 0.212710 2 0.892291 0.228915 2 0.889838 0.229621 2 0.888580 0.243217 2 0.885959 0.244089 2
0 0.957217 0.221561 0.023065 0.070106 0.960685 0.173598 1 0.962335 0.173280 1 0.959144 0.173280 1 0.965809 0.173280 1 0.957370 0.173280 1 0.970406 0.175336 1 0.954624 0.174508 1 0.972708 0.193483 2 0.951754 0.190971 2 0.965914 0.210131 2 0.949805 0.202589 2 0.965182 0.212948 2 0.954285 0.210902 2 0.961753 0.238704 1 0.950703 0.234511 1 0.963120 0.245324 1 0.951029 0.240299 1
0 0.556920 0.110450 0.012649 0.030423 0.554140 0.099915 1 0.554084 0.099379 1 0.554268 0.099154 1 0.554338 0.099278 2 0.555844 0.098605 2 0.554912 0.101854 2 0.557598 0.100976 2 0.554707 0.106445 2 0.557589 0.105074 1 0.553770 0.109333 2 0.556586 0.108596 1 0.556439 0.109454 2 0.558399 0.108854 2 0.553838 0.114032 2 0.556527 0.113859 2 0.554673 0.118738 2 0.557320 0.119846 2
0 0.906622 0.189815 0.020089 0.038360 0.906346 0.177388 2 0.906981 0.175897 2 0.905691 0.176147 2 0.908237 0.175201 2 0.904913 0.175756 2 0.909742 0.182412 2 0.903699 0.183153 2 0.908106 0.193099 2 0.901216 0.194960 2 0.903469 0.196020 2 0.904521 0.195281 2 0.908315 0.204360 2 0.904122 0.204468 2 0.907158 0.214708 1 0.903874 0.214065 1 0.907196 0.215257 1 0.903346 0.214945 1
0 0.940848 0.192460 0.020089 0.033069 0.942145 0.188212 2 0.942735 0.186619 2 0.941249 0.186998 2 0.943631 0.185674 2 0.940031 0.186627 2 0.945677 0.189668 2 0.938854 0.190359 2 0.946526 0.199726 2 0.938456 0.199681 2 0.941843 0.201049 2 0.942141 0.202088 2 0.944219 0.204086 2 0.939631 0.204083 2 0.944529 0.206699 2 0.936841 0.207172 2 0.941554 0.208576 1 0.938790 0.208726 1
0 0.926711 0.191799 0.018601 0.034392 0.932905 0.196036 2 0.934034 0.194218 2 0.932294 0.194262 2 0.935902 0.196454 2 0.931455 0.196337 2 0.937886 0.211477 2 0.928769 0.210935 2 0.938816 0.215009 1 0.926470 0.215009 1 0.934814 0.209321 1 0.928646 0.212842 1 0.935998 0.214484 1 0.930218 0.214102 1 0.933186 0.211359 1 0.930740 0.209969 1 0.931612 0.211513 1 0.931370 0.209263 1
