0 0.140231 0.061625 0.023109 0.078431 0.131655 0.044107 1 0.131475 0.042389 1 0.131608 0.042009 1 0.132865 0.040257 2 0.135150 0.039017 1 0.136618 0.047081 2 0.137488 0.043123 2 0.140234 0.061338 2 0.140251 0.056097 2 0.135834 0.062488 2 0.135849 0.062038 2 0.142518 0.070566 2 0.144068 0.068724 2 0.142435 0.088365 2 0.149234 0.083814 2 0.142061 0.106609 2 0.154790 0.096087 2
0 0.400210 0.161064 0.023109 0.073763 0.400750 0.133886 1 0.400076 0.132371 1 0.400860 0.132568 1 0.396677 0.133165 2 0.401190 0.134493 2 0.394514 0.140301 2 0.401307 0.145736 2 0.394243 0.139124 2 0.403109 0.158065 2 0.395418 0.137094 1 0.404648 0.164868 2 0.396329 0.164525 2 0.400816 0.166666 2 0.398035 0.178666 2 0.401029 0.180424 2 0.399322 0.192684 2 0.400612 0.194366 2
0 0.337447 0.077498 0.023634 0.076564 0.336934 0.052023 1 0.336836 0.050541 1 0.337277 0.050561 1 0.335401 0.052058 2 0.339982 0.051810 2 0.334369 0.063164 2 0.342651 0.061465 2 0.333014 0.076588 2 0.344160 0.073913 2 0.332741 0.077927 2 0.341296 0.077814 1 0.335839 0.086931 2 0.341582 0.085804 2 0.335646 0.103526 2 0.341348 0.100528 2 0.337207 0.119325 2 0.342183 0.115790 2
0 0.313025 0.087768 0.022059 0.070962 0.312475 0.067234 2 0.312869 0.065232 2 0.311346 0.065861 2 0.313213 0.065004 1 0.309246 0.066658 2 0.313882 0.071204 2 0.309267 0.075788 2 0.316885 0.076998 2 0.312459 0.086012 2 0.316325 0.078881 2 0.315370 0.083859 2 0.315601 0.091582 2 0.312272 0.094042 2 0.318771 0.103640 2 0.314779 0.108038 2 0.319298 0.118592 2 0.315360 0.123444 2
0 0.408876 0.125584 0.021534 0.071895 0.401351 0.134778 1 0.400538 0.133050 1 0.401385 0.133289 1 0.396698 0.133303 2 0.401385 0.134628 2 0.394261 0.142079 2 0.401639 0.145652 2 0.394064 0.150080 1 0.403474 0.158556 2 0.396440 0.157181 1 0.404660 0.165807 2 0.395541 0.168000 2 0.400557 0.169688 2 0.395996 0.175420 1 0.401055 0.175420 1 0.396913 0.174755 1 0.400022 0.175420 1
0 0.316176 0.057890 0.018908 0.063492 0.318464 0.043490 2 0.319089 0.041226 2 0.317403 0.042077 2 0.320420 0.039153 2 0.315841 0.041175 2 0.323611 0.045434 2 0.314817 0.049588 2 0.325928 0.056118 2 0.315411 0.062149 2 0.324129 0.057638 2 0.320191 0.061117 2 0.325316 0.071699 2 0.319133 0.074383 2 0.328100 0.087115 2 0.321192 0.091817 2 0.329307 0.097722 1 0.322205 0.101541 1
0 0.031250 0.119981 0.035189 0.084967 0.024759 0.090683 2 0.024426 0.089081 1 0.024319 0.089243 2 0.022283 0.090335 1 0.023196 0.090678 2 0.022866 0.098634 2 0.022845 0.100055 2 0.025345 0.108608 2 0.025756 0.112107 2 0.030001 0.110696 2 0.030086 0.112367 2 0.025964 0.117540 2 0.026534 0.118854 2 0.028905 0.132284 2 0.033783 0.132419 2 0.028872 0.148554 2 0.039578 0.150050 2
0 0.339811 0.053688 0.022059 0.064426 0.337415 0.051765 1 0.337168 0.050366 1 0.337801 0.050189 1 0.335538 0.051845 2 0.340117 0.051292 2 0.334659 0.062893 2 0.342867 0.061700 2 0.333680 0.076553 2 0.344616 0.073611 2 0.333193 0.083588 2 0.343001 0.079903 1 0.336423 0.086539 2 0.342099 0.085753 2 0.335284 0.097339 1 0.341491 0.097339 1 0.336119 0.097339 1 0.341136 0.097339 1
0 0.138393 0.065359 0.024685 0.084034 0.132449 0.042941 2 0.132506 0.041258 2 0.132481 0.040628 1 0.134750 0.039356 2 0.136491 0.037678 1 0.137495 0.046297 2 0.139689 0.042441 2 0.140813 0.059965 2 0.140905 0.055910 1 0.135745 0.062947 2 0.136468 0.060539 1 0.143107 0.070195 2 0.145444 0.068093 2 0.141891 0.088117 2 0.148343 0.083219 2 0.142906 0.106466 2 0.151658 0.095599 2
0 0.112395 0.043884 0.018908 0.061625 0.113402 0.030599 2 0.112925 0.029119 1 0.112492 0.029481 2 0.111538 0.030695 1 0.110412 0.031615 2 0.112380 0.039801 2 0.111009 0.041478 2 0.116980 0.050417 2 0.116437 0.052657 2 0.118817 0.052390 2 0.119766 0.052125 2 0.117201 0.062538 2 0.116089 0.064126 2 0.120205 0.076534 1 0.120024 0.078810 2 0.119255 0.086234 1 0.119250 0.086280 1
0 0.129464 0.058824 0.025735 0.069094 0.125621 0.031874 2 0.126217 0.030548 2 0.124855 0.030601 2 0.127220 0.031850 2 0.123748 0.031967 2 0.129227 0.039849 2 0.123059 0.039789 2 0.132160 0.050596 2 0.122374 0.050077 2 0.130772 0.058270 2 0.123563 0.056141 2 0.129406 0.058465 2 0.124772 0.058476 2 0.132047 0.073262 2 0.124091 0.072569 2 0.135285 0.090813 2 0.124503 0.089792 2
0 0.132353 0.030812 0.023109 0.061625 0.131750 0.039371 1 0.131886 0.038003 1 0.132348 0.037339 1 0.133430 0.037902 2 0.136042 0.035753 1 0.136250 0.046385 2 0.139042 0.042066 2 0.138940 0.061483 2 0.139189 0.054272 2 0.135173 0.062953 2 0.135316 0.059545 1 0.142234 0.068217 2 0.144397 0.065420 2 0.134238 0.064185 2 0.137635 0.060130 1 0.138419 0.072375 1 0.141225 0.067919 1
