0 0.558780 0.566799 0.017857 0.099206 0.554271 0.530479 1 0.553314 0.528600 1 0.554256 0.528451 1 0.549339 0.529426 1 0.553527 0.529664 2 0.547780 0.539019 2 0.552815 0.539940 2 0.551231 0.549893 1 0.555438 0.551206 2 0.556685 0.549885 1 0.558962 0.550566 2 0.548796 0.563668 2 0.552228 0.564444 2 0.551912 0.583046 2 0.553777 0.584593 2 0.551710 0.603619 2 0.552540 0.606158 2
0 0.556176 0.542328 0.033482 0.071429 0.554781 0.529954 1 0.553822 0.528198 1 0.554704 0.528129 1 0.549683 0.528703 1 0.553672 0.528996 2 0.547664 0.538306 2 0.552332 0.539119 2 0.551880 0.549693 2 0.555723 0.552636 2 0.557615 0.547938 1 0.559213 0.555493 2 0.549886 0.566008 2 0.552979 0.567020 2 0.553273 0.585151 1 0.554457 0.587204 2 0.551985 0.589454 1 0.551915 0.589747 1
0 0.405134 0.419974 0.011161 0.046296 0.399890 0.407998 2 0.400050 0.406958 2 0.399740 0.407211 1 0.401086 0.406155 2 0.400462 0.406796 1 0.403282 0.409725 2 0.400855 0.410283 2 0.404120 0.415520 2 0.400380 0.416583 2 0.401823 0.416403 2 0.399879 0.419479 2 0.403374 0.422002 2 0.401811 0.421933 2 0.403167 0.430468 2 0.401849 0.430246 2 0.403835 0.438924 2 0.403036 0.438655 2
0 0.530878 0.490741 0.014137 0.071429 0.525479 0.483071 1 0.524906 0.481851 1 0.525568 0.481827 1 0.522517 0.482760 1 0.525762 0.482948 2 0.522065 0.489839 2 0.526092 0.490192 2 0.524359 0.497835 1 0.527995 0.498508 2 0.527895 0.504613 1 0.529528 0.505354 2 0.522119 0.507578 2 0.524898 0.507619 2 0.522616 0.520923 2 0.524036 0.520952 2 0.522301 0.531765 1 0.523181 0.533053 2
0 0.540551 0.484788 0.017113 0.075397 0.539958 0.460919 2 0.540623 0.459638 2 0.539330 0.459562 2 0.541486 0.459767 2 0.538300 0.459654 2 0.542857 0.466247 2 0.536203 0.466706 2 0.546343 0.469651 2 0.533485 0.472681 2 0.545957 0.466290 2 0.533822 0.475514 2 0.541976 0.484016 2 0.537515 0.484307 2 0.542665 0.495928 1 0.537627 0.496561 1 0.543096 0.501596 1 0.537046 0.501367 1
0 0.463542 0.525132 0.017857 0.089947 0.461647 0.495072 1 0.461183 0.493409 1 0.461882 0.493293 1 0.458375 0.495036 2 0.463019 0.494811 2 0.456180 0.506154 2 0.465050 0.505297 2 0.454251 0.518342 2 0.467528 0.517556 2 0.454189 0.526398 2 0.467676 0.529847 2 0.458168 0.525277 2 0.463924 0.524822 2 0.459212 0.543925 2 0.462980 0.542706 2 0.461063 0.559064 2 0.462623 0.558418 2
0 0.490699 0.549603 0.023065 0.099206 0.495667 0.514938 2 0.494851 0.513217 1 0.495230 0.513086 2 0.489954 0.514327 1 0.493360 0.514487 2 0.485768 0.524872 2 0.494965 0.525997 2 0.483270 0.539024 2 0.497948 0.540351 2 0.483335 0.551620 2 0.498617 0.553765 2 0.486429 0.552481 2 0.492590 0.553318 2 0.487062 0.569866 2 0.492584 0.572082 2 0.487023 0.585215 2 0.491119 0.590793 2
0 0.486235 0.524471 0.018601 0.096561 0.495595 0.514540 2 0.494736 0.512895 1 0.495104 0.512718 2 0.490166 0.514107 1 0.493033 0.514219 2 0.485736 0.524634 2 0.494817 0.525308 2 0.483401 0.538850 2 0.497379 0.539752 2 0.483528 0.551837 2 0.498288 0.553135 2 0.486485 0.552321 2 0.492671 0.552771 2 0.486897 0.570866 2 0.492849 0.572136 2 0.486968 0.585539 2 0.491396 0.588938 2
0 0.500000 0.516534 0.014881 0.067460 0.494754 0.513612 1 0.493850 0.512025 1 0.494451 0.512061 1 0.490073 0.513262 1 0.493444 0.513771 2 0.489583 0.523953 1 0.495257 0.524848 2 0.491596 0.538695 1 0.498293 0.540463 2 0.493829 0.551530 1 0.498818 0.553587 2 0.489583 0.553669 1 0.493509 0.553920 2 0.489583 0.563327 1 0.493878 0.563327 1 0.490445 0.563327 1 0.493633 0.563327 1
0 0.523065 0.509259 0.016369 0.076720 0.524469 0.482262 1 0.524198 0.480921 1 0.524801 0.481026 1 0.521941 0.481859 2 0.525971 0.482150 2 0.519929 0.489528 2 0.526796 0.489904 2 0.518002 0.498635 2 0.528101 0.498809 2 0.518503 0.507139 2 0.529719 0.506163 2 0.521143 0.507912 2 0.525501 0.508134 2 0.521961 0.522471 2 0.524092 0.522376 2 0.522822 0.536526 2 0.523417 0.536547 2
0 0.467262 0.508598 0.014881 0.078042 0.461700 0.494610 1 0.461209 0.493002 1 0.461880 0.492923 1 0.458540 0.494461 2 0.462884 0.494500 2 0.456933 0.504809 2 0.464673 0.504943 2 0.456845 0.516269 1 0.466811 0.517793 2 0.457353 0.525280 1 0.466827 0.531827 2 0.458538 0.525807 2 0.463667 0.525706 2 0.459215 0.545882 2 0.462631 0.545270 2 0.461291 0.559840 1 0.462667 0.560536 2
0 0.443824 0.507275 0.017113 0.088624 0.442661 0.475769 1 0.442282 0.474209 1 0.442739 0.474098 1 0.439709 0.475203 2 0.443937 0.474975 2 0.438002 0.484926 2 0.445845 0.484434 2 0.438219 0.497075 2 0.447520 0.496364 2 0.440775 0.505297 2 0.446260 0.504810 2 0.439763 0.505996 2 0.445214 0.505794 2 0.440444 0.523929 2 0.444643 0.523257 2 0.440880 0.541158 2 0.443576 0.540884 2
0 0.802827 0.841931 0.041667 0.181217 0.810359 0.780011 2 0.810440 0.776736 1 0.809067 0.776860 2 0.808258 0.775449 1 0.803661 0.775681 2 0.808194 0.789500 2 0.793233 0.791074 2 0.808661 0.807550 2 0.789913 0.818761 2 0.811255 0.821566 2 0.795415 0.842461 2 0.807786 0.841271 2 0.796779 0.842835 2 0.810086 0.877733 2 0.792541 0.876177 2 0.810248 0.917541 2 0.792817 0.908651 2
0 0.774182 0.804233 0.031994 0.156085 0.782809 0.744249 2 0.783784 0.741773 2 0.781567 0.741169 2 0.783533 0.742480 1 0.777334 0.740596 2 0.784362 0.756996 2 0.770403 0.754093 2 0.787404 0.777729 2 0.765340 0.770834 2 0.786978 0.795486 2 0.762095 0.788698 2 0.779648 0.798435 2 0.770649 0.797194 2 0.777550 0.830703 2 0.769642 0.829382 2 0.774246 0.860804 2 0.769521 0.860172 2
0 0.746280 0.804894 0.032738 0.109788 0.742439 0.771075 2 0.744084 0.768798 2 0.741215 0.768439 2 0.746681 0.768721 2 0.739679 0.767758 2 0.747696 0.780675 2 0.737193 0.779137 2 0.752876 0.787754 2 0.733445 0.788857 2 0.759077 0.789475 2 0.731505 0.800031 2 0.744185 0.810181 2 0.737824 0.809420 2 0.743082 0.828632 2 0.738181 0.827430 2 0.740375 0.844029 2 0.736205 0.841253 2
0 0.616071 0.590608 0.019345 0.104497 0.614250 0.555429 1 0.614416 0.553467 1 0.614907 0.553071 1 0.615244 0.554281 2 0.618883 0.552884 1 0.617249 0.566614 2 0.620885 0.562420 2 0.617631 0.579477 2 0.623376 0.570534 2 0.616907 0.582006 2 0.620751 0.577584 1 0.616967 0.593644 2 0.619022 0.591103 2 0.614909 0.613920 2 0.615097 0.611463 2 0.618158 0.634795 2 0.617790 0.633210 2
