0 0.959449 0.231481 0.018601 0.079365 0.966890 0.203198 1 0.966116 0.201289 1 0.966637 0.201476 1 0.962300 0.200489 1 0.964821 0.201417 2 0.958293 0.208066 2 0.964572 0.210106 2 0.955980 0.218619 2 0.964982 0.222161 2 0.954871 0.231708 2 0.966095 0.232004 2 0.956822 0.230516 2 0.961167 0.231386 2 0.956575 0.245734 2 0.960739 0.247703 2 0.953100 0.259204 2 0.956260 0.261292 2
0 0.947173 0.314153 0.031250 0.101852 0.962414 0.269447 1 0.961628 0.267295 1 0.962266 0.267849 1 0.956015 0.267825 2 0.961168 0.269697 2 0.951396 0.278462 2 0.959662 0.281352 2 0.947612 0.292030 2 0.957768 0.297328 2 0.951166 0.300801 2 0.960880 0.304329 2 0.947890 0.306362 2 0.953898 0.307596 2 0.943958 0.328398 2 0.953139 0.329249 2 0.939879 0.347924 2 0.951332 0.348424 2
0 0.364211 0.154101 0.015625 0.062169 0.364834 0.133420 2 0.365102 0.132019 2 0.364032 0.132117 2 0.365102 0.132557 1 0.362455 0.132838 2 0.365861 0.138650 2 0.361766 0.139663 2 0.368157 0.146372 2 0.362045 0.148315 2 0.368116 0.150101 2 0.366424 0.150276 2 0.366253 0.155091 2 0.363472 0.155799 2 0.367738 0.166960 2 0.363848 0.168093 2 0.366655 0.179814 2 0.364132 0.181346 2
0 0.186756 0.098545 0.016369 0.048942 0.186491 0.085902 2 0.186939 0.085066 2 0.186007 0.085134 2 0.187603 0.085215 2 0.185295 0.085370 2 0.188693 0.089434 2 0.184263 0.089501 2 0.190263 0.094185 2 0.182583 0.093835 2 0.188623 0.094720 2 0.183523 0.094599 2 0.188094 0.099970 2 0.185302 0.100132 2 0.188273 0.107737 2 0.186321 0.108091 2 0.189206 0.115281 2 0.187303 0.115391 2
0 0.916667 0.271825 0.023810 0.064815 0.912046 0.272486 1 0.910656 0.270533 1 0.911959 0.270805 1 0.904283 0.270885 1 0.910519 0.272070 2 0.900679 0.282096 2 0.911926 0.284158 2 0.902099 0.298363 1 0.915517 0.301576 2 0.911435 0.299705 1 0.917081 0.300669 2 0.900298 0.312717 1 0.907774 0.314192 2 0.904135 0.310069 1 0.912579 0.310776 1 0.903625 0.313390 1 0.909827 0.315724 1
0 0.574405 0.513228 0.038690 0.148148 0.574312 0.462116 2 0.576213 0.459317 2 0.572726 0.458902 2 0.578578 0.458005 2 0.569091 0.456901 2 0.579033 0.469950 2 0.564467 0.470643 2 0.580796 0.487906 2 0.558592 0.488630 2 0.581691 0.506890 2 0.556535 0.509945 2 0.575009 0.506144 2 0.564671 0.507369 2 0.578878 0.533884 2 0.563714 0.540701 2 0.581836 0.559773 2 0.560683 0.571549 2
0 0.833333 0.285053 0.022321 0.104497 0.835890 0.243168 2 0.837113 0.241334 2 0.835172 0.241300 2 0.839554 0.242053 2 0.834585 0.241976 1 0.842664 0.252938 2 0.832727 0.251194 2 0.844378 0.267789 2 0.827874 0.262359 2 0.839718 0.273678 2 0.830276 0.268854 2 0.837319 0.281301 2 0.830901 0.279682 2 0.833462 0.303644 2 0.828622 0.301121 2 0.833575 0.326001 2 0.829901 0.324262 2
0 0.676711 0.191799 0.017113 0.068783 0.675824 0.166510 1 0.676008 0.165165 1 0.676243 0.165277 1 0.676014 0.166085 2 0.679423 0.166005 2 0.674835 0.173660 2 0.681033 0.173564 2 0.673350 0.183446 2 0.682121 0.182583 2 0.672221 0.191192 2 0.680452 0.188686 1 0.674795 0.191556 2 0.679473 0.191435 2 0.672179 0.206156 2 0.679325 0.207592 2 0.670068 0.221557 2 0.679135 0.222118 2
0 0.723214 0.677910 0.050595 0.218254 0.713166 0.595439 2 0.714563 0.591367 2 0.714130 0.591033 1 0.720499 0.594476 2 0.723468 0.592481 1 0.719988 0.622232 2 0.731972 0.614078 2 0.719245 0.659287 2 0.731022 0.636498 2 0.712788 0.650624 2 0.716220 0.627093 2 0.719676 0.678995 2 0.728887 0.674845 2 0.712615 0.718231 2 0.724943 0.716107 2 0.711938 0.763597 2 0.724285 0.755813 2
0 0.358259 0.550926 0.043899 0.162698 0.350975 0.504515 2 0.352657 0.500500 2 0.348910 0.501176 2 0.354904 0.498203 2 0.344436 0.499800 2 0.358179 0.512757 2 0.340269 0.516237 2 0.361362 0.532014 2 0.333047 0.534909 2 0.357554 0.549022 2 0.333455 0.555600 2 0.354944 0.555429 2 0.341983 0.557720 2 0.362055 0.584425 2 0.340811 0.591967 2 0.366231 0.613727 2 0.338043 0.627063 2
0 0.587426 0.421958 0.030506 0.145503 0.591026 0.362312 2 0.592624 0.359122 2 0.589408 0.359278 2 0.595040 0.360043 2 0.587184 0.360301 2 0.598296 0.374763 2 0.584289 0.375649 2 0.602003 0.393829 2 0.585191 0.395889 2 0.605232 0.410112 2 0.596974 0.400131 2 0.593687 0.413786 2 0.584566 0.414153 2 0.590213 0.445717 2 0.584393 0.444430 2 0.587110 0.471307 2 0.586934 0.469978 2
0 0.171875 0.455026 0.023810 0.156085 0.173515 0.399730 2 0.173410 0.396257 1 0.171975 0.396484 2 0.171021 0.397658 1 0.166957 0.397981 2 0.169899 0.415382 2 0.165063 0.416410 2 0.170504 0.437880 1 0.162839 0.440132 2 0.172176 0.455431 1 0.165096 0.460136 2 0.171993 0.457695 2 0.169226 0.458830 2 0.172811 0.486911 2 0.172594 0.487555 2 0.168224 0.512918 2 0.171954 0.516464 2
0 0.333333 0.477513 0.031250 0.140212 0.337740 0.425176 2 0.338491 0.421495 2 0.335845 0.422497 2 0.339051 0.421090 1 0.331665 0.423127 2 0.341002 0.435960 2 0.328778 0.439524 2 0.342764 0.456386 2 0.327991 0.463908 2 0.343814 0.475207 2 0.331620 0.485055 2 0.339916 0.473362 2 0.331722 0.475237 2 0.339758 0.507795 2 0.331663 0.510113 2 0.338337 0.540863 2 0.329812 0.543621 2
0 0.459449 0.494048 0.043899 0.162698 0.461429 0.430762 2 0.462276 0.427561 2 0.459469 0.428528 2 0.463143 0.427829 1 0.455028 0.429893 2 0.464659 0.445407 2 0.450209 0.446864 2 0.466693 0.462838 2 0.444522 0.467969 2 0.465972 0.482083 2 0.443410 0.487312 2 0.463583 0.490370 2 0.452857 0.490611 2 0.465542 0.524889 2 0.449675 0.521226 2 0.471458 0.558145 2 0.445797 0.548700 2
0 0.318452 0.585317 0.035714 0.175926 0.325334 0.517509 2 0.325711 0.513072 2 0.322907 0.515006 2 0.325454 0.511362 1 0.318385 0.515269 2 0.323187 0.531312 2 0.315419 0.534317 2 0.327617 0.549241 2 0.310094 0.563618 2 0.332291 0.561808 2 0.307647 0.590649 2 0.322441 0.581384 2 0.316729 0.582591 2 0.323204 0.619461 2 0.319350 0.616650 2 0.315523 0.638050 2 0.302323 0.620946 2
0 0.566592 0.708995 0.067708 0.211640 0.566801 0.632927 1 0.565287 0.628823 1 0.566104 0.629368 1 0.555523 0.630832 2 0.565091 0.632925 2 0.547848 0.654779 2 0.567837 0.658428 2 0.545216 0.681406 2 0.569843 0.691943 2 0.555020 0.692659 1 0.573032 0.712714 2 0.550109 0.716118 2 0.564375 0.717941 2 0.549035 0.758869 2 0.564833 0.759594 2 0.549531 0.799014 2 0.564478 0.800308 2
0 0.450521 0.429233 0.036458 0.146825 0.461699 0.430661 2 0.462543 0.427519 2 0.459794 0.427972 2 0.462977 0.428324 1 0.455143 0.429213 2 0.464775 0.445046 2 0.449885 0.446446 2 0.467141 0.462890 2 0.444525 0.467273 2 0.466444 0.478098 2 0.443464 0.486956 2 0.462768 0.491029 2 0.452335 0.491682 2 0.463439 0.523461 2 0.449534 0.523828 2 0.463340 0.531746 1 0.445987 0.531746 1
0 0.219494 0.358466 0.025298 0.129630 0.215657 0.316664 2 0.216593 0.314247 2 0.214422 0.314890 2 0.218541 0.313060 2 0.212833 0.314625 2 0.223169 0.323134 2 0.211735 0.324015 2 0.228210 0.336017 2 0.207869 0.334736 2 0.221839 0.337187 2 0.210208 0.338184 2 0.223297 0.356589 2 0.215566 0.356816 2 0.225340 0.382721 2 0.216410 0.383068 2 0.228986 0.407063 2 0.217368 0.407546 2
0 0.299851 0.329365 0.025298 0.111111 0.299798 0.289844 2 0.301030 0.287281 2 0.298395 0.288018 2 0.303326 0.288242 2 0.297995 0.289953 2 0.305914 0.301236 2 0.297756 0.301653 2 0.309847 0.316334 2 0.297839 0.313502 2 0.308741 0.332729 2 0.294681 0.322864 2 0.305791 0.331723 2 0.302019 0.331772 2 0.301734 0.354413 2 0.306956 0.353624 2 0.298709 0.378471 2 0.314049 0.371742 2
0 0.412574 0.312169 0.017113 0.100529 0.408608 0.277574 2 0.409778 0.275493 2 0.407940 0.275630 2 0.412185 0.276526 2 0.407790 0.276841 1 0.413687 0.286849 2 0.407770 0.286744 2 0.412512 0.296343 2 0.405451 0.295137 2 0.406940 0.288453 2 0.405369 0.288077 1 0.412135 0.312935 2 0.407855 0.312545 2 0.412035 0.333999 2 0.407428 0.333613 2 0.414167 0.355322 2 0.408069 0.355663 2
0 0.560268 0.214947 0.019345 0.083333 0.558704 0.180934 1 0.558480 0.179169 1 0.558810 0.179275 1 0.555957 0.180107 2 0.560262 0.180403 2 0.553425 0.190647 2 0.561767 0.191092 2 0.550956 0.203391 2 0.563116 0.204484 2 0.549671 0.213731 2 0.563630 0.214768 2 0.554164 0.213875 2 0.560124 0.214055 2 0.553785 0.231847 2 0.561084 0.232049 2 0.553330 0.250002 2 0.561047 0.250116 2
0 0.902530 0.318122 0.031250 0.115079 0.911536 0.272958 1 0.910598 0.270330 1 0.911083 0.270829 1 0.904585 0.270437 2 0.909737 0.272386 2 0.898343 0.282823 2 0.911617 0.286998 2 0.892505 0.298679 2 0.915131 0.303202 2 0.891177 0.312779 2 0.914464 0.305849 2 0.895440 0.319147 2 0.903838 0.321287 2 0.894477 0.341451 2 0.900513 0.345914 2 0.893246 0.364111 2 0.895719 0.369431 2
0 0.797619 0.284392 0.020833 0.084656 0.801640 0.252684 2 0.802000 0.251089 2 0.800677 0.250779 2 0.801468 0.251967 1 0.797684 0.251130 2 0.800192 0.261907 2 0.793693 0.260060 2 0.799592 0.276416 2 0.790636 0.274372 2 0.801211 0.285849 2 0.796277 0.283210 2 0.797421 0.283959 2 0.792984 0.284166 2 0.805287 0.293617 2 0.801606 0.292741 2 0.801484 0.315239 2 0.798214 0.313633 2
0 0.818452 0.279101 0.022321 0.082011 0.820194 0.251790 2 0.819996 0.250051 1 0.819320 0.250190 2 0.818597 0.250414 1 0.815926 0.250948 2 0.818595 0.258657 2 0.811955 0.260660 2 0.821713 0.270498 2 0.816680 0.275750 2 0.823953 0.279215 2 0.822512 0.284419 2 0.819162 0.281464 2 0.814558 0.283744 2 0.826923 0.290350 2 0.823987 0.293533 2 0.825995 0.313188 2 0.825899 0.313880 2
0 0.546503 0.338624 0.023065 0.063492 0.547202 0.320560 2 0.548307 0.318925 1 0.546350 0.318545 2 0.549555 0.315711 1 0.544866 0.314939 2 0.550827 0.314303 2 0.540738 0.313935 2 0.554979 0.326653 2 0.536958 0.328190 2 0.550006 0.331590 2 0.543487 0.332692 2 0.547664 0.332478 2 0.540907 0.332487 2 0.553815 0.336010 2 0.537032 0.335763 2 0.550941 0.358374 2 0.541094 0.356269 2
0 0.529018 0.304894 0.020833 0.080688 0.529859 0.278081 2 0.530779 0.276170 2 0.529002 0.276157 2 0.531829 0.274887 2 0.527298 0.274649 2 0.533239 0.283443 2 0.524607 0.282669 2 0.534604 0.295411 2 0.521680 0.293530 2 0.532836 0.304718 2 0.524026 0.301723 2 0.530887 0.310244 2 0.525186 0.309858 2 0.530577 0.330194 2 0.524569 0.329534 2 0.530494 0.345796 1 0.523776 0.345020 1
0 0.597470 0.183862 0.017857 0.058201 0.594669 0.169496 2 0.594760 0.168278 2 0.594475 0.168024 1 0.595594 0.166297 2 0.595413 0.165486 1 0.598981 0.168456 2 0.597151 0.165717 2 0.598696 0.179276 2 0.597608 0.174586 2 0.596234 0.188264 2 0.595061 0.186107 2 0.602956 0.179416 2 0.601404 0.177523 2 0.600867 0.192304 2 0.596439 0.187737 2 0.601194 0.205872 2 0.598546 0.201892 2
0 0.127232 0.345899 0.020833 0.041005 0.121123 0.337866 2 0.121320 0.336827 2 0.121776 0.336487 1 0.123543 0.336905 2 0.125210 0.335594 1 0.126720 0.341827 2 0.126523 0.339416 2 0.125387 0.350762 2 0.125772 0.345902 2 0.121548 0.353033 2 0.122063 0.350786 2 0.133060 0.353246 2 0.132632 0.351901 2 0.127468 0.348307 2 0.126121 0.346869 2 0.131121 0.357887 2 0.130637 0.356779 2
0 0.095982 0.327381 0.032738 0.056878 0.099350 0.314925 2 0.099912 0.312590 2 0.097772 0.313282 2 0.100798 0.311776 1 0.094815 0.313946 2 0.102571 0.317482 2 0.092612 0.321759 2 0.108617 0.324378 2 0.088310 0.333612 2 0.106747 0.326171 2 0.087084 0.339486 2 0.101914 0.331878 2 0.094996 0.333699 2 0.104362 0.332749 2 0.088546 0.337246 2 0.106794 0.347412 2 0.089350 0.349297 2
0 0.189732 0.138228 0.016369 0.046296 0.189178 0.120139 1 0.189073 0.119195 1 0.189338 0.118969 1 0.188452 0.119968 2 0.191037 0.119269 2 0.188131 0.126438 2 0.193296 0.124833 2 0.187333 0.132150 2 0.195062 0.129295 2 0.189034 0.129404 2 0.193751 0.130048 1 0.191166 0.140968 2 0.194509 0.140231 2 0.192088 0.152192 2 0.194213 0.150986 2 0.192969 0.162159 2 0.194507 0.161709 2
0 0.791295 0.189153 0.018601 0.052910 0.792974 0.170993 1 0.792452 0.169679 1 0.792929 0.169835 1 0.789800 0.169836 2 0.792771 0.170525 2 0.788044 0.176372 2 0.792777 0.177555 2 0.786378 0.183396 2 0.793411 0.186271 2 0.787265 0.189351 2 0.793369 0.192493 2 0.787651 0.191757 2 0.790793 0.192229 2 0.788514 0.202592 2 0.790380 0.203014 2 0.786956 0.213224 2 0.788383 0.213650 2
0 0.397693 0.097222 0.009673 0.046296 0.398728 0.080293 1 0.399038 0.079371 1 0.398205 0.079496 1 0.399451 0.080003 1 0.397469 0.080331 2 0.400431 0.085312 2 0.396742 0.085774 2 0.401417 0.090895 2 0.395737 0.092021 2 0.401159 0.095019 2 0.396002 0.098465 2 0.399980 0.095833 2 0.397481 0.096072 2 0.400184 0.104460 2 0.397450 0.104780 2 0.400410 0.113335 2 0.396982 0.113492 2
0 0.139509 0.115079 0.015625 0.029101 0.138281 0.117778 2 0.138954 0.116181 2 0.137487 0.116308 2 0.140138 0.116333 2 0.136444 0.116558 2 0.141802 0.123322 2 0.136002 0.122680 2 0.144404 0.131130 2 0.136667 0.129705 2 0.140695 0.131548 2 0.140773 0.131048 2 0.141892 0.132730 2 0.138001 0.132553 2 0.144442 0.130630 1 0.138626 0.130024 1 0.144201 0.133539 1 0.141526 0.132015 1
0 0.248884 0.130291 0.011161 0.041005 0.249783 0.121278 1 0.249531 0.120463 1 0.249750 0.120379 1 0.247788 0.121285 1 0.249444 0.121155 2 0.247038 0.126701 2 0.248802 0.126839 2 0.247034 0.132675 1 0.247709 0.132943 2 0.248649 0.136764 1 0.248724 0.137739 2 0.246809 0.138043 2 0.248390 0.138313 2 0.246905 0.144755 2 0.250064 0.145560 2 0.244321 0.150839 2 0.248757 0.153456 2
0 0.813244 0.228175 0.019345 0.083333 0.820324 0.251445 2 0.820093 0.249901 1 0.819502 0.249867 2 0.818604 0.250388 1 0.816042 0.250538 2 0.818542 0.258324 2 0.811994 0.260436 2 0.821410 0.270042 2 0.817200 0.275284 2 0.824106 0.278469 2 0.822990 0.283049 2 0.819194 0.280534 2 0.814320 0.283047 2 0.826357 0.280193 1 0.822540 0.283780 1 0.824530 0.283413 1 0.821881 0.285007 1
0 0.973214 0.235450 0.023810 0.066138 0.972428 0.210926 1 0.972552 0.209926 1 0.972888 0.209915 1 0.972198 0.210380 2 0.975847 0.210091 2 0.970592 0.215874 2 0.978360 0.215802 2 0.968212 0.224366 2 0.981732 0.223750 2 0.966835 0.232346 2 0.982242 0.226390 2 0.970968 0.234122 2 0.976497 0.233686 2 0.968013 0.235305 2 0.976985 0.235254 2 0.967395 0.246389 1 0.977349 0.246887 1
0 0.911086 0.195106 0.020089 0.038360 0.914030 0.183801 2 0.914793 0.182261 2 0.913444 0.182415 2 0.916186 0.182919 2 0.912914 0.183174 2 0.917992 0.189296 2 0.911400 0.189565 2 0.918822 0.198464 2 0.909507 0.197456 2 0.913478 0.202314 2 0.909208 0.201427 2 0.916112 0.203471 2 0.911738 0.203257 2 0.916330 0.198294 2 0.907834 0.199176 2 0.909468 0.205643 2 0.905856 0.206401 2
