0 0.944940 0.652116 0.061012 0.156085 0.954417 0.594065 1 0.955274 0.592184 1 0.956663 0.593232 1 0.955168 0.598933 2 0.965722 0.600859 1 0.946978 0.613343 2 0.970846 0.620589 2 0.933387 0.610687 2 0.971611 0.632103 2 0.945784 0.596165 2 0.963474 0.610488 1 0.944704 0.672369 2 0.960581 0.672853 2 0.916377 0.660953 2 0.938100 0.659694 2 0.929715 0.706714 2 0.953442 0.700797 2
0 0.935640 0.642857 0.034970 0.119048 0.953355 0.595696 1 0.954571 0.593438 1 0.954552 0.593758 1 0.955149 0.599122 2 0.957776 0.599458 1 0.949846 0.615943 2 0.957254 0.617369 2 0.931320 0.607234 2 0.938193 0.613570 1 0.944153 0.596472 2 0.945265 0.600070 1 0.943669 0.666229 2 0.948503 0.664751 2 0.923852 0.661761 2 0.931054 0.657015 2 0.928042 0.702674 2 0.935648 0.705421 2
0 0.495164 0.580026 0.039435 0.128307 0.494846 0.537463 2 0.496785 0.533571 2 0.493085 0.534352 2 0.500956 0.533430 2 0.492738 0.534732 1 0.503154 0.551791 2 0.499866 0.546976 2 0.496200 0.579326 2 0.494669 0.570572 2 0.486303 0.593179 2 0.487723 0.583392 2 0.503700 0.594776 2 0.501546 0.588688 2 0.481940 0.594936 2 0.483702 0.578118 2 0.489241 0.628801 2 0.490027 0.608224 2
0 0.677827 0.427249 0.029762 0.148148 0.678045 0.371564 2 0.679643 0.369137 2 0.676560 0.368753 2 0.681634 0.371482 2 0.674271 0.370635 2 0.684363 0.387237 2 0.670806 0.387374 2 0.686080 0.408028 2 0.667141 0.406501 2 0.688944 0.423963 2 0.665969 0.425265 2 0.680606 0.425933 2 0.672125 0.426467 2 0.678999 0.453308 2 0.673043 0.458021 2 0.675870 0.474825 2 0.674857 0.484766 2
0 0.421875 0.390212 0.023810 0.092593 0.418384 0.355438 1 0.418660 0.353810 1 0.418858 0.353694 1 0.420445 0.354583 2 0.422979 0.354123 1 0.421921 0.363057 2 0.425093 0.362165 2 0.419849 0.373788 2 0.422096 0.372893 1 0.417674 0.372271 2 0.418371 0.371838 1 0.422648 0.386177 2 0.425156 0.385329 2 0.421437 0.406265 2 0.425125 0.405380 2 0.421507 0.425181 2 0.426714 0.425065 2
0 0.407366 0.332011 0.018601 0.050265 0.409330 0.318055 2 0.410149 0.316758 2 0.408669 0.316725 2 0.411616 0.317097 2 0.407694 0.316928 2 0.412600 0.324121 2 0.406866 0.323113 2 0.411936 0.331959 2 0.404976 0.331439 2 0.408672 0.325971 2 0.403639 0.335116 2 0.411386 0.338813 2 0.406857 0.337889 2 0.412602 0.341924 2 0.403387 0.340829 2 0.411962 0.347375 2 0.400997 0.346556 2
0 0.526786 0.310185 0.022321 0.101852 0.530566 0.274109 2 0.531383 0.272337 2 0.529500 0.272348 2 0.531931 0.273461 2 0.527421 0.273510 2 0.531985 0.283324 2 0.525306 0.284135 2 0.531813 0.294161 2 0.522799 0.295861 2 0.531922 0.299595 2 0.524658 0.297187 2 0.531603 0.309500 2 0.527072 0.310222 2 0.532727 0.330914 2 0.528194 0.331595 2 0.533823 0.350844 2 0.528657 0.351906 2
0 0.565104 0.316799 0.018601 0.096561 0.568164 0.280039 2 0.569219 0.278322 2 0.567350 0.278181 2 0.570929 0.279715 2 0.566243 0.279270 2 0.572258 0.291436 2 0.564115 0.289963 2 0.573198 0.305078 2 0.560290 0.301515 2 0.573192 0.316036 2 0.559047 0.311755 2 0.568811 0.314685 2 0.563404 0.313842 2 0.567879 0.335730 2 0.562332 0.335143 2 0.567848 0.354485 2 0.561159 0.353887 2
0 0.550223 0.330688 0.012649 0.076720 0.551801 0.304950 2 0.552559 0.303582 2 0.551076 0.303669 2 0.553809 0.304344 2 0.550156 0.304634 2 0.555003 0.310925 2 0.549526 0.311725 2 0.556561 0.318206 2 0.548376 0.318620 2 0.554846 0.321105 2 0.550366 0.322806 2 0.554541 0.327485 2 0.550668 0.328079 2 0.554914 0.338934 2 0.549481 0.340995 2 0.556659 0.352815 2 0.550305 0.355613 2
0 0.572917 0.308201 0.019345 0.084656 0.568366 0.279717 2 0.569364 0.278275 2 0.567544 0.277974 2 0.570791 0.279992 2 0.566256 0.279223 2 0.572015 0.291573 2 0.564209 0.290197 2 0.573159 0.304724 2 0.562145 0.302897 2 0.573294 0.316831 2 0.561318 0.315845 2 0.568977 0.315368 2 0.563620 0.314464 2 0.568241 0.335669 2 0.562153 0.334889 2 0.568483 0.355274 2 0.561124 0.354747 2
