0 0.880331 0.821242 0.013603 0.055556 0.872490 0.782486 1 0.872731 0.782353 1 0.872050 0.782353 1 0.873283 0.782353 1 0.872026 0.782353 1 0.874297 0.784437 2 0.872887 0.784389 1 0.873916 0.792941 2 0.873263 0.792837 1 0.872455 0.787520 2 0.872621 0.789701 1 0.872866 0.803213 2 0.871776 0.802860 2 0.872938 0.817287 2 0.872304 0.816873 2 0.872985 0.829464 2 0.872277 0.829539 2
0 0.863051 0.847386 0.015809 0.066013 0.870312 0.801307 1 0.870699 0.801307 1 0.869958 0.801307 1 0.871580 0.801307 1 0.869216 0.801307 1 0.872863 0.801307 1 0.867795 0.801307 1 0.873842 0.802229 1 0.866196 0.802634 2 0.873649 0.804173 2 0.865640 0.808712 2 0.872119 0.806081 2 0.868333 0.805820 2 0.872929 0.817197 2 0.866943 0.816508 2 0.873114 0.827252 2 0.865816 0.826410 2
0 0.868934 0.822549 0.014338 0.052941 0.870824 0.786546 1 0.871367 0.785770 1 0.870145 0.785691 1 0.872446 0.785621 1 0.868994 0.785621 1 0.873943 0.786879 1 0.867600 0.785796 1 0.874591 0.791084 2 0.865317 0.788338 2 0.872962 0.797006 2 0.866256 0.796048 2 0.872473 0.801997 2 0.867916 0.801383 2 0.873064 0.816127 2 0.866838 0.815115 2 0.872638 0.827870 2 0.865741 0.826904 2
0 0.931801 0.794444 0.016544 0.033333 0.930963 0.773566 2 0.930776 0.772035 2 0.930332 0.773481 1 0.931805 0.771242 2 0.930355 0.773023 1 0.935653 0.772224 2 0.932251 0.774535 2 0.938852 0.779358 2 0.934166 0.781495 2 0.935149 0.783756 2 0.933682 0.783616 2 0.939039 0.784621 2 0.936622 0.785113 2 0.937532 0.795781 2 0.935271 0.794335 2 0.939136 0.809825 2 0.936953 0.805608 2
0 0.974632 0.875817 0.023529 0.064052 0.977033 0.849106 2 0.976645 0.847432 1 0.976443 0.848017 2 0.973663 0.847292 1 0.974564 0.848988 2 0.970496 0.853057 2 0.974880 0.856559 2 0.966382 0.857382 2 0.974101 0.865529 2 0.966944 0.859523 2 0.972973 0.874460 2 0.968222 0.870581 2 0.971701 0.872010 2 0.966938 0.881172 2 0.973770 0.882780 2 0.963242 0.891686 2 0.973494 0.895078 2
0 0.852390 0.840850 0.012868 0.055556 0.859195 0.803366 1 0.859010 0.802437 1 0.859033 0.802292 1 0.858042 0.803060 1 0.858202 0.802858 1 0.856882 0.804239 1 0.857818 0.804238 1 0.854887 0.804124 1 0.855478 0.804449 1 0.854212 0.804147 1 0.854431 0.804711 1 0.858105 0.806389 1 0.858640 0.806655 2 0.857915 0.819272 2 0.858691 0.819866 2 0.855954 0.836840 2 0.856304 0.837667 2
0 0.925919 0.799020 0.015809 0.052941 0.930972 0.772681 2 0.930857 0.771134 2 0.930183 0.772666 2 0.931423 0.769042 2 0.929624 0.772764 2 0.934643 0.769571 2 0.931180 0.774663 2 0.936765 0.776219 2 0.933631 0.781394 2 0.935121 0.782901 2 0.934640 0.783490 2 0.936765 0.779044 2 0.935873 0.781362 2 0.936765 0.787010 1 0.935266 0.790692 2 0.936765 0.796772 1 0.935439 0.799000 1
0 0.921875 0.592484 0.010662 0.039869 0.923248 0.574370 1 0.923377 0.573496 1 0.923691 0.573624 1 0.923702 0.573971 2 0.925792 0.574082 2 0.922860 0.578874 2 0.926890 0.579225 2 0.921385 0.585235 2 0.927577 0.585699 2 0.920657 0.589953 2 0.927599 0.590100 2 0.922594 0.590647 2 0.925238 0.590642 2 0.921602 0.597330 2 0.923537 0.598202 2 0.921166 0.605186 2 0.922376 0.606146 2
0 0.910478 0.589216 0.009926 0.043791 0.910044 0.573801 1 0.909865 0.572832 1 0.910205 0.573119 1 0.908377 0.572643 2 0.910845 0.573473 2 0.906553 0.576485 2 0.911019 0.578444 2 0.904548 0.581379 2 0.911531 0.586048 2 0.904803 0.584936 1 0.910889 0.589099 2 0.905943 0.588771 2 0.908895 0.589555 2 0.905428 0.597158 2 0.908078 0.598034 2 0.905145 0.605248 2 0.907621 0.605631 2
0 0.982169 0.533660 0.010662 0.039869 0.987556 0.517797 2 0.987649 0.517199 1 0.987405 0.517034 2 0.987192 0.516885 1 0.986436 0.516456 2 0.986898 0.520098 2 0.983671 0.519563 2 0.987358 0.525880 2 0.982021 0.525377 2 0.986839 0.526614 2 0.985136 0.525484 2 0.985458 0.530694 2 0.983248 0.530599 2 0.984923 0.539219 2 0.983456 0.539316 2 0.982855 0.545875 2 0.980764 0.545183 2
0 0.903125 0.429085 0.008456 0.026797 0.908648 0.420007 1 0.908478 0.419406 1 0.908593 0.419380 1 0.907351 0.419358 1 0.908033 0.419406 2 0.906398 0.422185 2 0.907126 0.422172 2 0.904787 0.426351 2 0.905216 0.426101 2 0.905206 0.429976 2 0.905182 0.429970 1 0.906973 0.430531 2 0.907494 0.430756 2 0.906958 0.436902 2 0.907292 0.437272 2 0.906428 0.443100 2 0.906867 0.443348 2
0 0.837316 0.399673 0.007721 0.025490 0.838694 0.388304 2 0.838842 0.387883 2 0.838458 0.387814 2 0.838857 0.388052 1 0.837800 0.387814 2 0.838718 0.390853 2 0.836774 0.390271 2 0.838905 0.394408 2 0.835504 0.393547 2 0.838924 0.397862 2 0.835171 0.397533 2 0.837774 0.398057 2 0.836498 0.397778 2 0.837365 0.403786 2 0.836115 0.403394 2 0.836623 0.409285 2 0.834868 0.408430 2
0 0.841728 0.400980 0.007721 0.025490 0.843099 0.390312 2 0.843333 0.389871 2 0.842798 0.389877 2 0.843638 0.390354 2 0.842311 0.390346 2 0.844174 0.393224 2 0.841643 0.393367 2 0.844401 0.396896 2 0.841238 0.396892 2 0.843781 0.398948 2 0.842811 0.397418 2 0.843652 0.399481 2 0.841950 0.399625 2 0.843284 0.404270 2 0.841745 0.404749 2 0.842921 0.408816 2 0.841466 0.409650 2
0 0.561213 0.540196 0.004779 0.020261 0.561526 0.535212 2 0.561774 0.534609 1 0.561247 0.534568 2 0.562028 0.534959 1 0.560757 0.534830 2 0.562822 0.539309 2 0.559331 0.538847 2 0.563734 0.544702 2 0.558300 0.543527 2 0.564094 0.549820 2 0.558314 0.548478 2 0.562177 0.549971 2 0.559829 0.549898 2 0.562342 0.554095 1 0.559795 0.554095 1 0.562267 0.553419 1 0.559832 0.552881 1
0 0.033456 0.527451 0.008088 0.040523 0.031648 0.518579 1 0.031344 0.517900 1 0.031631 0.517806 1 0.029991 0.517822 1 0.031719 0.517707 2 0.029028 0.521277 2 0.032486 0.520827 2 0.029354 0.525908 1 0.033521 0.525525 2 0.030075 0.529048 1 0.034294 0.530360 2 0.030567 0.531523 2 0.032853 0.531466 2 0.032405 0.539382 2 0.034548 0.538699 2 0.031794 0.547372 2 0.032763 0.546315 2
0 0.131985 0.521242 0.008088 0.029412 0.131692 0.512867 2 0.132162 0.511934 2 0.131200 0.512129 2 0.132993 0.512484 2 0.130702 0.512947 2 0.134131 0.517650 2 0.130397 0.518149 2 0.134302 0.524160 2 0.128452 0.523403 2 0.131371 0.523541 2 0.130005 0.517538 2 0.133794 0.530597 2 0.131305 0.530769 2 0.133817 0.539989 2 0.131637 0.539981 2 0.134161 0.541708 1 0.131910 0.541708 1
0 0.859375 0.803268 0.007721 0.056209 0.860787 0.783707 1 0.860282 0.782084 1 0.860860 0.782309 1 0.857227 0.782674 1 0.860971 0.783484 2 0.855461 0.790608 2 0.860679 0.792220 2 0.855047 0.799360 1 0.862464 0.800299 2 0.857744 0.798195 1 0.862523 0.793872 1 0.856256 0.809503 2 0.859835 0.810543 2 0.856685 0.824203 2 0.859799 0.825935 2 0.855179 0.838133 2 0.858669 0.839582 2
0 0.872978 0.799673 0.009191 0.051634 0.870597 0.778110 2 0.871412 0.777001 2 0.870357 0.776766 2 0.873192 0.777580 2 0.870376 0.776946 1 0.875005 0.784176 2 0.868773 0.782584 2 0.873853 0.792826 2 0.866706 0.787963 2 0.871902 0.784732 2 0.867617 0.780304 1 0.872469 0.802681 2 0.867879 0.801921 2 0.872852 0.818334 2 0.866880 0.818080 2 0.872356 0.829208 2 0.866544 0.830456 1
0 0.969669 0.871242 0.016544 0.064052 0.976792 0.849242 2 0.976570 0.847511 1 0.976156 0.847936 2 0.973698 0.847313 1 0.974156 0.848562 2 0.970701 0.852802 2 0.974379 0.856522 2 0.965880 0.857515 2 0.975783 0.865267 2 0.968010 0.860541 2 0.975757 0.866226 2 0.968488 0.870625 2 0.971268 0.872234 2 0.967382 0.881997 2 0.973059 0.883166 2 0.962974 0.891854 2 0.973545 0.895486 2
0 0.945772 0.664706 0.009926 0.043137 0.945736 0.647973 2 0.946360 0.646831 2 0.945046 0.646835 2 0.947090 0.646964 2 0.943776 0.646801 2 0.948014 0.653015 2 0.942047 0.652140 2 0.948426 0.659493 2 0.940181 0.658805 2 0.949249 0.667199 2 0.939279 0.665753 2 0.945824 0.668391 2 0.941952 0.667597 2 0.943995 0.680707 2 0.940542 0.678543 2 0.942385 0.691018 2 0.940389 0.688207 2
0 0.980699 0.641176 0.008456 0.045752 0.981126 0.622458 2 0.981651 0.621493 2 0.980519 0.621473 2 0.982301 0.622036 2 0.979480 0.621826 2 0.983486 0.628446 2 0.978047 0.627333 2 0.984796 0.636216 2 0.975329 0.632481 2 0.984001 0.644197 2 0.976479 0.637977 2 0.981580 0.642615 2 0.978186 0.642029 2 0.980140 0.652775 2 0.977491 0.652282 2 0.979116 0.662343 2 0.976861 0.662331 2
0 0.994301 0.644118 0.006250 0.051634 0.994413 0.629915 1 0.994670 0.628842 1 0.994104 0.628895 1 0.994727 0.628906 1 0.993707 0.628992 2 0.995699 0.634117 2 0.992867 0.634300 2 0.997476 0.639941 2 0.992185 0.640225 2 0.995542 0.639203 2 0.993069 0.639653 1 0.993577 0.647015 2 0.991866 0.646776 2 0.992405 0.656521 2 0.991580 0.656476 2 0.991234 0.664402 2 0.990840 0.665027 2
0 0.915625 0.525817 0.009191 0.028105 0.915889 0.510026 1 0.915874 0.509322 1 0.916282 0.509394 1 0.916164 0.509783 2 0.918375 0.509787 1 0.915868 0.513410 2 0.919284 0.513175 2 0.914221 0.515997 2 0.919381 0.515728 2 0.913720 0.514157 2 0.917065 0.514420 1 0.915905 0.523008 2 0.918081 0.522667 2 0.915384 0.531225 2 0.916525 0.531200 2 0.915297 0.539795 2 0.916188 0.539270 2
0 0.892096 0.495425 0.006250 0.033987 0.893860 0.479309 2 0.894151 0.478741 1 0.893582 0.478564 2 0.894301 0.479503 1 0.893060 0.479067 2 0.894265 0.483732 2 0.891764 0.482970 2 0.895401 0.484711 2 0.890319 0.483614 2 0.894385 0.480637 2 0.892068 0.482757 2 0.893091 0.493126 2 0.891493 0.492900 2 0.892588 0.499678 2 0.891097 0.500117 2 0.892086 0.506546 2 0.890582 0.506412 2
0 0.939338 0.513399 0.008088 0.035948 0.942352 0.496395 1 0.942356 0.495517 1 0.942603 0.495765 1 0.941567 0.495970 2 0.943735 0.496539 2 0.940242 0.500565 2 0.944209 0.501614 2 0.938939 0.506217 2 0.944566 0.507342 2 0.938384 0.510347 2 0.944138 0.509795 1 0.939374 0.512290 2 0.941972 0.512694 2 0.938549 0.519275 2 0.940741 0.520678 2 0.938834 0.527250 2 0.940248 0.528625 2
0 0.985846 0.532026 0.004044 0.032680 0.986486 0.518565 2 0.986757 0.518018 1 0.986353 0.517758 2 0.986674 0.517826 1 0.985802 0.517181 2 0.986816 0.519971 2 0.983966 0.519411 2 0.987284 0.525172 2 0.983505 0.524648 2 0.986743 0.525350 2 0.986053 0.525072 2 0.985041 0.529768 2 0.983166 0.529578 2 0.984594 0.538753 2 0.983469 0.538745 2 0.983578 0.546870 2 0.983216 0.547457 2
0 0.927022 0.585621 0.008456 0.028758 0.923366 0.575286 2 0.923626 0.574416 2 0.923295 0.574399 2 0.924780 0.574316 2 0.923971 0.574220 1 0.927091 0.579029 2 0.922843 0.578763 2 0.927720 0.585332 2 0.921725 0.585306 2 0.927843 0.590897 2 0.921924 0.590957 2 0.925854 0.591329 2 0.923096 0.590956 2 0.924857 0.596556 2 0.922427 0.595871 2 0.924024 0.600899 1 0.922913 0.600293 1
0 0.944301 0.596405 0.009926 0.030719 0.946500 0.581476 1 0.946435 0.580598 1 0.946746 0.580866 1 0.945424 0.580815 2 0.947932 0.581446 2 0.943587 0.585161 2 0.948511 0.586629 2 0.941584 0.590029 2 0.949025 0.593304 2 0.942815 0.592389 1 0.947860 0.596930 2 0.942819 0.598068 2 0.946196 0.598698 2 0.942439 0.605562 2 0.945861 0.606953 2 0.942112 0.614215 2 0.945589 0.615631 2
0 0.811029 0.450000 0.008088 0.029412 0.813729 0.433014 2 0.813926 0.432527 2 0.813462 0.432462 2 0.813968 0.432679 1 0.812692 0.432432 2 0.813880 0.435770 2 0.811539 0.435402 2 0.813759 0.440324 2 0.811335 0.439245 2 0.813978 0.443392 2 0.812927 0.439153 2 0.813252 0.444266 2 0.811418 0.444215 2 0.813686 0.450831 2 0.810888 0.450473 2 0.813789 0.457232 2 0.809743 0.456699 2
0 0.811949 0.426471 0.009191 0.015033 0.812152 0.425096 2 0.812433 0.424645 2 0.811913 0.424484 2 0.812772 0.424688 2 0.811386 0.424321 2 0.812793 0.426922 2 0.810383 0.426456 2 0.813348 0.430484 2 0.809647 0.430107 2 0.812865 0.431214 2 0.811226 0.431358 2 0.811912 0.432208 2 0.810196 0.432142 2 0.813769 0.433099 2 0.810661 0.433270 2 0.812608 0.435764 1 0.809792 0.435763 2
0 0.832721 0.399346 0.013235 0.020915 0.838552 0.388382 2 0.838725 0.387979 2 0.838320 0.387892 2 0.838761 0.388214 1 0.837705 0.387971 2 0.838744 0.391244 2 0.836557 0.390569 2 0.838917 0.395045 2 0.835272 0.393842 2 0.838913 0.398518 2 0.835060 0.397652 2 0.837692 0.398526 2 0.836215 0.398201 2 0.837349 0.404088 2 0.835984 0.403776 2 0.836445 0.409508 2 0.834793 0.408823 2
0 0.844118 0.401307 0.006618 0.020915 0.843120 0.390717 2 0.843331 0.390273 2 0.842849 0.390286 2 0.843612 0.390588 1 0.842371 0.390587 2 0.844178 0.393236 2 0.841720 0.393340 2 0.844505 0.396360 2 0.841426 0.396645 2 0.843761 0.397289 2 0.842911 0.397224 2 0.843671 0.399671 2 0.841983 0.399738 2 0.843242 0.404548 2 0.841743 0.404718 2 0.843088 0.409319 2 0.841558 0.409723 2
0 0.908272 0.432026 0.007721 0.027451 0.910905 0.419247 2 0.911094 0.418737 2 0.910580 0.418687 2 0.911107 0.419161 1 0.909828 0.419000 2 0.911267 0.422328 2 0.908770 0.422037 2 0.911673 0.425964 2 0.907461 0.425044 2 0.911701 0.429118 2 0.907582 0.425998 2 0.910348 0.430061 2 0.908822 0.429988 2 0.909353 0.435978 2 0.908421 0.436168 2 0.908198 0.441827 2 0.907675 0.441952 2
0 0.915625 0.976144 0.018750 0.046405 0.917224 0.969232 2 0.918019 0.967493 2 0.916384 0.967554 2 0.919135 0.965191 1 0.914528 0.965181 2 0.920575 0.970345 2 0.911689 0.969320 2 0.922095 0.980577 2 0.910229 0.978671 2 0.918732 0.983367 2 0.915005 0.982481 2 0.918242 0.989088 2 0.911788 0.988616 2 0.921809 0.996075 2 0.911075 0.995081 2 0.919509 0.997272 1 0.908749 0.994928 1
0 0.937316 0.789216 0.018015 0.045098 0.930309 0.773702 2 0.930316 0.772091 2 0.929698 0.773050 2 0.931427 0.769058 2 0.929718 0.771224 1 0.935496 0.770205 2 0.931637 0.771849 2 0.938715 0.778474 2 0.933285 0.779379 2 0.935405 0.783692 2 0.932810 0.783242 2 0.938992 0.783517 2 0.936362 0.783950 2 0.938854 0.797169 2 0.936128 0.796420 2 0.940103 0.811964 2 0.937575 0.809421 2
0 0.907537 0.589216 0.009926 0.038562 0.909573 0.573497 1 0.909436 0.572508 1 0.909761 0.572790 1 0.908144 0.572472 2 0.910561 0.573201 2 0.906651 0.576576 2 0.910760 0.578277 2 0.904501 0.582166 2 0.911674 0.586061 2 0.903737 0.586827 2 0.910757 0.589324 2 0.906060 0.588904 2 0.908749 0.589529 2 0.904958 0.597109 2 0.907472 0.597707 2 0.904415 0.605544 2 0.907304 0.605603 2
0 0.901287 0.580719 0.009191 0.037255 0.907343 0.572987 1 0.907531 0.572188 1 0.907355 0.572270 1 0.907288 0.572521 1 0.907721 0.572657 1 0.906202 0.576613 2 0.907271 0.576806 1 0.904517 0.582313 2 0.904837 0.582566 1 0.904273 0.586740 2 0.903806 0.587479 1 0.906029 0.589598 2 0.906982 0.589795 2 0.904686 0.599681 2 0.906871 0.600392 1 0.903958 0.605795 2 0.906559 0.605770 1
0 0.914522 0.501634 0.010662 0.037255 0.914322 0.484245 1 0.914441 0.483462 1 0.914625 0.483778 1 0.913994 0.484054 2 0.916019 0.484794 2 0.912187 0.488315 2 0.916719 0.489951 2 0.910495 0.494250 2 0.916710 0.496631 2 0.910067 0.498894 2 0.915759 0.501046 2 0.911502 0.500682 2 0.914569 0.501372 2 0.910609 0.504469 2 0.913715 0.506474 2 0.911453 0.512333 2 0.913708 0.514099 2
0 0.874816 0.558170 0.012132 0.043137 0.877339 0.541139 1 0.877222 0.540144 1 0.877509 0.540350 1 0.875793 0.540475 2 0.878071 0.541130 2 0.874075 0.545112 2 0.877690 0.546473 2 0.871980 0.550522 2 0.877807 0.552420 2 0.871971 0.551483 1 0.878216 0.551303 1 0.873660 0.556136 2 0.876051 0.556812 2 0.873026 0.564774 2 0.875311 0.566118 2 0.872112 0.573835 2 0.874310 0.574493 2
0 0.905699 0.433333 0.009191 0.033987 0.910626 0.419264 2 0.910894 0.418751 2 0.910321 0.418691 2 0.911093 0.419086 1 0.909703 0.418879 2 0.911247 0.422217 2 0.908912 0.421693 2 0.911523 0.426109 2 0.907446 0.424558 2 0.911509 0.429518 2 0.907568 0.425790 2 0.909958 0.430112 2 0.908552 0.429789 2 0.908858 0.436119 2 0.908056 0.435872 2 0.907797 0.441016 2 0.907303 0.441078 2
