0 0.872396 0.660714 0.052827 0.133598 0.878014 0.611182 1 0.878616 0.608471 1 0.879708 0.608948 1 0.879020 0.611112 2 0.887837 0.611648 2 0.872093 0.626252 2 0.893731 0.630632 2 0.861027 0.635776 2 0.895182 0.647821 2 0.854310 0.632688 2 0.888229 0.642818 1 0.871429 0.677285 2 0.885904 0.677947 2 0.851379 0.673250 2 0.871503 0.677287 2 0.862194 0.708830 2 0.880000 0.710569 2
0 0.440476 0.594577 0.025298 0.091270 0.441406 0.561346 2 0.442735 0.559358 2 0.439950 0.559327 2 0.444619 0.560557 2 0.437676 0.560628 2 0.445692 0.571756 2 0.436588 0.572060 2 0.448221 0.584217 2 0.434466 0.584772 2 0.446963 0.595255 2 0.432903 0.597506 2 0.444548 0.595980 2 0.438339 0.596128 2 0.446002 0.611276 2 0.438491 0.611710 2 0.448736 0.626253 2 0.438616 0.626662 2
0 0.432292 0.555556 0.025298 0.148148 0.441790 0.502742 2 0.441290 0.500258 1 0.440789 0.500211 2 0.438335 0.501565 1 0.436590 0.501836 2 0.439481 0.515739 2 0.429261 0.517885 2 0.440241 0.534852 2 0.426103 0.541414 2 0.443318 0.533754 2 0.437311 0.539404 2 0.439410 0.558116 2 0.432118 0.559831 2 0.439132 0.590388 2 0.432036 0.592315 2 0.435507 0.617918 2 0.429438 0.619987 2
0 0.568824 0.524471 0.026042 0.085979 0.570511 0.465625 2 0.571203 0.464286 2 0.569120 0.464286 2 0.572001 0.464569 1 0.566503 0.465197 2 0.575784 0.476230 2 0.561736 0.477985 2 0.578735 0.490870 2 0.559420 0.494888 2 0.580834 0.496847 2 0.559766 0.500384 2 0.572675 0.508349 2 0.562341 0.508744 2 0.577393 0.523769 2 0.556025 0.524798 2 0.577015 0.546307 2 0.558557 0.548100 2
0 0.568452 0.506614 0.034226 0.111111 0.569540 0.465581 2 0.570687 0.462789 2 0.567972 0.462875 2 0.572350 0.463861 2 0.565518 0.464206 2 0.575409 0.476934 2 0.562367 0.478179 2 0.580301 0.491689 2 0.558709 0.495221 2 0.582007 0.497895 2 0.557979 0.500416 2 0.573404 0.507473 2 0.564019 0.508028 2 0.578244 0.523693 2 0.557354 0.523859 2 0.578336 0.545904 1 0.557645 0.544471 1
0 0.410714 0.441138 0.020833 0.101852 0.413379 0.402271 1 0.412495 0.401023 1 0.413165 0.401081 1 0.408107 0.402493 1 0.412719 0.402933 2 0.406447 0.408034 2 0.414751 0.409248 2 0.405865 0.398953 2 0.418794 0.400444 2 0.407880 0.395572 2 0.416101 0.395191 2 0.408783 0.435539 2 0.414193 0.436339 2 0.409477 0.456978 2 0.414146 0.457575 2 0.409572 0.478739 2 0.414299 0.480965 2
0 0.441592 0.416667 0.029018 0.100529 0.438364 0.374238 1 0.438145 0.372319 1 0.438681 0.372474 1 0.435710 0.373401 2 0.440763 0.373637 2 0.433931 0.383451 2 0.441904 0.384386 2 0.431976 0.390705 2 0.445999 0.394896 2 0.435102 0.384166 2 0.452641 0.402955 2 0.435255 0.412184 2 0.440524 0.412692 2 0.433652 0.433036 2 0.440492 0.434674 2 0.431676 0.452069 2 0.439995 0.455755 2
0 0.489211 0.493386 0.033482 0.121693 0.487597 0.440952 2 0.488823 0.438153 2 0.486470 0.438609 2 0.491987 0.437488 2 0.486719 0.438540 1 0.493759 0.448147 2 0.490415 0.447673 2 0.487790 0.459242 2 0.487972 0.456687 2 0.479491 0.467060 2 0.483538 0.460180 2 0.497399 0.480493 2 0.494854 0.479666 2 0.494626 0.503435 2 0.492684 0.499712 2 0.497713 0.522806 2 0.495643 0.518097 2
0 0.219866 0.497354 0.024554 0.092593 0.219996 0.459283 2 0.220152 0.457316 2 0.219445 0.457253 1 0.222186 0.455447 2 0.221889 0.455664 1 0.224604 0.462261 2 0.226759 0.462770 2 0.221864 0.472639 2 0.222012 0.469556 1 0.221618 0.464926 2 0.221212 0.469349 1 0.227336 0.487845 2 0.229252 0.487947 2 0.215729 0.493427 2 0.221832 0.500049 2 0.221885 0.506798 2 0.228249 0.518928 2
0 0.281622 0.408730 0.014137 0.063492 0.281409 0.382141 1 0.282012 0.380968 1 0.281057 0.381251 1 0.283333 0.381397 1 0.281333 0.382022 1 0.283872 0.385476 2 0.281255 0.386029 2 0.283431 0.382171 2 0.280660 0.383698 1 0.281803 0.378854 2 0.281014 0.381031 1 0.283536 0.399696 2 0.281550 0.399799 2 0.283647 0.414394 2 0.281687 0.414274 2 0.284585 0.427732 2 0.282521 0.426316 2
0 0.275670 0.395503 0.018601 0.084656 0.274851 0.361079 2 0.275055 0.359417 2 0.274824 0.359534 1 0.277072 0.358796 2 0.276943 0.359088 1 0.280620 0.366628 2 0.278641 0.365396 2 0.279390 0.375573 2 0.276762 0.373187 1 0.274910 0.372911 2 0.274850 0.372779 1 0.282219 0.390121 2 0.280617 0.389152 2 0.282666 0.410221 2 0.280475 0.407596 2 0.284506 0.428097 2 0.281724 0.424751 2
0 0.408854 0.281085 0.020089 0.041005 0.410213 0.271170 1 0.410226 0.270338 2 0.410547 0.270470 1 0.411290 0.270079 2 0.413260 0.270007 1 0.411741 0.273165 2 0.415178 0.273068 2 0.409460 0.278195 2 0.413746 0.277916 1 0.407473 0.282151 2 0.409533 0.281136 1 0.412338 0.285848 2 0.414784 0.285302 2 0.406654 0.283555 2 0.409496 0.284026 2 0.404895 0.292937 2 0.407765 0.293497 2
0 0.531250 0.312831 0.020833 0.083333 0.530393 0.284506 2 0.530966 0.282700 2 0.529341 0.283165 2 0.531716 0.282856 2 0.527664 0.283872 2 0.534832 0.291200 2 0.526132 0.292750 2 0.536889 0.302282 2 0.523833 0.304349 2 0.537238 0.314040 2 0.523384 0.315992 2 0.533529 0.316372 2 0.527864 0.316902 2 0.533624 0.331859 2 0.528092 0.332855 2 0.532365 0.341666 2 0.528809 0.345113 2
0 0.383557 0.273810 0.009673 0.044974 0.386751 0.260870 1 0.386375 0.259934 1 0.386653 0.259966 1 0.384461 0.260439 1 0.386272 0.260634 2 0.383847 0.265467 2 0.386364 0.266041 2 0.383502 0.271325 1 0.387506 0.271788 2 0.384261 0.275170 1 0.388435 0.273932 2 0.384390 0.276001 2 0.386175 0.276428 2 0.385025 0.282624 2 0.387475 0.283235 2 0.382971 0.288360 2 0.386596 0.290214 2
