0 0.845982 0.655423 0.050595 0.128307 0.844583 0.608246 1 0.845005 0.605632 1 0.846817 0.606958 1 0.845244 0.608360 2 0.855539 0.611201 2 0.839940 0.620011 2 0.859243 0.631311 2 0.828076 0.629884 2 0.861119 0.660282 2 0.822690 0.625007 2 0.856871 0.671185 2 0.837617 0.672094 2 0.850448 0.675675 2 0.820565 0.664678 2 0.837263 0.670815 2 0.825654 0.705644 2 0.843316 0.710166 2
0 0.447545 0.488095 0.017113 0.074074 0.448062 0.463838 2 0.449050 0.462190 2 0.446832 0.462289 2 0.450471 0.463165 2 0.444924 0.463497 2 0.451884 0.472645 2 0.443913 0.472497 2 0.453973 0.483038 2 0.442165 0.481675 2 0.451898 0.488894 2 0.441028 0.488259 2 0.450504 0.491728 2 0.445079 0.491541 2 0.451744 0.503415 2 0.445304 0.503442 2 0.453258 0.514263 2 0.445009 0.514213 2
0 0.441592 0.462963 0.020089 0.119048 0.446098 0.417814 2 0.446532 0.415421 2 0.444501 0.416009 2 0.446522 0.416486 1 0.441004 0.417872 2 0.448312 0.428446 2 0.437583 0.430550 2 0.449804 0.443623 2 0.434606 0.447224 2 0.448693 0.445800 2 0.443321 0.445735 2 0.446993 0.461452 2 0.439590 0.462596 2 0.447468 0.486733 2 0.439346 0.487874 2 0.447048 0.509079 2 0.438484 0.510130 2
0 0.421875 0.387566 0.016369 0.087302 0.424771 0.354250 1 0.423793 0.352997 1 0.424325 0.353068 1 0.419688 0.354790 1 0.423001 0.355256 2 0.418613 0.362222 2 0.424634 0.362364 2 0.417921 0.354849 2 0.428375 0.353933 2 0.418815 0.350128 2 0.424156 0.351513 2 0.420697 0.384016 2 0.424420 0.384312 2 0.422189 0.402432 2 0.424318 0.402277 2 0.421794 0.419933 2 0.424229 0.420706 2
0 0.480655 0.416005 0.029762 0.101852 0.484509 0.378157 2 0.485290 0.376236 2 0.483813 0.376725 2 0.487626 0.376175 2 0.484194 0.377435 1 0.489484 0.384095 2 0.485912 0.384144 2 0.484531 0.393787 2 0.483159 0.393080 2 0.478263 0.398370 2 0.479059 0.397801 2 0.492853 0.409576 2 0.490058 0.409342 2 0.492669 0.428990 2 0.490103 0.426592 2 0.493359 0.443065 2 0.490703 0.438626 2
0 0.262649 0.423942 0.020833 0.075397 0.261467 0.402726 2 0.262066 0.400506 2 0.260159 0.401482 2 0.263456 0.399287 2 0.259559 0.401574 2 0.265381 0.405847 2 0.261974 0.407025 2 0.262617 0.414215 2 0.259919 0.412166 2 0.262486 0.407223 2 0.261529 0.411062 1 0.267045 0.426209 2 0.265075 0.426551 2 0.259473 0.433513 2 0.262044 0.436570 2 0.262167 0.449635 2 0.266803 0.454496 2
0 0.304688 0.368386 0.014137 0.056878 0.298841 0.331197 1 0.298844 0.329850 1 0.298984 0.330195 1 0.300455 0.329365 1 0.301637 0.329692 1 0.303401 0.333369 2 0.301996 0.332882 2 0.301801 0.343160 2 0.300713 0.342929 2 0.300048 0.341150 2 0.300310 0.341132 2 0.306100 0.354544 2 0.304910 0.354131 2 0.306890 0.372206 2 0.304892 0.370279 2 0.307772 0.390057 2 0.306890 0.385925 2
0 0.302827 0.355820 0.017857 0.076720 0.298746 0.330527 2 0.298963 0.329265 2 0.298873 0.328896 1 0.300463 0.328903 2 0.300981 0.327938 1 0.303619 0.334543 2 0.301960 0.332265 2 0.302144 0.343167 2 0.301113 0.339623 2 0.299068 0.341254 2 0.298915 0.340811 2 0.305826 0.353668 2 0.304403 0.352340 2 0.306657 0.371570 2 0.304123 0.368809 2 0.307848 0.386389 2 0.306100 0.384849 2
0 0.411830 0.265212 0.018601 0.035714 0.416694 0.256870 2 0.416686 0.256016 2 0.416876 0.256024 1 0.417223 0.255857 2 0.418685 0.255537 2 0.417581 0.259832 2 0.420118 0.259206 2 0.415316 0.265314 2 0.419618 0.264772 2 0.413930 0.266795 2 0.417371 0.268162 1 0.418206 0.270671 2 0.419863 0.269973 2 0.414465 0.269491 2 0.415605 0.269064 2 0.411885 0.276290 2 0.413084 0.276337 2
0 0.521577 0.280423 0.017857 0.074074 0.522576 0.254600 2 0.523135 0.253146 2 0.521739 0.253569 2 0.524077 0.253272 2 0.520619 0.254215 2 0.526670 0.260796 2 0.519493 0.261376 2 0.528204 0.271506 2 0.517394 0.270264 2 0.528282 0.281763 2 0.517199 0.280055 2 0.525008 0.281023 2 0.520338 0.281177 2 0.524950 0.294329 2 0.520632 0.295021 2 0.524260 0.306040 2 0.520676 0.308207 2
