0 0.918592 0.574230 0.018908 0.056022 0.927984 0.556314 2 0.928193 0.555346 1 0.927816 0.554763 2 0.926761 0.554778 1 0.926024 0.553409 2 0.926264 0.559905 2 0.921860 0.555935 2 0.925275 0.569311 2 0.916499 0.562020 2 0.925405 0.574641 2 0.914298 0.571425 2 0.919579 0.570713 2 0.916725 0.568178 2 0.916740 0.582231 2 0.913500 0.578246 2 0.911591 0.588611 2 0.909091 0.586489 2
0 0.933036 0.571429 0.015231 0.052288 0.938342 0.554946 2 0.938567 0.553887 1 0.938162 0.553266 2 0.937336 0.554266 1 0.936467 0.553045 2 0.937115 0.560061 2 0.931184 0.557349 2 0.937110 0.566157 2 0.925905 0.564991 2 0.938001 0.563734 2 0.925298 0.580658 1 0.929538 0.571081 2 0.925744 0.569423 2 0.929561 0.581224 2 0.925122 0.579249 2 0.926015 0.595862 2 0.923752 0.595002 2
0 0.921481 0.202148 0.015231 0.043884 0.926099 0.186742 2 0.926550 0.186072 2 0.925792 0.185641 2 0.926407 0.186704 1 0.924714 0.185696 2 0.925735 0.191230 2 0.922894 0.190377 2 0.925788 0.195458 2 0.919921 0.193231 2 0.926547 0.191235 2 0.922185 0.192091 2 0.921988 0.202337 2 0.920383 0.202036 2 0.918930 0.208878 2 0.919596 0.211062 2 0.917782 0.213935 2 0.919605 0.219578 2
0 0.682248 0.047152 0.009454 0.049486 0.682054 0.031283 2 0.682886 0.030199 2 0.681601 0.029936 2 0.684384 0.030761 2 0.681233 0.030125 2 0.684786 0.036702 2 0.680510 0.035683 2 0.683657 0.044267 1 0.678678 0.040490 2 0.682024 0.049091 1 0.676880 0.042314 2 0.683205 0.048382 2 0.680556 0.047798 2 0.681476 0.056905 2 0.680079 0.056707 2 0.679424 0.067018 2 0.679553 0.067757 2
0 0.829044 0.133053 0.015231 0.047619 0.833058 0.112895 2 0.833520 0.112088 2 0.832667 0.111772 2 0.833761 0.112227 1 0.831586 0.111439 2 0.833385 0.116919 2 0.829940 0.116402 2 0.832025 0.122399 2 0.828002 0.122699 2 0.831835 0.127010 2 0.829223 0.129134 2 0.830389 0.130166 2 0.827878 0.129651 2 0.829288 0.139095 2 0.825846 0.139025 2 0.827265 0.146084 2 0.823584 0.148367 2
0 0.321429 0.925303 0.024160 0.048553 0.314845 0.910128 2 0.314836 0.909638 2 0.315220 0.909084 1 0.315597 0.910042 2 0.316973 0.908466 1 0.319324 0.916567 2 0.317595 0.908904 2 0.319461 0.928142 2 0.311974 0.909066 2 0.318233 0.928829 2 0.307843 0.914154 2 0.325228 0.929258 2 0.324622 0.925871 2 0.319383 0.935011 2 0.319905 0.930955 2 0.317066 0.946932 2 0.318791 0.943369 2
0 0.104779 0.060691 0.011029 0.052288 0.103772 0.040211 2 0.103510 0.039192 1 0.103243 0.039317 2 0.102277 0.039788 1 0.101337 0.040414 2 0.102497 0.044164 2 0.099968 0.046821 2 0.104173 0.046989 2 0.099751 0.054061 2 0.103990 0.043938 2 0.099936 0.059401 2 0.104620 0.058580 2 0.103178 0.060446 2 0.105919 0.068499 2 0.105331 0.071886 2 0.107084 0.078314 2 0.108082 0.082090 2
0 0.842437 0.131653 0.013655 0.044818 0.847379 0.119973 2 0.847962 0.119277 2 0.847085 0.118625 2 0.847882 0.118862 1 0.845684 0.117158 2 0.846564 0.122777 2 0.843393 0.118944 2 0.844909 0.129393 2 0.841223 0.119986 2 0.844126 0.135306 2 0.841273 0.125429 2 0.842196 0.132209 2 0.839935 0.130414 2 0.841170 0.139074 2 0.838092 0.137483 2 0.839178 0.146773 2 0.836820 0.146533 2
0 0.400473 0.866013 0.027836 0.047619 0.404662 0.872801 2 0.406570 0.869529 2 0.403081 0.869579 2 0.409676 0.868996 2 0.400876 0.869121 2 0.416543 0.880658 2 0.397396 0.881339 2 0.418747 0.896576 1 0.394718 0.893138 1 0.411947 0.894605 1 0.397310 0.889214 1 0.414607 0.897224 1 0.401973 0.897140 1 0.411793 0.885324 1 0.396884 0.888424 1 0.407736 0.880101 1 0.404140 0.890391 1
0 0.823792 0.901494 0.023634 0.056956 0.832561 0.873792 2 0.833297 0.872950 2 0.832008 0.871818 1 0.835522 0.870570 1 0.832078 0.867689 1 0.838500 0.870910 2 0.832339 0.863749 2 0.834697 0.881398 2 0.827271 0.868159 2 0.830303 0.886168 2 0.822637 0.880695 2 0.838785 0.874859 2 0.834496 0.870378 2 0.833927 0.883713 2 0.828928 0.877355 2 0.831762 0.888457 1 0.826753 0.886553 1
0 0.864758 0.839869 0.022584 0.047619 0.871207 0.835673 2 0.872662 0.834277 2 0.870304 0.833447 2 0.873840 0.833701 1 0.867982 0.831848 2 0.870092 0.838536 2 0.866181 0.837853 2 0.867101 0.847919 2 0.865287 0.848770 2 0.867601 0.843954 2 0.868580 0.841783 2 0.861421 0.848976 2 0.858920 0.848190 2 0.858422 0.854351 2 0.857610 0.854451 2 0.852137 0.857617 2 0.852082 0.860828 2
0 0.852679 0.778711 0.026786 0.052288 0.853623 0.784724 2 0.854515 0.783477 2 0.852748 0.783313 2 0.855247 0.782466 1 0.850619 0.782172 2 0.856165 0.784962 2 0.848080 0.786588 2 0.861763 0.785137 2 0.845274 0.794728 2 0.858821 0.790716 2 0.849800 0.800461 2 0.851414 0.805000 2 0.846462 0.804619 2 0.847955 0.814046 1 0.843652 0.811275 1 0.845830 0.812744 1 0.842620 0.809928 1
0 0.930935 0.875350 0.028887 0.053221 0.939398 0.863642 2 0.939536 0.861895 1 0.939209 0.861650 2 0.937339 0.859554 1 0.936612 0.859397 2 0.935062 0.862843 2 0.931609 0.866533 2 0.935248 0.866578 2 0.927657 0.878749 2 0.937714 0.867843 2 0.926447 0.886243 2 0.929412 0.878771 2 0.927508 0.880383 2 0.927076 0.887521 2 0.925749 0.889127 2 0.921424 0.895939 2 0.921083 0.899192 2
0 0.669905 0.049953 0.006828 0.040149 0.674115 0.044483 1 0.674066 0.043505 1 0.674153 0.043408 1 0.672918 0.042881 1 0.673607 0.042680 2 0.672281 0.047197 2 0.671020 0.045522 2 0.671693 0.054207 2 0.666786 0.048219 2 0.672622 0.060322 1 0.666550 0.052733 2 0.668968 0.057623 2 0.668276 0.056984 2 0.669222 0.066849 2 0.668083 0.067140 2 0.668386 0.075545 2 0.666939 0.076562 2
0 0.669905 0.046218 0.006828 0.032680 0.673917 0.044266 1 0.673807 0.043208 1 0.673915 0.043363 1 0.672295 0.042232 1 0.673279 0.042959 2 0.670518 0.045291 2 0.671480 0.046428 2 0.666462 0.048402 2 0.667747 0.050125 2 0.666829 0.053667 1 0.667091 0.054510 1 0.667084 0.056943 2 0.667651 0.057426 2 0.668692 0.061074 2 0.668890 0.061441 2 0.668293 0.066640 1 0.668832 0.067926 1
0 0.811712 0.877218 0.017332 0.053221 0.817364 0.875853 1 0.816654 0.873767 1 0.817216 0.874987 1 0.812738 0.871381 1 0.815712 0.875328 2 0.808905 0.873199 2 0.814073 0.883424 2 0.807439 0.874822 2 0.813890 0.895893 2 0.809525 0.875161 1 0.814950 0.898207 2 0.805489 0.889851 2 0.809184 0.894670 2 0.802320 0.896693 2 0.807313 0.905510 2 0.800947 0.905204 2 0.805501 0.913689 2
0 0.243697 0.625584 0.014706 0.056022 0.241909 0.605431 1 0.241862 0.604230 1 0.241558 0.604363 1 0.240973 0.603075 1 0.240316 0.603574 2 0.241533 0.605541 2 0.238954 0.608639 2 0.244409 0.610541 2 0.239318 0.616375 2 0.246618 0.609759 2 0.243966 0.611184 2 0.244642 0.620742 2 0.242970 0.623033 2 0.245354 0.630190 2 0.244198 0.634600 2 0.246126 0.639053 2 0.244645 0.644885 2
0 0.245536 0.381419 0.011029 0.040149 0.249239 0.377936 2 0.249577 0.376780 2 0.248793 0.376542 2 0.249369 0.376311 1 0.246844 0.375885 2 0.248867 0.379990 2 0.245104 0.383022 2 0.252729 0.379820 2 0.247811 0.388921 2 0.250349 0.377215 2 0.249474 0.383649 2 0.250023 0.395596 2 0.247587 0.397593 2 0.253151 0.392160 1 0.253151 0.394651 2 0.251554 0.402285 1 0.251298 0.404287 1
0 0.794380 0.300187 0.016282 0.051354 0.798240 0.285355 1 0.798353 0.284204 1 0.798874 0.284356 1 0.798871 0.284996 2 0.801843 0.285066 1 0.798404 0.291605 2 0.801774 0.292031 2 0.795578 0.298225 2 0.800184 0.298801 1 0.793087 0.298859 2 0.795309 0.299093 1 0.796882 0.304759 2 0.799480 0.304639 2 0.791497 0.303688 2 0.796136 0.305040 2 0.790744 0.312421 2 0.798036 0.312309 2
