0 0.956101 0.296958 0.026786 0.096561 0.945927 0.237534 1 0.944939 0.235007 1 0.945957 0.235519 1 0.940532 0.235432 1 0.946224 0.237389 2 0.937607 0.248108 2 0.947294 0.251878 2 0.937500 0.261298 1 0.948753 0.268028 2 0.938239 0.271291 1 0.946225 0.276754 2 0.937500 0.281951 2 0.942248 0.283157 2 0.937500 0.302901 1 0.939183 0.305793 2 0.937500 0.325293 1 0.937500 0.329044 2
0 0.346726 0.157407 0.014881 0.066138 0.349801 0.135369 1 0.349837 0.134218 1 0.349316 0.134105 1 0.349354 0.134989 1 0.347996 0.134860 2 0.350428 0.141428 2 0.346156 0.141929 2 0.353075 0.148137 2 0.346001 0.150220 2 0.352509 0.146693 2 0.349685 0.147534 2 0.350847 0.158674 2 0.347616 0.159099 2 0.352730 0.173184 2 0.347161 0.173654 2 0.354024 0.187912 2 0.346553 0.188235 2
0 0.533482 0.444444 0.037202 0.142857 0.532638 0.393872 2 0.534347 0.390986 2 0.531224 0.390869 2 0.536826 0.389596 2 0.528845 0.389258 2 0.538908 0.399691 2 0.525449 0.400282 2 0.541477 0.417050 2 0.522380 0.418129 2 0.540226 0.433334 2 0.522220 0.434469 2 0.537312 0.431755 2 0.527487 0.432332 2 0.542216 0.458287 2 0.522828 0.460058 2 0.540314 0.479458 2 0.518741 0.481559 2
0 0.770089 0.329365 0.028274 0.119048 0.773671 0.282405 2 0.775375 0.280595 2 0.772917 0.279650 2 0.777760 0.282499 2 0.771814 0.280364 2 0.779855 0.295329 2 0.768503 0.293182 2 0.781293 0.313422 2 0.764249 0.307688 2 0.779484 0.327109 2 0.761350 0.323284 2 0.773773 0.327177 2 0.766722 0.325891 2 0.770253 0.352732 2 0.765633 0.353426 2 0.766419 0.373411 2 0.765933 0.378260 2
0 0.669271 0.182540 0.017113 0.068783 0.665902 0.157417 1 0.665947 0.156066 1 0.666248 0.156129 1 0.665262 0.156922 2 0.668717 0.156682 2 0.664181 0.164624 2 0.670636 0.164016 2 0.662705 0.174620 2 0.672132 0.173433 2 0.663612 0.180265 2 0.671783 0.179341 2 0.665995 0.182240 2 0.670377 0.182064 2 0.665492 0.197498 2 0.669767 0.197346 2 0.665762 0.212518 2 0.669825 0.212342 2
0 0.659598 0.478836 0.033482 0.166667 0.655733 0.414770 2 0.656943 0.411756 2 0.657101 0.412218 1 0.659774 0.415180 2 0.664665 0.415475 2 0.654013 0.435491 2 0.668753 0.435940 2 0.648240 0.455161 2 0.671907 0.464485 2 0.649922 0.452756 2 0.674438 0.486158 2 0.653964 0.482517 2 0.664137 0.482122 2 0.651188 0.514108 2 0.663106 0.513395 2 0.651013 0.549520 2 0.662305 0.543275 2
0 0.352307 0.480820 0.027530 0.154762 0.355428 0.425559 2 0.354792 0.422112 1 0.353485 0.423010 2 0.352443 0.424060 1 0.348404 0.426565 2 0.352854 0.440701 2 0.346739 0.444768 2 0.354389 0.459697 2 0.348725 0.469886 2 0.359242 0.470249 2 0.353701 0.487905 2 0.352801 0.480234 2 0.348125 0.482396 2 0.356415 0.508651 2 0.348045 0.512409 2 0.354484 0.535776 2 0.346840 0.540377 2
0 0.456845 0.451720 0.035714 0.144180 0.462221 0.398449 2 0.463186 0.395521 2 0.460450 0.395832 2 0.463527 0.395277 1 0.455650 0.395930 2 0.464239 0.408203 2 0.451358 0.410985 2 0.465011 0.424822 2 0.445882 0.429437 2 0.461601 0.436305 2 0.447569 0.450129 2 0.460832 0.446395 2 0.451613 0.448086 2 0.462724 0.474230 2 0.451637 0.481553 2 0.460290 0.495933 2 0.443956 0.509647 2
0 0.210193 0.419312 0.033482 0.140212 0.215932 0.368232 2 0.215926 0.365811 2 0.214199 0.366099 2 0.213699 0.368285 1 0.210113 0.368858 2 0.209613 0.383911 2 0.210154 0.383784 2 0.209720 0.404527 1 0.207236 0.406615 2 0.213163 0.418537 1 0.210375 0.425379 2 0.211574 0.424265 2 0.212412 0.424857 2 0.215311 0.451282 2 0.218578 0.450313 2 0.210058 0.479349 2 0.211729 0.476249 2
0 0.307664 0.416005 0.021577 0.144180 0.308058 0.367032 2 0.307706 0.364028 2 0.306524 0.364711 2 0.305610 0.365155 1 0.302460 0.366997 2 0.304455 0.378717 2 0.303088 0.382885 2 0.306873 0.396223 2 0.304356 0.403373 2 0.312303 0.407969 2 0.310654 0.415890 2 0.305620 0.413619 2 0.304744 0.416131 2 0.306375 0.441587 2 0.304942 0.446628 2 0.305770 0.467498 2 0.303151 0.475857 2
0 0.481027 0.466270 0.045387 0.117725 0.485519 0.430153 2 0.486805 0.427161 2 0.483847 0.427759 2 0.488773 0.424518 1 0.480285 0.425650 2 0.489925 0.431581 2 0.475092 0.431476 2 0.495480 0.445262 2 0.469440 0.445152 2 0.498299 0.454210 2 0.474703 0.448437 2 0.484225 0.450923 2 0.473422 0.451033 2 0.490063 0.476883 2 0.469913 0.476981 2 0.493836 0.506073 2 0.466323 0.502422 2
0 0.291667 0.495370 0.040179 0.165344 0.298952 0.427804 2 0.298736 0.424476 1 0.296858 0.425661 2 0.295792 0.427062 1 0.292186 0.429925 2 0.295522 0.444007 2 0.290063 0.447803 2 0.298421 0.461063 2 0.283122 0.470072 2 0.299826 0.470496 2 0.278889 0.491895 2 0.290807 0.486470 2 0.288641 0.487967 2 0.288039 0.517950 2 0.292586 0.520452 2 0.281063 0.550326 2 0.290499 0.554204 2
0 0.512277 0.491402 0.057292 0.138889 0.509209 0.443773 1 0.508910 0.440594 1 0.509260 0.441001 1 0.504329 0.443272 2 0.513061 0.443642 2 0.502491 0.462146 2 0.516237 0.464678 2 0.500031 0.483516 2 0.521015 0.489655 2 0.507854 0.488875 1 0.522939 0.491947 2 0.504518 0.503782 2 0.515851 0.505191 2 0.501000 0.524615 2 0.524577 0.525715 2 0.493911 0.547602 2 0.531255 0.553381 2
0 0.447917 0.414021 0.034226 0.140212 0.462027 0.399095 2 0.463062 0.395801 2 0.460204 0.396194 2 0.463582 0.394613 1 0.455308 0.395415 2 0.463333 0.407867 2 0.450890 0.410361 2 0.463764 0.425913 2 0.445481 0.431092 2 0.460150 0.438968 2 0.446944 0.452849 2 0.459896 0.446799 2 0.450935 0.448469 2 0.462883 0.475059 2 0.450432 0.480242 2 0.462521 0.499199 2 0.444287 0.506934 2
0 0.208333 0.357804 0.025298 0.125661 0.216449 0.368359 2 0.216660 0.365845 2 0.214609 0.366010 2 0.215243 0.368172 1 0.210086 0.368538 2 0.214265 0.383372 2 0.209181 0.384509 2 0.217807 0.395306 2 0.207584 0.407114 2 0.218491 0.383236 2 0.211194 0.427494 2 0.215977 0.427006 2 0.213048 0.427764 2 0.216691 0.445726 1 0.218032 0.445726 1 0.213638 0.445434 1 0.215362 0.445726 1
0 0.174851 0.347222 0.028274 0.123016 0.169038 0.300441 2 0.170349 0.297730 2 0.167642 0.298368 2 0.172894 0.299192 2 0.167412 0.300612 1 0.176456 0.312964 2 0.167878 0.313877 2 0.180840 0.329060 2 0.168422 0.328281 2 0.180184 0.344849 2 0.165208 0.334113 2 0.177730 0.343818 2 0.173619 0.343988 2 0.172906 0.367916 2 0.177770 0.366762 2 0.169710 0.393309 2 0.184709 0.387757 2
0 0.553199 0.207672 0.018601 0.087302 0.552166 0.174416 1 0.552268 0.172584 1 0.552573 0.172748 1 0.551290 0.173448 2 0.555586 0.173533 2 0.549201 0.183765 2 0.557414 0.184315 2 0.547326 0.196515 2 0.558756 0.198591 2 0.546151 0.206920 2 0.559206 0.207826 2 0.550225 0.206645 2 0.556085 0.206873 2 0.549188 0.224808 2 0.556281 0.225238 2 0.549269 0.243793 2 0.556467 0.243180 2
0 0.934152 0.281085 0.029018 0.115079 0.946127 0.238338 1 0.945386 0.235927 1 0.946286 0.236492 1 0.940414 0.236300 2 0.946758 0.238084 2 0.935190 0.248415 2 0.947696 0.251830 2 0.929793 0.263636 2 0.948759 0.267980 2 0.927439 0.276106 2 0.945715 0.275208 2 0.933016 0.280805 2 0.941002 0.282521 2 0.933057 0.302262 2 0.938668 0.305724 2 0.931632 0.323761 2 0.934183 0.326709 2
0 0.419271 0.289683 0.021577 0.103175 0.412592 0.251573 2 0.412950 0.249145 2 0.412725 0.249588 1 0.415533 0.249224 2 0.415584 0.250075 1 0.420331 0.260316 2 0.416732 0.260546 2 0.420922 0.276436 2 0.415949 0.275535 1 0.413429 0.272960 2 0.412547 0.272294 1 0.419227 0.288982 2 0.416535 0.288137 2 0.417661 0.314508 2 0.414527 0.313932 2 0.417478 0.340152 2 0.413257 0.339891 2
0 0.789435 0.274471 0.020833 0.085979 0.775434 0.282541 2 0.776289 0.280512 2 0.775298 0.280536 1 0.777932 0.281798 2 0.775298 0.281814 1 0.779998 0.294933 2 0.775298 0.294287 1 0.782291 0.312815 2 0.775669 0.310883 1 0.780058 0.328810 2 0.776071 0.327005 1 0.777192 0.324762 2 0.775298 0.324143 1 0.778799 0.333107 1 0.775298 0.331954 1 0.778821 0.333693 1 0.775298 0.333051 1
0 0.812872 0.273810 0.024554 0.082011 0.811266 0.243247 2 0.811116 0.241115 1 0.810286 0.241052 2 0.809514 0.241954 1 0.807092 0.242185 2 0.809106 0.248013 2 0.803028 0.252354 2 0.812169 0.262657 2 0.808624 0.265135 2 0.815958 0.270107 2 0.813662 0.274985 2 0.810227 0.269413 2 0.805784 0.274559 2 0.820999 0.269386 2 0.813229 0.286744 2 0.813198 0.284237 2 0.815227 0.306175 2
0 0.957217 0.928571 0.061756 0.134921 0.964563 0.901247 2 0.969615 0.897732 2 0.963797 0.893322 2 0.977108 0.902357 2 0.961453 0.891432 1 0.976850 0.931687 2 0.952773 0.918398 2 0.964995 0.972126 2 0.941588 0.954371 2 0.945718 0.974538 2 0.937590 0.975969 2 0.961741 0.996126 2 0.945030 0.988098 2 0.952763 0.979191 1 0.932954 0.970481 1 0.946616 0.992997 1 0.934766 0.998152 1
0 0.540923 0.327381 0.023810 0.064815 0.541290 0.311425 2 0.542394 0.309650 2 0.540413 0.309330 2 0.543629 0.306089 1 0.539082 0.305418 2 0.545180 0.304398 2 0.534761 0.303573 2 0.549312 0.317870 2 0.530783 0.317362 2 0.545203 0.320053 2 0.537370 0.321264 2 0.541834 0.321872 2 0.534929 0.321884 2 0.548789 0.324249 2 0.531079 0.324851 2 0.544701 0.346948 2 0.536041 0.345813 2
0 0.531622 0.164021 0.017113 0.066138 0.530748 0.141446 2 0.531193 0.140554 2 0.531320 0.140227 1 0.532467 0.141510 2 0.533585 0.140617 1 0.532561 0.149194 2 0.535844 0.148656 2 0.530984 0.157113 2 0.534893 0.157611 1 0.528804 0.157036 2 0.531705 0.160116 1 0.533000 0.168715 2 0.534411 0.168007 2 0.533318 0.182215 2 0.531432 0.181327 2 0.539127 0.192002 2 0.529342 0.194394 2
0 0.128348 0.337302 0.018601 0.042328 0.124403 0.327170 2 0.125542 0.325352 2 0.123736 0.325732 2 0.127889 0.325674 2 0.123545 0.326380 1 0.129160 0.331949 2 0.125571 0.332221 2 0.126811 0.340735 2 0.124430 0.339047 2 0.122704 0.342531 2 0.122162 0.342474 2 0.134643 0.343753 2 0.131875 0.343448 2 0.126522 0.342046 2 0.123649 0.341669 2 0.131902 0.348177 2 0.129506 0.348263 2
0 0.097842 0.318783 0.031994 0.058201 0.098940 0.310698 2 0.100226 0.308259 2 0.097685 0.308605 2 0.102464 0.305148 2 0.095662 0.306264 2 0.104021 0.309682 2 0.093177 0.313057 2 0.109096 0.319339 2 0.089046 0.326444 2 0.110280 0.333852 2 0.089650 0.339672 2 0.103297 0.322558 2 0.095887 0.324486 2 0.106343 0.322337 2 0.090516 0.326283 2 0.108856 0.336762 2 0.090899 0.338938 2
0 0.162946 0.185185 0.010417 0.031746 0.163169 0.177669 2 0.163550 0.176781 2 0.162736 0.176852 2 0.164181 0.176800 1 0.162157 0.177065 2 0.164675 0.180398 2 0.161192 0.181583 2 0.165517 0.185473 2 0.161025 0.188083 2 0.165135 0.190949 2 0.161581 0.194231 2 0.164931 0.189528 2 0.162433 0.190485 2 0.167712 0.191812 2 0.163089 0.193643 2 0.167756 0.199932 2 0.163339 0.201009 2
0 0.193452 0.134921 0.017857 0.047619 0.189752 0.115796 1 0.189745 0.114927 1 0.190004 0.114727 1 0.189478 0.115726 2 0.192178 0.114882 2 0.189104 0.121702 2 0.193789 0.119466 2 0.186982 0.126898 2 0.195578 0.123501 2 0.184741 0.124620 2 0.193687 0.123628 2 0.191784 0.135876 2 0.194876 0.134952 2 0.192605 0.146475 2 0.195940 0.144144 2 0.193524 0.157313 2 0.197719 0.153540 2
0 0.782366 0.185185 0.018601 0.052910 0.786801 0.170399 1 0.786437 0.169262 1 0.786904 0.169539 1 0.784261 0.169432 1 0.787210 0.170330 2 0.782677 0.174371 2 0.786704 0.175770 2 0.782034 0.181377 2 0.786966 0.184295 2 0.783596 0.187815 1 0.787008 0.189316 2 0.780361 0.187416 2 0.783159 0.187846 2 0.781353 0.197627 2 0.783812 0.197692 2 0.779926 0.207631 2 0.782350 0.207552 2
0 0.885789 0.212302 0.018601 0.083333 0.892160 0.182377 2 0.892634 0.180965 2 0.891182 0.180849 2 0.892499 0.182631 1 0.889135 0.182007 2 0.891258 0.192095 2 0.887656 0.190054 2 0.891845 0.201022 2 0.888900 0.194547 2 0.895694 0.201359 2 0.890254 0.188406 2 0.890126 0.212690 2 0.887610 0.212293 2 0.889607 0.228276 2 0.888122 0.229161 2 0.884875 0.241677 2 0.883917 0.241137 2
0 0.571057 0.085317 0.011161 0.033069 0.570171 0.074394 2 0.570504 0.073729 2 0.569865 0.073764 2 0.571055 0.073993 2 0.569618 0.074121 2 0.571653 0.077829 2 0.569424 0.077986 2 0.572525 0.082859 2 0.568693 0.082950 2 0.572061 0.086597 2 0.568005 0.086604 2 0.570881 0.088036 2 0.569519 0.087955 2 0.569827 0.095556 2 0.569253 0.095593 2 0.570589 0.102971 2 0.570147 0.102829 2
0 0.906622 0.189815 0.020089 0.038360 0.906185 0.177470 2 0.906933 0.176080 2 0.905545 0.176340 2 0.908318 0.175978 2 0.904746 0.176595 2 0.909791 0.182694 2 0.903157 0.184024 2 0.908203 0.192964 2 0.900727 0.196426 2 0.902785 0.196833 2 0.904883 0.195303 2 0.907525 0.205915 2 0.902741 0.206242 2 0.907377 0.215257 1 0.902195 0.215257 1 0.906809 0.213789 1 0.901122 0.213355 1
0 0.940848 0.192460 0.020089 0.033069 0.942043 0.188322 2 0.942695 0.186821 2 0.941236 0.187053 2 0.943618 0.185797 2 0.940131 0.186324 2 0.945200 0.189724 2 0.938763 0.189857 2 0.946268 0.198989 2 0.937573 0.198083 2 0.943459 0.203061 2 0.937646 0.204440 2 0.943620 0.203628 2 0.939406 0.203444 2 0.944076 0.207052 2 0.936356 0.207513 2 0.940158 0.210052 2 0.937002 0.209947 1
