0 0.782826 0.350607 0.013130 0.060691 0.790571 0.336049 2 0.791180 0.334691 2 0.790039 0.334458 2 0.791184 0.333774 1 0.788053 0.332891 2 0.790691 0.339616 2 0.784800 0.338982 2 0.790902 0.348906 2 0.781944 0.348413 2 0.790923 0.354568 2 0.785725 0.352556 2 0.788039 0.358906 2 0.784337 0.358932 2 0.786893 0.373917 2 0.784680 0.373707 2 0.783198 0.384612 2 0.781245 0.385390 2
0 0.788340 0.352007 0.016807 0.050420 0.790832 0.335982 2 0.791381 0.334502 2 0.790274 0.334333 2 0.791329 0.333191 1 0.788157 0.332624 2 0.790942 0.338223 2 0.784529 0.339309 2 0.794500 0.345196 2 0.781215 0.348879 2 0.792771 0.341760 2 0.785196 0.353429 2 0.788740 0.358797 2 0.784692 0.360021 2 0.790342 0.370629 2 0.785534 0.375459 2 0.785236 0.377745 2 0.780290 0.384144 2
0 0.259716 0.730626 0.020483 0.073763 0.255297 0.705639 1 0.254718 0.704608 1 0.254889 0.704647 1 0.251885 0.707227 1 0.254300 0.707623 2 0.251499 0.716180 2 0.256122 0.718070 2 0.254199 0.724929 1 0.259136 0.731140 2 0.258390 0.730931 1 0.261888 0.739538 2 0.253342 0.735982 2 0.257030 0.736920 2 0.255520 0.750005 2 0.260754 0.750013 2 0.256954 0.762227 2 0.263784 0.765107 2
0 0.268645 0.698413 0.022584 0.095238 0.254158 0.711731 2 0.254447 0.710032 2 0.254012 0.710262 1 0.255142 0.710011 2 0.254882 0.710411 1 0.256968 0.718199 2 0.254840 0.718926 2 0.259768 0.731434 2 0.257622 0.732553 2 0.261870 0.740720 2 0.260382 0.740648 2 0.257415 0.738371 2 0.255554 0.738999 2 0.260793 0.751018 2 0.256885 0.752206 2 0.262746 0.762597 2 0.257264 0.763529 1
0 0.776786 0.660598 0.024160 0.096172 0.778121 0.633652 2 0.779048 0.631665 2 0.777819 0.631401 2 0.782085 0.631267 2 0.780139 0.630546 1 0.780679 0.641396 2 0.784212 0.639341 2 0.777620 0.657253 2 0.781623 0.647977 1 0.773889 0.652922 2 0.776445 0.647863 2 0.777908 0.666015 2 0.781285 0.665184 2 0.771417 0.678081 2 0.780002 0.683496 2 0.768968 0.695131 2 0.779123 0.702401 2
0 0.920693 0.853408 0.033613 0.097106 0.929939 0.824231 2 0.931590 0.821999 2 0.928701 0.821473 2 0.933724 0.822933 2 0.926607 0.821018 2 0.934526 0.835752 2 0.924084 0.825881 2 0.930973 0.849707 2 0.918935 0.833615 2 0.922768 0.843043 2 0.920108 0.838412 2 0.926374 0.852971 2 0.919418 0.846360 2 0.920567 0.871549 2 0.914927 0.856234 2 0.918456 0.892158 2 0.916863 0.872447 2
0 0.948267 0.930439 0.035189 0.107376 0.950048 0.897898 2 0.951755 0.896895 2 0.950364 0.894783 2 0.955366 0.899316 2 0.951806 0.893924 1 0.956658 0.914673 2 0.949486 0.899653 2 0.954987 0.934824 2 0.942570 0.900820 2 0.949126 0.944905 2 0.939982 0.894774 2 0.947236 0.937756 2 0.942668 0.928931 2 0.940805 0.950608 2 0.937409 0.940405 2 0.942034 0.956407 2 0.938548 0.949287 2
0 0.950105 0.887955 0.035714 0.100840 0.949755 0.898522 2 0.951821 0.897330 2 0.950040 0.894724 2 0.955892 0.899388 2 0.950968 0.892826 1 0.956742 0.914947 2 0.949315 0.900065 2 0.953764 0.933800 2 0.942475 0.901395 2 0.948747 0.946461 2 0.940099 0.894095 2 0.948231 0.938891 2 0.942946 0.930013 2 0.941549 0.952350 2 0.936465 0.937972 2 0.946875 0.952504 1 0.939472 0.942288 1
0 0.478992 0.540616 0.021008 0.084034 0.480081 0.513463 2 0.481109 0.511681 2 0.479219 0.511616 2 0.482543 0.510608 2 0.477511 0.510351 2 0.484717 0.518521 2 0.475242 0.518393 2 0.486195 0.530747 2 0.472788 0.529792 2 0.485863 0.541595 2 0.473192 0.540612 2 0.483030 0.540489 2 0.476345 0.540471 2 0.484354 0.555312 2 0.474370 0.555585 2 0.484917 0.570037 2 0.473402 0.572225 2
0 0.587185 0.027077 0.012605 0.031746 0.588953 0.019973 1 0.588911 0.019160 1 0.588881 0.019192 1 0.588079 0.018764 2 0.589080 0.018870 2 0.586574 0.022348 2 0.590066 0.022636 2 0.584728 0.027647 2 0.591310 0.029002 2 0.585022 0.033394 2 0.590669 0.033652 2 0.586753 0.032792 2 0.589101 0.032744 2 0.586907 0.038412 2 0.589007 0.037482 2 0.586218 0.044328 2 0.588424 0.042855 2
0 0.715336 0.361811 0.016807 0.045752 0.718093 0.348546 2 0.718542 0.347785 2 0.717748 0.347451 2 0.718614 0.347119 1 0.716150 0.346215 2 0.718845 0.350457 2 0.713254 0.350795 2 0.721258 0.355481 2 0.711426 0.358183 2 0.723033 0.358423 2 0.714930 0.358555 2 0.717558 0.362200 2 0.713959 0.363007 2 0.720133 0.360987 2 0.717039 0.361636 2 0.720214 0.372994 2 0.715898 0.374960 2
0 0.732668 0.375350 0.019958 0.072829 0.728943 0.349378 2 0.729221 0.347480 2 0.728371 0.348063 2 0.731111 0.345674 2 0.729219 0.347143 1 0.734548 0.351805 2 0.731882 0.352244 2 0.735690 0.363204 2 0.729777 0.360738 2 0.731536 0.368317 2 0.726502 0.365003 2 0.736478 0.372337 2 0.735141 0.371976 2 0.733595 0.386957 2 0.734372 0.386710 2 0.734363 0.401791 2 0.735913 0.401397 2
0 0.787553 0.322129 0.015231 0.063492 0.791111 0.303338 2 0.792015 0.302530 2 0.790697 0.301694 2 0.792654 0.303161 2 0.789407 0.301081 2 0.793067 0.309457 2 0.786396 0.306356 2 0.793792 0.319347 2 0.782836 0.314249 2 0.792419 0.327333 2 0.780915 0.323195 2 0.789571 0.328328 2 0.784943 0.326607 2 0.789401 0.341811 1 0.783086 0.339376 1 0.789597 0.348636 1 0.782239 0.347664 1
0 0.690651 0.140056 0.012605 0.050420 0.693155 0.125395 1 0.693353 0.124484 1 0.692761 0.124457 1 0.693006 0.124934 1 0.691825 0.124954 2 0.693294 0.129475 2 0.690477 0.129821 2 0.693824 0.135169 2 0.687584 0.133837 2 0.694346 0.140128 2 0.686120 0.138974 2 0.691961 0.141662 2 0.690435 0.142111 2 0.691210 0.149305 2 0.691286 0.151966 2 0.689204 0.156626 2 0.690601 0.161509 2
0 0.611870 0.039683 0.012605 0.040149 0.612713 0.027428 1 0.612693 0.026689 1 0.612853 0.026765 1 0.611961 0.026909 2 0.613905 0.027053 2 0.610854 0.031127 2 0.614907 0.031216 2 0.609634 0.037044 2 0.615605 0.037122 2 0.609577 0.041243 2 0.615064 0.041087 2 0.611227 0.042367 2 0.613987 0.042348 2 0.610954 0.050271 2 0.613642 0.050142 2 0.611379 0.057879 2 0.613445 0.057429 2
0 0.631828 0.075163 0.012605 0.040149 0.632557 0.061267 2 0.632983 0.060444 1 0.632162 0.060339 2 0.633376 0.060889 1 0.631567 0.060572 2 0.633825 0.065793 2 0.630411 0.065325 2 0.634447 0.071946 2 0.628511 0.070732 2 0.634684 0.073218 2 0.628368 0.071673 2 0.632884 0.079169 2 0.630746 0.079037 2 0.632393 0.088946 2 0.630701 0.089140 2 0.631636 0.098202 2 0.630504 0.098654 2
