0 0.549851 0.921958 0.050595 0.153439 0.549783 0.871959 2 0.552937 0.868155 2 0.547759 0.867324 2 0.557786 0.870824 2 0.544574 0.868837 2 0.562634 0.898272 2 0.537495 0.896197 2 0.571243 0.928547 2 0.529624 0.928921 2 0.564362 0.956503 2 0.528594 0.965436 2 0.553759 0.972623 2 0.537216 0.970589 2 0.550407 1.000000 1 0.534132 1.000000 1 0.547683 0.995685 1 0.531506 0.991459 1
0 0.147693 0.714947 0.048363 0.154762 0.149180 0.656864 2 0.151101 0.654167 2 0.147648 0.654200 2 0.154525 0.655848 2 0.145529 0.656465 2 0.157614 0.670639 2 0.143689 0.671509 2 0.161132 0.681117 2 0.136153 0.681157 2 0.158215 0.688856 2 0.130809 0.690310 2 0.156674 0.709960 2 0.146641 0.710052 2 0.160666 0.738354 2 0.142339 0.738619 2 0.166930 0.766561 2 0.142508 0.766748 2
0 0.495908 0.668651 0.039435 0.146825 0.485227 0.610803 2 0.486717 0.607790 2 0.484497 0.608640 2 0.491381 0.607686 2 0.484932 0.609889 1 0.497582 0.620321 2 0.484354 0.624225 2 0.504163 0.633328 2 0.482226 0.640062 2 0.507041 0.644761 2 0.484399 0.652321 2 0.495795 0.661023 2 0.485622 0.662576 2 0.502321 0.689179 2 0.483413 0.691338 2 0.506018 0.718004 2 0.479172 0.722168 2
0 0.483631 0.668651 0.032738 0.123016 0.485175 0.611370 2 0.486529 0.608478 2 0.484882 0.609088 2 0.491390 0.608114 2 0.485877 0.609686 1 0.498074 0.620678 2 0.483614 0.623500 2 0.505043 0.634674 2 0.483015 0.640246 2 0.505952 0.647228 2 0.485717 0.653047 2 0.497423 0.661786 2 0.486471 0.662790 2 0.501570 0.693164 2 0.482217 0.693867 2 0.504028 0.723601 2 0.479374 0.723386 2
0 0.432292 0.531746 0.022321 0.095238 0.433600 0.497942 1 0.432692 0.496158 1 0.433534 0.495921 1 0.428457 0.497023 2 0.433090 0.496915 2 0.425934 0.507667 2 0.433618 0.507071 2 0.425438 0.520925 2 0.435550 0.520231 2 0.427885 0.528028 2 0.437946 0.529293 2 0.428524 0.528840 2 0.433665 0.528905 2 0.430869 0.548381 2 0.434309 0.547697 2 0.432025 0.567659 2 0.433674 0.566559 2
0 0.456101 0.534392 0.025298 0.097884 0.449463 0.494861 2 0.450134 0.493109 2 0.449974 0.493117 1 0.452151 0.494719 2 0.454600 0.494309 1 0.450100 0.504022 2 0.458628 0.505151 2 0.445823 0.512910 2 0.460556 0.517500 2 0.447579 0.516908 2 0.457785 0.524650 2 0.451835 0.531567 2 0.457621 0.532252 2 0.451114 0.549879 2 0.457251 0.552607 2 0.449613 0.567834 2 0.456824 0.571375 2
0 0.492932 0.542328 0.015625 0.076720 0.490966 0.513951 1 0.490770 0.512737 1 0.491265 0.512706 1 0.489095 0.513866 2 0.493013 0.513822 2 0.487881 0.522082 2 0.494362 0.522170 2 0.486374 0.531390 2 0.495614 0.532778 2 0.485884 0.541038 2 0.496646 0.541957 2 0.489330 0.541496 2 0.493645 0.541448 2 0.490648 0.555729 2 0.493918 0.554694 2 0.491654 0.570119 2 0.493702 0.569420 2
0 0.495164 0.524471 0.017113 0.088624 0.491128 0.513722 1 0.491161 0.512379 1 0.491316 0.512534 1 0.489945 0.513015 2 0.492975 0.513291 2 0.488229 0.520305 2 0.494457 0.520626 2 0.485809 0.528288 2 0.495835 0.530721 2 0.486459 0.529333 2 0.497349 0.541597 2 0.489493 0.540452 2 0.493667 0.540637 2 0.490196 0.555898 2 0.494579 0.555195 2 0.490659 0.570617 2 0.494252 0.569993 2
0 0.462426 0.500000 0.015625 0.082011 0.451637 0.496159 1 0.451637 0.494352 1 0.451812 0.494369 1 0.451736 0.494914 2 0.455284 0.494782 1 0.451637 0.504529 1 0.458658 0.504824 2 0.451637 0.517689 1 0.460830 0.518932 2 0.452253 0.524578 1 0.458754 0.526492 2 0.452439 0.532036 2 0.457892 0.531791 2 0.451637 0.552536 1 0.457831 0.552201 2 0.451637 0.556403 1 0.458309 0.556403 2
0 0.446429 0.492725 0.016369 0.083333 0.449251 0.494771 1 0.449766 0.493103 2 0.449868 0.493079 1 0.451641 0.494707 2 0.454325 0.494305 1 0.450161 0.504725 2 0.457272 0.503964 2 0.444666 0.510620 2 0.453522 0.510916 1 0.443402 0.505461 2 0.447406 0.509413 1 0.451864 0.533286 2 0.456969 0.532745 2 0.450622 0.549893 2 0.457589 0.549667 1 0.449914 0.549893 1 0.457589 0.549893 1
0 0.376860 0.440476 0.017113 0.063492 0.379239 0.418309 1 0.379091 0.417077 1 0.379264 0.417235 1 0.377585 0.417236 2 0.380060 0.417455 2 0.376573 0.423112 2 0.380634 0.423062 2 0.374811 0.430192 2 0.381456 0.429700 2 0.375921 0.435800 2 0.380174 0.435192 2 0.376958 0.437983 2 0.379806 0.438031 2 0.376893 0.450926 2 0.380290 0.450739 2 0.376023 0.462182 2 0.381047 0.462060 2
0 0.563244 0.435185 0.013393 0.044974 0.566402 0.422414 2 0.566290 0.421644 1 0.566199 0.421654 2 0.565537 0.421380 1 0.565232 0.421480 2 0.565569 0.424934 2 0.564022 0.425404 2 0.566415 0.429661 2 0.563666 0.431058 2 0.567002 0.433973 2 0.564026 0.436070 2 0.565454 0.434992 2 0.564431 0.435330 2 0.565652 0.440979 2 0.564367 0.441364 2 0.565373 0.445652 1 0.563665 0.445996 1
0 0.524554 0.453042 0.010417 0.038360 0.521800 0.443100 2 0.522033 0.442133 2 0.521430 0.442301 1 0.522668 0.442316 2 0.521491 0.442491 1 0.523805 0.446061 2 0.523378 0.445962 2 0.525559 0.451858 2 0.524935 0.451346 1 0.524944 0.455701 2 0.524565 0.455214 1 0.527435 0.453504 2 0.527171 0.453436 2 0.526075 0.461457 2 0.526428 0.460638 2 0.526069 0.469449 2 0.526341 0.468164 2
