0 0.852153 0.091503 0.015231 0.048553 0.857019 0.074319 2 0.857030 0.073392 1 0.856557 0.073382 2 0.856118 0.073880 1 0.854862 0.074032 2 0.857630 0.078637 2 0.852469 0.080047 2 0.860252 0.078913 2 0.849830 0.084665 2 0.859974 0.078614 2 0.849697 0.090713 2 0.853893 0.095216 2 0.850537 0.095016 2 0.851023 0.106890 2 0.847765 0.106322 2 0.847889 0.114304 2 0.844964 0.116436 2
0 0.860557 0.088235 0.013130 0.055089 0.867869 0.068048 1 0.867710 0.066942 1 0.867844 0.066980 1 0.865948 0.067012 1 0.867543 0.067126 2 0.864041 0.072537 2 0.865544 0.072328 2 0.861298 0.078467 2 0.863335 0.078777 2 0.863790 0.072744 2 0.863198 0.073442 2 0.861088 0.087149 2 0.862130 0.086722 2 0.857315 0.096907 2 0.858430 0.096507 2 0.853845 0.108189 2 0.856053 0.106526 2
0 0.949580 0.055089 0.018908 0.044818 0.960112 0.028693 2 0.960565 0.027545 2 0.959805 0.027499 2 0.961679 0.026500 2 0.959762 0.026356 1 0.961992 0.030510 2 0.960051 0.030010 2 0.961448 0.038083 2 0.959037 0.036764 2 0.959393 0.044648 2 0.957229 0.043734 2 0.961146 0.040362 2 0.959978 0.039780 2 0.958974 0.049199 2 0.957938 0.048597 2 0.957237 0.058472 2 0.956527 0.057440 2
0 0.386292 0.780112 0.027836 0.047619 0.387455 0.768050 2 0.388533 0.765869 2 0.386194 0.766218 2 0.390298 0.762868 1 0.384330 0.763997 2 0.392482 0.764569 2 0.382997 0.768795 2 0.395531 0.774668 2 0.384525 0.785191 2 0.394988 0.785826 2 0.388591 0.796102 2 0.392000 0.781080 2 0.385538 0.782868 2 0.392790 0.790282 2 0.383157 0.791480 2 0.392068 0.792490 1 0.385499 0.793166 1
0 0.857931 0.835668 0.033088 0.063492 0.865243 0.794840 2 0.866511 0.793971 2 0.865201 0.792932 2 0.869191 0.796183 2 0.865167 0.793377 1 0.871684 0.806504 2 0.863757 0.801731 2 0.871741 0.819525 2 0.858238 0.808252 2 0.864199 0.821934 2 0.856357 0.811444 2 0.867464 0.823125 2 0.861821 0.819878 2 0.865418 0.825929 2 0.857436 0.821991 2 0.862570 0.840785 2 0.850573 0.842748 2
0 0.868435 0.798786 0.024685 0.043884 0.870930 0.780698 2 0.872330 0.779594 2 0.870263 0.778072 2 0.875197 0.776232 2 0.869320 0.773226 1 0.877068 0.779011 2 0.867267 0.773040 2 0.875988 0.792512 2 0.860004 0.776732 2 0.871222 0.800108 2 0.854027 0.780199 2 0.874070 0.797166 2 0.867673 0.793674 2 0.870952 0.806226 2 0.862025 0.802195 2 0.871486 0.817857 2 0.862945 0.815607 2
0 0.901786 0.771709 0.027311 0.053221 0.912078 0.744783 2 0.913289 0.742745 2 0.911561 0.742443 2 0.916114 0.741580 2 0.912085 0.741051 2 0.915111 0.746215 2 0.910630 0.746128 2 0.915950 0.750618 2 0.909256 0.751368 2 0.915563 0.751940 2 0.911950 0.753025 2 0.903662 0.761593 2 0.901163 0.760187 2 0.900623 0.757768 2 0.900211 0.758265 2 0.892448 0.768017 2 0.891367 0.769991 2
0 0.893645 0.641923 0.026786 0.060691 0.898244 0.611400 1 0.897821 0.610155 1 0.898938 0.610705 1 0.896498 0.611393 2 0.901596 0.612702 2 0.895735 0.617552 2 0.901192 0.621027 2 0.895636 0.621088 2 0.901937 0.628294 2 0.897063 0.627284 1 0.900262 0.631476 2 0.891058 0.635768 2 0.894623 0.636703 2 0.888359 0.645326 2 0.889690 0.647791 2 0.883440 0.655234 2 0.883440 0.657887 2
0 0.973477 0.801587 0.028887 0.053221 0.977751 0.774461 2 0.979217 0.774625 1 0.978226 0.772842 1 0.981969 0.775731 2 0.979070 0.771255 1 0.982258 0.780175 2 0.976725 0.771604 2 0.981064 0.790089 2 0.971768 0.772647 2 0.977413 0.787612 2 0.970512 0.772955 2 0.973944 0.791830 2 0.970291 0.786575 2 0.969619 0.801696 2 0.964158 0.795628 2 0.966813 0.811753 2 0.959365 0.807914 2
0 0.350053 0.175070 0.013130 0.056956 0.350052 0.153860 2 0.350814 0.152315 2 0.349244 0.152647 2 0.352351 0.151707 2 0.348566 0.152611 1 0.354371 0.156758 2 0.348034 0.157428 2 0.355774 0.168778 2 0.346388 0.167132 2 0.355015 0.183291 2 0.344816 0.177646 2 0.354256 0.173163 2 0.350255 0.173491 2 0.355023 0.181975 2 0.349692 0.183398 2 0.355533 0.194325 2 0.352400 0.195540 2
0 0.842174 0.811858 0.019433 0.058824 0.853763 0.780272 2 0.852771 0.778386 1 0.853086 0.779534 2 0.848585 0.779043 1 0.850996 0.782838 2 0.843694 0.786482 2 0.850288 0.793826 2 0.838671 0.798028 2 0.849923 0.806618 2 0.834113 0.817917 2 0.846988 0.809053 2 0.840116 0.805450 2 0.844400 0.809441 2 0.841150 0.811186 2 0.843231 0.820353 2 0.837659 0.825114 2 0.837786 0.831336 2
0 0.219275 0.514939 0.017332 0.073763 0.217982 0.487072 1 0.217433 0.485873 1 0.217752 0.486245 1 0.215619 0.485970 1 0.216799 0.487687 2 0.216024 0.489243 2 0.215077 0.497858 2 0.216817 0.481982 2 0.214256 0.509665 2 0.218129 0.475711 2 0.221502 0.515655 2 0.219825 0.510795 2 0.219019 0.515204 2 0.222644 0.520963 2 0.220798 0.527275 2 0.224737 0.532386 2 0.221730 0.541165 2
0 0.065914 0.425303 0.023634 0.070028 0.058817 0.386842 2 0.059171 0.384673 2 0.057610 0.386095 2 0.060248 0.383076 2 0.056293 0.386689 2 0.063559 0.387185 2 0.056271 0.393669 2 0.069415 0.392205 2 0.055378 0.402571 2 0.073355 0.397655 2 0.057213 0.411488 2 0.067979 0.407925 2 0.063808 0.412220 2 0.071499 0.420522 2 0.069642 0.429563 2 0.073585 0.433833 2 0.074240 0.443157 2
0 0.225578 0.277778 0.011029 0.040149 0.227788 0.263643 2 0.228336 0.262199 2 0.226915 0.262369 2 0.228899 0.262559 1 0.225352 0.263122 2 0.228673 0.268872 2 0.224670 0.272336 2 0.230849 0.275102 1 0.227793 0.282937 2 0.230451 0.271765 1 0.228923 0.274464 2 0.229965 0.286443 2 0.227257 0.288640 2 0.233193 0.288188 1 0.232182 0.291158 2 0.231770 0.300000 1 0.231071 0.301325 1
0 0.824317 0.196545 0.016282 0.051354 0.828735 0.178565 1 0.829140 0.177529 1 0.828648 0.177404 1 0.829468 0.177540 2 0.828774 0.176865 1 0.830009 0.184385 2 0.827446 0.180009 2 0.830526 0.193797 2 0.821867 0.180626 2 0.829377 0.202690 2 0.816984 0.180369 2 0.825646 0.199767 2 0.824234 0.196774 2 0.820653 0.209842 2 0.819262 0.204533 2 0.819120 0.219961 2 0.817521 0.212647 2
0 0.691964 0.077031 0.018382 0.055089 0.693180 0.060206 1 0.693533 0.058935 2 0.693489 0.059088 1 0.694634 0.059283 2 0.695402 0.059298 1 0.694882 0.065945 2 0.695906 0.065248 2 0.691873 0.077553 2 0.692330 0.075014 1 0.688602 0.084284 2 0.689244 0.079230 1 0.693682 0.083872 2 0.694428 0.082771 2 0.687366 0.089929 2 0.687895 0.089001 2 0.686228 0.103514 2 0.686772 0.102549 2
0 0.779674 0.602241 0.021534 0.070962 0.781538 0.576240 2 0.782664 0.575477 2 0.781354 0.573884 2 0.785191 0.575206 2 0.781667 0.571311 1 0.786986 0.582702 2 0.779629 0.573395 2 0.786637 0.595399 2 0.774822 0.578032 2 0.782832 0.602923 2 0.771989 0.584221 2 0.780277 0.599421 2 0.775637 0.593425 2 0.774842 0.609272 2 0.770986 0.599506 2 0.773245 0.617857 1 0.770443 0.608576 2
