0 0.283110 0.803571 0.033482 0.141534 0.276631 0.738340 2 0.278176 0.735540 2 0.276253 0.735092 2 0.282898 0.736339 2 0.278560 0.735303 1 0.285851 0.751903 2 0.281653 0.748405 2 0.286241 0.773911 2 0.279724 0.766254 2 0.280145 0.770532 2 0.276838 0.766516 2 0.287238 0.796368 2 0.284674 0.794434 2 0.287955 0.829004 2 0.287541 0.825845 2 0.293357 0.856954 2 0.292187 0.854167 2
0 0.283110 0.781746 0.030506 0.134921 0.276549 0.739358 2 0.278342 0.736438 2 0.275978 0.736246 2 0.282670 0.737413 2 0.277837 0.736680 1 0.284388 0.752790 2 0.281849 0.750588 2 0.284541 0.772010 2 0.279642 0.763267 2 0.280253 0.774767 2 0.276622 0.758935 2 0.285916 0.794418 2 0.284356 0.793161 2 0.286251 0.824692 2 0.286156 0.822251 2 0.291237 0.846800 2 0.288251 0.847142 2
0 0.470238 0.917989 0.049107 0.148148 0.470548 0.871781 2 0.472782 0.868001 2 0.468519 0.867596 2 0.475042 0.867064 2 0.463945 0.865662 2 0.477493 0.886768 2 0.457388 0.887681 2 0.484577 0.910247 2 0.451035 0.916626 2 0.490865 0.934272 2 0.451377 0.944348 2 0.475718 0.943664 2 0.462965 0.944972 2 0.474443 0.981189 2 0.463079 0.983245 2 0.473471 1.000000 1 0.461877 1.000000 1
0 0.314360 0.564153 0.015625 0.067460 0.316374 0.544410 1 0.316513 0.543186 1 0.316705 0.542890 1 0.316975 0.543132 2 0.319199 0.542359 2 0.316948 0.549737 2 0.319990 0.548130 2 0.314914 0.558413 2 0.318191 0.556252 1 0.314090 0.558084 2 0.315236 0.558874 1 0.318100 0.567622 2 0.320206 0.566725 2 0.317228 0.581566 2 0.318864 0.580712 2 0.319479 0.595849 2 0.320797 0.594492 2
0 0.309152 0.555556 0.014137 0.089947 0.310648 0.525092 2 0.311014 0.523497 2 0.309887 0.523470 2 0.310424 0.523951 1 0.308397 0.523763 2 0.309021 0.531771 2 0.308436 0.531933 2 0.310648 0.540496 1 0.310257 0.541895 2 0.313011 0.538794 1 0.312981 0.543215 2 0.309613 0.552458 2 0.309348 0.553031 2 0.311444 0.570290 2 0.312449 0.570991 2 0.310856 0.589176 2 0.311780 0.589651 2
0 0.329985 0.561508 0.015625 0.064815 0.327186 0.539675 1 0.327176 0.538574 1 0.327404 0.538498 1 0.326456 0.539572 2 0.329160 0.539313 2 0.325684 0.546725 2 0.331044 0.546528 2 0.325427 0.553921 2 0.333188 0.554044 2 0.327988 0.556889 2 0.331258 0.557621 2 0.327519 0.562155 2 0.331037 0.561958 2 0.329201 0.574841 2 0.331095 0.574235 2 0.329954 0.586876 2 0.330880 0.586949 2
0 0.332589 0.479497 0.014881 0.051587 0.330398 0.463783 1 0.330487 0.462982 1 0.330797 0.462812 1 0.330688 0.464102 2 0.333320 0.463358 2 0.330525 0.470386 2 0.335515 0.468769 2 0.330136 0.477390 2 0.337728 0.473564 2 0.330773 0.481214 2 0.336672 0.477695 2 0.332674 0.483687 2 0.335945 0.483027 2 0.333643 0.492151 2 0.336027 0.491329 2 0.334552 0.500274 2 0.336407 0.499959 2
0 0.397693 0.528439 0.029018 0.059524 0.400603 0.514485 2 0.401527 0.512369 2 0.399718 0.512587 2 0.403809 0.511719 2 0.399795 0.512113 1 0.404614 0.519050 2 0.402011 0.518806 2 0.397125 0.526763 2 0.397417 0.526001 2 0.391219 0.529529 2 0.392750 0.529968 2 0.409127 0.540638 2 0.407361 0.539666 2 0.397383 0.531211 2 0.397851 0.529366 2 0.396102 0.550026 2 0.397954 0.547853 2
0 0.466518 0.439153 0.019345 0.084656 0.465085 0.409763 1 0.465125 0.408131 1 0.465563 0.408189 1 0.464819 0.409016 2 0.468888 0.408702 2 0.463488 0.417638 2 0.471195 0.417132 2 0.462638 0.428113 2 0.473177 0.427354 2 0.463458 0.435088 2 0.471875 0.434501 1 0.465803 0.437811 2 0.471071 0.437811 2 0.466291 0.454975 2 0.471233 0.455473 2 0.466745 0.471771 2 0.470835 0.471401 2
0 0.384673 0.497354 0.022321 0.039683 0.385288 0.491789 2 0.386365 0.489956 2 0.384260 0.490308 2 0.388245 0.490099 2 0.383162 0.490819 2 0.390503 0.498112 2 0.383971 0.497970 2 0.391597 0.511052 2 0.382507 0.508609 2 0.384178 0.503621 2 0.381726 0.511909 2 0.392197 0.517095 2 0.388068 0.516412 2 0.386123 0.505157 2 0.383223 0.505841 1 0.387660 0.515903 1 0.386412 0.517560 1
0 0.390997 0.488757 0.018601 0.038360 0.385324 0.491719 2 0.386218 0.490052 2 0.384384 0.490346 2 0.387821 0.490178 2 0.383182 0.490867 2 0.390608 0.497645 2 0.383886 0.498364 2 0.393719 0.510732 2 0.383365 0.508765 2 0.386617 0.505387 2 0.382644 0.503415 2 0.391965 0.512411 1 0.387748 0.512191 1 0.386030 0.505666 1 0.383353 0.506760 1 0.387308 0.510638 1 0.386314 0.512648 1
0 0.393229 0.470899 0.021577 0.039683 0.385346 0.490917 2 0.386258 0.489480 2 0.384613 0.489602 2 0.387839 0.489662 2 0.383727 0.490016 2 0.390321 0.495755 2 0.382760 0.496405 2 0.393055 0.497933 1 0.381285 0.497933 1 0.389402 0.497814 1 0.382286 0.496507 1 0.389438 0.497933 1 0.384706 0.497933 1 0.388059 0.495823 1 0.384268 0.496482 1 0.387363 0.496385 1 0.386359 0.497933 1
0 0.512649 0.480159 0.028274 0.087302 0.510833 0.450986 2 0.511772 0.448867 2 0.509744 0.449038 2 0.513336 0.449296 2 0.508479 0.449821 2 0.516045 0.458299 2 0.506039 0.458688 2 0.520639 0.469100 2 0.503813 0.470830 2 0.522811 0.481433 2 0.504888 0.479835 2 0.517766 0.483995 2 0.510812 0.484591 2 0.521960 0.500856 2 0.507376 0.499865 2 0.524694 0.522665 2 0.513181 0.516952 2
0 0.484375 0.480820 0.016369 0.088624 0.484084 0.450172 2 0.485039 0.448003 2 0.482826 0.448868 2 0.487101 0.448678 2 0.481739 0.450694 2 0.489670 0.459710 2 0.480984 0.460035 2 0.491919 0.470258 2 0.482379 0.470089 2 0.488444 0.472709 2 0.486856 0.471668 2 0.488728 0.484612 2 0.483007 0.484282 2 0.487832 0.503990 2 0.484568 0.501117 2 0.487261 0.521741 2 0.485763 0.513555 2
0 0.438244 0.350529 0.014881 0.066138 0.429840 0.364828 2 0.430623 0.363451 2 0.429289 0.363531 2 0.432532 0.363768 2 0.429350 0.363978 1 0.434401 0.370673 2 0.430957 0.370552 2 0.435323 0.380591 2 0.430895 0.380032 1 0.433061 0.386524 2 0.430056 0.385971 1 0.433842 0.388658 2 0.431613 0.387998 2 0.431823 0.396334 1 0.430847 0.394678 1 0.433132 0.394937 1 0.431716 0.394514 1
0 0.569196 0.344577 0.013393 0.064815 0.570465 0.320412 2 0.571022 0.319278 2 0.569822 0.319289 2 0.571764 0.319763 2 0.568699 0.319700 2 0.573362 0.325860 2 0.567100 0.326572 2 0.575048 0.333374 2 0.565314 0.334718 2 0.575312 0.339369 2 0.567469 0.340194 2 0.572418 0.341726 2 0.568223 0.342160 2 0.571870 0.352256 2 0.566830 0.353686 2 0.570567 0.362727 2 0.565240 0.366068 2
0 0.430060 0.382937 0.017857 0.056878 0.423301 0.368105 1 0.423539 0.367071 1 0.423428 0.367116 1 0.424286 0.367265 2 0.424691 0.367275 1 0.425235 0.372671 2 0.424727 0.372210 2 0.423886 0.381479 2 0.423031 0.380713 2 0.420556 0.386629 2 0.420360 0.384568 2 0.425577 0.388642 2 0.425179 0.388171 2 0.425448 0.400289 2 0.424469 0.398890 2 0.427110 0.410721 2 0.426091 0.408440 2
0 0.418899 0.396164 0.014881 0.048942 0.422661 0.367664 1 0.422813 0.366638 1 0.423077 0.366641 1 0.423646 0.366911 2 0.425169 0.366819 1 0.424868 0.372440 2 0.425375 0.371969 2 0.424003 0.381599 2 0.423582 0.380482 2 0.420371 0.386223 2 0.419993 0.383587 2 0.425171 0.388933 2 0.425501 0.388439 2 0.425615 0.400789 2 0.425026 0.399837 2 0.427621 0.411763 2 0.427169 0.410434 2
0 0.421875 0.385582 0.010417 0.056878 0.422641 0.366678 1 0.422791 0.365619 1 0.423096 0.365562 1 0.423574 0.366227 2 0.425275 0.366008 1 0.424539 0.372551 2 0.425648 0.371952 2 0.423544 0.381381 2 0.423557 0.379812 2 0.420364 0.385821 2 0.419694 0.381796 1 0.425353 0.388498 2 0.426034 0.387943 2 0.425319 0.400531 2 0.424989 0.399656 2 0.427408 0.411539 2 0.426483 0.410302 2
0 0.348214 0.490741 0.013393 0.055556 0.344843 0.474070 1 0.344911 0.472753 1 0.345016 0.472485 1 0.345986 0.472597 2 0.347727 0.471696 1 0.347321 0.479193 2 0.350980 0.477182 2 0.347156 0.487753 2 0.355095 0.482604 2 0.345949 0.494055 2 0.353091 0.487597 2 0.350082 0.496761 2 0.352300 0.495865 2 0.351381 0.509334 2 0.352432 0.508857 2 0.352262 0.520670 2 0.353530 0.521013 2
