0 0.277902 0.806878 0.033482 0.142857 0.277190 0.754896 2 0.277902 0.752065 2 0.277899 0.751700 1 0.281384 0.753233 2 0.284104 0.751771 1 0.282530 0.768889 2 0.288887 0.765420 2 0.281391 0.789296 2 0.286469 0.780132 1 0.280063 0.797321 2 0.278186 0.780995 1 0.284774 0.806255 2 0.289323 0.804591 2 0.286391 0.833129 2 0.289210 0.831763 2 0.289601 0.859614 2 0.290574 0.859062 2
0 0.280878 0.785714 0.030506 0.137566 0.277279 0.759579 1 0.277674 0.757067 1 0.278563 0.756676 1 0.280491 0.757912 2 0.285672 0.756388 1 0.281606 0.771036 2 0.288745 0.767350 2 0.277394 0.785748 2 0.282016 0.778868 2 0.274248 0.781271 2 0.275014 0.777406 1 0.285268 0.806970 2 0.290020 0.805029 2 0.286793 0.833759 2 0.288706 0.831212 2 0.289675 0.859700 2 0.289028 0.858051 2
0 0.472098 0.934524 0.049851 0.125661 0.472093 0.898900 2 0.474170 0.894817 2 0.469767 0.895075 2 0.476654 0.893866 2 0.465254 0.894166 2 0.480597 0.913901 2 0.459538 0.916551 2 0.489573 0.936558 2 0.454095 0.944574 2 0.496103 0.963220 2 0.455866 0.969949 2 0.478464 0.970929 2 0.465355 0.972718 2 0.475162 1.000000 1 0.467258 1.000000 1 0.474446 0.997776 1 0.467939 0.997892 1
0 0.312500 0.566138 0.014881 0.068783 0.308641 0.526024 2 0.309133 0.524422 2 0.307683 0.524528 2 0.309001 0.524633 1 0.305749 0.524759 2 0.307186 0.532007 2 0.306106 0.532568 2 0.308127 0.540047 1 0.306456 0.543360 2 0.310647 0.538258 1 0.309257 0.551295 2 0.308426 0.553337 2 0.307835 0.554066 2 0.310061 0.569500 2 0.310396 0.570486 2 0.309457 0.587818 2 0.308742 0.588648 2
0 0.306920 0.555556 0.014137 0.089947 0.308413 0.525777 2 0.308928 0.524095 2 0.307435 0.524230 2 0.308720 0.524450 1 0.305578 0.524580 2 0.307081 0.531845 2 0.306023 0.532496 2 0.308375 0.540279 1 0.306995 0.542277 2 0.311062 0.542526 1 0.311013 0.546126 2 0.307783 0.553159 2 0.307292 0.553973 2 0.309212 0.570372 2 0.310664 0.571275 2 0.308350 0.588573 2 0.309563 0.589696 2
0 0.327009 0.560847 0.015625 0.066138 0.325013 0.540503 1 0.324936 0.539244 1 0.325316 0.539121 1 0.323877 0.540027 2 0.327484 0.539449 2 0.323005 0.547283 2 0.329189 0.546370 2 0.322670 0.554232 2 0.331710 0.552847 2 0.326011 0.556031 1 0.329599 0.557387 2 0.325879 0.564162 2 0.330047 0.564018 2 0.327154 0.576940 2 0.330450 0.576750 2 0.327154 0.589022 2 0.330810 0.589090 2
0 0.331101 0.478175 0.014881 0.051587 0.328838 0.463071 1 0.328845 0.462128 1 0.329227 0.462064 1 0.328708 0.463180 2 0.331669 0.462716 2 0.328609 0.469617 2 0.333536 0.468560 2 0.327923 0.476523 2 0.335572 0.471948 2 0.328396 0.479135 2 0.334394 0.467886 2 0.330580 0.483267 2 0.333760 0.482888 2 0.331094 0.492399 2 0.333171 0.492060 2 0.331328 0.501260 2 0.333088 0.501404 2
0 0.396949 0.529762 0.029018 0.059524 0.399217 0.515025 2 0.400142 0.513130 2 0.398322 0.513658 2 0.402631 0.512704 2 0.398133 0.513674 1 0.405667 0.521159 2 0.398850 0.520822 2 0.407932 0.532933 2 0.393956 0.527586 2 0.406534 0.538906 2 0.389400 0.531312 2 0.405917 0.541064 2 0.401998 0.540173 2 0.396260 0.531581 2 0.395048 0.532435 2 0.395027 0.551217 2 0.394475 0.552317 2
0 0.465030 0.435185 0.019345 0.084656 0.462921 0.408681 1 0.463228 0.407118 1 0.463393 0.407184 1 0.464155 0.407850 2 0.466985 0.407710 1 0.462823 0.416106 2 0.469761 0.415738 2 0.461192 0.425632 2 0.471929 0.425797 2 0.461727 0.433405 2 0.470326 0.433002 1 0.464481 0.436111 2 0.469142 0.435831 2 0.464851 0.453470 2 0.468906 0.452945 2 0.465537 0.471206 2 0.468819 0.468683 2
0 0.383929 0.499339 0.022321 0.041005 0.384169 0.490096 2 0.385238 0.488640 2 0.383194 0.488971 2 0.386890 0.489657 2 0.382086 0.490446 2 0.388037 0.494901 2 0.382296 0.497494 2 0.382515 0.499744 2 0.378353 0.505148 2 0.379786 0.499178 2 0.378772 0.505320 2 0.392203 0.512487 2 0.388154 0.513544 2 0.383104 0.502634 2 0.381562 0.504549 2 0.386081 0.515113 2 0.385484 0.519889 2
0 0.389509 0.488757 0.018601 0.038360 0.398674 0.513910 2 0.399682 0.512461 2 0.397978 0.512456 2 0.401786 0.512129 2 0.397175 0.512097 1 0.402530 0.514323 1 0.396098 0.514323 1 0.402530 0.514323 1 0.394658 0.514323 1 0.400333 0.514050 1 0.396135 0.513803 1 0.401666 0.514323 1 0.397273 0.514323 1 0.400967 0.512818 1 0.396533 0.512684 1 0.398864 0.514323 1 0.398165 0.514323 1
0 0.511161 0.484127 0.029762 0.089947 0.509721 0.455656 2 0.510713 0.453466 2 0.508523 0.453878 2 0.512639 0.453546 2 0.507062 0.454488 2 0.516166 0.463031 2 0.505395 0.463275 2 0.520816 0.475113 2 0.503385 0.475661 2 0.522213 0.487733 2 0.504753 0.485405 2 0.517647 0.489797 2 0.509881 0.489938 2 0.520071 0.508536 2 0.506203 0.506197 2 0.524801 0.529557 2 0.510533 0.523300 2
0 0.482887 0.486111 0.016369 0.088624 0.483200 0.454786 2 0.484212 0.452694 2 0.482119 0.453275 2 0.486238 0.453646 2 0.481164 0.454928 2 0.488751 0.465639 2 0.479925 0.464945 2 0.490992 0.476650 2 0.482120 0.473963 2 0.488308 0.476772 2 0.487293 0.475304 2 0.487550 0.490319 2 0.481502 0.489635 2 0.486355 0.508546 2 0.481840 0.506001 2 0.486259 0.523708 2 0.483681 0.516525 2
0 0.438244 0.350529 0.014881 0.066138 0.434749 0.329708 2 0.435084 0.328309 2 0.434579 0.328541 1 0.436652 0.328063 2 0.435844 0.328550 1 0.438403 0.334480 2 0.437031 0.334558 2 0.440247 0.343572 2 0.437990 0.343686 2 0.441592 0.351837 2 0.438735 0.351544 2 0.438427 0.352675 2 0.437634 0.352583 2 0.439093 0.365839 2 0.438496 0.365393 2 0.439900 0.378157 2 0.439688 0.376764 2
0 0.570312 0.349868 0.014137 0.064815 0.571890 0.327572 2 0.572654 0.326323 2 0.571293 0.326191 2 0.573762 0.326367 2 0.570327 0.326076 2 0.575144 0.332096 2 0.568529 0.332419 2 0.576414 0.339864 2 0.566713 0.340174 2 0.575590 0.345634 2 0.567363 0.346186 2 0.574006 0.347432 2 0.569378 0.347676 2 0.574877 0.356141 2 0.567293 0.357505 2 0.573921 0.367314 2 0.566514 0.369987 2
0 0.425967 0.388228 0.020089 0.070106 0.424674 0.371361 2 0.425379 0.369726 2 0.424165 0.369941 2 0.427318 0.369279 2 0.424260 0.369904 1 0.430238 0.376989 2 0.425631 0.377653 2 0.431228 0.388674 2 0.424890 0.387003 1 0.430330 0.397674 2 0.424298 0.392764 1 0.429172 0.394864 2 0.425992 0.394800 2 0.428697 0.404672 2 0.425505 0.405616 2 0.431322 0.410593 2 0.426450 0.415445 2
0 0.417039 0.404762 0.015625 0.050265 0.419342 0.377753 2 0.420012 0.376526 2 0.418941 0.376630 2 0.421612 0.376584 2 0.419075 0.376787 1 0.422158 0.382596 2 0.419540 0.382582 2 0.421316 0.390559 2 0.418179 0.389906 2 0.418072 0.393734 2 0.417392 0.393309 2 0.421922 0.397708 2 0.420325 0.397670 2 0.421950 0.407920 2 0.421425 0.408072 2 0.422865 0.418058 2 0.422513 0.418009 2
0 0.418155 0.389550 0.010417 0.056878 0.419170 0.377981 2 0.419716 0.376822 2 0.418864 0.376855 1 0.421064 0.377051 2 0.419007 0.377093 1 0.422210 0.382994 2 0.418855 0.382668 2 0.421669 0.390803 2 0.417447 0.389616 2 0.417574 0.393967 2 0.417032 0.392769 2 0.421743 0.397255 2 0.419422 0.397033 2 0.421482 0.408040 2 0.419412 0.407940 2 0.422038 0.418869 2 0.419617 0.418653 2
0 0.347470 0.491402 0.013393 0.056878 0.344361 0.473934 1 0.344347 0.472684 1 0.344605 0.472348 1 0.344851 0.472844 2 0.347411 0.471804 2 0.345915 0.479868 2 0.350079 0.477880 2 0.347129 0.487268 2 0.352917 0.484511 2 0.347269 0.491323 1 0.351767 0.488998 1 0.348297 0.496185 2 0.351167 0.495061 2 0.348913 0.508108 2 0.351140 0.505939 2 0.350100 0.519860 2 0.352568 0.517744 2
