0 0.566406 0.287368 0.007812 0.029762 0.570116 0.279095 1 0.569849 0.278407 1 0.570074 0.278464 1 0.568306 0.277990 1 0.569521 0.278332 2 0.566675 0.280358 2 0.569050 0.280974 2 0.565689 0.284503 1 0.569247 0.285521 2 0.566667 0.286782 1 0.569078 0.288126 2 0.566309 0.289245 2 0.567895 0.289608 2 0.566726 0.295862 2 0.567819 0.296382 2 0.566368 0.302645 2 0.567417 0.302551 2
0 0.523810 0.544312 0.011905 0.048942 0.522071 0.537436 2 0.522552 0.536593 2 0.521773 0.536398 2 0.523612 0.536023 2 0.521634 0.535526 1 0.524646 0.540365 2 0.521439 0.537633 2 0.524103 0.547567 2 0.518871 0.539922 2 0.522402 0.551309 2 0.517604 0.543188 2 0.523049 0.550207 2 0.520889 0.548589 2 0.522091 0.555578 2 0.519184 0.553410 2 0.523439 0.560800 1 0.520266 0.559046 1
0 0.477493 0.501984 0.015253 0.044974 0.475687 0.501843 2 0.475946 0.501101 2 0.475483 0.501158 1 0.476791 0.500585 2 0.475641 0.500668 1 0.478137 0.503146 2 0.475856 0.502043 2 0.478678 0.508327 2 0.474154 0.504677 2 0.477198 0.511672 2 0.472526 0.506296 2 0.477713 0.510474 2 0.476348 0.509495 2 0.474908 0.511816 2 0.473557 0.511062 2 0.474277 0.517973 2 0.473656 0.517306 2
0 0.573847 0.313492 0.006324 0.027778 0.572798 0.303634 1 0.572951 0.302975 1 0.573068 0.303030 1 0.573564 0.303367 2 0.574635 0.303296 1 0.573366 0.306923 2 0.575440 0.306964 2 0.572553 0.311821 2 0.576292 0.312246 2 0.572654 0.315874 1 0.576270 0.316605 2 0.573490 0.316778 2 0.574816 0.316733 2 0.573402 0.322388 1 0.574373 0.322447 1 0.573455 0.325212 1 0.574273 0.325185 1
0 0.094308 0.616733 0.011533 0.045635 0.092644 0.603423 2 0.092892 0.602290 2 0.092054 0.602834 2 0.093511 0.601601 2 0.091282 0.602982 2 0.095592 0.604620 2 0.090858 0.607976 2 0.098997 0.605333 2 0.090743 0.614611 2 0.098112 0.610577 2 0.092485 0.619663 2 0.096779 0.619229 2 0.093796 0.620685 2 0.097465 0.628326 2 0.095420 0.627966 2 0.098840 0.635223 2 0.096673 0.633172 2
0 0.112351 0.689815 0.015625 0.050265 0.110271 0.676088 1 0.110157 0.675557 1 0.110399 0.674886 1 0.108666 0.676759 2 0.111212 0.675228 2 0.108403 0.681956 2 0.113369 0.680458 2 0.108045 0.690252 2 0.115251 0.683740 2 0.107486 0.696177 2 0.114181 0.687106 2 0.110574 0.694253 2 0.114045 0.694092 2 0.111618 0.699734 2 0.115406 0.702873 2 0.112627 0.703352 2 0.116547 0.713059 2
0 0.094308 0.567791 0.012277 0.040344 0.091021 0.553704 2 0.091425 0.552554 2 0.090570 0.552963 2 0.092477 0.551999 2 0.090353 0.553141 1 0.094731 0.555454 2 0.089405 0.557693 2 0.096933 0.560377 2 0.088622 0.564084 2 0.097148 0.564825 2 0.090076 0.569219 2 0.095947 0.568033 2 0.092519 0.569506 2 0.097779 0.575121 2 0.093401 0.577823 2 0.098435 0.583703 2 0.096412 0.586002 2
0 0.766741 0.782407 0.019345 0.054233 0.765765 0.768819 2 0.765995 0.768099 2 0.765976 0.767938 1 0.767620 0.768168 2 0.767417 0.767489 1 0.769250 0.774111 2 0.768104 0.769744 2 0.769468 0.782223 2 0.766632 0.769642 2 0.768196 0.789372 2 0.765243 0.768764 2 0.768195 0.785186 2 0.766988 0.782684 2 0.767525 0.792412 2 0.763821 0.788884 2 0.768262 0.801983 2 0.760560 0.797357 2
0 0.793341 0.715608 0.012277 0.038360 0.793063 0.720941 2 0.793769 0.720232 2 0.792598 0.719958 2 0.794804 0.721159 2 0.791825 0.720474 2 0.795764 0.726729 2 0.790334 0.725484 2 0.796650 0.732768 2 0.788229 0.730812 2 0.796351 0.735928 2 0.787336 0.736510 2 0.793883 0.739744 2 0.790202 0.739028 2 0.794101 0.741225 1 0.789590 0.740036 1 0.793646 0.740207 1 0.788889 0.739438 1
0 0.789807 0.738757 0.014137 0.046296 0.793007 0.721170 2 0.793754 0.720231 2 0.792456 0.720079 2 0.794823 0.721022 2 0.791725 0.720575 2 0.795674 0.726899 2 0.790425 0.725463 2 0.796654 0.731950 2 0.788521 0.730648 2 0.796117 0.735503 2 0.787680 0.736410 2 0.793616 0.740128 2 0.790330 0.739001 2 0.792265 0.749112 2 0.789305 0.745967 2 0.791083 0.756957 2 0.789867 0.752517 2
0 0.861979 0.583333 0.010417 0.044974 0.861236 0.569517 1 0.861236 0.568549 1 0.861511 0.568822 1 0.860390 0.568839 2 0.862775 0.569455 2 0.858562 0.573718 2 0.863786 0.574724 2 0.856178 0.579723 2 0.864660 0.581868 2 0.855192 0.585237 2 0.864235 0.587792 2 0.858392 0.587806 2 0.861701 0.587985 2 0.856463 0.592563 2 0.858745 0.592675 2 0.857390 0.599589 2 0.858323 0.598577 2
0 0.851190 0.581349 0.015625 0.054233 0.852974 0.563856 1 0.852840 0.562860 1 0.853168 0.563174 1 0.851498 0.563077 2 0.854120 0.563978 2 0.849885 0.567372 2 0.854333 0.569432 2 0.847714 0.570395 2 0.854315 0.576192 2 0.848450 0.571849 2 0.853964 0.581129 2 0.848916 0.579815 2 0.851817 0.580394 2 0.847713 0.588268 2 0.849730 0.588191 2 0.847046 0.596980 2 0.848240 0.596018 2
0 0.275670 0.824405 0.013393 0.048280 0.274140 0.807445 1 0.274141 0.806686 1 0.274448 0.806461 1 0.273359 0.807509 2 0.276065 0.806945 2 0.272395 0.813077 2 0.277744 0.812722 2 0.271125 0.820743 2 0.279577 0.819324 2 0.269979 0.826706 2 0.281079 0.826038 2 0.274274 0.825550 2 0.277747 0.825618 2 0.275332 0.833727 2 0.278230 0.835127 2 0.276943 0.841294 2 0.278573 0.845047 2
0 0.292411 0.798280 0.016369 0.055556 0.289585 0.779312 1 0.289790 0.778261 1 0.290016 0.778133 1 0.290447 0.779025 2 0.292645 0.778393 2 0.289567 0.786308 2 0.294726 0.784435 2 0.288109 0.793721 2 0.296254 0.790300 2 0.288524 0.792982 2 0.297520 0.796090 2 0.291495 0.798948 2 0.294872 0.798229 2 0.291973 0.807351 2 0.294721 0.806884 2 0.293518 0.815345 2 0.295334 0.814624 2
0 0.316034 0.615079 0.012277 0.039683 0.315039 0.606408 2 0.315073 0.605288 2 0.314670 0.605471 1 0.316059 0.603976 2 0.315534 0.604595 1 0.319028 0.608635 2 0.315981 0.608192 2 0.320750 0.616124 2 0.316452 0.616205 1 0.319234 0.622815 2 0.315875 0.621259 1 0.318054 0.623478 2 0.316515 0.622580 2 0.317077 0.633726 2 0.318028 0.630339 2 0.318262 0.641437 2 0.323082 0.635146 2
0 0.308222 0.612765 0.009301 0.041667 0.303776 0.599214 2 0.303909 0.598348 2 0.303612 0.598431 1 0.304835 0.598186 2 0.304367 0.598352 1 0.307700 0.602497 2 0.304222 0.601681 2 0.310005 0.608066 2 0.302582 0.603536 2 0.310975 0.613439 2 0.303002 0.601483 2 0.307616 0.615628 2 0.305704 0.615264 2 0.306964 0.624135 2 0.306875 0.624079 2 0.307412 0.631147 2 0.309119 0.631681 2
0 0.231213 0.617394 0.013765 0.048280 0.227586 0.602863 1 0.227606 0.602134 1 0.227851 0.601779 1 0.228235 0.602100 2 0.230136 0.601205 1 0.228627 0.606507 2 0.232204 0.604315 2 0.227163 0.610912 2 0.233613 0.608483 2 0.227272 0.606092 2 0.233543 0.612578 2 0.229865 0.617911 2 0.232098 0.616672 2 0.230464 0.624876 2 0.232090 0.623245 2 0.232015 0.631596 2 0.233293 0.630685 2
0 0.326079 0.831349 0.020461 0.044974 0.326019 0.817768 1 0.325822 0.816980 1 0.326052 0.816980 1 0.324243 0.818104 2 0.327032 0.817857 2 0.322695 0.824072 2 0.328799 0.822771 2 0.321001 0.825133 2 0.331353 0.820014 2 0.322130 0.820323 2 0.331082 0.815019 2 0.323837 0.840562 2 0.328179 0.840250 2 0.323603 0.833184 2 0.330509 0.833249 2 0.321330 0.846758 2 0.328580 0.847283 2
0 0.597284 0.856812 0.015997 0.050926 0.599464 0.841545 1 0.599554 0.840336 1 0.599944 0.840849 1 0.598854 0.840851 2 0.601939 0.841963 2 0.596422 0.846092 2 0.602627 0.849450 2 0.594714 0.850863 2 0.603060 0.859090 2 0.596268 0.852212 1 0.602337 0.866706 1 0.595571 0.862328 2 0.599693 0.863938 2 0.594899 0.872107 2 0.598193 0.875096 2 0.594853 0.883031 2 0.596628 0.885580 2
0 0.445312 0.435847 0.008929 0.037037 0.445504 0.424067 2 0.445828 0.423273 2 0.445106 0.423486 2 0.446441 0.422444 2 0.444673 0.422952 2 0.447705 0.425459 2 0.444247 0.425695 2 0.448995 0.430949 2 0.443398 0.430687 2 0.448951 0.436418 2 0.443382 0.436535 2 0.447676 0.436290 2 0.445403 0.436430 2 0.448553 0.444002 2 0.445822 0.443934 2 0.449562 0.451511 2 0.446568 0.451053 2
0 0.449405 0.378968 0.010417 0.039683 0.449577 0.372839 1 0.449341 0.372056 1 0.449531 0.372202 1 0.447797 0.371950 1 0.449281 0.372474 2 0.446665 0.375157 2 0.448863 0.376227 2 0.445828 0.379930 2 0.448985 0.381580 2 0.446186 0.384422 1 0.449130 0.385967 2 0.446192 0.384067 2 0.447813 0.384686 2 0.446004 0.390732 2 0.448273 0.391472 2 0.445140 0.397590 2 0.447981 0.397970 2
