0 0.583333 0.918651 0.071429 0.157407 0.581402 0.880489 2 0.584627 0.872992 2 0.577505 0.874159 2 0.589780 0.870282 2 0.571441 0.872939 2 0.599302 0.903511 2 0.562736 0.907446 2 0.605983 0.947192 2 0.556342 0.953266 2 0.612219 0.988396 2 0.555531 0.997036 2 0.595176 0.995295 2 0.570757 0.997747 2 0.597098 0.996910 1 0.568675 1.000000 1 0.595620 1.000000 1 0.572926 1.000000 1
0 0.668899 0.883598 0.055060 0.230159 0.674384 0.805320 2 0.677122 0.798863 2 0.670959 0.799750 2 0.680538 0.798338 2 0.665267 0.800446 2 0.683762 0.829414 2 0.657537 0.833397 2 0.688112 0.861137 2 0.655713 0.874856 2 0.690423 0.863472 2 0.676718 0.872327 2 0.677931 0.916895 2 0.660180 0.918971 2 0.676057 0.981390 2 0.661018 0.980859 2 0.675501 1.000000 1 0.662879 1.000000 1
0 0.779390 0.946429 0.039435 0.072751 0.776100 0.923070 2 0.779799 0.923567 2 0.776208 0.920323 2 0.783708 0.934696 2 0.774679 0.925850 1 0.782861 0.957085 2 0.766001 0.940645 2 0.786780 0.972678 2 0.760989 0.926270 2 0.784034 0.983617 2 0.765945 0.919299 2 0.775320 0.997179 2 0.763038 0.992404 2 0.779118 0.975053 1 0.759902 0.980099 1 0.785085 0.977762 1 0.767649 0.973567 1
0 0.742560 0.914683 0.052083 0.167989 0.750998 0.853173 2 0.753684 0.849717 2 0.748711 0.847828 2 0.755610 0.850844 1 0.742509 0.845941 2 0.757247 0.873204 2 0.730196 0.868911 2 0.764840 0.906487 2 0.722347 0.906827 2 0.769011 0.924776 2 0.731686 0.939106 2 0.752025 0.940031 2 0.734067 0.939708 2 0.753704 0.980995 2 0.731602 0.981939 2 0.752959 1.000000 1 0.732909 1.000000 1
0 0.754464 0.851190 0.061012 0.205026 0.751586 0.853390 2 0.753965 0.849599 2 0.749169 0.848261 2 0.755054 0.849794 1 0.742174 0.846169 2 0.756943 0.872026 2 0.730400 0.869717 2 0.763542 0.905929 2 0.722839 0.906718 2 0.765963 0.924735 2 0.731727 0.938418 2 0.752568 0.942480 2 0.734709 0.943105 2 0.753466 0.983983 2 0.734613 0.986704 2 0.752558 0.985117 1 0.732489 0.990042 1
0 0.921875 0.646825 0.062500 0.156085 0.930740 0.592006 1 0.931884 0.589913 2 0.933208 0.590887 1 0.932924 0.596291 2 0.942520 0.597368 1 0.924323 0.612791 2 0.948428 0.616397 2 0.909760 0.615326 2 0.945858 0.625130 1 0.916979 0.598574 2 0.936273 0.603191 1 0.923637 0.669890 2 0.939681 0.669297 2 0.896957 0.658920 2 0.918063 0.657727 2 0.909348 0.703047 2 0.928769 0.697837 2
0 0.913318 0.637566 0.034970 0.119048 0.931044 0.593095 1 0.932139 0.590763 1 0.932716 0.590950 1 0.932477 0.596275 2 0.936851 0.596025 1 0.926684 0.614240 2 0.936204 0.614305 2 0.908574 0.615342 2 0.915702 0.619058 1 0.917879 0.597495 2 0.919784 0.600690 1 0.925601 0.666672 2 0.931670 0.664557 2 0.900252 0.661030 2 0.908943 0.655481 2 0.908905 0.700447 2 0.915136 0.698782 1
0 0.488467 0.521825 0.036458 0.117725 0.487396 0.485440 2 0.489199 0.482030 2 0.485717 0.482169 2 0.492801 0.481886 2 0.485491 0.481824 1 0.493725 0.498373 2 0.493647 0.494240 2 0.488688 0.523658 2 0.490052 0.515115 1 0.479486 0.530778 2 0.480962 0.522404 1 0.496165 0.538296 2 0.496439 0.533512 2 0.475513 0.532528 2 0.480408 0.521837 2 0.482614 0.563094 2 0.485189 0.551791 2
0 0.648810 0.387566 0.023810 0.132275 0.650807 0.336778 2 0.652027 0.334735 2 0.649551 0.334612 2 0.653785 0.336575 2 0.647591 0.336053 2 0.655189 0.351638 2 0.643657 0.349660 2 0.655816 0.367076 2 0.640688 0.367535 2 0.656427 0.381415 2 0.640838 0.383755 2 0.652956 0.385905 2 0.644890 0.384427 2 0.651689 0.411856 2 0.641743 0.406467 2 0.650134 0.434996 2 0.639507 0.424704 2
0 0.425223 0.368386 0.023065 0.088624 0.425245 0.339929 2 0.426011 0.338252 2 0.424510 0.338422 2 0.427308 0.336950 2 0.423585 0.337412 1 0.429559 0.342712 2 0.422184 0.343075 2 0.432400 0.351874 2 0.419861 0.352335 2 0.428604 0.353518 2 0.417858 0.359503 2 0.428527 0.365230 2 0.423880 0.365191 2 0.428593 0.382110 2 0.425118 0.382259 2 0.429296 0.399548 2 0.426524 0.399160 2
0 0.408854 0.317460 0.017113 0.050265 0.409770 0.306030 2 0.410427 0.304913 2 0.409286 0.304918 2 0.411738 0.304657 2 0.408703 0.304525 2 0.412762 0.310717 2 0.408247 0.309556 2 0.412460 0.319523 2 0.406943 0.316500 2 0.409050 0.319378 2 0.407764 0.318680 2 0.411557 0.323148 2 0.408609 0.322010 2 0.407035 0.322244 2 0.404755 0.321355 2 0.404178 0.331415 2 0.401860 0.330515 2
0 0.523810 0.297619 0.019345 0.095238 0.524914 0.261733 2 0.525560 0.260092 2 0.523912 0.260238 2 0.525963 0.261138 1 0.521978 0.261462 2 0.526050 0.270652 2 0.520079 0.271036 2 0.525618 0.281636 2 0.517888 0.281845 2 0.524805 0.287386 2 0.516815 0.287779 2 0.525509 0.294675 2 0.521275 0.295059 2 0.526850 0.313879 2 0.521762 0.314453 2 0.528162 0.332849 2 0.521419 0.332933 2
0 0.557292 0.302249 0.017857 0.091270 0.559449 0.267108 2 0.560397 0.265502 2 0.558712 0.265374 2 0.561995 0.267237 2 0.557890 0.267019 2 0.564054 0.278021 2 0.556231 0.277549 2 0.565430 0.290579 2 0.553994 0.288321 2 0.565003 0.301068 2 0.553008 0.296908 2 0.561541 0.300640 2 0.556125 0.300294 2 0.560927 0.318409 2 0.554326 0.318396 2 0.560961 0.334927 2 0.554317 0.335044 2
0 0.547247 0.309524 0.012649 0.063492 0.547814 0.289748 2 0.548507 0.288380 2 0.547245 0.288478 2 0.549685 0.289168 2 0.546711 0.289416 1 0.550882 0.296409 2 0.546127 0.297251 2 0.552429 0.303964 2 0.545533 0.306033 2 0.551085 0.310267 2 0.547083 0.312120 2 0.550588 0.313228 2 0.547527 0.313549 2 0.550050 0.325991 2 0.547447 0.326117 2 0.550507 0.339205 2 0.548575 0.339138 2
0 0.562500 0.292328 0.019345 0.074074 0.559655 0.266747 2 0.560614 0.265123 2 0.558827 0.265111 2 0.562087 0.266793 2 0.557732 0.266759 2 0.563339 0.277680 2 0.556268 0.277273 2 0.563939 0.291214 2 0.554891 0.289641 2 0.562350 0.301685 2 0.554180 0.300897 2 0.561044 0.300220 2 0.556187 0.299837 2 0.560424 0.318503 2 0.554714 0.318460 2 0.559992 0.336215 2 0.553892 0.335914 2
