0 0.027530 0.534392 0.041667 0.140212 0.025650 0.490875 2 0.027230 0.487183 2 0.023523 0.488421 2 0.030291 0.486325 2 0.021137 0.489555 2 0.034204 0.498762 2 0.018713 0.503532 2 0.044126 0.502960 2 0.011344 0.513245 2 0.044419 0.506715 2 0.017141 0.518941 2 0.037169 0.537793 2 0.027945 0.541192 2 0.042523 0.562986 2 0.033641 0.567444 2 0.045585 0.589204 2 0.039334 0.588070 2
0 0.705357 0.226190 0.020833 0.082011 0.706993 0.197700 1 0.706439 0.196358 1 0.707234 0.196570 1 0.704033 0.196801 1 0.707475 0.197702 2 0.702636 0.205311 2 0.706215 0.207035 2 0.700209 0.216312 2 0.706400 0.218714 2 0.697696 0.227525 2 0.711041 0.223194 2 0.702193 0.227317 2 0.703430 0.228167 2 0.705416 0.242935 2 0.701526 0.244438 2 0.708141 0.259477 2 0.696480 0.261074 2
0 0.702381 0.238757 0.016369 0.043651 0.705073 0.212642 1 0.705181 0.211593 1 0.704962 0.211728 1 0.705043 0.210778 1 0.704755 0.211154 1 0.704155 0.214665 2 0.704342 0.215156 2 0.703061 0.221128 2 0.703899 0.220694 2 0.703452 0.229818 2 0.703867 0.230482 2 0.703677 0.229696 2 0.702899 0.230057 2 0.705690 0.243914 2 0.700862 0.245805 2 0.708632 0.259443 2 0.696402 0.261833 2
0 0.928571 0.287698 0.025298 0.104497 0.933564 0.248696 2 0.933464 0.246548 1 0.933138 0.246170 2 0.931218 0.246167 1 0.930002 0.244950 2 0.928270 0.259327 2 0.924851 0.255448 2 0.926435 0.276941 2 0.917844 0.265405 2 0.927114 0.292960 2 0.919911 0.277284 2 0.924057 0.288983 2 0.922000 0.287739 2 0.921381 0.309285 2 0.919350 0.309017 2 0.917167 0.326534 2 0.912914 0.325707 2
0 0.670015 0.146825 0.012649 0.050265 0.673597 0.124343 2 0.673894 0.123244 2 0.673055 0.123285 2 0.673953 0.123327 1 0.671732 0.123297 2 0.674007 0.128863 2 0.670686 0.128672 2 0.674116 0.135961 2 0.669569 0.135487 2 0.674042 0.141562 2 0.670168 0.140843 2 0.672971 0.141964 2 0.670811 0.141834 2 0.672141 0.151334 2 0.670257 0.151131 2 0.671123 0.160309 2 0.669635 0.160562 2
0 0.270089 0.143519 0.016369 0.054233 0.264891 0.105965 1 0.265323 0.105820 1 0.264346 0.105820 1 0.265888 0.105820 1 0.263636 0.105820 1 0.267103 0.109608 2 0.262712 0.110088 2 0.268448 0.115116 2 0.261370 0.115865 2 0.268421 0.121454 2 0.261681 0.121315 2 0.266418 0.122615 2 0.263668 0.122849 2 0.265809 0.132924 2 0.263885 0.133270 2 0.265971 0.143972 2 0.264657 0.144340 2
0 0.081845 0.099868 0.013393 0.048942 0.078200 0.080433 1 0.078266 0.079327 1 0.078563 0.079301 1 0.079456 0.079691 2 0.080990 0.079450 1 0.080936 0.086186 2 0.081949 0.085616 2 0.080187 0.093460 2 0.082081 0.093397 2 0.079254 0.096195 2 0.082250 0.097700 2 0.082320 0.100493 2 0.082729 0.100091 2 0.083239 0.111066 2 0.082534 0.110421 2 0.084414 0.120804 2 0.082447 0.120452 2
0 0.136161 0.110450 0.016369 0.048942 0.129329 0.076720 1 0.130073 0.076720 1 0.128232 0.076720 1 0.130668 0.076720 1 0.127023 0.076720 1 0.132741 0.084322 2 0.129380 0.083580 1 0.137804 0.105750 2 0.134934 0.105226 1 0.135337 0.098072 2 0.133714 0.101785 1 0.129104 0.127369 2 0.126636 0.125829 1 0.127395 0.143684 1 0.126552 0.143443 1 0.128640 0.143684 1 0.126677 0.143675 1
0 0.592634 0.433201 0.042411 0.146825 0.594193 0.385350 2 0.595664 0.382542 2 0.592760 0.382693 2 0.597764 0.379822 2 0.589151 0.380037 2 0.599632 0.390842 2 0.585005 0.392474 2 0.603148 0.407140 2 0.580927 0.413902 2 0.605552 0.427548 2 0.578927 0.434045 2 0.598089 0.425797 2 0.586885 0.426389 2 0.602761 0.457386 2 0.582028 0.456903 2 0.610717 0.486265 2 0.577784 0.485827 2
0 0.892485 0.267196 0.024554 0.055556 0.901696 0.256433 2 0.902974 0.254982 2 0.900989 0.253948 2 0.904154 0.254720 2 0.899023 0.252367 2 0.903182 0.260352 2 0.895108 0.259004 2 0.904409 0.273301 2 0.892484 0.274423 2 0.905155 0.282767 2 0.896897 0.283457 2 0.895338 0.273674 2 0.889537 0.273345 2 0.904124 0.272878 2 0.892238 0.272815 2 0.898905 0.282446 2 0.888030 0.285918 2
0 0.638393 0.183862 0.016369 0.071429 0.636410 0.157427 1 0.636420 0.156071 1 0.636740 0.156018 1 0.635886 0.156705 2 0.639455 0.156319 2 0.634855 0.164064 2 0.641256 0.163356 2 0.633550 0.174203 2 0.642817 0.172600 2 0.634874 0.180351 2 0.641224 0.178715 2 0.635554 0.181503 2 0.639904 0.181208 2 0.635825 0.197876 2 0.639373 0.198126 2 0.634992 0.214322 2 0.638290 0.214649 2
0 0.731027 0.468915 0.034970 0.167989 0.728125 0.407907 2 0.729551 0.404258 2 0.728273 0.404593 1 0.735350 0.403572 2 0.733621 0.403695 1 0.733227 0.423464 2 0.741193 0.420101 2 0.728951 0.448010 2 0.739906 0.443044 1 0.719760 0.451921 2 0.729638 0.450806 1 0.732213 0.470344 2 0.736959 0.467364 2 0.726465 0.507482 2 0.728439 0.502238 2 0.735683 0.544298 2 0.725718 0.530876 2
0 0.523810 0.532407 0.038690 0.144180 0.534228 0.485763 2 0.535589 0.481779 2 0.532359 0.482211 2 0.536323 0.479775 1 0.527197 0.481344 2 0.532885 0.489713 2 0.520071 0.496563 2 0.531320 0.503743 2 0.512735 0.517358 2 0.536061 0.519634 2 0.515321 0.538635 2 0.520227 0.517637 2 0.510999 0.522225 2 0.531805 0.540359 2 0.518056 0.554728 2 0.528310 0.566642 2 0.511831 0.587939 2
0 0.441964 0.455026 0.034226 0.150794 0.455952 0.396806 2 0.455282 0.393383 1 0.454542 0.393955 2 0.448433 0.393947 1 0.449774 0.395544 2 0.441109 0.409720 2 0.449995 0.413001 2 0.439889 0.429787 1 0.449996 0.441682 2 0.445129 0.447581 1 0.449037 0.462530 2 0.439584 0.455383 2 0.446903 0.456925 2 0.440113 0.489570 2 0.453083 0.487106 2 0.436640 0.521542 2 0.452102 0.518589 2
0 0.293899 0.652778 0.049107 0.220899 0.295729 0.564431 2 0.293896 0.561332 1 0.294464 0.560848 2 0.283506 0.566303 2 0.290738 0.565262 2 0.277737 0.590636 2 0.299074 0.588346 2 0.273724 0.625300 2 0.307745 0.611428 2 0.270537 0.647943 2 0.312765 0.630544 2 0.286381 0.648032 2 0.300656 0.648307 2 0.282790 0.684588 2 0.298188 0.687510 2 0.288604 0.718463 2 0.300539 0.732666 2
0 0.408110 0.537698 0.030506 0.170635 0.416106 0.475517 2 0.416156 0.471750 2 0.414748 0.471905 2 0.414224 0.470452 1 0.409112 0.470897 2 0.412842 0.484704 2 0.404123 0.488952 2 0.414847 0.503674 2 0.404816 0.517554 2 0.419460 0.522921 2 0.410180 0.537346 2 0.411183 0.526694 2 0.405043 0.529165 2 0.412385 0.562708 2 0.404812 0.565896 2 0.411255 0.594861 2 0.404061 0.599137 2
0 0.626860 0.548942 0.069196 0.129630 0.613002 0.517824 2 0.614622 0.513423 2 0.610408 0.514755 2 0.618118 0.510541 2 0.607472 0.512892 2 0.625387 0.524890 2 0.610877 0.519396 2 0.633581 0.547965 2 0.612952 0.523567 2 0.633351 0.568138 2 0.608512 0.536076 2 0.627931 0.550243 2 0.616731 0.546991 2 0.632072 0.576732 2 0.608910 0.572342 2 0.637248 0.603796 2 0.605102 0.599910 2
0 0.627232 0.591931 0.080357 0.183862 0.644768 0.522332 1 0.644736 0.518285 1 0.645232 0.520304 1 0.638459 0.518980 2 0.648516 0.523579 2 0.631855 0.533816 2 0.650866 0.547548 2 0.632778 0.554950 2 0.659652 0.575763 2 0.637720 0.571537 2 0.670730 0.578988 2 0.624181 0.591727 2 0.638808 0.597448 2 0.610082 0.617927 2 0.637079 0.633500 2 0.594201 0.645531 2 0.626805 0.670052 2
0 0.805804 0.618386 0.044643 0.207672 0.794988 0.540627 2 0.796774 0.538285 2 0.795365 0.536370 1 0.802763 0.540990 2 0.798752 0.536952 1 0.814990 0.562515 2 0.798590 0.559642 2 0.821797 0.592633 2 0.796975 0.585516 1 0.822159 0.623586 2 0.797229 0.610340 1 0.808840 0.621824 2 0.796945 0.619242 2 0.807734 0.661372 2 0.794127 0.660233 2 0.816821 0.682033 2 0.797126 0.698424 2
0 0.472470 0.467593 0.037202 0.165344 0.477767 0.405210 2 0.479692 0.401549 2 0.476313 0.401696 2 0.480449 0.399784 2 0.472899 0.399129 2 0.483690 0.412738 2 0.468375 0.413300 2 0.484000 0.434029 2 0.458962 0.430139 2 0.486000 0.453502 2 0.450199 0.446824 2 0.478202 0.458113 2 0.470022 0.458155 2 0.473875 0.488521 2 0.474801 0.489730 2 0.462710 0.512752 2 0.478624 0.525464 2
0 0.325893 0.345899 0.029762 0.125661 0.320713 0.293130 2 0.321992 0.290188 2 0.319249 0.291142 2 0.324360 0.291375 2 0.318688 0.293533 1 0.327945 0.306650 2 0.317315 0.306977 2 0.331288 0.323057 2 0.317942 0.322109 2 0.323009 0.324224 2 0.316163 0.322434 2 0.327346 0.337898 2 0.321959 0.337560 2 0.322491 0.363711 2 0.328602 0.361311 2 0.320206 0.391301 2 0.338483 0.379948 2
0 0.556176 0.303571 0.020089 0.115079 0.555617 0.256814 2 0.556789 0.254674 2 0.556318 0.254481 1 0.560383 0.256779 2 0.560174 0.256099 1 0.559867 0.270384 2 0.563403 0.268677 2 0.558716 0.290119 2 0.563234 0.285273 1 0.556690 0.303941 2 0.559529 0.299275 1 0.561502 0.300981 2 0.563804 0.300189 2 0.563556 0.324022 2 0.563995 0.323417 2 0.567803 0.344253 2 0.566213 0.342873 2
0 0.614583 0.304894 0.020833 0.107143 0.614038 0.269504 2 0.614520 0.267481 2 0.613920 0.267092 1 0.617809 0.267785 2 0.616943 0.267473 1 0.620356 0.277758 2 0.614019 0.275558 2 0.615565 0.288397 2 0.611289 0.290074 2 0.614671 0.275714 2 0.610259 0.296402 2 0.615292 0.303688 2 0.611646 0.302048 2 0.610379 0.327181 2 0.612726 0.325887 2 0.607995 0.353841 2 0.622088 0.345904 2
0 0.587054 0.289021 0.020833 0.120370 0.587664 0.238888 2 0.588756 0.236533 2 0.587615 0.236479 2 0.592502 0.237285 2 0.590056 0.237253 1 0.593919 0.249452 2 0.591438 0.248672 2 0.592396 0.268048 2 0.587148 0.264382 2 0.588775 0.279639 2 0.582036 0.274832 2 0.593322 0.281920 2 0.591921 0.281202 2 0.592263 0.305664 2 0.591303 0.305183 2 0.594236 0.331644 2 0.592704 0.330330 2
0 0.798363 0.279101 0.020833 0.092593 0.800390 0.244364 2 0.801033 0.242507 2 0.799529 0.242183 2 0.800806 0.242623 1 0.796844 0.241624 2 0.799102 0.252489 2 0.793457 0.251375 2 0.799327 0.265429 2 0.791314 0.265224 2 0.801853 0.273560 2 0.796201 0.274344 2 0.796303 0.275718 2 0.792730 0.275564 2 0.796057 0.291484 2 0.793967 0.291403 2 0.792937 0.308169 2 0.791602 0.308224 2
0 0.820312 0.274471 0.024554 0.083333 0.818949 0.243980 2 0.819996 0.241620 2 0.817756 0.241271 2 0.820426 0.241511 1 0.815220 0.240975 2 0.818814 0.247356 2 0.812027 0.251943 2 0.822469 0.263019 2 0.818101 0.266812 2 0.826761 0.268975 2 0.824476 0.275251 2 0.819729 0.270111 2 0.814969 0.275596 2 0.831300 0.267646 2 0.824169 0.286669 2 0.824315 0.282603 2 0.826409 0.306899 2
0 0.258557 0.148810 0.009673 0.033069 0.256824 0.138648 2 0.256917 0.137920 1 0.256481 0.137873 2 0.256730 0.138056 1 0.255484 0.137970 2 0.257099 0.142009 2 0.254470 0.141869 2 0.258585 0.146210 2 0.253774 0.146930 2 0.258457 0.146996 2 0.253796 0.152523 2 0.256511 0.151786 2 0.254839 0.151701 2 0.256359 0.158180 2 0.254584 0.158306 2 0.255888 0.165091 2 0.254249 0.165169 2
0 0.508557 0.329365 0.026042 0.060847 0.520350 0.320349 2 0.520555 0.318760 1 0.520342 0.319043 2 0.519560 0.314808 1 0.519393 0.316223 2 0.516594 0.312680 2 0.515166 0.314767 2 0.512467 0.323328 1 0.510237 0.324043 2 0.510873 0.325717 1 0.509355 0.325524 2 0.505188 0.317843 2 0.503922 0.318961 2 0.509988 0.331231 2 0.507796 0.335538 2 0.510763 0.350801 2 0.507180 0.356350 2
0 0.462426 0.168651 0.018601 0.070106 0.462545 0.136886 2 0.463173 0.135631 2 0.461955 0.135780 2 0.464213 0.135792 2 0.461424 0.136229 2 0.466102 0.141841 2 0.460598 0.142938 2 0.469251 0.145993 2 0.458476 0.148982 2 0.467156 0.146306 2 0.459032 0.150205 2 0.465798 0.159170 2 0.462615 0.159497 2 0.464711 0.173861 2 0.463859 0.173793 2 0.465359 0.187818 2 0.465488 0.187286 2
0 0.131696 0.351852 0.017857 0.068783 0.130973 0.332416 2 0.132045 0.330511 2 0.130062 0.330674 2 0.134447 0.330640 2 0.129311 0.331109 1 0.136815 0.339780 2 0.129616 0.340542 2 0.139170 0.348502 2 0.130186 0.349882 2 0.139202 0.354148 2 0.130800 0.357580 2 0.137133 0.356856 2 0.132217 0.357228 2 0.138819 0.365688 2 0.133434 0.365969 2 0.140179 0.376731 2 0.133597 0.377869 2
0 0.047619 0.353175 0.037202 0.060847 0.050697 0.337776 2 0.051683 0.335491 2 0.049188 0.336233 2 0.053471 0.333588 1 0.046483 0.335719 2 0.054836 0.339128 2 0.043838 0.343367 2 0.060966 0.345890 2 0.039439 0.357046 2 0.059155 0.347677 2 0.037486 0.371811 2 0.053403 0.354714 2 0.045439 0.356561 2 0.058673 0.353763 2 0.041083 0.356629 2 0.062724 0.368884 2 0.037998 0.367854 2
0 0.605655 0.148810 0.016369 0.072751 0.605884 0.119369 2 0.606295 0.118030 2 0.605051 0.118230 2 0.606753 0.118804 1 0.603681 0.119186 2 0.607971 0.126573 2 0.602337 0.126871 2 0.608531 0.134988 2 0.600449 0.135934 2 0.609127 0.138675 2 0.601935 0.144283 2 0.607491 0.146021 2 0.603421 0.146111 2 0.606942 0.159540 2 0.601734 0.160378 2 0.606151 0.172486 2 0.600177 0.174034 2
0 0.134301 0.150132 0.017113 0.056878 0.133511 0.129632 1 0.133313 0.128615 1 0.133676 0.128444 1 0.131842 0.129627 2 0.134909 0.129297 2 0.130910 0.137097 2 0.136560 0.136404 2 0.130049 0.144845 2 0.138850 0.143676 2 0.130934 0.149304 2 0.139882 0.148667 2 0.133502 0.151830 2 0.137395 0.151643 2 0.134736 0.161825 2 0.138773 0.160935 2 0.136411 0.169633 2 0.140617 0.169079 2
0 0.788318 0.183201 0.014137 0.054233 0.790062 0.164609 1 0.790224 0.163367 1 0.790639 0.163632 1 0.789938 0.164300 2 0.792966 0.164656 2 0.788843 0.171324 2 0.793438 0.171815 2 0.786696 0.178610 2 0.793461 0.178762 2 0.785263 0.179454 2 0.790893 0.178987 1 0.788366 0.186091 2 0.791324 0.186171 2 0.786629 0.196066 2 0.789062 0.196759 2 0.788174 0.207420 2 0.790099 0.207490 2
0 0.385045 0.114418 0.014137 0.051587 0.382718 0.095369 1 0.382816 0.094266 1 0.383052 0.094153 1 0.383677 0.094546 2 0.385846 0.093963 1 0.383529 0.100518 2 0.388151 0.099392 2 0.382546 0.108054 2 0.390025 0.106072 2 0.382288 0.115699 2 0.389815 0.111793 1 0.384988 0.115029 2 0.388059 0.114535 2 0.385475 0.125442 2 0.388242 0.125205 2 0.385446 0.135723 2 0.388050 0.135085 2
0 0.354167 0.095899 0.010417 0.051587 0.357017 0.077819 2 0.357451 0.076706 1 0.356410 0.076855 2 0.358187 0.077021 1 0.355571 0.077330 2 0.359241 0.082654 2 0.354836 0.083060 2 0.360224 0.089179 2 0.353918 0.090189 2 0.359831 0.094960 2 0.354709 0.096506 2 0.358999 0.094823 2 0.355828 0.094992 2 0.359478 0.102969 2 0.355152 0.102939 2 0.358922 0.111817 2 0.353312 0.111397 2
0 0.183408 0.131614 0.015625 0.054233 0.178539 0.110377 1 0.178635 0.109598 1 0.178592 0.109444 1 0.178613 0.110741 1 0.180077 0.110100 2 0.179076 0.116020 2 0.181650 0.114676 2 0.180469 0.112772 2 0.181951 0.109660 2 0.179125 0.109252 2 0.179652 0.107639 2 0.181105 0.129564 2 0.183151 0.129062 2 0.181243 0.140531 2 0.185155 0.139898 2 0.181838 0.150306 2 0.186430 0.150004 2
0 0.586310 0.255952 0.019345 0.091270 0.587464 0.238274 2 0.589031 0.235835 2 0.587242 0.235939 2 0.593147 0.237133 2 0.588697 0.237275 1 0.594447 0.249554 2 0.591489 0.249464 2 0.593190 0.270037 2 0.586998 0.266624 2 0.588808 0.281614 2 0.581904 0.274579 2 0.593702 0.283902 2 0.591992 0.283057 2 0.591081 0.305227 2 0.589969 0.304242 1 0.592425 0.310003 1 0.591060 0.312284 1
0 0.959077 0.322090 0.032738 0.130952 0.966477 0.271095 2 0.967719 0.269686 2 0.966764 0.268923 2 0.970563 0.271446 2 0.967792 0.269341 1 0.973010 0.285572 2 0.963815 0.278757 2 0.973021 0.306023 2 0.956634 0.284414 2 0.968970 0.320460 2 0.956833 0.281392 2 0.965593 0.318229 2 0.959149 0.314468 2 0.963500 0.343565 2 0.955987 0.339020 2 0.961946 0.366133 2 0.953461 0.361970 2
0 0.774926 0.371693 0.033482 0.134921 0.786439 0.323170 2 0.785699 0.320210 1 0.785640 0.320831 2 0.780245 0.321721 1 0.781857 0.322951 2 0.778449 0.335514 2 0.778770 0.337742 2 0.778830 0.356115 2 0.775014 0.360048 2 0.784934 0.368945 2 0.773624 0.380289 2 0.773820 0.374005 2 0.776217 0.375210 2 0.768994 0.396850 2 0.782384 0.398184 2 0.760695 0.421277 2 0.786600 0.427605 2
0 0.748884 0.232804 0.027530 0.066138 0.751666 0.196795 2 0.751643 0.195060 1 0.751032 0.195229 2 0.748249 0.195723 1 0.748744 0.196060 2 0.744035 0.202889 2 0.748669 0.203492 2 0.741336 0.209114 2 0.754999 0.207637 2 0.743959 0.213258 2 0.760770 0.204287 2 0.741061 0.224799 2 0.744579 0.225107 2 0.739590 0.238786 2 0.749490 0.238059 2 0.734115 0.254454 2 0.751261 0.255148 2
0 0.547247 0.097884 0.011161 0.037037 0.544182 0.094456 1 0.544028 0.093543 1 0.544275 0.093541 1 0.544852 0.092356 2 0.546194 0.092290 1 0.546767 0.095229 2 0.548210 0.094845 2 0.546450 0.102876 2 0.548244 0.102442 2 0.545821 0.109166 2 0.546807 0.108536 1 0.547374 0.108477 2 0.548417 0.107825 2 0.546981 0.106671 2 0.547113 0.105609 2 0.546912 0.111119 2 0.547526 0.111463 2
0 0.977679 0.285053 0.023810 0.115079 0.964905 0.272102 2 0.966287 0.270049 2 0.964822 0.269587 1 0.970309 0.272180 2 0.966533 0.270930 1 0.973226 0.286849 2 0.964744 0.283107 2 0.972804 0.305718 2 0.961942 0.298221 1 0.969153 0.320842 2 0.961992 0.310572 1 0.967265 0.317641 2 0.961755 0.315045 2 0.964666 0.343642 2 0.961310 0.339265 1 0.964225 0.361401 2 0.962407 0.355947 1
