0 0.557292 0.368386 0.022321 0.130952 0.549936 0.323912 2 0.551612 0.321772 2 0.550842 0.321627 1 0.555594 0.324382 2 0.554763 0.323544 1 0.553889 0.339273 2 0.558891 0.337209 2 0.550903 0.360217 2 0.557087 0.355730 1 0.546831 0.369636 2 0.550941 0.362560 1 0.553291 0.377813 2 0.555436 0.375812 2 0.552886 0.405295 2 0.549409 0.400441 2 0.562680 0.427337 2 0.550361 0.422464 2
0 0.654762 0.181878 0.020833 0.072751 0.656563 0.157593 1 0.656343 0.156215 1 0.656523 0.156487 1 0.653697 0.156892 2 0.657232 0.157566 2 0.651100 0.163893 2 0.658036 0.164411 2 0.648618 0.172829 2 0.662400 0.169350 2 0.648411 0.180010 2 0.663342 0.166169 2 0.650478 0.182751 2 0.655276 0.183159 2 0.648899 0.196956 2 0.656357 0.198020 2 0.646980 0.212233 2 0.657633 0.212091 2
0 0.538690 0.405423 0.026786 0.146825 0.529575 0.352728 2 0.529918 0.350462 2 0.530490 0.350324 1 0.532021 0.353523 2 0.536434 0.352331 1 0.535862 0.369960 2 0.540140 0.366787 2 0.540656 0.392040 2 0.544672 0.387389 1 0.535635 0.407279 2 0.540984 0.403235 1 0.540041 0.407862 2 0.543051 0.405450 2 0.535615 0.436913 2 0.538357 0.431809 2 0.538885 0.465743 2 0.541594 0.457507 2
0 0.460938 0.501323 0.039435 0.156085 0.460877 0.441691 1 0.461418 0.439228 1 0.462917 0.439276 1 0.462427 0.444052 2 0.470929 0.442651 1 0.462012 0.464341 2 0.472383 0.458575 2 0.454988 0.481918 2 0.470540 0.475316 2 0.451494 0.464748 2 0.463550 0.468879 1 0.464907 0.505927 2 0.471276 0.502097 2 0.459261 0.537038 2 0.463004 0.527365 2 0.465082 0.566314 2 0.469118 0.551480 2
0 0.428571 0.400794 0.034226 0.140212 0.432756 0.356553 1 0.431477 0.354546 1 0.432781 0.354281 1 0.425977 0.356720 2 0.433482 0.356749 2 0.422264 0.371910 2 0.436500 0.371236 2 0.421399 0.391816 2 0.442455 0.385040 2 0.421986 0.410516 2 0.443763 0.379921 2 0.426766 0.411661 2 0.435774 0.412061 2 0.435497 0.431868 2 0.441590 0.432703 2 0.436100 0.456051 2 0.437329 0.456331 2
0 0.470610 0.462302 0.036458 0.154762 0.460345 0.444429 1 0.460545 0.441847 1 0.461996 0.441277 1 0.461597 0.445499 2 0.470132 0.443237 1 0.462228 0.465705 2 0.473466 0.459026 2 0.454797 0.481234 2 0.471876 0.474936 2 0.451339 0.464329 2 0.464942 0.467436 1 0.464771 0.506912 2 0.471695 0.502004 2 0.459028 0.540114 2 0.463488 0.528128 2 0.466014 0.564264 2 0.469114 0.548773 2
0 0.292039 0.406085 0.030506 0.129630 0.290387 0.359050 2 0.289797 0.356856 1 0.288972 0.357595 2 0.288148 0.359536 1 0.285701 0.361505 2 0.292212 0.372655 2 0.282069 0.376274 2 0.294922 0.389478 2 0.282205 0.398409 2 0.297869 0.406990 2 0.286173 0.414756 2 0.293786 0.406468 2 0.286418 0.408437 2 0.296598 0.435708 2 0.287049 0.437847 2 0.295763 0.464608 2 0.287116 0.466595 2
0 0.392113 0.427910 0.028274 0.146825 0.399858 0.373495 1 0.398520 0.370817 1 0.399756 0.370822 1 0.391706 0.373583 2 0.399727 0.374114 2 0.388654 0.391928 2 0.401161 0.392247 2 0.387347 0.412837 2 0.405176 0.409143 2 0.386549 0.427233 2 0.405100 0.417654 2 0.390472 0.432817 2 0.399093 0.433487 2 0.391069 0.461956 2 0.399444 0.464705 2 0.390457 0.490562 2 0.399281 0.495159 2
0 0.134301 0.370370 0.036458 0.126984 0.130619 0.321921 2 0.131853 0.319276 2 0.129292 0.319704 2 0.134270 0.319238 2 0.127408 0.320524 2 0.138817 0.332011 2 0.125919 0.335909 2 0.145191 0.344858 2 0.124209 0.353265 2 0.140855 0.352072 2 0.126234 0.370185 2 0.140565 0.366303 2 0.131772 0.368649 2 0.143781 0.392033 2 0.133441 0.395800 2 0.149038 0.416619 2 0.134863 0.421076 2
0 0.337798 0.322090 0.022321 0.109788 0.337336 0.280217 2 0.338348 0.278382 2 0.337664 0.278314 1 0.341535 0.279737 2 0.339338 0.279568 1 0.343955 0.291513 2 0.339721 0.290759 2 0.341040 0.302662 2 0.336360 0.300855 2 0.336113 0.299256 2 0.332815 0.302042 2 0.341320 0.318604 2 0.337062 0.317502 2 0.344725 0.339976 2 0.334750 0.338050 2 0.350491 0.357665 2 0.332378 0.359381 2
0 0.517485 0.201058 0.021577 0.092593 0.519239 0.166777 1 0.519282 0.165114 1 0.519503 0.165334 1 0.518027 0.166052 2 0.521646 0.166476 2 0.516449 0.175652 2 0.523097 0.176862 2 0.514607 0.186834 2 0.523356 0.188528 2 0.512628 0.197069 2 0.521481 0.195196 1 0.516701 0.197377 2 0.521504 0.197747 2 0.513462 0.213559 2 0.519698 0.214596 2 0.514123 0.230555 2 0.520294 0.230840 2
0 0.962426 0.282407 0.034970 0.117725 0.974123 0.238108 2 0.974234 0.235644 1 0.973162 0.235546 2 0.970985 0.235270 1 0.969510 0.235061 2 0.966981 0.246354 2 0.966630 0.246452 2 0.966951 0.262516 1 0.962845 0.263409 2 0.969809 0.274318 1 0.963069 0.277605 2 0.962105 0.278266 2 0.962592 0.278433 2 0.958274 0.301798 2 0.962380 0.302992 2 0.952172 0.324594 2 0.958479 0.327786 2
0 0.789435 0.275132 0.023810 0.097884 0.792556 0.241880 2 0.792596 0.240040 2 0.791768 0.239823 2 0.791350 0.240458 1 0.788907 0.239829 2 0.790732 0.249738 2 0.784370 0.248714 2 0.791442 0.264038 2 0.781937 0.263547 2 0.794353 0.271954 2 0.789020 0.272315 2 0.789335 0.272309 2 0.784611 0.273289 2 0.801296 0.278912 2 0.793856 0.279792 2 0.797537 0.300499 2 0.790897 0.301541 2
0 0.808408 0.269841 0.024554 0.089947 0.810506 0.240771 2 0.809962 0.238989 1 0.810249 0.238884 2 0.807276 0.239564 1 0.808852 0.239862 2 0.807496 0.245675 2 0.804377 0.249214 2 0.810886 0.260106 2 0.807780 0.263985 2 0.815370 0.268133 2 0.813012 0.272253 2 0.807421 0.268136 2 0.805113 0.271996 2 0.817919 0.269494 2 0.812437 0.281652 2 0.812490 0.285893 2 0.813523 0.301439 2
0 0.555432 0.250661 0.014137 0.059524 0.552781 0.232075 2 0.553710 0.230853 2 0.552279 0.230719 2 0.555166 0.232138 2 0.551654 0.231771 2 0.555939 0.239386 2 0.550459 0.238554 2 0.554922 0.246923 2 0.549639 0.246225 2 0.552225 0.249260 2 0.549930 0.252744 2 0.554583 0.253443 2 0.550606 0.252773 2 0.552942 0.260249 2 0.547047 0.258896 2 0.552940 0.271667 2 0.548575 0.269791 2
0 0.846726 0.877646 0.058036 0.220899 0.858869 0.798312 1 0.856523 0.793032 1 0.858860 0.794955 1 0.845425 0.792582 1 0.858073 0.798732 2 0.838932 0.812274 2 0.855546 0.827380 2 0.854482 0.831873 2 0.866281 0.860534 2 0.867664 0.837158 2 0.873353 0.850003 2 0.833590 0.883898 2 0.845206 0.891354 2 0.834274 0.916599 2 0.842105 0.931763 2 0.829833 0.960344 2 0.832084 0.970757 2
0 0.538318 0.325397 0.026042 0.108466 0.529198 0.352049 1 0.529556 0.349909 2 0.530542 0.349369 1 0.531645 0.352933 2 0.537263 0.350595 1 0.535182 0.371128 2 0.540417 0.367337 2 0.540311 0.393362 2 0.545401 0.386122 1 0.536978 0.399884 1 0.541469 0.390721 1 0.539400 0.399884 1 0.542858 0.398000 1 0.534947 0.395894 1 0.538438 0.392939 1 0.537298 0.399884 1 0.539044 0.399240 1
0 0.519717 0.295635 0.024554 0.083333 0.521523 0.238095 1 0.520712 0.238095 1 0.521403 0.238095 1 0.517884 0.238095 1 0.519883 0.238095 1 0.516671 0.238095 1 0.519183 0.238095 1 0.520549 0.242400 2 0.521935 0.243510 2 0.526452 0.249578 2 0.527280 0.251040 2 0.516239 0.253141 2 0.517834 0.253764 2 0.517289 0.269030 2 0.518515 0.270363 2 0.516734 0.282826 1 0.516929 0.284078 2
0 0.477679 0.157407 0.017857 0.063492 0.477160 0.133038 2 0.477827 0.131893 2 0.476765 0.131771 2 0.478991 0.132486 2 0.476312 0.132337 1 0.480546 0.138712 2 0.475596 0.139396 2 0.482168 0.146392 2 0.474607 0.146057 2 0.480201 0.151460 2 0.473777 0.152352 2 0.479622 0.154562 2 0.476113 0.154984 2 0.480234 0.166147 2 0.475470 0.168718 2 0.481171 0.177234 2 0.475545 0.182148 2
0 0.095982 0.316138 0.017857 0.066138 0.102840 0.302131 2 0.103263 0.300521 2 0.101985 0.300426 2 0.103357 0.300427 1 0.099767 0.300503 2 0.103712 0.307012 2 0.096699 0.308243 2 0.107598 0.314643 2 0.093314 0.318523 2 0.106288 0.315139 2 0.090665 0.326545 2 0.101843 0.325337 2 0.097332 0.326187 2 0.105113 0.317808 2 0.096297 0.320819 2 0.105501 0.336446 2 0.098453 0.338116 2
0 0.618676 0.138228 0.015625 0.072751 0.619735 0.114012 2 0.620325 0.112823 2 0.618920 0.112826 2 0.620899 0.113921 2 0.617466 0.113803 2 0.621177 0.121576 2 0.616441 0.121244 2 0.621636 0.129290 2 0.614558 0.128168 2 0.622217 0.133154 2 0.613811 0.131701 2 0.619890 0.137879 2 0.616619 0.137710 2 0.619865 0.150575 2 0.615614 0.150801 2 0.618892 0.163011 2 0.612768 0.163775 2
0 0.191964 0.178571 0.016369 0.037037 0.192488 0.168138 1 0.192217 0.167352 1 0.192590 0.167233 1 0.190800 0.167647 2 0.193143 0.167415 2 0.190334 0.172446 2 0.193740 0.171817 2 0.190299 0.177525 2 0.195377 0.176765 2 0.191514 0.179606 1 0.195900 0.178764 2 0.191624 0.181685 2 0.194035 0.181364 2 0.192080 0.188243 2 0.194678 0.186962 2 0.192039 0.193946 2 0.195218 0.192738 2
0 0.146205 0.130291 0.015625 0.051587 0.147382 0.114071 1 0.147236 0.113088 1 0.147512 0.113124 1 0.146013 0.113476 2 0.148475 0.113666 2 0.144371 0.119326 2 0.149982 0.119788 2 0.141925 0.124442 2 0.151026 0.126294 2 0.141941 0.123234 2 0.150145 0.130468 2 0.145024 0.133534 2 0.148587 0.133536 2 0.144254 0.139896 2 0.146738 0.140295 2 0.144960 0.145848 2 0.146035 0.146635 2
0 0.809896 0.204365 0.017113 0.062169 0.812486 0.187577 2 0.813037 0.186364 2 0.811980 0.186197 2 0.813149 0.185896 1 0.810516 0.185570 2 0.812725 0.189585 2 0.808107 0.191368 2 0.817255 0.188681 2 0.805817 0.200091 2 0.820166 0.189657 2 0.805156 0.209510 2 0.807656 0.203686 2 0.804998 0.203795 2 0.807442 0.215387 2 0.805322 0.213363 2 0.805030 0.221306 2 0.802954 0.218879 2
0 0.434896 0.112434 0.012649 0.055556 0.436257 0.095118 1 0.436017 0.094116 1 0.436200 0.094167 1 0.434154 0.094694 1 0.436505 0.094761 2 0.432856 0.100249 2 0.437697 0.099662 2 0.431921 0.106421 2 0.439677 0.102745 2 0.432546 0.110092 1 0.439953 0.102282 2 0.434020 0.114317 2 0.437283 0.114348 2 0.434757 0.125411 2 0.438371 0.125115 2 0.434543 0.136649 2 0.438278 0.136518 2
0 0.399182 0.093915 0.012649 0.052910 0.401639 0.081848 2 0.401807 0.081098 1 0.401197 0.081000 2 0.401675 0.081596 1 0.400126 0.081437 2 0.401691 0.085675 2 0.398975 0.085719 2 0.402391 0.090119 2 0.398125 0.090524 2 0.402654 0.092282 2 0.399052 0.094208 2 0.401635 0.095331 2 0.399747 0.095680 2 0.402861 0.102031 2 0.400004 0.103043 2 0.402724 0.110513 2 0.399704 0.111511 2
0 0.136161 0.105159 0.014881 0.051587 0.146285 0.115159 1 0.146323 0.114231 1 0.146289 0.114315 1 0.145658 0.114498 2 0.146577 0.114766 1 0.144472 0.119238 2 0.146122 0.119545 2 0.142013 0.125020 2 0.143868 0.125469 1 0.141024 0.123660 2 0.141947 0.125043 1 0.145011 0.133129 2 0.146189 0.133480 2 0.144491 0.140129 2 0.146369 0.140129 1 0.144105 0.140129 1 0.146011 0.140129 1
0 0.822173 0.175265 0.014881 0.048942 0.824498 0.161225 1 0.824400 0.160263 1 0.824837 0.160362 1 0.823653 0.160625 2 0.826564 0.160779 2 0.822966 0.165521 2 0.826975 0.165892 2 0.821696 0.172471 2 0.827261 0.172734 2 0.821185 0.178591 2 0.826844 0.178747 1 0.822497 0.179418 2 0.825317 0.179661 2 0.822657 0.186354 2 0.826098 0.187471 2 0.821300 0.190500 2 0.824987 0.192043 2
0 0.117188 0.121032 0.015625 0.030423 0.118928 0.113522 2 0.118490 0.112406 1 0.118978 0.112490 2 0.116343 0.112695 1 0.118444 0.113043 2 0.115856 0.118810 2 0.116658 0.119129 2 0.118616 0.126366 2 0.118751 0.126818 2 0.122328 0.127967 2 0.122217 0.128318 2 0.115636 0.134811 2 0.116122 0.135323 2 0.116632 0.139899 1 0.116819 0.140830 1 0.115790 0.140892 1 0.115881 0.140410 1
0 0.479167 0.117063 0.013393 0.059524 0.477246 0.133290 2 0.477855 0.132136 2 0.476788 0.132185 2 0.479028 0.132524 2 0.476379 0.132705 2 0.480554 0.139329 2 0.475478 0.139421 2 0.481869 0.146609 2 0.474602 0.146222 2 0.479580 0.151090 2 0.474521 0.151875 2 0.479648 0.153531 2 0.476153 0.153446 2 0.479490 0.156835 1 0.475263 0.156983 1 0.479559 0.156397 1 0.474846 0.156114 1
0 0.540923 0.258598 0.014881 0.054233 0.538356 0.286269 2 0.538867 0.284002 2 0.537605 0.284276 2 0.541547 0.281420 2 0.538365 0.282066 1 0.545376 0.290080 2 0.540956 0.288653 2 0.544677 0.296131 1 0.538720 0.293131 1 0.539511 0.295933 1 0.535940 0.293669 1 0.544020 0.296131 1 0.541303 0.295453 1 0.535557 0.293894 1 0.535123 0.292979 1 0.535150 0.292714 1 0.535076 0.294285 1
0 0.982143 0.280423 0.029762 0.105820 0.988137 0.247320 2 0.989266 0.245635 2 0.987213 0.245074 2 0.990621 0.246525 2 0.985270 0.245067 2 0.991506 0.257474 2 0.980920 0.254202 2 0.991632 0.271137 2 0.975566 0.264730 2 0.989284 0.280321 2 0.976868 0.273552 2 0.985390 0.282781 2 0.978443 0.280530 2 0.980287 0.299410 2 0.972777 0.297026 2 0.976263 0.319866 2 0.972610 0.317191 2
0 0.574405 0.095899 0.010417 0.038360 0.573866 0.084888 1 0.573925 0.084094 1 0.574089 0.084147 1 0.573845 0.084546 2 0.575589 0.084466 2 0.573436 0.088934 2 0.576293 0.088718 2 0.572621 0.093926 2 0.576956 0.093732 2 0.571886 0.095984 2 0.576682 0.097165 1 0.573590 0.098082 2 0.575613 0.097956 2 0.572916 0.105325 2 0.575466 0.105489 2 0.572593 0.112550 2 0.575565 0.112489 2
0 0.452381 0.204365 0.017857 0.078042 0.454105 0.174963 2 0.454471 0.173506 1 0.453478 0.173382 2 0.454501 0.174687 1 0.452077 0.174483 2 0.454518 0.183514 2 0.450663 0.183713 2 0.455321 0.193621 2 0.450849 0.195021 2 0.456578 0.192599 2 0.454888 0.193857 2 0.454637 0.204718 2 0.451550 0.205159 2 0.456635 0.221461 2 0.451056 0.222136 2 0.459573 0.238546 2 0.451748 0.238912 2
0 0.745164 0.133598 0.017113 0.052910 0.748544 0.115038 2 0.749019 0.113938 2 0.747872 0.114004 2 0.749562 0.114246 2 0.746512 0.114350 2 0.750483 0.120856 2 0.744855 0.120834 2 0.751261 0.129939 2 0.743398 0.130314 2 0.751125 0.137855 2 0.742697 0.138538 2 0.749257 0.136771 2 0.745369 0.136548 2 0.748887 0.149263 2 0.744270 0.148211 2 0.748999 0.161139 2 0.742793 0.159409 2
0 0.905134 0.186508 0.020089 0.042328 0.905729 0.177726 2 0.906694 0.176021 2 0.905199 0.175956 2 0.908528 0.175442 2 0.904521 0.175263 1 0.909864 0.180436 2 0.902944 0.180898 2 0.908623 0.191216 2 0.900928 0.192418 2 0.901690 0.194964 2 0.904809 0.191951 2 0.907677 0.196622 2 0.902964 0.196307 2 0.907120 0.191381 2 0.898288 0.190472 2 0.901507 0.199312 2 0.898433 0.198817 2
