0 0.661830 0.934524 0.045387 0.123016 0.667962 0.904759 2 0.669832 0.899443 2 0.664906 0.899497 2 0.669686 0.897145 1 0.658225 0.897341 2 0.659738 0.917448 2 0.660191 0.921489 2 0.668885 0.941508 2 0.675245 0.949420 2 0.680381 0.942129 2 0.684497 0.941532 2 0.665617 0.978578 2 0.666061 0.984128 2 0.682247 0.989182 1 0.688644 0.999103 2 0.680707 1.000000 1 0.683205 1.000000 1
0 0.703497 0.886243 0.043899 0.211640 0.708636 0.805452 2 0.711154 0.801897 2 0.706715 0.801518 2 0.715057 0.803620 2 0.703886 0.802497 2 0.718766 0.825734 2 0.697503 0.824002 2 0.723767 0.853727 2 0.690226 0.850713 2 0.721270 0.882203 2 0.689704 0.882596 2 0.712275 0.886211 2 0.697878 0.885130 2 0.710300 0.928311 2 0.691147 0.927026 2 0.706634 0.972191 2 0.685731 0.968081 2
0 0.638393 0.847222 0.071429 0.130952 0.668263 0.904227 2 0.670304 0.899094 2 0.665107 0.899368 2 0.670404 0.895621 1 0.658287 0.897042 2 0.657974 0.912691 2 0.661209 0.925702 2 0.666405 0.923778 1 0.672038 0.937831 1 0.678944 0.931688 1 0.681661 0.936640 1 0.660855 0.936868 1 0.663593 0.937831 1 0.676658 0.913055 1 0.686289 0.937831 1 0.676313 0.925062 1 0.676238 0.937831 1
0 0.311384 0.574735 0.027530 0.096561 0.315420 0.539466 2 0.316543 0.537587 2 0.314555 0.537807 2 0.318682 0.539002 2 0.313675 0.539438 2 0.320528 0.549917 2 0.311955 0.548753 2 0.322782 0.559558 2 0.306568 0.554610 2 0.321885 0.560131 2 0.305406 0.556761 2 0.319796 0.574948 2 0.313900 0.574625 2 0.321983 0.593008 2 0.312285 0.593125 2 0.322986 0.613330 2 0.312352 0.611465 2
0 0.581101 0.643519 0.032738 0.130952 0.579322 0.594068 2 0.580613 0.591530 2 0.578086 0.591657 2 0.583087 0.591832 2 0.576427 0.592278 2 0.586310 0.603747 2 0.573424 0.606733 2 0.591705 0.617724 2 0.572338 0.622488 2 0.597654 0.622251 2 0.578005 0.630611 2 0.585936 0.640064 2 0.576343 0.642982 2 0.593200 0.664652 2 0.576927 0.674009 2 0.592397 0.688043 2 0.572498 0.700455 2
0 0.569940 0.646164 0.028274 0.109788 0.579154 0.594458 2 0.580721 0.591709 2 0.577959 0.591557 2 0.583130 0.592313 2 0.576368 0.592111 2 0.586414 0.604113 2 0.574876 0.606509 2 0.588073 0.621155 1 0.572768 0.619216 2 0.587464 0.633434 1 0.577633 0.631350 2 0.584777 0.640971 2 0.576325 0.643278 2 0.589286 0.663561 2 0.574911 0.673674 2 0.587302 0.680854 2 0.572956 0.701702 2
0 0.483259 0.546296 0.020089 0.095238 0.486282 0.513010 1 0.486179 0.511250 1 0.486844 0.511342 1 0.484598 0.512414 2 0.489494 0.512604 2 0.482094 0.522572 2 0.491011 0.522934 2 0.479916 0.534901 2 0.492447 0.536389 2 0.478377 0.545828 2 0.492702 0.545200 2 0.483272 0.545348 2 0.489150 0.545249 2 0.483082 0.565413 2 0.487663 0.565101 2 0.483800 0.583954 2 0.486206 0.582137 2
0 0.528274 0.583333 0.029762 0.105820 0.540539 0.545070 1 0.539540 0.543195 1 0.540207 0.543222 1 0.534305 0.544336 2 0.539164 0.544883 2 0.530010 0.555431 2 0.541528 0.556365 2 0.523402 0.567549 2 0.546674 0.567075 2 0.516702 0.576631 2 0.548652 0.568273 2 0.531792 0.586328 2 0.539003 0.587007 2 0.531932 0.606753 2 0.538730 0.608129 2 0.531420 0.626252 2 0.537444 0.628350 2
0 0.530878 0.540344 0.024554 0.093915 0.540620 0.544414 1 0.539576 0.542704 1 0.540235 0.542678 1 0.534288 0.544040 2 0.538988 0.544607 2 0.530122 0.554990 2 0.540929 0.555754 2 0.525361 0.566960 2 0.545282 0.565098 2 0.525074 0.575518 2 0.543331 0.562212 2 0.531955 0.585564 2 0.539054 0.586153 2 0.531860 0.602596 2 0.539157 0.603070 2 0.531276 0.605076 1 0.538748 0.605076 1
0 0.548363 0.546958 0.013393 0.078042 0.540796 0.541612 1 0.540984 0.539944 1 0.540625 0.539835 1 0.540792 0.542717 1 0.541080 0.542386 1 0.540851 0.556076 1 0.541639 0.555851 2 0.547637 0.566699 1 0.548450 0.567026 2 0.553175 0.571455 2 0.553734 0.571999 2 0.540088 0.587962 1 0.540172 0.587967 2 0.541315 0.599103 1 0.541723 0.599479 1 0.543033 0.597328 1 0.541781 0.595958 1
0 0.504464 0.540344 0.019345 0.085979 0.512156 0.511494 1 0.511212 0.510063 1 0.512095 0.510009 1 0.507453 0.510782 2 0.511640 0.511162 2 0.505031 0.519930 2 0.512573 0.519925 2 0.503898 0.531915 2 0.515664 0.531549 2 0.503597 0.542412 2 0.517846 0.541156 2 0.506235 0.543180 2 0.510889 0.543097 2 0.507890 0.560282 2 0.510139 0.560084 2 0.509201 0.576193 2 0.508545 0.575498 2
0 0.501488 0.515212 0.016369 0.085979 0.510809 0.511370 1 0.510225 0.509828 1 0.511037 0.509757 1 0.507208 0.510459 2 0.511750 0.510444 2 0.505013 0.519999 2 0.512649 0.519478 2 0.503569 0.532451 2 0.512649 0.531420 1 0.503724 0.541884 2 0.512649 0.539463 1 0.506549 0.542997 2 0.511275 0.542903 2 0.508787 0.562042 2 0.509935 0.561574 2 0.510347 0.573204 2 0.507262 0.572003 1
0 0.487351 0.509259 0.017857 0.082011 0.486634 0.513651 1 0.486481 0.511828 1 0.487311 0.512037 1 0.484446 0.512811 2 0.489851 0.513240 2 0.482073 0.523157 2 0.490850 0.524186 2 0.479818 0.535637 2 0.492317 0.537743 2 0.478442 0.546084 2 0.492111 0.546020 2 0.483226 0.545506 2 0.488987 0.545996 2 0.483674 0.562760 2 0.488457 0.563205 2 0.484645 0.565678 1 0.487349 0.565515 1
0 0.393229 0.439815 0.017113 0.056878 0.394096 0.421007 1 0.394219 0.419960 1 0.394341 0.419967 1 0.394763 0.419838 2 0.396905 0.419659 2 0.394391 0.425072 2 0.399084 0.424756 2 0.394093 0.432413 2 0.400654 0.432096 2 0.393641 0.438107 2 0.400482 0.438085 2 0.395389 0.440080 2 0.398816 0.439844 2 0.394496 0.450887 2 0.399155 0.451152 2 0.394309 0.462976 2 0.399215 0.462708 2
0 0.832589 0.969577 0.053571 0.058201 0.826340 0.969068 2 0.830491 0.965197 2 0.825056 0.963072 2 0.837449 0.971084 2 0.824002 0.965402 1 0.840954 0.998387 2 0.825189 0.991822 2 0.842020 1.000000 1 0.825726 1.000000 1 0.830906 0.998702 1 0.824083 0.993859 1 0.839203 1.000000 1 0.828750 1.000000 1 0.836917 1.000000 1 0.827427 0.988575 1 0.835875 0.995643 1 0.832868 0.994829 1
