0 0.570126 0.284061 0.007812 0.029762 0.573904 0.276229 1 0.573608 0.275504 1 0.573790 0.275605 1 0.571982 0.274995 1 0.572958 0.275422 2 0.570316 0.277547 2 0.572886 0.278290 2 0.569592 0.281630 2 0.573189 0.282570 2 0.570463 0.283483 1 0.573247 0.283765 2 0.570213 0.285703 2 0.572040 0.286125 2 0.570289 0.291667 2 0.572299 0.292121 2 0.569859 0.296787 2 0.571719 0.296930 2
0 0.523065 0.543651 0.011905 0.048942 0.521513 0.538253 2 0.521926 0.537444 2 0.521172 0.537362 2 0.523132 0.535868 2 0.520979 0.535693 1 0.524851 0.539262 2 0.520679 0.536780 2 0.524009 0.547863 2 0.518093 0.539935 2 0.522276 0.550860 2 0.516608 0.544478 2 0.524036 0.550296 2 0.520929 0.549103 2 0.525286 0.557358 2 0.520457 0.556471 2 0.528023 0.563016 2 0.520578 0.563039 2
0 0.476376 0.503307 0.015253 0.044974 0.476084 0.502643 2 0.476492 0.501900 2 0.475692 0.501997 2 0.477353 0.501254 2 0.475338 0.501487 1 0.478362 0.503434 2 0.475255 0.502775 2 0.478724 0.508271 2 0.473637 0.505123 2 0.477538 0.511901 2 0.471640 0.506639 2 0.478098 0.510379 2 0.476064 0.509797 2 0.477282 0.514788 2 0.474583 0.514264 2 0.477253 0.519799 1 0.474466 0.519242 1
0 0.093936 0.629960 0.011533 0.045635 0.092578 0.615467 2 0.092887 0.614594 2 0.092045 0.615157 2 0.093869 0.615248 2 0.091743 0.616778 2 0.096522 0.618916 2 0.091252 0.622060 2 0.099741 0.620027 2 0.088792 0.625006 2 0.098271 0.624373 2 0.091114 0.629149 2 0.097195 0.632293 2 0.094002 0.634157 2 0.098392 0.640041 2 0.095899 0.643894 2 0.099454 0.647599 2 0.098057 0.652185 2
0 0.108631 0.677910 0.015625 0.050265 0.107112 0.663018 1 0.107081 0.662353 1 0.107348 0.661963 1 0.106315 0.663399 2 0.108962 0.662305 2 0.106068 0.669467 2 0.111231 0.667190 2 0.105817 0.676582 2 0.113520 0.671111 2 0.105407 0.680983 2 0.112990 0.672280 2 0.108587 0.681234 2 0.112071 0.680214 2 0.109543 0.689131 2 0.112719 0.688353 2 0.111023 0.695587 2 0.113576 0.696951 2
0 0.094308 0.578373 0.012277 0.040344 0.094188 0.563665 2 0.094575 0.562769 2 0.093935 0.562861 1 0.095748 0.561978 2 0.094038 0.562266 1 0.098331 0.565143 2 0.093566 0.565898 2 0.100319 0.571415 2 0.092950 0.571213 2 0.099729 0.576333 2 0.092829 0.576129 2 0.098258 0.577429 2 0.094956 0.577905 2 0.099619 0.584535 2 0.095234 0.586375 2 0.100244 0.592527 2 0.095850 0.596128 2
0 0.751116 0.775463 0.019345 0.052249 0.751296 0.759751 2 0.751739 0.758815 2 0.751136 0.758754 2 0.753272 0.759119 2 0.752480 0.758991 1 0.753570 0.763765 2 0.753411 0.763604 2 0.753187 0.769681 2 0.752020 0.768405 2 0.752405 0.773632 2 0.750046 0.770260 2 0.752621 0.775916 2 0.753360 0.775736 2 0.749219 0.783727 2 0.754416 0.784943 2 0.746814 0.792542 2 0.755891 0.793348 2
0 0.788132 0.723545 0.012277 0.038360 0.786412 0.716981 2 0.786903 0.716463 2 0.786320 0.715971 2 0.788353 0.716078 2 0.786627 0.714844 1 0.789801 0.719317 2 0.785274 0.716555 2 0.790876 0.725344 2 0.782392 0.718368 2 0.788161 0.729691 2 0.784490 0.716582 2 0.788127 0.730385 2 0.785185 0.728769 2 0.786082 0.737814 2 0.783615 0.735952 2 0.783806 0.745625 2 0.781268 0.743937 2
0 0.789435 0.745040 0.014137 0.048280 0.790688 0.727984 2 0.791302 0.727258 2 0.790468 0.727053 2 0.792582 0.727819 2 0.790396 0.727276 1 0.794212 0.733406 2 0.789430 0.731934 2 0.795529 0.739632 2 0.787467 0.735715 2 0.795482 0.741880 2 0.786598 0.740352 2 0.791701 0.746303 2 0.788464 0.745326 2 0.790898 0.754759 2 0.787356 0.753762 2 0.790725 0.760939 2 0.786521 0.761378 2
0 0.861979 0.570767 0.010417 0.044974 0.860961 0.556705 1 0.861019 0.555782 1 0.861211 0.555930 1 0.860474 0.556087 2 0.862683 0.556415 2 0.858755 0.561046 2 0.863775 0.562028 2 0.856531 0.567672 2 0.864702 0.569465 2 0.856053 0.572398 2 0.864269 0.575300 2 0.858780 0.573945 2 0.862131 0.574322 2 0.858088 0.580764 2 0.861327 0.581846 2 0.858070 0.587484 2 0.860532 0.588284 2
0 0.851935 0.569444 0.015625 0.054233 0.853302 0.550750 1 0.853227 0.549765 1 0.853439 0.550029 1 0.852111 0.550016 2 0.854443 0.550678 2 0.850579 0.554404 2 0.854803 0.555965 2 0.848254 0.557274 2 0.854834 0.562608 2 0.849255 0.559247 2 0.854616 0.567416 2 0.849436 0.566218 2 0.852288 0.566567 2 0.848115 0.574509 2 0.850663 0.573699 2 0.846556 0.582998 2 0.849045 0.581315 2
0 0.274926 0.803902 0.013393 0.048280 0.273778 0.788076 1 0.273795 0.787268 1 0.274026 0.787212 1 0.272991 0.788129 2 0.275518 0.787869 2 0.271700 0.794249 2 0.276776 0.793285 2 0.270869 0.800005 2 0.278780 0.799604 2 0.272585 0.802179 2 0.279389 0.802205 2 0.273790 0.805358 2 0.277221 0.804786 2 0.274826 0.814253 2 0.277956 0.811506 2 0.276039 0.823333 2 0.278792 0.818882 2
0 0.284226 0.779762 0.016369 0.055556 0.283175 0.761475 1 0.283122 0.760568 1 0.283363 0.760376 1 0.282164 0.761598 2 0.284599 0.760955 2 0.281326 0.769656 2 0.285787 0.766262 2 0.280433 0.776942 2 0.287261 0.765923 2 0.282334 0.776392 2 0.284851 0.762571 2 0.283407 0.782230 2 0.286176 0.780961 2 0.284829 0.791767 2 0.285609 0.790558 2 0.287603 0.800479 2 0.286853 0.798579 2
0 0.305618 0.630952 0.012277 0.039683 0.297466 0.612120 2 0.297701 0.611282 2 0.297247 0.611347 1 0.298349 0.610627 2 0.297247 0.610935 1 0.300642 0.614323 2 0.297247 0.615178 2 0.303191 0.619507 2 0.297314 0.620333 1 0.301214 0.623560 2 0.297354 0.625271 1 0.300696 0.627606 2 0.297992 0.628034 2 0.302458 0.636021 2 0.298749 0.637431 2 0.304581 0.643064 2 0.299646 0.645485 2
0 0.298735 0.626653 0.009673 0.041667 0.296735 0.610525 2 0.297105 0.609627 2 0.296437 0.609733 2 0.298057 0.609716 2 0.296377 0.610024 1 0.300372 0.614145 2 0.296591 0.614650 2 0.302999 0.619520 2 0.295827 0.616283 2 0.301329 0.623089 2 0.296145 0.612484 2 0.300613 0.627223 2 0.298072 0.627650 2 0.301792 0.635677 2 0.298763 0.637154 2 0.303237 0.642102 2 0.299844 0.645491 2
0 0.221168 0.608796 0.013765 0.048280 0.218663 0.593816 1 0.218779 0.593208 1 0.218796 0.592743 1 0.218855 0.593795 2 0.220740 0.592444 2 0.219229 0.598748 2 0.222592 0.595321 2 0.218533 0.604860 2 0.222949 0.595042 2 0.218082 0.601986 2 0.220329 0.595063 1 0.220898 0.609078 2 0.223539 0.607742 2 0.220087 0.615519 2 0.225060 0.616030 2 0.219925 0.621741 2 0.226981 0.624422 2
0 0.323475 0.793651 0.020461 0.044974 0.322333 0.776229 1 0.322585 0.775511 1 0.322550 0.775404 1 0.323205 0.776546 2 0.325546 0.775867 2 0.321895 0.781668 2 0.328164 0.780071 2 0.320073 0.783380 2 0.329836 0.777297 2 0.320168 0.778122 2 0.328117 0.774257 2 0.322960 0.797376 2 0.327914 0.797156 2 0.320564 0.800621 2 0.330528 0.803402 2 0.319845 0.815009 2 0.332658 0.817912 2
0 0.598586 0.853505 0.015625 0.050926 0.601986 0.838174 1 0.601997 0.837122 1 0.602295 0.837586 1 0.600887 0.837768 2 0.603592 0.838979 2 0.598534 0.842493 2 0.603910 0.846346 2 0.596045 0.847744 2 0.604797 0.854932 2 0.596944 0.850322 1 0.605463 0.858811 1 0.597171 0.857022 2 0.600759 0.859028 2 0.596775 0.863000 2 0.600781 0.868494 2 0.595049 0.871149 2 0.599083 0.878354 2
0 0.447359 0.436177 0.009301 0.037698 0.447309 0.425073 2 0.447703 0.424396 2 0.447075 0.424322 1 0.448549 0.423932 2 0.446941 0.423743 1 0.449647 0.426789 2 0.446321 0.426286 2 0.450411 0.432678 2 0.445496 0.431405 2 0.449582 0.438233 2 0.445471 0.436535 2 0.448943 0.437111 2 0.446638 0.436814 2 0.449184 0.444632 2 0.446342 0.444081 2 0.449257 0.451955 2 0.446100 0.451333 2
0 0.452009 0.382275 0.010417 0.039683 0.453855 0.370242 1 0.453537 0.369538 1 0.453778 0.369576 1 0.451861 0.369684 1 0.453486 0.369895 2 0.450650 0.373462 2 0.453731 0.373519 2 0.450550 0.378439 2 0.454027 0.378771 2 0.451102 0.382054 1 0.454290 0.383501 2 0.451079 0.382927 2 0.453228 0.383068 2 0.452090 0.389590 2 0.454407 0.389191 2 0.451536 0.395507 2 0.453216 0.394771 2
