0 0.623512 0.474868 0.028274 0.166667 0.618636 0.410121 1 0.619552 0.407415 1 0.620464 0.408067 1 0.621743 0.410810 2 0.629194 0.411226 2 0.616488 0.429380 2 0.631470 0.427807 2 0.609742 0.446563 2 0.635358 0.452645 2 0.606479 0.453275 2 0.635927 0.468202 2 0.616192 0.474077 2 0.626566 0.472167 2 0.613623 0.507207 2 0.626849 0.497748 2 0.612818 0.541963 2 0.628418 0.518955 2
0 0.835938 0.581349 0.049851 0.189153 0.849722 0.517360 2 0.852026 0.514262 2 0.848524 0.512227 2 0.852657 0.512549 1 0.843212 0.507132 2 0.854259 0.526889 2 0.834706 0.523461 2 0.859310 0.554031 2 0.825026 0.543190 2 0.860743 0.577322 2 0.818872 0.568446 2 0.843513 0.576804 2 0.830890 0.575680 2 0.840985 0.612612 2 0.828396 0.619964 2 0.836694 0.635251 2 0.825535 0.661387 2
0 0.553571 0.463624 0.043155 0.165344 0.546738 0.399622 1 0.547318 0.396756 1 0.547815 0.397061 1 0.547754 0.399957 2 0.554565 0.399787 2 0.545195 0.420223 2 0.558035 0.419095 2 0.543868 0.443219 2 0.561683 0.442149 2 0.539077 0.459889 2 0.564620 0.460662 2 0.546509 0.466651 2 0.555759 0.465982 2 0.544718 0.499574 2 0.557736 0.498590 2 0.544381 0.534613 2 0.557719 0.529650 2
0 0.324405 0.514550 0.032738 0.174603 0.326044 0.451098 1 0.325025 0.448311 1 0.326242 0.448424 1 0.318739 0.450933 2 0.327836 0.451983 2 0.314897 0.468402 2 0.329421 0.472245 2 0.314265 0.485148 2 0.334309 0.496429 2 0.318041 0.492895 1 0.337786 0.516337 2 0.318363 0.514505 2 0.328679 0.516466 2 0.319209 0.547107 2 0.331755 0.551269 2 0.320198 0.576076 2 0.334433 0.582873 2
0 0.393601 0.375000 0.035714 0.141534 0.390823 0.324038 1 0.390916 0.321350 1 0.391460 0.321600 1 0.391070 0.323346 2 0.397861 0.323017 2 0.392309 0.339324 2 0.401762 0.337385 2 0.389684 0.359964 2 0.399388 0.354791 2 0.381507 0.362163 2 0.389249 0.359399 1 0.394576 0.378103 2 0.402192 0.376807 2 0.388486 0.406599 2 0.402078 0.406685 2 0.387455 0.435973 2 0.405892 0.436073 2
0 0.352307 0.459656 0.033482 0.160053 0.329731 0.455668 1 0.329596 0.452662 1 0.329280 0.452580 1 0.328869 0.455583 1 0.329274 0.455520 1 0.329773 0.475048 1 0.330820 0.474703 2 0.334431 0.497722 1 0.334836 0.497261 2 0.337369 0.518036 1 0.337358 0.518843 2 0.329846 0.518382 1 0.330433 0.517896 2 0.330664 0.556539 1 0.331036 0.555271 2 0.333324 0.570540 1 0.333312 0.570540 1
0 0.340030 0.373016 0.035714 0.134921 0.352127 0.405219 1 0.351426 0.402702 1 0.352812 0.402542 1 0.347812 0.404342 2 0.356384 0.404012 2 0.345826 0.422227 2 0.360237 0.422657 2 0.343754 0.443180 2 0.363118 0.445295 2 0.343775 0.460300 2 0.362041 0.462844 2 0.349561 0.460670 2 0.359439 0.460686 2 0.349265 0.466931 1 0.359947 0.466931 1 0.350813 0.466931 1 0.358085 0.466931 1
0 0.452381 0.400794 0.032738 0.140212 0.450410 0.332781 2 0.451694 0.330449 2 0.450675 0.330309 1 0.454675 0.332884 2 0.452892 0.332313 1 0.458010 0.350826 2 0.450715 0.349818 2 0.463332 0.366011 2 0.443794 0.365215 2 0.461726 0.367891 2 0.444729 0.375505 2 0.457376 0.394607 2 0.452689 0.394054 2 0.457170 0.425456 2 0.452771 0.424325 2 0.462715 0.451853 2 0.453189 0.450500 2
0 0.302827 0.419312 0.031250 0.156085 0.303944 0.361098 2 0.302449 0.358801 1 0.303174 0.359121 2 0.298163 0.361030 1 0.300425 0.362100 2 0.295549 0.377410 2 0.299594 0.379794 2 0.299055 0.399753 1 0.301844 0.402037 2 0.305920 0.409913 1 0.309830 0.415577 2 0.302117 0.418704 2 0.302724 0.422059 2 0.314321 0.440638 2 0.306450 0.449690 2 0.313363 0.466452 2 0.290546 0.474903 2
0 0.134673 0.371693 0.032738 0.124339 0.133246 0.321469 2 0.133867 0.318904 2 0.131643 0.319479 2 0.134437 0.319678 1 0.128013 0.320926 2 0.138162 0.333268 2 0.125359 0.335778 2 0.143932 0.346806 2 0.123885 0.353624 2 0.139698 0.352393 2 0.125306 0.370268 2 0.139579 0.368348 2 0.130760 0.369597 2 0.142308 0.393401 2 0.132138 0.395952 2 0.147785 0.417844 2 0.133745 0.422096 2
0 0.405878 0.299603 0.018601 0.104497 0.408042 0.316088 2 0.408772 0.313773 2 0.408913 0.313722 1 0.411891 0.314715 2 0.413893 0.314228 1 0.411773 0.328219 2 0.416299 0.326800 2 0.405766 0.342570 2 0.411404 0.339786 1 0.403076 0.346792 2 0.405736 0.346392 1 0.412004 0.361156 2 0.415046 0.360034 2 0.409532 0.371466 1 0.412961 0.371466 1 0.410451 0.371466 1 0.413642 0.371466 1
0 0.537574 0.203042 0.018601 0.083333 0.534928 0.171389 1 0.534848 0.169626 1 0.535015 0.169738 1 0.533316 0.170596 2 0.537317 0.170648 2 0.531918 0.180973 2 0.539679 0.181240 2 0.529848 0.191823 2 0.542298 0.193365 2 0.529460 0.200730 2 0.542670 0.203304 2 0.533365 0.203764 2 0.538998 0.203782 2 0.532543 0.220687 2 0.540197 0.220604 2 0.531309 0.237334 2 0.541329 0.237692 2
0 0.955729 0.282407 0.034970 0.117725 0.961285 0.294749 1 0.960664 0.292898 1 0.961719 0.293094 1 0.957094 0.294187 2 0.964052 0.294698 2 0.954994 0.305968 2 0.966399 0.306011 2 0.952110 0.324926 2 0.968380 0.322904 2 0.951164 0.336336 2 0.966473 0.335065 2 0.955959 0.338770 2 0.963744 0.338154 2 0.948929 0.355916 2 0.956897 0.356583 2 0.947936 0.359865 1 0.954898 0.361003 1
0 0.787574 0.274471 0.021577 0.088624 0.791515 0.242986 2 0.791447 0.241101 2 0.790628 0.241007 2 0.790139 0.241833 1 0.787313 0.241353 2 0.789103 0.252313 2 0.783857 0.250647 2 0.789616 0.266866 2 0.780821 0.264216 2 0.792571 0.273924 2 0.787338 0.272421 2 0.787640 0.273717 2 0.784074 0.274409 2 0.797758 0.281055 2 0.795657 0.281917 2 0.791617 0.299388 2 0.790292 0.301102 2
0 0.809524 0.268519 0.025298 0.084656 0.809444 0.242065 2 0.809386 0.240322 2 0.808550 0.240340 2 0.808137 0.241085 1 0.805095 0.241282 2 0.808347 0.248716 2 0.801749 0.251915 2 0.811354 0.261942 2 0.807043 0.264914 2 0.814888 0.269877 2 0.812779 0.273174 2 0.809729 0.270774 2 0.805053 0.274374 2 0.816459 0.273770 2 0.812671 0.284500 2 0.813646 0.291662 2 0.813480 0.306138 2
0 0.968006 0.934524 0.058036 0.123016 0.980749 0.916642 2 0.985203 0.911671 2 0.978133 0.908770 2 0.989729 0.914306 2 0.972246 0.907253 2 0.988406 0.947551 2 0.963666 0.932457 2 0.975836 0.987549 2 0.954022 0.962920 2 0.957549 0.986657 2 0.949377 0.981134 2 0.973894 0.996516 2 0.956970 0.987639 2 0.966847 0.987395 1 0.946053 0.977590 1 0.959088 0.993306 1 0.950842 0.988099 1
0 0.538318 0.324735 0.027530 0.075397 0.537537 0.305499 2 0.538670 0.303799 2 0.536518 0.303826 2 0.540888 0.300559 2 0.534919 0.300776 1 0.544028 0.300676 2 0.532667 0.301883 2 0.544737 0.316222 2 0.532333 0.318363 2 0.540688 0.325232 2 0.534897 0.329181 2 0.542884 0.313135 2 0.534663 0.313607 2 0.544236 0.328760 2 0.531915 0.329950 2 0.546040 0.350731 2 0.531723 0.353537 2
0 0.518229 0.291005 0.023065 0.066138 0.517192 0.270820 2 0.517973 0.268977 2 0.516357 0.269173 2 0.519296 0.267867 2 0.515112 0.268366 2 0.521529 0.275252 2 0.513250 0.275709 2 0.523483 0.286497 2 0.510554 0.286321 2 0.520051 0.295789 2 0.513451 0.295398 2 0.520112 0.299119 2 0.514583 0.299393 2 0.521741 0.315596 2 0.514251 0.316358 2 0.522158 0.330794 1 0.514457 0.331337 1
0 0.097470 0.319444 0.017857 0.062169 0.092488 0.301672 2 0.092790 0.299479 2 0.091700 0.300401 2 0.094806 0.296188 2 0.091849 0.298500 1 0.098635 0.298393 2 0.092499 0.302122 2 0.100496 0.308188 2 0.092699 0.316713 2 0.098129 0.311169 2 0.091780 0.328920 2 0.102416 0.311243 2 0.097613 0.312868 2 0.105408 0.320215 2 0.095022 0.321617 2 0.105103 0.339118 2 0.093112 0.337826 2
0 0.609003 0.140873 0.014137 0.067460 0.608651 0.119161 2 0.609152 0.117847 2 0.607928 0.117874 2 0.609571 0.118117 1 0.606588 0.118096 2 0.610412 0.124923 2 0.605146 0.124769 2 0.611433 0.133229 2 0.603817 0.133036 2 0.612091 0.140246 2 0.604433 0.140998 2 0.609726 0.142364 2 0.606182 0.142380 2 0.609736 0.155565 2 0.605955 0.155934 2 0.609381 0.168669 2 0.605962 0.169321 2
0 0.214658 0.218254 0.017113 0.037037 0.213399 0.223397 2 0.215041 0.220652 2 0.212280 0.220524 2 0.217401 0.221994 2 0.210848 0.221602 2 0.219908 0.234099 2 0.208672 0.234494 2 0.220459 0.240953 1 0.207767 0.242121 1 0.217645 0.234198 1 0.210446 0.236278 1 0.217966 0.243097 1 0.210724 0.243097 1 0.218350 0.236821 1 0.208983 0.236889 1 0.213081 0.234570 1 0.213997 0.237421 1
0 0.177455 0.134259 0.014137 0.056878 0.183208 0.122672 1 0.183313 0.121780 1 0.182628 0.121699 1 0.182512 0.122665 1 0.181053 0.122502 2 0.182369 0.127575 2 0.180219 0.127615 2 0.184339 0.128883 2 0.180285 0.129161 2 0.183468 0.126098 2 0.181320 0.125806 2 0.182518 0.140873 2 0.181248 0.141086 2 0.182515 0.150597 2 0.183693 0.150506 2 0.180882 0.159789 2 0.182178 0.159488 2
0 0.774554 0.181217 0.016369 0.060847 0.774084 0.163729 1 0.774129 0.162629 1 0.774579 0.162655 1 0.773870 0.163768 2 0.777163 0.163453 2 0.773793 0.170150 2 0.778117 0.169654 2 0.771495 0.174715 2 0.777726 0.174571 1 0.771790 0.172403 2 0.774396 0.173313 1 0.775594 0.183711 2 0.778339 0.183432 2 0.775252 0.195059 2 0.776699 0.194362 2 0.774812 0.205709 2 0.776623 0.205384 2
0 0.411086 0.115741 0.017113 0.054233 0.411353 0.094751 1 0.411441 0.093636 1 0.411734 0.093762 1 0.410916 0.094111 2 0.413787 0.094261 2 0.409484 0.100350 2 0.414905 0.100640 2 0.408442 0.107445 2 0.415599 0.108527 2 0.409119 0.111431 2 0.415339 0.114151 2 0.409903 0.115192 2 0.413598 0.115193 2 0.409209 0.125768 2 0.412654 0.125927 2 0.410025 0.135315 2 0.412513 0.134988 2
0 0.136533 0.118386 0.015625 0.030423 0.133339 0.112315 2 0.133686 0.111475 2 0.132886 0.111592 2 0.134348 0.111073 1 0.132222 0.111447 2 0.135306 0.112883 2 0.132179 0.114153 2 0.136987 0.115825 2 0.132726 0.118621 2 0.136409 0.116576 2 0.133851 0.119917 2 0.136305 0.118909 2 0.133942 0.119709 2 0.138924 0.120895 2 0.133732 0.121813 2 0.141019 0.126432 2 0.135364 0.127573 2
0 0.830357 0.175265 0.014881 0.051587 0.830540 0.159851 1 0.830727 0.158815 1 0.830991 0.158806 1 0.831449 0.159455 2 0.833525 0.159060 1 0.831131 0.166109 2 0.835209 0.164901 2 0.830469 0.174228 2 0.836543 0.170760 2 0.830383 0.180489 2 0.835408 0.175664 2 0.831448 0.180306 2 0.834054 0.179678 2 0.830978 0.189193 2 0.832209 0.188909 2 0.831156 0.197929 2 0.831280 0.197229 2
0 0.682664 0.133598 0.011161 0.047619 0.683683 0.121108 2 0.683988 0.120061 2 0.683292 0.119893 2 0.683822 0.119895 1 0.681949 0.119428 2 0.683664 0.125583 2 0.680362 0.125137 2 0.683577 0.132062 2 0.678820 0.131816 2 0.682668 0.137510 2 0.679063 0.137551 2 0.681976 0.137813 2 0.679878 0.137482 2 0.680266 0.144603 2 0.678623 0.143966 2 0.679478 0.151954 2 0.677833 0.151767 2
0 0.570685 0.106481 0.011905 0.051587 0.566236 0.087541 1 0.566597 0.086416 1 0.565961 0.086692 1 0.567658 0.087045 1 0.566285 0.087504 1 0.569693 0.092288 2 0.566129 0.092370 2 0.572075 0.098233 2 0.565647 0.097101 2 0.570604 0.103984 2 0.565036 0.101443 2 0.570134 0.102528 2 0.567945 0.102405 2 0.569471 0.110802 2 0.567619 0.110689 2 0.569310 0.121710 2 0.568748 0.121069 2
0 0.958333 0.319444 0.041667 0.138889 0.960214 0.294503 1 0.959704 0.292515 1 0.960662 0.292847 1 0.956557 0.293954 2 0.963800 0.294503 2 0.955050 0.306479 2 0.966401 0.305905 2 0.952134 0.324671 2 0.969118 0.323164 2 0.950196 0.335555 2 0.966108 0.332890 2 0.956083 0.339974 2 0.963732 0.338741 2 0.947541 0.360871 2 0.955591 0.358560 2 0.947725 0.386557 2 0.955873 0.381827 2
0 0.590774 0.100529 0.010417 0.037037 0.591400 0.097355 1 0.591469 0.096668 1 0.591729 0.096698 1 0.591614 0.097280 1 0.593234 0.097180 2 0.591394 0.101355 2 0.593457 0.101141 2 0.590608 0.105581 2 0.594053 0.105141 2 0.590076 0.108778 2 0.594591 0.109017 1 0.591547 0.109658 2 0.592914 0.109559 2 0.591522 0.114913 2 0.592854 0.115133 2 0.591535 0.119893 2 0.593121 0.120096 2
0 0.955729 0.171958 0.020089 0.066138 0.952805 0.156609 2 0.953086 0.155133 2 0.952917 0.155237 1 0.954980 0.154548 2 0.955803 0.154600 1 0.955236 0.160894 2 0.959585 0.160042 2 0.953818 0.170701 2 0.961644 0.167759 2 0.951676 0.179238 2 0.958898 0.174850 2 0.954802 0.180109 2 0.957667 0.179234 2 0.952552 0.194119 2 0.954845 0.193946 2 0.952923 0.209435 2 0.954562 0.208567 2
0 0.941592 0.192460 0.020089 0.033069 0.939153 0.187386 2 0.939864 0.185641 2 0.938574 0.185953 2 0.941535 0.184671 2 0.938219 0.185365 1 0.944256 0.189773 2 0.937537 0.189754 2 0.944661 0.199404 2 0.933623 0.198213 2 0.939755 0.199644 2 0.935523 0.200814 2 0.942969 0.203528 2 0.938661 0.202875 2 0.940135 0.202270 2 0.933170 0.201239 2 0.938765 0.209828 1 0.936697 0.209131 1
