0 0.351190 0.909392 0.061012 0.178571 0.340224 0.852384 2 0.343417 0.846616 2 0.337604 0.847203 2 0.349423 0.845863 2 0.334702 0.847678 2 0.357201 0.866258 2 0.332674 0.871827 2 0.369043 0.889060 2 0.329612 0.905256 2 0.372440 0.915188 2 0.332836 0.928827 2 0.360874 0.937733 2 0.342459 0.940268 2 0.372968 0.991792 2 0.332893 0.992080 2 0.379863 1.000000 1 0.335181 1.000000 1
0 0.341890 0.912698 0.048363 0.145503 0.340182 0.852448 2 0.343271 0.846857 2 0.337599 0.847272 2 0.349316 0.845453 2 0.334625 0.846814 2 0.357359 0.865485 2 0.332833 0.871226 2 0.369562 0.889017 2 0.329611 0.903956 2 0.373031 0.916131 2 0.333389 0.927739 2 0.360634 0.936131 2 0.342369 0.938954 2 0.370795 0.990759 2 0.332708 0.993555 2 0.375744 0.999298 1 0.332032 1.000000 1
0 0.398438 0.572751 0.023065 0.113757 0.405871 0.530053 1 0.405884 0.527859 1 0.406817 0.527582 1 0.405960 0.528217 2 0.411738 0.527188 1 0.405742 0.539963 2 0.414306 0.538120 2 0.404245 0.555947 2 0.414435 0.554016 1 0.403221 0.562679 2 0.411767 0.563074 1 0.408873 0.571654 2 0.414435 0.570572 2 0.408734 0.595969 2 0.413965 0.595070 2 0.409545 0.618364 2 0.413914 0.617603 2
0 0.439360 0.627646 0.027530 0.133598 0.443799 0.575297 1 0.443258 0.572952 1 0.443884 0.572930 1 0.438773 0.574499 2 0.445360 0.575026 2 0.434494 0.588947 2 0.447631 0.590921 2 0.430667 0.605432 2 0.450723 0.608199 2 0.434385 0.608683 2 0.446148 0.607561 2 0.436322 0.626532 2 0.444816 0.627599 2 0.438095 0.651816 2 0.442752 0.654445 2 0.439634 0.676379 2 0.441297 0.679581 2
0 0.410714 0.572090 0.025298 0.117725 0.396992 0.530805 1 0.396877 0.528695 1 0.397656 0.528685 1 0.395507 0.530069 1 0.400952 0.529915 2 0.394534 0.542595 2 0.402307 0.542242 2 0.394340 0.556875 1 0.403092 0.556537 2 0.396311 0.559516 1 0.401836 0.559695 1 0.394532 0.571214 2 0.399870 0.570825 2 0.395642 0.597217 2 0.399428 0.596587 2 0.396917 0.619096 2 0.399448 0.619559 2
0 0.467634 0.570767 0.020089 0.085979 0.469115 0.538822 1 0.468312 0.537295 1 0.468923 0.537174 1 0.464300 0.537956 1 0.468099 0.538255 2 0.461518 0.546686 2 0.469244 0.547703 2 0.460345 0.555647 2 0.470480 0.558886 2 0.461965 0.555161 1 0.472923 0.568390 2 0.462234 0.570936 2 0.467504 0.571461 2 0.462873 0.586774 2 0.468035 0.588708 2 0.463010 0.601363 2 0.466928 0.606458 2
0 0.435268 0.572090 0.019345 0.101852 0.443504 0.575138 1 0.443012 0.572915 1 0.443896 0.572984 1 0.438863 0.574574 2 0.445668 0.575060 2 0.434189 0.589603 2 0.447613 0.590081 2 0.431161 0.606834 2 0.448661 0.607212 1 0.433994 0.614675 1 0.447858 0.614686 1 0.436075 0.626758 2 0.445149 0.627194 2 0.437144 0.642692 1 0.445498 0.642692 1 0.438346 0.642127 1 0.443386 0.641349 1
0 0.468006 0.512566 0.016369 0.085979 0.469309 0.538787 1 0.468414 0.537247 1 0.469118 0.537305 1 0.464395 0.537656 2 0.468069 0.538261 2 0.461912 0.546723 2 0.468676 0.547121 2 0.460053 0.556478 2 0.470201 0.555734 2 0.461737 0.558606 1 0.471874 0.552821 2 0.462987 0.568628 2 0.467656 0.568887 2 0.463421 0.572669 1 0.469638 0.572587 1 0.462853 0.571891 1 0.469097 0.572040 1
0 0.442336 0.510582 0.017113 0.092593 0.443561 0.476947 1 0.443129 0.475180 1 0.443611 0.475241 1 0.440116 0.476048 2 0.444325 0.476358 2 0.437953 0.486386 2 0.445494 0.486549 2 0.436703 0.499247 2 0.447159 0.498854 2 0.436949 0.509560 2 0.448998 0.505438 2 0.439368 0.508952 2 0.444472 0.509128 2 0.440678 0.529100 2 0.444971 0.528725 2 0.440751 0.548185 2 0.443864 0.547624 2
0 0.460938 0.449735 0.017113 0.063492 0.460130 0.482570 1 0.459339 0.481378 1 0.460062 0.481408 1 0.456302 0.481992 2 0.459537 0.482388 2 0.455306 0.489270 2 0.459896 0.489609 2 0.455203 0.493221 1 0.462254 0.493221 1 0.455840 0.491298 1 0.462217 0.492137 1 0.456619 0.493221 1 0.459685 0.493221 1 0.458197 0.492037 1 0.460451 0.492517 1 0.457581 0.493221 1 0.461003 0.493221 1
0 0.620164 0.456349 0.012649 0.055556 0.621460 0.440773 2 0.621561 0.439787 1 0.621098 0.439692 2 0.620898 0.439668 1 0.619851 0.439389 2 0.620460 0.444357 2 0.618792 0.444075 2 0.621593 0.451232 2 0.618224 0.451308 2 0.622676 0.454887 2 0.620566 0.453923 2 0.619311 0.456764 2 0.618436 0.456610 2 0.618587 0.465910 2 0.618570 0.465309 2 0.617051 0.474890 2 0.617631 0.474858 2
0 0.606027 0.501984 0.018601 0.048942 0.607756 0.484381 2 0.607318 0.483470 1 0.607732 0.483518 2 0.605104 0.483028 1 0.607026 0.483321 2 0.602850 0.487643 2 0.606388 0.488352 2 0.600635 0.493108 2 0.608514 0.494695 2 0.601104 0.498741 2 0.611943 0.498261 2 0.602869 0.501901 2 0.604538 0.502376 2 0.604202 0.511959 2 0.603972 0.512371 2 0.604077 0.522699 2 0.600159 0.522315 2
