0 0.252046 0.479828 0.007068 0.024471 0.250968 0.473677 2 0.251140 0.473269 2 0.250947 0.473301 1 0.251660 0.473395 2 0.251229 0.473470 1 0.252677 0.475574 2 0.251125 0.475684 2 0.253558 0.478231 2 0.250478 0.478024 2 0.253096 0.480808 2 0.250272 0.480095 2 0.252386 0.481256 2 0.251338 0.481231 2 0.252753 0.485037 2 0.251324 0.485112 2 0.253299 0.488399 2 0.251536 0.489096 2
0 0.526972 0.501653 0.004836 0.017857 0.526987 0.498352 1 0.526930 0.497929 1 0.527049 0.497933 1 0.526388 0.498128 2 0.527491 0.498129 2 0.525817 0.500780 2 0.527988 0.500685 2 0.525298 0.504539 2 0.528724 0.504156 2 0.525509 0.507334 2 0.528386 0.507061 1 0.526274 0.508016 2 0.527713 0.507992 2 0.526424 0.512675 2 0.527637 0.512747 2 0.526476 0.513466 1 0.527464 0.513454 1
0 0.525112 0.454365 0.004092 0.014550 0.525128 0.450973 1 0.525112 0.450597 1 0.525237 0.450605 1 0.524882 0.450735 2 0.525842 0.450724 2 0.524503 0.452832 2 0.526251 0.452899 2 0.523826 0.454980 2 0.526724 0.455560 2 0.524262 0.455335 2 0.526412 0.457007 2 0.524773 0.457960 2 0.525892 0.457936 2 0.524837 0.461883 2 0.525498 0.461873 2 0.524838 0.464049 1 0.525267 0.464131 1
0 0.515253 0.452381 0.005208 0.014550 0.515321 0.449242 1 0.515370 0.448972 1 0.515408 0.448991 1 0.515185 0.449171 2 0.516122 0.449095 2 0.514590 0.450976 2 0.516894 0.450931 2 0.514202 0.453499 2 0.517296 0.453561 2 0.514353 0.455144 1 0.517157 0.455569 2 0.514818 0.454656 2 0.516607 0.454621 2 0.514208 0.455177 2 0.517311 0.455121 2 0.514105 0.458408 2 0.517518 0.458533 2
0 0.821429 0.509590 0.006696 0.024471 0.820182 0.502872 1 0.820190 0.502384 1 0.820359 0.502395 1 0.820059 0.502613 2 0.821201 0.502584 2 0.819867 0.505488 2 0.821766 0.505358 2 0.819276 0.508804 2 0.822726 0.508160 2 0.817939 0.509789 2 0.822746 0.511307 2 0.819716 0.512376 2 0.820843 0.512252 2 0.818348 0.513681 2 0.819434 0.514322 2 0.819591 0.515439 2 0.820272 0.516265 2
0 0.836682 0.523479 0.006696 0.024471 0.837282 0.518203 1 0.837256 0.517593 1 0.837437 0.517749 1 0.836771 0.517519 2 0.838100 0.517842 2 0.836068 0.519879 2 0.838306 0.521005 2 0.834791 0.523240 2 0.838995 0.525210 2 0.833595 0.525403 2 0.838767 0.527406 2 0.836046 0.527986 2 0.837555 0.528576 2 0.835164 0.530351 2 0.837238 0.531367 2 0.835018 0.533529 1 0.837360 0.534265 1
0 0.720238 0.355820 0.005952 0.019841 0.719426 0.349864 1 0.719529 0.349561 1 0.719483 0.349570 1 0.719691 0.349782 2 0.719971 0.349735 2 0.719553 0.351418 2 0.720310 0.351407 2 0.719238 0.353071 2 0.721107 0.353022 2 0.719328 0.353990 2 0.720810 0.353901 2 0.719678 0.355277 2 0.720117 0.355261 2 0.719678 0.358408 2 0.719813 0.358490 2 0.719621 0.361537 2 0.719838 0.361559 2
0 0.623326 0.312169 0.003348 0.013228 0.623450 0.307365 1 0.623458 0.307049 1 0.623474 0.307058 1 0.623321 0.307088 2 0.623684 0.307110 2 0.623135 0.308643 2 0.623754 0.308715 2 0.622701 0.310379 2 0.623903 0.310559 2 0.622349 0.311473 2 0.623542 0.311626 2 0.623073 0.311991 2 0.623452 0.311996 2 0.623095 0.314415 2 0.623207 0.314458 2 0.623074 0.317008 2 0.623227 0.316973 2
0 0.991815 0.678902 0.009673 0.032407 0.993370 0.668926 1 0.993380 0.668256 1 0.993546 0.668339 1 0.993664 0.667811 2 0.994884 0.667971 1 0.993737 0.669854 2 0.995400 0.670653 2 0.992584 0.672989 2 0.996173 0.675996 2 0.991684 0.674946 2 0.995696 0.679470 2 0.993267 0.678344 2 0.994279 0.678472 2 0.992714 0.684062 2 0.993227 0.684510 2 0.992521 0.690669 2 0.993304 0.691121 2
0 0.745164 0.384590 0.005208 0.019180 0.745408 0.377783 1 0.745279 0.377391 1 0.745391 0.377425 1 0.744502 0.377141 1 0.745134 0.377311 2 0.743952 0.378583 2 0.744790 0.378797 2 0.743832 0.380990 1 0.745067 0.381173 2 0.744190 0.382856 1 0.745338 0.383096 2 0.743910 0.383362 2 0.744512 0.383514 2 0.743856 0.386411 2 0.744629 0.386611 2 0.743626 0.389459 2 0.744675 0.389346 2
0 0.736793 0.379960 0.006324 0.019180 0.737663 0.373380 1 0.737544 0.372993 1 0.737637 0.373004 1 0.736945 0.373058 1 0.737510 0.373154 2 0.736678 0.375011 2 0.737395 0.375241 2 0.736507 0.377394 2 0.737638 0.377854 2 0.736678 0.379412 1 0.737621 0.379866 2 0.736671 0.379247 2 0.737141 0.379345 2 0.736747 0.382013 2 0.736780 0.382098 2 0.736279 0.385123 2 0.736259 0.385269 2
0 0.495722 0.295635 0.003348 0.015873 0.495488 0.291996 2 0.495601 0.291755 1 0.495378 0.291779 1 0.495793 0.291888 2 0.495285 0.291953 2 0.496093 0.293194 2 0.495125 0.293246 2 0.496337 0.294036 2 0.494715 0.293949 2 0.495670 0.294139 2 0.495083 0.293833 2 0.495944 0.296191 2 0.495320 0.296196 2 0.495835 0.298439 2 0.495391 0.298480 2 0.495842 0.300639 2 0.495436 0.300694 2
0 0.506882 0.305886 0.004836 0.012566 0.506966 0.302314 1 0.506942 0.302071 1 0.507015 0.302086 1 0.506715 0.302076 2 0.507244 0.302102 2 0.506534 0.303206 2 0.507309 0.303172 2 0.506265 0.304624 2 0.507560 0.304446 2 0.506236 0.306099 2 0.507494 0.305679 2 0.506584 0.306113 2 0.507086 0.306095 2 0.506682 0.308225 2 0.507007 0.308175 2 0.506675 0.310367 2 0.507016 0.310249 2
0 0.597842 0.717262 0.008929 0.028439 0.597258 0.704076 2 0.597509 0.703560 2 0.596988 0.703648 1 0.597948 0.702740 2 0.596659 0.702891 1 0.598827 0.703580 2 0.595769 0.702992 2 0.599593 0.707144 2 0.595200 0.706840 2 0.598364 0.710098 2 0.595983 0.709655 2 0.598490 0.711694 2 0.596202 0.711171 2 0.599431 0.718322 2 0.594598 0.715969 2 0.599597 0.726301 2 0.594916 0.721835 2
0 0.618862 0.720238 0.007812 0.031746 0.620147 0.710043 1 0.619987 0.709513 1 0.620256 0.709623 1 0.619050 0.709661 2 0.620796 0.709890 2 0.618264 0.712226 2 0.621581 0.712244 2 0.617086 0.715011 2 0.623270 0.713146 2 0.616489 0.716926 2 0.622151 0.711185 2 0.618798 0.721233 2 0.620743 0.721336 2 0.619541 0.724844 2 0.620221 0.725461 2 0.619911 0.729172 2 0.619577 0.729741 2
0 0.533854 0.498347 0.006696 0.021825 0.533239 0.488517 2 0.533478 0.488101 2 0.533041 0.488032 2 0.533805 0.488172 2 0.532726 0.488019 2 0.534311 0.490125 2 0.532087 0.490139 2 0.535387 0.491481 2 0.531296 0.492160 2 0.534565 0.493323 2 0.532125 0.493271 2 0.533819 0.496573 2 0.532321 0.496516 2 0.534068 0.500585 2 0.531754 0.500055 1 0.534174 0.504554 1 0.531661 0.503681 1
