0 0.576637 0.381614 0.029762 0.130952 0.576113 0.330637 2 0.577743 0.328629 2 0.574826 0.328089 2 0.579806 0.330070 2 0.572664 0.328866 2 0.581931 0.341264 2 0.569242 0.343061 2 0.587585 0.347060 2 0.566856 0.358371 2 0.591930 0.355342 2 0.566349 0.373623 2 0.580639 0.378243 2 0.572193 0.379018 2 0.581349 0.403712 2 0.570856 0.403990 2 0.580296 0.423541 2 0.569643 0.424978 2
0 0.683780 0.808862 0.056548 0.252646 0.692759 0.718308 2 0.696425 0.713907 2 0.691882 0.711059 2 0.703333 0.715217 2 0.691847 0.707890 1 0.707848 0.743901 2 0.684095 0.725236 2 0.712094 0.779927 2 0.674975 0.750568 2 0.710953 0.808070 2 0.667696 0.777590 2 0.695685 0.804313 2 0.680671 0.792781 2 0.690704 0.861265 2 0.671820 0.833139 2 0.682574 0.896325 2 0.677379 0.856691 2
0 0.653646 0.183862 0.015625 0.071429 0.656262 0.160332 1 0.656247 0.159149 1 0.656719 0.159424 1 0.655374 0.159618 2 0.658583 0.160055 2 0.654003 0.166822 2 0.659383 0.167759 2 0.651936 0.174540 2 0.660107 0.178171 2 0.650222 0.181019 2 0.658198 0.185166 2 0.654079 0.186155 2 0.657067 0.186212 2 0.653771 0.200925 2 0.653887 0.199623 2 0.657004 0.215536 2 0.652060 0.212671 2
0 0.532738 0.384259 0.037202 0.120370 0.539449 0.341809 2 0.541072 0.339447 2 0.538179 0.339019 2 0.543227 0.340242 2 0.536295 0.339604 2 0.545046 0.351736 2 0.533844 0.352812 2 0.550339 0.359225 2 0.526363 0.363813 2 0.556030 0.355502 2 0.520542 0.375256 2 0.540372 0.386939 2 0.532432 0.387386 2 0.546661 0.406679 2 0.529726 0.410149 2 0.547193 0.424289 2 0.526876 0.432884 2
0 0.506324 0.475529 0.039435 0.157407 0.508635 0.418661 1 0.508967 0.416073 1 0.509715 0.416342 1 0.509008 0.419638 2 0.517075 0.419236 2 0.506538 0.435387 2 0.520447 0.433820 2 0.499962 0.437213 2 0.518183 0.433615 2 0.500218 0.419278 2 0.509541 0.418871 1 0.508668 0.476435 2 0.518691 0.475919 2 0.505176 0.507445 2 0.519097 0.508690 2 0.503200 0.538617 2 0.521799 0.538622 2
0 0.393973 0.392196 0.026042 0.133598 0.400087 0.345441 2 0.399505 0.342697 1 0.398993 0.343074 2 0.394305 0.344335 1 0.395319 0.345549 2 0.390239 0.359408 2 0.394403 0.361245 2 0.387766 0.378459 1 0.393045 0.383645 2 0.393330 0.394570 1 0.395574 0.402685 2 0.390130 0.397886 2 0.393965 0.399104 2 0.390681 0.427130 2 0.399181 0.426451 2 0.388750 0.453945 2 0.401269 0.454851 2
0 0.376116 0.455026 0.030506 0.156085 0.378598 0.409398 2 0.377626 0.406544 1 0.376829 0.408170 2 0.375012 0.407957 1 0.373284 0.412013 2 0.372046 0.424684 2 0.373437 0.428543 2 0.375683 0.442133 2 0.380022 0.450166 2 0.383981 0.450395 2 0.389932 0.459210 2 0.372512 0.467024 2 0.372168 0.469036 2 0.377949 0.495217 2 0.372505 0.497991 2 0.372609 0.518723 2 0.357019 0.512784 2
0 0.305060 0.390873 0.032738 0.125661 0.307725 0.380632 2 0.307071 0.378089 2 0.305954 0.378966 2 0.303933 0.381492 1 0.301810 0.383156 2 0.303966 0.398209 2 0.301183 0.400346 2 0.306367 0.420582 2 0.301342 0.426663 2 0.312977 0.437244 2 0.307057 0.444824 2 0.307719 0.439485 2 0.305801 0.441294 2 0.309535 0.466252 2 0.313225 0.467044 2 0.299412 0.476719 1 0.303569 0.477330 1
0 0.486235 0.392857 0.026042 0.140212 0.492264 0.345448 2 0.493066 0.342819 2 0.490775 0.342970 2 0.492970 0.343787 1 0.487620 0.343886 2 0.489910 0.357916 2 0.486518 0.358418 2 0.490133 0.377530 2 0.486305 0.379969 2 0.493507 0.392981 2 0.490556 0.397141 2 0.487318 0.393656 2 0.485366 0.394286 2 0.487762 0.419238 2 0.488503 0.420830 2 0.485418 0.444029 2 0.486441 0.445462 2
0 0.302455 0.434524 0.043899 0.162698 0.306822 0.381299 2 0.305919 0.379175 1 0.305394 0.380047 2 0.303565 0.381505 1 0.301368 0.383442 2 0.302721 0.399613 2 0.300605 0.401460 2 0.305404 0.420902 2 0.302670 0.426395 2 0.309519 0.437216 2 0.307178 0.445341 2 0.307917 0.439681 2 0.305007 0.441240 2 0.314673 0.466214 2 0.307856 0.466370 2 0.315664 0.493718 2 0.293228 0.489458 2
0 0.134301 0.371032 0.034970 0.125661 0.133193 0.321159 2 0.133810 0.318514 2 0.131506 0.319329 2 0.134665 0.319382 1 0.128183 0.321297 2 0.138513 0.332861 2 0.125774 0.336448 2 0.144485 0.345906 2 0.123850 0.353321 2 0.140421 0.353225 2 0.125634 0.370697 2 0.139871 0.367478 2 0.131092 0.369634 2 0.143131 0.393351 2 0.132600 0.396758 2 0.148686 0.418754 2 0.134060 0.422003 2
0 0.523810 0.202381 0.020833 0.089947 0.524590 0.170046 2 0.525207 0.168333 2 0.524930 0.168322 1 0.527147 0.168899 2 0.528138 0.168680 1 0.525940 0.178104 2 0.531677 0.178090 2 0.524527 0.189965 2 0.533131 0.189646 2 0.522844 0.200270 2 0.530681 0.197102 2 0.525891 0.199978 2 0.529996 0.199713 2 0.523351 0.216199 2 0.528281 0.216723 2 0.526242 0.234326 2 0.530677 0.233857 2
0 0.962426 0.282407 0.034970 0.117725 0.969158 0.240999 2 0.968597 0.238367 1 0.968249 0.238650 2 0.963257 0.238139 1 0.965129 0.239149 2 0.956893 0.249394 2 0.965937 0.252091 2 0.953150 0.266586 2 0.967228 0.271879 2 0.956176 0.273843 1 0.968518 0.282994 2 0.954826 0.283952 2 0.961428 0.285667 2 0.952926 0.307191 2 0.962492 0.309934 2 0.950298 0.328313 2 0.960693 0.332934 2
0 0.788318 0.274471 0.023065 0.093915 0.791402 0.242464 2 0.791275 0.240671 2 0.790538 0.240502 2 0.789832 0.241677 1 0.787216 0.241171 2 0.788911 0.252234 2 0.783041 0.250146 2 0.788987 0.266865 2 0.779998 0.263456 2 0.792085 0.273006 2 0.785807 0.271898 2 0.786444 0.273149 2 0.782402 0.273493 2 0.795900 0.280644 2 0.791665 0.281204 2 0.791319 0.301628 2 0.788563 0.302477 2
0 0.809152 0.269180 0.024554 0.088624 0.809669 0.241539 2 0.809349 0.239833 1 0.809221 0.239853 2 0.807502 0.240072 1 0.807128 0.240453 2 0.807466 0.247775 2 0.803081 0.249928 2 0.810758 0.260005 2 0.805779 0.264799 2 0.814748 0.268936 2 0.810782 0.272168 2 0.806080 0.269941 2 0.803116 0.272296 2 0.813924 0.279312 2 0.811540 0.283192 2 0.812999 0.299791 2 0.813696 0.302940 2
0 0.586682 0.201058 0.014137 0.044974 0.589089 0.187797 2 0.589662 0.186870 2 0.588585 0.186729 2 0.590448 0.187405 1 0.587616 0.187068 2 0.591313 0.193011 2 0.586166 0.192762 2 0.592017 0.198704 2 0.584971 0.199014 2 0.589907 0.198765 2 0.586218 0.201305 2 0.590516 0.204374 2 0.586965 0.204279 2 0.590454 0.211109 2 0.586580 0.210979 2 0.591103 0.218412 2 0.586807 0.218398 2
0 0.918899 0.917328 0.071429 0.162698 0.923864 0.864955 2 0.927452 0.862536 2 0.925755 0.861274 1 0.936016 0.871998 2 0.932107 0.868671 1 0.932413 0.896589 2 0.933639 0.895658 2 0.909888 0.906824 2 0.915348 0.911940 2 0.895347 0.899595 2 0.899816 0.912171 2 0.917188 0.967091 2 0.917145 0.963038 2 0.900597 0.982768 2 0.905279 0.977014 2 0.910151 0.981847 1 0.912466 0.989970 1
0 0.538318 0.322751 0.027530 0.103175 0.539777 0.341365 2 0.541088 0.338973 2 0.538404 0.338916 2 0.542989 0.339890 2 0.536381 0.339851 2 0.544542 0.351906 2 0.533616 0.351902 2 0.548665 0.358274 2 0.526638 0.364053 2 0.551928 0.359575 2 0.523047 0.381020 2 0.540639 0.387381 2 0.533385 0.386866 2 0.542620 0.393622 1 0.530633 0.393622 1 0.540404 0.393622 1 0.529087 0.391964 1
0 0.478051 0.153439 0.017113 0.063492 0.478278 0.133945 2 0.478526 0.132624 2 0.477605 0.132808 2 0.478586 0.132960 1 0.476302 0.133349 2 0.480017 0.139202 2 0.475416 0.139829 2 0.484039 0.145729 2 0.473122 0.147332 2 0.485454 0.147631 2 0.470989 0.150215 2 0.480174 0.154737 2 0.477378 0.155071 2 0.481332 0.168605 2 0.478443 0.168849 2 0.483262 0.182474 2 0.479056 0.182754 2
0 0.096726 0.317460 0.017857 0.063492 0.095029 0.295300 2 0.095689 0.293566 2 0.094222 0.293965 2 0.096868 0.293072 2 0.093228 0.294070 2 0.098259 0.298573 2 0.093055 0.300908 2 0.101140 0.302114 2 0.092641 0.307894 2 0.100093 0.303740 2 0.094365 0.309020 2 0.098686 0.314372 2 0.095490 0.315340 2 0.098238 0.325790 2 0.096115 0.326589 2 0.098735 0.339133 2 0.097589 0.339340 2
0 0.615699 0.143519 0.021577 0.067460 0.620290 0.121443 2 0.620934 0.120365 2 0.619667 0.120255 2 0.621639 0.120979 2 0.618485 0.120586 2 0.622253 0.128163 2 0.616551 0.127631 2 0.622949 0.136602 2 0.614692 0.136269 2 0.623379 0.143491 2 0.613881 0.145154 2 0.620856 0.146146 2 0.616925 0.145910 2 0.620882 0.160255 2 0.615967 0.159811 2 0.620144 0.173976 2 0.613553 0.173172 2
0 0.201637 0.202381 0.016369 0.037037 0.197616 0.193967 2 0.197943 0.193156 2 0.197630 0.193138 1 0.199273 0.193095 2 0.198829 0.192950 1 0.199527 0.196855 2 0.199272 0.196658 2 0.198888 0.201905 2 0.198596 0.201613 2 0.198150 0.202895 2 0.198675 0.202781 1 0.200461 0.205391 2 0.200468 0.205272 2 0.197707 0.209573 2 0.198801 0.210129 2 0.197625 0.217590 2 0.199270 0.216963 2
0 0.178943 0.141534 0.014137 0.055556 0.180033 0.124794 1 0.179851 0.123827 1 0.180061 0.123689 1 0.178499 0.124496 2 0.180841 0.124158 2 0.177651 0.130533 2 0.182290 0.129936 2 0.176226 0.135406 2 0.184282 0.136028 2 0.176618 0.130620 2 0.184941 0.139218 1 0.179604 0.145551 2 0.182615 0.145296 2 0.180203 0.156447 2 0.183054 0.156143 2 0.180495 0.166673 2 0.183242 0.167480 2
0 0.798735 0.185847 0.017113 0.062169 0.801614 0.166494 1 0.801122 0.165232 1 0.801466 0.165358 1 0.798162 0.165662 2 0.801004 0.166350 2 0.796007 0.171789 2 0.801249 0.173070 2 0.794018 0.178814 2 0.802080 0.180644 2 0.795441 0.181462 1 0.801797 0.183003 2 0.795478 0.186868 2 0.799175 0.187389 2 0.794175 0.198175 2 0.798725 0.199301 2 0.792790 0.208986 2 0.798502 0.210684 2
0 0.401414 0.092593 0.012649 0.052910 0.402775 0.076937 2 0.403165 0.076032 2 0.402241 0.076040 2 0.403643 0.076578 1 0.401289 0.076569 2 0.404342 0.081893 2 0.400204 0.082029 2 0.405427 0.087238 2 0.399389 0.087747 2 0.405348 0.092480 2 0.399879 0.092712 2 0.403794 0.093296 2 0.401003 0.093414 2 0.403911 0.101640 2 0.401042 0.101786 2 0.403940 0.110215 2 0.400625 0.110269 2
0 0.134301 0.111111 0.015625 0.050265 0.134208 0.096991 2 0.134680 0.095884 1 0.133471 0.095949 2 0.135158 0.095643 1 0.131975 0.095873 2 0.135488 0.099881 2 0.131423 0.100317 2 0.136589 0.105019 2 0.131294 0.105995 2 0.136272 0.109141 2 0.132852 0.110461 2 0.135242 0.110012 2 0.132641 0.110329 2 0.135332 0.118105 2 0.133408 0.118442 2 0.136293 0.127284 2 0.134052 0.127614 2
0 0.826637 0.175265 0.014881 0.048942 0.826611 0.160317 1 0.826795 0.159274 1 0.827072 0.159269 1 0.827466 0.159576 2 0.829449 0.159298 1 0.827472 0.165141 2 0.830516 0.164450 2 0.825653 0.172033 2 0.829819 0.170734 2 0.823493 0.172378 2 0.826466 0.171652 1 0.827832 0.178834 2 0.829813 0.178225 2 0.825497 0.186471 2 0.826949 0.186159 2 0.826986 0.193018 2 0.828035 0.192384 1
0 0.972842 0.320106 0.030506 0.124339 0.983522 0.275941 2 0.982700 0.273603 1 0.983191 0.273843 2 0.978373 0.272992 1 0.980720 0.273807 2 0.975442 0.282364 2 0.977206 0.284265 2 0.975035 0.299889 2 0.972820 0.303990 2 0.979722 0.314010 2 0.973631 0.321703 2 0.970398 0.312835 2 0.972329 0.313675 2 0.968813 0.335713 2 0.972156 0.338609 2 0.961071 0.355309 2 0.965536 0.361116 2
0 0.173735 0.101852 0.014137 0.044974 0.174103 0.087894 1 0.174080 0.087165 1 0.174268 0.087078 1 0.173572 0.087577 2 0.175754 0.087255 2 0.172995 0.092243 2 0.176736 0.091332 2 0.172338 0.097755 2 0.178334 0.096504 2 0.172421 0.100633 2 0.178561 0.099767 1 0.174358 0.102469 2 0.177070 0.102038 2 0.174386 0.110377 2 0.178342 0.109422 2 0.174475 0.117667 2 0.179434 0.115855 2
0 0.746652 0.132275 0.017113 0.052910 0.748078 0.115443 2 0.748593 0.114371 2 0.747483 0.114314 2 0.749100 0.114746 1 0.746192 0.114492 2 0.749693 0.121363 2 0.744443 0.121114 2 0.750373 0.128813 2 0.742979 0.129085 2 0.750480 0.131589 2 0.742383 0.135343 2 0.748313 0.135629 2 0.744709 0.135494 2 0.747970 0.146195 2 0.743899 0.146211 2 0.747646 0.155977 2 0.742283 0.156079 2
0 0.905506 0.187169 0.020833 0.041005 0.905967 0.176925 2 0.906577 0.175115 2 0.905009 0.175217 2 0.907314 0.175318 1 0.903584 0.175607 2 0.908228 0.180930 2 0.901813 0.180658 2 0.906986 0.190564 2 0.898748 0.188574 2 0.900634 0.195827 2 0.898483 0.195621 2 0.906890 0.196560 2 0.902559 0.196293 2 0.907487 0.189661 2 0.897334 0.190642 2 0.902042 0.199443 2 0.899291 0.199391 2
0 0.941220 0.193122 0.019345 0.034392 0.941461 0.184623 2 0.942581 0.183067 2 0.941003 0.183069 2 0.944376 0.184476 2 0.940894 0.184077 1 0.945578 0.191849 2 0.942216 0.191080 2 0.944210 0.199688 2 0.941198 0.197517 2 0.937803 0.199684 2 0.935366 0.198280 2 0.946333 0.202591 2 0.943948 0.200998 2 0.938519 0.203660 2 0.935452 0.200656 2 0.937259 0.205415 2 0.937758 0.203903 2
0 0.925967 0.189815 0.018601 0.035714 0.927252 0.186051 2 0.927740 0.184052 2 0.926140 0.184370 2 0.928458 0.183677 1 0.924260 0.184690 2 0.930867 0.189614 2 0.922941 0.192116 2 0.934795 0.194998 2 0.922043 0.200008 2 0.932849 0.197454 2 0.926546 0.199409 2 0.930915 0.202500 2 0.925498 0.203738 2 0.932920 0.200033 1 0.922002 0.201617 1 0.933314 0.203739 1 0.926425 0.204884 1
