0 0.286086 0.429563 0.008929 0.025794 0.285187 0.422640 1 0.285298 0.422273 1 0.285208 0.422275 1 0.285605 0.422391 2 0.285592 0.422372 1 0.286493 0.424390 2 0.285309 0.424246 2 0.287333 0.426988 2 0.284607 0.426484 2 0.287176 0.429527 2 0.284312 0.428348 2 0.286369 0.429745 2 0.285617 0.429613 2 0.286537 0.433246 2 0.285460 0.433081 2 0.286740 0.436763 2 0.285724 0.436834 2
0 0.858817 0.520833 0.008557 0.028439 0.861897 0.509489 2 0.862111 0.508918 2 0.861606 0.509020 2 0.862529 0.509102 2 0.861202 0.509350 2 0.863379 0.512138 2 0.860753 0.512332 2 0.864215 0.515721 2 0.860334 0.514928 2 0.863348 0.516852 2 0.861148 0.512768 2 0.863124 0.519870 2 0.861200 0.520037 2 0.863582 0.525039 2 0.860918 0.525267 2 0.864259 0.530290 2 0.860898 0.530218 2
0 0.857329 0.527447 0.007812 0.024471 0.858888 0.518918 1 0.858897 0.518389 1 0.859073 0.518423 1 0.858610 0.518699 2 0.859882 0.518701 2 0.858499 0.521708 2 0.859976 0.521760 2 0.857758 0.524902 2 0.860577 0.525047 2 0.857533 0.525926 2 0.859623 0.525313 1 0.858367 0.528569 2 0.859277 0.528486 2 0.858126 0.532673 2 0.858730 0.532457 2 0.858379 0.536211 2 0.859296 0.536020 2
0 0.740513 0.361442 0.006324 0.020503 0.741564 0.356099 2 0.741696 0.355780 1 0.741419 0.355739 2 0.741754 0.355967 2 0.741175 0.355867 2 0.741981 0.357876 2 0.740663 0.357645 2 0.742557 0.359351 2 0.740088 0.358720 2 0.741850 0.358596 2 0.740414 0.357721 2 0.741506 0.362426 2 0.740701 0.362298 2 0.741055 0.365766 2 0.740565 0.365747 2 0.740811 0.369163 2 0.740544 0.368991 2
0 0.750744 0.367725 0.005208 0.019841 0.752278 0.363199 1 0.752207 0.362868 1 0.752317 0.362867 1 0.751630 0.363015 2 0.752510 0.363058 2 0.751072 0.364981 2 0.752676 0.364961 2 0.750505 0.367204 2 0.753007 0.367127 2 0.750717 0.368461 2 0.753005 0.368525 2 0.751391 0.369393 2 0.752477 0.369408 2 0.751544 0.372348 2 0.752578 0.372280 2 0.751693 0.375493 2 0.752676 0.375233 2
0 0.747210 0.363426 0.004092 0.019180 0.748379 0.359949 2 0.748580 0.359581 2 0.748280 0.359594 2 0.749011 0.359721 2 0.748224 0.359741 1 0.749423 0.361964 2 0.747952 0.361913 2 0.749657 0.364413 2 0.747657 0.364323 2 0.749337 0.365924 2 0.747512 0.366466 2 0.749072 0.366121 2 0.748005 0.366012 2 0.748836 0.368503 2 0.747291 0.368345 2 0.748819 0.371862 2 0.746806 0.371596 2
0 0.746838 0.335979 0.006324 0.017196 0.747922 0.331509 1 0.747872 0.331128 1 0.747992 0.331147 1 0.747386 0.331305 2 0.748242 0.331355 2 0.746922 0.333290 2 0.748405 0.333440 2 0.746213 0.335279 2 0.748895 0.335541 2 0.746318 0.336361 2 0.748979 0.336533 2 0.747113 0.337100 2 0.748047 0.337179 2 0.747228 0.339979 2 0.747782 0.340043 2 0.747175 0.342806 2 0.747663 0.343028 2
0 0.600632 0.656085 0.008557 0.022487 0.601517 0.649931 2 0.601732 0.649381 2 0.601213 0.649292 2 0.601912 0.649452 1 0.600593 0.649245 2 0.602429 0.651784 2 0.599563 0.651962 2 0.603551 0.655444 2 0.599076 0.655870 2 0.603906 0.658196 2 0.599658 0.659324 2 0.602378 0.659023 2 0.600368 0.659413 2 0.603967 0.663184 2 0.600231 0.664510 2 0.603270 0.668305 2 0.600161 0.669969 2
0 0.540923 0.477844 0.008185 0.027116 0.542396 0.470393 2 0.542631 0.469938 2 0.542202 0.469882 2 0.542901 0.469953 2 0.541875 0.469812 2 0.543130 0.472114 2 0.541101 0.471940 2 0.543949 0.473236 2 0.539914 0.472991 2 0.542844 0.472434 2 0.540836 0.472700 2 0.542396 0.478129 2 0.541076 0.478106 2 0.542308 0.482478 2 0.540890 0.482657 2 0.542224 0.486248 2 0.540786 0.486151 2
0 0.546503 0.488426 0.007440 0.027116 0.545980 0.480185 1 0.546025 0.479655 1 0.546154 0.479642 1 0.546314 0.480020 2 0.547448 0.479806 1 0.546449 0.482927 2 0.548343 0.482571 2 0.546039 0.486302 2 0.548454 0.485459 1 0.545864 0.487455 1 0.548122 0.486407 1 0.547258 0.489435 2 0.548540 0.489306 2 0.547077 0.494221 2 0.548365 0.494386 2 0.547063 0.498519 2 0.548361 0.499097 2
