0 0.564174 0.288690 0.007812 0.029762 0.566040 0.278810 1 0.565982 0.278161 1 0.566135 0.278205 1 0.565578 0.278017 2 0.567090 0.278022 2 0.565258 0.280951 2 0.567367 0.280797 2 0.564477 0.285582 2 0.567669 0.285505 2 0.562799 0.286852 2 0.566962 0.287646 2 0.564963 0.289413 2 0.566653 0.289242 2 0.563456 0.295578 2 0.566805 0.295743 2 0.562172 0.301618 2 0.566856 0.301274 2
0 0.524182 0.544312 0.011905 0.048942 0.523168 0.536677 2 0.523628 0.535808 2 0.522695 0.535839 2 0.524389 0.534629 2 0.522031 0.534674 2 0.525321 0.537420 2 0.521145 0.536079 2 0.525269 0.544742 2 0.518367 0.539834 2 0.524024 0.549966 2 0.517918 0.543895 2 0.525030 0.547374 2 0.522354 0.546891 2 0.525757 0.554207 2 0.522859 0.554590 2 0.526402 0.559099 1 0.523300 0.559810 1
0 0.571243 0.316138 0.006324 0.027778 0.572278 0.305070 1 0.572318 0.304403 1 0.572548 0.304456 1 0.572097 0.304773 2 0.573872 0.304829 2 0.571416 0.308555 2 0.574212 0.308999 2 0.570339 0.312627 2 0.575132 0.314281 2 0.571307 0.314593 2 0.574709 0.318663 2 0.571802 0.318751 2 0.573610 0.318969 2 0.572108 0.324775 1 0.573431 0.324965 1 0.572134 0.328718 1 0.573171 0.328399 1
0 0.093936 0.607474 0.011533 0.045635 0.092252 0.594751 2 0.092466 0.593728 1 0.091819 0.593972 2 0.092710 0.593483 1 0.091348 0.594251 2 0.095048 0.596418 2 0.090820 0.599274 2 0.098518 0.599758 2 0.089640 0.603746 2 0.099150 0.602537 2 0.088836 0.607704 2 0.095866 0.609452 2 0.093384 0.611253 2 0.097682 0.615732 2 0.095654 0.620772 2 0.097857 0.622036 2 0.098005 0.630496 2
0 0.114211 0.695767 0.015625 0.050265 0.112044 0.682068 1 0.111881 0.681316 1 0.112115 0.681072 1 0.110658 0.682230 2 0.113098 0.681557 2 0.109680 0.688297 2 0.115338 0.686542 2 0.108503 0.693815 2 0.117355 0.691472 2 0.109165 0.690119 2 0.115844 0.691331 2 0.112566 0.700708 2 0.116195 0.699817 2 0.114139 0.710352 2 0.116623 0.707763 2 0.115703 0.718879 2 0.116829 0.716448 2
0 0.092076 0.563823 0.012277 0.040344 0.091273 0.549389 2 0.091729 0.548334 2 0.090753 0.548566 2 0.092435 0.547682 2 0.090093 0.548390 2 0.094125 0.550539 2 0.088812 0.553081 2 0.095804 0.554862 2 0.087647 0.559194 2 0.096337 0.558961 2 0.088544 0.564824 2 0.094507 0.562747 2 0.091323 0.564469 2 0.095264 0.570215 2 0.093270 0.574353 2 0.094827 0.576700 2 0.095689 0.582519 2
0 0.773438 0.787037 0.019345 0.054233 0.773849 0.770436 2 0.774051 0.769589 2 0.774099 0.769406 1 0.775548 0.770117 2 0.776902 0.769548 1 0.776190 0.774787 2 0.777686 0.773866 2 0.775106 0.780871 2 0.778104 0.778905 2 0.773861 0.782885 2 0.776430 0.781662 2 0.775598 0.786741 2 0.777285 0.786292 2 0.772200 0.794739 2 0.777894 0.796209 2 0.768939 0.804711 2 0.779861 0.805022 2
0 0.796317 0.711640 0.012277 0.038360 0.794468 0.717888 2 0.795058 0.717157 2 0.794104 0.716974 2 0.796053 0.717325 2 0.793643 0.716854 2 0.797275 0.722540 2 0.792297 0.720989 2 0.798248 0.729547 2 0.790683 0.726071 2 0.797774 0.733966 2 0.789403 0.732586 2 0.795174 0.735375 2 0.791726 0.734374 2 0.794994 0.737734 1 0.791015 0.736185 1 0.795174 0.737734 1 0.790253 0.736173 1
0 0.790365 0.735780 0.014509 0.045635 0.794689 0.718373 2 0.795327 0.717610 2 0.794283 0.717355 2 0.796139 0.717633 2 0.793540 0.716925 2 0.797491 0.721972 2 0.792541 0.720988 2 0.798660 0.728075 2 0.790742 0.725160 2 0.797793 0.730796 2 0.789769 0.731074 2 0.795235 0.734568 2 0.791954 0.733907 2 0.794393 0.742110 2 0.791067 0.742045 2 0.793382 0.747553 2 0.789980 0.750403 2
0 0.861979 0.589286 0.010417 0.044974 0.861708 0.575212 1 0.861846 0.574282 1 0.862206 0.574545 1 0.862164 0.574846 2 0.864274 0.575188 2 0.861093 0.579459 2 0.865161 0.580675 2 0.858827 0.585280 2 0.865674 0.587696 2 0.856530 0.589415 2 0.865314 0.591427 2 0.860803 0.591026 2 0.863244 0.591546 2 0.860314 0.598673 2 0.861826 0.600027 2 0.859446 0.606361 2 0.859760 0.607526 2
0 0.850818 0.587963 0.015625 0.054233 0.852401 0.569305 1 0.852419 0.568342 1 0.852802 0.568640 1 0.851663 0.568822 2 0.854350 0.569399 2 0.850043 0.573495 2 0.854771 0.575002 2 0.847682 0.579058 2 0.855268 0.581728 2 0.845527 0.583609 2 0.854883 0.586943 2 0.849509 0.585666 2 0.852440 0.586404 2 0.849201 0.593284 2 0.850884 0.595036 2 0.848839 0.601422 2 0.849078 0.602993 2
0 0.275856 0.834656 0.014509 0.050265 0.273121 0.818833 1 0.272957 0.818008 1 0.273134 0.817823 1 0.271446 0.818769 2 0.274041 0.818293 2 0.270548 0.824597 2 0.275742 0.823562 2 0.270637 0.831955 2 0.278457 0.830825 2 0.272396 0.833315 1 0.280325 0.835124 2 0.272989 0.836985 2 0.276890 0.836663 2 0.274073 0.848213 2 0.279920 0.846694 2 0.276102 0.857362 2 0.283433 0.856165 2
0 0.293527 0.807540 0.016369 0.055556 0.292958 0.789720 1 0.292831 0.788869 1 0.293180 0.788590 1 0.291755 0.789963 2 0.294634 0.789173 2 0.291063 0.797419 2 0.296792 0.795312 2 0.290784 0.804973 2 0.299025 0.800170 2 0.290376 0.811018 2 0.300167 0.801876 2 0.293447 0.810757 2 0.297256 0.809760 2 0.295022 0.817753 2 0.298157 0.816104 2 0.296806 0.825907 2 0.298514 0.825193 2
0 0.321615 0.606481 0.012277 0.039683 0.320609 0.598540 2 0.320929 0.597561 2 0.320253 0.597776 1 0.322014 0.596766 2 0.320559 0.597211 1 0.324447 0.600903 2 0.320600 0.599856 2 0.326347 0.608223 2 0.320610 0.605766 1 0.326126 0.616081 2 0.320135 0.610223 1 0.323625 0.615944 2 0.321063 0.614933 2 0.323786 0.628066 2 0.320941 0.624281 2 0.324763 0.633200 2 0.322827 0.627212 1
0 0.313430 0.605489 0.009301 0.041667 0.309664 0.592936 2 0.310022 0.592115 2 0.309385 0.592080 1 0.310954 0.591792 2 0.309273 0.591746 1 0.313072 0.596130 2 0.309898 0.596203 2 0.314225 0.603876 2 0.310279 0.601834 1 0.312174 0.609514 2 0.310412 0.607129 1 0.313199 0.608592 2 0.310659 0.608610 2 0.314329 0.615962 2 0.310206 0.617354 2 0.316130 0.622057 2 0.309294 0.626449 2
0 0.236235 0.621693 0.015625 0.048942 0.233059 0.606390 1 0.233183 0.605695 1 0.233334 0.605395 1 0.233578 0.605929 2 0.235548 0.605080 2 0.233450 0.610121 2 0.237829 0.608638 2 0.232391 0.614906 2 0.239123 0.612392 2 0.231808 0.611728 2 0.238227 0.614844 1 0.235099 0.621720 2 0.238028 0.621017 2 0.234672 0.628303 2 0.237724 0.628541 2 0.236027 0.635665 2 0.238504 0.637446 2
0 0.324033 0.854828 0.020833 0.046958 0.324570 0.839388 1 0.324387 0.838493 1 0.324601 0.838637 1 0.322753 0.839390 2 0.325550 0.839457 2 0.320801 0.845251 2 0.327074 0.844795 2 0.319087 0.844756 2 0.330980 0.844691 2 0.320093 0.839823 2 0.331028 0.840707 2 0.321695 0.863259 2 0.326116 0.863134 2 0.321923 0.853098 2 0.329950 0.851233 2 0.319776 0.869035 2 0.328148 0.865039 2
0 0.596912 0.860119 0.015997 0.050926 0.599995 0.843680 1 0.599954 0.842351 1 0.600287 0.842817 1 0.598566 0.842477 2 0.601597 0.843750 2 0.596138 0.847925 2 0.601978 0.850973 2 0.594535 0.852507 2 0.603171 0.860373 2 0.595754 0.854908 1 0.603734 0.866942 2 0.595033 0.864385 2 0.598749 0.865616 2 0.595427 0.875145 2 0.597489 0.877221 2 0.595304 0.886195 2 0.595767 0.887480 2
0 0.445312 0.434193 0.008929 0.036376 0.446328 0.422948 2 0.446497 0.422274 1 0.446094 0.422378 2 0.446709 0.421825 2 0.445823 0.422019 2 0.447911 0.424760 2 0.445007 0.424921 2 0.449325 0.430190 2 0.444451 0.430305 2 0.449152 0.435744 2 0.444679 0.435088 2 0.448137 0.435722 2 0.446188 0.435858 2 0.448820 0.443713 2 0.446494 0.443437 2 0.449387 0.451201 2 0.447075 0.450511 2
0 0.445685 0.379630 0.010417 0.039683 0.446034 0.372625 1 0.445778 0.372010 1 0.445969 0.372025 1 0.444623 0.371806 1 0.445440 0.371911 2 0.443902 0.375015 2 0.444815 0.375204 2 0.444018 0.379987 1 0.444916 0.380369 2 0.445174 0.383731 1 0.445850 0.384496 2 0.444459 0.384243 2 0.444796 0.384557 2 0.445498 0.390947 2 0.444724 0.391550 2 0.445707 0.396988 2 0.442861 0.397435 2
