0 0.585938 0.668320 0.009673 0.040344 0.586135 0.652287 2 0.586331 0.651529 2 0.586488 0.651557 1 0.587053 0.651907 2 0.588507 0.651760 1 0.586546 0.656232 2 0.590095 0.656146 2 0.585558 0.662749 2 0.590118 0.662427 2 0.584460 0.667837 2 0.588710 0.666270 2 0.586528 0.668401 2 0.588961 0.668244 2 0.585685 0.675800 2 0.587685 0.676181 2 0.586614 0.683474 2 0.587862 0.684065 2
0 0.074219 0.938161 0.012277 0.054894 0.076110 0.918352 2 0.076770 0.917068 2 0.075477 0.917222 2 0.077885 0.915780 2 0.074655 0.916214 2 0.079705 0.918860 2 0.073643 0.919958 2 0.082289 0.923965 2 0.071414 0.925204 2 0.082286 0.930171 2 0.073012 0.924085 2 0.078481 0.934909 2 0.074579 0.935333 2 0.078787 0.945886 2 0.074236 0.946029 2 0.079348 0.955671 2 0.075571 0.956538 2
0 0.040737 0.821098 0.012277 0.045635 0.047284 0.802507 2 0.047533 0.801562 1 0.046977 0.801237 2 0.046986 0.801538 1 0.045515 0.800756 2 0.046325 0.806402 2 0.042678 0.806501 2 0.047014 0.812377 1 0.042051 0.814667 2 0.047775 0.812760 1 0.045494 0.813836 2 0.046176 0.821527 2 0.043724 0.821951 2 0.046499 0.832163 2 0.044155 0.832401 2 0.045669 0.841982 2 0.044024 0.841940 2
0 0.056548 0.768519 0.009673 0.046296 0.058034 0.753947 1 0.057807 0.752978 1 0.057918 0.753024 2 0.056470 0.753277 1 0.057267 0.753539 2 0.056354 0.758229 2 0.055805 0.759191 2 0.056513 0.763798 2 0.054308 0.766348 2 0.056739 0.764261 1 0.055653 0.767129 2 0.056767 0.770554 2 0.056459 0.771227 2 0.057510 0.778282 2 0.057168 0.778596 2 0.056516 0.787614 2 0.056302 0.787852 2
0 0.158482 0.702050 0.010417 0.036376 0.156812 0.689686 2 0.157270 0.688784 2 0.156479 0.688888 2 0.158287 0.688948 2 0.156418 0.689219 1 0.159736 0.693430 2 0.156733 0.693903 2 0.162258 0.698924 2 0.155878 0.699300 1 0.162036 0.704701 2 0.154341 0.703828 1 0.159184 0.707087 2 0.157303 0.707012 2 0.158587 0.715809 2 0.156749 0.715604 2 0.159281 0.723248 2 0.156997 0.723205 2
0 0.207961 0.743056 0.012649 0.035053 0.207670 0.731106 2 0.208081 0.730111 2 0.207185 0.730247 2 0.208967 0.730212 2 0.206587 0.730640 2 0.210362 0.733758 2 0.205285 0.734407 2 0.212529 0.738056 2 0.203615 0.738518 2 0.211118 0.741974 2 0.203602 0.740590 2 0.210473 0.744672 2 0.206518 0.745142 2 0.213531 0.751372 2 0.203357 0.752512 2 0.214733 0.760525 2 0.203816 0.759997 2
0 0.212612 0.721230 0.005580 0.039021 0.213282 0.706482 2 0.213723 0.705674 2 0.212859 0.705723 2 0.214404 0.706026 2 0.212292 0.706152 2 0.215333 0.710827 2 0.211297 0.710961 2 0.216346 0.716007 2 0.210349 0.716150 2 0.216043 0.719897 2 0.210377 0.721287 2 0.214787 0.721583 2 0.212272 0.721700 2 0.214607 0.729606 2 0.213025 0.729849 2 0.214778 0.737078 2 0.213922 0.737076 2
0 0.219122 0.791336 0.011905 0.040344 0.222410 0.774272 2 0.222973 0.773735 2 0.222202 0.773560 2 0.224046 0.773666 2 0.221961 0.773341 1 0.225076 0.776481 2 0.221035 0.776371 2 0.225998 0.781393 2 0.218882 0.779741 2 0.224812 0.784359 2 0.216994 0.783934 2 0.224217 0.786586 2 0.221556 0.786561 2 0.223771 0.792557 2 0.220763 0.793893 2 0.224690 0.799125 2 0.221121 0.801849 2
0 0.192708 0.801587 0.010417 0.039683 0.193323 0.788088 2 0.193939 0.787175 2 0.192915 0.787084 2 0.195267 0.787024 2 0.192544 0.786861 1 0.196819 0.790855 2 0.191753 0.790324 2 0.197294 0.797083 2 0.189791 0.795918 2 0.195292 0.792426 2 0.189258 0.801296 2 0.196532 0.802447 2 0.193090 0.802349 2 0.197819 0.808546 2 0.193063 0.810021 2 0.197466 0.815561 1 0.192866 0.818612 1
0 0.252046 0.634259 0.007068 0.034392 0.253110 0.621665 1 0.252947 0.620984 1 0.253166 0.620962 1 0.251719 0.621615 2 0.253519 0.621588 2 0.250657 0.626119 2 0.254063 0.626121 2 0.249572 0.630900 2 0.255131 0.630996 2 0.250402 0.634735 2 0.255408 0.634486 2 0.251476 0.635507 2 0.253650 0.635589 2 0.252262 0.642619 2 0.253512 0.642441 2 0.252634 0.649958 2 0.253368 0.649991 2
0 0.234933 0.624008 0.009301 0.031085 0.236278 0.613179 1 0.236026 0.612653 1 0.236267 0.612574 1 0.234703 0.613054 1 0.236020 0.612881 2 0.234093 0.616373 2 0.235849 0.616127 2 0.236117 0.620023 2 0.237958 0.619303 2 0.238321 0.620412 1 0.239644 0.619297 2 0.234786 0.624999 2 0.236110 0.625248 2 0.237183 0.626542 2 0.239586 0.626797 2 0.236187 0.633443 2 0.239129 0.633667 2
0 0.196801 0.623016 0.008185 0.027778 0.193287 0.621145 1 0.193574 0.620547 1 0.193075 0.620618 1 0.194143 0.621104 2 0.193020 0.621265 1 0.195041 0.625157 2 0.192730 0.625572 2 0.196112 0.629493 2 0.192300 0.629984 2 0.195164 0.632024 2 0.192220 0.631276 2 0.194864 0.635015 2 0.193263 0.635198 2 0.195240 0.640304 2 0.193785 0.640543 1 0.196092 0.641408 1 0.193718 0.641573 1
0 0.406064 0.615410 0.008557 0.025794 0.407910 0.605060 1 0.407577 0.604449 1 0.407902 0.604446 1 0.406209 0.604699 1 0.407526 0.604867 2 0.405870 0.608106 2 0.406649 0.608238 2 0.407714 0.612336 2 0.408377 0.612224 2 0.409822 0.613746 1 0.410324 0.613777 2 0.405845 0.616478 2 0.406310 0.616998 2 0.409867 0.618599 2 0.410024 0.619390 2 0.410116 0.625946 2 0.410302 0.626436 2
0 0.433222 0.657077 0.007068 0.037698 0.435750 0.640789 1 0.435613 0.640081 1 0.435566 0.640050 1 0.434902 0.640817 1 0.435081 0.640812 2 0.435135 0.645513 2 0.434271 0.645643 2 0.436175 0.650894 2 0.433659 0.651709 2 0.437125 0.654803 1 0.434762 0.656602 2 0.435307 0.655887 2 0.434868 0.656095 2 0.435676 0.663819 2 0.435298 0.664138 2 0.434558 0.671158 2 0.434561 0.671577 2
0 0.008185 0.506283 0.006696 0.025794 0.006424 0.490505 1 0.006516 0.489945 1 0.006481 0.489907 1 0.007204 0.489919 1 0.007761 0.489752 1 0.007460 0.492268 2 0.008153 0.491921 2 0.006240 0.495089 2 0.006662 0.495109 2 0.006084 0.495218 2 0.006234 0.495905 2 0.008222 0.500043 2 0.008842 0.499836 2 0.007815 0.507098 2 0.009074 0.506864 2 0.007854 0.514752 2 0.009568 0.514191 2
0 0.493490 0.640873 0.007812 0.026455 0.492294 0.642683 2 0.492057 0.642116 1 0.492131 0.642154 2 0.491085 0.642382 1 0.491441 0.642642 2 0.490928 0.645216 2 0.490942 0.646459 2 0.492834 0.647732 2 0.491886 0.651388 2 0.494466 0.646758 2 0.493796 0.649082 2 0.491251 0.655071 2 0.491259 0.655717 2 0.491628 0.658630 1 0.491534 0.659140 1 0.491509 0.658271 1 0.491119 0.658386 1
0 0.325521 0.478836 0.003720 0.021164 0.327069 0.473089 1 0.327152 0.472670 1 0.327037 0.472655 1 0.327064 0.472815 1 0.327056 0.472775 2 0.326606 0.475221 2 0.326716 0.475176 2 0.325877 0.477986 2 0.325877 0.477877 2 0.325824 0.480453 2 0.325601 0.480440 2 0.326797 0.480326 2 0.326928 0.480392 2 0.326737 0.483951 2 0.327001 0.484142 2 0.326560 0.487241 2 0.326928 0.487073 2
0 0.297061 0.524802 0.007812 0.024471 0.297539 0.515151 2 0.297601 0.514654 1 0.297308 0.514698 2 0.297585 0.514849 1 0.296807 0.514947 2 0.298214 0.517592 2 0.296555 0.517670 2 0.298533 0.521449 2 0.295898 0.521134 2 0.297875 0.524915 2 0.295968 0.522941 1 0.298796 0.524707 2 0.297602 0.524848 2 0.299692 0.530270 2 0.297873 0.530152 2 0.300834 0.536712 2 0.298412 0.536839 2
0 0.547991 0.699735 0.007440 0.038360 0.549336 0.683525 2 0.549794 0.682772 2 0.549001 0.682775 2 0.550651 0.683135 2 0.548680 0.683163 2 0.551845 0.687758 2 0.548024 0.687794 2 0.552653 0.693272 2 0.547519 0.693304 2 0.552492 0.697627 2 0.547373 0.697652 2 0.551037 0.698915 2 0.548427 0.698844 2 0.551209 0.707182 2 0.548320 0.707003 2 0.551479 0.714419 2 0.548302 0.714468 2
0 0.539621 0.677910 0.007068 0.042328 0.540748 0.661391 2 0.541098 0.660605 2 0.540436 0.660563 2 0.541431 0.660781 2 0.539930 0.660607 2 0.541796 0.664827 2 0.538933 0.664416 2 0.542369 0.670465 2 0.538052 0.668057 2 0.542534 0.674107 2 0.539064 0.665870 2 0.541200 0.675861 2 0.539279 0.675838 2 0.541253 0.684694 2 0.539019 0.684510 2 0.541174 0.693307 2 0.539397 0.692741 2
0 0.605469 0.660714 0.006324 0.033069 0.607326 0.648574 2 0.607181 0.647950 1 0.607083 0.647920 2 0.606489 0.648346 1 0.606240 0.648382 2 0.606534 0.652003 2 0.604926 0.652144 2 0.606478 0.657032 1 0.604745 0.657717 2 0.607547 0.656931 1 0.606920 0.657816 2 0.606368 0.662348 2 0.605082 0.662598 2 0.607021 0.669866 2 0.604303 0.670270 2 0.606446 0.677053 2 0.603734 0.677161 2
0 0.570871 0.658399 0.006324 0.035053 0.572666 0.649798 1 0.572439 0.649091 1 0.572627 0.649114 1 0.571013 0.649458 2 0.572575 0.649699 2 0.569679 0.653683 2 0.573153 0.654252 2 0.568610 0.658576 2 0.573714 0.659639 2 0.568967 0.662531 2 0.573825 0.663083 2 0.570065 0.663722 2 0.572427 0.663973 2 0.570076 0.670732 2 0.572151 0.670933 2 0.570221 0.677748 2 0.571761 0.677981 2
0 0.573661 0.643849 0.007440 0.036376 0.572768 0.649621 1 0.572555 0.648928 1 0.572753 0.648961 1 0.571105 0.649318 2 0.572796 0.649517 2 0.569931 0.653502 2 0.573302 0.654114 2 0.568851 0.658116 2 0.573793 0.659705 2 0.569284 0.660919 1 0.573732 0.663203 2 0.570115 0.663435 2 0.572383 0.663737 2 0.569715 0.669264 1 0.572109 0.669312 2 0.569693 0.669312 1 0.571723 0.669312 1
0 0.722842 0.502315 0.005952 0.024471 0.724144 0.491209 1 0.724333 0.490748 1 0.723956 0.490796 1 0.724665 0.490461 1 0.723822 0.490564 1 0.725237 0.492157 2 0.723233 0.492064 2 0.726182 0.495159 2 0.721947 0.494419 2 0.725754 0.497188 2 0.722381 0.496172 2 0.724353 0.498412 2 0.723170 0.498331 2 0.723623 0.502960 2 0.722948 0.503121 2 0.723521 0.508146 2 0.723177 0.508083 2
0 0.739397 0.555556 0.007812 0.021164 0.739719 0.550047 1 0.739803 0.549554 1 0.739950 0.549630 1 0.739913 0.550014 2 0.741141 0.549982 2 0.739593 0.552886 2 0.741859 0.552832 2 0.738400 0.556363 2 0.742288 0.556389 2 0.737698 0.557972 2 0.741364 0.558601 1 0.739992 0.560492 2 0.741438 0.560352 2 0.738655 0.565274 2 0.739874 0.565230 2 0.738782 0.569781 2 0.739866 0.569664 1
0 0.473400 0.672619 0.006324 0.037037 0.475713 0.658283 2 0.475850 0.657487 1 0.475264 0.657533 2 0.475648 0.657865 1 0.474194 0.657993 2 0.475202 0.662092 2 0.473498 0.662407 2 0.475568 0.666785 1 0.472835 0.667942 2 0.476099 0.667960 1 0.473410 0.671178 2 0.474528 0.673402 2 0.473458 0.673531 2 0.473705 0.681029 2 0.472630 0.681552 2 0.471728 0.688654 2 0.470359 0.688844 2
0 0.490141 0.654431 0.007068 0.032407 0.492389 0.643143 1 0.492134 0.642479 1 0.492236 0.642531 2 0.490972 0.642807 1 0.491529 0.643026 2 0.490582 0.646267 2 0.490832 0.646811 2 0.491856 0.650234 1 0.491701 0.651446 2 0.493383 0.650321 1 0.493587 0.650958 2 0.490725 0.655836 2 0.490877 0.656258 2 0.491458 0.662700 2 0.491485 0.663328 2 0.490137 0.669178 2 0.490029 0.669552 2
0 0.500186 0.671296 0.008557 0.038360 0.503056 0.657369 1 0.502800 0.656548 1 0.502880 0.656498 2 0.501530 0.656727 1 0.501830 0.656695 2 0.501229 0.660990 2 0.500618 0.661120 2 0.502137 0.666685 1 0.501398 0.667005 2 0.503875 0.670468 1 0.503672 0.670017 2 0.501705 0.672055 2 0.501234 0.672382 2 0.502319 0.679680 2 0.501583 0.680018 2 0.501094 0.686462 2 0.500788 0.686755 2
0 0.340588 0.658730 0.007068 0.031746 0.339630 0.650642 1 0.339615 0.650008 1 0.339891 0.649869 1 0.340139 0.650202 2 0.341686 0.649694 1 0.341420 0.653989 2 0.342250 0.652572 2 0.340224 0.659754 2 0.340578 0.658683 1 0.337700 0.662304 2 0.337542 0.660378 1 0.342373 0.664161 2 0.342989 0.662742 2 0.337555 0.668381 2 0.338886 0.664759 2 0.338642 0.676524 2 0.340978 0.671343 2
0 0.528088 0.591931 0.007068 0.026455 0.529517 0.584782 1 0.529215 0.584085 1 0.529432 0.584137 1 0.527744 0.584154 1 0.529051 0.584311 2 0.526733 0.587837 2 0.529422 0.587726 2 0.526244 0.592701 2 0.530734 0.591368 2 0.526567 0.596533 2 0.530322 0.593849 2 0.527021 0.596396 2 0.528683 0.596562 2 0.528820 0.601606 2 0.529897 0.601809 2 0.527695 0.605196 2 0.528323 0.605473 2
0 0.573475 0.586310 0.007068 0.025794 0.574565 0.580578 1 0.574289 0.580055 1 0.574533 0.580089 1 0.572988 0.580141 1 0.574236 0.580294 2 0.572123 0.582836 2 0.573961 0.582948 2 0.574044 0.585667 2 0.575715 0.586364 2 0.576306 0.587601 1 0.577373 0.587989 2 0.571901 0.590732 2 0.573160 0.591003 2 0.574704 0.592964 2 0.576213 0.592740 2 0.573514 0.599214 2 0.574704 0.598038 2
0 0.539435 0.585317 0.006696 0.031746 0.541145 0.575028 2 0.540975 0.574473 1 0.541114 0.574406 2 0.539931 0.574285 1 0.540503 0.574147 2 0.539037 0.576678 2 0.539552 0.576648 2 0.540334 0.580667 2 0.540976 0.580351 2 0.541773 0.581399 1 0.541903 0.579614 2 0.539231 0.584424 2 0.539544 0.584892 2 0.542459 0.585490 2 0.543363 0.586100 2 0.540955 0.591499 2 0.542021 0.591375 2
0 0.654390 0.561839 0.007440 0.023148 0.656823 0.555448 1 0.656602 0.554785 1 0.656775 0.554889 1 0.655425 0.554545 1 0.656443 0.555017 2 0.654385 0.556880 2 0.655770 0.557778 2 0.655025 0.561489 1 0.656044 0.562778 2 0.657135 0.563941 1 0.657483 0.564830 2 0.652360 0.564195 2 0.653223 0.564978 2 0.656611 0.565482 2 0.657341 0.566905 2 0.655131 0.569895 2 0.655506 0.571637 2
0 0.622768 0.581349 0.007440 0.025132 0.623610 0.572186 2 0.623410 0.571569 1 0.623510 0.571600 2 0.622154 0.571356 1 0.622830 0.571547 2 0.620907 0.573677 2 0.622490 0.574051 2 0.621487 0.576420 1 0.624167 0.576768 2 0.623583 0.576702 1 0.625276 0.576348 2 0.620999 0.581628 2 0.622081 0.582039 2 0.621844 0.585465 2 0.623089 0.586024 2 0.621550 0.590666 1 0.622886 0.590479 2
0 0.726376 0.576389 0.007068 0.024471 0.728744 0.566846 1 0.728430 0.566209 1 0.728721 0.566296 1 0.727043 0.566201 1 0.728420 0.566567 2 0.726173 0.568819 2 0.727718 0.569330 2 0.727141 0.573111 1 0.729127 0.573910 2 0.729317 0.574534 1 0.730665 0.574169 2 0.726008 0.577774 2 0.726958 0.578454 2 0.729668 0.579364 1 0.730503 0.580164 2 0.728149 0.585555 1 0.728745 0.585161 1
0 0.444010 0.612765 0.010789 0.032407 0.444218 0.600377 2 0.443930 0.599741 1 0.443969 0.599811 2 0.442751 0.600343 1 0.443108 0.600605 2 0.442357 0.604292 2 0.442855 0.604464 2 0.444201 0.608650 2 0.444762 0.608168 2 0.445871 0.610481 2 0.446058 0.609481 2 0.441950 0.612990 2 0.442196 0.613478 2 0.445419 0.613767 2 0.445797 0.614847 2 0.443561 0.619078 2 0.443605 0.620109 2
0 0.616629 0.809854 0.013765 0.037698 0.616008 0.799481 2 0.616188 0.798552 2 0.615746 0.798611 1 0.617447 0.797132 2 0.616329 0.797301 1 0.620083 0.800581 2 0.617366 0.799333 2 0.621156 0.809051 2 0.615827 0.803614 2 0.618120 0.814403 2 0.613197 0.806519 2 0.618459 0.813379 2 0.616733 0.812049 2 0.617026 0.820062 2 0.615102 0.818900 2 0.616978 0.827001 2 0.614294 0.827302 2
0 0.648996 0.814484 0.012277 0.054894 0.650166 0.790902 1 0.650241 0.789902 1 0.650412 0.789985 1 0.649609 0.790449 2 0.652184 0.790550 2 0.648307 0.796337 2 0.653436 0.797120 2 0.647120 0.805054 2 0.654174 0.805435 2 0.646296 0.812530 2 0.654349 0.813298 2 0.648436 0.812153 2 0.652027 0.812684 2 0.647628 0.822510 2 0.651654 0.825454 2 0.647363 0.832113 2 0.650736 0.836512 2
0 0.807850 0.929563 0.014509 0.058862 0.808833 0.906843 1 0.808968 0.905550 1 0.809062 0.905874 1 0.807852 0.906154 2 0.810785 0.906613 2 0.804638 0.912917 2 0.812371 0.913228 2 0.802855 0.915517 2 0.815040 0.917050 2 0.805557 0.913920 1 0.812309 0.914746 1 0.805380 0.931455 2 0.810640 0.931586 2 0.805394 0.940517 2 0.811016 0.939010 2 0.805382 0.952962 2 0.810370 0.947577 2
0 0.928199 0.799272 0.010417 0.046958 0.930894 0.782881 2 0.931193 0.781980 2 0.930408 0.781747 2 0.931069 0.782343 1 0.928855 0.781585 2 0.930989 0.787582 2 0.927144 0.786524 2 0.931714 0.793639 2 0.926236 0.792971 2 0.931679 0.797144 2 0.926139 0.799043 2 0.929812 0.800747 2 0.927258 0.800178 2 0.929209 0.811629 2 0.926887 0.810535 2 0.927145 0.819954 2 0.925399 0.819269 2
0 0.934896 0.798942 0.008929 0.047619 0.935194 0.782269 2 0.935683 0.781391 2 0.934762 0.781243 2 0.936117 0.781428 1 0.933867 0.780944 2 0.936451 0.785899 2 0.932794 0.785418 2 0.937562 0.791864 2 0.931768 0.791690 2 0.936522 0.796117 2 0.932064 0.796922 2 0.935485 0.798750 2 0.933166 0.798468 2 0.934738 0.809447 2 0.933022 0.809043 2 0.933481 0.819039 2 0.931934 0.818906 2
0 0.914249 0.772156 0.008557 0.049603 0.915239 0.754853 2 0.915759 0.753955 2 0.914737 0.753914 2 0.916061 0.754562 2 0.913766 0.754420 2 0.917127 0.758503 2 0.912717 0.759617 2 0.917094 0.762912 2 0.910336 0.764960 2 0.916706 0.763829 2 0.910459 0.769852 2 0.914661 0.770350 2 0.912152 0.770757 2 0.913144 0.779928 2 0.913152 0.782287 2 0.910488 0.786849 2 0.913700 0.794444 2
0 0.904762 0.774471 0.008929 0.044974 0.907200 0.760785 2 0.907683 0.759802 2 0.906690 0.759624 2 0.907790 0.760164 1 0.905277 0.759599 2 0.908551 0.765041 2 0.903502 0.765231 2 0.909092 0.771464 2 0.901977 0.771574 2 0.909366 0.775134 2 0.902795 0.775807 2 0.906898 0.777177 2 0.903907 0.777416 2 0.905368 0.785043 2 0.904604 0.786600 2 0.902798 0.790169 2 0.905161 0.795136 2
0 0.718750 0.666667 0.007440 0.039683 0.718611 0.652547 2 0.719043 0.651817 2 0.718645 0.651767 1 0.719999 0.652677 2 0.719214 0.652480 1 0.719947 0.657514 2 0.719474 0.657123 2 0.718893 0.663800 2 0.718676 0.663104 1 0.716718 0.666757 2 0.716748 0.666426 1 0.719482 0.667928 2 0.719182 0.667597 2 0.718838 0.676089 2 0.718693 0.675553 2 0.718840 0.684630 2 0.718885 0.683709 2
0 0.839844 0.681878 0.007068 0.035714 0.839684 0.670853 1 0.839809 0.670140 1 0.839927 0.670154 1 0.840407 0.670382 2 0.841426 0.670314 1 0.840705 0.674017 2 0.842072 0.674020 2 0.840579 0.678674 2 0.842150 0.678906 1 0.839577 0.682049 2 0.840719 0.681692 1 0.840405 0.684279 2 0.841324 0.684117 2 0.840158 0.692137 2 0.840581 0.692220 2 0.840520 0.699913 2 0.840730 0.699808 2
0 0.825707 0.687831 0.008557 0.039683 0.826232 0.672298 1 0.826235 0.671434 1 0.826439 0.671544 1 0.825383 0.671843 2 0.827602 0.672072 2 0.823927 0.676730 2 0.828213 0.677158 2 0.822846 0.683089 2 0.829113 0.683625 2 0.822868 0.687414 2 0.828664 0.688469 2 0.824159 0.689639 2 0.827140 0.689876 2 0.823870 0.698700 2 0.827004 0.699442 2 0.823768 0.706039 1 0.826574 0.706048 1
0 0.830357 0.678571 0.006696 0.035714 0.827182 0.672480 1 0.827083 0.671630 1 0.827223 0.671684 1 0.826411 0.671993 1 0.827715 0.672172 2 0.826306 0.676808 1 0.828116 0.677185 2 0.827573 0.682941 1 0.829104 0.683572 2 0.827892 0.687985 1 0.828475 0.688327 2 0.825893 0.689957 1 0.826806 0.689931 2 0.825893 0.698319 1 0.826405 0.698428 2 0.825893 0.702247 1 0.826320 0.702719 1
0 0.600074 0.744048 0.006696 0.038360 0.599497 0.731849 2 0.599705 0.730866 2 0.599202 0.731078 2 0.600708 0.729883 2 0.599647 0.730418 1 0.601866 0.733603 2 0.600465 0.733482 2 0.600758 0.740240 2 0.599830 0.739636 1 0.598746 0.740104 2 0.599237 0.740609 2 0.601746 0.746071 2 0.600784 0.745828 2 0.601793 0.754741 2 0.601112 0.754253 2 0.601826 0.762885 2 0.601256 0.761841 2
0 0.810454 0.629960 0.007068 0.035053 0.810018 0.617638 1 0.810030 0.616914 1 0.810301 0.616953 1 0.809767 0.617313 2 0.811793 0.617322 1 0.809155 0.621005 2 0.812391 0.621593 2 0.807904 0.625817 2 0.813012 0.626735 2 0.807721 0.630225 2 0.812815 0.631294 2 0.809030 0.631281 2 0.811215 0.631611 2 0.808753 0.637976 2 0.810818 0.639669 2 0.807901 0.644531 2 0.810234 0.647259 2
0 0.815476 0.630622 0.006696 0.035053 0.816586 0.616858 1 0.816592 0.616112 1 0.816849 0.616163 1 0.816219 0.616394 2 0.818186 0.616473 1 0.815375 0.620338 2 0.818965 0.620428 2 0.814536 0.625307 2 0.819232 0.625411 2 0.814596 0.628823 2 0.818208 0.628787 1 0.815331 0.630292 2 0.817774 0.630217 2 0.815404 0.637844 2 0.817529 0.637893 2 0.815633 0.645293 2 0.817314 0.645224 2
0 0.855469 0.605159 0.007068 0.035714 0.857887 0.590935 1 0.857810 0.590309 1 0.858068 0.590384 1 0.856951 0.590682 2 0.858825 0.590924 1 0.855747 0.594132 2 0.859229 0.594645 2 0.854778 0.598740 2 0.859457 0.599470 2 0.854726 0.601991 2 0.859482 0.603178 1 0.855799 0.603439 2 0.858176 0.603697 2 0.855450 0.609654 2 0.857755 0.610492 2 0.855220 0.616601 2 0.856857 0.617219 2
0 0.838170 0.600529 0.005208 0.035714 0.835652 0.577282 1 0.835664 0.576468 1 0.835765 0.576492 1 0.835760 0.577057 1 0.837003 0.576872 1 0.836515 0.581680 2 0.838098 0.581140 2 0.837146 0.587911 2 0.838910 0.586726 2 0.836053 0.589222 1 0.837376 0.588561 1 0.838085 0.594472 2 0.839122 0.594123 2 0.837616 0.605505 2 0.838224 0.604985 2 0.837938 0.615569 2 0.838347 0.615227 2
0 0.844494 0.602183 0.008185 0.029762 0.843744 0.590508 1 0.843803 0.589818 1 0.843898 0.589824 1 0.844101 0.589969 2 0.845366 0.589872 1 0.844060 0.593559 2 0.846530 0.593364 2 0.843516 0.597788 2 0.847280 0.597855 2 0.843509 0.598678 2 0.846242 0.600655 1 0.844107 0.602723 2 0.845779 0.602463 2 0.843508 0.609640 2 0.844960 0.609749 2 0.843630 0.616719 2 0.845142 0.616974 2
0 0.857329 0.589616 0.008557 0.029762 0.857974 0.591206 1 0.857959 0.590575 1 0.858194 0.590717 1 0.857295 0.590904 2 0.859103 0.591258 1 0.856025 0.594173 2 0.859535 0.594866 2 0.854867 0.598934 2 0.859803 0.599698 2 0.854891 0.601768 2 0.859922 0.602941 2 0.855901 0.603713 2 0.858232 0.604067 2 0.855713 0.609160 2 0.857659 0.610213 2 0.855401 0.610196 1 0.856651 0.610429 1
0 0.858817 0.591931 0.005580 0.031746 0.857842 0.590878 1 0.857838 0.590171 1 0.858067 0.590322 1 0.857252 0.590418 2 0.859065 0.590770 2 0.856009 0.593916 2 0.859544 0.594573 2 0.855013 0.598806 2 0.859745 0.599744 2 0.855356 0.601685 1 0.859922 0.603231 2 0.855985 0.603657 2 0.858375 0.603952 2 0.855671 0.610693 2 0.857721 0.611320 2 0.855479 0.613726 1 0.856852 0.613726 1
0 0.833519 0.565476 0.005580 0.025132 0.832446 0.563265 2 0.832485 0.562400 2 0.832562 0.562344 1 0.833354 0.562111 2 0.834182 0.561901 1 0.833933 0.566268 2 0.835738 0.565918 2 0.832983 0.571790 2 0.835405 0.571507 1 0.831541 0.574888 2 0.833235 0.574746 1 0.834169 0.576794 2 0.835477 0.576407 2 0.833689 0.582090 1 0.835055 0.581782 1 0.833455 0.582569 1 0.835033 0.582569 1
