0 0.578869 0.377646 0.022321 0.136243 0.575287 0.325239 2 0.576850 0.323520 2 0.575693 0.323500 1 0.580307 0.327655 2 0.578397 0.327276 1 0.580362 0.342155 2 0.580883 0.341847 2 0.583067 0.362359 2 0.580167 0.360932 1 0.580341 0.382410 2 0.576906 0.379505 1 0.579762 0.382007 2 0.580328 0.381362 2 0.576207 0.408724 2 0.577734 0.407968 2 0.582075 0.433961 2 0.581749 0.432790 2
0 0.609003 0.888889 0.064732 0.216931 0.617817 0.820121 2 0.621142 0.814832 2 0.614513 0.814357 2 0.625831 0.816948 2 0.609105 0.815343 2 0.630930 0.850025 2 0.604010 0.840928 2 0.635642 0.902050 2 0.595897 0.865652 2 0.629220 0.940969 2 0.588025 0.899202 2 0.622364 0.923494 2 0.603486 0.918980 2 0.622867 0.975662 2 0.592931 0.977658 2 0.620944 1.000000 1 0.587973 1.000000 1
0 0.651042 0.182540 0.017857 0.071429 0.653263 0.158971 1 0.653368 0.157591 1 0.653547 0.157825 1 0.652543 0.158310 2 0.655884 0.158518 2 0.650946 0.165431 2 0.657452 0.166415 2 0.648649 0.175052 2 0.658638 0.176622 2 0.647267 0.185274 2 0.657447 0.184925 2 0.650654 0.185356 2 0.655298 0.185699 2 0.647778 0.200025 2 0.654194 0.201480 2 0.645606 0.215113 2 0.653132 0.216911 2
0 0.516741 0.423942 0.026042 0.154762 0.515454 0.362217 2 0.516569 0.359860 2 0.515254 0.359517 1 0.519699 0.362974 2 0.517478 0.362152 1 0.523036 0.380510 2 0.514322 0.376322 2 0.526392 0.402830 2 0.515877 0.396642 2 0.518102 0.415251 2 0.513437 0.411553 2 0.520904 0.416161 2 0.515757 0.413860 2 0.515599 0.445987 2 0.517782 0.440900 2 0.515570 0.475308 2 0.528166 0.457600 2
0 0.485119 0.488095 0.041667 0.156085 0.473213 0.392240 1 0.472411 0.390570 1 0.473146 0.390371 1 0.466977 0.395301 2 0.474240 0.393902 2 0.464877 0.412150 2 0.476957 0.404310 2 0.460873 0.431068 2 0.483187 0.390835 2 0.458257 0.447203 2 0.487278 0.379630 2 0.469980 0.449835 2 0.477748 0.448709 2 0.470629 0.478490 2 0.480603 0.481972 2 0.466683 0.507849 2 0.479516 0.514576 2
0 0.406622 0.401455 0.034970 0.138889 0.399307 0.349013 1 0.398394 0.346922 1 0.398758 0.346813 1 0.392936 0.350082 1 0.398193 0.349674 2 0.390007 0.366559 2 0.401699 0.363917 2 0.389098 0.384245 2 0.407752 0.380500 2 0.395798 0.391034 2 0.416643 0.389094 2 0.395199 0.404461 2 0.403852 0.403202 2 0.397240 0.433575 2 0.411321 0.427163 2 0.393221 0.461904 2 0.412250 0.457171 2
0 0.469122 0.450397 0.036458 0.154762 0.471081 0.393503 1 0.470603 0.391355 1 0.471193 0.391331 1 0.466377 0.395115 2 0.473454 0.393817 2 0.464790 0.412409 2 0.476785 0.403984 2 0.460648 0.431123 2 0.483066 0.388818 2 0.456819 0.447145 2 0.486116 0.370283 2 0.470099 0.450401 2 0.477795 0.448870 2 0.469561 0.478146 2 0.479449 0.481259 2 0.466983 0.508518 2 0.479494 0.513723 2
0 0.300223 0.405423 0.033482 0.141534 0.304016 0.347567 2 0.303884 0.345195 2 0.302132 0.346071 2 0.303332 0.348876 1 0.298693 0.350994 2 0.307037 0.364582 2 0.294990 0.366305 2 0.310414 0.382996 2 0.293622 0.387239 2 0.312532 0.400450 2 0.296319 0.404115 2 0.307367 0.397805 2 0.299492 0.398898 2 0.308419 0.428838 2 0.300424 0.429240 2 0.308181 0.455801 2 0.303556 0.452121 2
0 0.482515 0.397487 0.027530 0.144180 0.470921 0.392368 1 0.470351 0.390387 1 0.471223 0.390377 1 0.466065 0.394045 2 0.473610 0.393350 2 0.463585 0.411421 2 0.476803 0.404841 2 0.463625 0.421116 1 0.484311 0.391369 2 0.465613 0.426498 1 0.486494 0.377311 2 0.469777 0.452015 2 0.478874 0.450426 2 0.468395 0.478244 2 0.480951 0.479077 2 0.468738 0.496838 1 0.482431 0.496838 2
0 0.378720 0.427910 0.038690 0.146825 0.387798 0.370814 2 0.386292 0.368499 1 0.387036 0.369028 2 0.381541 0.370902 1 0.384098 0.372660 2 0.378637 0.389220 2 0.382275 0.391824 2 0.380507 0.410751 1 0.383854 0.413678 2 0.386555 0.423735 1 0.390680 0.428491 2 0.381364 0.430080 2 0.381959 0.432745 2 0.390759 0.455891 2 0.382864 0.463267 2 0.389683 0.482975 2 0.367306 0.488934 2
0 0.134301 0.371032 0.034970 0.125661 0.133156 0.320638 2 0.133977 0.318059 2 0.131586 0.318433 2 0.134888 0.319100 1 0.128374 0.320034 2 0.138729 0.332690 2 0.125597 0.336389 2 0.144966 0.344484 2 0.124097 0.354223 2 0.141340 0.352046 2 0.125887 0.371469 2 0.140570 0.367236 2 0.131597 0.369391 2 0.143747 0.393168 2 0.133087 0.396140 2 0.148480 0.417933 2 0.134779 0.421852 2
0 0.510417 0.207011 0.020833 0.078042 0.510208 0.216670 1 0.509503 0.215366 1 0.510139 0.215293 1 0.506472 0.215708 1 0.508931 0.215851 2 0.506369 0.223788 2 0.505965 0.223792 2 0.508065 0.235233 2 0.505796 0.235101 2 0.510747 0.243116 1 0.510063 0.243940 2 0.506309 0.247576 2 0.505912 0.247979 2 0.507225 0.260205 1 0.506264 0.260251 1 0.506606 0.260251 1 0.504984 0.260251 1
0 0.962426 0.282407 0.034970 0.117725 0.976788 0.239337 2 0.976055 0.236961 1 0.975967 0.237143 2 0.970033 0.237941 1 0.972841 0.238319 2 0.963497 0.249253 2 0.974148 0.249616 2 0.960367 0.265840 2 0.980825 0.255510 2 0.963127 0.275000 1 0.983065 0.248331 2 0.962403 0.282610 2 0.969701 0.283787 2 0.958015 0.301922 2 0.967206 0.307401 2 0.951599 0.323103 2 0.963123 0.330966 2
0 0.788690 0.275132 0.023810 0.095238 0.792158 0.242321 2 0.792088 0.240344 2 0.791305 0.240234 2 0.790722 0.241025 1 0.788095 0.240670 2 0.789626 0.251718 2 0.783986 0.250543 2 0.789890 0.265916 2 0.781982 0.265562 2 0.792826 0.273383 2 0.789153 0.273331 2 0.787161 0.273610 2 0.783226 0.274237 2 0.796650 0.280929 2 0.793049 0.280631 2 0.791186 0.301432 2 0.789213 0.300439 2
0 0.809152 0.269180 0.024554 0.088624 0.810807 0.242021 2 0.810443 0.239816 1 0.810252 0.239913 2 0.808477 0.240187 1 0.808354 0.240960 2 0.808817 0.245821 2 0.802479 0.251561 2 0.811637 0.260916 2 0.807967 0.264632 2 0.814667 0.267948 2 0.813632 0.273911 2 0.810068 0.267370 2 0.805435 0.273610 2 0.820754 0.264847 2 0.812401 0.285871 2 0.811346 0.278770 2 0.814713 0.302878 2
0 0.562128 0.232804 0.014137 0.055556 0.564538 0.215316 2 0.565154 0.214192 2 0.564305 0.214114 1 0.566380 0.214820 2 0.564360 0.214577 1 0.567595 0.221561 2 0.563193 0.220760 2 0.568689 0.228272 2 0.561971 0.226494 2 0.567506 0.231590 2 0.562227 0.230549 2 0.566263 0.233630 2 0.563459 0.233139 2 0.564900 0.243105 2 0.563112 0.242192 2 0.564821 0.251062 2 0.564388 0.249114 2
0 0.868676 0.888889 0.075149 0.211640 0.881345 0.816002 1 0.881243 0.811592 1 0.882551 0.813028 1 0.876549 0.815239 2 0.889582 0.818089 2 0.868859 0.837155 2 0.891328 0.844009 2 0.855425 0.852131 2 0.884399 0.856777 2 0.864462 0.847227 2 0.873783 0.843153 1 0.862111 0.896764 2 0.879060 0.900562 2 0.848934 0.924606 2 0.876321 0.939356 2 0.836280 0.962824 2 0.876281 0.984752 2
0 0.538318 0.325397 0.026042 0.108466 0.536555 0.286044 2 0.536895 0.283574 2 0.535853 0.284138 1 0.538974 0.280855 2 0.536850 0.282307 1 0.543525 0.289722 2 0.539023 0.289476 2 0.545206 0.306213 2 0.540049 0.303563 1 0.538910 0.304798 2 0.538057 0.305135 1 0.543004 0.318501 2 0.540184 0.317663 2 0.542406 0.340355 2 0.541296 0.339004 2 0.542995 0.360524 2 0.543667 0.357562 2
0 0.519345 0.294974 0.025298 0.079365 0.518223 0.274904 2 0.519137 0.273127 2 0.517395 0.273175 2 0.520524 0.271284 2 0.516063 0.271320 2 0.522532 0.277551 2 0.513326 0.277184 2 0.524289 0.289233 2 0.510960 0.288732 2 0.520532 0.296499 2 0.513887 0.297281 2 0.521023 0.303241 2 0.514984 0.303083 2 0.520946 0.324145 2 0.515830 0.323285 2 0.521707 0.344904 2 0.516381 0.342936 2
0 0.477679 0.156085 0.017857 0.063492 0.478640 0.133085 2 0.479252 0.131964 2 0.478151 0.131897 2 0.480136 0.132047 2 0.477363 0.132064 2 0.481362 0.137581 2 0.476309 0.139350 2 0.483165 0.145563 2 0.475054 0.146417 2 0.481568 0.151927 2 0.476306 0.152369 2 0.480796 0.153997 2 0.477243 0.155376 2 0.481532 0.164159 2 0.476838 0.169725 2 0.482978 0.173632 2 0.476068 0.182567 2
0 0.095982 0.316799 0.017857 0.064815 0.094553 0.295744 2 0.095290 0.293599 2 0.093571 0.294595 2 0.097297 0.293083 2 0.093061 0.295533 1 0.100224 0.299379 2 0.093651 0.301845 2 0.104853 0.308087 2 0.092931 0.310459 2 0.104287 0.308882 2 0.094710 0.310900 2 0.099645 0.316926 2 0.095053 0.317708 2 0.101505 0.323954 2 0.091617 0.325646 2 0.101350 0.337646 2 0.091779 0.338071 2
0 0.614955 0.138889 0.017113 0.074074 0.617158 0.114788 2 0.617638 0.113661 1 0.616446 0.113558 2 0.617973 0.115217 1 0.615315 0.114593 2 0.618224 0.123882 2 0.614207 0.120543 2 0.619010 0.132110 2 0.612728 0.119228 2 0.621021 0.135369 2 0.613489 0.113435 2 0.616386 0.141206 2 0.613667 0.140159 2 0.615370 0.155023 2 0.612907 0.154964 2 0.613940 0.167920 2 0.611336 0.167541 2
0 0.195685 0.187831 0.016369 0.037037 0.198399 0.177745 1 0.197935 0.176735 1 0.198325 0.176804 1 0.195594 0.176517 1 0.197593 0.176908 2 0.194109 0.181069 2 0.197638 0.181528 2 0.193387 0.186730 2 0.198686 0.187486 2 0.194596 0.190730 1 0.198970 0.191835 2 0.194720 0.192112 2 0.197160 0.192389 2 0.195549 0.200369 2 0.197784 0.200028 2 0.195454 0.205235 2 0.197979 0.205033 2
0 0.165179 0.138228 0.016369 0.054233 0.163243 0.123983 1 0.163286 0.123030 1 0.163496 0.122904 1 0.163615 0.123502 2 0.166088 0.122936 1 0.163441 0.129221 2 0.168328 0.127545 2 0.162986 0.135682 2 0.170961 0.131932 2 0.163497 0.142059 1 0.170569 0.132951 1 0.166585 0.141355 2 0.169995 0.140606 2 0.167241 0.150304 2 0.171376 0.148052 2 0.167772 0.158095 2 0.173069 0.153728 2
0 0.806176 0.195106 0.017113 0.062169 0.807451 0.173688 1 0.807599 0.172643 1 0.808036 0.172915 1 0.807288 0.173672 2 0.810599 0.174102 2 0.805892 0.179369 2 0.811242 0.180271 2 0.804493 0.181474 2 0.810460 0.181521 2 0.805061 0.177420 1 0.807412 0.176904 1 0.805696 0.194266 2 0.809426 0.194854 2 0.805274 0.202593 2 0.809214 0.205117 2 0.805734 0.212585 2 0.809028 0.215293 2
0 0.430804 0.113757 0.013393 0.058201 0.430630 0.095843 1 0.430628 0.094873 1 0.430777 0.094798 1 0.430015 0.095368 2 0.432308 0.095107 2 0.429259 0.101226 2 0.433832 0.100579 2 0.428320 0.107409 2 0.435157 0.107044 2 0.429450 0.110729 1 0.434751 0.112432 2 0.430461 0.114599 2 0.433707 0.114256 2 0.431104 0.124878 2 0.434928 0.123671 2 0.431473 0.135664 2 0.435539 0.134391 2
0 0.399926 0.093915 0.012649 0.052910 0.403543 0.079253 1 0.403422 0.078292 1 0.403549 0.078314 1 0.402268 0.078305 1 0.403654 0.078397 2 0.401565 0.082697 2 0.403416 0.082928 2 0.400634 0.088057 2 0.404546 0.088476 2 0.401123 0.091967 2 0.405624 0.091902 2 0.402039 0.094264 2 0.403126 0.094485 2 0.402534 0.102795 2 0.402867 0.102944 2 0.402243 0.111325 2 0.402721 0.111370 2
0 0.135417 0.106481 0.014881 0.051587 0.136766 0.090496 1 0.136438 0.089666 1 0.136640 0.089688 1 0.134899 0.090115 1 0.136200 0.090282 2 0.134512 0.094745 2 0.136198 0.094896 2 0.135647 0.100376 2 0.137410 0.100800 2 0.138031 0.105220 1 0.138979 0.106277 2 0.134570 0.105205 2 0.135701 0.105466 2 0.136658 0.111469 2 0.137308 0.111430 2 0.135928 0.116792 1 0.136252 0.117390 2
0 0.822917 0.175265 0.014881 0.048942 0.824639 0.155985 1 0.824661 0.154934 1 0.825074 0.155111 1 0.824063 0.155485 2 0.826908 0.155638 2 0.822788 0.161395 2 0.827460 0.161570 2 0.821194 0.167961 2 0.828656 0.168161 2 0.820804 0.173175 2 0.828633 0.171122 2 0.822069 0.175622 2 0.825073 0.175496 2 0.821322 0.183949 2 0.823704 0.183662 2 0.820308 0.191769 2 0.822196 0.190960 2
0 0.167039 0.101852 0.014137 0.044974 0.163087 0.123175 1 0.163189 0.122321 1 0.163581 0.122412 1 0.163677 0.122940 2 0.166179 0.122747 2 0.163322 0.128724 2 0.168919 0.128569 2 0.163050 0.131882 1 0.171035 0.131882 1 0.162478 0.130947 1 0.168913 0.131136 1 0.165127 0.131882 1 0.168849 0.131882 1 0.163833 0.129813 1 0.167493 0.129774 1 0.164912 0.131882 1 0.167009 0.131882 1
0 0.746652 0.133598 0.017113 0.052910 0.748718 0.115385 2 0.749161 0.114240 2 0.748095 0.114330 2 0.749613 0.114545 1 0.746779 0.114580 2 0.750513 0.121160 2 0.744987 0.121151 2 0.751630 0.129802 2 0.743389 0.129915 2 0.751720 0.136927 2 0.743524 0.138283 2 0.749181 0.136302 2 0.745512 0.136242 2 0.748440 0.147925 2 0.744561 0.147905 2 0.747587 0.159418 2 0.743015 0.159538 2
0 0.955729 0.174603 0.020089 0.063492 0.955830 0.155127 2 0.956206 0.153734 2 0.955894 0.153769 1 0.957377 0.154101 2 0.957341 0.154127 1 0.958341 0.161382 2 0.956281 0.160892 2 0.957759 0.172919 2 0.953992 0.170599 2 0.954720 0.180735 2 0.951842 0.175385 2 0.955808 0.180181 2 0.954649 0.179645 2 0.953850 0.193577 2 0.953596 0.193765 2 0.953167 0.209295 2 0.954229 0.208291 2
0 0.905506 0.186508 0.020833 0.042328 0.905198 0.176587 2 0.906202 0.175046 2 0.904689 0.174824 2 0.907858 0.175596 2 0.904105 0.174980 1 0.908906 0.181366 2 0.902821 0.180729 2 0.907780 0.190341 2 0.900619 0.189481 2 0.902102 0.195149 2 0.900398 0.194864 2 0.907400 0.195250 2 0.903210 0.194440 2 0.907148 0.192629 2 0.898876 0.191406 2 0.901801 0.198707 2 0.899028 0.198293 2
0 0.941220 0.193122 0.019345 0.034392 0.941024 0.182415 2 0.941972 0.180873 2 0.940995 0.180772 2 0.943755 0.182218 2 0.941481 0.181622 1 0.945830 0.189859 2 0.940546 0.188378 2 0.945414 0.198947 2 0.938282 0.194835 2 0.939396 0.199116 2 0.936369 0.197080 2 0.944407 0.201363 2 0.940873 0.199794 2 0.940849 0.202097 2 0.934821 0.200033 2 0.937225 0.205781 2 0.937920 0.205490 2
0 0.925967 0.189815 0.018601 0.035714 0.926051 0.187146 2 0.926946 0.185283 2 0.925153 0.185499 2 0.928511 0.184419 2 0.923717 0.184929 2 0.930672 0.192339 2 0.921580 0.192686 2 0.931351 0.201013 2 0.919312 0.200386 2 0.926782 0.199862 2 0.920628 0.198706 2 0.928830 0.209933 2 0.922717 0.209789 2 0.927683 0.205439 1 0.920931 0.205728 1 0.925816 0.210827 1 0.920564 0.210686 1
