0 0.560640 0.841931 0.060268 0.268519 0.558332 0.736350 2 0.561243 0.730700 2 0.555242 0.731550 2 0.566026 0.730412 2 0.551182 0.731966 2 0.573307 0.761196 2 0.544038 0.759617 2 0.578498 0.799191 2 0.539697 0.796177 2 0.583155 0.842959 2 0.537538 0.830209 2 0.567201 0.841594 2 0.547720 0.839860 2 0.564582 0.899851 2 0.544388 0.892527 2 0.561598 0.946550 2 0.545717 0.931683 2
0 0.636905 0.794974 0.046131 0.256614 0.639929 0.698397 2 0.642467 0.693202 2 0.637125 0.693082 2 0.644829 0.694759 2 0.631717 0.694656 2 0.648785 0.718687 2 0.626800 0.725369 2 0.652473 0.746642 2 0.624150 0.756489 2 0.652974 0.747714 2 0.640559 0.753463 2 0.643882 0.785845 2 0.629666 0.789668 2 0.640041 0.825810 2 0.630896 0.839144 2 0.634697 0.850615 2 0.633315 0.880198 2
0 0.720610 0.834656 0.031994 0.134921 0.720161 0.785070 2 0.721920 0.784775 2 0.719367 0.783057 2 0.723649 0.792088 2 0.718105 0.787574 2 0.724906 0.809019 2 0.712580 0.796965 2 0.726059 0.823758 2 0.709988 0.785333 2 0.723444 0.832136 2 0.713170 0.776209 2 0.718704 0.843311 2 0.710237 0.839118 2 0.719508 0.867521 2 0.709643 0.866663 2 0.715793 0.888435 2 0.710713 0.887333 2
0 0.696057 0.798942 0.043899 0.171958 0.707813 0.678904 1 0.710017 0.678571 1 0.706188 0.678571 1 0.714338 0.678571 1 0.704236 0.678571 1 0.721552 0.686979 2 0.696076 0.685198 2 0.724358 0.719547 2 0.687342 0.717099 2 0.717929 0.752835 2 0.691422 0.747938 2 0.716017 0.745549 2 0.698817 0.744562 2 0.715108 0.783721 1 0.694775 0.782855 1 0.715034 0.821604 1 0.694727 0.821549 1
0 0.706473 0.739418 0.052827 0.190476 0.698747 0.725818 2 0.701057 0.722371 2 0.696499 0.721321 2 0.703947 0.725572 2 0.692310 0.723286 2 0.707462 0.750281 2 0.684482 0.747046 2 0.712877 0.776983 2 0.677086 0.776408 2 0.709850 0.796025 2 0.683614 0.799615 2 0.701518 0.806130 2 0.686284 0.804281 2 0.701309 0.844574 2 0.683624 0.840968 2 0.700707 0.871693 2 0.685777 0.866567 2
0 0.911086 0.647487 0.060268 0.146825 0.916380 0.591019 1 0.917753 0.589335 2 0.919104 0.589955 1 0.920531 0.596528 2 0.929353 0.596494 1 0.915569 0.613202 2 0.934772 0.615425 2 0.899658 0.620800 2 0.938018 0.628634 2 0.891245 0.614434 2 0.932011 0.621888 1 0.915642 0.667008 2 0.927657 0.665498 2 0.889024 0.661327 2 0.905038 0.660286 2 0.895674 0.703673 2 0.912686 0.700683 2
0 0.899926 0.640212 0.034970 0.119048 0.915863 0.592245 2 0.917230 0.590140 2 0.917644 0.590423 1 0.919185 0.595681 2 0.923176 0.595555 1 0.914068 0.613164 2 0.924107 0.613642 2 0.899203 0.620831 2 0.909789 0.623816 1 0.888771 0.615568 2 0.894602 0.612529 1 0.909114 0.658705 2 0.916279 0.656265 2 0.886922 0.662187 2 0.896609 0.658184 1 0.897519 0.699604 2 0.903690 0.695728 1
0 0.949777 0.603836 0.046875 0.199735 0.958135 0.535551 2 0.960808 0.532015 2 0.956741 0.530185 2 0.962336 0.531100 2 0.952170 0.525678 2 0.963819 0.550166 2 0.942935 0.540698 2 0.964933 0.579353 2 0.929388 0.551434 2 0.965998 0.602729 2 0.939744 0.533498 2 0.954656 0.606587 2 0.941994 0.602622 2 0.945737 0.649336 2 0.939242 0.647073 2 0.938066 0.685073 2 0.936618 0.692771 2
0 0.485491 0.491402 0.033482 0.104497 0.483110 0.457938 2 0.484899 0.455162 2 0.481762 0.455266 2 0.488556 0.456141 2 0.481832 0.455939 1 0.489100 0.470345 2 0.488258 0.467677 2 0.485343 0.490872 2 0.485194 0.486645 1 0.477457 0.502209 2 0.478675 0.497115 1 0.491309 0.505573 2 0.490982 0.502002 2 0.472694 0.502804 2 0.477123 0.494247 2 0.479258 0.531591 2 0.481276 0.521993 2
0 0.631324 0.363757 0.023065 0.124339 0.632084 0.317903 2 0.633336 0.315792 2 0.630850 0.315341 2 0.634723 0.317692 2 0.628813 0.316573 2 0.637222 0.330410 2 0.625828 0.330440 2 0.638639 0.346789 2 0.623315 0.346842 2 0.639980 0.360818 2 0.622905 0.362932 2 0.635075 0.363607 2 0.627526 0.363884 2 0.635002 0.384891 2 0.626392 0.387831 2 0.630338 0.400112 2 0.626436 0.407804 2
0 0.429688 0.355159 0.026042 0.083333 0.427104 0.331173 2 0.427921 0.329704 2 0.426312 0.329839 2 0.429286 0.328412 2 0.425152 0.328711 2 0.431160 0.332827 2 0.424088 0.333137 2 0.433266 0.340214 2 0.421885 0.341991 2 0.434077 0.341333 2 0.421115 0.351770 2 0.430358 0.350754 2 0.425699 0.350790 2 0.430940 0.366496 2 0.426251 0.366699 2 0.432218 0.381970 2 0.426358 0.383484 2
0 0.409598 0.312831 0.017113 0.048942 0.410771 0.299462 2 0.411285 0.298391 2 0.410157 0.298464 2 0.412239 0.298150 2 0.409185 0.298287 2 0.413585 0.303446 2 0.408186 0.303148 2 0.415314 0.309846 2 0.406374 0.309388 2 0.414778 0.314937 2 0.406051 0.315216 2 0.412661 0.315611 2 0.408599 0.315246 2 0.413980 0.321956 2 0.406010 0.321322 2 0.414042 0.326357 2 0.403542 0.325326 2
0 0.498512 0.300926 0.013393 0.088624 0.501217 0.267652 2 0.500849 0.266239 1 0.500546 0.266214 2 0.499082 0.267767 1 0.498336 0.267876 2 0.499022 0.277326 2 0.496640 0.277428 2 0.498587 0.289642 1 0.495447 0.289404 2 0.499319 0.300486 1 0.497403 0.300548 2 0.499824 0.301335 2 0.498119 0.301621 2 0.499254 0.319509 2 0.497184 0.319975 2 0.498498 0.335620 2 0.496683 0.337156 2
0 0.520833 0.288360 0.016369 0.092593 0.521213 0.256023 2 0.521885 0.254336 2 0.520187 0.254313 2 0.522161 0.255636 1 0.518077 0.255469 2 0.522145 0.264842 2 0.516219 0.264823 2 0.522500 0.275589 2 0.514374 0.273944 2 0.521906 0.281278 2 0.514230 0.273681 2 0.521890 0.287040 2 0.517916 0.287470 2 0.522980 0.306791 2 0.519088 0.307856 2 0.523571 0.325361 2 0.519600 0.326631 2
0 0.552827 0.292328 0.017857 0.087302 0.554042 0.261782 2 0.554891 0.260166 2 0.553189 0.260205 2 0.556194 0.261575 2 0.551970 0.261595 2 0.557665 0.271741 2 0.550344 0.271484 2 0.559147 0.282933 2 0.548100 0.281806 2 0.557987 0.292427 2 0.547844 0.290423 2 0.555779 0.291858 2 0.550870 0.291638 2 0.555183 0.310006 2 0.549994 0.310241 2 0.555286 0.327216 2 0.549254 0.327324 2
0 0.543527 0.300265 0.012649 0.058201 0.542521 0.282391 2 0.543166 0.281128 2 0.541986 0.281249 2 0.544344 0.281692 2 0.541433 0.281977 2 0.545609 0.288050 2 0.540815 0.288511 2 0.547008 0.294676 2 0.539513 0.295648 2 0.544870 0.295791 2 0.540958 0.297203 2 0.545384 0.301944 2 0.542259 0.302074 2 0.545355 0.313761 2 0.542629 0.313760 2 0.545838 0.326356 2 0.542984 0.326234 2
