0 0.490327 0.781085 0.055060 0.183862 0.482546 0.714886 2 0.484124 0.710518 2 0.481243 0.711732 2 0.488920 0.706671 2 0.481217 0.709565 1 0.499735 0.719917 2 0.480138 0.722870 2 0.509432 0.739227 2 0.476476 0.739161 2 0.508478 0.753860 2 0.475818 0.746891 2 0.497415 0.773664 2 0.482633 0.774251 2 0.504833 0.813463 2 0.474949 0.814682 2 0.508618 0.850667 2 0.472073 0.855058 2
0 0.480283 0.761905 0.048363 0.126984 0.483030 0.715157 2 0.484265 0.711275 2 0.482148 0.712428 2 0.489962 0.707192 2 0.483940 0.709990 1 0.500529 0.720312 2 0.482636 0.722585 2 0.509487 0.740343 2 0.477293 0.740346 2 0.510718 0.753802 2 0.475495 0.747119 2 0.497183 0.775483 2 0.484122 0.775410 2 0.501185 0.814769 2 0.477967 0.813990 2 0.503783 0.845574 2 0.474357 0.844372 2
0 0.440848 0.554233 0.021577 0.103175 0.452595 0.513331 1 0.452906 0.511260 1 0.453002 0.511335 1 0.453581 0.512266 2 0.455357 0.512316 1 0.453567 0.523485 2 0.455316 0.523242 1 0.450448 0.537768 2 0.451870 0.537303 1 0.448491 0.537005 2 0.449716 0.535929 1 0.453640 0.553958 2 0.454815 0.553750 2 0.452802 0.576103 2 0.453616 0.576217 2 0.453758 0.599168 2 0.454514 0.598418 1
0 0.486979 0.597222 0.021577 0.117725 0.493245 0.551368 1 0.492308 0.549158 1 0.492481 0.549315 1 0.487122 0.550418 2 0.490767 0.551167 2 0.482603 0.564059 2 0.494125 0.564300 2 0.479886 0.581027 2 0.497302 0.580413 2 0.481716 0.587343 1 0.495137 0.575764 2 0.484772 0.596705 2 0.492664 0.596620 2 0.485697 0.622657 2 0.493093 0.619043 2 0.486619 0.646364 2 0.492803 0.641106 2
0 0.453869 0.553571 0.025298 0.104497 0.452665 0.514318 1 0.452769 0.512211 1 0.453253 0.512162 1 0.453920 0.511901 2 0.458897 0.511582 1 0.453299 0.522237 2 0.463355 0.521627 2 0.451056 0.536885 2 0.464894 0.537679 2 0.448899 0.538445 2 0.460185 0.540724 1 0.454683 0.552795 2 0.461670 0.551897 2 0.453197 0.575138 2 0.460187 0.574601 2 0.453761 0.598494 2 0.459960 0.596025 2
0 0.498140 0.558862 0.017113 0.078042 0.493174 0.550940 1 0.492245 0.548953 1 0.492626 0.548943 1 0.487790 0.550274 1 0.490783 0.550567 2 0.486607 0.562604 1 0.493398 0.563476 2 0.488193 0.577600 1 0.496701 0.578582 2 0.492452 0.574435 1 0.495901 0.571279 2 0.486708 0.594836 2 0.492065 0.595139 2 0.486804 0.612151 1 0.492275 0.611076 2 0.487749 0.612289 1 0.491500 0.612289 1
0 0.480283 0.546958 0.017113 0.091270 0.491815 0.550937 1 0.491485 0.549062 1 0.491815 0.548877 1 0.486993 0.550506 2 0.490490 0.550548 2 0.482641 0.563596 2 0.491815 0.563237 2 0.480653 0.579144 2 0.491815 0.579156 1 0.481518 0.589105 1 0.491815 0.592400 1 0.484129 0.596681 2 0.490759 0.596922 2 0.484856 0.609706 1 0.491815 0.609706 1 0.485121 0.609706 1 0.490765 0.609211 1
0 0.472842 0.505952 0.015625 0.083333 0.462144 0.514678 1 0.462197 0.513157 1 0.462054 0.513261 1 0.462054 0.513993 1 0.462147 0.514248 1 0.463119 0.523034 1 0.463784 0.523183 2 0.465068 0.535620 1 0.465379 0.535566 2 0.463330 0.540120 1 0.462892 0.540226 2 0.462169 0.550967 1 0.462627 0.550432 2 0.462054 0.563492 1 0.462381 0.563450 1 0.462093 0.563492 1 0.462673 0.563492 1
0 0.462054 0.498677 0.017857 0.082011 0.452464 0.514329 1 0.452545 0.512333 1 0.453211 0.512360 1 0.453806 0.512108 2 0.458764 0.511689 1 0.453619 0.522611 2 0.463161 0.522436 2 0.451448 0.536861 2 0.464901 0.538616 2 0.450756 0.535841 1 0.460840 0.540942 2 0.455254 0.552824 2 0.462039 0.552422 2 0.453158 0.555556 1 0.462525 0.555556 1 0.452801 0.555556 1 0.462143 0.555556 1
0 0.434896 0.443122 0.015625 0.060847 0.439596 0.422763 1 0.439324 0.421607 1 0.439679 0.421623 1 0.437364 0.421062 2 0.440357 0.421312 2 0.435491 0.426234 2 0.441021 0.426782 2 0.434064 0.435627 2 0.442165 0.436202 2 0.434349 0.444224 2 0.440756 0.444140 2 0.435621 0.442925 2 0.439345 0.443218 2 0.436701 0.455864 2 0.439458 0.456790 2 0.436881 0.468965 2 0.438842 0.470013 2
0 0.559524 0.469577 0.011905 0.044974 0.557434 0.457617 2 0.557711 0.456577 2 0.557102 0.456821 2 0.558678 0.455893 2 0.557210 0.456460 1 0.560596 0.459856 2 0.558298 0.459852 2 0.562934 0.465979 2 0.558016 0.463889 2 0.560115 0.466947 2 0.556651 0.464573 2 0.562243 0.469301 2 0.560812 0.469113 2 0.561476 0.476756 2 0.560104 0.476853 2 0.562673 0.485673 2 0.560752 0.485432 2
