0 0.532738 0.412037 0.029762 0.138889 0.535142 0.441271 1 0.533484 0.438097 1 0.534819 0.438182 1 0.524867 0.440946 2 0.533700 0.442018 2 0.519566 0.463515 2 0.536304 0.465907 2 0.513621 0.491923 2 0.537446 0.497986 2 0.515505 0.507079 1 0.539017 0.508776 1 0.520980 0.507323 2 0.532849 0.508250 1 0.522173 0.494182 1 0.536166 0.491906 1 0.519823 0.507705 1 0.532969 0.508512 1
0 0.664435 0.182540 0.016369 0.068783 0.671508 0.157796 2 0.670953 0.156449 1 0.670891 0.156893 2 0.668488 0.156965 1 0.668622 0.158284 2 0.666303 0.164083 2 0.667819 0.165695 2 0.665993 0.172130 1 0.667345 0.175150 2 0.668048 0.179526 1 0.668260 0.183953 2 0.664684 0.182834 2 0.665619 0.183623 2 0.665106 0.197864 2 0.665686 0.199316 2 0.663846 0.212086 2 0.661486 0.212982 2
0 0.528646 0.512566 0.034970 0.170635 0.534485 0.440507 1 0.532823 0.437531 1 0.534208 0.437584 1 0.524813 0.440798 2 0.533688 0.442124 2 0.518807 0.462423 2 0.534737 0.465261 2 0.512814 0.486430 2 0.535713 0.492913 2 0.517374 0.507036 2 0.537558 0.511424 2 0.520669 0.513229 2 0.530708 0.515078 2 0.526993 0.545981 2 0.531551 0.548519 2 0.526061 0.579582 2 0.524120 0.582413 2
0 0.620536 0.437831 0.047619 0.142857 0.631381 0.394590 2 0.632580 0.391748 2 0.629939 0.391685 2 0.633725 0.391424 1 0.625885 0.390953 2 0.634144 0.406719 2 0.620232 0.405948 2 0.635719 0.422962 2 0.612939 0.422250 2 0.638322 0.434215 2 0.616591 0.438488 2 0.629149 0.442145 2 0.618321 0.442303 2 0.635309 0.467083 2 0.613993 0.468260 2 0.638998 0.489883 2 0.606674 0.492622 2
0 0.370164 0.402116 0.033482 0.148148 0.383137 0.349734 2 0.382420 0.346669 1 0.382107 0.347098 2 0.377396 0.347902 1 0.377630 0.348879 2 0.373082 0.359935 2 0.376376 0.363159 2 0.375030 0.379270 2 0.377216 0.384685 2 0.383018 0.381546 2 0.384644 0.371128 2 0.369073 0.393987 2 0.372173 0.395741 2 0.371368 0.426061 2 0.379571 0.426255 2 0.364308 0.452807 2 0.377958 0.457157 2
0 0.478423 0.559524 0.046131 0.185185 0.473213 0.493199 1 0.473248 0.489871 1 0.473831 0.490124 1 0.470926 0.492389 2 0.480188 0.492280 2 0.467114 0.515021 2 0.484910 0.512644 2 0.464884 0.540082 2 0.489849 0.538965 2 0.461508 0.560921 2 0.493753 0.558303 2 0.471443 0.564843 2 0.484465 0.563224 2 0.469776 0.601172 2 0.489149 0.594579 2 0.471100 0.639237 2 0.492666 0.625885 2
0 0.436756 0.464947 0.029762 0.149471 0.441456 0.410079 2 0.440641 0.407523 1 0.440590 0.407291 2 0.435546 0.410656 1 0.436973 0.410384 2 0.432784 0.425114 2 0.436411 0.427030 2 0.433813 0.443783 1 0.437948 0.449028 2 0.441101 0.455856 1 0.443561 0.465756 2 0.434455 0.459300 2 0.437724 0.460938 2 0.436251 0.491268 2 0.442762 0.494565 2 0.432146 0.517507 2 0.443600 0.527780 2
0 0.683780 0.468254 0.052083 0.150794 0.674666 0.420290 2 0.675531 0.417273 2 0.674156 0.417484 1 0.680075 0.415969 2 0.675846 0.416913 1 0.690743 0.429859 2 0.677732 0.431281 2 0.701135 0.446139 2 0.668635 0.440211 2 0.702171 0.467771 2 0.660197 0.446519 2 0.695529 0.468539 2 0.687111 0.468613 2 0.692552 0.495693 2 0.683000 0.496832 2 0.698994 0.513041 2 0.683840 0.520376 2
0 0.579613 0.370370 0.029762 0.126984 0.583037 0.329751 2 0.584460 0.327702 2 0.581992 0.327314 2 0.586566 0.328354 2 0.580004 0.327521 2 0.590417 0.341793 2 0.578748 0.341222 2 0.593110 0.358819 2 0.573703 0.348798 2 0.587609 0.364154 2 0.569345 0.354705 2 0.587647 0.375906 2 0.579025 0.375931 2 0.590324 0.395622 2 0.576671 0.401790 2 0.593119 0.406697 2 0.572849 0.422666 2
0 0.133929 0.369709 0.038690 0.128307 0.130154 0.325315 2 0.131614 0.322713 2 0.128932 0.322807 2 0.134174 0.319229 2 0.127109 0.319683 2 0.138050 0.327389 2 0.124754 0.329451 2 0.142879 0.344055 2 0.120811 0.346742 2 0.136165 0.347164 2 0.126219 0.347323 2 0.138800 0.362734 2 0.129981 0.364073 2 0.141351 0.388939 2 0.131183 0.391364 2 0.145631 0.413908 2 0.133133 0.417572 2
0 0.146577 0.344577 0.032738 0.109788 0.130010 0.325423 2 0.131628 0.323046 2 0.128727 0.322838 2 0.134099 0.320830 2 0.126520 0.320471 2 0.137746 0.328121 2 0.124955 0.329763 2 0.142791 0.342331 2 0.124326 0.345164 2 0.136865 0.346356 2 0.126191 0.347328 2 0.138809 0.362241 2 0.129826 0.363195 2 0.143032 0.388774 2 0.131055 0.390732 2 0.147774 0.411478 2 0.133024 0.416396 2
0 0.549479 0.203704 0.021577 0.079365 0.550085 0.172993 1 0.550429 0.171378 1 0.550761 0.171565 1 0.550608 0.172735 2 0.554052 0.172794 2 0.549155 0.182668 2 0.556105 0.183096 2 0.547185 0.195283 2 0.556807 0.195656 2 0.544899 0.205835 2 0.556275 0.204635 1 0.549192 0.205627 2 0.553721 0.205599 2 0.546784 0.221261 2 0.550773 0.222417 2 0.549805 0.237477 2 0.552030 0.238908 2
0 0.954613 0.306878 0.035714 0.124339 0.956266 0.263449 1 0.956608 0.260886 1 0.956988 0.261610 1 0.956722 0.261321 2 0.962445 0.262543 2 0.953705 0.274126 2 0.966364 0.276396 2 0.949045 0.292434 2 0.967984 0.294151 2 0.944729 0.306574 2 0.964875 0.298171 2 0.952123 0.310035 2 0.961163 0.310734 2 0.946850 0.331311 2 0.959528 0.334944 2 0.946695 0.357149 2 0.960222 0.359482 2
0 0.790923 0.276455 0.026786 0.105820 0.790001 0.239313 2 0.790103 0.237463 2 0.789202 0.237179 2 0.788941 0.238157 1 0.786206 0.237387 2 0.788037 0.248442 2 0.781598 0.246856 2 0.788979 0.263111 2 0.778709 0.261538 2 0.791611 0.271241 2 0.784835 0.269775 2 0.786170 0.270677 2 0.781645 0.271354 2 0.796757 0.278511 2 0.789922 0.279216 2 0.793715 0.299868 2 0.787715 0.300239 2
0 0.808036 0.271164 0.023810 0.095238 0.808076 0.238717 2 0.807949 0.237058 1 0.807574 0.236954 2 0.806475 0.237518 1 0.805503 0.237530 2 0.806525 0.244978 2 0.801348 0.247318 2 0.808925 0.258283 2 0.804770 0.262175 2 0.813084 0.266414 2 0.810745 0.270674 2 0.805888 0.267168 2 0.802224 0.270018 2 0.813402 0.272950 2 0.809627 0.280484 2 0.811790 0.291933 2 0.812246 0.301138 2
0 0.848214 0.876984 0.061012 0.232804 0.858557 0.798846 2 0.861839 0.794717 2 0.856174 0.793093 2 0.865650 0.796108 2 0.850874 0.791639 2 0.866914 0.822453 2 0.844497 0.816320 2 0.869085 0.856504 2 0.844036 0.849680 2 0.864378 0.874850 2 0.850953 0.870167 2 0.858082 0.881562 2 0.842535 0.877451 2 0.852396 0.924350 2 0.834923 0.916428 2 0.845757 0.965503 2 0.827186 0.958819 2
0 0.538318 0.325397 0.026042 0.108466 0.542584 0.360169 2 0.542896 0.357771 2 0.540583 0.357979 2 0.541919 0.359302 1 0.535403 0.360046 2 0.539016 0.371143 2 0.532132 0.371198 2 0.537996 0.384402 2 0.525736 0.388768 2 0.542059 0.392161 2 0.522936 0.399523 2 0.533418 0.399094 2 0.528477 0.399069 2 0.540785 0.395032 1 0.530483 0.391688 1 0.536574 0.399884 1 0.524149 0.393749 1
0 0.520833 0.300926 0.026786 0.099206 0.517040 0.261335 2 0.518232 0.259804 2 0.516590 0.259568 2 0.520644 0.260967 2 0.516407 0.260448 1 0.523529 0.271026 2 0.512999 0.270219 2 0.528656 0.277454 2 0.507669 0.276729 2 0.524354 0.283396 2 0.511020 0.282804 2 0.521007 0.300284 2 0.514380 0.299816 2 0.520754 0.322525 2 0.515015 0.321049 2 0.521421 0.345432 2 0.515391 0.342056 2
0 0.482515 0.167989 0.017113 0.063492 0.481013 0.151278 2 0.481429 0.149987 2 0.480781 0.149849 1 0.482613 0.149463 2 0.481837 0.149150 1 0.483265 0.153763 2 0.484634 0.154168 2 0.483725 0.162817 2 0.483633 0.159869 1 0.481782 0.167339 2 0.481105 0.164095 1 0.487523 0.163459 2 0.488758 0.163979 2 0.480929 0.172214 2 0.484362 0.176978 2 0.483891 0.183723 2 0.487124 0.190740 2
0 0.094494 0.312831 0.017857 0.070106 0.094211 0.294264 2 0.094725 0.292508 2 0.093207 0.292987 2 0.095406 0.292144 1 0.091443 0.293313 2 0.096812 0.297921 2 0.090812 0.300834 2 0.099902 0.303455 2 0.090805 0.310222 2 0.098868 0.305491 2 0.094398 0.308253 2 0.097563 0.314045 2 0.093631 0.315499 2 0.099505 0.320848 2 0.094718 0.321868 2 0.100360 0.333912 2 0.095849 0.334926 2
0 0.628348 0.138228 0.017113 0.070106 0.631739 0.116898 2 0.632303 0.115679 2 0.631090 0.115608 2 0.632773 0.116123 2 0.629871 0.115844 2 0.633614 0.123305 2 0.628024 0.122541 2 0.634279 0.132078 2 0.626159 0.130168 2 0.633261 0.134433 2 0.627798 0.130886 2 0.631532 0.141245 2 0.627806 0.140813 2 0.630551 0.154877 2 0.627003 0.154393 2 0.629614 0.167566 2 0.626296 0.167201 2
0 0.163318 0.150132 0.017113 0.035714 0.159232 0.143793 2 0.159212 0.143112 2 0.159220 0.142872 1 0.159994 0.142229 2 0.160359 0.141657 1 0.161875 0.143429 2 0.162170 0.143044 2 0.162778 0.148537 2 0.162597 0.148347 2 0.162038 0.151026 2 0.162180 0.150492 2 0.167195 0.147290 2 0.167323 0.147048 2 0.163383 0.152067 2 0.163568 0.151526 2 0.166800 0.154370 2 0.166926 0.153976 2
0 0.194568 0.142196 0.017113 0.054233 0.192178 0.125086 1 0.192189 0.124101 1 0.192422 0.123958 1 0.191894 0.124905 2 0.194675 0.124342 2 0.191534 0.131426 2 0.196310 0.130476 2 0.191202 0.139387 2 0.198405 0.137748 2 0.191597 0.146424 2 0.198880 0.144120 2 0.194216 0.146563 2 0.197659 0.146279 2 0.194244 0.157420 2 0.198719 0.157058 2 0.194562 0.168596 2 0.200240 0.167711 2
0 0.782366 0.187169 0.017113 0.062169 0.781811 0.164968 1 0.781824 0.163814 1 0.782331 0.163978 1 0.781154 0.164663 2 0.784734 0.164982 2 0.780154 0.171235 2 0.785524 0.171747 2 0.778213 0.176392 2 0.786013 0.178334 2 0.777947 0.174884 1 0.784460 0.179721 1 0.779325 0.186219 2 0.782790 0.186074 2 0.778800 0.196271 2 0.781361 0.195994 2 0.779064 0.205822 2 0.781014 0.205455 2
0 0.832217 0.175926 0.014137 0.055556 0.830342 0.156732 2 0.830961 0.155170 2 0.829838 0.155580 1 0.832240 0.156144 2 0.830787 0.156858 2 0.832073 0.163718 2 0.834557 0.163615 2 0.829114 0.164882 2 0.834370 0.163431 2 0.829899 0.157982 2 0.831528 0.157381 2 0.831874 0.181629 2 0.833454 0.180894 2 0.829959 0.191509 2 0.831878 0.190167 2 0.830809 0.199116 2 0.832057 0.200201 2
0 0.701265 0.136905 0.012649 0.048942 0.700830 0.124920 2 0.701220 0.124069 1 0.700435 0.124071 1 0.701773 0.124462 1 0.699926 0.124434 2 0.702369 0.129652 2 0.699072 0.129313 2 0.703069 0.135799 2 0.697959 0.135250 2 0.702300 0.140665 2 0.698001 0.140876 2 0.701335 0.141041 2 0.699107 0.140773 2 0.700875 0.148799 2 0.698248 0.148421 2 0.700352 0.156492 2 0.696994 0.155495 2
0 0.364955 0.128307 0.014137 0.060847 0.363528 0.108911 2 0.364103 0.107777 2 0.363452 0.107701 1 0.366091 0.108147 2 0.364332 0.108004 1 0.366879 0.114238 2 0.363987 0.113841 2 0.366713 0.120771 2 0.362534 0.120033 2 0.364192 0.124593 2 0.362220 0.125030 2 0.365846 0.126905 2 0.364243 0.126656 2 0.364057 0.134878 2 0.364370 0.135191 2 0.362541 0.144391 2 0.364469 0.143337 2
0 0.614583 0.264550 0.016369 0.063492 0.618248 0.243407 2 0.618719 0.242275 1 0.617642 0.242054 2 0.618671 0.243068 1 0.616315 0.242627 2 0.618433 0.250385 2 0.614894 0.249857 2 0.620868 0.257170 2 0.613594 0.257218 2 0.620390 0.257099 2 0.613875 0.263339 2 0.615865 0.265491 2 0.613867 0.265228 2 0.614629 0.276528 2 0.614067 0.276858 2 0.614106 0.288592 2 0.613545 0.288674 2
0 0.912946 0.297619 0.028274 0.103175 0.906088 0.262776 2 0.906650 0.260769 2 0.906193 0.260643 1 0.909242 0.260005 2 0.909218 0.259706 1 0.911499 0.268873 2 0.913339 0.267729 2 0.909640 0.285105 2 0.909056 0.281012 2 0.901688 0.281500 2 0.901567 0.282262 2 0.915419 0.294793 2 0.916899 0.293534 2 0.905084 0.310544 2 0.908982 0.310542 2 0.913027 0.326457 2 0.916482 0.326890 2
0 0.955729 0.272487 0.026042 0.103175 0.955791 0.263057 1 0.956123 0.260481 1 0.957006 0.261174 1 0.956368 0.261154 2 0.962643 0.262064 2 0.953203 0.274107 2 0.966006 0.276289 2 0.948701 0.293097 2 0.967388 0.292740 2 0.943877 0.307901 2 0.963463 0.295888 2 0.950909 0.310633 2 0.959433 0.311428 2 0.945946 0.332669 2 0.955095 0.337218 2 0.946468 0.343801 1 0.952962 0.343853 1
0 0.518973 0.099868 0.008185 0.035714 0.520475 0.092214 2 0.520829 0.091512 1 0.520111 0.091465 2 0.521209 0.091691 1 0.519423 0.091684 2 0.521746 0.095251 2 0.518147 0.095466 2 0.522439 0.098881 2 0.517070 0.099866 2 0.520573 0.099048 2 0.517729 0.103994 2 0.520908 0.103917 2 0.518608 0.104051 2 0.520994 0.109189 2 0.519013 0.109713 2 0.521356 0.114979 2 0.520126 0.115271 2
0 0.563244 0.230820 0.017857 0.078042 0.566098 0.199379 2 0.566801 0.197593 2 0.565158 0.197450 2 0.567072 0.198562 1 0.563527 0.198177 2 0.565807 0.206925 2 0.561791 0.207658 2 0.565581 0.218310 1 0.561151 0.221852 2 0.568421 0.218379 2 0.566703 0.221407 2 0.566131 0.231456 2 0.563251 0.232348 2 0.568291 0.249571 2 0.562365 0.251088 2 0.565318 0.268239 2 0.561824 0.269345 2
0 0.738467 0.134921 0.017113 0.052910 0.739593 0.113100 2 0.740160 0.112096 2 0.738983 0.111972 2 0.740852 0.112992 2 0.737857 0.112556 2 0.741552 0.119881 2 0.736000 0.119250 2 0.742100 0.128855 2 0.734317 0.128416 2 0.741914 0.135905 2 0.735602 0.135967 2 0.740032 0.135168 2 0.736322 0.134816 2 0.738990 0.147312 2 0.735179 0.146934 2 0.737303 0.159756 2 0.733430 0.159385 2
0 0.969122 0.269180 0.021577 0.093915 0.956248 0.263255 1 0.956452 0.260735 1 0.957400 0.261127 1 0.956736 0.261495 2 0.963021 0.262038 2 0.954939 0.274617 2 0.966295 0.275534 2 0.954613 0.291887 1 0.967827 0.291798 2 0.955631 0.296443 1 0.962961 0.292679 1 0.954613 0.311978 2 0.961838 0.311956 2 0.955499 0.332444 1 0.959588 0.333877 1 0.957868 0.334284 1 0.957490 0.334284 1
0 0.955729 0.174603 0.020089 0.063492 0.952993 0.154378 2 0.953102 0.152879 2 0.953257 0.153114 1 0.954829 0.152620 2 0.956254 0.153108 1 0.956212 0.158244 2 0.958414 0.158706 2 0.953094 0.160639 2 0.954863 0.162763 2 0.952949 0.156474 2 0.952814 0.157840 2 0.953491 0.177830 2 0.954938 0.176890 2 0.949679 0.189503 2 0.950517 0.188061 2 0.949825 0.202666 2 0.950414 0.203143 2
0 0.904762 0.184524 0.020833 0.046296 0.903378 0.174458 2 0.904129 0.172833 2 0.902641 0.172906 2 0.905250 0.173510 2 0.901849 0.173663 2 0.906410 0.179311 2 0.900866 0.179196 2 0.906396 0.187444 2 0.899572 0.186463 2 0.901819 0.190578 2 0.900360 0.188372 2 0.905242 0.191378 2 0.901509 0.190911 2 0.905272 0.190526 2 0.897254 0.190196 2 0.899642 0.196916 2 0.897882 0.196097 2
0 0.940476 0.193783 0.017857 0.035714 0.938313 0.182235 2 0.939100 0.180789 2 0.937639 0.180996 2 0.940513 0.181236 2 0.936802 0.181659 2 0.942511 0.187506 2 0.935649 0.187825 2 0.943171 0.194299 2 0.933179 0.194180 2 0.939440 0.197874 2 0.934236 0.195796 2 0.941101 0.200907 2 0.936598 0.200416 2 0.938005 0.197792 2 0.931815 0.196671 2 0.936005 0.206806 1 0.932597 0.205635 1
0 0.925967 0.189815 0.018601 0.035714 0.928597 0.179136 2 0.928720 0.177577 2 0.927818 0.177531 2 0.928551 0.177751 1 0.925803 0.177903 2 0.930075 0.184784 2 0.924009 0.184606 2 0.931705 0.193466 2 0.922454 0.193208 2 0.927912 0.194582 2 0.928483 0.195067 2 0.928453 0.201203 2 0.924044 0.200882 2 0.930187 0.201868 1 0.920655 0.201206 1 0.930439 0.205065 1 0.923413 0.204532 1
