0 0.284598 0.802249 0.033482 0.141534 0.281186 0.756430 1 0.281491 0.753872 1 0.282510 0.753285 1 0.283259 0.755092 2 0.290121 0.752603 2 0.283783 0.770563 2 0.295124 0.764695 2 0.281848 0.790564 2 0.298086 0.778704 1 0.281448 0.797195 2 0.294328 0.792206 1 0.287683 0.803632 2 0.294871 0.800943 2 0.289656 0.829664 2 0.292555 0.827077 2 0.293132 0.854589 2 0.293085 0.853389 2
0 0.283482 0.780423 0.029762 0.134921 0.279676 0.754808 1 0.280288 0.751845 1 0.281314 0.751566 1 0.282986 0.755180 2 0.289375 0.753285 1 0.286022 0.777836 2 0.293344 0.774417 2 0.285931 0.813196 2 0.289667 0.808104 2 0.289366 0.846286 2 0.290014 0.842506 1 0.289761 0.840016 2 0.294149 0.837454 2 0.286055 0.870180 1 0.285177 0.865043 1 0.292248 0.861026 1 0.284816 0.860831 1
0 0.469122 0.913360 0.048363 0.149471 0.469973 0.867155 2 0.472052 0.863261 2 0.467808 0.863267 2 0.474431 0.862102 2 0.463210 0.861410 2 0.475974 0.882974 2 0.456159 0.882005 2 0.482315 0.904623 2 0.449814 0.911120 2 0.486609 0.929647 2 0.449575 0.939402 2 0.474943 0.938351 2 0.461868 0.938014 2 0.474633 0.979531 2 0.460935 0.973864 2 0.472269 0.994903 2 0.455815 0.980793 2
0 0.314732 0.564153 0.014881 0.067460 0.316826 0.544157 1 0.317035 0.542968 1 0.317334 0.542764 1 0.317492 0.543222 2 0.319944 0.542627 2 0.317281 0.549928 2 0.319992 0.549005 2 0.314928 0.558665 2 0.317380 0.557922 1 0.314252 0.560670 2 0.314948 0.562561 1 0.318318 0.568460 2 0.320107 0.568015 2 0.318697 0.582137 2 0.319348 0.581887 2 0.320857 0.596490 2 0.320445 0.596079 2
0 0.309896 0.555556 0.014137 0.089947 0.310810 0.524472 2 0.311515 0.522994 2 0.309898 0.522931 2 0.311833 0.523854 1 0.308430 0.523565 2 0.310882 0.531544 2 0.308589 0.531703 2 0.313059 0.540120 1 0.310433 0.540951 2 0.313588 0.536821 1 0.312941 0.538708 2 0.310976 0.552120 2 0.309630 0.552576 2 0.312384 0.569394 2 0.313205 0.570365 2 0.311098 0.588606 2 0.312006 0.589500 2
0 0.329985 0.560185 0.015625 0.064815 0.327496 0.539208 1 0.327418 0.538044 1 0.327828 0.538001 1 0.326605 0.538938 2 0.329901 0.538692 2 0.326147 0.546113 2 0.331457 0.546240 2 0.325644 0.553358 2 0.333337 0.554356 2 0.325777 0.559711 2 0.332978 0.558531 2 0.327680 0.560990 2 0.331224 0.560983 2 0.328885 0.572972 2 0.331236 0.572385 2 0.329693 0.584500 2 0.331467 0.584560 2
0 0.332589 0.479497 0.014881 0.051587 0.332041 0.463898 1 0.331954 0.463042 1 0.332229 0.462884 1 0.331295 0.464204 2 0.333991 0.463533 2 0.331186 0.470659 2 0.335945 0.468992 2 0.330555 0.476937 2 0.338053 0.472223 2 0.331412 0.477712 2 0.337105 0.471479 1 0.333300 0.483639 2 0.336439 0.483028 2 0.334214 0.492592 2 0.336859 0.491731 2 0.334101 0.500761 2 0.337014 0.500882 2
0 0.398065 0.528439 0.029762 0.059524 0.401317 0.514527 2 0.402176 0.512306 2 0.400253 0.513120 2 0.404541 0.510620 2 0.399766 0.512190 1 0.406126 0.517261 2 0.401300 0.517738 2 0.399065 0.526221 2 0.397153 0.524723 2 0.392121 0.530454 2 0.392203 0.530140 2 0.409319 0.539837 2 0.405493 0.539063 2 0.397465 0.531528 2 0.394131 0.530694 2 0.396474 0.551783 2 0.391269 0.549944 2
0 0.466518 0.439153 0.019345 0.084656 0.466349 0.411167 1 0.466390 0.409632 1 0.466896 0.409585 1 0.465871 0.410694 2 0.469830 0.410270 2 0.465164 0.420074 2 0.471738 0.419085 2 0.464615 0.431505 2 0.473389 0.428661 2 0.464432 0.437136 1 0.473567 0.435648 1 0.466912 0.439629 2 0.471396 0.439289 2 0.466971 0.456290 2 0.471005 0.457425 2 0.467405 0.472819 2 0.470665 0.475066 2
0 0.385045 0.497354 0.023065 0.039683 0.385479 0.491609 2 0.386437 0.490041 2 0.384619 0.490238 2 0.388310 0.489866 2 0.383899 0.490176 1 0.389782 0.495821 2 0.385035 0.495143 2 0.389355 0.505867 2 0.382592 0.502771 2 0.385211 0.502247 2 0.381254 0.502856 2 0.394621 0.511223 2 0.391624 0.510608 2 0.385428 0.502768 2 0.384787 0.502528 2 0.387764 0.514959 2 0.387466 0.513912 2
0 0.390997 0.488757 0.018601 0.038360 0.385621 0.491440 2 0.386599 0.489894 2 0.384802 0.490216 2 0.388382 0.489874 2 0.383880 0.490560 2 0.389947 0.495024 2 0.383882 0.496517 2 0.388328 0.502633 2 0.382037 0.503941 2 0.384876 0.501726 2 0.382924 0.503164 2 0.394122 0.509507 2 0.389979 0.510348 2 0.387387 0.503640 1 0.384869 0.505592 1 0.389553 0.511367 1 0.387913 0.513862 1
0 0.393229 0.470899 0.021577 0.039683 0.385609 0.490759 2 0.386584 0.489270 2 0.384778 0.489429 2 0.388297 0.489402 2 0.383830 0.489771 2 0.390707 0.495432 2 0.382974 0.495217 2 0.393750 0.497933 1 0.381159 0.497805 1 0.390866 0.497933 1 0.382278 0.497727 1 0.389433 0.497933 1 0.384646 0.497933 1 0.388264 0.495446 1 0.384132 0.494865 1 0.387423 0.496604 1 0.385987 0.497012 1
0 0.513393 0.478836 0.028274 0.087302 0.510412 0.449443 2 0.511532 0.447474 2 0.509459 0.447664 2 0.513473 0.448082 2 0.508443 0.448659 2 0.516267 0.456241 2 0.506336 0.457179 2 0.520081 0.465203 2 0.504815 0.468505 2 0.522204 0.477375 2 0.504598 0.479382 2 0.517495 0.481691 2 0.510499 0.482300 2 0.521405 0.499536 2 0.507521 0.498926 2 0.524640 0.518809 2 0.512986 0.515466 2
0 0.484747 0.479497 0.017113 0.088624 0.484304 0.448464 2 0.485163 0.446203 2 0.483097 0.447244 2 0.487225 0.446937 2 0.482202 0.449373 2 0.490052 0.458478 2 0.481671 0.459146 2 0.491764 0.469259 2 0.483216 0.468461 2 0.489220 0.470668 2 0.487607 0.469332 2 0.488992 0.483077 2 0.483268 0.482954 2 0.488420 0.500838 2 0.484225 0.498977 2 0.488391 0.518683 2 0.485457 0.512205 2
0 0.438244 0.350529 0.014881 0.066138 0.430186 0.364468 2 0.430827 0.363058 2 0.429764 0.363331 1 0.432999 0.362765 2 0.430201 0.363496 1 0.435378 0.369044 2 0.430838 0.369631 2 0.436501 0.376786 2 0.430047 0.377675 2 0.434778 0.384028 2 0.430386 0.384270 1 0.435042 0.386579 2 0.432033 0.386356 2 0.432912 0.395381 2 0.430846 0.394446 1 0.433814 0.395259 1 0.431054 0.393833 1
0 0.568452 0.343254 0.013393 0.064815 0.569872 0.319661 2 0.570516 0.318469 2 0.569205 0.318585 2 0.571503 0.318290 2 0.568088 0.318512 2 0.573219 0.324130 2 0.566586 0.324760 2 0.574574 0.332186 2 0.565193 0.332847 2 0.573889 0.338651 2 0.565850 0.338624 2 0.572331 0.338347 2 0.567835 0.338673 2 0.572737 0.346338 2 0.567397 0.347029 2 0.572295 0.356634 2 0.566059 0.358225 2
0 0.432292 0.382275 0.017857 0.058201 0.430491 0.365389 2 0.431340 0.363633 2 0.429951 0.364036 2 0.433752 0.362832 2 0.430008 0.363759 1 0.435880 0.369424 2 0.430642 0.369459 2 0.436539 0.378128 2 0.429594 0.377221 2 0.434074 0.385852 2 0.429228 0.384723 2 0.435236 0.386503 2 0.431647 0.385904 2 0.433293 0.398286 2 0.429250 0.396519 2 0.434472 0.409345 2 0.430524 0.406410 2
0 0.419643 0.394841 0.014881 0.048942 0.423704 0.367600 2 0.424039 0.366680 2 0.423954 0.366621 1 0.425350 0.367019 2 0.425402 0.366887 1 0.426841 0.372175 2 0.425142 0.371920 2 0.425828 0.379537 2 0.423461 0.378946 2 0.422941 0.383615 2 0.421739 0.383725 2 0.426656 0.386966 2 0.425311 0.386661 2 0.426116 0.397261 2 0.424625 0.396990 2 0.428681 0.406318 2 0.427369 0.406224 2
0 0.422619 0.384259 0.010417 0.056878 0.424003 0.367492 2 0.424324 0.366533 2 0.423965 0.366547 1 0.425474 0.366604 2 0.424774 0.366739 1 0.426654 0.371700 2 0.424677 0.371425 2 0.425997 0.379366 2 0.423222 0.378328 2 0.422501 0.383131 2 0.421692 0.383065 2 0.426244 0.386523 2 0.424852 0.386281 2 0.425882 0.397182 2 0.424848 0.397153 2 0.428105 0.407035 2 0.426946 0.406215 2
0 0.348958 0.490741 0.013393 0.055556 0.345060 0.474555 1 0.344985 0.473297 1 0.345401 0.472909 1 0.345643 0.473176 2 0.348568 0.471952 2 0.346936 0.479988 2 0.351698 0.477032 2 0.346768 0.488703 2 0.356458 0.481223 2 0.346349 0.494785 2 0.353880 0.486728 2 0.350419 0.496466 2 0.353345 0.495063 2 0.351160 0.507411 2 0.352677 0.506846 2 0.351427 0.518537 2 0.353490 0.518837 2
