0 0.242188 0.525132 0.004464 0.025132 0.241476 0.516686 1 0.241496 0.516230 1 0.241614 0.516220 1 0.241207 0.516474 2 0.242319 0.516400 2 0.240858 0.519085 2 0.242857 0.519202 2 0.240164 0.522245 2 0.243741 0.522204 2 0.240124 0.524372 2 0.244027 0.525127 2 0.241406 0.525212 2 0.242639 0.525344 2 0.241557 0.528997 2 0.242155 0.529698 2 0.242335 0.531977 2 0.242678 0.533389 2
0 0.245536 0.857474 0.010417 0.025794 0.246895 0.848114 1 0.246662 0.847447 1 0.246939 0.847534 1 0.245000 0.847556 2 0.247083 0.847935 2 0.243363 0.850820 2 0.247372 0.851649 2 0.242075 0.853580 2 0.249101 0.855998 2 0.243496 0.851550 1 0.250407 0.853898 2 0.243502 0.862028 2 0.246251 0.862437 2 0.245283 0.860890 2 0.249199 0.860464 2 0.244402 0.869720 2 0.248407 0.869098 2
0 0.575335 0.927249 0.010789 0.027778 0.573955 0.916382 1 0.573960 0.915724 1 0.574152 0.915873 1 0.573174 0.916259 2 0.575415 0.916273 2 0.571440 0.920890 2 0.577021 0.920086 2 0.570145 0.926185 2 0.578320 0.923312 2 0.570046 0.930468 1 0.577933 0.924349 1 0.572285 0.932873 2 0.576307 0.932516 2 0.570487 0.931252 2 0.576670 0.930404 2 0.570731 0.940212 2 0.576372 0.938283 2
0 0.530134 0.480489 0.005208 0.015212 0.531624 0.477488 1 0.531621 0.477059 1 0.531726 0.477149 1 0.531145 0.477223 2 0.532172 0.477429 2 0.530309 0.479567 2 0.532396 0.479846 2 0.529471 0.482276 2 0.532856 0.482642 2 0.529791 0.484809 1 0.532608 0.485340 2 0.530149 0.486320 2 0.531466 0.486449 2 0.530374 0.490432 1 0.531293 0.490682 1 0.530465 0.490619 1 0.530910 0.490586 1
0 0.517857 0.422619 0.005208 0.014550 0.517500 0.425246 2 0.518238 0.424096 2 0.517022 0.424213 2 0.519531 0.424603 2 0.516458 0.424790 1 0.520570 0.430505 2 0.515467 0.430282 2 0.521152 0.432416 1 0.514809 0.432205 1 0.519308 0.430812 1 0.515797 0.431048 1 0.519718 0.432416 1 0.516478 0.432416 1 0.519028 0.430219 1 0.516504 0.429410 1 0.518013 0.429936 1 0.517963 0.428906 1
0 0.806548 0.530093 0.005952 0.024471 0.806485 0.519148 1 0.806500 0.518621 1 0.806653 0.518653 1 0.806599 0.518743 2 0.807737 0.518697 2 0.806680 0.521544 2 0.808458 0.521495 2 0.806170 0.524609 2 0.808957 0.524907 2 0.804823 0.526062 2 0.808434 0.527516 2 0.806459 0.528372 2 0.807610 0.528161 2 0.805842 0.532867 2 0.806768 0.532708 2 0.805972 0.537230 2 0.806646 0.537351 2
0 0.832589 0.543981 0.006696 0.024471 0.833218 0.532526 1 0.833209 0.532014 1 0.833380 0.532105 1 0.832753 0.532268 2 0.834106 0.532453 2 0.832132 0.534951 2 0.834601 0.535514 2 0.830844 0.538161 2 0.835085 0.539081 2 0.829925 0.539783 2 0.834971 0.541595 1 0.832117 0.542712 2 0.833750 0.542934 2 0.830954 0.544186 2 0.832847 0.544777 2 0.831167 0.545886 1 0.832975 0.546663 1
0 0.719494 0.370040 0.004464 0.017857 0.720152 0.364033 2 0.720302 0.363747 1 0.720016 0.363718 1 0.720448 0.363933 1 0.719844 0.363872 2 0.720728 0.365573 2 0.719488 0.365613 2 0.721458 0.366898 2 0.718939 0.367237 2 0.720734 0.366581 2 0.719117 0.368136 2 0.720444 0.369506 2 0.719725 0.369506 2 0.720187 0.372610 2 0.719884 0.372729 2 0.720065 0.375875 2 0.719987 0.375997 2
0 0.622582 0.339947 0.004092 0.015873 0.622742 0.333960 1 0.622856 0.333664 1 0.622625 0.333704 1 0.623122 0.333591 1 0.622572 0.333681 1 0.623596 0.334892 2 0.622515 0.334928 2 0.624053 0.336623 2 0.622148 0.336395 2 0.624049 0.338124 2 0.622141 0.337877 2 0.623516 0.338630 2 0.622774 0.338636 2 0.623689 0.341267 2 0.622747 0.341358 2 0.624121 0.343755 2 0.622776 0.344074 2
0 0.978237 0.686839 0.007068 0.031085 0.978803 0.674167 1 0.978911 0.673527 1 0.979085 0.673532 1 0.979487 0.673799 2 0.980446 0.673680 1 0.979832 0.677229 2 0.980753 0.677031 2 0.979044 0.681552 2 0.980152 0.681418 1 0.977504 0.681689 2 0.978705 0.682319 1 0.979701 0.685155 2 0.980292 0.684912 2 0.979139 0.690206 2 0.979309 0.690099 2 0.978909 0.695330 2 0.979132 0.695205 2
0 0.990141 0.685847 0.008557 0.034392 0.989634 0.672119 1 0.989822 0.671456 1 0.990129 0.671610 1 0.990429 0.672151 2 0.992011 0.672294 1 0.989936 0.676109 2 0.992696 0.676369 2 0.988989 0.680738 2 0.993258 0.681534 2 0.988242 0.684115 2 0.993280 0.685938 2 0.989433 0.684927 2 0.991106 0.684788 2 0.988316 0.689927 2 0.989127 0.689884 2 0.989146 0.696013 2 0.989124 0.695636 2
0 0.760789 0.408069 0.006696 0.018519 0.762174 0.402823 1 0.762046 0.402444 1 0.762183 0.402464 1 0.761287 0.402445 1 0.762145 0.402559 2 0.760822 0.404297 2 0.762099 0.404402 2 0.760543 0.406829 2 0.762470 0.406741 2 0.760739 0.408974 1 0.762689 0.408076 2 0.760894 0.409055 2 0.761769 0.409131 2 0.761028 0.412186 2 0.761911 0.412221 2 0.760869 0.414965 2 0.761832 0.414950 2
0 0.744978 0.404101 0.005580 0.021164 0.746143 0.398108 1 0.746047 0.397745 1 0.746080 0.397740 1 0.745529 0.397812 1 0.745790 0.397849 2 0.745370 0.399683 2 0.745519 0.399774 2 0.745542 0.402064 1 0.745463 0.402165 2 0.745832 0.403886 1 0.745698 0.403951 2 0.745353 0.404276 2 0.745471 0.404340 2 0.745196 0.407409 2 0.745100 0.407577 2 0.744839 0.410583 2 0.744634 0.410868 2
0 0.603237 0.747685 0.010789 0.031085 0.603619 0.737716 2 0.603881 0.737187 1 0.603348 0.737220 1 0.604366 0.736277 2 0.603018 0.736338 1 0.605411 0.737067 2 0.602221 0.736761 2 0.606272 0.740917 2 0.601780 0.741327 2 0.605139 0.742675 2 0.602711 0.742539 2 0.605163 0.745029 2 0.602804 0.744652 2 0.606093 0.751456 2 0.601317 0.749512 2 0.606187 0.759401 2 0.601487 0.756056 2
0 0.614769 0.719907 0.008557 0.029762 0.618161 0.707424 2 0.618156 0.706855 1 0.618100 0.706754 2 0.617569 0.706532 1 0.617525 0.706311 2 0.617490 0.709493 2 0.615703 0.709065 2 0.617885 0.714202 2 0.614280 0.713365 2 0.618035 0.718747 2 0.614363 0.718699 2 0.616928 0.718391 2 0.615828 0.718356 2 0.616790 0.724331 2 0.615738 0.724533 2 0.616292 0.729913 2 0.615674 0.729723 2
