0 0.120536 0.898148 0.035714 0.119048 0.114784 0.856405 1 0.114003 0.854307 1 0.115296 0.853975 1 0.109896 0.856775 2 0.118443 0.855902 2 0.107980 0.872745 2 0.120953 0.869238 2 0.105939 0.891307 2 0.126902 0.881533 2 0.108285 0.906669 2 0.125527 0.884604 1 0.114857 0.900969 2 0.123739 0.899650 2 0.117656 0.922632 2 0.126143 0.918974 2 0.118078 0.945779 2 0.129623 0.939421 2
0 0.100074 0.863757 0.026042 0.150794 0.107813 0.808032 2 0.107893 0.805063 2 0.106343 0.805505 2 0.106259 0.804765 1 0.101255 0.805918 2 0.106811 0.816588 2 0.096035 0.822558 2 0.110156 0.832836 1 0.096461 0.848411 2 0.112528 0.851771 1 0.101153 0.868930 2 0.109498 0.857408 2 0.102500 0.861478 2 0.111743 0.889672 2 0.106601 0.893696 2 0.111425 0.922996 2 0.107650 0.926466 2
0 0.123512 0.877646 0.029762 0.104497 0.115593 0.856022 1 0.114823 0.853734 1 0.116017 0.853233 1 0.110696 0.856079 2 0.118095 0.854731 2 0.108756 0.873319 2 0.120632 0.869358 2 0.107249 0.894402 2 0.126188 0.886013 2 0.108758 0.911659 2 0.128446 0.897266 2 0.115007 0.901515 2 0.123226 0.899874 2 0.117506 0.921634 2 0.126616 0.916962 2 0.118493 0.944437 2 0.129570 0.939283 2
0 0.259673 0.634259 0.017857 0.072751 0.265937 0.609584 1 0.265010 0.607822 1 0.265790 0.607970 1 0.260762 0.608071 1 0.264580 0.608955 2 0.258714 0.616406 2 0.264287 0.618384 2 0.259307 0.625098 1 0.265337 0.629435 2 0.263391 0.628953 1 0.267408 0.632171 2 0.258952 0.636399 2 0.263031 0.637291 2 0.260322 0.648950 2 0.264562 0.649253 2 0.258825 0.661433 2 0.264074 0.663301 2
0 0.245908 0.852513 0.052827 0.101852 0.256332 0.801947 2 0.257540 0.798075 2 0.255046 0.798031 2 0.262522 0.795086 2 0.257826 0.794640 1 0.262627 0.809311 2 0.266397 0.804073 2 0.248805 0.820256 2 0.253338 0.813702 2 0.240355 0.827380 2 0.241639 0.826579 2 0.269848 0.852521 2 0.273276 0.847218 2 0.247323 0.831327 2 0.257182 0.817613 2 0.249843 0.868995 2 0.258315 0.851556 2
0 0.472470 0.463624 0.017857 0.096561 0.470620 0.419272 1 0.470427 0.417469 1 0.471110 0.417350 1 0.468615 0.419493 2 0.473814 0.419110 2 0.467464 0.431160 2 0.475939 0.431670 2 0.466866 0.446161 2 0.478301 0.445642 2 0.466358 0.459243 2 0.477420 0.456322 2 0.469103 0.457084 2 0.474893 0.457601 2 0.469504 0.476313 2 0.474383 0.479292 2 0.469604 0.494341 2 0.474007 0.500353 2
0 0.264509 0.734127 0.036458 0.066138 0.263930 0.713266 2 0.264643 0.710770 2 0.263687 0.711235 1 0.268473 0.710518 2 0.267056 0.711068 1 0.270536 0.718989 2 0.272855 0.717936 2 0.261162 0.725993 2 0.265854 0.721950 1 0.256551 0.728352 2 0.260953 0.724135 1 0.279194 0.746506 2 0.280611 0.745004 2 0.263704 0.732494 2 0.267843 0.729568 2 0.270239 0.752500 2 0.274222 0.750925 2
0 0.273438 0.701720 0.027530 0.059524 0.263719 0.714002 2 0.264614 0.711165 2 0.263466 0.712253 1 0.269109 0.710476 2 0.267454 0.712487 1 0.270769 0.718282 2 0.274246 0.720820 2 0.262831 0.724406 2 0.269664 0.728073 1 0.258587 0.725723 2 0.259015 0.727295 1 0.275828 0.740127 2 0.277919 0.739269 2 0.260755 0.733270 2 0.262819 0.731989 1 0.261458 0.741294 2 0.263067 0.741294 1
0 0.287202 0.687169 0.035714 0.070106 0.263822 0.714882 2 0.264805 0.711786 2 0.262936 0.712710 1 0.268542 0.710084 2 0.265332 0.711702 1 0.269894 0.720166 2 0.272992 0.718606 2 0.262649 0.730180 1 0.269165 0.725962 1 0.263420 0.723106 1 0.264564 0.723488 1 0.278102 0.735450 1 0.279868 0.735450 1 0.264412 0.732769 1 0.267477 0.726866 1 0.269931 0.735450 1 0.270346 0.732950 1
0 0.420759 0.427910 0.020089 0.088624 0.426844 0.392400 1 0.426285 0.390545 1 0.426773 0.390854 1 0.421943 0.390722 2 0.426657 0.391599 2 0.418867 0.399580 2 0.426730 0.400984 2 0.416831 0.413006 2 0.427474 0.413826 2 0.416609 0.423529 2 0.426766 0.419248 2 0.419079 0.424374 2 0.425041 0.425379 2 0.418214 0.443177 2 0.427690 0.444573 2 0.416417 0.461277 2 0.428436 0.462661 2
0 0.435268 0.414021 0.017857 0.084656 0.434046 0.383818 1 0.433953 0.382299 1 0.434406 0.382262 1 0.432821 0.383536 2 0.436757 0.383287 2 0.431619 0.393599 2 0.439400 0.392657 2 0.430598 0.405501 2 0.442033 0.403477 2 0.432753 0.412824 2 0.439962 0.412189 2 0.433967 0.417423 2 0.438843 0.416680 2 0.435607 0.436789 2 0.437710 0.435595 2 0.437157 0.454739 2 0.436498 0.454221 2
0 0.476935 0.398148 0.019345 0.071429 0.476787 0.373155 2 0.477755 0.371509 2 0.475960 0.371475 2 0.479132 0.371145 2 0.474739 0.370997 2 0.481326 0.379712 2 0.472520 0.378905 2 0.483487 0.392761 2 0.470337 0.390240 2 0.482060 0.403257 2 0.470029 0.402896 2 0.478650 0.406348 2 0.472747 0.405785 2 0.478798 0.425639 2 0.472287 0.424724 2 0.479093 0.441672 2 0.472424 0.440820 2
0 0.486607 0.390212 0.017857 0.079365 0.487767 0.360864 2 0.488528 0.359465 2 0.486932 0.359573 2 0.489720 0.360006 2 0.485582 0.360147 2 0.491269 0.367895 2 0.483913 0.367651 2 0.493109 0.376622 2 0.482072 0.376605 2 0.491246 0.382378 2 0.485355 0.381046 2 0.490158 0.386975 2 0.485127 0.386810 2 0.490142 0.401967 2 0.484236 0.400909 2 0.490421 0.416966 2 0.483242 0.414848 2
0 0.536086 0.400132 0.020089 0.085979 0.537323 0.367788 2 0.538506 0.366473 2 0.536652 0.366149 2 0.540451 0.367153 2 0.535908 0.366518 2 0.543129 0.374162 2 0.534228 0.375069 2 0.545754 0.382938 2 0.531772 0.384131 2 0.546165 0.393793 2 0.531135 0.393856 2 0.541213 0.396927 2 0.535602 0.397477 2 0.540808 0.411396 2 0.536551 0.413321 2 0.539160 0.421574 2 0.537263 0.427378 2
0 0.530134 0.355159 0.018601 0.080688 0.537645 0.367849 2 0.538709 0.366372 2 0.536848 0.366353 2 0.540602 0.366876 2 0.535884 0.366964 2 0.542671 0.375696 2 0.533955 0.375613 2 0.543155 0.387626 1 0.531878 0.385890 2 0.543155 0.399490 1 0.530518 0.395608 2 0.541543 0.400174 2 0.535719 0.400154 2 0.541551 0.411066 1 0.536329 0.411066 2 0.542275 0.411066 1 0.536463 0.411066 1
0 0.434896 0.255952 0.012649 0.048942 0.436129 0.240251 2 0.436561 0.239176 2 0.435652 0.239344 2 0.437461 0.238848 2 0.435311 0.239303 2 0.439014 0.243763 2 0.435151 0.244322 2 0.440978 0.250981 2 0.434060 0.251531 2 0.438950 0.256118 2 0.434778 0.257155 2 0.438625 0.257798 2 0.436332 0.257906 2 0.438211 0.267783 2 0.437018 0.268008 2 0.438324 0.276255 2 0.437614 0.276466 2
0 0.319196 0.611111 0.025298 0.111111 0.320536 0.571955 2 0.322076 0.569769 2 0.319569 0.569529 2 0.325422 0.569017 2 0.318820 0.568681 1 0.329196 0.577766 2 0.316715 0.577559 2 0.331834 0.591453 2 0.313386 0.591020 2 0.331044 0.606741 2 0.312517 0.604981 2 0.326089 0.609113 2 0.317803 0.608722 2 0.326436 0.630556 2 0.317591 0.629833 2 0.326979 0.651212 2 0.318860 0.651516 2
0 0.307664 0.638889 0.020089 0.082011 0.311049 0.610054 2 0.311898 0.608588 2 0.310593 0.608652 1 0.314155 0.608932 2 0.310567 0.609183 1 0.317334 0.617092 2 0.308950 0.618137 2 0.320851 0.625922 2 0.307675 0.628778 2 0.320220 0.627049 2 0.308144 0.638740 2 0.317131 0.638788 2 0.311190 0.639348 2 0.318051 0.654740 2 0.310767 0.656296 2 0.319316 0.668659 2 0.308987 0.670309 2
0 0.301711 0.617063 0.015625 0.078042 0.297597 0.591614 2 0.298295 0.589879 2 0.297416 0.589908 1 0.301494 0.589514 2 0.298839 0.589725 1 0.305914 0.597685 2 0.297919 0.597457 2 0.309479 0.608273 2 0.295624 0.605679 2 0.307872 0.617773 2 0.298040 0.611821 2 0.305682 0.620906 2 0.300738 0.620800 2 0.305346 0.637675 2 0.302241 0.638676 2 0.305795 0.652690 2 0.304270 0.653748 2
0 0.297247 0.537698 0.020089 0.088624 0.294740 0.506452 1 0.294775 0.504694 1 0.295204 0.504521 1 0.294285 0.505912 2 0.298915 0.505004 2 0.293497 0.517250 2 0.301680 0.515234 2 0.290916 0.529313 2 0.303593 0.527781 2 0.289591 0.537847 2 0.302731 0.539710 2 0.295834 0.539769 2 0.301497 0.538673 2 0.296312 0.557214 2 0.302500 0.554313 2 0.296280 0.574100 2 0.303162 0.570810 2
0 0.223586 0.699074 0.023065 0.093915 0.220391 0.662816 1 0.220718 0.661087 1 0.221070 0.660585 1 0.222087 0.662756 2 0.226061 0.661080 1 0.221646 0.674197 2 0.228903 0.670662 2 0.220931 0.685959 2 0.232841 0.678978 2 0.225117 0.689409 1 0.235078 0.686183 2 0.225863 0.696696 2 0.230898 0.695463 2 0.226793 0.713124 2 0.232623 0.712360 2 0.226410 0.733885 2 0.234285 0.731937 2
0 0.233259 0.633598 0.024554 0.087302 0.232980 0.601214 2 0.234011 0.599476 2 0.231806 0.599927 2 0.235834 0.599926 2 0.230454 0.600967 2 0.238110 0.607924 2 0.229315 0.608561 2 0.240607 0.615340 2 0.226442 0.613737 2 0.240348 0.619618 2 0.227561 0.612203 1 0.239537 0.627948 2 0.233811 0.628858 2 0.240706 0.643195 2 0.235661 0.644440 2 0.242599 0.658344 2 0.237411 0.657922 2
0 0.251116 0.560847 0.024554 0.079365 0.246293 0.535668 1 0.245962 0.534304 1 0.246337 0.532801 1 0.245076 0.533327 2 0.248585 0.528888 2 0.246357 0.540267 2 0.254301 0.530042 2 0.250381 0.555393 2 0.259441 0.533047 2 0.251917 0.567025 2 0.259645 0.543680 2 0.256367 0.555613 2 0.262022 0.551195 2 0.255760 0.578685 2 0.262469 0.571782 2 0.256591 0.599245 2 0.262700 0.594686 2
0 0.271205 0.533069 0.023065 0.103175 0.266853 0.498846 2 0.267164 0.496358 2 0.266016 0.497040 2 0.269831 0.493264 2 0.266919 0.495251 1 0.274136 0.500830 2 0.270223 0.501337 2 0.276275 0.516325 2 0.271344 0.514419 1 0.274447 0.530174 2 0.270834 0.527548 1 0.275321 0.525381 2 0.273037 0.525308 2 0.276260 0.546145 2 0.274793 0.546136 2 0.277504 0.569620 2 0.277166 0.567723 2
