0 0.958705 0.292328 0.026042 0.095238 0.968067 0.254737 1 0.967374 0.252419 1 0.967808 0.252746 1 0.962101 0.251994 1 0.966480 0.253465 2 0.956847 0.260202 2 0.965394 0.264040 2 0.953827 0.270141 2 0.966436 0.278650 2 0.959815 0.270544 1 0.968113 0.277029 2 0.954785 0.286291 2 0.961167 0.288004 2 0.954056 0.308703 2 0.963485 0.310722 2 0.949151 0.329316 2 0.961699 0.331272 2
0 0.185268 0.107804 0.016369 0.048942 0.189518 0.114567 1 0.189546 0.113463 1 0.189933 0.113516 1 0.189362 0.114306 2 0.192344 0.114027 2 0.188949 0.119956 2 0.194198 0.120271 2 0.184429 0.122585 2 0.195988 0.125931 2 0.179428 0.121014 2 0.195011 0.125975 1 0.191343 0.136202 2 0.194408 0.136173 2 0.190365 0.141038 1 0.194129 0.141038 1 0.190281 0.140689 1 0.194473 0.140070 1
0 0.540551 0.434524 0.031994 0.144180 0.541601 0.375789 2 0.543280 0.373794 2 0.542131 0.373506 1 0.547645 0.377077 2 0.544128 0.375837 1 0.552141 0.394017 2 0.543636 0.390757 2 0.554151 0.415786 2 0.544518 0.412056 2 0.547388 0.429862 2 0.543095 0.426777 2 0.552100 0.433855 2 0.544954 0.431092 2 0.552665 0.464337 2 0.539784 0.454654 2 0.557409 0.490450 2 0.538847 0.478897 2
0 0.774182 0.351852 0.033482 0.121693 0.779430 0.303151 2 0.781114 0.301056 2 0.778439 0.300303 2 0.783313 0.301264 2 0.776897 0.299450 2 0.786073 0.312193 2 0.774013 0.310564 2 0.789128 0.329714 2 0.769396 0.325536 2 0.790306 0.346537 2 0.764366 0.342079 2 0.779507 0.346236 2 0.772044 0.344860 2 0.776911 0.371918 2 0.769935 0.371775 2 0.772030 0.393958 2 0.769528 0.399135 2
0 0.668527 0.181217 0.017113 0.068783 0.668841 0.154870 1 0.669019 0.153509 1 0.669299 0.153806 1 0.668454 0.154438 2 0.671879 0.154715 2 0.666632 0.161744 2 0.673494 0.162199 2 0.664453 0.170310 2 0.675146 0.170891 2 0.663283 0.175281 2 0.672962 0.175568 2 0.666884 0.180234 2 0.671624 0.180425 2 0.666139 0.195918 2 0.671523 0.196283 2 0.665778 0.211534 2 0.671365 0.211139 2
0 0.656994 0.456349 0.031250 0.164021 0.651989 0.387068 2 0.653278 0.384285 2 0.653117 0.384666 1 0.657517 0.388679 2 0.659804 0.388701 1 0.655232 0.409486 2 0.663956 0.407259 2 0.650776 0.433179 2 0.667099 0.431769 2 0.646315 0.429366 2 0.665979 0.447487 2 0.653536 0.451709 2 0.659512 0.450099 2 0.651553 0.482776 2 0.658916 0.481223 2 0.652053 0.518205 2 0.660612 0.512097 2
0 0.354911 0.458995 0.029762 0.145503 0.353902 0.404059 1 0.352581 0.401542 1 0.353641 0.401487 1 0.345903 0.403970 2 0.353513 0.404280 2 0.342439 0.421268 2 0.356027 0.421133 2 0.342128 0.439650 2 0.360666 0.440495 2 0.347596 0.446076 1 0.363627 0.456687 2 0.346098 0.460981 2 0.355989 0.461063 2 0.347338 0.487899 2 0.359740 0.487640 2 0.344335 0.514208 2 0.359317 0.516310 2
0 0.446429 0.435847 0.035714 0.144180 0.452191 0.378061 1 0.451963 0.374921 1 0.452993 0.375758 1 0.448043 0.376796 2 0.456386 0.378915 2 0.442975 0.392681 2 0.456697 0.397758 2 0.438697 0.413022 2 0.457875 0.420859 2 0.440464 0.423750 1 0.455626 0.425949 2 0.441058 0.434975 2 0.450227 0.437723 2 0.443537 0.465272 2 0.450940 0.471554 2 0.442392 0.495746 2 0.447613 0.502867 2
0 0.229167 0.416005 0.031250 0.138889 0.237904 0.358427 2 0.237098 0.355846 1 0.236420 0.356403 2 0.234203 0.358476 1 0.232306 0.359860 2 0.233092 0.375073 2 0.232130 0.376399 2 0.233344 0.397013 1 0.230893 0.398141 2 0.236960 0.413127 1 0.235515 0.416085 2 0.236472 0.414206 2 0.235390 0.415839 2 0.241954 0.439933 2 0.240383 0.442289 2 0.239001 0.465802 2 0.234257 0.469608 2
0 0.318452 0.408069 0.025298 0.141534 0.318725 0.355424 2 0.318687 0.352322 2 0.316719 0.354031 2 0.318386 0.353981 1 0.313662 0.357925 2 0.321367 0.366621 2 0.315566 0.372404 2 0.326411 0.380819 1 0.321076 0.390035 2 0.329030 0.390568 1 0.327477 0.397070 2 0.323104 0.400151 2 0.319456 0.402767 2 0.323647 0.426554 2 0.323770 0.430600 2 0.319936 0.449871 2 0.323035 0.455490 2
0 0.467634 0.428571 0.030506 0.142857 0.462575 0.369307 2 0.463976 0.366079 2 0.463345 0.366308 1 0.466782 0.369846 2 0.466754 0.369613 1 0.471136 0.388018 2 0.464994 0.385421 2 0.475159 0.413286 2 0.465056 0.407705 2 0.467684 0.429101 2 0.463770 0.410012 2 0.472088 0.428607 2 0.467444 0.426383 2 0.471652 0.459950 2 0.460369 0.450591 2 0.474591 0.492083 2 0.471795 0.475422 2
0 0.326637 0.439153 0.026786 0.153439 0.339030 0.384848 2 0.337270 0.382565 1 0.337778 0.382884 2 0.331514 0.386023 1 0.334117 0.387228 2 0.325975 0.404982 2 0.336675 0.404459 2 0.325814 0.425616 1 0.341364 0.423588 1 0.331454 0.432984 1 0.343973 0.430696 1 0.333022 0.443022 2 0.338840 0.443971 2 0.341856 0.472501 2 0.340624 0.473642 2 0.340970 0.499329 2 0.328534 0.494149 2
0 0.414062 0.404101 0.037946 0.173280 0.402680 0.352852 1 0.402742 0.351111 1 0.403263 0.351665 1 0.401384 0.355342 2 0.408571 0.356496 2 0.398638 0.365943 2 0.410044 0.367614 2 0.394041 0.347282 2 0.411545 0.354230 2 0.394646 0.338235 2 0.408098 0.342908 2 0.398387 0.409871 2 0.406572 0.410064 2 0.394868 0.444998 2 0.406833 0.442743 2 0.396955 0.477488 2 0.415580 0.469283 2
0 0.431548 0.413360 0.028274 0.146825 0.450182 0.377422 1 0.450296 0.374295 1 0.450596 0.374662 1 0.447737 0.375477 2 0.450893 0.376407 1 0.443282 0.391478 2 0.450893 0.393714 1 0.438908 0.412977 2 0.450422 0.416152 1 0.438713 0.424902 2 0.449095 0.424508 1 0.441849 0.433610 2 0.448417 0.435278 2 0.444430 0.464642 2 0.450281 0.469091 2 0.444289 0.495623 2 0.447212 0.499882 2
0 0.187872 0.364418 0.026042 0.125661 0.179922 0.316768 2 0.180802 0.314150 2 0.179155 0.314422 2 0.184467 0.312983 2 0.180731 0.313833 1 0.189905 0.324188 2 0.181414 0.324008 2 0.196127 0.340397 2 0.183218 0.337302 2 0.187539 0.347479 2 0.182022 0.344726 2 0.193237 0.354932 2 0.189011 0.354732 2 0.188801 0.380536 2 0.194154 0.381007 2 0.187346 0.411054 2 0.200506 0.405265 2
0 0.140253 0.359127 0.027530 0.128307 0.132874 0.310051 2 0.134414 0.307826 2 0.132925 0.307282 2 0.138820 0.309511 2 0.134854 0.308544 1 0.144073 0.323184 2 0.135892 0.323900 2 0.148051 0.342789 2 0.133852 0.340142 2 0.147503 0.359320 2 0.131529 0.340493 2 0.143269 0.359334 2 0.137446 0.359368 2 0.143699 0.384077 2 0.139085 0.384760 2 0.152745 0.396075 2 0.146914 0.403034 2
0 0.552083 0.207011 0.019345 0.085979 0.550633 0.174462 1 0.550354 0.172786 1 0.550661 0.172786 1 0.547825 0.173973 2 0.551976 0.173925 2 0.545863 0.184732 2 0.553950 0.184297 2 0.544114 0.198175 2 0.555842 0.197581 2 0.543858 0.208909 2 0.556884 0.208178 2 0.547259 0.207182 2 0.553118 0.207010 2 0.547812 0.225833 2 0.555297 0.224848 2 0.548178 0.243275 2 0.556625 0.242796 2
0 0.941592 0.274471 0.029018 0.115079 0.946058 0.234810 1 0.945963 0.232561 1 0.946399 0.233065 1 0.942830 0.233974 2 0.948675 0.234854 2 0.938802 0.246018 2 0.950644 0.248487 2 0.933811 0.261782 2 0.952068 0.264109 2 0.932116 0.273901 2 0.951456 0.269502 2 0.938556 0.279142 2 0.946760 0.280539 2 0.934434 0.300173 2 0.945841 0.303527 2 0.931325 0.320887 2 0.943906 0.325178 2
0 0.418527 0.289683 0.023065 0.103175 0.409165 0.250202 2 0.409951 0.247732 2 0.408689 0.248396 1 0.413049 0.247249 2 0.409963 0.248662 1 0.417891 0.256505 2 0.410930 0.258256 2 0.419482 0.267658 2 0.410849 0.270775 2 0.413474 0.269145 2 0.412854 0.271781 2 0.419149 0.286187 2 0.414093 0.286745 2 0.419681 0.309995 2 0.414280 0.310280 2 0.420272 0.332267 2 0.414356 0.332504 2
0 0.788690 0.274471 0.020833 0.085979 0.779316 0.303009 2 0.780962 0.301030 2 0.778413 0.300042 2 0.783455 0.301101 2 0.777187 0.298723 2 0.785893 0.312575 2 0.776032 0.309819 2 0.789752 0.328901 2 0.776068 0.325266 1 0.789958 0.333678 1 0.775296 0.333349 1 0.783026 0.334449 1 0.776419 0.334204 1 0.784736 0.330004 1 0.777364 0.327605 1 0.784870 0.334449 1 0.778346 0.334449 1
0 0.812500 0.272487 0.025298 0.082011 0.811163 0.242268 2 0.810972 0.240254 1 0.810284 0.240110 2 0.809367 0.241313 1 0.807481 0.241388 2 0.809197 0.247567 2 0.803130 0.251030 2 0.812175 0.261354 2 0.808322 0.263998 2 0.815834 0.269108 2 0.813825 0.274001 2 0.809671 0.269025 2 0.805241 0.273437 2 0.820836 0.269982 2 0.812373 0.284259 2 0.814016 0.287179 2 0.815857 0.304325 2
0 0.960193 0.931217 0.061756 0.134921 0.966713 0.900270 2 0.971180 0.895519 2 0.964522 0.892485 2 0.976360 0.898081 2 0.959447 0.890520 2 0.975441 0.930343 2 0.953015 0.916647 2 0.964316 0.972699 2 0.942801 0.945526 2 0.945116 0.977722 2 0.937409 0.976265 2 0.963304 0.992285 2 0.947745 0.984688 2 0.953949 0.978023 1 0.932966 0.973660 1 0.949073 0.992420 1 0.935841 0.997748 1
0 0.540551 0.326720 0.024554 0.063492 0.540486 0.309080 2 0.541504 0.307327 1 0.539608 0.307114 1 0.542832 0.304515 1 0.538354 0.304122 1 0.544533 0.303893 2 0.534884 0.303896 2 0.548316 0.316279 2 0.531472 0.317440 2 0.543447 0.317164 2 0.537879 0.319388 2 0.542810 0.322364 2 0.536213 0.322635 2 0.548502 0.322377 2 0.531586 0.323450 2 0.545837 0.346801 2 0.535215 0.346628 2
0 0.509673 0.162698 0.016369 0.071429 0.507645 0.136927 1 0.507956 0.135875 1 0.508289 0.135925 1 0.508889 0.136675 2 0.511052 0.136339 1 0.508565 0.144273 2 0.513219 0.143486 2 0.507046 0.153286 2 0.514779 0.152696 2 0.501863 0.156649 2 0.512692 0.158176 2 0.510381 0.162175 2 0.512677 0.161575 2 0.510695 0.176237 2 0.509634 0.174769 2 0.515884 0.190067 2 0.507841 0.187756 2
0 0.128348 0.335317 0.018601 0.041005 0.124670 0.326987 2 0.125672 0.324673 2 0.123684 0.325503 2 0.128101 0.325101 2 0.123136 0.326917 2 0.131137 0.333978 2 0.124220 0.336757 2 0.128328 0.343413 2 0.121240 0.347853 2 0.124336 0.341518 2 0.123572 0.343810 2 0.132477 0.358494 2 0.127419 0.359546 2 0.132508 0.358471 1 0.126457 0.358683 1 0.134166 0.356980 1 0.128164 0.360575 1
0 0.096354 0.317460 0.031994 0.058201 0.099075 0.308198 2 0.100105 0.305764 2 0.097755 0.306526 2 0.101956 0.302925 2 0.095583 0.305074 2 0.103814 0.307963 2 0.093332 0.312508 2 0.108725 0.315398 2 0.088831 0.324584 2 0.108696 0.322047 2 0.087652 0.337886 2 0.103444 0.323517 2 0.096206 0.325737 2 0.105206 0.320193 2 0.090325 0.325300 2 0.108361 0.335692 2 0.090401 0.338871 2
0 0.190848 0.133598 0.017113 0.047619 0.190897 0.114611 1 0.190738 0.113680 1 0.190997 0.113609 1 0.189446 0.114477 2 0.192018 0.114238 2 0.188315 0.120823 2 0.193488 0.120024 2 0.187205 0.126930 2 0.196338 0.125334 2 0.188103 0.130501 2 0.198328 0.129207 2 0.190273 0.135020 2 0.193722 0.134674 2 0.190568 0.145028 2 0.194406 0.143994 2 0.190703 0.155145 2 0.195111 0.154080 2
0 0.782366 0.185185 0.018601 0.052910 0.785060 0.163678 1 0.784876 0.162651 1 0.785310 0.162815 1 0.783399 0.163500 2 0.786499 0.163980 2 0.781855 0.169822 2 0.786935 0.170809 2 0.779570 0.176345 2 0.787551 0.179590 2 0.780020 0.179300 2 0.786985 0.186458 2 0.781863 0.186090 2 0.785107 0.186278 2 0.781690 0.197305 2 0.783382 0.197688 2 0.780963 0.208289 2 0.781544 0.208631 2
0 0.139137 0.115741 0.014881 0.030423 0.133705 0.111739 2 0.133841 0.111100 1 0.133457 0.111156 2 0.134327 0.111241 1 0.133686 0.111321 2 0.135068 0.114084 2 0.134038 0.114325 2 0.136275 0.116724 2 0.135595 0.117751 2 0.137117 0.117038 2 0.137680 0.117371 2 0.136146 0.120165 2 0.135590 0.120636 2 0.139434 0.119638 2 0.140652 0.119793 2 0.139895 0.127323 2 0.142363 0.127401 2
0 0.903646 0.210979 0.018601 0.083333 0.911743 0.184480 1 0.911493 0.182825 1 0.911214 0.183152 2 0.909610 0.183224 1 0.909625 0.184102 2 0.908481 0.192320 2 0.907956 0.192923 2 0.908104 0.202792 1 0.908351 0.204894 2 0.909613 0.208257 1 0.910764 0.212008 2 0.907915 0.214196 2 0.906772 0.214290 2 0.907213 0.232120 2 0.903909 0.231075 2 0.903431 0.247102 2 0.896654 0.243152 2
0 0.987723 0.277778 0.021577 0.113757 0.999183 0.234894 1 0.998172 0.232886 1 0.998837 0.233099 1 0.993959 0.233648 1 0.997464 0.234897 2 0.990541 0.244456 2 0.996341 0.246370 2 0.988335 0.258843 1 0.995659 0.262040 2 0.990477 0.270728 1 0.997064 0.274935 2 0.987292 0.271847 2 0.990926 0.272726 2 0.990165 0.293790 2 0.990931 0.296140 2 0.986426 0.313135 2 0.983760 0.315926 2
0 0.955357 0.218915 0.022321 0.070106 0.948769 0.233623 1 0.947720 0.231696 1 0.948852 0.231790 1 0.942728 0.232845 2 0.948968 0.233574 2 0.940026 0.245902 2 0.951062 0.247457 2 0.940437 0.261413 1 0.953518 0.263887 2 0.948012 0.252107 1 0.955414 0.251662 1 0.940315 0.266989 1 0.948083 0.266989 1 0.944640 0.255843 1 0.952925 0.255380 1 0.944479 0.263045 1 0.950192 0.265932 1
0 0.906622 0.189815 0.020089 0.038360 0.911230 0.185455 1 0.910671 0.184018 1 0.911121 0.184136 1 0.907968 0.183996 1 0.909992 0.184588 2 0.906804 0.191970 2 0.908458 0.192621 2 0.904833 0.203986 2 0.908189 0.204302 2 0.903992 0.211778 1 0.910989 0.209833 2 0.906478 0.213274 2 0.907471 0.213806 2 0.907081 0.215257 1 0.908206 0.215257 1 0.906299 0.215257 1 0.907120 0.215257 1
0 0.940848 0.192460 0.020089 0.033069 0.942349 0.187075 2 0.943692 0.185610 2 0.941706 0.184995 2 0.945611 0.186764 2 0.940422 0.185142 2 0.947006 0.197608 2 0.936559 0.194104 2 0.946058 0.207884 2 0.934629 0.203128 2 0.941865 0.206162 1 0.937849 0.205457 2 0.943267 0.214458 1 0.936250 0.212626 1 0.942703 0.207202 1 0.936121 0.204115 1 0.940905 0.211893 1 0.937931 0.208596 1
