0 0.929963 0.581373 0.009191 0.043791 0.926455 0.563406 1 0.926381 0.562369 1 0.926730 0.562690 1 0.925621 0.562319 2 0.927980 0.563146 2 0.924485 0.566735 2 0.928585 0.568439 2 0.923808 0.571596 1 0.928706 0.575123 2 0.924135 0.576309 1 0.927362 0.579658 1 0.923529 0.580390 2 0.926192 0.580867 2 0.923529 0.587211 1 0.924737 0.588206 2 0.923591 0.594716 1 0.923867 0.595900 2
0 0.900551 0.571569 0.010662 0.039869 0.904886 0.556543 2 0.905292 0.555707 2 0.904451 0.555773 2 0.905870 0.556119 2 0.903847 0.556233 2 0.906463 0.561445 2 0.902816 0.560926 2 0.907135 0.567665 2 0.900283 0.564966 2 0.907204 0.571358 2 0.901257 0.564542 2 0.904783 0.573039 2 0.902588 0.572742 2 0.903362 0.581008 2 0.902289 0.580931 2 0.902366 0.588766 2 0.901929 0.588593 2
0 0.892096 0.569608 0.009926 0.043791 0.888876 0.554756 1 0.888771 0.553826 1 0.889117 0.554009 1 0.887587 0.554132 2 0.890043 0.554674 2 0.886009 0.558495 2 0.890318 0.559669 2 0.885294 0.563981 1 0.890841 0.565961 2 0.885999 0.567786 1 0.890542 0.569737 2 0.885695 0.570641 2 0.888573 0.571108 2 0.885594 0.579503 2 0.887648 0.580269 2 0.885511 0.587523 2 0.886872 0.587842 2
0 0.963051 0.514052 0.010662 0.039869 0.964155 0.501517 2 0.964478 0.500920 2 0.963952 0.500741 2 0.964716 0.500140 1 0.963204 0.499641 2 0.964764 0.502676 2 0.961176 0.502017 2 0.965252 0.507768 2 0.959937 0.507493 2 0.965382 0.509388 2 0.962632 0.508034 2 0.963642 0.513069 2 0.961016 0.512728 2 0.963486 0.521277 2 0.960150 0.520243 2 0.963238 0.529395 2 0.958729 0.527690 2
0 0.889522 0.419281 0.008456 0.026797 0.895221 0.409064 2 0.895221 0.408605 1 0.895110 0.408552 2 0.895002 0.408752 1 0.894611 0.408595 2 0.894976 0.411350 2 0.893668 0.411091 2 0.894989 0.415018 1 0.892541 0.414304 2 0.895221 0.417327 1 0.893611 0.414370 2 0.894557 0.419090 2 0.893720 0.419019 2 0.894092 0.424513 2 0.893358 0.424482 2 0.893450 0.429491 2 0.892737 0.429748 2
0 0.047978 0.515686 0.009191 0.040523 0.048678 0.499791 1 0.048319 0.499120 1 0.048572 0.499067 1 0.046697 0.499500 1 0.048055 0.499652 2 0.045202 0.504497 2 0.048451 0.504718 2 0.043835 0.510492 2 0.050444 0.509332 2 0.044277 0.515364 2 0.052534 0.511895 2 0.046396 0.515880 2 0.048044 0.516320 2 0.048635 0.522919 2 0.048170 0.524584 2 0.050584 0.530836 2 0.046937 0.532929 2
0 0.128676 0.498693 0.007353 0.032680 0.128889 0.493791 2 0.129156 0.492947 2 0.128508 0.493214 1 0.129894 0.492624 2 0.128323 0.493254 1 0.131549 0.496432 2 0.128336 0.496493 2 0.133039 0.502208 2 0.127094 0.500840 2 0.131703 0.505146 2 0.126509 0.504951 2 0.130790 0.506484 2 0.128740 0.506248 2 0.130633 0.514015 2 0.128560 0.513861 2 0.130655 0.520182 2 0.128265 0.520128 2
0 0.834007 0.762745 0.009191 0.060131 0.837283 0.741561 1 0.836797 0.739995 1 0.837095 0.740057 1 0.833859 0.739883 1 0.835994 0.740229 2 0.831783 0.746961 2 0.835895 0.747785 2 0.831570 0.755497 2 0.836677 0.755753 2 0.835017 0.754584 1 0.837691 0.752115 2 0.832566 0.764025 2 0.835590 0.764610 2 0.832307 0.778021 2 0.835620 0.778952 2 0.830649 0.790832 2 0.834742 0.792688 2
0 0.846507 0.756863 0.012868 0.061438 0.845377 0.735738 2 0.846060 0.734725 2 0.844917 0.734585 2 0.847310 0.734988 2 0.844421 0.734595 2 0.848773 0.741093 2 0.842944 0.739295 2 0.848282 0.748978 2 0.841282 0.746959 2 0.846546 0.742330 2 0.842260 0.752365 2 0.847238 0.757491 2 0.843059 0.756518 2 0.847544 0.771136 2 0.842039 0.770132 2 0.847217 0.782720 2 0.841744 0.781624 2
0 0.932169 0.816667 0.016544 0.058170 0.937025 0.796735 2 0.936707 0.795286 1 0.936388 0.795616 2 0.934191 0.795185 1 0.934446 0.796182 2 0.930548 0.801326 2 0.935303 0.802819 2 0.927584 0.806397 2 0.935432 0.811003 2 0.929033 0.808733 2 0.935143 0.819629 2 0.929275 0.817638 2 0.932551 0.818349 2 0.930274 0.827970 2 0.933997 0.828597 2 0.928005 0.839196 2 0.931098 0.840048 2
0 0.952757 0.855229 0.018750 0.071242 0.960172 0.829148 1 0.959671 0.827792 1 0.960112 0.827924 1 0.957353 0.827555 1 0.959169 0.828083 2 0.955946 0.834257 2 0.956565 0.835971 2 0.957217 0.843750 2 0.956829 0.848072 2 0.961232 0.845584 2 0.961393 0.846974 2 0.955289 0.855298 2 0.955468 0.856229 2 0.954400 0.868559 2 0.953072 0.869932 2 0.952363 0.880772 2 0.947927 0.880469 2
0 0.921140 0.638562 0.009926 0.043137 0.920320 0.614929 2 0.920950 0.613987 2 0.919759 0.613868 2 0.921776 0.614427 2 0.918848 0.614088 2 0.923061 0.620245 2 0.917822 0.620131 2 0.923924 0.627624 2 0.916214 0.626382 2 0.924393 0.634395 2 0.914883 0.632526 2 0.921172 0.635212 2 0.917774 0.635047 2 0.919931 0.644894 2 0.916939 0.645984 2 0.918721 0.652834 2 0.916358 0.656606 2
0 0.957169 0.618301 0.008456 0.045752 0.957380 0.600823 1 0.957311 0.599884 1 0.957462 0.599892 1 0.956058 0.600322 2 0.958405 0.600296 2 0.954910 0.605671 2 0.959315 0.606128 2 0.953020 0.612816 2 0.960798 0.613306 2 0.953449 0.613631 2 0.960999 0.620963 2 0.954788 0.619240 2 0.957842 0.619605 2 0.953660 0.627265 2 0.957355 0.630196 2 0.952299 0.635328 2 0.956881 0.640880 2
0 0.968750 0.616667 0.008088 0.051634 0.966959 0.607323 1 0.966990 0.606288 1 0.967165 0.606156 1 0.967601 0.605918 2 0.969177 0.605632 1 0.967962 0.610040 2 0.970178 0.610114 2 0.964877 0.613849 2 0.970117 0.615487 2 0.966174 0.611577 2 0.968568 0.613068 1 0.966853 0.622677 2 0.968247 0.622331 2 0.966618 0.630626 2 0.967181 0.630119 2 0.965347 0.638039 2 0.967200 0.638835 2
0 0.898713 0.511438 0.009191 0.028105 0.902447 0.495548 1 0.902315 0.494948 1 0.902618 0.494831 1 0.901676 0.494805 1 0.903382 0.494623 1 0.900847 0.496073 2 0.903839 0.496126 1 0.899138 0.497771 2 0.903413 0.497857 1 0.898965 0.504055 2 0.901363 0.503965 1 0.900891 0.504184 2 0.902860 0.504186 2 0.901016 0.515059 2 0.902055 0.515528 2 0.900684 0.524315 2 0.901150 0.525610 2
0 0.876654 0.480392 0.006250 0.033987 0.879725 0.468955 2 0.879536 0.468324 1 0.879551 0.468310 2 0.878334 0.468847 1 0.878996 0.468940 2 0.877334 0.472425 2 0.879110 0.472743 2 0.876519 0.474549 2 0.880294 0.474673 2 0.876784 0.472369 2 0.879265 0.472169 2 0.876960 0.480906 2 0.878064 0.481049 2 0.876603 0.486883 2 0.877419 0.487617 2 0.875775 0.492741 2 0.877059 0.493692 2
0 0.923897 0.500327 0.008088 0.035948 0.925468 0.484975 1 0.925455 0.484147 1 0.925638 0.484399 1 0.924695 0.484426 2 0.926598 0.484976 2 0.923340 0.488665 2 0.927317 0.489473 2 0.921381 0.493307 2 0.927810 0.494648 2 0.920486 0.497554 2 0.926537 0.495564 1 0.922991 0.499501 2 0.925492 0.499683 2 0.922597 0.506981 2 0.924023 0.506888 2 0.922706 0.515330 2 0.923025 0.514279 2
0 0.962132 0.514379 0.006618 0.032680 0.964727 0.499763 2 0.964890 0.499261 1 0.964504 0.499080 2 0.964725 0.499275 1 0.963624 0.498774 2 0.964787 0.502516 2 0.961352 0.501616 2 0.965401 0.507773 2 0.960050 0.507192 2 0.964562 0.508925 2 0.962637 0.508254 2 0.963651 0.512936 2 0.961168 0.512573 2 0.963681 0.521313 2 0.960088 0.520164 2 0.963282 0.529861 2 0.958461 0.527393 2
0 0.984559 0.834967 0.013235 0.066013 0.987518 0.812017 2 0.988279 0.810657 2 0.986881 0.810541 2 0.989451 0.810718 2 0.985868 0.810190 2 0.990770 0.818042 2 0.983768 0.815532 2 0.992666 0.825948 2 0.980050 0.819428 2 0.992864 0.826829 2 0.982846 0.816026 2 0.988035 0.834637 2 0.983398 0.833288 2 0.987529 0.848875 2 0.982046 0.846075 2 0.986188 0.860650 2 0.981001 0.857142 2
0 0.908640 0.565033 0.009191 0.029412 0.905071 0.556138 2 0.905442 0.555299 2 0.904590 0.555351 2 0.905898 0.555836 2 0.903993 0.555910 2 0.906757 0.561199 2 0.903549 0.560865 2 0.907444 0.568208 2 0.902787 0.567255 2 0.907161 0.573035 2 0.903787 0.572767 1 0.905294 0.573899 2 0.903321 0.573589 2 0.903866 0.582784 2 0.903263 0.582466 2 0.903485 0.584909 1 0.903589 0.584903 1
0 0.923162 0.578431 0.007353 0.031373 0.926559 0.563088 1 0.926550 0.562197 1 0.926778 0.562482 1 0.925504 0.562252 2 0.927638 0.562939 2 0.923446 0.566293 2 0.927769 0.567803 2 0.921472 0.572148 2 0.927858 0.575014 1 0.922083 0.577052 2 0.927316 0.580525 1 0.923046 0.580069 2 0.926041 0.580798 2 0.922094 0.584895 2 0.925358 0.586399 2 0.921692 0.594088 2 0.924338 0.594694 2
0 0.798529 0.437582 0.008088 0.029412 0.801113 0.421489 2 0.801331 0.420919 2 0.800807 0.420796 2 0.801294 0.421425 1 0.800032 0.421031 2 0.801633 0.424695 2 0.799035 0.424521 2 0.801754 0.428899 2 0.798089 0.428844 2 0.802175 0.432018 2 0.797522 0.432543 2 0.800689 0.432986 2 0.799120 0.432887 2 0.799906 0.439203 2 0.799120 0.439455 2 0.797673 0.443167 2 0.798833 0.444892 2
0 0.801654 0.417974 0.009191 0.015033 0.801833 0.415338 1 0.801802 0.414894 1 0.802007 0.414932 1 0.801399 0.414901 2 0.802843 0.414957 2 0.800559 0.416958 2 0.803404 0.417407 2 0.799618 0.420040 2 0.804080 0.421279 2 0.799701 0.421930 2 0.803453 0.422999 2 0.800857 0.424035 2 0.802800 0.424232 2 0.800667 0.426502 1 0.802913 0.426745 1 0.800909 0.427120 1 0.803133 0.427182 1
0 0.894485 0.419281 0.004412 0.028105 0.895646 0.409251 2 0.895791 0.408803 1 0.895412 0.408718 2 0.895634 0.408998 1 0.894755 0.408751 2 0.895416 0.411682 2 0.893838 0.411187 2 0.895656 0.415005 1 0.892667 0.414128 2 0.896088 0.414320 1 0.893799 0.413338 2 0.894660 0.419242 2 0.893703 0.419057 2 0.893912 0.424760 2 0.893468 0.424634 2 0.893153 0.430159 2 0.892727 0.430146 2
0 0.879963 0.913399 0.015074 0.050327 0.881281 0.894770 2 0.882022 0.893720 2 0.880640 0.893507 2 0.883304 0.894526 2 0.879684 0.893983 2 0.885110 0.901632 2 0.877258 0.900617 2 0.886290 0.910282 2 0.876286 0.909667 2 0.885320 0.911690 2 0.882083 0.912757 2 0.882678 0.916582 2 0.877419 0.916269 2 0.886159 0.922306 2 0.882162 0.921167 2 0.884074 0.935198 2 0.881367 0.934565 2
0 0.906434 0.742810 0.018015 0.045098 0.902747 0.730764 2 0.902636 0.728902 2 0.901801 0.730656 2 0.903329 0.727025 2 0.901226 0.731174 1 0.906427 0.728440 2 0.903731 0.732989 2 0.908733 0.736659 2 0.904928 0.740080 2 0.905783 0.743012 2 0.905192 0.744409 2 0.911696 0.736152 2 0.909934 0.738198 2 0.908009 0.745411 2 0.907374 0.749011 2 0.909073 0.757237 2 0.908339 0.758236 2
0 0.888419 0.571569 0.009926 0.038562 0.888747 0.555162 1 0.888762 0.554253 1 0.889004 0.554610 1 0.887941 0.554463 2 0.890145 0.555305 2 0.886376 0.558313 2 0.890596 0.560214 2 0.883950 0.562957 2 0.890883 0.566668 2 0.883907 0.566411 2 0.890371 0.570113 2 0.885374 0.570367 2 0.888156 0.571057 2 0.883992 0.577498 2 0.886601 0.579265 2 0.883415 0.585091 2 0.885776 0.587325 2
0 0.884007 0.563725 0.009191 0.037255 0.888590 0.555005 1 0.888537 0.554079 1 0.888826 0.554448 1 0.887600 0.554241 2 0.890009 0.555105 2 0.886467 0.558095 2 0.890146 0.560184 2 0.884192 0.562830 2 0.890167 0.566809 2 0.883663 0.566072 2 0.889890 0.570908 1 0.885462 0.569862 2 0.888048 0.570754 2 0.883801 0.576117 2 0.887120 0.578837 2 0.881941 0.582691 2 0.886154 0.586332 2
0 0.899449 0.488562 0.010662 0.037255 0.899331 0.473055 1 0.899330 0.472235 1 0.899558 0.472449 1 0.898611 0.472545 2 0.900654 0.473048 2 0.897268 0.476624 2 0.901188 0.477854 2 0.895487 0.481569 2 0.901543 0.484230 2 0.894561 0.486543 2 0.901307 0.489663 2 0.896995 0.487817 2 0.899589 0.488374 2 0.897126 0.495095 2 0.899378 0.496320 2 0.897161 0.502605 2 0.898706 0.503923 2
0 0.858272 0.539542 0.012132 0.039869 0.860510 0.521661 2 0.860843 0.521010 1 0.860215 0.520765 2 0.860928 0.521882 1 0.859527 0.521235 2 0.860733 0.527040 2 0.857541 0.526004 2 0.860691 0.532454 2 0.854857 0.531480 2 0.860808 0.533232 1 0.855818 0.533404 2 0.859156 0.537706 2 0.857066 0.537273 2 0.858500 0.546480 2 0.856298 0.545987 2 0.857332 0.554633 2 0.854907 0.553798 2
0 0.890074 0.420261 0.008824 0.033987 0.895718 0.409032 2 0.895924 0.408500 2 0.895438 0.408434 2 0.895882 0.408705 1 0.894726 0.408489 2 0.895655 0.411686 2 0.893844 0.411184 2 0.895726 0.415791 1 0.892605 0.414137 2 0.895829 0.419285 1 0.893740 0.414084 2 0.894849 0.419586 2 0.893799 0.419398 2 0.893782 0.425209 2 0.893592 0.425346 2 0.892909 0.430270 2 0.893058 0.430642 2
