0 0.293527 0.788360 0.030506 0.134921 0.290671 0.741851 1 0.290813 0.739357 1 0.291813 0.739001 1 0.292466 0.739609 2 0.298813 0.738159 1 0.293337 0.753526 2 0.303506 0.749157 2 0.291146 0.772976 2 0.305970 0.763262 1 0.287538 0.779132 2 0.301165 0.773163 1 0.297440 0.787117 2 0.303812 0.784970 2 0.298894 0.813665 2 0.301898 0.812050 2 0.302173 0.838477 2 0.302270 0.835994 2
0 0.291295 0.766534 0.030506 0.130952 0.290802 0.741035 1 0.290950 0.738513 1 0.291854 0.738026 1 0.292565 0.739167 2 0.298977 0.737462 1 0.293578 0.753462 2 0.304133 0.748982 2 0.290597 0.772933 2 0.306265 0.763431 1 0.288529 0.777955 2 0.301635 0.773317 1 0.297381 0.788704 2 0.304189 0.786227 2 0.298000 0.813628 2 0.302945 0.811513 2 0.300112 0.837209 2 0.303973 0.836064 2
0 0.449777 0.845238 0.040923 0.166667 0.452474 0.785918 2 0.454619 0.782633 2 0.450457 0.782220 2 0.456757 0.783326 2 0.446463 0.782124 2 0.460179 0.799731 2 0.442318 0.801352 2 0.465827 0.821938 2 0.437109 0.823640 2 0.470873 0.846149 2 0.436082 0.847744 2 0.457091 0.849052 2 0.446116 0.850492 2 0.454019 0.881083 2 0.446320 0.887161 2 0.451052 0.903361 2 0.447427 0.918142 2
0 0.321057 0.559524 0.015625 0.063492 0.313820 0.517594 1 0.313628 0.516433 1 0.314134 0.516458 1 0.312472 0.517394 1 0.315450 0.517463 2 0.313154 0.524191 2 0.314690 0.524457 2 0.314129 0.536791 1 0.314600 0.537623 2 0.316199 0.546381 1 0.315276 0.548327 2 0.313716 0.548699 2 0.314717 0.548871 2 0.314573 0.568495 2 0.314005 0.568571 2 0.315286 0.585517 2 0.314370 0.586380 2
0 0.313616 0.551587 0.014137 0.089947 0.316783 0.516995 1 0.316089 0.515521 1 0.316810 0.515447 1 0.312802 0.516434 1 0.316249 0.516595 2 0.312346 0.525550 2 0.314635 0.525531 2 0.312133 0.537279 2 0.314058 0.537154 2 0.313291 0.547112 1 0.314695 0.547910 2 0.313479 0.547954 2 0.314952 0.548109 2 0.314935 0.566829 2 0.314401 0.566650 2 0.314714 0.584780 2 0.313223 0.585227 2
0 0.333333 0.553571 0.013393 0.062169 0.324807 0.538409 1 0.324862 0.537136 1 0.324963 0.537072 1 0.324869 0.538056 1 0.326509 0.537790 1 0.325488 0.546188 1 0.327575 0.545524 2 0.326823 0.555734 1 0.328690 0.554720 2 0.326899 0.561581 1 0.328142 0.561807 1 0.325122 0.563186 2 0.326654 0.562574 2 0.324746 0.576073 2 0.326010 0.575296 2 0.325280 0.589061 2 0.326315 0.589057 2
0 0.336682 0.480820 0.014137 0.051587 0.333085 0.467282 1 0.333097 0.466187 1 0.333397 0.465850 1 0.333728 0.466481 2 0.336187 0.465400 2 0.334097 0.472827 2 0.338387 0.471017 2 0.333962 0.480322 2 0.340574 0.476433 2 0.334128 0.484269 2 0.341039 0.480947 1 0.336581 0.485654 2 0.339385 0.485051 2 0.336906 0.494300 2 0.339176 0.494698 2 0.336525 0.502376 2 0.338869 0.503137 2
0 0.401042 0.523148 0.028274 0.059524 0.404745 0.508390 2 0.405574 0.506504 2 0.403973 0.506994 2 0.407924 0.506001 2 0.404330 0.506843 1 0.409506 0.512889 2 0.406490 0.512608 2 0.404090 0.521884 2 0.401330 0.519505 2 0.397328 0.522761 2 0.396224 0.522879 2 0.412207 0.533293 2 0.410179 0.532196 2 0.401229 0.525402 2 0.400979 0.524213 2 0.400784 0.545036 2 0.401071 0.544079 2
0 0.470982 0.451058 0.019345 0.084656 0.470567 0.419078 1 0.470488 0.417594 1 0.470916 0.417550 1 0.469374 0.418384 2 0.473475 0.418143 2 0.467961 0.427071 2 0.475712 0.426723 2 0.466387 0.436418 2 0.478264 0.437341 2 0.468354 0.439972 2 0.478632 0.444807 2 0.470188 0.448238 2 0.475231 0.447978 2 0.471262 0.465038 2 0.474783 0.464402 2 0.472019 0.481564 2 0.474133 0.481162 2
0 0.388021 0.492725 0.023065 0.035714 0.388882 0.486766 2 0.389863 0.485277 2 0.388073 0.485388 2 0.391675 0.485321 2 0.387834 0.485426 2 0.391950 0.489622 2 0.390294 0.489796 2 0.387601 0.495114 2 0.388246 0.495484 2 0.386401 0.495102 2 0.386606 0.496699 2 0.397286 0.505678 2 0.395968 0.505225 2 0.388560 0.497792 2 0.387886 0.496354 2 0.392101 0.509182 2 0.391565 0.508829 2
0 0.393973 0.490079 0.018601 0.038360 0.388849 0.486734 2 0.389779 0.485155 2 0.388104 0.485423 2 0.391788 0.485170 2 0.388088 0.485683 1 0.392338 0.489938 2 0.390478 0.490315 2 0.387679 0.495205 2 0.387114 0.496188 2 0.386164 0.495496 2 0.386244 0.497065 2 0.397656 0.505890 2 0.396288 0.505447 2 0.388309 0.497317 2 0.388677 0.495438 2 0.391818 0.509842 2 0.392039 0.508657 2
0 0.399182 0.470899 0.021577 0.039683 0.388825 0.486189 2 0.390029 0.484225 2 0.387898 0.484690 2 0.392301 0.484303 2 0.387575 0.485118 1 0.392717 0.489596 2 0.390149 0.490345 2 0.388674 0.493868 2 0.387808 0.494913 1 0.388006 0.493233 2 0.388003 0.494655 1 0.397491 0.497933 1 0.395577 0.497933 1 0.390068 0.496154 1 0.388527 0.494559 1 0.391432 0.497862 1 0.390859 0.497933 1
0 0.472098 0.441799 0.017113 0.079365 0.470721 0.418471 1 0.470632 0.416874 1 0.471032 0.416853 1 0.469410 0.417827 2 0.473473 0.417532 2 0.468033 0.427136 2 0.475782 0.426487 2 0.466288 0.437087 2 0.478208 0.437778 2 0.468404 0.438075 2 0.478262 0.445372 2 0.470159 0.447894 2 0.475214 0.447548 2 0.471145 0.465206 2 0.474798 0.464321 2 0.471771 0.481384 2 0.474346 0.480991 2
0 0.517113 0.464286 0.025298 0.087302 0.512341 0.433501 2 0.513586 0.431857 2 0.512008 0.431569 2 0.516083 0.432284 2 0.511818 0.431652 1 0.518898 0.439344 2 0.510317 0.438309 2 0.522555 0.448115 2 0.509351 0.448004 2 0.524934 0.459890 2 0.509092 0.458800 2 0.520278 0.462890 2 0.513945 0.462311 2 0.524015 0.481191 2 0.509944 0.477142 2 0.528006 0.498340 2 0.515064 0.492900 2
0 0.488095 0.461640 0.016369 0.084656 0.488679 0.433666 2 0.489613 0.431533 2 0.487609 0.432257 2 0.491618 0.431918 2 0.486771 0.433655 2 0.493636 0.442528 2 0.486296 0.443124 2 0.492431 0.452238 2 0.485180 0.455757 2 0.487439 0.448254 2 0.485088 0.460699 2 0.492544 0.466039 2 0.487557 0.465642 2 0.491566 0.483584 2 0.488050 0.481284 2 0.491823 0.498673 2 0.489253 0.492782 2
0 0.438988 0.347884 0.014881 0.066138 0.441907 0.352387 2 0.442497 0.351128 2 0.441599 0.351347 1 0.444133 0.350849 2 0.441707 0.351476 1 0.446033 0.356395 2 0.442074 0.357119 2 0.447739 0.363837 2 0.441663 0.364124 2 0.445921 0.371002 2 0.441072 0.370718 2 0.445365 0.373636 2 0.442416 0.373640 2 0.445436 0.386130 2 0.440622 0.386344 2 0.446849 0.392770 2 0.440074 0.393097 1
0 0.563988 0.327381 0.013393 0.064815 0.565876 0.298455 2 0.566572 0.297382 2 0.565333 0.297260 2 0.567637 0.297310 2 0.564456 0.297033 2 0.568966 0.302804 2 0.563034 0.302923 2 0.570238 0.310763 2 0.561739 0.310551 2 0.570000 0.316418 2 0.561200 0.316725 2 0.567911 0.315375 2 0.563800 0.315493 2 0.568455 0.322205 2 0.562413 0.323313 2 0.568118 0.333873 2 0.560907 0.336156 2
0 0.441964 0.371693 0.013393 0.055556 0.441395 0.352161 2 0.442078 0.351118 2 0.441144 0.350897 2 0.443969 0.350498 2 0.441229 0.350094 1 0.446433 0.355942 2 0.441424 0.355992 2 0.447838 0.364360 2 0.439764 0.362341 2 0.445949 0.370970 2 0.439749 0.369384 2 0.445220 0.373731 2 0.441583 0.373709 2 0.444631 0.385183 2 0.440459 0.387063 2 0.446753 0.392956 2 0.439333 0.398773 2
0 0.353795 0.487434 0.012649 0.059524 0.353448 0.468769 1 0.353532 0.467475 1 0.353936 0.467383 1 0.354037 0.468399 2 0.357022 0.468024 1 0.353914 0.476280 2 0.358422 0.475540 2 0.352221 0.482885 2 0.359536 0.482902 1 0.351769 0.480886 1 0.358061 0.484113 1 0.354783 0.491094 2 0.357770 0.490534 2 0.354934 0.502375 2 0.357522 0.501830 2 0.355164 0.513508 2 0.358442 0.512308 2
