0 0.931920 0.654101 0.061756 0.152116 0.944856 0.597846 1 0.945169 0.595128 1 0.947038 0.596035 1 0.943702 0.600220 2 0.955207 0.601695 2 0.937898 0.615583 2 0.961143 0.622007 2 0.922718 0.610049 2 0.960719 0.631622 2 0.932728 0.600724 2 0.951234 0.611694 1 0.935081 0.669989 2 0.949628 0.669411 2 0.911101 0.668594 2 0.924923 0.662460 2 0.922615 0.704340 2 0.937292 0.698916 2
0 0.924479 0.644180 0.034970 0.119048 0.947285 0.600867 1 0.948437 0.598498 1 0.947388 0.597359 1 0.947973 0.600074 1 0.945679 0.597176 1 0.948661 0.616229 1 0.937746 0.607663 2 0.941682 0.633148 1 0.922425 0.613513 2 0.942063 0.615061 1 0.934506 0.601203 2 0.933328 0.656921 2 0.925613 0.651006 2 0.914044 0.671665 2 0.911562 0.662734 2 0.920946 0.702708 2 0.922304 0.701292 2
0 0.479539 0.657407 0.042411 0.148148 0.476951 0.607598 2 0.479028 0.603427 2 0.475517 0.603840 2 0.485063 0.602264 2 0.477506 0.602345 1 0.487062 0.622800 2 0.484734 0.616918 2 0.478723 0.653761 2 0.478634 0.645585 2 0.467660 0.670409 2 0.469104 0.655290 2 0.487745 0.671446 2 0.486607 0.664884 2 0.463325 0.670170 2 0.468672 0.651962 2 0.474816 0.712452 2 0.479291 0.686802 2
0 0.680060 0.480159 0.034226 0.164021 0.683953 0.417710 2 0.685569 0.415019 2 0.682369 0.414848 2 0.687895 0.416843 2 0.679817 0.416045 2 0.689152 0.436087 2 0.674036 0.431798 2 0.690270 0.454652 2 0.666317 0.450235 2 0.690397 0.473063 2 0.667084 0.468534 2 0.684937 0.479017 2 0.674811 0.476392 2 0.683307 0.512546 2 0.671195 0.504058 2 0.680861 0.542508 2 0.668884 0.525981 2
0 0.391369 0.419974 0.023810 0.101852 0.388602 0.381617 1 0.388841 0.379892 1 0.389327 0.379797 1 0.390007 0.380715 2 0.393181 0.380176 1 0.392549 0.390199 2 0.395360 0.389719 2 0.390317 0.403956 2 0.392795 0.403257 2 0.387005 0.404873 2 0.388446 0.406088 1 0.394897 0.416157 2 0.396312 0.415412 2 0.393945 0.436019 2 0.392682 0.435178 2 0.399790 0.453511 2 0.395515 0.456905 2
0 0.380580 0.347222 0.020089 0.048942 0.384652 0.335293 2 0.385300 0.333941 2 0.383714 0.334120 2 0.386278 0.333903 2 0.382329 0.334096 2 0.387321 0.340034 2 0.382733 0.338740 2 0.388133 0.348557 2 0.381315 0.345104 2 0.388123 0.356176 2 0.378425 0.348525 2 0.386387 0.351357 2 0.382983 0.350069 2 0.385465 0.355396 2 0.378473 0.352441 2 0.385444 0.361951 2 0.376354 0.358851 2
0 0.485863 0.346561 0.014881 0.103175 0.488165 0.308108 2 0.488388 0.306085 2 0.486832 0.306522 2 0.488010 0.307501 1 0.483925 0.308483 2 0.488475 0.318836 2 0.482915 0.319941 2 0.488711 0.332844 1 0.481241 0.333448 2 0.488256 0.346189 1 0.483258 0.346600 2 0.488508 0.347757 2 0.484847 0.348300 2 0.486474 0.368508 2 0.483898 0.369937 2 0.485694 0.385535 2 0.483364 0.388401 2
0 0.510417 0.332011 0.020833 0.105820 0.511626 0.292623 2 0.512403 0.290778 2 0.510542 0.290792 2 0.512737 0.291838 1 0.508363 0.291785 2 0.512525 0.301694 2 0.506036 0.302160 2 0.512380 0.314167 1 0.504670 0.312963 2 0.512113 0.320188 1 0.507233 0.311527 2 0.512441 0.329452 2 0.507893 0.330385 2 0.514017 0.350461 2 0.508797 0.352269 2 0.514465 0.371388 2 0.509374 0.373230 2
0 0.550595 0.334656 0.017857 0.103175 0.550737 0.298240 2 0.551849 0.296508 2 0.549747 0.296381 2 0.553411 0.298210 2 0.548221 0.297866 2 0.554941 0.309983 2 0.545973 0.309180 2 0.556276 0.323612 2 0.543494 0.320628 2 0.555503 0.334636 2 0.543478 0.330309 2 0.552459 0.335022 2 0.546380 0.334640 2 0.551250 0.354804 2 0.545193 0.354757 2 0.551854 0.373654 2 0.544913 0.373699 2
0 0.533482 0.349206 0.014881 0.076720 0.531931 0.325005 2 0.532711 0.323494 2 0.531067 0.323785 2 0.534211 0.324109 2 0.530039 0.324877 2 0.535671 0.331341 2 0.530286 0.332415 2 0.537550 0.339342 2 0.529648 0.339960 2 0.536149 0.342738 2 0.531438 0.341278 2 0.536001 0.347866 2 0.532389 0.348485 2 0.536359 0.360569 2 0.532735 0.361674 2 0.538128 0.374693 2 0.533138 0.376079 2
0 0.559896 0.324074 0.018601 0.082011 0.560323 0.293499 2 0.561267 0.291719 2 0.559158 0.291726 2 0.562484 0.293300 2 0.557130 0.293259 2 0.564269 0.304887 2 0.554923 0.304799 2 0.567149 0.316487 2 0.553963 0.318386 1 0.563895 0.324249 2 0.556328 0.329684 1 0.562032 0.331798 2 0.555722 0.331591 2 0.561840 0.351705 2 0.555625 0.351191 2 0.562140 0.370933 2 0.555519 0.369289 2
