0 0.741334 0.316993 0.013130 0.058824 0.743874 0.300357 2 0.744319 0.299194 2 0.743080 0.298864 2 0.744182 0.300753 1 0.741144 0.299938 2 0.742565 0.309204 2 0.739099 0.308305 2 0.741978 0.319037 1 0.737760 0.320600 2 0.743804 0.319520 1 0.740796 0.326345 2 0.740762 0.326242 2 0.738422 0.326306 2 0.744761 0.334954 2 0.743614 0.334574 2 0.741501 0.348852 2 0.740643 0.348134 2
0 0.752101 0.321662 0.016807 0.049486 0.752915 0.307180 2 0.753626 0.306045 2 0.752598 0.305610 2 0.753825 0.304593 1 0.751111 0.303400 2 0.751774 0.309668 2 0.747667 0.308893 2 0.751233 0.318955 2 0.745842 0.317845 2 0.753552 0.321008 2 0.749806 0.320909 2 0.749920 0.327516 2 0.746836 0.328187 2 0.753181 0.339812 2 0.748254 0.342349 2 0.752329 0.350450 2 0.745238 0.352898 2
0 0.262342 0.746499 0.020483 0.073763 0.261207 0.719453 2 0.261479 0.718170 2 0.260454 0.718057 2 0.260380 0.719618 1 0.258966 0.719434 2 0.258023 0.727484 2 0.260014 0.728957 2 0.260349 0.735837 1 0.262130 0.740290 2 0.265252 0.743249 1 0.265567 0.746906 2 0.259279 0.746799 2 0.261175 0.747909 2 0.260564 0.759740 2 0.265315 0.761346 2 0.260595 0.774055 2 0.265917 0.777153 2
0 0.265494 0.712418 0.024685 0.095238 0.267124 0.680809 2 0.266226 0.678957 1 0.266729 0.679193 2 0.262395 0.680015 1 0.264815 0.681376 2 0.261885 0.688902 2 0.262286 0.693934 2 0.262009 0.691913 1 0.259701 0.708849 2 0.263821 0.689214 1 0.262163 0.721779 2 0.263734 0.724294 2 0.263958 0.726921 2 0.266181 0.745877 2 0.264693 0.750018 2 0.266743 0.764836 2 0.264918 0.771270 2
0 0.814601 0.772176 0.027311 0.106443 0.820663 0.734833 1 0.820774 0.732428 1 0.821132 0.733015 1 0.818831 0.733274 2 0.824442 0.734881 2 0.814637 0.744426 2 0.826879 0.749474 2 0.809562 0.755879 2 0.825368 0.757635 2 0.814100 0.748524 1 0.819575 0.746392 1 0.812161 0.773889 2 0.820686 0.776687 2 0.808091 0.783833 2 0.817024 0.796372 2 0.805177 0.795318 2 0.813569 0.813569 2
0 0.928046 0.865546 0.033613 0.097106 0.935454 0.836030 2 0.937470 0.834581 2 0.934617 0.832970 2 0.940014 0.836992 2 0.933009 0.832673 2 0.939925 0.848495 2 0.930003 0.838508 2 0.935462 0.862484 2 0.925145 0.845388 2 0.928880 0.856231 2 0.924651 0.848789 2 0.931933 0.865225 2 0.925263 0.859278 2 0.928560 0.882008 2 0.921917 0.871189 2 0.925185 0.903885 2 0.923605 0.894608 2
0 0.950368 0.938375 0.035189 0.104575 0.956854 0.902552 2 0.958530 0.901970 2 0.957842 0.900047 1 0.962075 0.906542 2 0.960222 0.901130 1 0.964522 0.922526 2 0.955444 0.906854 2 0.964012 0.941365 2 0.949540 0.898385 2 0.959596 0.954844 2 0.954522 0.891088 2 0.955313 0.947126 2 0.949006 0.939609 2 0.953952 0.965856 2 0.946928 0.959629 2 0.954452 0.982267 2 0.948064 0.980473 2
0 0.955357 0.902894 0.033613 0.104575 0.957335 0.901676 2 0.959255 0.901239 2 0.958167 0.898832 1 0.962980 0.906680 2 0.960104 0.900135 1 0.965262 0.923356 2 0.955367 0.908334 2 0.964228 0.940944 2 0.949007 0.897296 2 0.959939 0.956498 2 0.951490 0.888784 2 0.956417 0.953057 2 0.949309 0.946456 2 0.955798 0.972077 1 0.949085 0.965240 1 0.956323 0.967796 1 0.948621 0.966972 1
0 0.471376 0.348739 0.017332 0.070028 0.471197 0.325886 2 0.471989 0.324374 2 0.470477 0.324307 2 0.473141 0.324003 2 0.469290 0.323831 2 0.475291 0.330576 2 0.467860 0.330938 2 0.476884 0.339729 2 0.466045 0.339787 2 0.477375 0.347547 2 0.466585 0.348099 2 0.474291 0.348892 2 0.469039 0.349239 2 0.476820 0.359327 2 0.468038 0.360501 2 0.476654 0.370680 2 0.467943 0.374597 2
0 0.599265 0.061158 0.012605 0.032680 0.600797 0.053709 2 0.601279 0.052937 2 0.600434 0.052819 2 0.601910 0.052792 2 0.599907 0.052497 2 0.602998 0.057416 2 0.598643 0.056726 2 0.604483 0.065146 2 0.596668 0.061666 2 0.602579 0.070733 2 0.596506 0.062647 2 0.601459 0.069578 2 0.598848 0.069168 2 0.599915 0.076635 2 0.598382 0.076725 2 0.599284 0.081678 2 0.598530 0.081898 2
0 0.734506 0.393091 0.024685 0.072829 0.730731 0.366874 1 0.730759 0.365540 1 0.731119 0.365599 1 0.730718 0.366377 2 0.733673 0.366173 1 0.730984 0.374405 2 0.735056 0.373348 2 0.730536 0.384758 2 0.735400 0.381870 1 0.728194 0.391787 2 0.732629 0.387693 1 0.731844 0.396082 2 0.734570 0.395429 2 0.731193 0.411922 2 0.733194 0.411410 2 0.731801 0.426726 2 0.732975 0.425823 2
0 0.775998 0.337068 0.015231 0.070962 0.782110 0.320284 1 0.782328 0.318904 1 0.782547 0.318995 1 0.782847 0.320011 2 0.785109 0.319895 1 0.781764 0.327397 2 0.786240 0.327086 1 0.779964 0.333792 2 0.785860 0.334093 1 0.780729 0.335646 2 0.785038 0.336424 1 0.782407 0.344905 2 0.785408 0.344817 2 0.782582 0.359535 2 0.785254 0.359755 2 0.782293 0.374485 2 0.784441 0.373600 2
0 0.800945 0.349673 0.016807 0.077498 0.803591 0.327151 2 0.804445 0.325669 2 0.802893 0.325612 2 0.805411 0.324856 2 0.801312 0.324573 2 0.806213 0.332149 2 0.798339 0.331720 2 0.806278 0.342057 2 0.795623 0.341850 2 0.805482 0.350274 2 0.795552 0.352439 2 0.803594 0.354677 2 0.798130 0.354368 2 0.802975 0.370892 2 0.796482 0.370101 2 0.802504 0.381987 1 0.794614 0.380850 2
0 0.676208 0.115313 0.009979 0.055089 0.677903 0.096918 2 0.678255 0.095992 1 0.677440 0.095836 2 0.678301 0.096202 1 0.676226 0.095932 2 0.678189 0.099706 2 0.674309 0.100221 2 0.679844 0.099316 2 0.672215 0.102691 2 0.679713 0.095622 2 0.673802 0.100173 2 0.676758 0.112661 2 0.674067 0.112892 2 0.677295 0.123374 2 0.673099 0.123768 2 0.677047 0.133429 2 0.672090 0.133603 2
0 0.618697 0.057423 0.012605 0.042017 0.621508 0.043844 1 0.621616 0.043018 1 0.621049 0.043001 2 0.621493 0.043380 1 0.620016 0.043468 2 0.621803 0.047899 2 0.618731 0.048274 2 0.623449 0.050643 2 0.616953 0.053947 2 0.624088 0.047383 2 0.617395 0.059677 2 0.621011 0.059292 2 0.618952 0.059483 2 0.621243 0.066884 2 0.617922 0.067269 2 0.621196 0.073934 2 0.617174 0.073560 2
0 0.626576 0.062092 0.012605 0.040149 0.620680 0.044075 2 0.620978 0.043287 1 0.620323 0.043277 2 0.621297 0.043454 1 0.619701 0.043413 2 0.622077 0.047788 2 0.618760 0.047833 2 0.623004 0.052976 2 0.618258 0.053377 1 0.622592 0.057390 1 0.618844 0.058208 1 0.621661 0.058704 2 0.619484 0.058759 2 0.621713 0.066660 2 0.619891 0.066735 2 0.621699 0.073367 2 0.620120 0.073455 2
