0 0.659226 0.906746 0.038690 0.181217 0.662830 0.848582 2 0.664890 0.843763 2 0.660121 0.842520 2 0.664269 0.844016 1 0.654432 0.841869 2 0.653591 0.858323 2 0.656599 0.866192 2 0.663914 0.882918 2 0.669060 0.889407 2 0.671255 0.876684 2 0.676773 0.882227 2 0.657057 0.919589 2 0.658347 0.927987 2 0.672728 0.942653 2 0.662805 0.975390 2 0.664662 0.962546 2 0.656164 1.000000 2
0 0.701637 0.835317 0.049107 0.197090 0.701849 0.763948 2 0.704308 0.760474 2 0.699917 0.759900 2 0.707699 0.762708 2 0.697103 0.761176 2 0.710926 0.784029 2 0.691025 0.781458 2 0.714384 0.811949 2 0.684943 0.807518 2 0.717231 0.840966 2 0.683959 0.836092 2 0.705090 0.841102 2 0.691837 0.839776 2 0.703046 0.881293 2 0.685734 0.878885 2 0.698777 0.921191 2 0.684910 0.916530 2
0 0.639881 0.808201 0.066964 0.126984 0.662854 0.847841 2 0.664847 0.843374 2 0.660063 0.843087 2 0.665000 0.841824 1 0.654727 0.841839 2 0.652289 0.856804 2 0.657254 0.865064 2 0.660009 0.875396 2 0.668725 0.889867 2 0.670305 0.878330 2 0.678595 0.882902 2 0.651876 0.891707 1 0.655285 0.896825 1 0.673820 0.872102 1 0.678358 0.891938 1 0.669980 0.884508 1 0.670123 0.896825 1
0 0.356399 0.500000 0.019345 0.066138 0.356332 0.475335 2 0.356930 0.473863 2 0.355424 0.474030 2 0.357754 0.474567 2 0.354051 0.474982 2 0.359243 0.482050 2 0.352551 0.482414 2 0.361859 0.489346 2 0.349286 0.490324 2 0.361006 0.490985 2 0.350480 0.500022 2 0.359068 0.501198 2 0.354441 0.501679 2 0.361203 0.514609 2 0.352762 0.516342 2 0.362607 0.529714 2 0.353257 0.531068 2
0 0.585193 0.628307 0.031994 0.126984 0.574022 0.591566 2 0.574085 0.589424 1 0.573546 0.589196 2 0.572670 0.589029 1 0.571058 0.588429 2 0.573746 0.597901 2 0.565592 0.599022 2 0.575059 0.612811 1 0.566274 0.614677 2 0.573061 0.613862 1 0.573373 0.614694 2 0.574800 0.627079 2 0.569199 0.628612 2 0.575493 0.648733 2 0.572547 0.652496 2 0.569171 0.667527 2 0.570180 0.672620 2
0 0.575521 0.630291 0.030506 0.104497 0.574184 0.591756 2 0.574301 0.589628 1 0.573833 0.589214 2 0.572015 0.589579 1 0.571272 0.588339 2 0.572651 0.597864 2 0.565727 0.599150 2 0.576123 0.610875 1 0.565788 0.616409 2 0.574313 0.609586 1 0.572821 0.614227 2 0.573786 0.628311 2 0.569590 0.629506 2 0.573479 0.651634 2 0.574749 0.652923 2 0.564843 0.670389 2 0.572335 0.674454 2
0 0.497768 0.563492 0.022321 0.100529 0.498219 0.526016 1 0.498208 0.524106 1 0.498818 0.524268 1 0.497152 0.525971 2 0.502211 0.525929 2 0.495552 0.537834 2 0.504437 0.537025 2 0.493451 0.551956 2 0.506799 0.549954 2 0.492317 0.563979 2 0.506831 0.560638 2 0.496831 0.561782 2 0.502777 0.561326 2 0.497165 0.584014 2 0.502634 0.583149 2 0.497953 0.604610 2 0.502653 0.603116 2
0 0.528274 0.605820 0.029762 0.113757 0.529515 0.559897 1 0.529377 0.557756 1 0.530187 0.557862 1 0.526898 0.559100 2 0.533506 0.559381 2 0.523512 0.572291 2 0.535619 0.573141 2 0.520639 0.589345 2 0.538184 0.590310 2 0.519507 0.603783 2 0.538100 0.604344 2 0.524913 0.605369 2 0.532814 0.605807 2 0.525664 0.627186 2 0.530940 0.629210 2 0.527162 0.649859 2 0.529041 0.652004 2
0 0.528646 0.556878 0.023065 0.095238 0.528724 0.560307 1 0.528696 0.558278 1 0.529446 0.558533 1 0.526785 0.559444 2 0.532916 0.559834 2 0.523240 0.572724 2 0.535227 0.572941 2 0.520210 0.589727 2 0.538240 0.588859 2 0.519251 0.603530 2 0.537812 0.603149 2 0.524921 0.606006 2 0.532618 0.606191 2 0.524520 0.622199 1 0.531109 0.622272 1 0.526116 0.619429 1 0.528627 0.619355 1
0 0.483259 0.562831 0.020089 0.099206 0.488190 0.529816 1 0.488172 0.527999 1 0.488671 0.528213 1 0.486088 0.528835 2 0.490570 0.529397 2 0.482904 0.538441 2 0.491118 0.540095 2 0.478784 0.549948 2 0.491284 0.553434 2 0.478125 0.562014 2 0.491425 0.564080 2 0.482662 0.563649 2 0.487987 0.564496 2 0.483793 0.580885 2 0.487735 0.582664 2 0.484423 0.597073 2 0.486762 0.599417 2
0 0.508557 0.527116 0.015625 0.085979 0.498860 0.526849 1 0.498849 0.525055 1 0.499230 0.525175 1 0.498262 0.526454 1 0.501849 0.526598 2 0.497768 0.537201 1 0.503845 0.537369 2 0.497915 0.548475 1 0.505720 0.549261 2 0.499233 0.554848 1 0.505206 0.557484 2 0.498575 0.559841 2 0.502894 0.559645 2 0.498566 0.579643 1 0.503102 0.579089 2 0.499359 0.586806 1 0.504045 0.586806 2
0 0.491071 0.521164 0.017857 0.082011 0.498037 0.526916 1 0.498098 0.525003 1 0.498869 0.525070 1 0.497077 0.526583 2 0.501926 0.526272 1 0.494731 0.538420 2 0.502864 0.537510 2 0.492878 0.552829 2 0.502976 0.550036 1 0.492419 0.564613 2 0.502976 0.560786 1 0.496462 0.560119 2 0.501863 0.560064 2 0.496925 0.577821 2 0.501867 0.578042 1 0.496918 0.578042 1 0.500353 0.578042 1
0 0.442336 0.433201 0.017113 0.054233 0.442489 0.414049 2 0.442994 0.413051 2 0.442122 0.413197 2 0.444165 0.412708 2 0.441800 0.413117 1 0.445810 0.417511 2 0.441748 0.418069 2 0.446819 0.424685 2 0.441400 0.425175 2 0.445252 0.431693 2 0.441012 0.431541 2 0.445254 0.432186 2 0.442069 0.432155 2 0.445500 0.442976 2 0.440163 0.442913 2 0.448017 0.452520 2 0.439543 0.453062 2
