0 0.797006 0.479458 0.021534 0.077498 0.795213 0.445618 1 0.795163 0.444081 1 0.795513 0.444176 1 0.794138 0.444802 2 0.797585 0.444970 2 0.792474 0.453609 2 0.799336 0.453441 2 0.790090 0.463972 2 0.801053 0.464029 2 0.787803 0.472264 2 0.800849 0.472312 2 0.792635 0.473011 2 0.797125 0.472525 2 0.791700 0.487478 2 0.795649 0.486588 2 0.791646 0.501984 2 0.794666 0.500235 2
0 0.823529 0.521942 0.023109 0.080299 0.827136 0.494026 1 0.826883 0.492287 1 0.827280 0.492550 1 0.824753 0.493066 2 0.828429 0.493773 2 0.822764 0.502718 2 0.830042 0.503667 2 0.820557 0.512561 2 0.831906 0.514754 2 0.818007 0.517015 1 0.830611 0.514158 1 0.822065 0.523136 2 0.826666 0.522898 2 0.819420 0.539382 2 0.822431 0.537273 2 0.820667 0.554684 2 0.821721 0.550594 2
0 0.775210 0.491130 0.021008 0.087768 0.772773 0.464233 1 0.772992 0.462577 1 0.773418 0.462740 1 0.773239 0.463218 2 0.777224 0.463009 2 0.772073 0.471760 2 0.779520 0.471316 2 0.769781 0.483958 2 0.781068 0.482946 2 0.768523 0.493717 2 0.781397 0.492411 2 0.772765 0.493170 2 0.777971 0.492891 2 0.770254 0.508434 2 0.777106 0.508705 2 0.769892 0.522161 2 0.777509 0.522288 2
0 0.484244 0.915500 0.033613 0.142857 0.489686 0.867528 1 0.487819 0.864242 1 0.489207 0.864790 1 0.478908 0.864710 1 0.486478 0.866914 2 0.474285 0.879842 2 0.487478 0.884297 2 0.471273 0.893804 2 0.491710 0.906472 2 0.472548 0.905589 2 0.497552 0.921458 2 0.477307 0.920566 2 0.486562 0.922422 2 0.478464 0.949069 2 0.489073 0.947383 2 0.477438 0.974621 2 0.490454 0.974366 2
0 0.662553 0.244164 0.013130 0.040149 0.664906 0.231831 1 0.664531 0.231076 1 0.664879 0.231132 1 0.662684 0.231188 1 0.664391 0.231609 2 0.661773 0.234864 2 0.663466 0.235608 2 0.660984 0.239751 1 0.662373 0.241290 2 0.662734 0.243837 1 0.664352 0.245577 2 0.661286 0.246528 2 0.662516 0.246920 2 0.661422 0.254854 2 0.662705 0.255181 2 0.661117 0.262208 2 0.662650 0.263226 2
0 0.714023 0.354342 0.014181 0.045752 0.716711 0.335350 2 0.717255 0.334468 2 0.716304 0.334407 2 0.718079 0.335184 2 0.715770 0.334911 2 0.718389 0.342113 2 0.714172 0.341166 2 0.720006 0.347978 2 0.712190 0.347392 2 0.720073 0.349264 2 0.712467 0.348715 2 0.716990 0.357604 2 0.714022 0.356948 2 0.716193 0.369829 2 0.712850 0.368188 2 0.715091 0.379274 2 0.709655 0.375194 2
0 0.671481 0.225490 0.008929 0.036415 0.671066 0.221722 2 0.671373 0.220828 2 0.670578 0.221094 2 0.672040 0.219734 2 0.670140 0.220323 2 0.673506 0.222386 2 0.670649 0.222445 2 0.674724 0.228389 2 0.671464 0.227457 1 0.673710 0.233454 2 0.671712 0.233882 1 0.673505 0.233701 2 0.671541 0.233539 2 0.673352 0.242618 2 0.671292 0.242348 2 0.674058 0.248066 2 0.671648 0.247722 1
0 0.674895 0.240896 0.006303 0.035481 0.674485 0.229469 2 0.674888 0.228773 2 0.674223 0.228753 2 0.675618 0.229122 2 0.673989 0.229087 1 0.676259 0.233560 2 0.673226 0.233391 2 0.676908 0.239096 2 0.672067 0.238374 2 0.676466 0.244026 2 0.671944 0.243229 1 0.675097 0.244268 2 0.673118 0.244183 2 0.674588 0.252010 2 0.673052 0.252159 2 0.674545 0.259701 2 0.672817 0.259452 2
0 0.672006 0.240430 0.007878 0.042017 0.670918 0.221673 2 0.671235 0.220628 2 0.670489 0.220889 2 0.672111 0.219722 2 0.670373 0.220396 1 0.673437 0.223344 2 0.670878 0.223987 2 0.674496 0.230067 2 0.670778 0.230759 2 0.673532 0.234992 2 0.670601 0.236069 2 0.673085 0.237376 2 0.671342 0.237474 2 0.673252 0.249186 2 0.671037 0.249322 2 0.673832 0.261292 2 0.670994 0.261145 2
0 0.704307 0.262372 0.007353 0.041083 0.704957 0.249568 2 0.705411 0.248809 2 0.704549 0.248760 2 0.706024 0.249340 2 0.703987 0.249266 2 0.706821 0.253880 2 0.703156 0.254070 2 0.708479 0.256792 2 0.701775 0.259492 2 0.707361 0.253125 2 0.700922 0.265022 2 0.705427 0.265560 2 0.703133 0.265321 2 0.704958 0.274095 2 0.702934 0.273973 2 0.704393 0.282464 2 0.702687 0.282646 2
0 0.713235 0.263305 0.011555 0.039216 0.705547 0.250046 2 0.705725 0.249222 2 0.705386 0.249266 1 0.706080 0.249332 2 0.705617 0.249425 1 0.706695 0.253519 2 0.706243 0.253571 1 0.708142 0.256603 2 0.707287 0.256651 1 0.707272 0.253267 2 0.706317 0.254093 1 0.705904 0.264607 2 0.705613 0.264416 2 0.705422 0.272921 2 0.705410 0.272979 1 0.705357 0.281450 2 0.705357 0.281145 1
0 0.643382 0.249300 0.011555 0.033613 0.645269 0.239745 2 0.645171 0.239105 1 0.645001 0.239063 2 0.644561 0.239599 1 0.644027 0.239556 2 0.644762 0.243654 2 0.642766 0.243496 2 0.645335 0.247819 2 0.641821 0.247536 2 0.645592 0.250100 2 0.642977 0.248896 2 0.644313 0.251971 2 0.642985 0.252024 2 0.644396 0.258998 2 0.642867 0.258944 2 0.644069 0.265237 2 0.642595 0.265000 2
0 0.671218 0.245565 0.009454 0.041083 0.670865 0.221410 2 0.671148 0.220336 2 0.670363 0.220727 2 0.671975 0.219470 2 0.670113 0.220496 1 0.673668 0.222936 2 0.671055 0.224121 2 0.675054 0.228404 2 0.671731 0.230007 1 0.674307 0.233207 2 0.671571 0.234612 1 0.673578 0.236254 2 0.671837 0.236509 2 0.673590 0.248260 2 0.671929 0.248400 2 0.674117 0.260235 2 0.672119 0.260458 2
0 0.488971 0.323996 0.013655 0.050420 0.493338 0.315128 1 0.493128 0.313975 1 0.493354 0.314264 1 0.491376 0.313261 2 0.493594 0.314088 2 0.489136 0.315494 2 0.493882 0.317723 2 0.486788 0.320778 2 0.495153 0.325870 2 0.487516 0.325738 2 0.495465 0.331813 2 0.488542 0.320440 2 0.491974 0.321697 2 0.488410 0.330226 2 0.493381 0.331464 2 0.487890 0.340768 2 0.494119 0.341121 2
0 0.967962 0.454248 0.014706 0.060691 0.975263 0.437204 2 0.975430 0.435625 1 0.974601 0.435358 2 0.973671 0.435344 1 0.971472 0.434972 2 0.971512 0.442391 2 0.968325 0.442445 2 0.969560 0.453848 1 0.964171 0.451857 2 0.968706 0.463248 1 0.962301 0.461132 2 0.967893 0.464411 2 0.966180 0.464768 2 0.966658 0.478655 2 0.966913 0.480896 2 0.963812 0.486331 1 0.965946 0.491230 2
0 0.986082 0.459384 0.013130 0.065359 0.993018 0.442352 2 0.993724 0.440910 2 0.992402 0.440931 2 0.994578 0.440219 1 0.991226 0.440244 2 0.994467 0.446145 2 0.989570 0.446359 2 0.994960 0.453928 1 0.986573 0.455462 2 0.994847 0.457076 1 0.985081 0.463661 2 0.991260 0.462322 2 0.988231 0.462037 2 0.989278 0.474869 2 0.986949 0.474406 2 0.986666 0.488742 2 0.983540 0.488073 2
0 0.765231 0.440243 0.017857 0.071895 0.765127 0.414971 1 0.765197 0.413508 1 0.765612 0.413832 1 0.764124 0.414069 2 0.767730 0.414601 2 0.761433 0.421836 2 0.769125 0.422930 2 0.758673 0.432090 2 0.770207 0.434104 2 0.757197 0.441075 2 0.769602 0.443975 2 0.760703 0.442377 2 0.765633 0.442829 2 0.760545 0.456751 2 0.763811 0.457837 2 0.761649 0.470489 2 0.762798 0.471177 2
