0 0.588356 0.699074 0.007812 0.039683 0.588558 0.682277 1 0.588647 0.681489 1 0.588785 0.681569 1 0.588917 0.681931 2 0.590628 0.681897 2 0.588854 0.686599 2 0.592093 0.686459 2 0.588111 0.692967 2 0.592440 0.692319 1 0.586781 0.697781 2 0.590839 0.695615 1 0.588976 0.698906 2 0.591227 0.698714 2 0.588341 0.707160 2 0.590576 0.707391 2 0.588325 0.715620 2 0.590321 0.716139 2
0 0.034226 0.859458 0.012649 0.046958 0.036207 0.840288 2 0.036776 0.839535 2 0.035747 0.838970 2 0.036917 0.840504 1 0.034416 0.839240 2 0.035994 0.845715 2 0.031963 0.845834 2 0.036216 0.851729 2 0.031346 0.854489 2 0.037975 0.850262 2 0.035289 0.852552 2 0.036533 0.860442 2 0.033637 0.861169 2 0.038057 0.870126 2 0.033995 0.871689 2 0.038644 0.879591 2 0.034473 0.881583 2
0 0.168527 0.719246 0.010417 0.036376 0.166581 0.708616 2 0.166899 0.707703 2 0.166214 0.707848 2 0.167622 0.707892 2 0.166088 0.708215 1 0.168784 0.712026 2 0.167041 0.712837 2 0.171728 0.715588 2 0.169312 0.717742 1 0.172690 0.717524 2 0.169839 0.721882 1 0.168989 0.724521 2 0.167735 0.724716 2 0.168549 0.730471 2 0.167019 0.730391 1 0.169447 0.736203 1 0.167003 0.735885 1
0 0.203683 0.782077 0.012277 0.035053 0.203471 0.762185 2 0.204012 0.761041 2 0.203133 0.761136 2 0.205292 0.760723 2 0.202873 0.761019 1 0.206465 0.765792 2 0.202891 0.765677 2 0.207838 0.773112 2 0.201444 0.770479 2 0.206914 0.777959 2 0.200017 0.774151 2 0.206017 0.777302 2 0.203292 0.777204 2 0.207848 0.781920 2 0.201396 0.782557 2 0.209971 0.788388 1 0.201991 0.789318 1
0 0.204241 0.773148 0.007440 0.038360 0.203527 0.761822 2 0.204191 0.760517 2 0.202989 0.760503 2 0.205416 0.760066 2 0.202374 0.760044 2 0.207052 0.765896 2 0.201840 0.765509 2 0.208633 0.773774 2 0.200887 0.771544 2 0.207222 0.778081 2 0.199937 0.775638 2 0.205967 0.780048 2 0.202514 0.779698 2 0.206784 0.786944 2 0.201530 0.786856 2 0.206342 0.795718 2 0.202393 0.796300 2
0 0.171131 0.887566 0.014881 0.044974 0.171845 0.873112 2 0.172422 0.872278 2 0.171642 0.872146 2 0.173693 0.872303 2 0.171716 0.871885 1 0.175500 0.876487 2 0.170974 0.874711 2 0.175849 0.881856 2 0.168296 0.880426 2 0.173022 0.886189 2 0.165494 0.885001 2 0.175287 0.888932 2 0.172113 0.887223 2 0.174273 0.898936 2 0.169059 0.893101 2 0.175472 0.908928 2 0.170530 0.901088 2
0 0.129278 0.935516 0.012277 0.044312 0.130364 0.919780 2 0.131076 0.918887 2 0.129952 0.918576 2 0.132082 0.919203 2 0.129391 0.918516 2 0.133232 0.923830 2 0.128177 0.923789 2 0.135245 0.929837 2 0.125757 0.929603 2 0.134458 0.935621 2 0.124297 0.936823 2 0.132852 0.938413 2 0.129533 0.938465 2 0.133054 0.948111 1 0.128501 0.949230 1 0.132987 0.953775 1 0.127717 0.956556 1
0 0.254650 0.657407 0.007068 0.034392 0.252706 0.645954 1 0.252831 0.645219 1 0.252933 0.645235 1 0.253122 0.645663 2 0.254587 0.645514 2 0.252592 0.650072 2 0.255571 0.649561 2 0.251625 0.654665 2 0.256907 0.653202 2 0.252152 0.657915 2 0.256178 0.656157 2 0.253477 0.658956 2 0.255579 0.658847 2 0.253914 0.666030 2 0.256373 0.666243 2 0.253982 0.673840 2 0.257445 0.673275 2
0 0.415365 0.650794 0.008557 0.031746 0.416856 0.640679 2 0.416549 0.639894 1 0.416754 0.640047 2 0.415056 0.639679 1 0.416136 0.640345 2 0.413843 0.642331 2 0.415148 0.644582 2 0.415453 0.646933 2 0.416706 0.649979 2 0.418458 0.649739 2 0.418893 0.650990 2 0.413880 0.652279 2 0.414718 0.654107 2 0.417407 0.654890 2 0.417778 0.659741 2 0.416541 0.662804 2 0.416827 0.668070 2
0 0.234375 0.653439 0.009673 0.031746 0.235961 0.643469 2 0.235743 0.642981 1 0.235790 0.642906 2 0.234709 0.643598 1 0.235255 0.643575 2 0.233606 0.646960 2 0.235349 0.647110 2 0.235488 0.650943 1 0.237390 0.650822 2 0.238397 0.651504 1 0.239105 0.651015 2 0.234196 0.655933 2 0.235315 0.656561 2 0.238345 0.656585 2 0.239515 0.657928 2 0.238310 0.665268 2 0.238663 0.666233 2
0 0.199777 0.652778 0.008185 0.026455 0.201796 0.644314 1 0.201493 0.643658 1 0.201805 0.643750 1 0.199924 0.643514 1 0.201447 0.643943 2 0.198813 0.646224 2 0.200657 0.646605 2 0.199386 0.650543 1 0.201552 0.650820 2 0.202659 0.651468 1 0.203373 0.651324 2 0.198039 0.654163 2 0.199227 0.654809 2 0.202618 0.654594 2 0.203287 0.655268 2 0.202556 0.661679 2 0.203144 0.662053 2
0 0.459263 0.637897 0.008557 0.025794 0.460950 0.630263 2 0.460687 0.629619 1 0.460804 0.629606 2 0.459403 0.629695 1 0.459837 0.629873 2 0.458233 0.632893 2 0.459024 0.633301 2 0.460116 0.637100 2 0.460826 0.637439 2 0.462890 0.637906 2 0.463183 0.638368 2 0.457989 0.641417 2 0.458469 0.642201 2 0.462379 0.642089 2 0.462683 0.643592 2 0.462967 0.650106 2 0.463019 0.651195 2
0 0.465402 0.691799 0.008185 0.038360 0.469018 0.675228 1 0.468611 0.674580 1 0.468952 0.674666 1 0.467246 0.674662 1 0.468395 0.675104 2 0.466127 0.678789 2 0.467524 0.679678 2 0.464521 0.683981 2 0.467637 0.685590 2 0.464047 0.688207 2 0.468127 0.689624 2 0.466298 0.689115 2 0.466528 0.689726 2 0.468073 0.696557 2 0.465023 0.698271 2 0.468735 0.703464 2 0.461300 0.704541 2
0 0.328125 0.508598 0.003720 0.021164 0.329213 0.499292 1 0.329262 0.498872 1 0.329035 0.498865 2 0.329125 0.498901 1 0.328571 0.498926 2 0.329434 0.501101 2 0.327777 0.501161 2 0.329946 0.504075 2 0.327440 0.504222 2 0.330025 0.506786 2 0.327503 0.507462 2 0.329367 0.507247 2 0.328233 0.507401 2 0.329981 0.511804 2 0.328539 0.512147 2 0.330251 0.516304 2 0.328891 0.516417 2
0 0.553943 0.728175 0.007440 0.038360 0.555124 0.720509 2 0.555537 0.719795 2 0.554743 0.719780 2 0.556137 0.720089 2 0.554205 0.720068 2 0.557199 0.724183 2 0.553395 0.724083 2 0.558031 0.729932 2 0.552815 0.727881 2 0.557533 0.735056 2 0.554415 0.723362 2 0.556163 0.735719 2 0.553533 0.735594 2 0.556432 0.745096 2 0.553629 0.744530 2 0.556650 0.752501 2 0.553685 0.752215 2
0 0.543341 0.708333 0.007068 0.043651 0.541762 0.696242 2 0.542146 0.695437 2 0.541564 0.695512 1 0.542927 0.695643 2 0.541658 0.695810 1 0.543778 0.699667 2 0.541264 0.699415 2 0.544044 0.704978 2 0.540614 0.704831 2 0.542455 0.702414 2 0.540518 0.704838 1 0.543312 0.710783 2 0.541562 0.710506 2 0.543447 0.719698 2 0.541417 0.718965 2 0.544059 0.728584 2 0.542372 0.726999 2
0 0.640439 0.701389 0.008557 0.032407 0.642773 0.687433 2 0.642635 0.686840 1 0.642396 0.686844 2 0.641963 0.687281 1 0.640994 0.687322 2 0.641599 0.691416 2 0.640008 0.691488 2 0.642438 0.696128 2 0.641047 0.696247 2 0.643307 0.693888 2 0.643126 0.693620 2 0.641612 0.702043 2 0.640087 0.702200 2 0.642394 0.708638 2 0.638660 0.709179 2 0.642061 0.714251 2 0.635979 0.714267 2
0 0.575707 0.687500 0.006324 0.035053 0.577251 0.685246 1 0.577267 0.684583 1 0.577453 0.684612 1 0.576674 0.685102 2 0.578487 0.685184 2 0.575435 0.689270 2 0.578970 0.689538 2 0.574325 0.694320 2 0.579509 0.694877 2 0.574858 0.697031 2 0.579235 0.697310 1 0.575921 0.699479 2 0.578272 0.699605 2 0.575914 0.707117 2 0.577880 0.707498 2 0.576257 0.711609 2 0.577502 0.711483 2
0 0.580357 0.682209 0.007440 0.036376 0.577411 0.685278 1 0.577371 0.684517 1 0.577623 0.684640 1 0.576635 0.684874 2 0.578579 0.685178 2 0.575498 0.689230 2 0.579172 0.689830 2 0.575149 0.694544 1 0.580011 0.695504 2 0.575345 0.698756 1 0.579831 0.699452 2 0.575745 0.699764 2 0.578198 0.700010 2 0.575648 0.706640 1 0.577870 0.707103 2 0.576075 0.707672 1 0.577580 0.707672 1
0 0.730655 0.529431 0.005952 0.024471 0.732204 0.522797 1 0.732301 0.522402 1 0.732400 0.522458 1 0.732505 0.522731 2 0.733317 0.522760 1 0.732311 0.524837 2 0.733578 0.525027 2 0.731352 0.527101 2 0.734222 0.527882 2 0.730389 0.527204 2 0.733675 0.529215 2 0.732144 0.530374 2 0.732895 0.530390 2 0.731734 0.534410 2 0.732217 0.534649 2 0.731573 0.538913 2 0.732257 0.538929 2
0 0.503906 0.695106 0.006324 0.037037 0.507866 0.687651 2 0.507613 0.686920 1 0.507670 0.686913 2 0.506103 0.687228 1 0.506670 0.687366 2 0.504934 0.691407 2 0.506027 0.691795 2 0.505051 0.696614 1 0.505740 0.697717 2 0.506639 0.700520 1 0.506958 0.701483 2 0.504804 0.702365 2 0.505729 0.702637 2 0.504676 0.709994 2 0.506139 0.710139 2 0.504310 0.717067 2 0.506095 0.717339 2
0 0.521391 0.682870 0.007068 0.032407 0.525961 0.661085 1 0.525958 0.660714 1 0.525834 0.660714 1 0.525682 0.660714 1 0.525532 0.660724 1 0.525526 0.663323 1 0.524909 0.663593 2 0.525203 0.668343 1 0.524402 0.668691 2 0.525517 0.672190 1 0.525490 0.672788 2 0.525917 0.671850 1 0.525534 0.672121 2 0.525814 0.677190 1 0.525660 0.677622 2 0.525249 0.682794 1 0.525305 0.682898 2
0 0.533110 0.700066 0.008185 0.037698 0.535764 0.690389 1 0.535531 0.689456 1 0.535789 0.689607 1 0.533634 0.688801 1 0.535475 0.689283 2 0.532418 0.692149 2 0.534033 0.692986 2 0.532463 0.697926 1 0.534733 0.699673 2 0.534100 0.701817 1 0.535111 0.703077 2 0.531873 0.703996 2 0.533296 0.704532 2 0.531908 0.710940 2 0.535211 0.711350 2 0.530794 0.718149 2 0.536575 0.717507 2
0 0.296689 0.684524 0.007068 0.031746 0.293736 0.679355 1 0.293776 0.678617 1 0.294015 0.678607 1 0.294215 0.678892 2 0.295778 0.678622 2 0.294833 0.682999 2 0.297436 0.682589 2 0.293510 0.688107 2 0.298201 0.688162 1 0.292039 0.688934 2 0.297064 0.690635 1 0.295945 0.693555 2 0.297425 0.692927 2 0.292402 0.696119 2 0.293454 0.695031 2 0.294488 0.702400 2 0.294911 0.701773 1
0 0.577939 0.611772 0.007068 0.026455 0.580079 0.608478 2 0.579777 0.607764 1 0.580040 0.607847 2 0.578371 0.607584 1 0.579612 0.607849 2 0.577546 0.610827 2 0.579626 0.611223 2 0.577151 0.614704 2 0.581366 0.614619 2 0.577843 0.617859 2 0.580760 0.617212 2 0.577940 0.618971 2 0.579302 0.619345 2 0.579212 0.621332 1 0.580701 0.622174 1 0.578466 0.623289 1 0.580538 0.624354 1
0 0.241443 0.667659 0.008929 0.035053 0.241523 0.658184 2 0.241314 0.657679 1 0.241418 0.657565 2 0.240367 0.658172 1 0.240795 0.658003 2 0.240284 0.660995 2 0.240143 0.661028 2 0.241958 0.664920 1 0.242147 0.664718 2 0.242925 0.664567 1 0.243161 0.664486 2 0.240661 0.669880 2 0.240484 0.670273 2 0.243429 0.673723 2 0.243069 0.674648 2 0.243070 0.681135 2 0.243354 0.682398 2
0 0.651600 0.620701 0.007068 0.025794 0.652694 0.610775 1 0.652535 0.610149 1 0.652721 0.610211 1 0.651353 0.610323 2 0.652890 0.610565 2 0.650486 0.613425 2 0.653096 0.613893 2 0.650057 0.616843 1 0.653841 0.617993 2 0.649889 0.619434 1 0.653891 0.621076 2 0.650114 0.621313 2 0.651926 0.621573 2 0.651041 0.625604 2 0.653198 0.625447 2 0.650463 0.627913 1 0.652518 0.627773 2
0 0.624814 0.614749 0.007068 0.025794 0.626200 0.605481 1 0.625980 0.604828 1 0.626144 0.604887 2 0.624707 0.604513 1 0.625649 0.604734 2 0.623228 0.607018 2 0.625126 0.607152 2 0.624084 0.610410 1 0.626946 0.610931 2 0.626465 0.612887 1 0.629046 0.612818 2 0.622870 0.615424 2 0.624080 0.615762 2 0.625885 0.617802 2 0.627493 0.617607 2 0.624160 0.624707 2 0.625523 0.622975 2
0 0.590402 0.612434 0.006696 0.031746 0.591941 0.604088 2 0.591846 0.603456 1 0.591934 0.603419 2 0.590916 0.602921 1 0.591279 0.602829 2 0.590008 0.604954 2 0.590173 0.605213 2 0.591365 0.608818 2 0.592011 0.609140 2 0.592814 0.609759 2 0.593791 0.608302 2 0.590204 0.612445 2 0.590291 0.613052 2 0.593222 0.615054 2 0.593823 0.615938 2 0.592500 0.622313 2 0.593390 0.622627 2
0 0.670945 0.608135 0.007812 0.024471 0.671526 0.600418 1 0.671161 0.599844 1 0.671519 0.599852 1 0.669645 0.599988 1 0.671052 0.600163 2 0.668768 0.602612 2 0.670488 0.602954 2 0.670724 0.606175 1 0.672564 0.606480 2 0.673246 0.606788 1 0.673752 0.606904 2 0.668953 0.610715 2 0.670023 0.611356 2 0.672857 0.610023 2 0.674019 0.611153 2 0.671405 0.617200 2 0.671999 0.617771 2
0 0.493118 0.639220 0.010789 0.032407 0.493946 0.628993 1 0.493538 0.628522 1 0.493851 0.628475 1 0.492147 0.629117 1 0.493398 0.629205 2 0.491599 0.632287 2 0.493592 0.632414 2 0.493711 0.635301 1 0.496038 0.635194 2 0.495790 0.636175 1 0.497630 0.636946 2 0.491586 0.640519 2 0.492886 0.640875 2 0.494826 0.641610 2 0.496131 0.642537 2 0.494042 0.647494 2 0.495068 0.648785 2
0 0.624442 0.852183 0.013765 0.037698 0.622292 0.842698 1 0.622293 0.841630 1 0.622749 0.841458 1 0.622744 0.841397 2 0.625370 0.840812 2 0.622310 0.847021 2 0.626607 0.845806 2 0.619721 0.853551 2 0.628014 0.852753 2 0.619724 0.853415 2 0.627865 0.858367 2 0.623029 0.859707 2 0.625777 0.858901 2 0.621558 0.865471 2 0.623722 0.864766 2 0.621809 0.871397 2 0.624516 0.870034 2
0 0.603237 0.717923 0.010045 0.039021 0.603024 0.697861 2 0.603562 0.696982 2 0.603117 0.697126 1 0.604710 0.698750 2 0.604548 0.698750 2 0.603899 0.705471 2 0.606453 0.705444 2 0.602221 0.709913 2 0.608081 0.711305 2 0.602089 0.707216 2 0.608148 0.716812 2 0.604213 0.718329 2 0.605735 0.718158 2 0.604128 0.726005 2 0.605157 0.725744 2 0.604974 0.733388 2 0.605319 0.733801 2
0 0.603237 0.700728 0.009301 0.040344 0.604331 0.702059 1 0.604321 0.701358 1 0.604651 0.701401 1 0.603922 0.702042 2 0.606100 0.702040 2 0.603270 0.706751 2 0.606940 0.706477 2 0.602680 0.711872 2 0.608119 0.710911 2 0.603306 0.710267 2 0.606293 0.710417 2 0.603681 0.717704 2 0.605933 0.717497 2 0.604051 0.724489 2 0.604872 0.724770 2 0.605121 0.728681 1 0.604582 0.728681 1
0 0.182478 0.662037 0.011533 0.033069 0.184044 0.647987 2 0.183882 0.647358 1 0.183775 0.647298 2 0.182960 0.647780 1 0.182582 0.647749 2 0.182382 0.651625 2 0.181196 0.651724 2 0.183411 0.656456 2 0.182707 0.656933 2 0.185769 0.658087 2 0.185914 0.658359 2 0.182160 0.661254 2 0.181198 0.661837 2 0.185031 0.664713 1 0.183921 0.665699 2 0.184294 0.671655 1 0.182926 0.671847 1
0 0.647879 0.830357 0.013021 0.054894 0.646192 0.807836 1 0.646379 0.806674 1 0.646672 0.806772 1 0.646601 0.807104 2 0.649259 0.807012 2 0.645178 0.813482 2 0.651031 0.813247 2 0.643951 0.820329 2 0.652926 0.821467 2 0.644946 0.821487 1 0.653001 0.829285 2 0.646252 0.829316 2 0.649957 0.829164 2 0.646906 0.840496 2 0.648856 0.840431 2 0.647926 0.850532 2 0.648123 0.849767 2
0 0.815290 0.959656 0.014509 0.058201 0.817218 0.940404 1 0.817242 0.939278 1 0.817441 0.939488 1 0.815796 0.939934 2 0.819190 0.940315 2 0.813328 0.945647 2 0.820625 0.946851 2 0.810847 0.950460 2 0.823244 0.950144 2 0.813299 0.950041 1 0.820198 0.948797 1 0.813547 0.963221 2 0.818548 0.964077 2 0.812090 0.968496 2 0.817518 0.972296 2 0.810193 0.980702 2 0.816019 0.985102 2
0 0.966332 0.870701 0.010789 0.046958 0.970774 0.851378 2 0.970894 0.850308 2 0.970230 0.850135 2 0.970273 0.850690 1 0.968317 0.850245 2 0.970209 0.856739 2 0.966496 0.856247 2 0.970838 0.863363 1 0.965413 0.863417 2 0.971125 0.867864 1 0.966099 0.869828 2 0.969390 0.870601 2 0.966849 0.870378 2 0.968716 0.881121 2 0.966254 0.880538 2 0.966834 0.890435 2 0.964483 0.890526 2
0 0.974330 0.871032 0.008929 0.047619 0.975808 0.851903 2 0.976161 0.850855 2 0.975236 0.850885 2 0.976378 0.851036 1 0.973989 0.851036 2 0.976902 0.855282 2 0.972785 0.855580 2 0.978324 0.860303 2 0.971876 0.861391 2 0.977384 0.866099 2 0.972233 0.866553 2 0.975526 0.868586 2 0.972810 0.868657 2 0.975480 0.879565 2 0.972358 0.879531 2 0.974173 0.888944 2 0.972003 0.888940 2
0 0.951823 0.844246 0.008557 0.049603 0.953854 0.827447 2 0.954668 0.826443 2 0.953237 0.826282 2 0.955498 0.825797 1 0.951842 0.825196 2 0.955688 0.829748 2 0.950413 0.829354 2 0.956763 0.835375 1 0.949347 0.835976 2 0.955584 0.840915 1 0.951119 0.842345 2 0.953893 0.842926 2 0.950610 0.842543 2 0.952779 0.854009 2 0.950961 0.852586 2 0.951079 0.863779 2 0.949211 0.863509 2
0 0.942336 0.845899 0.010417 0.046296 0.946248 0.829049 2 0.946851 0.828322 2 0.945695 0.827904 2 0.947194 0.829180 1 0.944201 0.827963 2 0.947050 0.834538 2 0.941867 0.832869 2 0.947642 0.840697 2 0.939408 0.838535 2 0.947731 0.845541 2 0.939167 0.844776 2 0.945455 0.847377 2 0.942170 0.846724 2 0.945229 0.856866 2 0.942722 0.855798 2 0.942786 0.865165 2 0.941211 0.864586 2
0 0.727121 0.705688 0.007068 0.039683 0.728621 0.689022 2 0.729119 0.688326 2 0.728477 0.688220 2 0.730014 0.689133 2 0.728611 0.688884 1 0.729936 0.693960 2 0.728992 0.693563 2 0.729712 0.699988 2 0.728559 0.698868 1 0.728490 0.703634 2 0.727285 0.699853 1 0.728805 0.704456 2 0.728274 0.704098 2 0.728506 0.713261 2 0.728414 0.712842 2 0.728803 0.721360 2 0.728773 0.721115 2
0 0.851935 0.720238 0.007440 0.037037 0.853275 0.709698 2 0.853471 0.708910 2 0.853454 0.708930 1 0.854171 0.709007 2 0.854694 0.708972 1 0.854157 0.712968 2 0.855267 0.712795 2 0.853104 0.718112 2 0.854322 0.717865 1 0.851259 0.716646 2 0.852251 0.716983 1 0.853768 0.723242 2 0.854543 0.723034 2 0.853423 0.731389 2 0.854012 0.731423 2 0.853819 0.739702 2 0.854161 0.739309 2
0 0.835938 0.717262 0.008929 0.040344 0.840590 0.711638 1 0.840401 0.710825 1 0.840736 0.710935 1 0.838870 0.711128 2 0.841119 0.711573 2 0.836827 0.715472 2 0.841238 0.716246 2 0.835604 0.721707 2 0.841452 0.722797 1 0.836016 0.726637 2 0.841430 0.727455 1 0.837108 0.728714 2 0.840127 0.729180 2 0.837225 0.737717 2 0.840114 0.738877 2 0.837387 0.744137 1 0.839542 0.744267 1
0 0.840216 0.712963 0.007068 0.035714 0.840447 0.711657 1 0.840276 0.710842 1 0.840576 0.711001 1 0.838702 0.710992 2 0.841102 0.711489 2 0.836874 0.715210 2 0.841498 0.716052 2 0.835772 0.721219 2 0.842940 0.720696 2 0.836689 0.722832 1 0.842245 0.716998 1 0.837240 0.728253 2 0.840237 0.728823 2 0.837248 0.736032 1 0.839730 0.737185 2 0.837342 0.737320 1 0.838710 0.737320 1
0 0.601749 0.788360 0.008557 0.037037 0.600970 0.776263 2 0.601361 0.775425 2 0.600619 0.775558 2 0.602570 0.774948 2 0.600699 0.775364 1 0.604760 0.778553 2 0.600434 0.779126 2 0.606951 0.784348 2 0.599825 0.785022 2 0.605890 0.792460 2 0.599998 0.791372 2 0.603836 0.792049 2 0.601126 0.792078 2 0.603146 0.800214 2 0.601750 0.799985 2 0.603702 0.804914 2 0.602921 0.804534 2
0 0.820126 0.665013 0.007068 0.035053 0.822681 0.652913 1 0.822607 0.652066 1 0.822811 0.652215 1 0.821473 0.652317 2 0.823506 0.652705 2 0.820092 0.656602 2 0.823743 0.657458 2 0.819159 0.661935 2 0.824183 0.663344 2 0.819465 0.666315 1 0.824073 0.667087 1 0.820019 0.666789 2 0.822579 0.667261 2 0.819736 0.674194 2 0.822505 0.675288 2 0.819319 0.681804 2 0.821922 0.682590 2
0 0.826451 0.665675 0.007068 0.035053 0.823120 0.653401 1 0.823012 0.652576 1 0.823127 0.652674 1 0.822478 0.652897 1 0.823506 0.653189 2 0.822508 0.657043 1 0.823944 0.657570 2 0.823084 0.662133 1 0.824419 0.663499 2 0.823494 0.665749 1 0.824202 0.667074 2 0.821853 0.666870 2 0.822829 0.666853 2 0.822063 0.674741 1 0.822443 0.674488 2 0.821852 0.681966 1 0.822004 0.682260 2
0 0.865513 0.629299 0.007068 0.036376 0.866966 0.616650 1 0.867022 0.615926 1 0.867301 0.615953 1 0.866783 0.616536 2 0.868862 0.616458 1 0.866030 0.620994 2 0.869651 0.620949 2 0.865035 0.625957 2 0.869895 0.626516 2 0.865478 0.628004 2 0.869515 0.630565 1 0.866545 0.631327 2 0.868987 0.631258 2 0.866675 0.638411 2 0.868624 0.638210 2 0.866878 0.644630 2 0.868400 0.644372 2
0 0.847284 0.629960 0.005580 0.035053 0.849503 0.624019 1 0.849740 0.623380 1 0.849535 0.623359 1 0.850357 0.623779 2 0.850223 0.623694 1 0.850214 0.627293 2 0.850397 0.627086 2 0.848992 0.631124 2 0.849042 0.630785 1 0.848850 0.629114 2 0.849269 0.628731 1 0.849941 0.636386 2 0.850115 0.636281 2 0.849675 0.643889 2 0.850260 0.643945 2 0.849806 0.651392 2 0.850453 0.651576 2
0 0.853795 0.636905 0.008185 0.030423 0.853815 0.625017 1 0.853880 0.624302 1 0.854050 0.624335 1 0.854088 0.624782 2 0.855668 0.624647 1 0.853990 0.628872 2 0.856678 0.628604 2 0.853467 0.633536 2 0.857645 0.633040 2 0.853493 0.636209 2 0.856887 0.635286 2 0.854431 0.638269 2 0.856267 0.638076 2 0.854224 0.645071 2 0.855924 0.644907 2 0.854181 0.651909 2 0.856212 0.651714 2
0 0.862537 0.618717 0.008557 0.029762 0.867444 0.617535 1 0.867571 0.616813 1 0.867563 0.616849 1 0.867406 0.617171 1 0.868059 0.617215 1 0.866556 0.621074 2 0.867467 0.621016 1 0.865098 0.625967 2 0.865855 0.625917 1 0.865568 0.627639 2 0.866214 0.627947 1 0.866869 0.631334 2 0.867488 0.631536 1 0.867001 0.638455 2 0.867678 0.638885 1 0.867003 0.639530 1 0.867672 0.639530 1
0 0.861979 0.619709 0.005952 0.031746 0.861637 0.613230 1 0.861610 0.612679 1 0.861807 0.612682 1 0.861172 0.613024 1 0.862572 0.613039 1 0.860485 0.615974 2 0.862882 0.615952 2 0.859034 0.619613 2 0.863400 0.619431 2 0.859110 0.622036 2 0.863603 0.622266 1 0.860734 0.623048 2 0.862291 0.623025 2 0.860785 0.628975 2 0.862277 0.629165 2 0.860608 0.634787 2 0.862429 0.635114 2
0 0.838356 0.595238 0.005580 0.025132 0.834554 0.598697 1 0.834661 0.598085 1 0.834695 0.598047 1 0.835197 0.598195 2 0.836127 0.597931 1 0.835247 0.601713 2 0.837777 0.601118 2 0.834718 0.606417 1 0.838929 0.605225 2 0.834896 0.607885 1 0.838231 0.607807 1 0.835914 0.610136 2 0.837632 0.609776 2 0.835585 0.612330 1 0.837632 0.612330 1 0.835756 0.612145 1 0.837722 0.612330 1
