0 0.174107 0.105159 0.016369 0.048942 0.178328 0.127661 2 0.178672 0.126608 2 0.177821 0.126892 2 0.179331 0.125959 2 0.177252 0.126564 2 0.181190 0.129839 2 0.176583 0.130236 2 0.182451 0.135804 2 0.176046 0.136206 2 0.181723 0.138033 1 0.176575 0.137868 1 0.180687 0.138393 1 0.177566 0.138393 1 0.180998 0.135387 1 0.177187 0.134728 1 0.180620 0.138000 1 0.177454 0.137249 1
0 0.620908 0.505952 0.036458 0.178571 0.613547 0.448642 1 0.614151 0.445192 1 0.615259 0.445819 1 0.614458 0.447280 2 0.622869 0.447895 2 0.610781 0.466833 2 0.626974 0.467834 2 0.605458 0.490793 2 0.629145 0.494933 2 0.599841 0.510459 2 0.627324 0.515351 2 0.612465 0.516440 2 0.622597 0.516003 2 0.609066 0.549255 2 0.613801 0.547694 2 0.613710 0.586071 2 0.612729 0.581390 2
0 0.828125 0.539683 0.047619 0.179894 0.839561 0.464954 2 0.841732 0.461656 2 0.837958 0.460492 2 0.843338 0.463320 2 0.833957 0.460171 2 0.846498 0.481657 2 0.827863 0.480159 2 0.851334 0.507124 2 0.820142 0.501742 2 0.853104 0.529942 2 0.815125 0.525774 2 0.838511 0.530965 2 0.826946 0.530209 2 0.833424 0.566670 2 0.824011 0.569847 2 0.826968 0.592156 2 0.823562 0.605763 2
0 0.645089 0.186508 0.016369 0.068783 0.643057 0.159291 2 0.643590 0.157960 2 0.642739 0.157926 1 0.645492 0.158668 2 0.643656 0.158698 1 0.647197 0.166708 2 0.641902 0.165623 2 0.648878 0.175640 2 0.641071 0.174316 1 0.648784 0.185069 2 0.640044 0.180321 1 0.646110 0.184558 2 0.643067 0.183811 2 0.642885 0.198700 2 0.642395 0.196858 2 0.641912 0.213689 2 0.646426 0.205519 2
0 0.551339 0.462963 0.040179 0.164021 0.547577 0.399579 1 0.547992 0.396670 1 0.548518 0.396979 1 0.547262 0.399554 2 0.554858 0.399528 2 0.543982 0.419313 2 0.558098 0.418388 2 0.540542 0.440747 2 0.562311 0.441444 2 0.536335 0.454491 2 0.565912 0.459958 2 0.546431 0.465725 2 0.556217 0.465011 2 0.545351 0.498680 2 0.557729 0.497003 2 0.545195 0.533684 2 0.557801 0.528270 2
0 0.326265 0.513228 0.033482 0.164021 0.328745 0.451430 1 0.327715 0.448614 1 0.328983 0.448763 1 0.321320 0.450712 2 0.330775 0.451707 2 0.317677 0.467295 2 0.331315 0.470238 2 0.316941 0.487650 2 0.335271 0.494660 2 0.321650 0.497053 1 0.338936 0.515935 2 0.320359 0.511678 2 0.330064 0.513670 2 0.321615 0.543430 2 0.332359 0.548419 2 0.320974 0.574868 2 0.333304 0.582128 2
0 0.394345 0.393519 0.029762 0.138889 0.404779 0.348496 2 0.403807 0.345664 1 0.404169 0.345693 2 0.397789 0.346149 1 0.400352 0.346934 2 0.392696 0.359054 2 0.398373 0.363215 2 0.392687 0.377703 1 0.397246 0.386127 2 0.399095 0.387673 1 0.401323 0.403488 2 0.391860 0.400383 2 0.396357 0.402945 2 0.390759 0.426648 2 0.396824 0.433623 2 0.387883 0.449665 2 0.395372 0.462607 2
0 0.330357 0.466931 0.032738 0.156085 0.329320 0.451788 1 0.328293 0.448652 1 0.329408 0.448885 1 0.321613 0.450835 2 0.330373 0.451884 2 0.318019 0.469565 2 0.331192 0.471992 2 0.316938 0.491228 2 0.335475 0.497906 2 0.320792 0.501385 1 0.338959 0.517546 2 0.320045 0.514798 2 0.329469 0.516358 2 0.320895 0.549130 2 0.332609 0.551067 2 0.320519 0.571735 1 0.333738 0.574239 2
0 0.363095 0.375000 0.034226 0.130952 0.375408 0.322137 2 0.375095 0.319867 2 0.374002 0.320659 2 0.373990 0.321391 1 0.370384 0.323362 2 0.373310 0.334785 2 0.368834 0.337974 2 0.376138 0.347829 2 0.370752 0.357109 2 0.380163 0.354227 2 0.374653 0.373061 2 0.374155 0.366403 2 0.370232 0.368094 2 0.377380 0.391305 2 0.369027 0.393977 2 0.377971 0.418143 2 0.361425 0.417860 2
0 0.530878 0.365741 0.052827 0.123016 0.502348 0.331226 1 0.502134 0.328840 1 0.502721 0.328826 1 0.499645 0.330971 2 0.506154 0.330342 2 0.498514 0.346639 2 0.509178 0.344275 2 0.495960 0.366701 2 0.513199 0.360302 2 0.494646 0.380386 2 0.509711 0.369780 1 0.504568 0.377232 2 0.511930 0.376028 2 0.498191 0.400365 2 0.506699 0.398836 2 0.497397 0.427159 2 0.508186 0.423632 2
0 0.462054 0.401455 0.035714 0.138889 0.473337 0.346022 1 0.472454 0.343237 1 0.473005 0.343606 1 0.466139 0.344702 2 0.472407 0.345992 2 0.461916 0.360234 2 0.473573 0.363226 2 0.458943 0.378963 2 0.475306 0.385221 2 0.455641 0.398553 2 0.477123 0.396852 2 0.462736 0.399033 2 0.471435 0.400523 2 0.461820 0.425338 2 0.475028 0.426133 2 0.460770 0.450983 2 0.476400 0.452322 2
0 0.495536 0.373677 0.038690 0.133598 0.502368 0.331219 1 0.502207 0.328661 1 0.502663 0.328738 1 0.499556 0.330844 2 0.506029 0.330197 2 0.499008 0.346587 2 0.509036 0.344310 2 0.496771 0.365736 2 0.513314 0.360318 2 0.494614 0.380220 2 0.508563 0.370640 1 0.504763 0.376591 2 0.511762 0.375391 2 0.498210 0.401952 2 0.506865 0.399424 2 0.496636 0.429018 2 0.508795 0.424581 2
0 0.289807 0.416667 0.031994 0.156085 0.302315 0.357956 2 0.301599 0.355274 1 0.301286 0.355841 2 0.295820 0.357834 1 0.297698 0.359064 2 0.292732 0.373682 2 0.294964 0.374315 2 0.291478 0.394057 1 0.291326 0.396720 2 0.295210 0.410173 1 0.292480 0.417989 2 0.290573 0.413959 2 0.293926 0.414515 2 0.290249 0.442237 2 0.303532 0.439765 2 0.284801 0.472144 2 0.307487 0.471017 2
0 0.134673 0.371693 0.032738 0.124339 0.130356 0.321010 2 0.131622 0.318669 2 0.129000 0.318750 2 0.133650 0.319496 2 0.126766 0.319768 2 0.137634 0.332794 2 0.124720 0.334548 2 0.143569 0.345803 2 0.123239 0.350906 2 0.138981 0.351678 2 0.126186 0.366089 2 0.139506 0.367568 2 0.130691 0.368739 2 0.142265 0.392423 2 0.132272 0.395281 2 0.147464 0.417025 2 0.134094 0.421545 2
0 0.015997 0.435847 0.027530 0.138889 0.000000 0.381192 2 0.000775 0.377471 2 0.000000 0.378203 1 0.004305 0.379239 2 0.001456 0.380639 1 0.010842 0.396503 2 0.000000 0.397241 2 0.017395 0.414074 2 0.000488 0.418251 1 0.019143 0.434287 2 0.000173 0.434642 1 0.012585 0.437181 2 0.004066 0.437383 2 0.017620 0.467142 2 0.004108 0.462016 2 0.017585 0.491131 2 0.015758 0.477474 2
0 0.405506 0.297619 0.016369 0.103175 0.405181 0.267969 2 0.406204 0.265914 2 0.404812 0.266210 1 0.408623 0.267171 2 0.405450 0.267766 1 0.410347 0.277428 2 0.404745 0.277273 2 0.406866 0.289059 2 0.400527 0.287785 2 0.404682 0.276102 2 0.402112 0.276993 2 0.408514 0.303745 2 0.404274 0.303492 2 0.409498 0.324376 2 0.403464 0.323923 2 0.410508 0.343146 2 0.404281 0.343917 2
0 0.534970 0.202381 0.019345 0.082011 0.537620 0.170838 1 0.537723 0.169066 1 0.537794 0.169425 1 0.536319 0.170130 2 0.540056 0.170784 2 0.533824 0.180161 2 0.541686 0.181403 2 0.530797 0.191007 2 0.542924 0.194208 2 0.529434 0.200624 2 0.542372 0.204006 2 0.534158 0.202540 2 0.539935 0.202979 2 0.532088 0.219155 2 0.540696 0.219813 2 0.531391 0.237272 2 0.541975 0.236803 2
0 0.954613 0.283730 0.032738 0.115079 0.962961 0.245069 2 0.964181 0.243024 2 0.961721 0.242471 2 0.964947 0.243529 1 0.958595 0.241933 2 0.965599 0.255072 2 0.954047 0.253503 2 0.966677 0.267924 2 0.949392 0.269540 2 0.966187 0.277697 2 0.948095 0.285616 2 0.960810 0.290031 2 0.952717 0.288571 2 0.958024 0.313817 2 0.947301 0.310515 2 0.953485 0.333066 2 0.940718 0.330567 2
0 0.787202 0.273810 0.020833 0.087302 0.790667 0.243430 2 0.791356 0.241479 2 0.789683 0.241243 2 0.791469 0.241753 1 0.787082 0.240756 2 0.789932 0.252218 2 0.783936 0.249659 2 0.790434 0.267439 2 0.780778 0.262885 2 0.792793 0.273835 2 0.786791 0.272578 2 0.787371 0.273684 2 0.783305 0.273928 2 0.797057 0.281258 2 0.793296 0.281832 2 0.792287 0.301973 2 0.788972 0.302700 2
0 0.809524 0.267857 0.025298 0.083333 0.809111 0.242647 2 0.809405 0.240743 2 0.808236 0.240708 2 0.808640 0.240499 1 0.805027 0.240598 2 0.808388 0.246179 2 0.801772 0.250849 2 0.811245 0.259956 2 0.806777 0.263923 2 0.814601 0.268353 2 0.812311 0.272082 2 0.809361 0.267972 2 0.804672 0.272741 2 0.817738 0.268077 2 0.812626 0.283492 2 0.815021 0.282914 2 0.814496 0.305148 2
0 0.966890 0.933201 0.057292 0.125661 0.979773 0.916329 2 0.984530 0.911532 2 0.977246 0.908263 2 0.989358 0.915157 2 0.971555 0.907211 2 0.987556 0.946513 2 0.963441 0.931629 2 0.976448 0.988865 2 0.953235 0.961576 2 0.958149 0.989346 2 0.948492 0.981797 2 0.975234 0.996958 2 0.959133 0.988934 2 0.964362 0.989794 1 0.943875 0.985219 1 0.955798 0.996085 1 0.950797 0.998600 1
0 0.538318 0.324735 0.026042 0.072751 0.533561 0.342021 2 0.531617 0.339364 1 0.533131 0.339338 2 0.524641 0.343354 1 0.529726 0.344654 2 0.524783 0.364627 2 0.524753 0.366354 2 0.525386 0.371522 1 0.524717 0.373179 1 0.529968 0.370385 1 0.528685 0.369526 1 0.526126 0.366736 1 0.526177 0.368502 1 0.526429 0.365406 1 0.524506 0.367517 1 0.526404 0.367362 1 0.528325 0.367749 1
0 0.518229 0.289683 0.023065 0.063492 0.523138 0.268150 2 0.524052 0.266256 2 0.522240 0.266253 2 0.525391 0.265570 2 0.520777 0.265577 2 0.527322 0.273271 2 0.518356 0.273250 2 0.529145 0.284139 2 0.514635 0.283019 2 0.526194 0.291638 2 0.517619 0.290413 2 0.525263 0.295289 2 0.519204 0.295463 2 0.527491 0.306904 2 0.517126 0.308373 2 0.526250 0.319134 1 0.516960 0.321291 1
0 0.488467 0.157407 0.015625 0.058201 0.492860 0.140480 1 0.492781 0.139505 1 0.493101 0.139275 1 0.491277 0.138919 1 0.492603 0.138515 2 0.489414 0.144273 2 0.488750 0.142734 2 0.487489 0.152279 2 0.486589 0.149206 2 0.489150 0.156367 2 0.487593 0.154526 2 0.484551 0.159054 2 0.483288 0.158290 2 0.486910 0.170476 2 0.481159 0.169931 2 0.486788 0.183257 2 0.477679 0.181849 2
0 0.097470 0.320106 0.017857 0.060847 0.095062 0.304273 2 0.095842 0.302169 2 0.094407 0.302639 1 0.097860 0.300491 2 0.094187 0.301702 1 0.100599 0.304719 2 0.093574 0.306971 2 0.104469 0.314002 2 0.090258 0.318634 2 0.101782 0.321222 2 0.087530 0.329193 2 0.101362 0.320009 2 0.096431 0.320630 2 0.103946 0.324292 2 0.091608 0.325025 2 0.104427 0.339711 2 0.092208 0.339170 2
0 0.612723 0.143519 0.017113 0.067460 0.613354 0.116643 2 0.613763 0.115432 2 0.612776 0.115259 2 0.613819 0.115889 1 0.611360 0.115312 2 0.614228 0.123008 2 0.609200 0.121948 2 0.614657 0.131396 2 0.607754 0.130404 2 0.615234 0.135492 2 0.608012 0.138368 2 0.612897 0.140671 2 0.609551 0.140269 2 0.612481 0.154649 2 0.609253 0.154144 2 0.611280 0.167487 2 0.609056 0.166986 2
0 0.210565 0.217593 0.014881 0.033069 0.213302 0.218679 2 0.213694 0.218097 1 0.213175 0.217958 2 0.213833 0.216157 1 0.212265 0.215832 2 0.213112 0.215788 2 0.209889 0.215224 2 0.212222 0.221723 2 0.209281 0.219501 2 0.211565 0.225261 1 0.210530 0.220280 2 0.210099 0.217804 2 0.207865 0.217796 2 0.211319 0.222710 2 0.209564 0.223590 2 0.211018 0.228462 2 0.209370 0.229555 2
0 0.177827 0.134259 0.014881 0.054233 0.178417 0.128509 2 0.178883 0.127318 2 0.177824 0.127425 2 0.179655 0.126908 2 0.177049 0.127244 2 0.181426 0.130440 2 0.176531 0.130957 2 0.182135 0.138182 2 0.176347 0.138919 2 0.181306 0.143493 2 0.177359 0.146328 2 0.181227 0.141732 2 0.177556 0.141970 2 0.184192 0.148066 2 0.175975 0.148290 2 0.184981 0.157614 2 0.177491 0.159098 2
0 0.776786 0.183862 0.014881 0.058201 0.773976 0.168982 1 0.774099 0.168019 1 0.774533 0.168050 1 0.774467 0.168964 2 0.777403 0.168762 2 0.773905 0.173593 2 0.778302 0.174061 2 0.769961 0.173685 2 0.776592 0.177223 2 0.767939 0.170005 2 0.773923 0.175181 1 0.777725 0.186236 2 0.780448 0.186279 2 0.774784 0.195186 2 0.776733 0.195108 2 0.774411 0.206101 2 0.776333 0.205029 2
0 0.412946 0.113757 0.014881 0.052910 0.407689 0.095059 1 0.407639 0.093981 1 0.407930 0.093863 1 0.407015 0.094563 2 0.409745 0.094200 2 0.406206 0.101332 2 0.411049 0.100263 2 0.405538 0.109360 2 0.411966 0.106948 2 0.405907 0.114834 2 0.411543 0.112555 1 0.407668 0.115819 2 0.411081 0.115395 2 0.408363 0.127186 2 0.412204 0.126807 2 0.408882 0.135398 2 0.412772 0.134659 2
0 0.390253 0.101190 0.012649 0.048942 0.389598 0.085382 1 0.389294 0.084582 1 0.389628 0.084486 1 0.387790 0.085095 2 0.390027 0.084873 2 0.387420 0.090053 2 0.390837 0.089333 2 0.387913 0.093291 2 0.393952 0.091822 2 0.389406 0.093275 1 0.392883 0.093124 2 0.389153 0.101187 2 0.391369 0.100903 2 0.389944 0.109898 2 0.391404 0.109427 2 0.389789 0.119930 2 0.391865 0.119369 2
0 0.824033 0.173280 0.015625 0.052910 0.826475 0.157358 1 0.826785 0.156256 1 0.827058 0.156462 1 0.827429 0.157314 2 0.829826 0.157426 2 0.826010 0.163816 2 0.830587 0.164040 2 0.823811 0.169132 2 0.832936 0.169127 2 0.822861 0.166597 2 0.832542 0.168560 2 0.825301 0.179388 2 0.828364 0.179482 2 0.823047 0.187691 2 0.827281 0.189247 2 0.822151 0.196049 2 0.827852 0.196048 2
0 0.686756 0.136905 0.013393 0.048942 0.691045 0.123058 2 0.691209 0.122010 1 0.690751 0.121952 2 0.690889 0.122517 1 0.690224 0.122364 2 0.690965 0.128763 2 0.689201 0.128584 2 0.692251 0.136902 2 0.687935 0.136448 2 0.692966 0.145198 2 0.688888 0.144442 2 0.690513 0.141922 2 0.689628 0.142125 2 0.691532 0.151271 2 0.691545 0.151690 2 0.690738 0.159652 2 0.691300 0.160199 2
0 0.584449 0.104497 0.011161 0.050265 0.591456 0.085230 1 0.591669 0.083952 1 0.591414 0.084033 1 0.591980 0.084218 1 0.591870 0.084093 1 0.592262 0.088594 1 0.591751 0.087865 1 0.592058 0.097618 1 0.590454 0.096192 2 0.591517 0.097366 1 0.589758 0.099005 2 0.592262 0.096971 1 0.591838 0.095969 2 0.585680 0.104229 2 0.585044 0.103311 2 0.583407 0.121074 2 0.583262 0.120534 2
0 0.966518 0.342593 0.040179 0.142857 0.962866 0.307340 1 0.962898 0.305391 1 0.963619 0.305836 1 0.960670 0.307758 2 0.968134 0.308087 2 0.957271 0.319437 2 0.970388 0.319855 2 0.952343 0.329221 2 0.970622 0.330011 2 0.956792 0.324992 2 0.966517 0.326727 1 0.959193 0.350930 2 0.968564 0.350865 2 0.951116 0.367185 2 0.964329 0.367133 2 0.947675 0.390023 2 0.963522 0.388993 2
0 0.184896 0.105820 0.009673 0.031746 0.181807 0.106100 2 0.182186 0.105204 2 0.181258 0.105284 2 0.182764 0.105374 2 0.180400 0.105596 2 0.184064 0.109272 2 0.179500 0.109681 2 0.186631 0.115161 2 0.179230 0.114961 2 0.184413 0.115620 2 0.181530 0.112492 1 0.183513 0.123135 2 0.180344 0.123413 2 0.184583 0.126427 1 0.180130 0.126819 1 0.184462 0.125561 1 0.180149 0.125827 1
0 0.590030 0.099868 0.011905 0.038360 0.592466 0.085955 1 0.592422 0.085094 1 0.592679 0.085151 1 0.591950 0.085376 1 0.593749 0.085375 2 0.591522 0.089550 2 0.594034 0.089519 2 0.591089 0.094783 2 0.594424 0.094450 2 0.590004 0.096241 1 0.593608 0.095600 1 0.592034 0.099056 2 0.593731 0.099078 2 0.591621 0.106114 2 0.593136 0.106438 2 0.591593 0.115686 2 0.592891 0.115719 2
0 0.561384 0.083995 0.008185 0.035714 0.562450 0.076129 1 0.562719 0.075477 1 0.562205 0.075599 1 0.563321 0.075395 1 0.562144 0.075673 1 0.564214 0.078063 2 0.561947 0.078185 2 0.565086 0.081637 2 0.561130 0.081527 2 0.564474 0.084266 2 0.561360 0.084116 2 0.563816 0.086095 2 0.562275 0.086062 2 0.564164 0.092354 2 0.562140 0.092283 2 0.564472 0.098618 2 0.562091 0.098467 2
0 0.740327 0.133598 0.013393 0.052910 0.744662 0.116415 2 0.744930 0.115524 2 0.744112 0.115503 2 0.745040 0.115990 1 0.742668 0.115762 2 0.745845 0.122021 2 0.740537 0.121108 2 0.747151 0.129268 2 0.738505 0.128441 2 0.745886 0.130757 2 0.741078 0.130653 2 0.743964 0.137089 2 0.740324 0.136388 2 0.742812 0.148092 2 0.738714 0.146328 2 0.741899 0.158355 2 0.736558 0.155987 2
0 0.955729 0.171958 0.020089 0.066138 0.952623 0.155656 2 0.952949 0.154212 2 0.952669 0.154339 1 0.955213 0.153923 2 0.955154 0.154178 1 0.956864 0.160562 2 0.958353 0.160200 2 0.956299 0.171206 2 0.958347 0.170113 1 0.954798 0.180122 2 0.955017 0.178360 1 0.954246 0.182307 2 0.955297 0.181344 2 0.953636 0.195984 2 0.953869 0.194792 2 0.954534 0.208004 2 0.954024 0.208140 2
0 0.905878 0.188492 0.020089 0.038360 0.906491 0.175678 2 0.907386 0.173957 2 0.905672 0.173991 2 0.908886 0.174280 2 0.904523 0.174397 2 0.911267 0.181931 2 0.902771 0.181485 2 0.912779 0.191286 2 0.900888 0.190351 2 0.908246 0.192649 2 0.899957 0.194591 2 0.909227 0.197543 2 0.903316 0.196546 2 0.908540 0.197094 1 0.897634 0.195323 2 0.906107 0.201617 1 0.898638 0.199037 1
0 0.941592 0.192460 0.020089 0.033069 0.941196 0.186675 2 0.941914 0.184977 2 0.940522 0.185065 2 0.942804 0.184236 2 0.939670 0.184391 2 0.944613 0.188609 2 0.939181 0.187665 2 0.944845 0.197647 2 0.936887 0.193790 2 0.942047 0.199789 2 0.935156 0.195331 2 0.943071 0.200227 2 0.939522 0.199101 2 0.940407 0.200756 2 0.933388 0.199369 2 0.938405 0.206005 2 0.938554 0.205580 2
