0 0.627604 0.828042 0.037946 0.185185 0.626863 0.758260 2 0.628643 0.755158 2 0.625038 0.753781 2 0.628223 0.757213 1 0.620649 0.753813 2 0.622907 0.772101 2 0.621490 0.773993 2 0.630119 0.790235 1 0.632268 0.794792 2 0.636552 0.789473 2 0.638716 0.790774 2 0.624622 0.821616 2 0.623556 0.824005 2 0.626104 0.859814 2 0.625675 0.868593 2 0.624841 0.892690 2 0.623527 0.908386 2
0 0.662946 0.765212 0.035714 0.173280 0.665726 0.698432 2 0.667705 0.695501 2 0.664081 0.695075 2 0.670760 0.697388 2 0.661560 0.696107 2 0.672933 0.717138 2 0.656581 0.712913 2 0.676196 0.738988 2 0.650736 0.734226 2 0.676700 0.762541 2 0.649748 0.757848 2 0.668053 0.763528 2 0.656865 0.760861 2 0.668027 0.798382 2 0.651656 0.791325 2 0.665319 0.831290 2 0.648664 0.818401 2
0 0.608631 0.737434 0.043155 0.107143 0.626895 0.759104 2 0.628765 0.755483 2 0.624570 0.754554 2 0.629121 0.755499 1 0.619490 0.753449 2 0.623155 0.771568 2 0.620585 0.773246 2 0.629471 0.790214 2 0.632441 0.795766 2 0.633919 0.787730 2 0.638393 0.790528 2 0.625146 0.810883 1 0.623214 0.812169 2 0.632359 0.802009 1 0.630295 0.808117 1 0.629262 0.811515 1 0.627348 0.812169 1
0 0.379092 0.462302 0.014137 0.056878 0.379674 0.443263 2 0.380294 0.442141 2 0.379073 0.442101 2 0.381214 0.442814 2 0.378075 0.442686 2 0.382075 0.449422 2 0.377004 0.449530 2 0.382765 0.455587 2 0.375660 0.456445 1 0.379170 0.455448 2 0.376608 0.458088 1 0.382513 0.464611 2 0.378787 0.465006 2 0.384008 0.475592 2 0.378824 0.476385 2 0.386051 0.487286 2 0.378880 0.487529 2
0 0.572545 0.595238 0.029018 0.111111 0.576242 0.557181 2 0.575882 0.555094 1 0.575492 0.555523 2 0.574141 0.554942 1 0.572646 0.556244 2 0.575159 0.562396 2 0.567166 0.566443 2 0.579763 0.573155 2 0.565931 0.576847 2 0.585379 0.579790 2 0.571839 0.585911 2 0.574219 0.592115 2 0.567807 0.595906 2 0.580127 0.607670 2 0.564985 0.621100 2 0.579480 0.625328 2 0.561161 0.641718 2
0 0.565848 0.591270 0.027530 0.103175 0.576130 0.556713 2 0.575947 0.555034 1 0.575417 0.555078 2 0.574394 0.555063 1 0.572544 0.555620 2 0.575263 0.563347 2 0.567914 0.565891 2 0.579790 0.573516 2 0.565601 0.575664 2 0.580951 0.581345 2 0.571234 0.583232 2 0.573927 0.593089 2 0.568082 0.595348 2 0.578461 0.610827 2 0.565616 0.619048 2 0.580803 0.629107 2 0.562126 0.640127 2
0 0.486979 0.563492 0.023065 0.097884 0.489252 0.527453 1 0.488460 0.525795 1 0.489377 0.525572 1 0.484292 0.527479 2 0.489955 0.527212 2 0.482053 0.538793 2 0.491677 0.538113 2 0.480179 0.553875 2 0.494919 0.551174 2 0.479842 0.564500 2 0.497494 0.561575 2 0.484238 0.562867 2 0.490736 0.562764 2 0.484913 0.583275 2 0.491065 0.583732 2 0.485139 0.602399 2 0.490698 0.605168 2
0 0.515625 0.601852 0.026786 0.113757 0.517380 0.559058 1 0.516664 0.556917 1 0.517514 0.557052 1 0.512214 0.557705 2 0.518629 0.558492 2 0.508468 0.570104 2 0.520407 0.571942 2 0.505911 0.586653 2 0.522028 0.588778 2 0.504199 0.600752 2 0.522862 0.603169 2 0.509386 0.601899 2 0.517508 0.603095 2 0.509562 0.622120 2 0.516901 0.625955 2 0.510323 0.642238 2 0.514877 0.647321 2
0 0.514881 0.552910 0.022321 0.095238 0.516581 0.559833 1 0.516225 0.557655 1 0.516973 0.557999 1 0.512735 0.558304 2 0.518938 0.559221 2 0.508598 0.570656 2 0.520507 0.572019 2 0.506081 0.587434 2 0.522455 0.589563 2 0.504647 0.601121 2 0.522930 0.603963 2 0.509693 0.603568 2 0.517718 0.604449 2 0.509467 0.618717 1 0.517666 0.618717 1 0.510097 0.616408 1 0.515809 0.616151 1
0 0.539435 0.541005 0.013393 0.076720 0.541049 0.513681 1 0.540848 0.512464 1 0.541279 0.512436 1 0.539055 0.513223 2 0.542906 0.513184 2 0.537480 0.520914 2 0.544258 0.520685 2 0.536350 0.530078 2 0.545591 0.530445 2 0.537317 0.538934 2 0.545608 0.539556 2 0.538950 0.540024 2 0.543555 0.539850 2 0.539496 0.554549 2 0.543103 0.553575 2 0.540145 0.569172 2 0.542496 0.567580 2
0 0.488839 0.558201 0.017857 0.092593 0.489905 0.528031 1 0.488993 0.526355 1 0.489974 0.526097 1 0.484357 0.528064 2 0.489989 0.527796 2 0.482032 0.539087 2 0.491837 0.538898 2 0.480094 0.553760 2 0.495173 0.551977 2 0.479486 0.565546 2 0.497791 0.563302 2 0.484001 0.563278 2 0.490483 0.563445 2 0.485179 0.584183 2 0.490589 0.585009 2 0.485939 0.602543 2 0.490085 0.607135 2
0 0.500000 0.530423 0.014881 0.082011 0.501611 0.498527 1 0.501547 0.496735 1 0.501819 0.496916 1 0.499856 0.497694 2 0.503808 0.497765 2 0.498231 0.508178 2 0.506029 0.508157 2 0.497236 0.521417 2 0.507325 0.520600 2 0.497880 0.531654 2 0.504143 0.528629 2 0.499365 0.530700 2 0.504855 0.530707 2 0.498130 0.547251 2 0.503519 0.547516 2 0.497785 0.563480 2 0.502455 0.564201 2
0 0.485119 0.523810 0.017857 0.082011 0.489601 0.528016 1 0.488697 0.526381 1 0.489710 0.526291 1 0.483988 0.527772 2 0.489812 0.527750 2 0.481450 0.539037 2 0.491669 0.538058 2 0.480002 0.554201 2 0.494411 0.551339 2 0.479760 0.565847 2 0.496407 0.563285 2 0.484216 0.562233 2 0.490960 0.562025 2 0.485250 0.580080 1 0.491646 0.578591 1 0.486267 0.579207 1 0.490700 0.578670 1
0 0.477307 0.423942 0.012649 0.051587 0.478510 0.407138 2 0.479005 0.406242 2 0.478039 0.406319 2 0.479818 0.406302 2 0.477419 0.406503 2 0.480682 0.410852 2 0.476698 0.410983 2 0.480837 0.417347 2 0.475757 0.417208 2 0.479130 0.420966 2 0.476478 0.420435 2 0.479951 0.423616 2 0.477058 0.423606 2 0.480378 0.433755 2 0.476127 0.433791 2 0.480734 0.444145 2 0.475528 0.444065 2
0 0.739955 0.884259 0.057292 0.199735 0.747766 0.813598 2 0.750119 0.808963 2 0.747127 0.808878 2 0.755872 0.810129 2 0.748841 0.808460 1 0.760157 0.836481 2 0.753053 0.824483 2 0.761956 0.861682 2 0.758228 0.846070 1 0.763142 0.870980 2 0.759962 0.858215 1 0.755239 0.889531 2 0.748274 0.879939 2 0.755747 0.930772 2 0.733644 0.899947 2 0.755101 0.971943 2 0.729489 0.930922 2
