0 0.959449 0.291667 0.026042 0.093915 0.947937 0.232587 1 0.946922 0.230145 1 0.947957 0.230238 1 0.942342 0.231521 1 0.948231 0.232311 2 0.941220 0.245471 1 0.950078 0.247220 2 0.942530 0.260572 1 0.953028 0.263278 2 0.946629 0.261014 1 0.954172 0.259460 1 0.941220 0.278402 2 0.947566 0.278851 2 0.941800 0.303035 2 0.946370 0.302876 2 0.941929 0.324219 1 0.944547 0.326407 2
0 0.186012 0.109127 0.016369 0.048942 0.188479 0.115619 1 0.188583 0.114705 1 0.188797 0.114632 1 0.188562 0.115526 2 0.191011 0.115097 2 0.188077 0.121439 2 0.192779 0.120681 2 0.186358 0.126383 2 0.195869 0.125371 2 0.186577 0.124844 1 0.196311 0.125462 2 0.190351 0.136501 2 0.193309 0.136211 2 0.190831 0.142361 1 0.194459 0.142290 1 0.190811 0.142016 1 0.194675 0.141216 1
0 0.539435 0.429233 0.026786 0.146825 0.537441 0.367317 2 0.538525 0.365265 2 0.538491 0.364929 1 0.542207 0.368138 2 0.543627 0.366896 1 0.542001 0.385571 2 0.547649 0.382593 2 0.541447 0.408622 2 0.546810 0.403619 2 0.534453 0.422992 2 0.541355 0.416335 2 0.544782 0.425373 2 0.547761 0.423450 2 0.545359 0.457005 2 0.544942 0.452506 2 0.554927 0.485748 2 0.543508 0.478036 2
0 0.776786 0.358466 0.032738 0.124339 0.778930 0.316014 2 0.780820 0.314213 2 0.778284 0.312747 2 0.783625 0.312101 2 0.777488 0.308687 1 0.786709 0.317637 2 0.774157 0.315732 2 0.789431 0.333951 2 0.768309 0.330968 2 0.790316 0.348201 2 0.764557 0.347190 2 0.780797 0.352155 2 0.772701 0.351139 2 0.780578 0.376029 2 0.770373 0.378167 2 0.777216 0.392445 2 0.770004 0.404272 2
0 0.668527 0.181217 0.017113 0.068783 0.668735 0.155123 1 0.668948 0.153662 1 0.669127 0.153920 1 0.669007 0.154590 2 0.672128 0.154785 2 0.667345 0.162286 2 0.673967 0.162395 2 0.665073 0.170498 2 0.676065 0.170763 2 0.664986 0.174544 2 0.673092 0.175882 2 0.667232 0.180378 2 0.671903 0.180416 2 0.666507 0.195263 2 0.672211 0.195976 2 0.665429 0.211377 2 0.672642 0.210671 2
0 0.655878 0.451058 0.030506 0.164021 0.653120 0.385006 2 0.654152 0.381963 2 0.654396 0.382273 1 0.657132 0.386048 2 0.661558 0.385733 1 0.655357 0.407411 2 0.665258 0.405242 2 0.653220 0.431497 2 0.666639 0.428492 2 0.648672 0.428519 2 0.657539 0.432780 2 0.654091 0.449061 2 0.661080 0.447647 2 0.653813 0.480743 2 0.660580 0.479301 2 0.654647 0.517408 2 0.661402 0.511353 2
0 0.357143 0.453042 0.031250 0.144180 0.353483 0.398289 1 0.352408 0.395849 1 0.353389 0.395632 1 0.345764 0.398767 2 0.353704 0.398522 2 0.342536 0.416030 2 0.356732 0.416200 2 0.340520 0.435516 2 0.363337 0.435857 2 0.341231 0.450747 2 0.367918 0.450981 2 0.347407 0.457915 2 0.357024 0.458337 2 0.348451 0.487000 2 0.358975 0.486316 2 0.347405 0.513076 2 0.358856 0.516040 2
0 0.444196 0.431878 0.035714 0.144180 0.441313 0.373146 1 0.441426 0.370532 1 0.442062 0.370655 1 0.439256 0.372869 2 0.447215 0.372820 2 0.435130 0.389691 2 0.451151 0.389732 2 0.432226 0.407371 2 0.454289 0.408620 2 0.435658 0.411731 2 0.449619 0.414860 1 0.437035 0.430605 2 0.448122 0.430495 2 0.438216 0.460003 2 0.449382 0.460337 2 0.438925 0.489361 2 0.449141 0.488842 2
0 0.230655 0.417328 0.032738 0.138889 0.239814 0.358645 2 0.238951 0.355906 1 0.238219 0.356624 2 0.235721 0.358592 1 0.233868 0.360464 2 0.234643 0.375409 2 0.233907 0.376985 2 0.234449 0.397239 1 0.232437 0.398403 2 0.237590 0.412697 1 0.235790 0.416132 2 0.238481 0.415347 2 0.237989 0.416913 2 0.241442 0.442127 2 0.241465 0.443981 2 0.239679 0.468686 2 0.239073 0.471224 2
0 0.319940 0.406746 0.026786 0.141534 0.319185 0.352206 2 0.318779 0.349558 2 0.317415 0.350466 2 0.316630 0.353147 1 0.313974 0.355147 2 0.315840 0.367706 2 0.316243 0.369814 2 0.317794 0.385282 1 0.319161 0.389176 2 0.324467 0.394855 1 0.325071 0.402288 2 0.318186 0.397818 2 0.318863 0.399258 2 0.320938 0.426857 2 0.325160 0.428434 2 0.317173 0.452116 2 0.324237 0.455495 2
0 0.464286 0.421958 0.026786 0.142857 0.460969 0.365620 2 0.461704 0.363151 2 0.462167 0.363000 1 0.463907 0.366098 2 0.467910 0.365382 1 0.463574 0.383589 2 0.470726 0.381152 2 0.462891 0.407217 2 0.470238 0.401845 1 0.458344 0.424467 2 0.464277 0.415655 1 0.466675 0.421039 2 0.471136 0.419461 2 0.466934 0.455883 2 0.468496 0.453017 2 0.473288 0.489358 2 0.469921 0.482039 2
0 0.340402 0.426587 0.021577 0.149471 0.350779 0.399188 1 0.350078 0.396559 1 0.351578 0.396488 1 0.345939 0.398900 2 0.353796 0.398789 1 0.342335 0.415600 2 0.353912 0.415254 1 0.340406 0.436555 2 0.353608 0.435900 1 0.343809 0.449287 1 0.351772 0.447950 1 0.346480 0.455381 2 0.354281 0.455785 2 0.347931 0.484141 2 0.353063 0.485425 2 0.347759 0.513404 2 0.349709 0.512718 1
0 0.393601 0.380952 0.031250 0.179894 0.389700 0.328945 1 0.389831 0.327218 1 0.390030 0.327588 1 0.387427 0.331488 2 0.393763 0.332072 2 0.384515 0.343588 2 0.396945 0.344519 2 0.380866 0.325927 2 0.402249 0.328135 2 0.385889 0.313010 2 0.401700 0.315049 2 0.386281 0.387671 2 0.394264 0.387722 2 0.381835 0.421759 2 0.390531 0.420870 2 0.383386 0.455456 2 0.393688 0.452358 2
0 0.425595 0.410714 0.025298 0.146825 0.418511 0.350271 2 0.419569 0.348472 2 0.419383 0.347868 1 0.422260 0.351645 2 0.422665 0.350035 1 0.424273 0.369197 2 0.422566 0.366281 2 0.423223 0.390600 2 0.419790 0.383740 1 0.415549 0.398567 2 0.415378 0.395259 1 0.422751 0.405195 2 0.420279 0.403497 2 0.422304 0.432610 2 0.416345 0.431877 2 0.430589 0.454814 2 0.415152 0.455204 2
0 0.181920 0.365741 0.026042 0.125661 0.175104 0.317534 2 0.175867 0.314933 2 0.174807 0.315191 1 0.179781 0.314881 2 0.177325 0.315951 1 0.184841 0.327448 2 0.175583 0.327146 2 0.189421 0.343494 2 0.177637 0.343078 2 0.181392 0.350634 2 0.175031 0.347318 2 0.185397 0.358905 2 0.180439 0.358248 2 0.183305 0.385718 2 0.185090 0.382865 2 0.184704 0.413454 2 0.197296 0.399106 2
0 0.132068 0.361772 0.027530 0.128307 0.125333 0.314643 2 0.126463 0.312138 2 0.124881 0.312128 2 0.131139 0.313220 2 0.127195 0.313540 1 0.135666 0.326624 2 0.126581 0.326086 2 0.140251 0.345798 2 0.126797 0.341094 2 0.139213 0.363392 2 0.123972 0.343040 2 0.136585 0.360790 2 0.131821 0.360642 2 0.133961 0.384078 2 0.135769 0.383763 2 0.132328 0.412421 2 0.144135 0.405048 2
0 0.407366 0.300265 0.017113 0.100529 0.410765 0.267894 2 0.411219 0.265718 2 0.409694 0.265791 2 0.410880 0.266026 1 0.406825 0.266255 2 0.411479 0.276527 2 0.403447 0.277713 2 0.413970 0.288710 2 0.401266 0.291311 2 0.412730 0.285826 2 0.407976 0.288482 2 0.411191 0.303718 2 0.405915 0.304773 2 0.410940 0.324223 2 0.406645 0.326181 2 0.410224 0.345297 2 0.406354 0.346903 2
0 0.551711 0.207011 0.018601 0.085979 0.549198 0.174421 1 0.549070 0.172667 1 0.549381 0.172746 1 0.547162 0.174068 2 0.551273 0.173946 2 0.545286 0.185012 2 0.553270 0.184476 2 0.543779 0.197961 2 0.555290 0.198044 2 0.542822 0.208596 2 0.555995 0.209136 2 0.546856 0.206583 2 0.552454 0.206360 2 0.547605 0.225431 2 0.554208 0.223837 2 0.547924 0.243419 2 0.554603 0.241308 2
0 0.942336 0.275132 0.029018 0.113757 0.946866 0.235223 1 0.946518 0.232929 1 0.946876 0.233348 1 0.942472 0.233865 2 0.948401 0.234620 2 0.938315 0.245986 2 0.950575 0.247157 2 0.934472 0.262280 2 0.952598 0.262715 2 0.937293 0.272224 2 0.950288 0.269008 2 0.938046 0.278693 2 0.946671 0.279474 2 0.935174 0.300314 2 0.946170 0.302059 2 0.931179 0.321902 2 0.944136 0.324292 2
0 0.418527 0.289683 0.023065 0.103175 0.410017 0.249747 2 0.410867 0.247126 2 0.409290 0.247769 2 0.413425 0.245984 2 0.409504 0.247433 1 0.418070 0.254889 2 0.409943 0.257120 2 0.421644 0.266465 2 0.409966 0.269843 2 0.416141 0.272801 2 0.411032 0.273482 1 0.418966 0.285040 2 0.413256 0.285851 2 0.420046 0.309379 2 0.413417 0.310015 2 0.420869 0.332979 2 0.413974 0.333437 2
0 0.788690 0.274471 0.020833 0.085979 0.792798 0.244070 2 0.792892 0.242068 2 0.791960 0.241894 2 0.791759 0.242209 1 0.788891 0.241720 2 0.790536 0.251152 2 0.784775 0.250968 2 0.790805 0.265262 2 0.781663 0.265143 2 0.792830 0.273465 2 0.788243 0.273358 2 0.789786 0.272285 2 0.785805 0.273846 2 0.798502 0.280896 2 0.793104 0.284431 2 0.793540 0.297822 2 0.790360 0.302027 2
0 0.812500 0.272487 0.025298 0.082011 0.811102 0.242586 2 0.810980 0.240643 2 0.810253 0.240555 2 0.809535 0.241290 1 0.807360 0.241420 2 0.809287 0.247835 2 0.803492 0.251329 2 0.812234 0.261401 2 0.808509 0.264541 2 0.816209 0.268512 2 0.813673 0.273654 2 0.809785 0.269282 2 0.805547 0.273464 2 0.819866 0.270072 2 0.813159 0.283403 2 0.814522 0.286920 2 0.815350 0.303741 2
0 0.961682 0.931217 0.061756 0.134921 0.965745 0.898844 2 0.970296 0.894020 2 0.963017 0.891420 2 0.975643 0.897910 2 0.957947 0.891283 2 0.975981 0.930427 2 0.952287 0.917261 2 0.966051 0.973719 2 0.944103 0.949519 2 0.947985 0.979379 2 0.940605 0.972317 2 0.968089 0.989801 2 0.952101 0.982458 2 0.956682 0.982201 1 0.938698 0.976127 1 0.951580 0.994382 1 0.944668 0.994382 1
0 0.521205 0.295635 0.021577 0.078042 0.523350 0.269639 2 0.524360 0.267966 2 0.522620 0.267560 2 0.525663 0.267134 2 0.521202 0.266105 2 0.527174 0.275404 2 0.518457 0.274312 2 0.529337 0.285995 2 0.515506 0.284459 2 0.527157 0.294048 2 0.518586 0.292399 2 0.525317 0.298803 2 0.519553 0.298447 2 0.525535 0.316203 2 0.518766 0.316404 2 0.525663 0.330522 1 0.517638 0.331620 1
0 0.505208 0.162698 0.016369 0.071429 0.502647 0.135972 2 0.503090 0.134545 2 0.502499 0.134459 1 0.504615 0.134285 2 0.503522 0.134242 1 0.505881 0.140980 2 0.505149 0.141062 2 0.507623 0.150716 2 0.506203 0.150402 1 0.506511 0.157974 2 0.504854 0.156959 1 0.506713 0.159394 2 0.506327 0.159257 2 0.504695 0.173858 2 0.504997 0.174229 2 0.507772 0.188943 2 0.508246 0.188393 2
0 0.128348 0.335317 0.018601 0.041005 0.125277 0.314234 2 0.126724 0.312275 2 0.125283 0.311825 2 0.130885 0.312685 2 0.126436 0.311319 1 0.136974 0.323541 2 0.126026 0.322406 2 0.140621 0.341688 2 0.124566 0.339132 2 0.138188 0.359125 1 0.123874 0.351064 2 0.136161 0.358924 2 0.128611 0.357427 2 0.133844 0.357481 1 0.122687 0.356045 1 0.134282 0.356091 1 0.126645 0.354884 1
0 0.096354 0.317460 0.031994 0.058201 0.098773 0.306733 2 0.099820 0.304815 2 0.097609 0.305232 2 0.101811 0.302961 2 0.095727 0.304277 2 0.103839 0.308325 2 0.093536 0.311813 2 0.109058 0.314773 2 0.089612 0.324404 2 0.108231 0.315706 2 0.087804 0.335797 2 0.103375 0.324570 2 0.096050 0.326041 2 0.105418 0.321186 2 0.090650 0.323585 2 0.109211 0.336970 2 0.088815 0.336977 2
0 0.177827 0.196429 0.010417 0.027778 0.178242 0.188234 2 0.178502 0.187353 2 0.177737 0.187505 2 0.178928 0.187909 1 0.177047 0.188204 2 0.180492 0.193244 2 0.176506 0.193802 2 0.181204 0.199886 2 0.175781 0.200671 2 0.180504 0.206645 2 0.176693 0.206621 2 0.182183 0.209057 2 0.179360 0.209531 2 0.182559 0.215073 1 0.179574 0.215537 1 0.182581 0.212894 1 0.179499 0.213598 1
0 0.190104 0.133598 0.017113 0.047619 0.187650 0.116009 1 0.187790 0.115006 1 0.188072 0.114949 1 0.188292 0.115761 2 0.190925 0.115255 2 0.187881 0.121879 2 0.192812 0.120606 2 0.186370 0.126718 2 0.195557 0.125352 2 0.186242 0.124416 1 0.194634 0.126108 1 0.190348 0.136415 2 0.193514 0.135843 2 0.191159 0.146396 2 0.194060 0.145183 2 0.191705 0.157244 2 0.195058 0.154569 2
0 0.782366 0.185185 0.018601 0.052910 0.787439 0.165739 1 0.786946 0.164449 1 0.787330 0.164698 1 0.784281 0.164431 2 0.786984 0.165446 2 0.782125 0.170223 2 0.787054 0.172084 2 0.780044 0.176724 2 0.787172 0.180765 2 0.780432 0.183772 2 0.786854 0.186951 2 0.780856 0.185539 2 0.784156 0.186198 2 0.780438 0.196470 2 0.782977 0.197095 2 0.779732 0.207178 2 0.781707 0.207416 2
0 0.139137 0.115741 0.014881 0.030423 0.135652 0.111123 2 0.136085 0.110035 2 0.135116 0.110125 2 0.136793 0.110294 2 0.134399 0.110639 2 0.137666 0.114172 2 0.133746 0.115609 2 0.140095 0.120463 2 0.133719 0.122901 2 0.139302 0.126653 2 0.137378 0.126987 2 0.138392 0.123360 2 0.135615 0.124492 2 0.140521 0.120778 2 0.133964 0.123045 2 0.142984 0.126832 2 0.138161 0.128579 2
0 0.988839 0.273810 0.020833 0.113757 0.999307 0.233434 2 0.998718 0.231608 1 0.998052 0.232244 2 0.996674 0.233654 1 0.995170 0.235367 2 0.995617 0.244247 2 0.995111 0.245700 2 0.995396 0.258003 1 0.993913 0.260367 2 0.998535 0.266054 1 0.998173 0.268883 2 0.992463 0.270934 2 0.992273 0.271282 2 0.992306 0.293390 2 0.992141 0.293911 2 0.985811 0.310778 2 0.985096 0.312049 2
0 0.956101 0.218915 0.022321 0.070106 0.947246 0.233745 1 0.946521 0.231749 1 0.947547 0.232131 1 0.942734 0.232846 2 0.948661 0.233880 2 0.940562 0.244906 2 0.950281 0.246980 2 0.942306 0.260129 1 0.952839 0.263525 2 0.947995 0.256462 1 0.953437 0.257715 1 0.940476 0.266989 1 0.946865 0.266989 1 0.943331 0.255581 1 0.950888 0.256270 1 0.942869 0.265724 1 0.948518 0.266989 1
0 0.558408 0.085317 0.011161 0.033069 0.554935 0.062374 1 0.555500 0.062169 1 0.554173 0.062169 1 0.556693 0.062169 1 0.553082 0.062169 1 0.559050 0.062497 1 0.551946 0.062212 1 0.560874 0.072004 2 0.553712 0.071906 1 0.560251 0.079018 2 0.557217 0.079297 1 0.557145 0.081508 2 0.552122 0.081107 2 0.557140 0.098926 2 0.552668 0.098027 1 0.557512 0.108176 1 0.553682 0.107921 1
0 0.906622 0.189815 0.020089 0.038360 0.905945 0.176897 2 0.906593 0.175425 2 0.905291 0.175526 2 0.907684 0.175962 2 0.904542 0.176189 2 0.908632 0.181978 2 0.903760 0.181546 2 0.908016 0.190611 2 0.901517 0.188863 2 0.902671 0.196055 2 0.900396 0.195893 2 0.907401 0.194566 2 0.904009 0.193888 2 0.907665 0.191286 2 0.899372 0.190780 2 0.903328 0.200162 2 0.899015 0.198931 2
0 0.940848 0.192460 0.020089 0.033069 0.943773 0.186237 2 0.945027 0.184107 2 0.942666 0.183940 2 0.946527 0.184802 2 0.940840 0.184328 2 0.947662 0.194745 2 0.938224 0.192416 2 0.946677 0.203619 2 0.934657 0.199524 2 0.942158 0.202625 2 0.937248 0.204204 2 0.943887 0.211047 1 0.937652 0.209561 2 0.943717 0.205573 1 0.934388 0.203147 1 0.940196 0.208343 1 0.937818 0.205886 1
0 0.926711 0.191799 0.018601 0.034392 0.924484 0.192291 2 0.926272 0.189851 2 0.923743 0.189919 2 0.929898 0.191757 2 0.923289 0.191344 1 0.934419 0.204851 2 0.922755 0.203827 2 0.935918 0.211781 1 0.920832 0.212585 1 0.935979 0.201720 1 0.927736 0.204669 1 0.932611 0.213224 1 0.925827 0.212223 1 0.928466 0.205426 1 0.922293 0.201489 1 0.927320 0.204130 1 0.929011 0.201747 1
