0 0.560826 0.290675 0.007812 0.029762 0.561605 0.278430 1 0.561494 0.277823 1 0.561715 0.277870 1 0.560747 0.278181 2 0.562252 0.278318 2 0.560292 0.281436 2 0.562530 0.281921 2 0.559440 0.284509 2 0.563040 0.286564 2 0.558469 0.283559 2 0.563628 0.288215 2 0.560444 0.290161 2 0.561836 0.290274 2 0.560494 0.296931 2 0.561557 0.297146 2 0.560282 0.302794 2 0.560881 0.303497 2
0 0.524926 0.544974 0.011905 0.048942 0.524185 0.533702 2 0.524528 0.532867 2 0.523821 0.532874 2 0.525234 0.531924 2 0.523444 0.531808 2 0.526535 0.533645 2 0.523199 0.532135 2 0.526065 0.540837 2 0.520516 0.534415 2 0.524688 0.546385 2 0.518928 0.539540 2 0.528100 0.538245 2 0.525908 0.537823 2 0.527631 0.546634 2 0.525231 0.546555 2 0.528517 0.553680 2 0.525863 0.554091 2
0 0.479725 0.501323 0.015253 0.044974 0.477490 0.497765 2 0.477751 0.496873 2 0.477224 0.496977 2 0.478209 0.496161 2 0.476987 0.496366 2 0.479460 0.499104 2 0.476445 0.498334 2 0.480600 0.504063 2 0.473474 0.501344 2 0.479170 0.507439 2 0.472479 0.504580 2 0.478709 0.507954 2 0.476820 0.507186 2 0.476559 0.508940 2 0.473528 0.508340 2 0.476689 0.512979 1 0.474293 0.512379 1
0 0.565662 0.318783 0.006324 0.027778 0.569459 0.307753 1 0.569191 0.307013 1 0.569430 0.307085 1 0.567542 0.306771 1 0.569095 0.307179 2 0.566301 0.309783 2 0.568790 0.310615 2 0.565252 0.313484 2 0.569428 0.315475 2 0.566319 0.314672 1 0.569884 0.317921 1 0.566367 0.319926 2 0.568047 0.320403 2 0.566457 0.327076 2 0.568191 0.327469 2 0.566157 0.333592 2 0.568211 0.333574 2
0 0.093192 0.589616 0.011533 0.045635 0.090465 0.574855 2 0.090941 0.573812 2 0.090003 0.574047 2 0.092006 0.573444 2 0.089659 0.574305 2 0.094147 0.576518 2 0.089727 0.579983 2 0.097135 0.578462 2 0.089533 0.586228 2 0.095909 0.582515 2 0.089750 0.592960 2 0.095152 0.590320 2 0.092455 0.592065 2 0.096118 0.597752 2 0.094174 0.601198 2 0.097150 0.603435 2 0.096341 0.608951 2
0 0.118304 0.707011 0.015625 0.050265 0.116624 0.692451 1 0.116451 0.691910 1 0.116685 0.691397 1 0.114954 0.693291 2 0.117479 0.691955 2 0.114588 0.699324 2 0.119961 0.696784 2 0.114140 0.706846 2 0.121927 0.699580 2 0.113864 0.711499 2 0.120655 0.700510 2 0.117096 0.711147 2 0.120758 0.710227 2 0.118049 0.718478 2 0.121162 0.717604 2 0.120008 0.724833 2 0.122560 0.727231 2
0 0.087984 0.555225 0.012277 0.040344 0.087015 0.540798 1 0.086674 0.540053 1 0.086905 0.539976 1 0.085321 0.540351 1 0.086117 0.540392 2 0.085325 0.544241 2 0.084828 0.545718 2 0.087377 0.548981 2 0.086085 0.553106 2 0.089574 0.549405 2 0.089552 0.551377 2 0.087587 0.556515 2 0.087189 0.557794 2 0.089774 0.564103 2 0.088586 0.565665 2 0.090815 0.572253 2 0.089498 0.573431 2
0 0.788690 0.795304 0.019345 0.053571 0.790860 0.777069 2 0.791155 0.776225 2 0.791180 0.775982 1 0.792406 0.776894 2 0.793018 0.776227 1 0.793787 0.782381 2 0.793583 0.780757 2 0.793870 0.790958 2 0.791856 0.787338 1 0.792774 0.797582 2 0.789109 0.792238 1 0.792516 0.795014 2 0.792561 0.793725 2 0.790900 0.803532 2 0.790893 0.802076 2 0.791214 0.811483 2 0.791960 0.811139 2
0 0.801153 0.704365 0.012277 0.038360 0.797169 0.705128 2 0.797795 0.704420 2 0.796825 0.704205 2 0.798905 0.705005 2 0.796557 0.704431 2 0.800266 0.710306 2 0.795561 0.708724 2 0.801764 0.716836 2 0.793970 0.712555 2 0.801334 0.718952 2 0.792783 0.715752 2 0.798313 0.723274 2 0.795111 0.722308 2 0.797231 0.730276 1 0.793842 0.729181 1 0.797545 0.729707 1 0.793662 0.728926 1
0 0.795201 0.724537 0.014509 0.045635 0.797208 0.704872 2 0.797846 0.703962 2 0.796847 0.703877 2 0.799054 0.704392 2 0.796566 0.704128 1 0.800525 0.710151 2 0.795388 0.708746 2 0.802223 0.715943 2 0.793351 0.713407 2 0.801583 0.719479 2 0.791728 0.719128 2 0.798094 0.723257 2 0.794878 0.722102 2 0.796957 0.732324 2 0.794097 0.729819 2 0.796046 0.739859 2 0.794688 0.736503 2
0 0.862909 0.600860 0.010789 0.045635 0.863288 0.587025 1 0.863487 0.586010 2 0.863870 0.586191 1 0.864459 0.586493 2 0.866551 0.586693 1 0.863303 0.591334 2 0.867760 0.592630 2 0.861072 0.597327 2 0.867132 0.600032 1 0.860355 0.600622 2 0.864711 0.602428 1 0.863369 0.604188 2 0.866351 0.604808 2 0.863046 0.608239 2 0.864885 0.610229 2 0.862313 0.616480 2 0.863047 0.618238 2
0 0.850446 0.601521 0.015625 0.053571 0.853258 0.580999 1 0.853209 0.579986 1 0.853512 0.580272 1 0.852081 0.580342 2 0.854726 0.581067 2 0.850168 0.585337 2 0.855442 0.587100 2 0.847770 0.591323 2 0.855692 0.593966 2 0.846029 0.595968 2 0.855227 0.599592 2 0.849536 0.597668 2 0.852988 0.598560 2 0.849036 0.604135 2 0.851763 0.607088 2 0.848698 0.611625 2 0.849994 0.615277 2
0 0.275856 0.855159 0.017485 0.055556 0.272233 0.839194 1 0.272246 0.838245 1 0.272534 0.838197 1 0.271518 0.838967 2 0.274257 0.838764 2 0.270279 0.844895 2 0.275626 0.844518 2 0.269053 0.850895 2 0.277139 0.851290 2 0.270184 0.852617 1 0.277521 0.854294 2 0.272280 0.857603 2 0.275810 0.857388 2 0.273271 0.868741 2 0.276084 0.867513 2 0.274207 0.879337 2 0.276035 0.877574 2
0 0.293155 0.827712 0.016369 0.056217 0.291853 0.810309 1 0.291709 0.809375 1 0.292058 0.809149 1 0.290469 0.810424 2 0.293286 0.809763 2 0.289557 0.817354 2 0.294912 0.816086 2 0.289419 0.825855 2 0.297006 0.823401 2 0.290209 0.830117 2 0.298570 0.826676 2 0.292217 0.831035 2 0.295699 0.830655 2 0.293919 0.840387 2 0.296527 0.838998 2 0.295155 0.848816 2 0.296366 0.847751 2
0 0.332775 0.589947 0.012277 0.039683 0.331528 0.577419 2 0.331867 0.576357 2 0.331020 0.576733 2 0.332724 0.576490 2 0.330744 0.577414 1 0.335018 0.581271 2 0.331036 0.581840 2 0.336577 0.588422 2 0.330795 0.588227 2 0.336387 0.595406 2 0.330490 0.594979 2 0.334556 0.595210 2 0.331798 0.595221 2 0.335677 0.604286 2 0.331271 0.604057 2 0.336523 0.612512 2 0.332754 0.612836 2
0 0.323847 0.590939 0.009301 0.041667 0.320765 0.576043 1 0.320969 0.575381 2 0.320869 0.575315 1 0.321802 0.575668 2 0.321651 0.575497 1 0.324705 0.580129 2 0.322305 0.580542 2 0.325885 0.587163 2 0.322776 0.586511 1 0.324659 0.593397 2 0.322462 0.592304 1 0.324823 0.592488 2 0.322747 0.592521 2 0.326040 0.600903 2 0.322370 0.601871 2 0.329131 0.605240 2 0.322528 0.610815 2
0 0.246466 0.631614 0.015253 0.048942 0.244179 0.614538 1 0.244316 0.613908 1 0.244351 0.613681 1 0.244357 0.614836 2 0.246410 0.614051 2 0.244302 0.619510 2 0.248288 0.617921 2 0.242507 0.622513 2 0.248977 0.618442 2 0.242520 0.617267 2 0.246013 0.616312 2 0.245709 0.630835 2 0.248610 0.630171 2 0.244906 0.637808 2 0.249224 0.638197 2 0.244368 0.645119 2 0.250412 0.647188 2
0 0.316778 0.905093 0.021205 0.052249 0.315824 0.884371 1 0.315797 0.883364 1 0.315917 0.883460 1 0.314498 0.884472 2 0.317570 0.884046 2 0.312999 0.891226 2 0.319639 0.888802 2 0.311756 0.892250 2 0.322761 0.886533 2 0.314246 0.886861 2 0.322641 0.882728 2 0.314925 0.908506 2 0.319737 0.907479 2 0.312022 0.912691 2 0.320645 0.909852 2 0.309718 0.925349 2 0.320372 0.920699 2
0 0.595796 0.864418 0.015997 0.051587 0.599292 0.848066 1 0.599241 0.846932 1 0.599621 0.847439 1 0.597843 0.847367 2 0.600963 0.848642 2 0.595442 0.852102 2 0.600970 0.855772 2 0.593876 0.856492 2 0.601159 0.865093 2 0.595686 0.857617 1 0.601189 0.871174 1 0.594230 0.868106 2 0.598067 0.869907 2 0.593146 0.878207 2 0.597496 0.881013 2 0.592440 0.888521 2 0.596440 0.890537 2
0 0.447731 0.431217 0.009301 0.037037 0.449935 0.420699 2 0.450354 0.420097 2 0.449644 0.419959 2 0.450928 0.419874 2 0.449150 0.419496 2 0.451499 0.423266 2 0.447995 0.422643 2 0.452375 0.428334 2 0.446915 0.427975 2 0.452165 0.433168 2 0.447438 0.433315 2 0.450817 0.433524 2 0.448481 0.433181 2 0.450640 0.441107 2 0.448035 0.440111 2 0.450626 0.448654 2 0.447724 0.447105 2
0 0.438616 0.380291 0.010417 0.039683 0.440444 0.370923 1 0.440184 0.370226 1 0.440368 0.370248 1 0.438942 0.370092 1 0.439912 0.370328 2 0.438010 0.373331 2 0.439391 0.373946 2 0.438185 0.377836 1 0.439623 0.379496 2 0.439512 0.381893 1 0.439957 0.384114 2 0.438168 0.382790 2 0.439077 0.383207 2 0.439361 0.389209 2 0.439411 0.389864 2 0.438873 0.394441 2 0.438567 0.394744 2
