0 0.562500 0.578704 0.017857 0.104497 0.564989 0.537907 1 0.564015 0.535912 1 0.564799 0.535812 2 0.559466 0.536394 1 0.563040 0.536524 2 0.557067 0.546264 2 0.561827 0.547140 2 0.560670 0.558170 1 0.565511 0.560265 2 0.567230 0.555107 1 0.568576 0.556798 2 0.559391 0.574358 2 0.562518 0.575385 2 0.561724 0.595234 2 0.562855 0.596543 2 0.562137 0.616471 2 0.561839 0.617268 2
0 0.561384 0.548942 0.033482 0.071429 0.564935 0.537408 1 0.563972 0.535494 1 0.564887 0.535444 1 0.559613 0.535756 1 0.563537 0.536039 2 0.556881 0.546205 2 0.562108 0.546634 2 0.561836 0.558657 2 0.566431 0.558851 2 0.567069 0.557564 1 0.568790 0.556872 2 0.558804 0.572824 2 0.562347 0.574117 2 0.566768 0.579601 2 0.569919 0.581332 2 0.565331 0.593215 1 0.567204 0.592392 2
0 0.539062 0.493386 0.014137 0.074074 0.540398 0.469081 2 0.541089 0.467485 2 0.539641 0.467679 2 0.542352 0.467753 2 0.538661 0.468135 2 0.543996 0.475442 2 0.537463 0.475748 2 0.546018 0.484494 2 0.536698 0.485734 2 0.544335 0.481755 2 0.540033 0.489452 2 0.543491 0.493899 2 0.538860 0.494220 2 0.544870 0.507890 2 0.538055 0.508746 2 0.544803 0.522947 2 0.537066 0.523239 2
0 0.496652 0.548280 0.023065 0.099206 0.504628 0.512566 2 0.503749 0.510854 1 0.504103 0.510758 2 0.499458 0.511524 1 0.502126 0.511864 2 0.494999 0.521611 2 0.504145 0.522397 2 0.492520 0.535744 2 0.506768 0.536043 2 0.492874 0.547832 2 0.508019 0.547740 2 0.496433 0.549320 2 0.502492 0.549901 2 0.497530 0.567336 2 0.502440 0.569151 2 0.498585 0.585121 2 0.501411 0.588561 2
0 0.496280 0.521825 0.022321 0.093915 0.504778 0.512572 2 0.503943 0.510856 1 0.504308 0.510719 2 0.499642 0.511556 1 0.502296 0.511735 2 0.495165 0.521851 2 0.504111 0.522245 2 0.492561 0.535747 2 0.506947 0.535915 2 0.492250 0.547749 2 0.508265 0.548138 2 0.496325 0.549604 2 0.502265 0.549968 2 0.497173 0.568199 2 0.502236 0.569144 2 0.497796 0.582993 2 0.500855 0.585050 2
0 0.510417 0.513889 0.014881 0.067460 0.503899 0.512155 1 0.503371 0.510430 1 0.503413 0.510513 1 0.501328 0.511377 1 0.502233 0.511818 2 0.501651 0.522220 1 0.503969 0.522848 2 0.506315 0.535318 1 0.507390 0.536494 2 0.507739 0.546907 1 0.508432 0.548591 2 0.500972 0.550846 1 0.502596 0.550716 2 0.501187 0.560681 1 0.502509 0.560681 1 0.501762 0.560453 1 0.502720 0.560681 1
0 0.522321 0.503968 0.016369 0.076720 0.521781 0.476378 1 0.521821 0.474855 1 0.522138 0.475053 1 0.520971 0.475449 2 0.524559 0.475634 2 0.519791 0.483892 2 0.526209 0.484226 2 0.518175 0.494103 2 0.527089 0.493294 2 0.516795 0.503992 2 0.525487 0.498118 2 0.519883 0.503479 2 0.524491 0.503513 2 0.517922 0.516195 2 0.523863 0.517111 2 0.517794 0.531108 2 0.523948 0.532267 2
0 0.475446 0.505952 0.014881 0.078042 0.468356 0.490526 1 0.467907 0.489019 1 0.468585 0.489061 1 0.465504 0.490515 1 0.469924 0.490599 2 0.465030 0.500146 2 0.471632 0.499851 2 0.465030 0.509197 1 0.474215 0.507719 2 0.465227 0.514588 1 0.473441 0.511337 2 0.465795 0.520600 2 0.470756 0.520374 2 0.465649 0.541079 2 0.470629 0.540416 2 0.466241 0.557323 2 0.471140 0.557250 2
0 0.454241 0.503968 0.017113 0.087302 0.457341 0.472578 1 0.456978 0.470943 1 0.457252 0.471066 1 0.454048 0.471821 2 0.457945 0.472034 2 0.452228 0.481172 2 0.459788 0.481435 2 0.451648 0.493146 2 0.461693 0.493802 2 0.453831 0.503926 2 0.460938 0.504557 2 0.453608 0.502419 2 0.459058 0.502667 2 0.453027 0.519968 2 0.459373 0.519549 2 0.452446 0.536581 2 0.459189 0.536689 2
0 0.865699 0.915344 0.048363 0.150794 0.871043 0.868240 2 0.872431 0.863880 2 0.868787 0.864088 2 0.873117 0.862283 1 0.862280 0.862134 2 0.875251 0.882677 2 0.853868 0.882568 2 0.878318 0.909080 2 0.849879 0.914549 2 0.876005 0.931613 2 0.856619 0.943103 2 0.872627 0.945158 2 0.857547 0.945370 2 0.874169 0.987727 2 0.852866 0.984553 2 0.873118 1.000000 1 0.850318 1.000000 1
0 0.829613 0.878968 0.041667 0.165344 0.831247 0.823067 2 0.833577 0.819766 2 0.829668 0.819292 2 0.836542 0.817305 2 0.826971 0.816261 2 0.840992 0.830245 2 0.822779 0.829805 2 0.853002 0.839486 2 0.816434 0.850376 2 0.843474 0.819372 2 0.812270 0.871658 2 0.833998 0.884499 2 0.823598 0.881911 2 0.826392 0.924668 2 0.822664 0.919723 2 0.824312 0.959706 2 0.826076 0.954335 2
0 0.791295 0.888228 0.039435 0.125661 0.818452 0.825390 1 0.818452 0.822761 1 0.818452 0.822932 1 0.818452 0.822387 1 0.818452 0.822815 1 0.818452 0.833062 1 0.818452 0.833637 2 0.816268 0.852896 1 0.815913 0.853191 2 0.811626 0.873278 1 0.811597 0.872917 2 0.818177 0.875400 2 0.818194 0.875585 2 0.817988 0.902450 2 0.817749 0.903263 2 0.817226 0.929699 1 0.816850 0.929571 2
0 0.851190 0.894841 0.032738 0.130952 0.871145 0.868591 2 0.872427 0.864629 2 0.869082 0.864559 2 0.872747 0.863508 1 0.862833 0.862962 2 0.873512 0.884331 2 0.854001 0.883639 2 0.873512 0.912970 1 0.849808 0.912893 2 0.873512 0.939164 1 0.855826 0.942768 2 0.870749 0.941787 2 0.856671 0.942259 2 0.872002 0.978783 1 0.852768 0.979251 2 0.871010 0.985284 1 0.850350 0.985284 2
0 0.623512 0.602513 0.028274 0.107143 0.627389 0.562391 2 0.628802 0.560200 2 0.626429 0.560333 2 0.631293 0.562286 2 0.625878 0.562214 1 0.632592 0.576214 2 0.627837 0.573409 2 0.635312 0.588697 2 0.630943 0.588405 1 0.634263 0.595115 2 0.628904 0.596394 1 0.630895 0.604984 2 0.626882 0.601768 2 0.629735 0.626091 2 0.620175 0.614410 2 0.630799 0.649941 2 0.618100 0.632295 2
