0 0.965625 0.953268 0.015809 0.060784 0.965420 0.924293 1 0.964995 0.923000 1 0.965673 0.923199 1 0.962953 0.922633 1 0.967185 0.923215 1 0.960965 0.927970 2 0.968335 0.928365 2 0.958092 0.933888 2 0.970944 0.938596 2 0.957567 0.939706 2 0.972481 0.946827 2 0.962044 0.950224 2 0.966870 0.949799 2 0.961154 0.967429 2 0.966019 0.963446 2 0.960472 0.983945 2 0.965321 0.976519 2
0 0.958272 0.908170 0.017279 0.054248 0.954578 0.885325 2 0.955297 0.883839 2 0.954627 0.883725 1 0.957305 0.884878 2 0.955905 0.883995 1 0.960988 0.893369 2 0.955064 0.888427 2 0.961790 0.905450 2 0.950852 0.896484 2 0.956384 0.912315 2 0.948062 0.900298 2 0.960560 0.909535 2 0.956558 0.905825 2 0.957901 0.920361 2 0.950360 0.909562 2 0.956962 0.938926 2 0.953480 0.924297 2
0 0.821691 0.770588 0.016176 0.048366 0.811865 0.769896 2 0.812223 0.768702 2 0.811471 0.768750 1 0.813343 0.768206 2 0.811586 0.768195 1 0.816003 0.775022 2 0.811578 0.773469 2 0.815978 0.787560 2 0.811216 0.783242 2 0.812195 0.793608 2 0.811331 0.792067 2 0.816022 0.792396 2 0.813000 0.791412 2 0.815100 0.801863 1 0.813057 0.800169 1 0.815421 0.801991 1 0.813868 0.800567 1
0 0.916544 0.692810 0.011765 0.052288 0.920413 0.674842 2 0.920629 0.673946 1 0.920352 0.673731 2 0.919857 0.672088 1 0.919066 0.671463 2 0.918493 0.674157 2 0.915740 0.674102 2 0.918416 0.680958 1 0.914901 0.682202 2 0.920242 0.680031 1 0.919118 0.680310 2 0.917760 0.689103 2 0.915615 0.689573 2 0.919058 0.701704 2 0.915431 0.702095 2 0.918296 0.714098 2 0.913257 0.713783 2
0 0.953860 0.715359 0.015809 0.058170 0.954463 0.695230 1 0.954478 0.694097 1 0.954613 0.694221 1 0.953316 0.694374 2 0.956457 0.694646 2 0.951201 0.700014 2 0.958051 0.700841 2 0.948871 0.705512 2 0.960128 0.707690 2 0.950169 0.701156 2 0.957584 0.704364 1 0.951549 0.716387 2 0.956265 0.716679 2 0.951139 0.727759 2 0.956343 0.728685 2 0.950293 0.740047 2 0.955978 0.740292 2
0 0.547610 0.491176 0.007721 0.032026 0.547848 0.477986 1 0.547975 0.477371 1 0.548216 0.477497 1 0.548019 0.478044 2 0.549686 0.478179 2 0.547146 0.481806 2 0.550131 0.482389 2 0.546225 0.485872 2 0.550551 0.486929 2 0.545566 0.489257 2 0.550589 0.490728 2 0.547407 0.490081 2 0.549401 0.490438 2 0.547498 0.494905 2 0.549272 0.495921 2 0.547687 0.500522 2 0.548959 0.501364 2
0 0.729228 0.815033 0.016544 0.066667 0.730138 0.794790 2 0.731114 0.793721 2 0.729669 0.793131 2 0.732258 0.792206 2 0.728526 0.790693 2 0.733940 0.796667 2 0.726341 0.796065 2 0.734960 0.807645 2 0.723955 0.806014 2 0.735814 0.815046 2 0.725966 0.814311 2 0.731306 0.816053 2 0.726306 0.816049 2 0.730381 0.828706 2 0.726071 0.830469 2 0.729790 0.839511 2 0.724983 0.846914 2
0 0.765074 0.771569 0.015441 0.063399 0.766512 0.748178 2 0.767363 0.747200 2 0.765998 0.746869 2 0.768573 0.747917 2 0.765283 0.746999 2 0.769398 0.754686 2 0.763294 0.752313 2 0.770669 0.761109 2 0.760417 0.756574 2 0.771474 0.765050 2 0.761131 0.761387 2 0.766492 0.769813 2 0.762816 0.768651 2 0.764933 0.782615 2 0.763029 0.780295 2 0.763495 0.794226 2 0.763506 0.791073 2
0 0.929963 0.812745 0.020221 0.066013 0.930941 0.785533 1 0.930977 0.784182 1 0.931296 0.784325 1 0.929918 0.785003 2 0.933860 0.785211 2 0.928448 0.792087 2 0.935751 0.794058 2 0.926293 0.802747 2 0.937476 0.801850 2 0.925640 0.811262 2 0.934621 0.805772 2 0.928398 0.811599 2 0.933613 0.813013 2 0.925912 0.820816 2 0.932150 0.828405 2 0.923214 0.828806 2 0.930638 0.840369 2
0 0.750184 0.606863 0.010662 0.050327 0.753438 0.588721 1 0.753132 0.587644 1 0.753224 0.587702 1 0.751072 0.587760 1 0.752317 0.588050 2 0.749267 0.592419 2 0.751986 0.593121 2 0.748553 0.597406 1 0.752304 0.598344 2 0.750649 0.597510 1 0.753844 0.595520 2 0.749393 0.605393 2 0.751255 0.605896 2 0.749465 0.616219 2 0.751309 0.616570 2 0.748467 0.626231 2 0.750586 0.626721 2
0 0.758824 0.601307 0.008824 0.048366 0.758954 0.584817 2 0.759364 0.583782 2 0.758401 0.584008 2 0.760084 0.584037 2 0.757813 0.584607 2 0.761580 0.588401 2 0.757554 0.589155 2 0.761582 0.593197 2 0.757091 0.596268 2 0.759959 0.590140 2 0.756827 0.601113 2 0.760667 0.601185 2 0.757753 0.601165 2 0.761351 0.612080 2 0.756794 0.611841 2 0.760882 0.621390 2 0.757220 0.621778 2
0 0.802206 0.640850 0.012500 0.043791 0.805081 0.623746 1 0.804686 0.622764 1 0.804889 0.622892 1 0.802566 0.623008 1 0.804311 0.623599 2 0.801342 0.627562 2 0.804152 0.628556 2 0.798484 0.631793 2 0.805281 0.634356 2 0.800067 0.635791 2 0.805789 0.637579 2 0.800403 0.639549 2 0.802122 0.639876 2 0.801329 0.648702 2 0.802280 0.648232 2 0.799652 0.656957 2 0.802206 0.657037 2
0 0.825919 0.654575 0.012132 0.051634 0.829342 0.637384 2 0.829242 0.636390 1 0.829297 0.636262 2 0.827996 0.635639 1 0.828404 0.635379 2 0.827135 0.639680 2 0.826287 0.640277 2 0.827728 0.647331 1 0.827043 0.649282 2 0.829965 0.647240 1 0.830036 0.648396 2 0.827337 0.654742 2 0.826586 0.655317 2 0.827601 0.664582 2 0.825904 0.665688 2 0.826529 0.674041 2 0.824558 0.675166 2
0 0.904779 0.657843 0.014706 0.052941 0.906097 0.639446 2 0.906620 0.638454 2 0.905556 0.638615 2 0.907492 0.638979 2 0.904996 0.639350 2 0.908899 0.644396 2 0.904369 0.644372 2 0.910074 0.650199 2 0.902874 0.650586 2 0.907637 0.651168 2 0.900762 0.655694 2 0.907201 0.657223 2 0.904603 0.656647 2 0.904969 0.667753 2 0.904729 0.666626 2 0.902985 0.677706 2 0.904886 0.675957 2
0 0.942463 0.695425 0.020221 0.052288 0.945283 0.675566 2 0.945749 0.674388 2 0.945318 0.674554 1 0.947354 0.674802 2 0.946091 0.675066 1 0.948526 0.681693 2 0.946323 0.681237 2 0.948071 0.688891 2 0.944564 0.687508 2 0.944389 0.689155 2 0.943147 0.689625 2 0.946599 0.695710 2 0.944920 0.694774 2 0.944489 0.705435 2 0.942295 0.704058 2 0.943752 0.715967 2 0.939829 0.714452 2
0 0.856985 0.630065 0.011765 0.049673 0.858428 0.613524 2 0.859026 0.612480 2 0.857913 0.612419 2 0.859736 0.612409 2 0.856986 0.612096 2 0.860444 0.617232 2 0.855736 0.616345 2 0.860456 0.623601 2 0.853943 0.620158 2 0.858285 0.623640 2 0.856964 0.618171 2 0.858270 0.630154 2 0.855290 0.629744 2 0.856896 0.639773 2 0.855080 0.639638 2 0.854736 0.645664 2 0.854414 0.646837 2
0 0.871691 0.632026 0.011029 0.053595 0.872603 0.613460 2 0.873228 0.612545 2 0.872165 0.612222 2 0.873836 0.612530 1 0.871061 0.611642 2 0.874419 0.617745 2 0.869234 0.616393 2 0.875269 0.624745 2 0.867054 0.622188 2 0.875815 0.631024 2 0.865957 0.628136 2 0.872010 0.631172 2 0.868489 0.630341 2 0.871484 0.642277 2 0.867458 0.641037 2 0.870771 0.650811 2 0.865817 0.650715 2
0 0.743934 0.781373 0.013603 0.046405 0.743460 0.764494 1 0.743427 0.763553 1 0.743882 0.763693 1 0.742870 0.764493 2 0.746755 0.764690 2 0.742076 0.770292 2 0.748046 0.771180 2 0.739329 0.777067 2 0.748324 0.773143 2 0.737754 0.775131 2 0.743366 0.773272 1 0.743432 0.787245 2 0.748124 0.788324 2 0.739075 0.785863 2 0.748617 0.793683 2 0.738546 0.799214 2 0.751616 0.809366 2
0 0.826654 0.741503 0.018015 0.054248 0.828838 0.724775 2 0.829612 0.723669 2 0.828176 0.723462 2 0.830497 0.723934 2 0.827063 0.723247 2 0.831194 0.730696 2 0.826303 0.727426 2 0.830723 0.739136 2 0.822840 0.730563 2 0.827375 0.742041 2 0.819173 0.735408 2 0.830320 0.741296 2 0.827325 0.739298 2 0.824743 0.745805 2 0.823133 0.743888 2 0.824759 0.752123 1 0.824513 0.750081 1
0 0.838051 0.757843 0.019485 0.054248 0.828704 0.724447 2 0.829359 0.723474 2 0.828159 0.723321 2 0.830279 0.723830 2 0.827233 0.723277 2 0.831197 0.730717 2 0.826572 0.727638 2 0.830384 0.739722 2 0.824692 0.731567 1 0.826428 0.742728 2 0.825533 0.736812 1 0.829980 0.741560 2 0.827117 0.739859 2 0.825164 0.744495 2 0.824632 0.743727 1 0.825436 0.753113 2 0.825609 0.752817 1
0 0.769301 0.691503 0.014338 0.049673 0.769997 0.673986 2 0.770508 0.672967 2 0.769505 0.672997 2 0.771288 0.673032 2 0.768795 0.673116 2 0.772375 0.677742 2 0.767163 0.678243 2 0.773764 0.684118 2 0.766638 0.684801 2 0.771651 0.686160 2 0.769800 0.685937 2 0.771131 0.690720 2 0.767589 0.691167 2 0.772387 0.695441 2 0.767919 0.696824 2 0.771242 0.706487 2 0.767513 0.707735 2
0 0.804412 0.869935 0.018382 0.071895 0.807674 0.843807 2 0.808805 0.842669 2 0.807066 0.841982 2 0.809788 0.841840 2 0.805467 0.839977 2 0.810073 0.846732 2 0.802823 0.845150 2 0.811441 0.856851 2 0.799811 0.853710 2 0.811592 0.867709 2 0.798330 0.863209 2 0.806957 0.866221 2 0.802562 0.865541 2 0.805605 0.879960 2 0.802462 0.880156 2 0.801934 0.891076 2 0.800109 0.894444 2
0 0.823713 0.879739 0.014338 0.061438 0.825467 0.853514 2 0.826003 0.852420 2 0.824858 0.852458 2 0.826653 0.852246 2 0.823670 0.852125 2 0.827472 0.858685 2 0.821365 0.857261 2 0.828257 0.866704 2 0.820273 0.866326 2 0.828369 0.872236 2 0.823563 0.865268 2 0.825621 0.875425 2 0.821280 0.874245 2 0.825232 0.891028 2 0.820487 0.885541 2 0.825180 0.905233 2 0.818834 0.895728 2
0 0.922243 0.698693 0.013603 0.056209 0.920499 0.675119 2 0.920754 0.674236 1 0.920499 0.673927 2 0.920137 0.672126 1 0.919242 0.671260 2 0.918856 0.674000 2 0.915871 0.673794 2 0.918443 0.680451 1 0.914546 0.681950 2 0.920155 0.679372 1 0.918665 0.680326 2 0.918106 0.689216 2 0.915751 0.689482 2 0.918982 0.701335 2 0.915356 0.701421 2 0.918550 0.712838 2 0.913137 0.713142 2
0 0.873529 0.688562 0.013971 0.056863 0.875075 0.667302 1 0.874721 0.666088 1 0.875021 0.666146 1 0.872271 0.666029 2 0.874907 0.666351 2 0.870146 0.671822 2 0.875574 0.672410 2 0.868214 0.678122 2 0.877242 0.677979 2 0.871034 0.678232 1 0.877736 0.676071 1 0.871182 0.687739 2 0.874746 0.688226 2 0.871253 0.698296 2 0.874281 0.699129 2 0.871224 0.708837 2 0.874045 0.710038 2
0 0.880882 0.637255 0.013971 0.050980 0.890160 0.660590 2 0.890420 0.659791 2 0.889690 0.659510 2 0.890239 0.660070 1 0.888225 0.659393 2 0.890361 0.664360 2 0.885661 0.662725 2 0.890441 0.670913 1 0.882589 0.668408 2 0.889508 0.672059 1 0.883447 0.671593 2 0.888537 0.672059 1 0.885351 0.672059 1 0.888884 0.669412 1 0.883740 0.668339 1 0.887249 0.672059 1 0.883901 0.671294 1
0 0.851838 0.671242 0.011765 0.056209 0.855672 0.651948 2 0.856160 0.650883 2 0.855100 0.650919 2 0.856689 0.651180 1 0.854004 0.651114 2 0.856827 0.656536 2 0.852190 0.655816 2 0.857420 0.662191 1 0.850021 0.661404 2 0.856344 0.663851 1 0.853440 0.663887 2 0.855068 0.668536 2 0.852144 0.668270 2 0.854184 0.679404 2 0.852065 0.678501 2 0.852908 0.689579 2 0.851573 0.687430 2
0 0.860478 0.665686 0.013603 0.049020 0.855596 0.652136 2 0.856158 0.651110 2 0.855037 0.650955 2 0.856667 0.651526 1 0.853712 0.651009 2 0.856939 0.656781 2 0.852049 0.655793 2 0.857278 0.662814 2 0.851103 0.661477 1 0.855351 0.664314 2 0.853719 0.663956 1 0.854988 0.669423 2 0.851777 0.668907 2 0.853633 0.680672 2 0.851387 0.679879 2 0.852728 0.690969 2 0.851609 0.690112 2
0 0.812132 0.788562 0.016176 0.059477 0.812111 0.771407 2 0.812878 0.769889 2 0.811502 0.769696 2 0.814127 0.768813 2 0.810798 0.768083 2 0.815887 0.775742 2 0.810442 0.770488 2 0.815614 0.788925 2 0.808123 0.776608 2 0.812138 0.794900 2 0.805287 0.782211 2 0.814133 0.789444 2 0.810415 0.785876 2 0.811047 0.796361 2 0.804924 0.790253 2 0.811381 0.805142 2 0.807226 0.797725 2
0 0.809191 0.596732 0.014706 0.037908 0.806352 0.584336 2 0.806452 0.583380 2 0.805903 0.584024 2 0.806980 0.581800 2 0.805534 0.583361 2 0.808619 0.582559 2 0.805406 0.584217 2 0.809010 0.588489 2 0.805160 0.589824 2 0.808403 0.593410 2 0.805823 0.594940 2 0.809100 0.587500 2 0.807065 0.588304 2 0.808414 0.593855 2 0.807035 0.595248 2 0.808273 0.599997 2 0.807604 0.600520 2
