0 0.281622 0.803571 0.033482 0.141534 0.278964 0.754905 1 0.279665 0.752043 1 0.280216 0.751889 1 0.283201 0.753128 2 0.287479 0.751868 1 0.283791 0.768319 2 0.291771 0.764780 2 0.282194 0.787165 2 0.290834 0.779055 1 0.279521 0.789456 2 0.283078 0.781443 1 0.286651 0.804854 2 0.291998 0.803091 2 0.288407 0.830642 2 0.290941 0.828660 2 0.291619 0.857262 2 0.292190 0.854298 2
0 0.282738 0.782407 0.029762 0.136243 0.275918 0.756463 2 0.276938 0.753073 2 0.277426 0.752833 1 0.281461 0.756137 2 0.285741 0.754206 1 0.285531 0.779219 2 0.290198 0.775212 2 0.289536 0.816551 2 0.289898 0.807212 2 0.291463 0.850660 2 0.288373 0.827182 2 0.287400 0.832307 2 0.290860 0.829215 2 0.283315 0.857349 2 0.285272 0.851903 2 0.289249 0.854424 1 0.289788 0.852057 1
0 0.472098 0.923942 0.049851 0.146825 0.471271 0.877394 2 0.473513 0.873470 2 0.469054 0.873212 2 0.475861 0.872804 2 0.464732 0.871928 2 0.479234 0.892898 2 0.458768 0.893434 2 0.487778 0.915743 2 0.452174 0.920891 2 0.493170 0.943062 2 0.452401 0.950705 2 0.475982 0.951836 2 0.463424 0.952510 2 0.473230 0.992396 2 0.465283 0.993130 2 0.472461 1.000000 1 0.466897 1.000000 1
0 0.313616 0.564153 0.015625 0.067460 0.315478 0.543114 2 0.316101 0.541939 2 0.315579 0.541372 1 0.317086 0.542436 2 0.317068 0.540977 2 0.316535 0.549819 2 0.317957 0.547672 2 0.314010 0.558491 2 0.316116 0.555585 1 0.313538 0.555580 2 0.313915 0.555580 1 0.318327 0.568194 2 0.319259 0.567148 2 0.317079 0.582483 2 0.317701 0.580984 2 0.319561 0.596320 2 0.319503 0.595467 2
0 0.309152 0.555556 0.014137 0.089947 0.310313 0.525662 2 0.310854 0.524123 2 0.309452 0.524028 2 0.310662 0.524489 1 0.307560 0.524114 2 0.309348 0.531635 2 0.307449 0.531823 2 0.311383 0.539439 1 0.308415 0.543080 2 0.311975 0.534021 1 0.312159 0.553098 2 0.309974 0.552986 2 0.308902 0.553541 2 0.311391 0.570749 2 0.311746 0.571432 2 0.311857 0.589529 2 0.311703 0.590604 2
0 0.329241 0.560847 0.015625 0.066138 0.326323 0.539907 1 0.326247 0.538722 1 0.326642 0.538478 1 0.325442 0.539594 2 0.328839 0.538923 2 0.325028 0.546905 2 0.330290 0.545941 2 0.325475 0.554969 2 0.333032 0.553200 2 0.328320 0.556339 1 0.331766 0.555680 2 0.327587 0.562703 2 0.331116 0.562329 2 0.328927 0.574923 2 0.331127 0.574652 2 0.329159 0.586956 2 0.331482 0.587036 2
0 0.331845 0.479497 0.014881 0.051587 0.330356 0.463621 1 0.330345 0.462841 1 0.330697 0.462617 1 0.329771 0.464144 2 0.332811 0.463398 2 0.329762 0.470441 2 0.334817 0.469225 2 0.329492 0.476933 2 0.336885 0.472262 2 0.329609 0.479757 1 0.335428 0.468652 1 0.331850 0.483475 2 0.335237 0.483029 2 0.332229 0.491247 2 0.334937 0.491300 2 0.333178 0.498299 2 0.335721 0.500225 2
0 0.397693 0.528439 0.029018 0.059524 0.400389 0.514181 2 0.401305 0.512357 2 0.399609 0.512672 2 0.403838 0.511982 2 0.399798 0.512504 1 0.404732 0.519200 2 0.400837 0.519079 2 0.397237 0.527003 2 0.395958 0.526394 2 0.390112 0.530426 2 0.391129 0.531305 2 0.407025 0.539738 2 0.404254 0.538960 2 0.396788 0.531766 2 0.396318 0.531055 2 0.396001 0.551455 2 0.396139 0.550059 2
0 0.465774 0.437831 0.019345 0.084656 0.464972 0.408736 1 0.465076 0.407108 1 0.465470 0.407241 1 0.464792 0.408147 2 0.468647 0.408000 2 0.463284 0.416998 2 0.470642 0.416642 2 0.462137 0.427297 2 0.472205 0.427042 2 0.463124 0.435670 2 0.470754 0.434705 1 0.465106 0.437106 2 0.470145 0.437081 2 0.465470 0.454663 2 0.469992 0.454575 2 0.466252 0.471415 2 0.470156 0.470011 2
0 0.384673 0.498016 0.022321 0.041005 0.385462 0.490859 2 0.386412 0.489123 2 0.384396 0.489382 2 0.387936 0.489557 2 0.382961 0.490097 2 0.390986 0.498037 2 0.383023 0.497164 2 0.392329 0.513402 2 0.381420 0.508485 2 0.384855 0.504046 2 0.379864 0.504238 2 0.393838 0.517621 2 0.388397 0.516538 2 0.386291 0.521702 1 0.381569 0.521622 1 0.388228 0.522849 1 0.384862 0.522838 1
0 0.390997 0.488757 0.018601 0.038360 0.385311 0.491623 2 0.386227 0.490032 2 0.384473 0.490173 2 0.387893 0.490065 2 0.383233 0.490366 2 0.390829 0.497914 2 0.382706 0.498147 2 0.393311 0.511255 2 0.380975 0.508275 2 0.386129 0.504981 2 0.382429 0.506787 2 0.392194 0.512623 1 0.386976 0.512696 1 0.386762 0.504529 1 0.382809 0.507848 1 0.388021 0.509585 1 0.385252 0.514323 1
0 0.392485 0.470899 0.021577 0.039683 0.385291 0.490308 2 0.386227 0.488947 2 0.384499 0.488950 2 0.387776 0.489323 2 0.383435 0.489305 2 0.389773 0.495718 2 0.382488 0.495534 2 0.392003 0.497933 1 0.380854 0.497485 1 0.387587 0.497026 1 0.382061 0.496569 1 0.388776 0.497933 1 0.384209 0.497933 1 0.387505 0.494615 1 0.384124 0.494252 1 0.386899 0.494979 1 0.385904 0.495883 1
0 0.512649 0.481481 0.028274 0.087302 0.510238 0.451876 2 0.511326 0.449991 2 0.509214 0.450140 2 0.513216 0.450835 2 0.508071 0.451187 2 0.516048 0.459870 2 0.506048 0.459560 2 0.520898 0.469925 2 0.503996 0.469161 2 0.522305 0.482002 2 0.504326 0.478914 2 0.517613 0.485873 2 0.510535 0.485989 2 0.521296 0.503402 2 0.506846 0.502297 2 0.524796 0.524653 2 0.510874 0.520175 2
0 0.484003 0.482143 0.017113 0.088624 0.483434 0.452188 2 0.484441 0.450054 2 0.482436 0.450694 2 0.486574 0.451120 2 0.481683 0.452557 2 0.488915 0.462785 2 0.480866 0.462831 2 0.490828 0.473477 2 0.482354 0.472524 2 0.487583 0.475788 2 0.486177 0.473009 2 0.487923 0.486862 2 0.482588 0.486524 2 0.487019 0.505120 2 0.483823 0.502621 2 0.486538 0.520575 2 0.485713 0.513740 2
0 0.438244 0.350529 0.014881 0.066138 0.435953 0.328858 1 0.436089 0.327548 1 0.435979 0.327491 1 0.437221 0.327394 2 0.437685 0.327287 1 0.439310 0.333874 2 0.438623 0.333401 2 0.440692 0.343580 2 0.440082 0.342903 1 0.442178 0.352371 2 0.441459 0.351933 1 0.439069 0.352873 2 0.438569 0.352509 2 0.439857 0.366438 2 0.438931 0.366091 2 0.440290 0.378527 2 0.440070 0.378446 2
0 0.569196 0.345899 0.013393 0.064815 0.570322 0.322062 2 0.570999 0.320983 2 0.569761 0.320878 2 0.572041 0.321465 2 0.568892 0.321273 2 0.573792 0.327348 2 0.567261 0.328328 2 0.575429 0.335071 2 0.566080 0.336128 2 0.574488 0.341230 2 0.567620 0.342556 2 0.572842 0.343344 2 0.568305 0.344002 2 0.572823 0.353735 2 0.566823 0.356670 2 0.571984 0.363228 2 0.565468 0.368658 2
0 0.428571 0.384921 0.017857 0.058201 0.428995 0.368112 2 0.429532 0.366567 2 0.428567 0.366992 2 0.431366 0.365366 2 0.428728 0.366322 1 0.433993 0.372052 2 0.429582 0.371641 2 0.434619 0.381039 2 0.427282 0.373205 2 0.432595 0.387782 2 0.425219 0.374718 2 0.432887 0.389686 2 0.429724 0.389372 2 0.431804 0.400804 2 0.428212 0.402135 2 0.433740 0.410306 2 0.427615 0.413306 2
0 0.418155 0.396164 0.014881 0.048942 0.422657 0.368761 2 0.422906 0.367742 2 0.422781 0.367732 1 0.423650 0.367920 2 0.423955 0.367871 1 0.424587 0.373491 2 0.423807 0.373185 2 0.423492 0.382546 2 0.422648 0.381427 2 0.420404 0.387718 2 0.420472 0.384239 2 0.424469 0.390586 2 0.423900 0.390299 2 0.424812 0.402895 2 0.424021 0.402421 2 0.426398 0.414565 2 0.425780 0.413712 2
0 0.420759 0.385582 0.011161 0.056878 0.422375 0.368979 1 0.422514 0.367931 1 0.422643 0.367858 1 0.423266 0.368065 2 0.424400 0.367903 1 0.424143 0.373565 2 0.424638 0.373195 2 0.423240 0.382205 2 0.423208 0.381296 1 0.420328 0.387536 2 0.420499 0.385772 1 0.424694 0.389685 2 0.425025 0.389359 2 0.424776 0.401908 2 0.424548 0.401810 2 0.426292 0.413884 2 0.425937 0.413380 2
0 0.348214 0.490741 0.013393 0.055556 0.344530 0.473635 1 0.344511 0.472472 1 0.344840 0.472145 1 0.344660 0.472842 2 0.347557 0.471646 2 0.345805 0.479528 2 0.350295 0.477306 2 0.347767 0.486618 2 0.355150 0.480862 2 0.346817 0.487090 1 0.351423 0.480709 2 0.349286 0.499023 2 0.351938 0.498203 2 0.350932 0.515461 2 0.351549 0.514855 2 0.352663 0.526047 2 0.351731 0.525685 2
