0 0.242932 0.519841 0.004464 0.023810 0.242275 0.511179 1 0.242286 0.510733 1 0.242408 0.510703 1 0.242094 0.510947 2 0.243174 0.510791 2 0.241832 0.513512 2 0.243712 0.513231 2 0.241159 0.516592 2 0.244355 0.516132 2 0.241318 0.519007 2 0.244598 0.519093 2 0.242367 0.519361 2 0.243553 0.519246 2 0.242683 0.523930 2 0.243312 0.523758 2 0.243045 0.527973 2 0.243481 0.528083 2
0 0.242560 0.860119 0.010417 0.025794 0.243429 0.852014 1 0.243337 0.851267 1 0.243527 0.851451 1 0.242211 0.851373 2 0.244071 0.851848 2 0.240810 0.854958 2 0.244511 0.855859 2 0.239463 0.858066 2 0.246026 0.860077 2 0.240339 0.857998 2 0.245751 0.861967 2 0.241024 0.865056 2 0.243492 0.865494 2 0.240864 0.871113 2 0.243404 0.871914 2 0.240509 0.876460 2 0.243180 0.876790 2
0 0.575707 0.931217 0.010789 0.027778 0.575258 0.920437 1 0.575181 0.919724 1 0.575371 0.919896 1 0.574363 0.920189 2 0.576645 0.920419 2 0.573308 0.924284 2 0.578005 0.924609 2 0.571374 0.926750 2 0.579487 0.926844 2 0.572313 0.924416 1 0.578337 0.927838 1 0.573963 0.936627 2 0.577440 0.936862 2 0.572010 0.929258 2 0.577937 0.930471 2 0.571137 0.938689 2 0.578020 0.940226 2
0 0.509115 0.459987 0.004092 0.019180 0.509037 0.454827 2 0.509253 0.454436 2 0.508851 0.454392 2 0.509503 0.454347 1 0.508482 0.454242 2 0.509598 0.456175 2 0.507882 0.456114 2 0.509850 0.458819 2 0.507326 0.458833 2 0.509649 0.458852 2 0.508435 0.459822 2 0.509247 0.461717 2 0.508084 0.461746 2 0.509383 0.465976 2 0.508092 0.466276 2 0.509404 0.470286 2 0.508142 0.470699 2
0 0.529762 0.481151 0.005208 0.015212 0.530853 0.478034 1 0.530858 0.477627 1 0.530983 0.477694 1 0.530564 0.477831 2 0.531595 0.477920 2 0.529973 0.480049 2 0.531962 0.480338 2 0.529143 0.482648 2 0.532388 0.483562 2 0.529297 0.485076 2 0.532297 0.486117 1 0.530351 0.486269 2 0.531646 0.486412 2 0.530517 0.490130 2 0.531635 0.490127 2 0.530602 0.491361 1 0.531606 0.491252 1
0 0.517857 0.423942 0.005208 0.014550 0.518129 0.420378 2 0.518295 0.419996 2 0.517945 0.420013 2 0.518543 0.420147 2 0.517713 0.420199 2 0.518997 0.422498 2 0.517211 0.422563 2 0.519611 0.425582 2 0.516584 0.425364 2 0.519434 0.428448 2 0.516654 0.428095 2 0.518674 0.428253 2 0.517482 0.428352 2 0.518959 0.430620 2 0.517386 0.431049 2 0.519116 0.431622 1 0.517437 0.431890 1
0 0.807664 0.528108 0.005952 0.024471 0.807649 0.516582 1 0.807651 0.516061 1 0.807791 0.516154 1 0.807733 0.516226 2 0.808921 0.516314 2 0.807893 0.519030 2 0.809617 0.519248 2 0.807695 0.522656 2 0.809981 0.523019 2 0.807127 0.525891 2 0.809475 0.525832 1 0.807974 0.526158 2 0.809272 0.526137 2 0.806808 0.529343 2 0.808768 0.529647 2 0.806544 0.532856 2 0.809114 0.533311 2
0 0.833333 0.541997 0.006696 0.024471 0.834558 0.530531 1 0.834457 0.529970 1 0.834628 0.530020 1 0.833753 0.530058 2 0.834953 0.530218 2 0.833423 0.532670 2 0.834955 0.533475 2 0.832352 0.535442 2 0.835924 0.537414 2 0.831535 0.536467 2 0.835813 0.539673 2 0.833589 0.539785 2 0.834567 0.540190 2 0.833244 0.543124 2 0.834313 0.543602 2 0.832869 0.545359 1 0.834569 0.545900 1
0 0.719122 0.366733 0.004464 0.017857 0.720036 0.362152 2 0.720161 0.361850 1 0.719900 0.361855 2 0.720321 0.361965 1 0.719728 0.361982 2 0.720630 0.363507 2 0.719442 0.363588 2 0.721401 0.364904 2 0.719024 0.365276 2 0.720719 0.365270 2 0.719451 0.366300 2 0.720403 0.367656 2 0.719606 0.367632 2 0.720346 0.370871 2 0.719228 0.370862 2 0.720229 0.374294 2 0.718903 0.374125 2
0 0.979725 0.685847 0.007812 0.031746 0.979456 0.673017 1 0.979551 0.672342 1 0.979836 0.672351 1 0.979958 0.672796 2 0.981515 0.672649 2 0.980057 0.676751 2 0.981961 0.676480 2 0.979231 0.680916 2 0.983106 0.680459 2 0.978515 0.683324 2 0.983629 0.683672 2 0.979939 0.684737 2 0.981082 0.684430 2 0.978785 0.689518 2 0.979633 0.689449 2 0.979192 0.695071 2 0.980445 0.695014 2
0 0.991071 0.684524 0.008185 0.034392 0.991412 0.670807 1 0.991451 0.670164 1 0.991687 0.670227 1 0.991342 0.670568 2 0.993138 0.670601 2 0.990986 0.674281 2 0.993786 0.674447 2 0.990131 0.678992 2 0.993822 0.679879 2 0.989060 0.682815 2 0.993032 0.683077 1 0.990934 0.684159 2 0.992870 0.684076 2 0.990465 0.689973 2 0.992408 0.689625 2 0.991211 0.695117 2 0.992785 0.694504 2
0 0.744048 0.400132 0.005952 0.021164 0.744946 0.394741 1 0.744912 0.394369 1 0.744885 0.394359 1 0.744583 0.394449 1 0.744715 0.394456 2 0.744604 0.396527 2 0.744377 0.396482 2 0.744764 0.398832 2 0.744111 0.398719 2 0.744766 0.400564 1 0.744136 0.400654 2 0.744480 0.400852 2 0.744377 0.400848 2 0.744401 0.403889 2 0.744271 0.403920 2 0.744043 0.407060 2 0.744046 0.407035 2
0 0.516741 0.317130 0.004464 0.011243 0.517770 0.314796 1 0.517738 0.314607 1 0.517767 0.314640 1 0.517388 0.314673 1 0.517829 0.314756 2 0.516954 0.315720 2 0.518000 0.315754 2 0.516549 0.316637 2 0.518392 0.316812 2 0.516658 0.317408 1 0.518611 0.317284 2 0.517012 0.318647 2 0.517727 0.318640 2 0.517065 0.320297 2 0.517995 0.319960 2 0.517030 0.322497 2 0.518036 0.321891 2
0 0.603237 0.743056 0.010789 0.031085 0.602803 0.733375 2 0.603060 0.732807 2 0.602518 0.732867 1 0.603573 0.731850 2 0.602187 0.731951 1 0.604622 0.733008 2 0.601516 0.732355 2 0.605413 0.736322 2 0.600990 0.736119 2 0.604258 0.738716 2 0.601763 0.738763 2 0.604238 0.740960 2 0.601901 0.740323 2 0.605258 0.747689 2 0.600386 0.745064 2 0.605679 0.755634 2 0.600464 0.751329 2
0 0.614397 0.719246 0.008557 0.029762 0.616799 0.707460 1 0.616651 0.706754 1 0.616889 0.706797 1 0.615697 0.706259 1 0.617177 0.706446 2 0.614550 0.709091 2 0.617243 0.709231 2 0.613754 0.713828 2 0.617636 0.714022 2 0.613789 0.718306 2 0.617828 0.718567 2 0.614685 0.718418 2 0.616437 0.718494 2 0.614959 0.724551 2 0.615798 0.724740 2 0.615088 0.731108 2 0.615318 0.730451 2
