0 0.561756 0.570767 0.017857 0.101852 0.563489 0.533163 1 0.562624 0.531245 1 0.563555 0.531228 1 0.558442 0.532043 1 0.563313 0.532383 2 0.556966 0.541825 2 0.561739 0.543100 2 0.559666 0.552199 1 0.565435 0.555284 2 0.566612 0.550577 1 0.568619 0.553819 2 0.559541 0.569504 2 0.562534 0.570716 2 0.562163 0.590093 2 0.562669 0.591973 2 0.561394 0.610138 2 0.561597 0.611187 2
0 0.559152 0.544974 0.033482 0.071429 0.563785 0.531970 1 0.562828 0.530222 1 0.563853 0.530131 1 0.558718 0.530918 1 0.563405 0.531214 2 0.556935 0.541130 2 0.561830 0.541889 2 0.560983 0.552207 2 0.565275 0.553214 2 0.566876 0.551919 1 0.568219 0.552892 2 0.559683 0.569530 2 0.562637 0.570709 2 0.563843 0.589287 1 0.563440 0.592052 2 0.563896 0.592465 1 0.560931 0.593015 1
0 0.408110 0.421296 0.011161 0.046296 0.408724 0.408285 2 0.408840 0.407078 2 0.408487 0.407470 1 0.410116 0.406315 2 0.409318 0.407286 1 0.411811 0.410939 2 0.410755 0.411208 2 0.410291 0.416058 2 0.409246 0.415581 1 0.407688 0.415425 2 0.408305 0.414948 1 0.411898 0.421862 2 0.411089 0.421623 2 0.411507 0.428939 2 0.410606 0.428369 2 0.412725 0.437558 2 0.411183 0.436954 2
0 0.538690 0.485450 0.013393 0.060847 0.541682 0.467309 2 0.542216 0.465872 2 0.540888 0.465843 2 0.542608 0.466007 1 0.538926 0.465790 2 0.543296 0.473206 2 0.536816 0.473386 2 0.544312 0.481455 2 0.536036 0.482700 2 0.544053 0.486319 2 0.541484 0.487109 2 0.543083 0.492304 2 0.538571 0.492688 2 0.543531 0.507137 2 0.538196 0.507369 2 0.543510 0.520979 1 0.537685 0.521698 1
0 0.471354 0.522487 0.018601 0.089947 0.472095 0.492806 1 0.471652 0.491096 1 0.472288 0.491212 1 0.468849 0.492075 2 0.473300 0.492337 2 0.466484 0.501531 2 0.474761 0.501324 2 0.464229 0.512811 2 0.477011 0.511475 2 0.463417 0.522187 2 0.477066 0.518373 2 0.467997 0.521024 2 0.473420 0.521027 2 0.468830 0.539293 2 0.473164 0.538637 2 0.469318 0.556454 2 0.472265 0.555176 2
0 0.498140 0.549603 0.023065 0.099206 0.501467 0.511255 1 0.500515 0.509683 1 0.501122 0.509562 1 0.495848 0.511186 2 0.500368 0.511486 2 0.492183 0.522856 2 0.502126 0.522302 2 0.490052 0.535899 2 0.504983 0.535106 2 0.492816 0.543088 2 0.506663 0.543778 2 0.494617 0.549879 2 0.501264 0.549688 2 0.496556 0.569281 2 0.501837 0.567435 2 0.497500 0.588410 2 0.500922 0.585321 2
0 0.491071 0.523148 0.020833 0.096561 0.501502 0.512335 1 0.500686 0.510575 1 0.501321 0.510437 1 0.496195 0.511727 2 0.500614 0.511823 2 0.492664 0.522904 2 0.501985 0.522507 2 0.490398 0.535436 2 0.504170 0.535756 2 0.492531 0.541294 2 0.504701 0.545133 2 0.494661 0.549267 2 0.500892 0.549200 2 0.496487 0.569747 2 0.501417 0.568446 2 0.497276 0.587467 2 0.500515 0.585944 2
0 0.505208 0.515212 0.014881 0.067460 0.501018 0.510675 1 0.500199 0.509415 1 0.500633 0.509299 1 0.496238 0.511290 1 0.499449 0.511276 2 0.494792 0.521805 2 0.501352 0.521675 2 0.496925 0.535183 1 0.504822 0.535278 2 0.502001 0.544627 1 0.506650 0.544843 2 0.495474 0.550618 2 0.500488 0.550654 2 0.495693 0.562004 1 0.501608 0.561997 2 0.496382 0.562004 1 0.501086 0.562004 1
0 0.526042 0.505291 0.016369 0.076720 0.524185 0.478311 1 0.524244 0.476948 1 0.524629 0.476939 1 0.523871 0.477806 2 0.527406 0.477554 2 0.522805 0.486274 2 0.529545 0.485639 2 0.521962 0.497278 2 0.530964 0.496522 2 0.522221 0.506367 2 0.530323 0.504204 2 0.524294 0.504702 2 0.529032 0.504152 2 0.524022 0.519191 2 0.528993 0.518298 2 0.524890 0.532680 2 0.529513 0.531303 2
0 0.471726 0.507275 0.014881 0.078042 0.472823 0.492979 1 0.472273 0.491340 1 0.473005 0.491390 1 0.468757 0.492641 2 0.473481 0.492892 2 0.466029 0.502552 2 0.474482 0.502664 2 0.463987 0.513612 2 0.476564 0.512970 2 0.463498 0.522840 2 0.477218 0.519516 2 0.468107 0.522165 2 0.473653 0.522478 2 0.468564 0.540024 2 0.473012 0.539844 2 0.469197 0.555923 2 0.472651 0.554992 2
0 0.452009 0.505952 0.017113 0.088624 0.452041 0.474017 1 0.451909 0.472455 1 0.452220 0.472518 1 0.450076 0.473414 2 0.453890 0.473475 2 0.448411 0.482907 2 0.455612 0.482921 2 0.447530 0.494703 2 0.456617 0.494594 2 0.448870 0.503789 2 0.454581 0.503708 2 0.449454 0.503546 2 0.454447 0.503630 2 0.450099 0.520862 2 0.453918 0.520868 2 0.450942 0.538265 2 0.453405 0.538408 2
0 0.834449 0.880952 0.045387 0.177249 0.845944 0.816142 2 0.846513 0.812237 2 0.843900 0.812589 2 0.844956 0.812489 1 0.837137 0.813032 2 0.849599 0.829439 2 0.828732 0.832359 2 0.854750 0.855278 2 0.820311 0.855895 2 0.858792 0.880297 2 0.817625 0.882927 2 0.843900 0.886115 2 0.831494 0.888265 2 0.839027 0.921945 2 0.833626 0.929665 2 0.831295 0.948979 2 0.837787 0.966208 2
0 0.802455 0.836640 0.036458 0.160053 0.805767 0.780944 2 0.807755 0.778427 2 0.804491 0.777341 2 0.810295 0.776777 2 0.801492 0.774268 2 0.812495 0.787100 2 0.795966 0.785512 2 0.821304 0.794976 2 0.790681 0.804119 2 0.815481 0.781816 2 0.789233 0.826380 2 0.807655 0.834755 2 0.796726 0.833127 2 0.807928 0.871116 2 0.794944 0.868006 2 0.809296 0.903654 2 0.795150 0.899566 2
0 0.767857 0.839947 0.032738 0.108466 0.771138 0.808787 2 0.772490 0.805828 2 0.769656 0.806002 2 0.773638 0.803281 1 0.766069 0.803169 2 0.773418 0.814019 2 0.763928 0.814240 2 0.777241 0.823298 2 0.762734 0.826586 2 0.784163 0.826797 2 0.766023 0.834934 2 0.771498 0.843473 2 0.765055 0.843839 2 0.771401 0.861708 2 0.763340 0.861454 2 0.772670 0.878411 2 0.760845 0.878906 2
0 0.623512 0.598545 0.029762 0.109788 0.624124 0.558346 1 0.624369 0.556508 1 0.624929 0.556313 1 0.625255 0.557949 2 0.628865 0.556497 1 0.627446 0.571889 2 0.631144 0.564865 2 0.627593 0.585015 2 0.636179 0.571937 2 0.625580 0.587036 2 0.632324 0.578004 2 0.627861 0.598514 2 0.628749 0.593778 2 0.627159 0.620128 2 0.619461 0.608701 2 0.629156 0.642722 2 0.616139 0.626864 2
