0 0.248512 0.500331 0.004464 0.020503 0.247845 0.492082 1 0.247866 0.491706 1 0.248000 0.491682 1 0.247800 0.491855 2 0.248850 0.491739 2 0.247549 0.493926 2 0.249411 0.493847 2 0.246877 0.496746 2 0.250186 0.496754 2 0.246881 0.499497 2 0.250349 0.499586 2 0.248190 0.500042 2 0.249332 0.500001 2 0.248578 0.504395 2 0.249061 0.504408 2 0.249149 0.508779 2 0.249262 0.508961 2
0 0.578683 0.960979 0.010789 0.027778 0.578638 0.953822 1 0.578633 0.952961 1 0.578940 0.953031 1 0.578084 0.953513 2 0.580545 0.953468 2 0.577127 0.958624 2 0.582094 0.958503 2 0.576080 0.963350 2 0.583916 0.961107 2 0.576576 0.964184 1 0.582389 0.958716 1 0.577752 0.972039 2 0.581032 0.972073 2 0.577435 0.976989 2 0.580626 0.977958 2 0.577677 0.978214 1 0.580340 0.979836 1
0 0.503906 0.444114 0.004092 0.019180 0.504534 0.439234 2 0.504716 0.438811 2 0.504354 0.438815 2 0.504957 0.438786 2 0.504046 0.438797 2 0.505292 0.440914 2 0.503563 0.440976 2 0.505721 0.443686 2 0.502877 0.443479 2 0.505272 0.445960 2 0.503229 0.444929 2 0.505070 0.446384 2 0.503964 0.446480 2 0.505253 0.450378 2 0.504228 0.450599 2 0.505495 0.454557 2 0.504485 0.454817 2
0 0.527344 0.492394 0.004836 0.017857 0.527037 0.492962 1 0.527051 0.492510 1 0.527184 0.492589 1 0.526633 0.492842 2 0.527793 0.492971 2 0.525744 0.495695 2 0.528225 0.495848 2 0.525081 0.499273 2 0.528573 0.499325 2 0.525180 0.502214 1 0.528474 0.501758 2 0.526025 0.502490 2 0.527659 0.502585 2 0.526279 0.504286 1 0.527545 0.504408 1 0.526539 0.503855 1 0.527170 0.503679 1
0 0.525484 0.446429 0.004092 0.014550 0.525744 0.447525 1 0.525763 0.447157 1 0.525869 0.447160 1 0.525690 0.447357 2 0.526497 0.447291 2 0.525620 0.449564 2 0.526697 0.449550 2 0.525532 0.452495 2 0.526979 0.452569 2 0.525797 0.454773 1 0.527228 0.455068 2 0.525665 0.454922 2 0.526436 0.454897 2 0.525463 0.455686 1 0.526416 0.455704 1 0.525477 0.455632 1 0.526520 0.455891 1
0 0.516741 0.440476 0.005208 0.014550 0.517503 0.440970 2 0.517664 0.440508 1 0.517309 0.440513 2 0.517912 0.440688 1 0.517101 0.440710 2 0.518299 0.442661 2 0.516746 0.442596 2 0.518955 0.445072 2 0.515846 0.444768 2 0.518792 0.446372 2 0.516256 0.445065 2 0.518059 0.445995 2 0.516966 0.445990 2 0.519197 0.446282 2 0.515934 0.446352 2 0.518815 0.449463 2 0.516204 0.449392 2
0 0.815662 0.516204 0.006324 0.024471 0.814771 0.511383 1 0.814819 0.510881 1 0.815061 0.510896 1 0.814868 0.511210 2 0.816192 0.511164 2 0.814607 0.514109 2 0.816727 0.514448 2 0.813626 0.517434 2 0.816613 0.518756 2 0.813009 0.517979 2 0.816389 0.522275 1 0.814449 0.521021 2 0.815767 0.520992 2 0.812292 0.520712 2 0.813396 0.520857 2 0.814128 0.524731 2 0.814451 0.525239 2
0 0.835565 0.531415 0.006696 0.024471 0.835555 0.525885 1 0.835580 0.525458 1 0.835759 0.525576 1 0.835264 0.525759 2 0.836468 0.525943 2 0.834549 0.528131 2 0.836764 0.528507 2 0.833616 0.531103 2 0.837289 0.531505 2 0.832570 0.532603 2 0.837636 0.534156 2 0.834659 0.535227 2 0.836042 0.535436 2 0.834193 0.538138 2 0.835389 0.538821 2 0.834746 0.541767 2 0.835409 0.542436 2
0 0.718564 0.361442 0.004836 0.017857 0.718504 0.359372 1 0.718604 0.359026 1 0.718360 0.359105 1 0.718831 0.358942 1 0.718266 0.359106 1 0.719370 0.360285 2 0.718180 0.360313 2 0.720181 0.361650 2 0.717844 0.361760 2 0.719569 0.361872 2 0.718240 0.362365 2 0.719238 0.364453 2 0.718431 0.364360 2 0.719153 0.367787 2 0.717984 0.367445 2 0.719073 0.371087 2 0.717731 0.370414 2
0 0.986979 0.679563 0.009673 0.032407 0.987879 0.672466 1 0.987966 0.671773 1 0.988223 0.671895 1 0.987944 0.672236 2 0.989536 0.672353 2 0.987635 0.676011 2 0.989533 0.676273 2 0.986470 0.679765 2 0.990586 0.680797 2 0.985962 0.680508 2 0.990477 0.683544 2 0.987207 0.684244 2 0.988254 0.684218 2 0.986785 0.689514 2 0.986902 0.689647 2 0.986649 0.695777 2 0.986681 0.695698 2
0 0.996094 0.678571 0.005580 0.031746 0.997362 0.670928 1 0.997404 0.670253 1 0.997660 0.670374 1 0.997272 0.670604 2 0.998845 0.670726 2 0.996887 0.674490 2 0.999204 0.674726 2 0.995870 0.678946 2 0.999361 0.679638 2 0.995433 0.681984 2 0.998382 0.682811 1 0.996303 0.683403 2 0.997714 0.683274 2 0.995307 0.688635 2 0.995917 0.688304 2 0.995671 0.695015 2 0.995598 0.694679 2
0 0.748698 0.396495 0.005580 0.019180 0.749793 0.389828 1 0.749659 0.389452 1 0.749754 0.389493 1 0.748832 0.389574 1 0.749538 0.389707 2 0.748533 0.391344 2 0.749263 0.391537 2 0.748842 0.393508 1 0.749604 0.393622 2 0.749706 0.394401 1 0.749987 0.394378 2 0.748567 0.395894 2 0.749215 0.396042 2 0.748321 0.398681 2 0.749659 0.398852 2 0.747466 0.401409 2 0.749750 0.401700 2
0 0.739025 0.390542 0.006324 0.020503 0.739988 0.385879 1 0.739898 0.385523 1 0.739921 0.385523 1 0.739404 0.385545 1 0.739619 0.385597 2 0.739267 0.387306 2 0.739308 0.387395 2 0.739367 0.389679 1 0.739250 0.389793 2 0.739593 0.391497 1 0.739386 0.391839 2 0.739230 0.391713 2 0.739285 0.391786 2 0.739173 0.394578 2 0.739098 0.394699 2 0.738802 0.397493 2 0.738783 0.397664 2
0 0.497210 0.301257 0.003348 0.016534 0.497349 0.300615 2 0.497462 0.300364 2 0.497226 0.300377 2 0.497646 0.300491 2 0.497103 0.300532 2 0.497929 0.301869 2 0.496989 0.302031 2 0.498270 0.303109 2 0.496834 0.303544 2 0.497968 0.303911 2 0.496977 0.305008 2 0.497861 0.304641 2 0.497272 0.304731 2 0.497828 0.306722 2 0.497464 0.306811 2 0.497816 0.308783 2 0.497505 0.308884 2
0 0.600074 0.728175 0.010417 0.030423 0.599157 0.718371 2 0.599411 0.717849 2 0.598899 0.717878 2 0.599804 0.717205 2 0.598542 0.717211 2 0.600648 0.718417 2 0.597624 0.717887 2 0.601930 0.721295 2 0.597169 0.721825 2 0.600488 0.723360 2 0.598437 0.723245 2 0.600395 0.726127 2 0.598150 0.725584 2 0.601394 0.732654 2 0.596625 0.729901 2 0.601544 0.740637 2 0.596690 0.735661 2
0 0.616629 0.718585 0.008557 0.029762 0.616873 0.709975 1 0.616816 0.709437 1 0.617007 0.709451 1 0.616103 0.709828 2 0.617807 0.709824 2 0.615448 0.713025 2 0.618535 0.712993 2 0.614647 0.716905 2 0.620134 0.715757 2 0.614728 0.720778 2 0.619155 0.715032 2 0.615938 0.721519 2 0.617930 0.721470 2 0.616098 0.727266 2 0.617478 0.727290 2 0.616144 0.732530 2 0.617473 0.732552 2
