0 0.521577 0.542989 0.011905 0.048942 0.520296 0.536640 2 0.520657 0.535921 2 0.520014 0.535759 1 0.521750 0.534859 2 0.520003 0.534427 1 0.523339 0.538451 2 0.520218 0.535417 2 0.522650 0.546160 2 0.517373 0.538039 2 0.521264 0.550226 2 0.515659 0.543300 2 0.523995 0.547865 2 0.521687 0.546348 2 0.524817 0.556333 2 0.520879 0.553877 2 0.527237 0.561747 2 0.520802 0.559532 2
0 0.589844 0.301257 0.005580 0.027116 0.592234 0.291557 1 0.592001 0.290932 1 0.592197 0.290992 1 0.590636 0.291069 2 0.592113 0.291455 2 0.589562 0.294299 2 0.592141 0.295166 2 0.588612 0.297644 2 0.593048 0.299260 2 0.589611 0.298722 1 0.592862 0.299704 1 0.589694 0.303335 2 0.591424 0.303776 2 0.589834 0.309581 1 0.591724 0.310033 1 0.589654 0.312957 1 0.591586 0.312873 1
0 0.093936 0.653108 0.011533 0.045635 0.095111 0.642643 2 0.095420 0.641392 2 0.094526 0.642011 2 0.096198 0.639627 2 0.093740 0.641081 2 0.098333 0.642224 2 0.092543 0.644090 2 0.101218 0.645548 2 0.089762 0.648022 2 0.100819 0.652809 2 0.092663 0.653123 2 0.098833 0.656768 2 0.095234 0.657946 2 0.099816 0.666473 2 0.096240 0.667911 2 0.100408 0.674915 2 0.097260 0.675365 2
0 0.104725 0.662698 0.015253 0.044974 0.102983 0.649733 1 0.102879 0.648916 1 0.103119 0.648682 1 0.101943 0.649549 2 0.104560 0.648894 2 0.101360 0.655507 2 0.106353 0.653961 2 0.101248 0.662137 2 0.108418 0.658994 2 0.103266 0.664777 2 0.107450 0.663857 2 0.103659 0.667171 2 0.107181 0.666581 2 0.104631 0.674805 2 0.108096 0.674014 2 0.105695 0.682254 2 0.109539 0.681949 2
0 0.097656 0.598876 0.012277 0.040344 0.097158 0.583494 2 0.097398 0.582068 2 0.096337 0.582910 2 0.098153 0.581707 2 0.095533 0.583784 2 0.100342 0.586129 2 0.094790 0.588693 2 0.102453 0.591465 2 0.093591 0.595400 2 0.103180 0.597850 2 0.095440 0.600753 2 0.101649 0.599083 2 0.098146 0.600585 2 0.103135 0.606846 2 0.098917 0.608853 2 0.103396 0.616159 2 0.101682 0.616133 2
0 0.716146 0.757937 0.017113 0.048942 0.715994 0.742429 2 0.716330 0.741651 2 0.716168 0.741727 1 0.717825 0.741325 2 0.717119 0.741386 1 0.718926 0.746770 2 0.717768 0.745958 2 0.719748 0.754378 2 0.717236 0.753556 2 0.718596 0.760939 2 0.715341 0.758751 2 0.718724 0.759789 2 0.717341 0.758795 2 0.718732 0.769175 2 0.714635 0.765733 2 0.722874 0.777673 2 0.712507 0.772438 2
0 0.782924 0.736772 0.012277 0.038360 0.788130 0.738261 2 0.788884 0.737762 2 0.787868 0.737108 2 0.789995 0.738125 2 0.787396 0.736577 2 0.790558 0.742524 2 0.786102 0.740372 2 0.790930 0.748690 2 0.784328 0.745439 2 0.790579 0.750883 2 0.783055 0.751885 2 0.788477 0.754470 2 0.785533 0.753264 2 0.787558 0.762264 2 0.784983 0.760637 2 0.787428 0.762435 1 0.784509 0.762421 1
0 0.788132 0.757275 0.013765 0.050265 0.788043 0.738605 2 0.788799 0.737800 2 0.787689 0.737449 2 0.790058 0.737926 2 0.787301 0.737040 2 0.791249 0.742781 2 0.785842 0.740793 2 0.792909 0.748074 2 0.783949 0.746011 2 0.792307 0.751231 2 0.782870 0.751763 2 0.789111 0.755630 2 0.785637 0.754226 2 0.788457 0.765560 2 0.784937 0.761590 2 0.787625 0.773393 2 0.785306 0.768086 2
0 0.864583 0.542989 0.010417 0.044974 0.859892 0.523690 1 0.859512 0.522883 1 0.859879 0.522937 1 0.857883 0.523266 1 0.860031 0.523545 2 0.857515 0.528178 2 0.860371 0.528790 2 0.857515 0.535485 1 0.860127 0.536769 2 0.857515 0.539973 1 0.859527 0.541519 1 0.857515 0.541519 2 0.858854 0.541703 2 0.857515 0.548073 1 0.859027 0.548317 1 0.857516 0.552168 1 0.858511 0.552535 1
0 0.857887 0.539021 0.015625 0.048942 0.858963 0.523392 1 0.858804 0.522339 1 0.859099 0.522700 1 0.857407 0.522389 2 0.859807 0.523421 2 0.855744 0.526609 2 0.859843 0.529059 2 0.853794 0.531008 2 0.859553 0.535904 2 0.853600 0.535539 1 0.858739 0.540135 2 0.854330 0.538220 2 0.857094 0.539219 2 0.853375 0.545716 2 0.855629 0.546900 2 0.852400 0.553495 2 0.853981 0.554059 2
0 0.258929 0.769841 0.013393 0.048942 0.256261 0.736111 1 0.256210 0.736111 1 0.256568 0.736111 1 0.256027 0.736111 1 0.257959 0.736111 1 0.255374 0.737123 2 0.259201 0.736383 2 0.254075 0.741449 2 0.261087 0.738898 2 0.252741 0.745073 2 0.260176 0.743011 2 0.256044 0.747650 2 0.258373 0.747344 2 0.256235 0.753965 2 0.257988 0.754315 2 0.256774 0.758040 2 0.258093 0.758360 2
0 0.255208 0.748677 0.012649 0.055556 0.253467 0.732783 2 0.253712 0.731619 2 0.253306 0.731684 2 0.254939 0.730869 2 0.254742 0.730865 1 0.255213 0.735726 2 0.257971 0.734115 2 0.254136 0.741794 2 0.261171 0.737817 2 0.252725 0.745954 2 0.259451 0.742449 2 0.257007 0.748607 2 0.258663 0.747590 2 0.256871 0.756321 2 0.258383 0.755227 2 0.257582 0.762089 1 0.258367 0.760303 1
0 0.284226 0.668651 0.012649 0.039683 0.284524 0.653135 2 0.284942 0.652335 2 0.284109 0.652477 2 0.285652 0.650838 2 0.283295 0.651272 2 0.287741 0.652751 2 0.283396 0.654867 2 0.290585 0.658218 2 0.282742 0.659938 2 0.291162 0.663818 2 0.283623 0.666214 2 0.288031 0.666433 2 0.285194 0.667748 2 0.287293 0.673232 2 0.285795 0.677821 2 0.290337 0.678820 2 0.286648 0.688380 2
0 0.283854 0.653108 0.009673 0.041667 0.284576 0.652237 2 0.284933 0.651334 2 0.284071 0.651606 2 0.285748 0.650084 2 0.283575 0.650889 2 0.287767 0.652622 2 0.283242 0.654298 2 0.290551 0.656740 2 0.282647 0.660533 2 0.290551 0.658692 2 0.283742 0.666427 2 0.287598 0.667892 2 0.284751 0.668589 2 0.286912 0.676676 2 0.285283 0.678257 2 0.289119 0.679059 1 0.286511 0.681372 1
0 0.198661 0.585979 0.013393 0.048942 0.196357 0.571937 1 0.196441 0.571241 1 0.196621 0.570916 1 0.196453 0.571789 2 0.198635 0.570799 2 0.196431 0.576723 2 0.200606 0.575029 2 0.196446 0.583600 2 0.202181 0.580160 2 0.196192 0.588121 2 0.202922 0.586073 2 0.198474 0.587716 2 0.201497 0.586972 2 0.197797 0.594561 2 0.201959 0.594566 2 0.198395 0.601375 2 0.202707 0.603105 2
0 0.315848 0.740741 0.016369 0.044974 0.316174 0.726719 1 0.316180 0.725792 1 0.316355 0.725707 1 0.316039 0.726659 2 0.318849 0.725993 2 0.315692 0.732576 2 0.321115 0.730340 2 0.312538 0.735089 2 0.322267 0.730690 2 0.313088 0.730342 2 0.319861 0.727927 1 0.317532 0.747112 2 0.321297 0.745955 2 0.315432 0.754715 2 0.320459 0.752577 2 0.314503 0.765144 2 0.321621 0.762469 2
0 0.599330 0.848545 0.015625 0.050265 0.605037 0.834993 1 0.604721 0.833741 1 0.605016 0.834209 1 0.602291 0.833777 2 0.605250 0.835158 2 0.599729 0.838302 2 0.605929 0.842045 2 0.598000 0.841324 2 0.608585 0.848059 2 0.601421 0.839641 1 0.608848 0.847338 2 0.598728 0.853936 2 0.602847 0.855829 2 0.597388 0.862102 2 0.601531 0.865930 2 0.595726 0.869927 2 0.600098 0.874114 2
0 0.445499 0.435516 0.008557 0.035053 0.448600 0.421451 1 0.448883 0.420825 1 0.448233 0.420758 1 0.449131 0.421206 1 0.447576 0.421023 1 0.449618 0.425133 2 0.446217 0.424128 2 0.450168 0.430031 2 0.444725 0.429298 2 0.449649 0.430960 2 0.444572 0.434343 2 0.448409 0.435779 2 0.446111 0.435125 2 0.448399 0.443551 2 0.445477 0.441950 2 0.448067 0.450811 2 0.445505 0.448021 2
