0 0.289062 0.430225 0.008929 0.025794 0.289277 0.424529 2 0.289460 0.424104 2 0.289085 0.424125 2 0.289731 0.424059 2 0.288903 0.424095 2 0.290075 0.426168 2 0.288540 0.425961 2 0.290776 0.428832 2 0.287686 0.428059 2 0.291198 0.431692 2 0.287643 0.430135 2 0.289774 0.431198 2 0.288897 0.431144 2 0.289582 0.435039 2 0.289112 0.435009 2 0.289620 0.438666 2 0.289473 0.438284 2
0 0.862537 0.526786 0.008557 0.028439 0.863426 0.515904 2 0.863655 0.515317 2 0.863172 0.515385 2 0.864002 0.515620 2 0.862863 0.515747 2 0.864644 0.518976 2 0.862365 0.518701 2 0.865046 0.522098 2 0.860991 0.520879 2 0.863560 0.521898 2 0.861337 0.520730 2 0.863748 0.526619 2 0.862282 0.526360 2 0.863329 0.531132 2 0.861710 0.530759 2 0.862753 0.535328 2 0.861602 0.534855 2
0 0.853981 0.534061 0.007812 0.024471 0.855533 0.526547 2 0.855857 0.525973 1 0.855214 0.525943 2 0.856228 0.525697 1 0.854627 0.525574 2 0.856506 0.528191 2 0.853808 0.527900 2 0.856625 0.531917 2 0.852633 0.531105 2 0.856566 0.534652 2 0.852497 0.535283 2 0.855480 0.535798 2 0.853749 0.535694 2 0.855270 0.538964 2 0.853581 0.539183 2 0.854347 0.541345 2 0.852907 0.541940 2
0 0.741629 0.372685 0.006324 0.020503 0.742153 0.367945 2 0.742310 0.367629 2 0.742002 0.367618 2 0.742467 0.367736 2 0.741805 0.367691 2 0.742790 0.369402 2 0.741383 0.369483 2 0.743530 0.370718 2 0.740768 0.371193 2 0.743063 0.370657 2 0.741414 0.371339 2 0.742432 0.373829 2 0.741624 0.373840 2 0.741969 0.377337 2 0.741703 0.377285 2 0.741634 0.380775 2 0.741699 0.380714 2
0 0.749442 0.374339 0.006324 0.019841 0.749845 0.370494 1 0.749781 0.370130 1 0.749859 0.370140 1 0.749225 0.370329 1 0.750045 0.370361 2 0.748870 0.372414 2 0.750210 0.372472 2 0.748585 0.374700 2 0.750752 0.374919 2 0.748901 0.375767 1 0.750941 0.376515 2 0.749231 0.376741 2 0.750174 0.376821 2 0.749310 0.379593 2 0.750447 0.379534 2 0.749290 0.382603 2 0.750725 0.382512 2
0 0.750558 0.371362 0.004836 0.019180 0.749926 0.370498 1 0.749839 0.370143 1 0.749934 0.370146 1 0.749219 0.370340 1 0.750059 0.370379 2 0.748845 0.372442 2 0.750260 0.372492 2 0.748654 0.374717 2 0.750734 0.374938 2 0.748964 0.375888 1 0.750889 0.376637 2 0.749181 0.376760 2 0.750187 0.376812 2 0.749236 0.379602 2 0.750386 0.379449 2 0.749341 0.382428 2 0.750652 0.382271 2
0 0.743862 0.345238 0.006324 0.017196 0.745310 0.340003 1 0.745259 0.339634 1 0.745343 0.339664 1 0.744740 0.339818 2 0.745432 0.339936 2 0.744165 0.341844 2 0.745396 0.342012 2 0.743205 0.343954 2 0.746078 0.344021 2 0.743733 0.344946 2 0.746360 0.344529 2 0.744445 0.346291 2 0.745158 0.346405 2 0.744740 0.349133 2 0.744908 0.349264 2 0.744627 0.352151 2 0.744888 0.352100 2
0 0.593192 0.644841 0.008557 0.022487 0.593986 0.639432 2 0.594255 0.638957 2 0.593718 0.638780 2 0.594531 0.639091 1 0.593148 0.638677 2 0.594726 0.641678 2 0.592016 0.641357 2 0.595243 0.646248 2 0.591264 0.646327 2 0.595374 0.649929 2 0.592640 0.650185 2 0.594060 0.649484 2 0.592027 0.649505 2 0.595624 0.654998 2 0.591593 0.655236 2 0.595215 0.657886 1 0.590794 0.658075 1
0 0.540365 0.486772 0.008557 0.027778 0.541473 0.476821 2 0.541706 0.476371 2 0.541281 0.476334 2 0.541991 0.476254 2 0.540914 0.476160 2 0.542395 0.478515 2 0.540207 0.478122 2 0.543083 0.481290 2 0.539373 0.480162 2 0.542118 0.481450 2 0.540314 0.479627 2 0.541844 0.484196 2 0.540365 0.483942 2 0.541686 0.488446 2 0.539960 0.488195 2 0.541602 0.492623 2 0.539794 0.492183 2
0 0.650484 0.424272 0.007068 0.020503 0.650622 0.416994 1 0.650655 0.416610 1 0.650711 0.416609 1 0.650761 0.416797 2 0.651448 0.416741 1 0.651144 0.418942 2 0.651395 0.418868 2 0.651553 0.421764 2 0.651606 0.421854 2 0.651487 0.424461 2 0.651315 0.424138 1 0.651011 0.424251 2 0.651332 0.424162 2 0.650782 0.428058 2 0.651661 0.427985 2 0.650335 0.431805 2 0.652299 0.431406 2
