0 0.651414 0.892196 0.037946 0.189153 0.652725 0.830275 2 0.655113 0.825371 2 0.650081 0.823991 2 0.654916 0.825896 1 0.644620 0.823408 2 0.646090 0.839577 2 0.645442 0.848218 2 0.654719 0.862772 2 0.657254 0.868375 2 0.662030 0.859132 2 0.666340 0.864873 2 0.649924 0.897143 2 0.649100 0.906168 2 0.662684 0.917724 2 0.651626 0.954130 2 0.653536 0.944420 2 0.649754 0.995613 2
0 0.691220 0.818783 0.044643 0.193122 0.693309 0.751448 2 0.695564 0.748156 2 0.691493 0.747470 2 0.698324 0.749914 2 0.688262 0.747937 2 0.700997 0.770940 2 0.681748 0.767071 2 0.703796 0.799829 2 0.675240 0.792013 2 0.703693 0.826754 2 0.675399 0.820147 2 0.694974 0.826276 2 0.681997 0.824468 2 0.693397 0.865469 2 0.676793 0.862723 2 0.690876 0.901185 2 0.675837 0.896840 2
0 0.630580 0.791005 0.058780 0.121693 0.653125 0.829112 2 0.655161 0.824751 2 0.650225 0.824579 2 0.655548 0.823647 1 0.644754 0.824635 2 0.643800 0.837040 2 0.647652 0.846497 2 0.649507 0.850586 2 0.657746 0.868525 2 0.656580 0.850838 2 0.667867 0.867497 2 0.641386 0.869247 1 0.644069 0.875661 1 0.660018 0.852058 1 0.664732 0.869557 1 0.657702 0.861344 1 0.659723 0.875661 1
0 0.361235 0.488095 0.018601 0.060847 0.360348 0.465672 2 0.361028 0.464280 2 0.359383 0.464502 2 0.362020 0.464895 2 0.357959 0.465398 2 0.362718 0.471894 2 0.356721 0.471840 2 0.364686 0.479592 2 0.353082 0.478298 2 0.366691 0.480848 2 0.353645 0.481066 2 0.362258 0.489209 2 0.358034 0.489532 2 0.363510 0.500792 2 0.355208 0.502646 2 0.365477 0.515496 2 0.354689 0.516499 2
0 0.580729 0.623677 0.030506 0.128307 0.570304 0.587123 2 0.570807 0.585198 1 0.569773 0.584569 2 0.569636 0.584646 1 0.566818 0.582985 2 0.570702 0.592079 2 0.561546 0.592988 2 0.572718 0.606228 1 0.562047 0.608936 2 0.567625 0.605673 1 0.569816 0.606877 2 0.570469 0.621129 2 0.564575 0.622171 2 0.570066 0.642624 2 0.569255 0.644790 2 0.563207 0.661633 2 0.567046 0.668576 2
0 0.571801 0.623677 0.030506 0.104497 0.570630 0.587436 2 0.570997 0.585130 1 0.570352 0.584590 2 0.569198 0.584685 1 0.567853 0.582961 2 0.570060 0.592582 2 0.562685 0.593900 2 0.572366 0.604060 1 0.562229 0.610134 2 0.572399 0.602823 1 0.568919 0.607840 2 0.569997 0.623071 2 0.565391 0.624128 2 0.570405 0.646324 2 0.570039 0.647571 2 0.561473 0.663419 2 0.568442 0.671248 2
0 0.495536 0.564815 0.022321 0.100529 0.497020 0.531866 1 0.496471 0.530022 1 0.497202 0.530056 1 0.493089 0.531872 2 0.498577 0.531961 2 0.490748 0.543881 2 0.500511 0.542842 2 0.488944 0.556560 2 0.503828 0.554593 2 0.489282 0.565777 2 0.504083 0.561658 2 0.493177 0.567162 2 0.499833 0.566590 2 0.493686 0.589655 2 0.500386 0.586799 2 0.494304 0.610927 2 0.501071 0.606357 2
0 0.523810 0.606481 0.028274 0.115079 0.525950 0.561998 1 0.524948 0.559936 1 0.525576 0.559884 1 0.519637 0.561233 2 0.525106 0.561497 2 0.515530 0.575094 2 0.528121 0.574438 2 0.513702 0.591089 2 0.530946 0.591141 2 0.517112 0.600497 2 0.532046 0.604650 2 0.518424 0.607178 2 0.527048 0.606921 2 0.520219 0.630627 2 0.527828 0.627823 2 0.521530 0.654476 2 0.526657 0.650932 2
0 0.523065 0.558201 0.022321 0.095238 0.526247 0.561393 1 0.525165 0.559584 1 0.525930 0.559374 1 0.519893 0.561155 2 0.525142 0.561200 2 0.516057 0.574906 2 0.528075 0.574426 2 0.513595 0.590820 2 0.531098 0.590622 2 0.517030 0.599009 2 0.531577 0.605645 2 0.518652 0.608037 2 0.526808 0.607869 2 0.519150 0.624008 1 0.527441 0.623998 1 0.519936 0.622409 1 0.526039 0.622775 1
0 0.550595 0.545635 0.013393 0.078042 0.551594 0.518444 1 0.551444 0.517042 1 0.551645 0.517148 1 0.549850 0.517814 1 0.552378 0.518090 2 0.548324 0.525880 2 0.553373 0.526484 2 0.546351 0.536146 2 0.555069 0.537092 2 0.545769 0.544563 2 0.554881 0.544749 2 0.549153 0.545101 2 0.552328 0.545455 2 0.549773 0.559586 2 0.551485 0.559856 2 0.550432 0.573856 2 0.551155 0.573761 2
0 0.479539 0.565476 0.020089 0.099206 0.482147 0.530305 1 0.481322 0.528454 1 0.481768 0.528556 1 0.477006 0.529477 1 0.480874 0.529885 2 0.474059 0.540581 2 0.483091 0.540568 2 0.473084 0.552904 2 0.485683 0.553302 2 0.473117 0.564637 2 0.486623 0.564172 2 0.476164 0.565202 2 0.482445 0.565292 2 0.477862 0.582867 2 0.484432 0.580965 2 0.476901 0.601177 2 0.482803 0.598805 2
0 0.506696 0.529101 0.014881 0.087302 0.503977 0.498313 1 0.504050 0.496638 1 0.504376 0.496677 1 0.503164 0.497868 2 0.507196 0.497593 2 0.501907 0.508352 2 0.509762 0.507727 2 0.501251 0.521707 2 0.511137 0.520183 2 0.501832 0.532565 2 0.508618 0.529639 2 0.503699 0.531404 2 0.509113 0.531048 2 0.503754 0.549766 2 0.507838 0.549598 2 0.504296 0.567051 2 0.506973 0.567272 2
0 0.489583 0.522487 0.017857 0.082011 0.496774 0.532514 1 0.496343 0.530858 1 0.497242 0.530823 1 0.493280 0.532702 2 0.498722 0.532630 2 0.490467 0.544534 2 0.500028 0.544152 2 0.488684 0.556973 2 0.501289 0.555768 1 0.489503 0.566758 2 0.500259 0.563975 1 0.492901 0.567787 2 0.499358 0.567890 2 0.493771 0.579365 1 0.499927 0.579365 1 0.494029 0.579365 1 0.498705 0.579365 1
0 0.452009 0.430556 0.015625 0.054233 0.450908 0.412162 2 0.451075 0.411121 2 0.451008 0.411021 1 0.452091 0.410968 2 0.452904 0.410770 1 0.452491 0.416190 2 0.454292 0.415802 2 0.451032 0.423727 2 0.453777 0.423338 1 0.448483 0.427196 2 0.450616 0.427500 1 0.452574 0.430443 2 0.453993 0.430057 2 0.451174 0.440661 2 0.453346 0.440916 2 0.450859 0.451548 2 0.454325 0.451019 2
0 0.790179 0.927249 0.055060 0.140212 0.796591 0.884895 2 0.800044 0.880552 2 0.794623 0.880212 2 0.805615 0.886208 2 0.792843 0.884259 2 0.806773 0.918590 2 0.796936 0.910676 2 0.809599 0.955263 2 0.800905 0.945135 2 0.810383 0.960859 2 0.804843 0.963035 1 0.801003 0.980373 2 0.791961 0.973598 2 0.792694 0.999778 2 0.768351 0.985508 1 0.800571 1.000000 1 0.768152 0.998308 1
