0 0.950521 0.773810 0.063244 0.150794 0.961463 0.716317 2 0.963042 0.714415 2 0.963979 0.714996 1 0.965533 0.721722 2 0.973239 0.722061 1 0.956191 0.738600 2 0.978897 0.743869 2 0.939867 0.739812 2 0.978279 0.759802 1 0.929917 0.732809 2 0.968610 0.748546 1 0.953129 0.793758 2 0.967808 0.793039 2 0.920964 0.778558 2 0.942075 0.777290 2 0.934334 0.826763 2 0.952460 0.819461 2
0 0.385789 0.673942 0.034970 0.154762 0.385149 0.614580 1 0.386105 0.612230 1 0.385395 0.611861 1 0.387583 0.613864 2 0.389626 0.613129 1 0.383193 0.623936 2 0.394508 0.624756 2 0.377040 0.611388 2 0.397825 0.614457 2 0.380561 0.608993 2 0.388375 0.616892 2 0.384282 0.669867 2 0.391394 0.670263 2 0.385455 0.700512 2 0.390296 0.704133 2 0.386375 0.733188 2 0.390431 0.737007 2
0 0.432664 0.624339 0.048363 0.156085 0.431655 0.569968 1 0.430905 0.567145 1 0.431810 0.567045 1 0.425545 0.568883 2 0.433981 0.569029 2 0.422466 0.584865 2 0.435784 0.586455 2 0.420947 0.601300 2 0.443118 0.603928 2 0.428673 0.604900 1 0.453635 0.611459 2 0.425163 0.625246 2 0.434143 0.626279 2 0.424734 0.654922 2 0.434013 0.657862 2 0.420567 0.681976 2 0.432309 0.688810 2
0 0.515253 0.821429 0.051339 0.182540 0.511642 0.749712 2 0.513544 0.744976 2 0.509526 0.745653 2 0.519184 0.743004 2 0.512057 0.744127 1 0.520144 0.762307 2 0.520767 0.756985 2 0.511972 0.785633 2 0.513648 0.771019 2 0.498436 0.794344 2 0.500551 0.780361 2 0.528050 0.819480 2 0.530039 0.816268 2 0.519174 0.866133 2 0.532165 0.857953 2 0.518735 0.909565 2 0.536087 0.892622 2
0 0.103051 0.750000 0.049851 0.145503 0.100348 0.704398 2 0.101502 0.701666 2 0.100312 0.701411 1 0.106813 0.701382 2 0.103447 0.700524 1 0.112795 0.714008 2 0.102993 0.706800 2 0.108692 0.726753 2 0.094463 0.698933 2 0.099934 0.717840 2 0.086439 0.691333 2 0.115796 0.750456 2 0.108925 0.748010 2 0.117142 0.778903 2 0.110113 0.778664 2 0.119283 0.804439 2 0.115195 0.803565 2
0 0.216518 0.555556 0.017857 0.079365 0.213619 0.530014 1 0.213754 0.528369 1 0.214197 0.527879 1 0.214628 0.529077 2 0.218001 0.527309 2 0.215736 0.539244 2 0.219679 0.535315 2 0.217109 0.551621 2 0.220918 0.541693 1 0.217155 0.560808 2 0.219628 0.544801 1 0.219211 0.559042 2 0.221836 0.557680 2 0.220412 0.572661 2 0.221933 0.571545 2 0.221117 0.585417 2 0.222111 0.583437 2
0 0.216518 0.523810 0.029762 0.105820 0.217083 0.480741 1 0.217038 0.478855 1 0.217695 0.478284 1 0.217135 0.479356 2 0.222158 0.477531 2 0.219355 0.490632 2 0.223944 0.486111 2 0.218265 0.503367 2 0.219799 0.496470 2 0.212874 0.497677 2 0.213475 0.495925 1 0.221738 0.515676 2 0.225512 0.513166 2 0.221302 0.538074 2 0.227222 0.534124 2 0.222435 0.559505 2 0.229564 0.556865 2
0 0.397321 0.337963 0.025298 0.043651 0.400193 0.325170 1 0.400169 0.324032 1 0.400563 0.324194 1 0.400659 0.323807 2 0.403287 0.323715 2 0.400808 0.328294 2 0.405141 0.328560 2 0.397928 0.336039 2 0.405668 0.337021 1 0.395326 0.338632 2 0.403320 0.341134 1 0.402412 0.344175 2 0.405239 0.343953 2 0.396514 0.343169 2 0.399163 0.344036 2 0.394337 0.353777 2 0.396996 0.354461 2
0 0.568080 0.458333 0.029018 0.125661 0.567977 0.410326 2 0.569019 0.407905 2 0.566509 0.408493 2 0.570848 0.408916 2 0.564711 0.410369 2 0.575262 0.421970 2 0.562236 0.423984 2 0.577963 0.438298 2 0.559449 0.441388 2 0.579340 0.454209 2 0.558922 0.456873 2 0.573663 0.457947 2 0.565053 0.458759 2 0.573983 0.480311 2 0.564900 0.481289 2 0.572413 0.497524 2 0.565692 0.499083 2
0 0.299479 0.367063 0.021577 0.072751 0.295148 0.339213 2 0.295108 0.337612 2 0.294857 0.338235 1 0.296568 0.335133 2 0.295935 0.336648 1 0.301272 0.338055 2 0.298860 0.340826 2 0.304852 0.341888 2 0.300109 0.350226 2 0.301439 0.348246 2 0.298458 0.355191 2 0.307102 0.359123 2 0.304646 0.359549 2 0.307553 0.374832 2 0.301607 0.372112 2 0.308847 0.389678 2 0.298336 0.385871 2
0 0.301711 0.375661 0.017113 0.058201 0.294819 0.337966 1 0.294858 0.336434 1 0.294540 0.337101 1 0.296417 0.335979 1 0.295647 0.336546 1 0.301053 0.339245 2 0.297830 0.341685 2 0.304570 0.342890 2 0.300311 0.350707 2 0.301190 0.349539 2 0.298330 0.352976 2 0.307031 0.360803 2 0.303977 0.361027 2 0.306830 0.375549 2 0.301193 0.371891 2 0.308326 0.389372 2 0.298482 0.383608 2
0 0.320312 0.357804 0.018601 0.056878 0.315469 0.338208 2 0.315714 0.336751 2 0.315159 0.337247 1 0.317704 0.335418 2 0.316331 0.336613 1 0.320756 0.339111 2 0.317736 0.340298 2 0.320071 0.345691 2 0.317442 0.347789 2 0.316321 0.348718 2 0.315654 0.351028 2 0.323289 0.352616 2 0.321012 0.352953 2 0.323718 0.364484 2 0.321225 0.364413 2 0.324558 0.376090 2 0.321952 0.375077 2
0 0.310268 0.342593 0.017857 0.076720 0.298853 0.349373 1 0.298911 0.347862 1 0.299352 0.346737 1 0.300552 0.347099 2 0.303276 0.344185 1 0.302585 0.355745 2 0.305997 0.349296 2 0.304579 0.371528 2 0.307704 0.357457 2 0.305534 0.384413 2 0.307290 0.371835 1 0.306526 0.371990 2 0.308988 0.369103 2 0.305672 0.388232 2 0.307349 0.386215 2 0.307241 0.393466 1 0.308340 0.391935 1
0 0.557292 0.250661 0.016369 0.051587 0.556626 0.236061 2 0.557422 0.234223 2 0.555727 0.234337 2 0.558719 0.235316 2 0.554683 0.235649 2 0.561131 0.244824 2 0.553061 0.245413 2 0.563818 0.252267 2 0.552053 0.254425 2 0.562056 0.253221 2 0.554020 0.256501 2 0.559963 0.260766 2 0.554405 0.260824 2 0.560957 0.267910 2 0.551538 0.266992 2 0.560822 0.280602 2 0.554633 0.278299 2
0 0.526786 0.322751 0.017857 0.082011 0.523709 0.293576 2 0.524183 0.291860 2 0.523800 0.291962 1 0.526426 0.291997 2 0.526322 0.292059 1 0.527846 0.299918 2 0.528690 0.299320 2 0.526765 0.311033 2 0.528082 0.308735 1 0.523706 0.316004 2 0.524569 0.312723 1 0.528758 0.321760 2 0.529285 0.321327 2 0.529340 0.340624 2 0.529203 0.340258 2 0.530754 0.358781 2 0.530189 0.358192 2
0 0.393229 0.330688 0.015625 0.050265 0.400164 0.324242 1 0.400230 0.323237 1 0.400576 0.323322 1 0.400466 0.323505 2 0.402814 0.323301 1 0.400334 0.328682 2 0.403588 0.328143 2 0.397652 0.336121 2 0.400829 0.335676 1 0.394807 0.337092 2 0.397196 0.338193 1 0.401339 0.342287 2 0.403730 0.341695 2 0.396467 0.343393 2 0.399939 0.343133 2 0.395032 0.353368 2 0.398524 0.352844 1
0 0.524182 0.201720 0.012649 0.041005 0.523556 0.193790 2 0.524042 0.192966 2 0.523165 0.192954 2 0.524878 0.192993 2 0.522788 0.192963 2 0.525781 0.196940 2 0.522221 0.197078 2 0.527435 0.201633 2 0.521118 0.202564 2 0.527121 0.205292 2 0.521263 0.207454 2 0.525423 0.207944 2 0.523100 0.207966 2 0.525666 0.216167 2 0.522711 0.215876 2 0.525887 0.224546 2 0.522617 0.223882 2
