0 0.278624 0.724090 0.020483 0.081232 0.278190 0.697822 2 0.279162 0.695970 2 0.277332 0.696158 2 0.281462 0.694403 2 0.276769 0.694936 1 0.283585 0.701182 2 0.275501 0.700186 2 0.285989 0.710213 2 0.274861 0.709022 2 0.288075 0.718409 2 0.274046 0.718229 2 0.283305 0.720432 2 0.278253 0.719909 2 0.283825 0.733270 2 0.278985 0.730509 2 0.283515 0.745186 2 0.281615 0.737754 2
0 0.368435 0.378151 0.016282 0.042951 0.370406 0.363848 2 0.371032 0.362781 2 0.369854 0.362692 2 0.371997 0.362923 2 0.369088 0.362845 2 0.373531 0.367894 2 0.367958 0.368239 2 0.376707 0.372717 2 0.365544 0.372742 2 0.375841 0.375234 2 0.364327 0.373420 2 0.372009 0.382753 2 0.368301 0.382830 2 0.373669 0.391906 2 0.367290 0.392810 2 0.373933 0.400463 2 0.367451 0.401936 2
0 0.175158 0.559290 0.015231 0.070962 0.173583 0.537483 2 0.173983 0.536077 2 0.173172 0.536220 1 0.176499 0.535982 2 0.174466 0.536423 1 0.179457 0.542977 2 0.172900 0.541159 2 0.179078 0.551419 2 0.171960 0.550968 2 0.175029 0.552891 2 0.173740 0.555302 2 0.179368 0.560111 2 0.175273 0.559080 2 0.178316 0.573639 2 0.177317 0.569215 2 0.178217 0.591322 2 0.182101 0.578834 2
0 0.169118 0.563959 0.017857 0.072829 0.158718 0.538971 2 0.159442 0.537873 2 0.158661 0.537717 1 0.161298 0.538526 2 0.159121 0.538236 1 0.164729 0.545027 2 0.158466 0.546296 2 0.167535 0.553013 2 0.157544 0.553236 1 0.167608 0.560615 2 0.158020 0.561407 1 0.164730 0.562492 2 0.160143 0.563541 2 0.167368 0.572321 2 0.160862 0.576860 2 0.170182 0.580404 2 0.161136 0.590582 2
0 0.349265 0.336134 0.013655 0.037348 0.349937 0.326868 2 0.350410 0.325704 2 0.349324 0.325972 2 0.351345 0.325375 2 0.348639 0.325990 2 0.353615 0.329933 2 0.347614 0.330686 2 0.355660 0.336442 2 0.346053 0.337320 2 0.353958 0.340603 2 0.347940 0.342623 2 0.353310 0.344532 2 0.349355 0.344894 2 0.353717 0.354290 2 0.348652 0.354982 2 0.352929 0.359964 1 0.349117 0.360803 1
0 0.349790 0.207283 0.012605 0.048553 0.350171 0.193101 1 0.349911 0.192322 1 0.350156 0.192307 1 0.348314 0.192507 1 0.350238 0.192543 2 0.347378 0.196935 2 0.350181 0.196370 2 0.347737 0.202521 2 0.351254 0.202365 2 0.349773 0.206541 1 0.352241 0.207585 2 0.348063 0.209132 2 0.350196 0.208814 2 0.348368 0.218061 2 0.351639 0.216188 2 0.348235 0.225869 2 0.352507 0.222648 2
0 0.560137 0.259104 0.012080 0.043884 0.559067 0.245969 2 0.559268 0.245181 2 0.559294 0.245200 1 0.560078 0.245485 2 0.560857 0.245416 1 0.560526 0.249950 2 0.561386 0.249551 2 0.559832 0.256103 2 0.559673 0.254449 2 0.558245 0.257560 2 0.557374 0.253606 2 0.560177 0.261770 2 0.560899 0.261385 2 0.559349 0.269593 2 0.560384 0.269251 2 0.559705 0.277647 2 0.560756 0.277147 2
0 0.253151 0.221289 0.012605 0.028011 0.254267 0.213481 1 0.254143 0.212945 1 0.254371 0.212910 1 0.253399 0.213082 2 0.254810 0.212996 2 0.253120 0.215974 2 0.255309 0.215974 2 0.252477 0.218985 2 0.255787 0.219230 2 0.252067 0.221316 2 0.256306 0.222287 2 0.253638 0.221388 2 0.255162 0.221374 2 0.253654 0.223816 2 0.255428 0.223513 2 0.253533 0.224887 1 0.255414 0.225458 1
0 0.230042 0.197946 0.008403 0.042951 0.228940 0.183706 2 0.229126 0.182835 2 0.229170 0.182797 1 0.230012 0.183109 2 0.230954 0.182916 1 0.229994 0.187507 2 0.232222 0.187106 2 0.229089 0.193246 2 0.231990 0.192620 1 0.227982 0.195224 2 0.229672 0.194970 1 0.230820 0.197018 2 0.232401 0.196768 2 0.230562 0.205630 2 0.232082 0.205603 2 0.230942 0.213062 2 0.232347 0.212375 2
0 0.261555 0.211485 0.009454 0.034547 0.260504 0.201538 1 0.260552 0.200825 1 0.260771 0.200736 1 0.260981 0.201230 2 0.262721 0.200824 1 0.261851 0.205530 2 0.263418 0.204798 2 0.262558 0.211875 2 0.263552 0.211004 1 0.262537 0.218129 2 0.262820 0.216614 1 0.262703 0.218081 2 0.264024 0.217642 2 0.262029 0.226921 2 0.264137 0.226244 2 0.262235 0.232400 2 0.265318 0.231420 1
0 0.277836 0.213819 0.011555 0.044818 0.275594 0.199854 1 0.275643 0.198923 1 0.275829 0.198823 1 0.276037 0.199089 2 0.277765 0.198664 2 0.276210 0.204164 2 0.279043 0.203331 2 0.275301 0.209895 2 0.280721 0.209270 2 0.274655 0.213237 2 0.281134 0.212910 1 0.277116 0.215556 2 0.278974 0.215046 2 0.277468 0.223660 2 0.279144 0.222645 2 0.277801 0.231307 2 0.280044 0.229948 2
0 0.211134 0.112045 0.008403 0.033613 0.213933 0.102189 2 0.214297 0.101491 2 0.213565 0.101541 2 0.214914 0.101761 2 0.213143 0.101876 2 0.215968 0.105587 2 0.212341 0.105487 2 0.216775 0.110387 2 0.211795 0.110017 2 0.216652 0.114983 2 0.211857 0.114229 2 0.215697 0.115776 2 0.213275 0.115715 2 0.216003 0.123108 2 0.213402 0.122602 2 0.216105 0.129667 2 0.214118 0.128633 2
0 0.216912 0.113912 0.009454 0.031746 0.214188 0.102217 2 0.214518 0.101497 2 0.213789 0.101549 2 0.215013 0.101807 2 0.213324 0.101913 2 0.216048 0.105652 2 0.212460 0.105633 2 0.217579 0.109831 2 0.211817 0.109915 2 0.218094 0.114399 2 0.211856 0.114133 2 0.215895 0.115991 2 0.213567 0.116039 2 0.216393 0.122883 2 0.213483 0.122849 2 0.215963 0.129627 2 0.214299 0.128869 2
0 0.576681 0.738095 0.021008 0.060691 0.575785 0.724989 1 0.575917 0.723618 1 0.576587 0.723745 1 0.575953 0.724917 2 0.580230 0.724545 2 0.574152 0.734488 2 0.582529 0.733221 2 0.571577 0.741874 2 0.585173 0.736489 2 0.571237 0.733503 2 0.582153 0.731185 2 0.575678 0.754090 2 0.581353 0.753718 2 0.570914 0.741701 2 0.578064 0.744484 2 0.573029 0.756980 2 0.578811 0.759772 2
0 0.493172 0.062558 0.008403 0.016807 0.493524 0.060958 1 0.493486 0.060419 1 0.493559 0.060426 1 0.493007 0.059867 2 0.493944 0.059908 2 0.491923 0.061784 2 0.494744 0.062180 2 0.490239 0.064365 2 0.495972 0.065572 2 0.490723 0.066879 2 0.495523 0.069205 2 0.492386 0.069170 2 0.494118 0.069349 2 0.492552 0.071165 2 0.493403 0.071467 2 0.492563 0.071766 1 0.493049 0.072050 1
