0 0.669643 0.917328 0.041667 0.160053 0.676639 0.873510 2 0.678620 0.868679 2 0.674028 0.867988 2 0.679195 0.867982 1 0.668190 0.866467 2 0.671385 0.887041 2 0.668503 0.890900 2 0.680050 0.912232 2 0.681965 0.917425 2 0.686054 0.908047 2 0.690796 0.912256 2 0.674284 0.948683 2 0.671024 0.953637 2 0.688852 0.969050 2 0.679617 0.985536 2 0.680962 0.991641 1 0.667118 1.000000 1
0 0.710565 0.861772 0.040179 0.205026 0.712583 0.783254 2 0.715242 0.779690 2 0.710747 0.779526 2 0.719929 0.782708 2 0.708814 0.782075 2 0.723768 0.806047 2 0.703645 0.803052 2 0.727325 0.835104 2 0.696732 0.828576 2 0.729111 0.864877 2 0.695459 0.857102 2 0.717641 0.863141 2 0.703935 0.861121 2 0.714858 0.904166 2 0.696459 0.899873 2 0.711348 0.945822 2 0.692209 0.936544 2
0 0.650670 0.827381 0.070685 0.125661 0.677127 0.873353 2 0.678992 0.868995 2 0.674381 0.868541 2 0.679059 0.867371 1 0.668251 0.867261 2 0.668063 0.884047 2 0.670152 0.891035 2 0.677111 0.902972 2 0.681172 0.913459 2 0.687427 0.910105 1 0.690454 0.913050 2 0.669078 0.912870 1 0.670697 0.915344 1 0.692236 0.897577 1 0.697804 0.915344 1 0.692175 0.909404 1 0.692600 0.915344 1
0 0.351562 0.523148 0.020089 0.075397 0.352679 0.494442 2 0.353539 0.492868 2 0.351773 0.493025 2 0.355039 0.493707 2 0.350704 0.494108 2 0.356481 0.501317 2 0.349670 0.501132 2 0.358476 0.507476 2 0.345957 0.506630 2 0.360146 0.508621 2 0.347558 0.509600 2 0.355851 0.521803 2 0.350852 0.521898 2 0.358972 0.537523 2 0.347967 0.537779 2 0.360679 0.554011 2 0.347844 0.554004 2
0 0.592262 0.634259 0.032738 0.125661 0.587462 0.588137 2 0.589003 0.585799 2 0.586190 0.585674 2 0.591620 0.586425 2 0.584336 0.586512 2 0.593069 0.597003 2 0.582003 0.600443 2 0.598599 0.606259 2 0.579745 0.613620 2 0.604010 0.614847 2 0.584146 0.621657 2 0.591607 0.631834 2 0.583351 0.634539 2 0.598305 0.656837 2 0.582525 0.664280 2 0.598728 0.678150 2 0.577072 0.688161 2
0 0.579241 0.637566 0.029018 0.105820 0.587298 0.588496 2 0.588715 0.586069 2 0.586126 0.586056 2 0.591183 0.586353 2 0.584380 0.586637 2 0.593197 0.597550 2 0.581381 0.600298 2 0.597630 0.608278 2 0.578883 0.613346 2 0.597369 0.605217 2 0.583898 0.621700 2 0.591866 0.632814 2 0.583107 0.635189 2 0.597405 0.656356 2 0.581475 0.664952 2 0.597075 0.679062 2 0.576892 0.690202 2
0 0.502232 0.560847 0.022321 0.100529 0.502607 0.524502 1 0.502447 0.522728 1 0.503160 0.522679 1 0.500589 0.524833 2 0.505871 0.524496 2 0.498758 0.536512 2 0.508029 0.536072 2 0.496825 0.550747 2 0.510794 0.548407 2 0.495632 0.562049 2 0.511371 0.557614 2 0.500385 0.559784 2 0.506421 0.559755 2 0.501499 0.580470 2 0.506002 0.581607 2 0.502180 0.599273 2 0.504954 0.602146 2
0 0.536830 0.599206 0.030506 0.111111 0.540320 0.558249 1 0.539679 0.556125 1 0.540546 0.556106 1 0.535639 0.557117 2 0.541974 0.557413 2 0.532183 0.570240 2 0.544202 0.570353 2 0.529504 0.586954 2 0.548626 0.584657 2 0.527710 0.600446 2 0.551407 0.594573 2 0.533636 0.602257 2 0.541351 0.602485 2 0.534398 0.623932 2 0.539815 0.625533 2 0.535317 0.645616 2 0.537593 0.647447 2
0 0.534598 0.554233 0.024554 0.095238 0.540466 0.557798 1 0.539771 0.555788 1 0.540607 0.555843 1 0.535432 0.557037 2 0.541459 0.557421 2 0.532129 0.570448 2 0.543861 0.570568 2 0.529188 0.587438 2 0.548756 0.584826 2 0.527553 0.601307 2 0.550972 0.591234 2 0.533500 0.603392 2 0.540973 0.603544 2 0.533466 0.620164 1 0.540390 0.620164 1 0.534691 0.617775 1 0.538519 0.618166 1
0 0.558780 0.546958 0.013393 0.078042 0.565397 0.523375 1 0.565164 0.521877 1 0.565618 0.521977 1 0.563182 0.522378 2 0.566735 0.522755 2 0.561339 0.530480 2 0.566997 0.531321 2 0.560361 0.540488 2 0.567328 0.542246 2 0.561608 0.549354 1 0.567192 0.551439 1 0.561535 0.550345 2 0.565510 0.550784 2 0.561638 0.564585 2 0.565400 0.565791 2 0.561381 0.578511 2 0.564658 0.579650 2
0 0.488467 0.558862 0.020089 0.099206 0.494502 0.490215 1 0.494131 0.489418 1 0.494795 0.489418 1 0.492051 0.490053 1 0.496309 0.489900 1 0.490170 0.498017 2 0.498566 0.498290 2 0.488775 0.510948 2 0.501077 0.512063 2 0.487881 0.521921 2 0.502118 0.522637 2 0.492343 0.520897 2 0.498034 0.520963 2 0.492642 0.537348 2 0.497797 0.536899 2 0.493349 0.551058 1 0.496351 0.551190 1
0 0.508929 0.523148 0.016369 0.085979 0.503573 0.524349 1 0.503223 0.522854 1 0.503989 0.522824 1 0.500729 0.524476 2 0.505911 0.524433 2 0.499175 0.534630 2 0.507616 0.534416 2 0.498070 0.546391 2 0.509931 0.546054 2 0.498586 0.554651 1 0.510991 0.555379 2 0.500797 0.558217 2 0.506403 0.558055 2 0.501128 0.578816 2 0.506021 0.577947 2 0.501973 0.582866 1 0.505413 0.582943 1
0 0.494048 0.519841 0.017857 0.082011 0.496401 0.488486 1 0.495740 0.486907 1 0.496465 0.486969 1 0.492056 0.487924 2 0.496772 0.488314 2 0.489763 0.497878 2 0.498132 0.498461 2 0.488719 0.510187 2 0.500271 0.510681 2 0.488107 0.520954 2 0.501379 0.519537 2 0.491818 0.519513 2 0.497522 0.520014 2 0.492822 0.535907 2 0.498293 0.535942 2 0.493014 0.550034 1 0.496969 0.549774 1
0 0.428199 0.437169 0.017113 0.054233 0.426757 0.417509 2 0.427138 0.416024 2 0.426471 0.416368 1 0.428184 0.415465 2 0.426871 0.416374 1 0.430366 0.419941 2 0.427030 0.421024 2 0.432406 0.426309 2 0.427269 0.428632 2 0.431252 0.434887 2 0.426988 0.434294 2 0.430683 0.435255 2 0.428454 0.435326 2 0.430916 0.445812 2 0.425961 0.444487 2 0.432027 0.456226 2 0.430803 0.452893 2
