0 0.571429 0.871032 0.066964 0.255291 0.567029 0.778412 2 0.569836 0.772754 2 0.564057 0.773306 2 0.573850 0.771652 2 0.559266 0.772591 2 0.582204 0.801167 2 0.551768 0.802046 2 0.589844 0.844622 2 0.546200 0.839301 2 0.595223 0.883308 2 0.544809 0.875934 2 0.575236 0.887801 2 0.555525 0.888589 2 0.570960 0.944739 2 0.553549 0.950628 2 0.567437 0.987699 2 0.554129 0.997360 2
0 0.646949 0.828704 0.048363 0.257937 0.648842 0.729559 2 0.651430 0.723815 2 0.645611 0.724220 2 0.654487 0.725747 2 0.640465 0.727083 2 0.659472 0.752277 2 0.636596 0.759241 2 0.663523 0.778696 2 0.633644 0.791355 2 0.665543 0.779349 2 0.651832 0.789805 2 0.653080 0.827371 2 0.638215 0.830575 2 0.649606 0.872284 2 0.638465 0.882159 2 0.643342 0.896157 2 0.640988 0.918941 2
0 0.739955 0.871693 0.034970 0.113757 0.733931 0.825432 2 0.736561 0.824627 2 0.734474 0.822540 2 0.740322 0.832713 2 0.735450 0.826711 1 0.741583 0.851389 2 0.728777 0.840133 2 0.745522 0.867141 2 0.725220 0.834739 2 0.740844 0.875912 2 0.728897 0.828242 2 0.734471 0.888416 2 0.725681 0.884387 2 0.737536 0.915272 2 0.726167 0.911469 2 0.732773 0.936967 2 0.725883 0.935272 2
0 0.710193 0.839947 0.046875 0.179894 0.713252 0.761812 2 0.715799 0.758615 2 0.711290 0.757196 2 0.718972 0.761752 2 0.707617 0.758586 2 0.722114 0.786258 2 0.698927 0.783590 2 0.727960 0.815485 2 0.691405 0.815880 2 0.725259 0.833843 2 0.698961 0.841522 2 0.716457 0.847565 2 0.701243 0.846495 2 0.715364 0.891628 2 0.699959 0.891781 2 0.714452 0.933368 2 0.701349 0.933582 2
0 0.722098 0.776455 0.055804 0.195767 0.714498 0.762356 2 0.716995 0.758885 2 0.712273 0.757590 2 0.719684 0.761129 2 0.707503 0.758059 2 0.722437 0.785920 2 0.698828 0.783019 2 0.728416 0.817014 2 0.691413 0.816717 2 0.726352 0.838638 2 0.700044 0.843656 2 0.717455 0.851334 2 0.701709 0.850221 2 0.716411 0.899375 2 0.700900 0.898766 2 0.716765 0.912698 1 0.701156 0.912698 1
0 0.912946 0.646825 0.061012 0.150794 0.921749 0.592393 1 0.922562 0.590272 1 0.924393 0.591330 1 0.923123 0.596078 2 0.933881 0.596974 1 0.916840 0.613253 2 0.938597 0.614854 2 0.904185 0.622851 2 0.940398 0.625529 1 0.898354 0.608393 2 0.930943 0.610689 1 0.914987 0.666098 2 0.929164 0.665134 2 0.889450 0.660990 2 0.909685 0.662349 2 0.899558 0.701398 2 0.919589 0.697331 2
0 0.902902 0.638889 0.034970 0.119048 0.920768 0.593522 1 0.921959 0.591084 2 0.922060 0.590748 1 0.923214 0.595463 2 0.927083 0.594195 1 0.917403 0.613984 2 0.927083 0.613091 2 0.903543 0.622253 2 0.913139 0.622692 1 0.897449 0.605529 2 0.901662 0.601867 1 0.915265 0.663436 2 0.923635 0.661021 2 0.889359 0.663979 2 0.904784 0.661764 1 0.901881 0.702374 2 0.915470 0.699573 1
0 0.972098 0.626323 0.049851 0.210317 0.982631 0.556148 2 0.984796 0.551403 2 0.980881 0.549582 2 0.984735 0.550800 1 0.975157 0.545107 2 0.988903 0.569087 2 0.965975 0.561576 2 0.988998 0.600953 2 0.952538 0.569603 2 0.990377 0.626095 2 0.963384 0.554905 2 0.978023 0.629605 2 0.963390 0.627654 2 0.979264 0.670700 2 0.959770 0.672243 2 0.963288 0.686967 2 0.962670 0.709550 2
0 0.487723 0.500661 0.034970 0.109788 0.484660 0.466519 2 0.486341 0.463377 2 0.483036 0.463844 2 0.490006 0.463501 2 0.482743 0.464226 1 0.491040 0.478688 2 0.489013 0.475293 2 0.486619 0.501402 2 0.485657 0.495149 1 0.479040 0.511234 2 0.480246 0.504999 1 0.492598 0.515575 2 0.491467 0.511336 2 0.473420 0.511542 2 0.477046 0.501040 2 0.479764 0.544014 2 0.481136 0.530071 2
0 0.637277 0.370370 0.023065 0.126984 0.638023 0.323925 2 0.639196 0.321770 2 0.636803 0.321664 2 0.640796 0.323102 2 0.634766 0.322730 2 0.642422 0.337173 2 0.631048 0.336408 2 0.643892 0.353912 2 0.628318 0.353901 2 0.645074 0.368475 2 0.629457 0.369469 2 0.640824 0.369823 2 0.633140 0.369598 2 0.640347 0.393263 2 0.631568 0.392608 2 0.639547 0.416256 2 0.631506 0.413540 2
0 0.428199 0.359127 0.026042 0.085979 0.426576 0.333808 2 0.427372 0.332297 2 0.425731 0.332561 2 0.428526 0.331235 2 0.424203 0.331978 2 0.430397 0.336046 2 0.423395 0.338316 2 0.433071 0.341360 2 0.420912 0.345944 2 0.432872 0.342454 2 0.419602 0.355650 2 0.429409 0.356033 2 0.424841 0.357055 2 0.429949 0.369661 2 0.425441 0.373003 2 0.432324 0.381279 2 0.426149 0.388453 2
0 0.409598 0.314153 0.017113 0.048942 0.410338 0.301051 2 0.410882 0.299904 2 0.409754 0.300012 2 0.411937 0.299759 2 0.408917 0.299989 2 0.413330 0.305901 2 0.408592 0.305013 2 0.413209 0.314332 2 0.406650 0.311833 2 0.409405 0.316894 2 0.407127 0.315500 2 0.412449 0.318118 2 0.408739 0.317250 2 0.413442 0.324115 2 0.405893 0.322245 2 0.414575 0.328452 2 0.404643 0.326535 2
0 0.498512 0.302910 0.013393 0.089947 0.502344 0.270638 2 0.501949 0.269134 1 0.501844 0.269116 2 0.500019 0.270023 1 0.499874 0.270131 2 0.499689 0.279200 2 0.498110 0.279472 2 0.499423 0.291667 1 0.496816 0.291367 2 0.500454 0.302979 1 0.498319 0.302877 2 0.500317 0.303597 2 0.499273 0.304061 2 0.500111 0.321433 2 0.498611 0.322421 2 0.499214 0.337062 2 0.497922 0.339293 2
0 0.521949 0.291667 0.017113 0.093915 0.522675 0.257537 2 0.523253 0.255761 2 0.521659 0.255832 2 0.523391 0.256770 1 0.519520 0.256884 2 0.523667 0.266590 2 0.517518 0.267048 2 0.523552 0.278808 1 0.515391 0.279427 2 0.523046 0.287901 1 0.514967 0.289078 2 0.523371 0.290732 2 0.519207 0.291253 2 0.524566 0.309548 2 0.519941 0.310413 2 0.524725 0.327764 2 0.520269 0.329106 2
0 0.554315 0.294974 0.017857 0.087302 0.555452 0.262955 2 0.556441 0.261349 2 0.554740 0.261305 2 0.558118 0.263345 2 0.553820 0.263179 2 0.559719 0.274437 2 0.552017 0.273904 2 0.561379 0.286403 2 0.549353 0.284223 2 0.560723 0.296055 2 0.549193 0.290457 2 0.557174 0.294774 2 0.551997 0.294439 2 0.556758 0.313489 2 0.550909 0.313557 2 0.557055 0.331181 2 0.550341 0.331247 2
0 0.544271 0.302249 0.012649 0.059524 0.543951 0.284736 2 0.544611 0.283454 2 0.543414 0.283643 2 0.546074 0.283621 2 0.543038 0.284151 1 0.547355 0.289370 2 0.542929 0.289958 2 0.548462 0.295744 2 0.541808 0.296112 2 0.545927 0.298733 2 0.542372 0.298372 2 0.546766 0.304301 2 0.543903 0.304374 2 0.546584 0.317725 2 0.544319 0.317788 2 0.547307 0.332219 2 0.544847 0.331955 2
0 0.561012 0.285053 0.016369 0.072751 0.555839 0.262716 2 0.556802 0.261261 2 0.555126 0.261013 2 0.558197 0.262730 2 0.554034 0.262443 2 0.560412 0.271870 2 0.551974 0.274354 2 0.566345 0.271555 2 0.550130 0.285033 2 0.563009 0.267536 2 0.550541 0.292815 2 0.558022 0.295649 2 0.552687 0.295865 2 0.557294 0.313819 2 0.552573 0.312948 2 0.557907 0.331663 2 0.552234 0.330777 2
