0 0.914435 0.700397 0.058036 0.141534 0.922567 0.644468 2 0.924790 0.643832 2 0.924704 0.643761 1 0.927550 0.653184 2 0.931715 0.651782 1 0.919992 0.668188 2 0.936850 0.669723 2 0.904760 0.672661 2 0.940687 0.679927 2 0.897325 0.668733 2 0.934143 0.671807 1 0.918984 0.718588 2 0.928969 0.716828 2 0.893389 0.713066 2 0.904828 0.710402 2 0.903708 0.755427 2 0.913649 0.751726 2
0 0.437128 0.794974 0.031994 0.119048 0.436685 0.752201 2 0.438306 0.749536 2 0.434754 0.749542 2 0.440473 0.751348 2 0.431575 0.751532 2 0.442152 0.766381 2 0.429573 0.766572 2 0.445187 0.781098 2 0.426647 0.780678 2 0.444889 0.796027 2 0.425780 0.792098 2 0.439984 0.798384 2 0.431414 0.798510 2 0.442995 0.818563 2 0.432034 0.818467 2 0.445083 0.837593 2 0.432510 0.837590 2
0 0.426711 0.744048 0.034970 0.194444 0.429842 0.667324 2 0.431861 0.663753 2 0.427560 0.664003 2 0.435014 0.665932 2 0.424042 0.666698 2 0.439154 0.686910 2 0.418876 0.689215 2 0.444846 0.709445 2 0.413422 0.715888 2 0.440249 0.714040 2 0.424467 0.719646 2 0.436341 0.743327 2 0.422611 0.744293 2 0.436926 0.785942 2 0.422157 0.787165 2 0.436620 0.827910 2 0.419760 0.827789 2
0 0.655134 0.902116 0.043899 0.103175 0.653638 0.830688 1 0.655608 0.830688 1 0.651370 0.830688 1 0.658371 0.830688 1 0.646836 0.830688 1 0.665882 0.836788 2 0.639221 0.836206 2 0.675521 0.864905 2 0.634562 0.863820 2 0.682734 0.892328 2 0.635287 0.888512 2 0.662397 0.902291 2 0.643594 0.902275 2 0.669389 0.951785 2 0.640383 0.950182 2 0.670227 0.961153 1 0.639981 0.960049 1
0 0.653274 0.878307 0.066964 0.169312 0.658489 0.827829 2 0.660647 0.821882 2 0.655928 0.821402 2 0.662633 0.817690 1 0.651317 0.816461 2 0.667465 0.833679 2 0.643210 0.830610 2 0.673946 0.865262 2 0.635385 0.865160 2 0.682360 0.891954 2 0.636294 0.889687 2 0.660205 0.893972 2 0.642308 0.892084 2 0.675158 0.939477 2 0.627636 0.931594 2 0.670781 0.970672 2 0.634979 0.959640 2
0 0.398438 0.532407 0.029018 0.125661 0.403996 0.485098 2 0.403181 0.483497 1 0.403231 0.483616 2 0.398803 0.485678 2 0.401745 0.486205 2 0.395506 0.494210 2 0.406435 0.495762 2 0.392492 0.484218 2 0.410144 0.484860 2 0.394044 0.480471 2 0.404008 0.483334 2 0.398524 0.528529 2 0.405567 0.529640 2 0.399513 0.551095 2 0.404916 0.555061 2 0.399320 0.574237 2 0.403116 0.583038 2
0 0.439360 0.498677 0.039435 0.124339 0.436805 0.451443 1 0.436032 0.449145 1 0.436990 0.449080 1 0.431253 0.450418 2 0.438514 0.450730 2 0.428943 0.463096 2 0.439531 0.464406 2 0.426858 0.472770 2 0.444962 0.477725 2 0.430549 0.467047 1 0.452748 0.484899 2 0.430858 0.496950 2 0.437979 0.497466 2 0.430079 0.521628 2 0.437818 0.523335 2 0.426393 0.544126 2 0.436215 0.548779 2
0 0.499256 0.628307 0.040179 0.164021 0.496326 0.554763 2 0.497560 0.550878 2 0.494686 0.551774 2 0.501536 0.548943 2 0.496152 0.550930 1 0.502638 0.563466 2 0.504102 0.560881 2 0.495658 0.579783 2 0.497089 0.565573 2 0.485674 0.586432 2 0.490353 0.566923 2 0.508313 0.605637 2 0.510089 0.604200 2 0.502045 0.640213 2 0.509862 0.638160 2 0.503162 0.672192 2 0.511131 0.668211 2
0 0.170387 0.589947 0.034226 0.119048 0.166124 0.554554 2 0.166494 0.551782 2 0.165447 0.552241 1 0.170131 0.548903 2 0.167976 0.550430 1 0.174367 0.555648 2 0.173110 0.556699 2 0.168324 0.565838 2 0.168133 0.566610 2 0.167053 0.557220 2 0.166939 0.560311 2 0.177344 0.588552 2 0.176528 0.587833 2 0.166031 0.599544 2 0.168574 0.599309 2 0.171816 0.620449 2 0.175895 0.622919 2
0 0.251116 0.472884 0.014137 0.078042 0.249417 0.447588 2 0.250076 0.446374 2 0.249605 0.446203 1 0.251637 0.447268 2 0.251320 0.446665 1 0.251725 0.454427 2 0.252643 0.453593 2 0.253143 0.464486 2 0.254184 0.462638 1 0.253351 0.473408 2 0.254286 0.470699 1 0.253089 0.471394 2 0.253796 0.471181 2 0.254101 0.482832 2 0.254750 0.482835 2 0.255843 0.494005 2 0.256234 0.493668 2
0 0.249628 0.441799 0.023065 0.089947 0.243754 0.414385 2 0.244042 0.412486 2 0.243747 0.412893 1 0.246354 0.411371 2 0.246294 0.412121 1 0.251334 0.418152 2 0.248073 0.417245 2 0.252017 0.428024 2 0.246232 0.425064 2 0.245251 0.429578 2 0.242851 0.424423 2 0.253445 0.445879 2 0.251126 0.444772 2 0.253937 0.469327 2 0.251194 0.465291 2 0.256189 0.490211 2 0.253994 0.484929 2
0 0.401786 0.304894 0.020833 0.041005 0.404642 0.293149 2 0.404778 0.292161 2 0.405034 0.292203 1 0.405956 0.292592 2 0.407765 0.292253 1 0.405998 0.297820 2 0.408989 0.297426 2 0.402723 0.305891 2 0.406029 0.305891 1 0.400475 0.312728 2 0.402627 0.312942 1 0.407644 0.311857 2 0.409806 0.311281 2 0.401450 0.309270 2 0.404268 0.309311 2 0.398751 0.319702 2 0.401785 0.319346 2
0 0.546875 0.373016 0.023810 0.105820 0.546594 0.332890 2 0.547286 0.330934 2 0.545327 0.331466 2 0.548446 0.332064 2 0.543559 0.333273 2 0.551735 0.342968 2 0.541285 0.344211 2 0.554348 0.355884 2 0.538534 0.357786 2 0.555007 0.369518 2 0.539000 0.371440 2 0.550814 0.372239 2 0.543859 0.372816 2 0.551571 0.390486 2 0.543284 0.390898 2 0.550940 0.408123 2 0.543951 0.407955 2
0 0.315848 0.324735 0.021577 0.064815 0.310981 0.303872 2 0.311035 0.302257 2 0.310495 0.303202 1 0.312635 0.299895 2 0.311194 0.302096 1 0.316481 0.302374 2 0.314082 0.305044 2 0.319012 0.307150 2 0.316548 0.313204 2 0.315868 0.313180 2 0.313942 0.315439 2 0.322054 0.320042 2 0.319588 0.320570 2 0.322365 0.334429 2 0.316615 0.332072 2 0.323445 0.349878 2 0.314095 0.344075 2
0 0.333705 0.319444 0.018601 0.054233 0.324166 0.282107 1 0.323823 0.281746 1 0.324377 0.281746 1 0.322042 0.281790 1 0.325722 0.281746 1 0.321539 0.288161 2 0.327593 0.285827 2 0.320818 0.298640 1 0.330725 0.290515 2 0.321301 0.306404 1 0.329955 0.291322 1 0.323854 0.306817 2 0.327949 0.305921 2 0.324804 0.322641 2 0.328714 0.320731 2 0.326745 0.337440 2 0.331291 0.335948 2
0 0.324033 0.309524 0.017113 0.068783 0.319560 0.280442 2 0.319767 0.278949 2 0.319950 0.278866 1 0.321213 0.279066 2 0.323465 0.278468 1 0.321197 0.287646 2 0.327323 0.284488 2 0.319941 0.297080 2 0.330903 0.286540 2 0.316616 0.297432 2 0.329677 0.284365 2 0.324425 0.306647 2 0.328343 0.305616 2 0.326051 0.321347 2 0.329340 0.321169 2 0.329537 0.336860 2 0.331836 0.335050 2
0 0.398810 0.296296 0.017857 0.047619 0.404723 0.293529 2 0.405007 0.292593 2 0.405130 0.292550 1 0.406064 0.293273 2 0.407265 0.292698 1 0.405821 0.298676 2 0.407789 0.297658 2 0.402351 0.308168 2 0.403670 0.306615 2 0.399269 0.317972 2 0.400091 0.316455 1 0.408269 0.314190 2 0.409702 0.313441 2 0.402242 0.310355 2 0.404530 0.309632 1 0.399756 0.320514 2 0.401873 0.319137 1
0 0.515625 0.182540 0.011905 0.039683 0.516303 0.175793 2 0.516748 0.174957 2 0.515889 0.174968 2 0.517514 0.174747 2 0.515328 0.174697 2 0.518287 0.178225 2 0.514463 0.177623 2 0.518801 0.182846 2 0.513659 0.182401 2 0.517549 0.185692 2 0.514516 0.185583 2 0.517583 0.186213 2 0.514956 0.185743 2 0.517743 0.192941 2 0.514661 0.191342 2 0.517283 0.200560 2 0.514225 0.197881 2
