0 0.960565 0.230820 0.019345 0.078042 0.967674 0.203214 1 0.967046 0.201384 1 0.967418 0.201594 1 0.962981 0.200502 1 0.965685 0.201555 2 0.959361 0.207679 2 0.965068 0.210122 2 0.956131 0.218560 2 0.965509 0.222596 2 0.955260 0.228614 2 0.967347 0.230770 2 0.957827 0.230105 2 0.961456 0.231356 2 0.957371 0.244090 2 0.961091 0.245842 2 0.954103 0.255645 2 0.957093 0.258368 2
0 0.947545 0.314153 0.030506 0.101852 0.962435 0.270226 1 0.961697 0.267702 1 0.962273 0.268432 1 0.956429 0.267189 2 0.961538 0.269367 2 0.951735 0.277018 2 0.960424 0.280917 2 0.948487 0.290626 2 0.959951 0.299579 2 0.952339 0.299422 2 0.964288 0.307374 2 0.948999 0.304837 2 0.955402 0.306254 2 0.945294 0.328345 2 0.954476 0.329166 2 0.940490 0.348529 2 0.951533 0.348464 2
0 0.364955 0.154101 0.015625 0.062169 0.364881 0.134305 2 0.365279 0.132940 2 0.364160 0.133088 2 0.365814 0.133508 1 0.362917 0.133866 2 0.366931 0.139962 2 0.362097 0.141032 2 0.369631 0.146886 2 0.363020 0.148949 2 0.370525 0.150018 2 0.367402 0.149265 2 0.367004 0.155726 2 0.363488 0.156480 2 0.368855 0.167129 2 0.363542 0.168309 2 0.369859 0.180495 2 0.363780 0.181861 2
0 0.329613 0.158730 0.013393 0.058201 0.332288 0.129151 2 0.332791 0.127989 2 0.331649 0.127975 2 0.333357 0.128667 1 0.330639 0.128640 2 0.334422 0.135972 2 0.329261 0.135832 2 0.336237 0.143831 2 0.327897 0.144022 2 0.335184 0.146630 2 0.329506 0.150760 2 0.333179 0.151663 2 0.329934 0.151665 2 0.332849 0.162458 2 0.330340 0.162722 2 0.332643 0.172763 2 0.330522 0.172668 2
0 0.915923 0.271825 0.023810 0.064815 0.912011 0.270323 1 0.910613 0.268193 1 0.911915 0.268559 1 0.904172 0.269113 1 0.910824 0.270681 2 0.900247 0.281057 2 0.911834 0.284222 2 0.900537 0.296716 1 0.915543 0.301785 2 0.908276 0.297778 1 0.915801 0.302201 1 0.899554 0.312982 1 0.907049 0.314982 2 0.903595 0.308481 1 0.912828 0.310137 1 0.902606 0.311490 1 0.910388 0.314546 1
0 0.575521 0.513889 0.039435 0.146825 0.576428 0.461049 2 0.578440 0.458241 2 0.574905 0.457391 2 0.580692 0.457198 2 0.571164 0.455109 2 0.580551 0.468202 2 0.566280 0.468672 2 0.582683 0.485714 2 0.560113 0.486150 2 0.583478 0.502578 2 0.556538 0.505270 2 0.575980 0.502645 2 0.565913 0.503814 2 0.580020 0.530639 2 0.563560 0.538725 2 0.580597 0.558194 2 0.560416 0.573043 2
0 0.831473 0.285714 0.023065 0.105820 0.834327 0.246382 2 0.835542 0.244263 2 0.833550 0.244203 2 0.838086 0.243521 2 0.833145 0.243293 1 0.841437 0.253507 2 0.831075 0.251382 2 0.843014 0.268508 2 0.827236 0.263740 2 0.838020 0.274602 2 0.830219 0.270799 2 0.835540 0.281303 2 0.829099 0.279586 2 0.830824 0.304220 2 0.828491 0.300723 2 0.829071 0.326756 2 0.829903 0.322477 2
0 0.676711 0.190476 0.017113 0.068783 0.676643 0.166503 1 0.676712 0.165028 1 0.676867 0.165214 1 0.676109 0.165835 2 0.679382 0.165910 2 0.675033 0.173515 2 0.681131 0.173570 2 0.672550 0.183215 2 0.682189 0.183313 2 0.671512 0.191232 2 0.680088 0.190452 2 0.674537 0.191475 2 0.679043 0.191276 2 0.672380 0.206685 2 0.679010 0.206937 2 0.670020 0.221216 2 0.679028 0.221725 2
0 0.723958 0.673280 0.050595 0.216931 0.713836 0.591052 2 0.714998 0.586790 2 0.714867 0.586519 1 0.720344 0.589325 2 0.724319 0.587604 1 0.720162 0.617653 2 0.732827 0.610381 2 0.720853 0.654465 2 0.733104 0.638349 2 0.712846 0.652055 2 0.716400 0.633680 2 0.720008 0.674001 2 0.730089 0.669545 2 0.712118 0.714005 2 0.726686 0.708709 2 0.712134 0.764086 2 0.727795 0.750268 2
0 0.358259 0.548280 0.042411 0.162698 0.351962 0.502243 2 0.353687 0.498497 2 0.350049 0.498842 2 0.356406 0.496694 2 0.346004 0.497447 2 0.360180 0.512041 2 0.341070 0.515036 2 0.363550 0.531762 2 0.333614 0.536383 2 0.359595 0.549356 2 0.336835 0.558309 2 0.356988 0.554844 2 0.343326 0.556956 2 0.363605 0.582312 2 0.342327 0.589553 2 0.366209 0.613313 2 0.339004 0.625867 2
0 0.589286 0.421296 0.029762 0.146825 0.591198 0.361948 2 0.592703 0.358770 2 0.589573 0.359005 2 0.595094 0.359596 2 0.587345 0.359992 2 0.598384 0.374083 2 0.584576 0.375094 2 0.602147 0.393252 2 0.584765 0.395083 2 0.604203 0.410200 2 0.596015 0.401006 2 0.594388 0.412486 2 0.585280 0.413077 2 0.591668 0.443879 2 0.584792 0.443464 2 0.588856 0.469522 2 0.586032 0.468980 2
0 0.172619 0.453704 0.023810 0.156085 0.174299 0.399538 2 0.174059 0.396082 1 0.172960 0.396201 2 0.171423 0.397643 1 0.168349 0.397624 2 0.171070 0.416235 2 0.165873 0.416541 2 0.171370 0.440873 1 0.163706 0.439836 2 0.174123 0.459602 1 0.166447 0.460250 2 0.173753 0.459145 2 0.170560 0.460303 2 0.175067 0.486315 2 0.173762 0.488456 2 0.169251 0.508831 2 0.172565 0.515287 2
0 0.333333 0.476190 0.031250 0.140212 0.325744 0.519909 2 0.326397 0.516091 2 0.323586 0.516792 2 0.325760 0.515033 1 0.318475 0.516974 2 0.324926 0.531765 2 0.315892 0.537068 2 0.327915 0.551558 2 0.313057 0.563428 2 0.335115 0.563285 2 0.313729 0.572794 2 0.324497 0.570245 2 0.318474 0.573702 1 0.329948 0.566901 1 0.322623 0.572586 1 0.329459 0.572432 1 0.320559 0.573702 1
0 0.461682 0.496032 0.043899 0.164021 0.464933 0.430930 2 0.465799 0.427739 2 0.462976 0.428571 2 0.466666 0.428109 1 0.458290 0.429649 2 0.468059 0.446401 2 0.453202 0.446939 2 0.470991 0.462957 2 0.446941 0.468436 2 0.469916 0.481763 2 0.447068 0.489917 2 0.466633 0.492024 2 0.455738 0.491707 2 0.468170 0.527278 2 0.452158 0.521979 2 0.472996 0.560226 2 0.446464 0.548649 2
0 0.319940 0.589947 0.035714 0.177249 0.326126 0.518863 2 0.326651 0.514940 2 0.323737 0.516302 2 0.326462 0.514724 1 0.318636 0.517418 2 0.324055 0.534290 2 0.316912 0.537889 2 0.327971 0.553961 2 0.310638 0.567091 2 0.333497 0.562331 2 0.308930 0.592035 2 0.322561 0.584278 2 0.317698 0.586078 2 0.323996 0.617325 2 0.320473 0.620696 2 0.317597 0.640989 2 0.303988 0.640885 2
0 0.566592 0.707011 0.069196 0.212963 0.567289 0.631065 1 0.565751 0.626582 1 0.566895 0.627206 1 0.556137 0.627443 1 0.566713 0.630140 2 0.548233 0.650368 2 0.568268 0.656695 2 0.552116 0.674338 1 0.573158 0.691548 2 0.569342 0.684250 1 0.582089 0.704895 2 0.548856 0.713265 2 0.563295 0.715928 2 0.547520 0.755595 2 0.563940 0.757297 2 0.549191 0.797716 2 0.564185 0.797902 2
0 0.455357 0.426587 0.037202 0.146825 0.465457 0.430843 2 0.466288 0.427710 2 0.463528 0.428238 2 0.466669 0.428230 1 0.458947 0.429318 2 0.468491 0.444685 2 0.453560 0.446423 2 0.472050 0.460838 2 0.447407 0.467346 2 0.469636 0.476529 2 0.447731 0.491791 2 0.466456 0.491276 2 0.456157 0.491989 2 0.466686 0.521749 2 0.453123 0.523238 2 0.465156 0.529101 1 0.449473 0.529101 1
0 0.219494 0.357804 0.025298 0.128307 0.216080 0.315957 2 0.217032 0.313668 2 0.214900 0.314145 2 0.218818 0.312638 2 0.213176 0.313793 2 0.223279 0.322325 2 0.211861 0.323147 2 0.228791 0.334741 2 0.208725 0.333728 2 0.223237 0.337117 2 0.210838 0.337612 2 0.223587 0.355272 2 0.215857 0.355529 2 0.225620 0.381281 2 0.216477 0.381673 2 0.229592 0.405269 2 0.217930 0.406287 2
0 0.297619 0.329365 0.025298 0.111111 0.297870 0.290177 2 0.299125 0.287687 2 0.296437 0.288247 2 0.301346 0.289168 2 0.295881 0.290555 1 0.303777 0.302240 2 0.295780 0.303149 2 0.308055 0.316384 2 0.295219 0.316049 2 0.307624 0.333182 2 0.290859 0.324618 2 0.303505 0.332607 2 0.299936 0.332822 2 0.299959 0.355735 2 0.305318 0.354728 2 0.297623 0.379201 2 0.312763 0.373092 2
0 0.412574 0.312169 0.017113 0.100529 0.408616 0.277424 2 0.409851 0.275371 2 0.407972 0.275401 2 0.412206 0.276411 2 0.407754 0.276477 1 0.413315 0.287346 2 0.407299 0.287146 2 0.411814 0.299362 2 0.404508 0.298486 2 0.406955 0.291684 2 0.405503 0.291969 1 0.411712 0.314627 2 0.407437 0.314340 2 0.411815 0.334503 2 0.407333 0.334231 2 0.413875 0.354770 2 0.408165 0.355335 2
0 0.560268 0.214947 0.019345 0.083333 0.557342 0.180600 1 0.557343 0.178890 1 0.557582 0.179021 1 0.555730 0.179907 2 0.559854 0.180089 2 0.553409 0.190298 2 0.561577 0.190676 2 0.551553 0.203005 2 0.562949 0.204116 2 0.551189 0.213261 2 0.563845 0.214323 2 0.554261 0.213636 2 0.560135 0.213769 2 0.553672 0.231582 2 0.560999 0.231910 2 0.553441 0.250048 2 0.560987 0.249993 2
0 0.902530 0.317460 0.031250 0.113757 0.911117 0.271906 1 0.910302 0.269406 1 0.910807 0.269934 1 0.904709 0.269829 2 0.909881 0.271742 2 0.898383 0.282595 2 0.911568 0.286080 2 0.892639 0.299130 2 0.914871 0.301744 2 0.891294 0.313224 2 0.914077 0.302764 2 0.895410 0.318483 2 0.903631 0.320275 2 0.894967 0.341704 2 0.900182 0.345216 2 0.895082 0.365151 2 0.895678 0.368247 2
0 0.797619 0.284392 0.020833 0.084656 0.801410 0.251628 2 0.801613 0.250031 2 0.800531 0.249664 2 0.800530 0.251214 1 0.797495 0.250424 2 0.799543 0.261788 2 0.792969 0.260482 2 0.799445 0.275965 2 0.790442 0.274403 2 0.802445 0.280840 2 0.795900 0.282970 2 0.796854 0.283506 2 0.792458 0.284023 2 0.803570 0.292491 2 0.799100 0.293348 2 0.801667 0.313234 2 0.798502 0.314479 2
0 0.817708 0.278439 0.022321 0.083333 0.819419 0.250947 2 0.819277 0.249277 1 0.818697 0.249235 2 0.817998 0.249613 1 0.815897 0.249638 2 0.818749 0.258241 2 0.811686 0.259556 2 0.822221 0.270765 2 0.816309 0.274965 2 0.824072 0.279130 2 0.821855 0.282561 2 0.819822 0.281586 2 0.814928 0.283560 2 0.827177 0.291646 2 0.823549 0.293955 2 0.825703 0.311575 2 0.825364 0.311522 2
0 0.546503 0.337302 0.023065 0.063492 0.546385 0.320753 2 0.547529 0.318945 1 0.545502 0.318681 1 0.549044 0.315847 1 0.544242 0.315333 1 0.550931 0.314529 2 0.540143 0.314329 2 0.554618 0.327717 2 0.536444 0.327704 2 0.550284 0.331171 2 0.543123 0.331960 2 0.548815 0.332855 2 0.541507 0.333346 2 0.554117 0.333743 2 0.536651 0.335578 2 0.551621 0.358563 2 0.542327 0.358882 2
0 0.529018 0.304233 0.020833 0.082011 0.529733 0.277535 2 0.530613 0.275718 2 0.528908 0.275699 2 0.531739 0.274845 2 0.527511 0.274620 2 0.533438 0.283061 2 0.524914 0.282522 2 0.535433 0.294081 2 0.521659 0.292562 2 0.533699 0.304418 2 0.524199 0.301183 2 0.531696 0.308831 2 0.526033 0.308688 2 0.531275 0.328769 2 0.524486 0.328916 2 0.531516 0.344988 1 0.523583 0.344832 1
0 0.595982 0.182540 0.017857 0.058201 0.593553 0.168047 2 0.593493 0.166696 2 0.593307 0.167023 1 0.594553 0.164310 2 0.594063 0.165082 1 0.598945 0.165410 2 0.595836 0.166718 2 0.602109 0.172095 2 0.597257 0.175321 2 0.602585 0.180683 2 0.596258 0.185608 2 0.601840 0.177247 2 0.599537 0.177354 2 0.601280 0.191615 2 0.596812 0.190109 2 0.601652 0.205887 2 0.597437 0.205364 2
0 0.127232 0.345899 0.020833 0.041005 0.121325 0.336620 2 0.121598 0.335526 2 0.122014 0.334962 1 0.123642 0.335985 2 0.125241 0.334168 1 0.127547 0.341804 2 0.126894 0.339231 2 0.125299 0.350948 2 0.124518 0.346462 2 0.120871 0.352820 2 0.120862 0.350508 2 0.133538 0.354145 2 0.132652 0.352289 2 0.126572 0.350616 2 0.124336 0.348085 2 0.131387 0.357312 2 0.129545 0.359074 2
0 0.095982 0.327381 0.032738 0.056878 0.099346 0.317269 2 0.100084 0.314713 2 0.097825 0.315670 2 0.101404 0.312172 1 0.095003 0.314724 2 0.102924 0.317637 2 0.092587 0.321758 2 0.108371 0.325627 2 0.088331 0.334978 2 0.106669 0.325555 2 0.088142 0.348935 2 0.102050 0.331004 2 0.094936 0.333048 2 0.105015 0.332089 2 0.090156 0.335800 2 0.107521 0.345969 2 0.089199 0.345494 2
0 0.189732 0.138228 0.016369 0.046296 0.189109 0.119637 1 0.189049 0.118611 1 0.189308 0.118406 1 0.188707 0.119226 2 0.191231 0.118572 2 0.188722 0.125340 2 0.193102 0.124243 2 0.187381 0.131310 2 0.195300 0.129082 2 0.189323 0.129494 2 0.193809 0.127625 2 0.191576 0.139979 2 0.194321 0.139523 2 0.192795 0.151293 2 0.194140 0.150634 2 0.193051 0.161690 2 0.194910 0.161951 2
0 0.790551 0.189153 0.018601 0.052910 0.793208 0.171132 1 0.792649 0.169767 1 0.793048 0.169953 1 0.789790 0.169713 1 0.792222 0.170443 2 0.787776 0.176265 2 0.792180 0.177344 2 0.785805 0.183453 2 0.792623 0.185714 2 0.786576 0.189699 2 0.793003 0.191700 2 0.787368 0.191789 2 0.790408 0.192193 2 0.786945 0.201988 2 0.789998 0.202052 2 0.786245 0.212033 2 0.789921 0.212235 2
0 0.397693 0.097222 0.009673 0.046296 0.399133 0.080413 1 0.399305 0.079531 1 0.398678 0.079640 1 0.399487 0.080032 1 0.397916 0.080333 2 0.400264 0.085274 2 0.397250 0.085620 2 0.401340 0.090843 2 0.396006 0.091761 2 0.401497 0.095386 2 0.396216 0.098053 2 0.399876 0.096528 2 0.397880 0.096724 2 0.400101 0.105017 2 0.397938 0.105248 2 0.400250 0.113630 2 0.397204 0.113643 2
0 0.139509 0.115079 0.015625 0.029101 0.137802 0.117750 2 0.138573 0.116320 2 0.137182 0.116291 2 0.140053 0.116426 2 0.136553 0.116365 1 0.141739 0.123316 2 0.136080 0.122682 2 0.143861 0.130733 2 0.136179 0.129684 2 0.140299 0.130075 2 0.140004 0.129785 2 0.141605 0.132672 2 0.137906 0.132309 2 0.144094 0.131834 1 0.139357 0.130768 1 0.143751 0.133703 1 0.141444 0.132526 1
0 0.251488 0.130291 0.011905 0.041005 0.251553 0.122160 1 0.251423 0.121198 1 0.251633 0.121192 1 0.250273 0.121635 1 0.251708 0.121746 2 0.249604 0.126979 2 0.250279 0.127323 2 0.249216 0.133226 2 0.249671 0.133971 2 0.250896 0.136558 1 0.250311 0.138060 2 0.249196 0.138189 2 0.249707 0.138514 2 0.249306 0.145764 2 0.249259 0.146593 2 0.247974 0.152717 2 0.248417 0.153117 2
0 0.813988 0.228175 0.019345 0.083333 0.819450 0.250491 2 0.819161 0.249223 1 0.818687 0.249155 2 0.817391 0.249986 1 0.815967 0.250155 2 0.817960 0.258024 2 0.812061 0.260089 2 0.821993 0.270029 2 0.816438 0.276048 2 0.824187 0.278861 2 0.822207 0.282171 2 0.819264 0.281415 2 0.814877 0.283665 2 0.825811 0.281909 1 0.821494 0.285141 1 0.824043 0.285214 1 0.820451 0.285218 1
0 0.973214 0.235450 0.023810 0.066138 0.971753 0.211827 1 0.971762 0.210939 1 0.972173 0.210815 1 0.971205 0.211238 2 0.974555 0.210866 2 0.969664 0.216120 2 0.976884 0.216025 2 0.968188 0.223702 2 0.979509 0.222991 2 0.968391 0.230227 1 0.980426 0.226270 2 0.970675 0.231801 2 0.975482 0.231651 2 0.970599 0.235647 2 0.975041 0.236010 2 0.970992 0.243051 1 0.973772 0.244602 2
0 0.605655 0.105159 0.011905 0.041005 0.608569 0.092744 1 0.608697 0.091955 1 0.608972 0.091916 1 0.609281 0.092488 2 0.611089 0.092202 1 0.608962 0.097041 2 0.612008 0.096638 2 0.608204 0.102682 2 0.612469 0.102399 1 0.607445 0.107610 2 0.612443 0.107237 1 0.609625 0.107118 2 0.611758 0.106893 2 0.609259 0.115152 2 0.611558 0.115263 2 0.609413 0.123859 2 0.611739 0.123429 2
0 0.911086 0.195106 0.020089 0.038360 0.913941 0.183823 2 0.914656 0.182364 2 0.913111 0.182444 2 0.915744 0.182823 2 0.912018 0.182885 2 0.917372 0.188968 2 0.911301 0.188275 2 0.918337 0.196959 2 0.909294 0.195098 2 0.915568 0.200830 2 0.907806 0.202073 2 0.915641 0.201428 2 0.911632 0.200530 2 0.914692 0.200292 2 0.907875 0.199478 2 0.908953 0.205214 2 0.906241 0.205094 2
0 0.952753 0.200397 0.020089 0.033069 0.949488 0.195976 2 0.950242 0.194234 2 0.948736 0.194443 2 0.951327 0.193828 2 0.947930 0.194352 2 0.953379 0.197475 2 0.946848 0.197225 2 0.954304 0.205963 2 0.943381 0.203571 2 0.949022 0.208186 2 0.944225 0.205213 2 0.951330 0.209373 2 0.947203 0.208648 2 0.951209 0.208623 2 0.942135 0.207792 2 0.947241 0.214879 2 0.947129 0.214387 2
