0 0.567894 0.286045 0.007812 0.029762 0.571192 0.277609 1 0.570877 0.276946 1 0.571146 0.277045 1 0.569454 0.276400 1 0.570699 0.276847 2 0.568030 0.279063 2 0.570530 0.279887 2 0.567296 0.283500 2 0.570534 0.284940 2 0.567725 0.287844 1 0.570648 0.288006 2 0.568074 0.287888 2 0.569643 0.288311 2 0.568763 0.294590 2 0.569067 0.295343 2 0.568642 0.300036 2 0.567318 0.300336 2
0 0.523810 0.544312 0.011905 0.048942 0.522325 0.538102 2 0.522711 0.537153 2 0.521921 0.537237 2 0.523414 0.535896 2 0.521375 0.535971 2 0.524551 0.539983 2 0.520605 0.537806 2 0.524048 0.547883 2 0.517793 0.540903 2 0.521948 0.549159 2 0.517215 0.544902 2 0.522174 0.550733 2 0.519709 0.549414 2 0.520599 0.554866 2 0.518606 0.553838 2 0.520150 0.562200 1 0.518440 0.561550 1
0 0.477121 0.501984 0.015253 0.044974 0.476050 0.502097 2 0.476396 0.501457 2 0.475810 0.501430 2 0.477247 0.500973 2 0.475775 0.500875 1 0.478330 0.503340 2 0.475676 0.502007 2 0.478922 0.508097 2 0.473971 0.504237 2 0.477757 0.511032 2 0.471867 0.506472 2 0.477790 0.510553 2 0.476117 0.509580 2 0.476323 0.514334 2 0.474491 0.513602 2 0.476062 0.518352 1 0.474321 0.517769 1
0 0.575707 0.311839 0.006324 0.027116 0.577821 0.305119 1 0.577630 0.304527 1 0.577860 0.304640 1 0.576416 0.303982 2 0.577890 0.304402 2 0.575233 0.305670 2 0.577978 0.306514 2 0.574315 0.309700 2 0.578421 0.311216 2 0.574846 0.311549 2 0.578643 0.313717 2 0.575223 0.313300 2 0.577130 0.313775 2 0.575211 0.318060 2 0.577330 0.318366 2 0.575119 0.321526 1 0.577049 0.321194 1
0 0.094308 0.622024 0.011533 0.045635 0.094063 0.608906 2 0.094319 0.607756 2 0.093477 0.608264 2 0.094982 0.607285 2 0.092760 0.608574 2 0.096778 0.611000 2 0.091680 0.613049 2 0.100287 0.612677 2 0.089660 0.618025 2 0.098426 0.616599 2 0.091635 0.623166 2 0.097464 0.624462 2 0.094337 0.625521 2 0.098595 0.633022 2 0.095394 0.633611 2 0.099374 0.640697 2 0.097164 0.638672 2
0 0.110863 0.685185 0.015625 0.050265 0.107681 0.670952 1 0.107625 0.670353 1 0.107893 0.670001 1 0.106762 0.671528 2 0.109481 0.670501 2 0.106184 0.677267 2 0.111688 0.675140 2 0.105328 0.682473 2 0.113950 0.679801 2 0.105739 0.677202 2 0.113359 0.678185 2 0.109028 0.689490 2 0.112615 0.688517 2 0.110940 0.697605 2 0.113828 0.694837 2 0.112969 0.704945 2 0.114994 0.702671 2
0 0.094680 0.571098 0.012277 0.040344 0.093374 0.557186 2 0.093702 0.556216 2 0.092916 0.556574 2 0.094560 0.555905 2 0.092475 0.556791 2 0.096654 0.560025 2 0.091114 0.561090 2 0.099622 0.564354 2 0.090128 0.567309 2 0.099538 0.570224 2 0.090626 0.572151 2 0.097343 0.572768 2 0.093609 0.573333 2 0.098883 0.581835 2 0.094507 0.581028 2 0.100910 0.591814 2 0.096468 0.587932 2
0 0.761161 0.779762 0.019345 0.054233 0.759505 0.764369 2 0.759749 0.763344 2 0.759548 0.763089 1 0.761318 0.763484 2 0.761367 0.763020 1 0.762856 0.769405 2 0.761739 0.768024 2 0.762995 0.778659 2 0.760392 0.774511 1 0.761568 0.785052 2 0.758282 0.779752 2 0.761137 0.784410 2 0.760829 0.783581 2 0.759387 0.793798 2 0.761355 0.794014 2 0.759094 0.799031 2 0.764432 0.798647 2
0 0.791481 0.718254 0.012277 0.038360 0.793390 0.724718 2 0.794052 0.723996 2 0.792999 0.723683 2 0.795013 0.724695 2 0.792376 0.723894 2 0.796031 0.730075 2 0.790866 0.728140 2 0.796830 0.737473 2 0.788764 0.733598 2 0.796038 0.739933 2 0.787163 0.740174 2 0.793458 0.743035 2 0.789846 0.741858 2 0.793995 0.743086 1 0.788236 0.741557 1 0.793080 0.743664 1 0.787572 0.742644 1
0 0.789621 0.741071 0.014509 0.046958 0.793598 0.725288 2 0.794256 0.724480 2 0.793234 0.724273 2 0.795244 0.724965 2 0.792755 0.724339 2 0.795944 0.730655 2 0.791279 0.728762 2 0.796780 0.736281 2 0.788970 0.734202 2 0.796406 0.739531 2 0.787658 0.739839 2 0.793372 0.743285 2 0.790419 0.741848 2 0.792302 0.751865 2 0.789344 0.747966 2 0.790621 0.759269 2 0.788626 0.753874 2
0 0.861979 0.578704 0.010417 0.044974 0.862135 0.565625 1 0.862060 0.564548 1 0.862369 0.564786 1 0.861160 0.564367 2 0.863446 0.564941 2 0.859498 0.568793 2 0.863936 0.570406 2 0.857287 0.575433 2 0.864526 0.577722 2 0.855928 0.580945 2 0.864105 0.583617 2 0.858909 0.581212 2 0.861739 0.582014 2 0.858046 0.586168 2 0.859485 0.588529 2 0.857447 0.593172 2 0.857764 0.595409 2
0 0.851562 0.576720 0.015625 0.054233 0.854460 0.559038 1 0.854202 0.558100 1 0.854593 0.558441 1 0.852411 0.558375 2 0.854976 0.559429 2 0.850513 0.562457 2 0.855080 0.564908 2 0.847566 0.566522 2 0.854987 0.571787 2 0.845463 0.571016 2 0.854712 0.577046 2 0.849143 0.574607 2 0.852047 0.575540 2 0.847969 0.580340 2 0.850140 0.582519 2 0.847277 0.588114 2 0.848498 0.590968 2
0 0.275298 0.816468 0.013393 0.048280 0.273443 0.800811 1 0.273372 0.800032 1 0.273680 0.799739 1 0.272432 0.800837 2 0.275027 0.800086 2 0.271675 0.806346 2 0.276823 0.805781 2 0.270274 0.813625 2 0.278766 0.812194 2 0.269049 0.818932 2 0.280459 0.816889 2 0.273939 0.819020 2 0.277159 0.819083 2 0.276040 0.827945 2 0.278369 0.828671 2 0.277501 0.835405 2 0.278418 0.838614 2
0 0.289062 0.791005 0.016369 0.055556 0.286701 0.773202 2 0.286942 0.771917 2 0.286455 0.772518 1 0.288199 0.771788 2 0.286940 0.773374 1 0.290935 0.776360 2 0.287066 0.780458 2 0.293095 0.775561 2 0.287660 0.788873 2 0.291487 0.774252 2 0.287771 0.795915 2 0.292344 0.790749 2 0.289382 0.792094 2 0.293394 0.801010 2 0.288506 0.799555 2 0.294857 0.810143 2 0.288619 0.806618 2
0 0.311942 0.621032 0.012277 0.039683 0.303571 0.604636 1 0.303658 0.603744 2 0.303571 0.603788 1 0.304173 0.603512 2 0.303571 0.603681 1 0.305931 0.607767 2 0.303571 0.607921 1 0.307397 0.613618 2 0.303848 0.614201 1 0.307962 0.619614 2 0.304084 0.620603 1 0.305483 0.620822 2 0.303869 0.620842 2 0.305703 0.629422 2 0.304315 0.629343 2 0.305135 0.637083 2 0.304715 0.636782 2
0 0.304501 0.618056 0.009301 0.041667 0.301693 0.605069 2 0.301969 0.604005 2 0.301401 0.604320 1 0.303205 0.603515 2 0.301806 0.604237 1 0.305651 0.608179 2 0.301536 0.607617 2 0.307433 0.613862 2 0.299925 0.608920 2 0.307914 0.619953 2 0.300636 0.604783 2 0.305247 0.620542 2 0.302798 0.620308 2 0.305337 0.629232 2 0.303924 0.627853 2 0.305432 0.636453 2 0.305870 0.633450 2
0 0.227493 0.614087 0.013765 0.048280 0.224317 0.599367 1 0.224474 0.598650 1 0.224723 0.598522 1 0.224974 0.599069 2 0.226956 0.598396 2 0.224719 0.604368 2 0.228980 0.601354 2 0.223663 0.608989 2 0.231404 0.604977 2 0.223424 0.603881 2 0.232428 0.608738 2 0.226867 0.615432 2 0.229243 0.613731 2 0.228276 0.623605 2 0.228406 0.619290 2 0.231234 0.631221 2 0.229438 0.625176 2
0 0.324963 0.816799 0.020461 0.044974 0.325041 0.801165 1 0.324936 0.800441 1 0.325152 0.800320 1 0.323992 0.801513 2 0.326786 0.800697 2 0.322740 0.807833 2 0.328875 0.804626 2 0.320577 0.808992 2 0.331189 0.802773 2 0.321317 0.803328 2 0.331059 0.799463 2 0.324611 0.823468 2 0.329027 0.821889 2 0.322804 0.818226 2 0.330618 0.814158 2 0.320606 0.831210 2 0.329204 0.825284 2
0 0.597842 0.855489 0.015625 0.050926 0.601779 0.840558 1 0.601628 0.839241 1 0.601972 0.839723 1 0.599807 0.839403 2 0.602828 0.840788 2 0.597222 0.844963 2 0.603174 0.848155 2 0.595215 0.849611 2 0.604306 0.857799 2 0.596911 0.850775 1 0.605141 0.862717 1 0.596098 0.861582 2 0.599956 0.862821 2 0.595654 0.871856 2 0.598615 0.873850 2 0.595343 0.881981 2 0.597052 0.883380 2
0 0.446429 0.435847 0.008929 0.037037 0.446272 0.424206 2 0.446578 0.423551 2 0.445954 0.423640 2 0.447091 0.423012 2 0.445580 0.423252 2 0.448163 0.425585 2 0.444838 0.425997 2 0.449279 0.430043 2 0.444092 0.431564 2 0.448433 0.432307 2 0.444014 0.437167 2 0.448100 0.436308 2 0.445850 0.436470 2 0.448744 0.444009 2 0.446107 0.444080 2 0.449337 0.451788 2 0.446371 0.451610 2
0 0.452009 0.378968 0.010417 0.039683 0.450876 0.372058 1 0.450701 0.371269 1 0.450863 0.371370 1 0.449397 0.371220 2 0.450967 0.371627 2 0.448199 0.374704 2 0.451060 0.375631 2 0.447360 0.378778 2 0.451838 0.380288 2 0.448027 0.382920 1 0.451981 0.383919 2 0.448313 0.383841 2 0.450262 0.384375 2 0.448352 0.390796 2 0.450174 0.391491 2 0.448046 0.397356 2 0.449786 0.397490 2
