0 0.495908 0.713624 0.039435 0.146825 0.487082 0.663682 2 0.487855 0.660390 2 0.486564 0.661696 1 0.492447 0.657596 2 0.488552 0.660737 1 0.502988 0.669791 2 0.488526 0.672944 2 0.513169 0.685311 2 0.488296 0.693264 2 0.514113 0.700079 2 0.487877 0.704090 2 0.501137 0.718365 2 0.489855 0.717914 2 0.504945 0.753548 2 0.484069 0.748159 2 0.510834 0.791677 2 0.480096 0.783950 2
0 0.481399 0.720899 0.038690 0.126984 0.488154 0.665207 2 0.488889 0.661805 2 0.487633 0.663139 2 0.493500 0.657818 2 0.489437 0.661332 1 0.504484 0.668837 2 0.489473 0.674837 2 0.508185 0.688965 2 0.489597 0.694676 2 0.506797 0.706385 2 0.488714 0.705748 2 0.503020 0.715713 2 0.491362 0.717304 2 0.505068 0.743303 2 0.484826 0.747808 2 0.507196 0.775276 2 0.479730 0.785989 2
0 0.437128 0.542328 0.021577 0.100529 0.437574 0.508935 1 0.437051 0.506761 1 0.437648 0.506853 1 0.433606 0.507701 2 0.438603 0.507992 2 0.431248 0.519066 2 0.439343 0.519007 2 0.429417 0.532873 2 0.441351 0.532669 2 0.430894 0.542448 2 0.442064 0.542669 2 0.432335 0.540254 2 0.438184 0.540371 2 0.432590 0.561487 2 0.439944 0.561068 2 0.431209 0.582400 2 0.440506 0.581378 2
0 0.457961 0.542989 0.026042 0.101852 0.455708 0.504148 1 0.455798 0.502382 1 0.456332 0.502429 1 0.456242 0.502940 2 0.461214 0.502764 2 0.455887 0.512702 2 0.464813 0.513344 2 0.454596 0.526561 2 0.466809 0.528407 2 0.452197 0.535880 2 0.466669 0.541404 2 0.456587 0.542314 2 0.462895 0.542440 2 0.454894 0.561884 2 0.462193 0.565036 2 0.454179 0.581072 2 0.461225 0.586483 2
0 0.496652 0.551587 0.015625 0.076720 0.488076 0.539771 1 0.487816 0.537883 1 0.487439 0.537982 1 0.486185 0.539473 1 0.486611 0.539801 2 0.486775 0.552360 1 0.489188 0.552682 2 0.490004 0.566366 1 0.491953 0.567406 2 0.490537 0.564644 1 0.491175 0.566371 2 0.486033 0.584318 1 0.487706 0.583785 2 0.486116 0.603458 1 0.488009 0.601297 2 0.487026 0.604167 1 0.487873 0.604167 1
0 0.495164 0.533730 0.017113 0.088624 0.488465 0.539200 2 0.487924 0.537470 1 0.487560 0.537609 2 0.485293 0.539264 1 0.485639 0.539899 2 0.483634 0.551005 1 0.488763 0.552025 2 0.486733 0.565915 1 0.491961 0.568077 2 0.489550 0.573146 1 0.491596 0.574702 2 0.483698 0.582863 1 0.487550 0.583017 2 0.484015 0.595238 1 0.488824 0.594668 1 0.484020 0.595238 1 0.488504 0.595238 1
0 0.472098 0.501323 0.015625 0.082011 0.462347 0.503113 1 0.462223 0.501275 1 0.462163 0.501460 1 0.461614 0.502163 1 0.462908 0.502578 1 0.463131 0.513239 1 0.465292 0.513559 2 0.466108 0.528754 1 0.467493 0.529257 2 0.466449 0.540816 1 0.467103 0.541133 2 0.462404 0.543266 1 0.463846 0.542667 2 0.462351 0.557726 1 0.463348 0.557580 1 0.462937 0.557726 1 0.463586 0.557726 1
0 0.460193 0.494709 0.017113 0.082011 0.455610 0.503823 1 0.455731 0.501999 1 0.456471 0.502258 1 0.456288 0.502736 2 0.461408 0.502773 2 0.455579 0.513152 2 0.465025 0.513636 2 0.454164 0.526667 2 0.467351 0.528984 2 0.452049 0.536811 2 0.467325 0.541089 2 0.456881 0.544010 2 0.463316 0.543947 2 0.455205 0.551236 1 0.463056 0.551236 1 0.455646 0.550883 1 0.462243 0.551236 1
0 0.416295 0.439815 0.015625 0.062169 0.419130 0.420663 1 0.418772 0.419355 1 0.419223 0.419459 1 0.416530 0.418958 2 0.419887 0.419144 2 0.414671 0.425259 2 0.420652 0.424021 2 0.413670 0.433948 2 0.423768 0.424987 2 0.414417 0.442583 2 0.419966 0.422109 2 0.415442 0.441737 2 0.419209 0.441717 2 0.417622 0.453170 2 0.419166 0.454140 2 0.417929 0.466388 2 0.418523 0.465854 2
0 0.592634 0.442460 0.011161 0.046296 0.594682 0.427686 2 0.594512 0.426776 1 0.594479 0.426854 2 0.593573 0.426495 1 0.593427 0.426767 2 0.593597 0.430378 2 0.591713 0.431434 2 0.594881 0.435189 2 0.591182 0.438255 2 0.595145 0.435893 2 0.593867 0.440705 2 0.593134 0.442905 2 0.591889 0.443579 2 0.592594 0.451150 1 0.591164 0.451705 2 0.592416 0.458272 1 0.590557 0.458014 1
0 0.547619 0.461640 0.010417 0.042328 0.544847 0.451610 2 0.544881 0.450738 2 0.544811 0.450916 1 0.545876 0.450070 2 0.546005 0.450393 1 0.548286 0.452789 2 0.546956 0.453020 2 0.550376 0.459243 2 0.547358 0.459352 2 0.550903 0.467199 2 0.547590 0.465674 2 0.549908 0.463015 2 0.549091 0.463032 2 0.550025 0.470688 2 0.549122 0.470358 2 0.550191 0.478296 2 0.549506 0.478045 2
0 0.609003 0.422619 0.009673 0.043651 0.612710 0.406097 2 0.612678 0.405275 1 0.612566 0.404997 2 0.611621 0.405272 1 0.611343 0.404677 2 0.610193 0.409877 2 0.609535 0.409304 2 0.610151 0.416440 1 0.608752 0.416050 2 0.611198 0.420551 1 0.609658 0.422260 2 0.609870 0.421538 2 0.609472 0.421642 2 0.610223 0.429523 2 0.609628 0.430039 2 0.609959 0.438769 2 0.608920 0.439032 2
0 0.620164 0.435185 0.012649 0.044974 0.619001 0.420748 1 0.619161 0.419878 1 0.619528 0.419869 1 0.619801 0.420414 2 0.621838 0.420126 1 0.620074 0.424631 2 0.623018 0.424704 2 0.617858 0.425953 2 0.623486 0.427092 2 0.619210 0.422880 2 0.621492 0.423894 1 0.619613 0.436485 2 0.621351 0.436101 2 0.618409 0.442164 2 0.619112 0.441177 2 0.619100 0.445249 1 0.620232 0.446071 1
