0 0.943452 0.762566 0.062500 0.149471 0.955604 0.703492 2 0.957834 0.701961 2 0.957743 0.702200 1 0.961001 0.710078 2 0.964986 0.709601 1 0.951271 0.726985 2 0.970305 0.730552 2 0.934025 0.729411 2 0.961356 0.743275 2 0.922138 0.723843 2 0.942978 0.728772 1 0.947237 0.777043 2 0.959504 0.775237 2 0.915223 0.767980 2 0.931083 0.764654 2 0.929213 0.813711 2 0.938805 0.807646 2
0 0.389509 0.646825 0.033482 0.150794 0.391802 0.591080 2 0.391878 0.588868 1 0.390951 0.588776 2 0.389167 0.590480 1 0.389866 0.590335 2 0.384950 0.600179 2 0.394259 0.600969 2 0.383283 0.590272 2 0.398176 0.589496 2 0.381898 0.583210 2 0.388575 0.588728 2 0.386950 0.642257 2 0.393031 0.642938 2 0.387462 0.671869 2 0.393315 0.676559 2 0.387774 0.701420 2 0.392344 0.709717 2
0 0.432664 0.598545 0.043899 0.152116 0.432908 0.549089 1 0.432072 0.546251 1 0.433107 0.546236 1 0.426560 0.547951 2 0.435050 0.548351 2 0.423884 0.563343 2 0.436225 0.565663 2 0.421737 0.577003 2 0.443165 0.582320 2 0.427042 0.579795 1 0.452538 0.589847 2 0.426336 0.602560 2 0.434596 0.603789 2 0.425555 0.631168 2 0.434327 0.634241 2 0.421272 0.657955 2 0.433180 0.664770 2
0 0.511905 0.787698 0.049107 0.197090 0.509141 0.714556 2 0.510795 0.709788 2 0.507102 0.710511 2 0.516306 0.707778 2 0.508508 0.709350 1 0.520150 0.726484 2 0.513195 0.719908 2 0.511086 0.746169 2 0.507920 0.725943 2 0.497399 0.756919 2 0.499917 0.723829 2 0.525705 0.780001 2 0.521981 0.776193 2 0.518253 0.825976 2 0.523387 0.814180 2 0.516934 0.867243 2 0.532400 0.843884 2
0 0.114955 0.722884 0.048363 0.141534 0.111926 0.674641 2 0.113287 0.672236 2 0.111431 0.671452 2 0.118537 0.672665 2 0.113855 0.670556 1 0.122133 0.686083 2 0.114797 0.675614 2 0.118197 0.700762 2 0.106768 0.669189 2 0.113174 0.687572 2 0.099571 0.663865 2 0.126593 0.719569 2 0.122131 0.715811 2 0.125572 0.748032 2 0.124457 0.744807 2 0.130605 0.774508 2 0.132800 0.768062 2
0 0.221354 0.542328 0.017113 0.079365 0.220126 0.490530 2 0.220820 0.487336 2 0.218690 0.488849 2 0.223586 0.486772 1 0.218769 0.489070 1 0.227978 0.494334 2 0.221289 0.497960 2 0.231133 0.509203 2 0.221789 0.515143 2 0.230106 0.523200 2 0.224507 0.523050 2 0.227862 0.523689 2 0.223770 0.524289 2 0.225235 0.542341 2 0.223224 0.540984 2 0.226360 0.568707 2 0.225676 0.565461 2
0 0.220610 0.511243 0.029018 0.104497 0.220429 0.469507 1 0.220321 0.467691 1 0.220981 0.466854 1 0.220786 0.467666 2 0.225369 0.465394 2 0.223465 0.478052 2 0.227212 0.472895 2 0.222395 0.490347 2 0.222842 0.482403 2 0.216803 0.485468 2 0.217359 0.482706 1 0.227036 0.503635 2 0.230084 0.500915 2 0.226748 0.527697 2 0.230810 0.523391 2 0.229703 0.548490 2 0.234305 0.545243 2
0 0.397693 0.332011 0.024554 0.042328 0.400498 0.320275 2 0.400531 0.319154 2 0.400870 0.319222 1 0.401508 0.318827 2 0.403642 0.318572 1 0.401671 0.323091 2 0.405819 0.323500 2 0.399965 0.329582 2 0.405722 0.331250 1 0.397743 0.334172 2 0.403066 0.335827 1 0.402408 0.337034 2 0.405242 0.336767 2 0.397504 0.338743 2 0.399931 0.339458 2 0.394778 0.345324 2 0.396724 0.346385 2
0 0.565476 0.443122 0.028274 0.124339 0.564561 0.398374 2 0.565615 0.396084 2 0.563089 0.396574 2 0.567338 0.397377 2 0.561242 0.398607 2 0.572155 0.409730 2 0.559408 0.411906 2 0.574417 0.426272 2 0.555818 0.427487 2 0.574867 0.441521 2 0.555331 0.442327 2 0.569906 0.445470 2 0.561644 0.446418 2 0.569442 0.467342 2 0.562102 0.470296 2 0.567173 0.479617 2 0.562764 0.487310 2
0 0.301711 0.361772 0.021577 0.072751 0.297832 0.332392 2 0.298045 0.330676 2 0.297182 0.331679 2 0.299573 0.329027 2 0.297331 0.331470 1 0.303228 0.332252 2 0.300214 0.336617 2 0.307764 0.335962 2 0.301795 0.346320 2 0.304260 0.342549 2 0.300987 0.349925 2 0.309627 0.351861 2 0.306909 0.353297 2 0.309748 0.367338 2 0.304344 0.366718 2 0.311315 0.383062 2 0.301169 0.379849 2
0 0.303943 0.369709 0.015625 0.056878 0.297893 0.331638 1 0.298142 0.330688 1 0.297394 0.330987 1 0.299757 0.330688 1 0.297709 0.331187 1 0.303087 0.332487 2 0.299423 0.335390 2 0.306980 0.337763 2 0.301566 0.344919 2 0.303882 0.342958 2 0.301292 0.349933 2 0.309514 0.349265 2 0.306293 0.350459 2 0.309845 0.364177 2 0.304948 0.364316 2 0.310779 0.381007 2 0.301338 0.379211 2
0 0.322173 0.351190 0.019345 0.056878 0.317732 0.332610 2 0.318005 0.331086 2 0.317496 0.331522 1 0.319954 0.329688 2 0.318709 0.330679 1 0.322891 0.333172 2 0.320296 0.334234 2 0.322292 0.340584 2 0.319545 0.342050 2 0.318920 0.343216 2 0.317743 0.344563 2 0.326298 0.346053 2 0.324252 0.346416 2 0.326904 0.358291 2 0.324130 0.358163 2 0.327523 0.370336 2 0.324174 0.369847 2
0 0.312128 0.338624 0.017113 0.076720 0.307640 0.307140 2 0.307761 0.305386 2 0.307880 0.305216 1 0.309499 0.304880 2 0.311500 0.304364 1 0.309874 0.312996 2 0.316010 0.312700 2 0.308705 0.323134 2 0.318325 0.324163 1 0.306329 0.326675 2 0.316027 0.330016 1 0.311386 0.335485 2 0.315597 0.335184 2 0.311640 0.352213 2 0.315319 0.352151 2 0.313049 0.371335 2 0.315563 0.371233 2
0 0.525670 0.316799 0.017113 0.080688 0.534487 0.261556 1 0.535191 0.260582 1 0.533836 0.260582 1 0.536161 0.260582 1 0.532831 0.260582 1 0.536552 0.264720 1 0.530410 0.263953 2 0.536654 0.272507 1 0.527715 0.270977 2 0.536570 0.278810 1 0.528487 0.278908 2 0.535373 0.284365 2 0.531288 0.284317 2 0.535743 0.299683 2 0.531777 0.299935 2 0.534634 0.314937 2 0.531407 0.314047 2
0 0.394345 0.326058 0.016369 0.048942 0.399090 0.306643 2 0.399566 0.305701 2 0.398652 0.305440 2 0.399486 0.305739 1 0.397701 0.304892 2 0.398801 0.310568 2 0.397481 0.310033 2 0.400296 0.317952 1 0.399733 0.317254 2 0.400164 0.323536 1 0.400674 0.321422 1 0.398026 0.326085 2 0.397209 0.325795 2 0.396439 0.336133 2 0.396392 0.336052 2 0.394223 0.346770 2 0.394712 0.347224 2
0 0.523065 0.199074 0.011905 0.041005 0.522716 0.186092 2 0.522902 0.185162 1 0.522407 0.185159 2 0.522874 0.185173 1 0.521722 0.185120 2 0.523389 0.189976 2 0.520635 0.190066 2 0.524688 0.195647 2 0.521411 0.196112 2 0.524862 0.196765 2 0.523964 0.196906 2 0.523447 0.203074 2 0.521466 0.203200 2 0.523643 0.212724 2 0.521283 0.212731 2 0.523524 0.222102 2 0.521244 0.221619 2
