0 0.559524 0.568122 0.017857 0.099206 0.555925 0.531692 1 0.555176 0.529844 1 0.555923 0.529676 1 0.551260 0.530122 1 0.555399 0.530130 2 0.549095 0.538785 2 0.554630 0.540011 2 0.550781 0.549536 1 0.558150 0.551856 2 0.557209 0.548361 1 0.560746 0.549332 2 0.550833 0.563583 2 0.554410 0.564779 2 0.554023 0.582349 2 0.555764 0.584612 2 0.553547 0.601966 2 0.554547 0.605234 2
0 0.556920 0.543651 0.033482 0.071429 0.555901 0.529990 1 0.555142 0.528213 1 0.555972 0.528193 1 0.551653 0.528840 1 0.555969 0.529368 2 0.549567 0.537701 2 0.554325 0.539671 2 0.553664 0.549712 2 0.557831 0.550687 2 0.559003 0.548189 1 0.560653 0.549052 2 0.551658 0.564030 2 0.554291 0.566418 2 0.559318 0.578465 2 0.556133 0.586362 2 0.558792 0.587186 1 0.553420 0.592365 1
0 0.405134 0.419974 0.011161 0.046296 0.402370 0.408344 2 0.402802 0.407116 2 0.401961 0.407401 1 0.404078 0.407014 2 0.402099 0.407660 1 0.405696 0.412714 2 0.402293 0.413236 2 0.406092 0.419467 2 0.402416 0.419892 2 0.404197 0.422068 2 0.402449 0.423421 1 0.405643 0.423949 2 0.403393 0.424006 2 0.405416 0.430652 2 0.403684 0.430579 2 0.405704 0.438771 2 0.404368 0.438261 2
0 0.533110 0.488757 0.014137 0.067460 0.524851 0.480606 1 0.524744 0.479371 1 0.525049 0.479277 1 0.524053 0.480364 1 0.526377 0.480121 1 0.524334 0.488282 2 0.527252 0.487882 2 0.524716 0.497524 1 0.527738 0.496784 2 0.524542 0.503931 1 0.527322 0.501010 1 0.524154 0.507045 2 0.526169 0.506595 2 0.524353 0.520640 2 0.525774 0.519991 2 0.524620 0.531910 1 0.525630 0.532616 2
0 0.542783 0.486111 0.017113 0.075397 0.541842 0.460935 2 0.542705 0.459765 2 0.541291 0.459373 2 0.543670 0.460254 2 0.540204 0.459236 2 0.544078 0.467200 2 0.537999 0.466059 2 0.545029 0.473991 2 0.535380 0.473155 2 0.544673 0.475253 2 0.536841 0.475992 2 0.543215 0.483412 2 0.539164 0.483202 2 0.543453 0.490482 1 0.539379 0.490222 1 0.543632 0.492206 1 0.540042 0.491801 1
0 0.465774 0.523810 0.017857 0.089947 0.463663 0.493935 1 0.463198 0.492262 1 0.463846 0.492315 1 0.460296 0.493330 2 0.464738 0.493454 2 0.458233 0.502884 2 0.465992 0.502509 2 0.456663 0.514589 2 0.468284 0.512914 2 0.457321 0.522392 2 0.469498 0.518221 2 0.460100 0.522675 2 0.465074 0.522649 2 0.461173 0.542427 2 0.464495 0.541440 2 0.462170 0.559192 2 0.463543 0.557961 2
0 0.492932 0.549603 0.023065 0.099206 0.496638 0.512055 2 0.495524 0.510676 1 0.496099 0.510576 2 0.490906 0.512829 1 0.494461 0.513260 2 0.487529 0.523980 2 0.496697 0.524655 2 0.485177 0.537792 2 0.500039 0.537258 2 0.485119 0.548913 2 0.501718 0.544280 2 0.489059 0.550957 2 0.495012 0.551408 2 0.490011 0.568932 2 0.494109 0.570377 2 0.490933 0.586528 2 0.493049 0.589481 2
0 0.486979 0.523148 0.018601 0.096561 0.496275 0.512150 2 0.495190 0.510715 1 0.495890 0.510561 1 0.490635 0.512769 2 0.494603 0.512970 2 0.487560 0.524032 2 0.496427 0.524199 2 0.485155 0.537616 2 0.499174 0.537551 2 0.484528 0.548336 2 0.499136 0.547119 2 0.489008 0.550969 2 0.494856 0.551157 2 0.490012 0.570223 2 0.494171 0.570987 2 0.490589 0.585441 2 0.493252 0.586988 2
0 0.501488 0.516534 0.014881 0.067460 0.496277 0.509038 1 0.495437 0.507391 1 0.495612 0.507297 2 0.492454 0.509810 1 0.493891 0.510059 2 0.491870 0.522815 1 0.496073 0.523733 2 0.496976 0.534992 1 0.500079 0.537382 2 0.500770 0.541970 1 0.502106 0.542175 2 0.491733 0.550920 1 0.494753 0.551051 2 0.491382 0.563327 1 0.494425 0.563327 1 0.492342 0.563327 1 0.494328 0.563327 1
0 0.524554 0.507937 0.016369 0.076720 0.524863 0.480276 1 0.524671 0.478913 1 0.525129 0.479056 1 0.522570 0.479536 2 0.526450 0.480026 2 0.520579 0.486809 2 0.528026 0.488511 2 0.518239 0.495026 2 0.528483 0.497935 2 0.517162 0.502719 2 0.528782 0.504916 1 0.520927 0.506408 2 0.525897 0.507239 2 0.520455 0.518705 2 0.524902 0.521040 2 0.521962 0.530389 2 0.524706 0.534982 2
0 0.468750 0.507275 0.014881 0.078042 0.463676 0.492905 1 0.463107 0.491356 1 0.463829 0.491369 1 0.460231 0.492742 2 0.464561 0.492919 2 0.458582 0.502495 2 0.465761 0.502820 2 0.458333 0.513431 2 0.468273 0.513896 2 0.459646 0.519383 1 0.469446 0.519456 2 0.460377 0.523550 2 0.464986 0.523792 2 0.461305 0.543847 2 0.464032 0.543866 2 0.462581 0.559007 2 0.463204 0.559607 2
0 0.446057 0.505952 0.017113 0.088624 0.443754 0.473928 1 0.443610 0.472377 1 0.443995 0.472290 1 0.441880 0.473459 2 0.446077 0.473177 2 0.440608 0.482944 2 0.448107 0.482934 2 0.440127 0.494610 2 0.449758 0.494769 2 0.442474 0.503676 2 0.448229 0.503791 2 0.441943 0.504832 2 0.447040 0.504828 2 0.442670 0.522572 2 0.446156 0.522985 2 0.442805 0.538981 2 0.444981 0.540943 2
0 0.812872 0.855159 0.042411 0.183862 0.821585 0.788700 2 0.821287 0.785572 1 0.819966 0.786031 2 0.819330 0.785977 1 0.814227 0.786745 2 0.820065 0.804975 2 0.803464 0.803417 2 0.822189 0.823457 2 0.799223 0.832193 2 0.821556 0.840787 2 0.803700 0.855657 2 0.818280 0.856670 2 0.806056 0.855469 2 0.819241 0.896309 2 0.800240 0.885103 2 0.818570 0.934465 2 0.796349 0.906912 2
0 0.782366 0.813492 0.033482 0.158730 0.790087 0.753801 2 0.790648 0.750985 2 0.788442 0.751152 2 0.789637 0.751602 1 0.783237 0.751792 2 0.791595 0.765455 2 0.777243 0.765434 2 0.797072 0.783787 2 0.771829 0.783799 2 0.795688 0.804224 2 0.769864 0.804145 2 0.786918 0.810149 2 0.778256 0.809651 2 0.780853 0.845156 2 0.777491 0.843460 2 0.780726 0.874662 2 0.782030 0.872374 2
0 0.752604 0.814815 0.031994 0.108466 0.750444 0.782509 2 0.752147 0.780128 2 0.749110 0.779517 2 0.753852 0.779810 2 0.746501 0.778061 2 0.754502 0.791281 2 0.743462 0.790248 2 0.760016 0.799436 2 0.739745 0.800770 2 0.767227 0.804743 2 0.739681 0.810668 2 0.750515 0.818911 2 0.744263 0.818723 2 0.748064 0.834894 2 0.745995 0.835802 2 0.744018 0.846428 2 0.745532 0.850310 2
0 0.617560 0.591931 0.022321 0.104497 0.616401 0.553974 1 0.616900 0.552019 1 0.617300 0.552036 1 0.617482 0.554672 2 0.621230 0.553530 2 0.618618 0.568396 2 0.622916 0.561789 2 0.619102 0.581814 2 0.628112 0.566822 2 0.618626 0.588453 2 0.626021 0.574821 2 0.619631 0.595225 2 0.621308 0.591228 2 0.618706 0.615099 2 0.612019 0.606169 2 0.620848 0.638488 2 0.615029 0.625035 2
