0 0.216890 0.762566 0.023065 0.091270 0.210411 0.734877 1 0.210398 0.732964 1 0.211232 0.732239 1 0.211474 0.734155 2 0.216811 0.731655 2 0.212663 0.748518 2 0.219292 0.740644 2 0.212340 0.761631 2 0.221735 0.744746 2 0.209724 0.769827 2 0.218701 0.750310 1 0.215958 0.768523 2 0.220605 0.764816 2 0.215802 0.784185 2 0.219833 0.779480 2 0.217093 0.799832 2 0.222748 0.791530 2
0 0.459821 0.502646 0.019345 0.108466 0.452973 0.464794 2 0.453689 0.462408 2 0.454051 0.462590 1 0.456454 0.462929 2 0.459589 0.462834 1 0.454914 0.474540 2 0.463769 0.474575 2 0.451566 0.487727 2 0.466573 0.490206 2 0.449845 0.494547 2 0.466267 0.502804 2 0.456924 0.502598 2 0.462427 0.502308 2 0.457620 0.525361 2 0.460029 0.524613 2 0.460542 0.547284 2 0.460350 0.545343 2
0 0.195685 0.930556 0.049107 0.078042 0.192280 0.911120 2 0.193708 0.907540 2 0.191391 0.908258 2 0.199055 0.906067 2 0.194437 0.907250 1 0.200577 0.916447 2 0.203521 0.915952 2 0.193517 0.929941 2 0.195070 0.922264 2 0.184954 0.927892 2 0.183371 0.923405 2 0.210027 0.950733 2 0.212369 0.949372 2 0.193040 0.933106 2 0.198309 0.933868 2 0.198730 0.957145 2 0.201838 0.961005 2
0 0.210193 0.887566 0.037946 0.082011 0.192057 0.912134 2 0.193453 0.907759 2 0.191007 0.908736 2 0.198759 0.906099 2 0.195066 0.907405 1 0.200693 0.920508 2 0.207483 0.920766 2 0.195675 0.939025 1 0.207781 0.940212 1 0.192969 0.934010 1 0.196761 0.937790 1 0.207091 0.939594 1 0.211679 0.937574 1 0.195363 0.936733 1 0.199894 0.930793 1 0.198451 0.942765 1 0.201210 0.940246 1
0 0.232515 0.849868 0.048363 0.083333 0.206232 0.864600 2 0.206576 0.861770 2 0.207938 0.861366 1 0.209105 0.863427 2 0.215968 0.861310 1 0.208833 0.884255 2 0.222113 0.878193 2 0.203659 0.906449 1 0.217743 0.896642 1 0.199827 0.903700 1 0.201943 0.891745 1 0.210913 0.907407 1 0.220005 0.907254 1 0.198661 0.903183 1 0.203886 0.894402 1 0.199781 0.907407 1 0.203405 0.898440 1
0 0.447545 0.488095 0.018601 0.095238 0.453397 0.464583 2 0.454071 0.462501 2 0.454127 0.462406 1 0.456183 0.463373 2 0.457942 0.462870 1 0.454714 0.474689 2 0.460020 0.473432 2 0.450807 0.487364 2 0.457437 0.484684 1 0.449132 0.491899 2 0.452157 0.491964 1 0.457026 0.501153 2 0.460565 0.500638 2 0.457772 0.523717 2 0.460214 0.524246 2 0.459172 0.546148 2 0.460455 0.545387 2
0 0.429688 0.457672 0.023065 0.103175 0.429433 0.420257 1 0.429345 0.418650 1 0.430028 0.418666 1 0.427493 0.420050 2 0.433047 0.419941 2 0.425238 0.430124 2 0.435051 0.430947 2 0.423273 0.444427 2 0.437537 0.445389 2 0.423073 0.455615 2 0.438819 0.456355 2 0.426903 0.457740 2 0.433265 0.458420 2 0.427931 0.478336 2 0.432692 0.481071 2 0.428898 0.496134 2 0.431013 0.500866 2
0 0.790923 0.866402 0.055060 0.137566 0.790557 0.823119 1 0.791028 0.820198 1 0.793052 0.821099 1 0.791545 0.824408 2 0.803026 0.825380 2 0.784511 0.840838 2 0.808266 0.846099 2 0.773794 0.842137 2 0.812085 0.857569 1 0.768880 0.835444 2 0.803124 0.844027 1 0.786152 0.892825 2 0.801532 0.893707 2 0.767795 0.878407 2 0.784782 0.880579 2 0.776589 0.920104 2 0.789376 0.916310 2
0 0.435268 0.436508 0.017857 0.089947 0.429114 0.419995 1 0.428992 0.418276 1 0.429733 0.418400 1 0.427368 0.419833 2 0.432787 0.420021 2 0.425278 0.430668 2 0.435216 0.431097 2 0.423974 0.444833 2 0.437757 0.444519 2 0.423618 0.456013 1 0.438553 0.455584 2 0.426783 0.457996 2 0.433331 0.458186 2 0.427957 0.480099 2 0.432590 0.481647 2 0.428729 0.495368 2 0.430854 0.498077 2
0 0.483631 0.487434 0.022321 0.112434 0.480108 0.446899 2 0.481291 0.444401 2 0.478781 0.444800 2 0.483298 0.443673 2 0.477404 0.444545 2 0.487096 0.454962 2 0.476051 0.455506 2 0.490397 0.471307 2 0.473767 0.471663 2 0.492368 0.486711 2 0.474296 0.486784 2 0.484965 0.487740 2 0.478426 0.487583 2 0.481622 0.510218 2 0.479201 0.509955 2 0.479665 0.528534 2 0.482405 0.529361 2
0 0.497768 0.462963 0.019345 0.095238 0.494808 0.427117 2 0.495909 0.425118 2 0.494051 0.425246 2 0.498105 0.425583 2 0.493543 0.425974 2 0.501718 0.434633 2 0.492516 0.435987 2 0.504019 0.445451 2 0.491093 0.447415 2 0.499847 0.451044 2 0.495618 0.453048 2 0.500312 0.459354 2 0.494490 0.459739 2 0.499767 0.477125 2 0.495298 0.478146 2 0.497614 0.491170 2 0.497616 0.495058 2
0 0.546875 0.488095 0.028274 0.105820 0.545342 0.449603 2 0.546560 0.447800 2 0.544773 0.447729 2 0.549434 0.448334 2 0.544535 0.448408 1 0.553367 0.458693 2 0.542158 0.458863 2 0.557081 0.471062 2 0.539282 0.469865 2 0.557081 0.484821 2 0.536378 0.480241 2 0.551368 0.486420 2 0.544050 0.486264 2 0.551344 0.503339 2 0.544189 0.502726 2 0.551034 0.517229 2 0.544892 0.516373 2
0 0.535714 0.425926 0.022321 0.089947 0.535934 0.392262 2 0.536784 0.390486 2 0.534866 0.390821 2 0.538178 0.391178 2 0.533459 0.392124 2 0.541334 0.400947 2 0.531587 0.403177 2 0.545102 0.411845 2 0.529634 0.417297 2 0.545494 0.423496 2 0.528177 0.429821 2 0.540127 0.430317 2 0.533787 0.431064 2 0.540563 0.450058 2 0.534180 0.450432 2 0.540770 0.467627 2 0.534831 0.468042 2
0 0.590030 0.391534 0.019345 0.060847 0.592393 0.375238 2 0.593324 0.373591 2 0.591386 0.373656 2 0.594780 0.373726 2 0.589913 0.373978 2 0.597359 0.381262 2 0.587718 0.381876 2 0.601007 0.393637 2 0.585407 0.394436 2 0.599057 0.398129 2 0.588488 0.396866 2 0.595832 0.405092 2 0.589434 0.405450 2 0.597921 0.419797 2 0.588876 0.420536 2 0.597830 0.431546 1 0.589953 0.432188 1
0 0.511533 0.354497 0.018601 0.079365 0.511765 0.328543 2 0.512669 0.327204 2 0.511046 0.326978 2 0.513780 0.328037 2 0.509803 0.327502 2 0.514950 0.336439 2 0.508010 0.336136 2 0.515882 0.346599 2 0.505998 0.344730 2 0.514255 0.353864 2 0.505485 0.352299 2 0.513296 0.356441 2 0.508794 0.356510 2 0.512994 0.369810 2 0.509396 0.371131 2 0.512677 0.383088 2 0.509687 0.385988 2
0 0.497396 0.337302 0.021577 0.089947 0.496646 0.306165 2 0.497516 0.304220 2 0.495737 0.304556 2 0.499161 0.303921 2 0.494725 0.304768 2 0.501915 0.313287 2 0.493075 0.314464 2 0.503512 0.324939 2 0.491481 0.326501 2 0.503996 0.337418 2 0.491654 0.336919 2 0.500979 0.337629 2 0.495045 0.338219 2 0.501549 0.355150 2 0.495099 0.355666 2 0.502078 0.373184 2 0.495426 0.373174 2
0 0.434524 0.271164 0.011905 0.055556 0.433858 0.256615 2 0.434268 0.255554 2 0.433296 0.255766 2 0.434931 0.255205 2 0.432500 0.255712 2 0.436128 0.259733 2 0.431658 0.260178 2 0.438073 0.265365 2 0.430242 0.265763 2 0.437431 0.270934 2 0.430819 0.272032 2 0.435625 0.273716 2 0.432831 0.273962 2 0.435846 0.283348 2 0.433423 0.283861 2 0.436140 0.292172 2 0.434079 0.292149 2
0 0.261533 0.796296 0.034970 0.166667 0.260800 0.733003 2 0.262311 0.729379 2 0.259051 0.730266 2 0.266051 0.725097 2 0.257174 0.727233 2 0.272350 0.734225 2 0.255731 0.735488 2 0.278960 0.751868 2 0.252355 0.752650 2 0.282156 0.767990 2 0.252014 0.773621 2 0.271647 0.773028 2 0.260387 0.773411 2 0.274872 0.795030 2 0.259593 0.794706 2 0.276622 0.813039 1 0.258979 0.812273 1
0 0.261533 0.816138 0.023065 0.089947 0.263027 0.780603 2 0.264475 0.777868 2 0.261726 0.778248 2 0.268056 0.775713 2 0.260740 0.776981 1 0.271917 0.785173 2 0.259721 0.787516 2 0.276145 0.796915 2 0.256803 0.801568 2 0.276381 0.811049 2 0.255206 0.815856 2 0.270844 0.817974 2 0.262963 0.818673 2 0.271048 0.839697 2 0.262548 0.840245 2 0.271753 0.859020 2 0.262454 0.858981 2
0 0.251116 0.640212 0.026042 0.108466 0.249997 0.603441 2 0.250677 0.601282 2 0.249814 0.601311 1 0.253308 0.600519 2 0.250900 0.600748 1 0.258374 0.610808 2 0.252440 0.610438 2 0.260561 0.625380 2 0.253157 0.620965 2 0.254296 0.631915 2 0.251665 0.630441 2 0.258330 0.637484 2 0.253779 0.636793 2 0.259849 0.657494 2 0.252569 0.657875 2 0.263290 0.670681 2 0.254138 0.674917 2
0 0.146949 0.867725 0.036458 0.121693 0.147859 0.821875 1 0.147618 0.819578 1 0.148434 0.819368 1 0.145576 0.821898 2 0.153176 0.820884 2 0.144252 0.836962 2 0.157490 0.834166 2 0.136720 0.844064 2 0.161964 0.840924 2 0.135340 0.833961 2 0.158576 0.833131 2 0.149578 0.869465 2 0.158005 0.868012 2 0.151958 0.890444 2 0.159001 0.885354 2 0.152242 0.911360 2 0.161784 0.906015 2
0 0.164062 0.763889 0.037946 0.093915 0.164217 0.734609 2 0.164610 0.732198 2 0.163398 0.732299 1 0.167325 0.730902 2 0.165594 0.731122 1 0.170778 0.742188 2 0.166762 0.738379 2 0.168534 0.755868 2 0.166995 0.746387 1 0.163305 0.755824 2 0.162192 0.748880 2 0.170512 0.765678 2 0.168953 0.763372 2 0.164080 0.781303 2 0.170058 0.778749 2 0.159120 0.802051 2 0.176009 0.792788 2
0 0.211682 0.649471 0.027530 0.105820 0.209166 0.613701 1 0.208924 0.611758 1 0.209674 0.611526 1 0.207558 0.611189 2 0.213466 0.610270 2 0.206704 0.621685 2 0.218096 0.618951 2 0.203096 0.636189 2 0.224513 0.631303 2 0.201762 0.638531 2 0.220391 0.638750 2 0.211542 0.653436 2 0.218163 0.651992 2 0.214080 0.678695 2 0.215051 0.675632 2 0.220140 0.701205 2 0.216859 0.698070 2
0 0.227679 0.619048 0.023810 0.119048 0.212200 0.611538 1 0.212085 0.609176 1 0.212338 0.609190 1 0.211310 0.609376 1 0.214447 0.609305 2 0.211310 0.620924 2 0.218388 0.620426 2 0.214849 0.635343 1 0.224473 0.632559 2 0.215208 0.640613 1 0.220681 0.638870 2 0.212917 0.653766 2 0.217448 0.653144 2 0.213449 0.678565 2 0.215311 0.677830 2 0.219271 0.698431 1 0.218379 0.698702 2
