0 0.090074 0.793651 0.022584 0.087768 0.085971 0.766096 2 0.086445 0.764425 2 0.085495 0.764751 1 0.088612 0.762670 2 0.086301 0.763320 1 0.092960 0.768091 2 0.085202 0.766624 2 0.093494 0.780402 2 0.083697 0.778966 2 0.088803 0.783521 2 0.086663 0.786559 2 0.093543 0.790266 2 0.088478 0.789417 2 0.092772 0.807087 2 0.091328 0.803250 2 0.095531 0.826024 2 0.096833 0.818539 2
0 0.065389 0.797386 0.024685 0.087768 0.063000 0.770883 2 0.063800 0.769370 2 0.062832 0.769209 1 0.066912 0.768342 2 0.063771 0.768228 1 0.072634 0.773714 2 0.063793 0.774502 2 0.077721 0.783615 2 0.059931 0.776763 2 0.078910 0.794709 2 0.056719 0.784103 2 0.073842 0.794321 2 0.067644 0.795356 2 0.076163 0.805016 2 0.066555 0.811958 2 0.079410 0.815139 2 0.066829 0.829935 2
0 0.314863 0.509337 0.017332 0.049486 0.313646 0.494555 2 0.314263 0.493169 2 0.312851 0.493600 2 0.315592 0.492969 2 0.311838 0.494055 2 0.318070 0.497473 2 0.311504 0.500525 2 0.321265 0.504125 2 0.310059 0.508366 2 0.320974 0.510153 2 0.311979 0.512642 2 0.319497 0.510924 2 0.315187 0.512867 2 0.321250 0.516630 2 0.316362 0.521127 2 0.321422 0.524667 2 0.316219 0.531636 2
0 0.576681 0.408964 0.012605 0.041083 0.574156 0.398409 1 0.573903 0.397566 1 0.574306 0.397627 1 0.572511 0.397622 2 0.574994 0.397991 2 0.571047 0.401664 2 0.575988 0.403124 2 0.569937 0.406790 2 0.579002 0.409229 2 0.570811 0.409214 2 0.580975 0.407694 2 0.571716 0.412998 2 0.574804 0.413664 2 0.572580 0.418715 2 0.574916 0.419512 2 0.572987 0.425995 1 0.574475 0.426836 1
0 0.357668 0.251634 0.012605 0.047619 0.352444 0.237887 1 0.352128 0.236912 1 0.352511 0.236980 1 0.350567 0.236862 1 0.352599 0.237272 2 0.349718 0.241362 2 0.352052 0.242239 2 0.350123 0.247569 1 0.352634 0.249280 2 0.352286 0.251659 1 0.354513 0.252571 2 0.349265 0.255911 2 0.350373 0.256228 2 0.349265 0.265894 1 0.349517 0.266499 2 0.349265 0.274219 1 0.349265 0.275084 2
0 0.582721 0.317927 0.016282 0.055089 0.581245 0.301639 2 0.581633 0.300824 2 0.581529 0.300725 1 0.582930 0.301659 2 0.583061 0.301386 1 0.583264 0.307306 2 0.583767 0.306159 2 0.582269 0.314807 2 0.581860 0.311953 2 0.579399 0.314379 2 0.579325 0.312007 2 0.582708 0.320256 2 0.583077 0.319420 2 0.581423 0.328574 2 0.582081 0.327929 2 0.583835 0.337415 2 0.584048 0.336668 2
0 0.151261 0.280112 0.014706 0.050420 0.146133 0.265290 1 0.146141 0.264383 1 0.146380 0.264200 1 0.145926 0.265169 2 0.148253 0.264580 2 0.145930 0.271474 2 0.150205 0.270135 2 0.145360 0.278963 2 0.152189 0.275964 2 0.145820 0.285004 2 0.153416 0.281184 2 0.148158 0.285281 2 0.150906 0.284604 2 0.149103 0.294634 2 0.151400 0.293340 2 0.150787 0.303350 2 0.152927 0.303171 2
0 0.200105 0.239029 0.011555 0.042951 0.201393 0.222801 2 0.201200 0.222203 1 0.200958 0.222225 2 0.200388 0.223136 1 0.199623 0.223305 2 0.200873 0.227206 2 0.199554 0.227915 2 0.203190 0.231418 2 0.201778 0.232553 2 0.202625 0.231848 2 0.203605 0.232062 2 0.202019 0.238370 2 0.201083 0.238862 2 0.202875 0.247066 2 0.202120 0.247756 2 0.203710 0.256327 2 0.202790 0.257373 2
0 0.247899 0.269841 0.013655 0.028011 0.245186 0.259467 1 0.245073 0.258955 1 0.245532 0.258900 1 0.244753 0.259450 2 0.246970 0.259327 2 0.244427 0.262600 2 0.247238 0.262793 2 0.243703 0.268438 2 0.247133 0.269452 2 0.243405 0.271999 2 0.248030 0.274064 2 0.244952 0.272661 2 0.246843 0.272989 2 0.248273 0.271474 2 0.249756 0.271955 2 0.248593 0.274934 1 0.249688 0.276057 1
0 0.228204 0.237162 0.014181 0.050420 0.224341 0.220470 1 0.223975 0.219748 1 0.224307 0.219509 1 0.222243 0.220675 1 0.224190 0.220259 2 0.222098 0.225852 2 0.224816 0.225449 2 0.224866 0.230315 1 0.226992 0.229871 2 0.227427 0.229408 1 0.227819 0.229206 1 0.223590 0.238722 2 0.225493 0.238724 2 0.225183 0.248419 2 0.226314 0.248152 2 0.226782 0.257482 2 0.227150 0.258225 2
0 0.257616 0.257236 0.011029 0.049486 0.253835 0.244582 1 0.253775 0.243772 1 0.253975 0.243700 1 0.252899 0.244491 2 0.255167 0.244294 2 0.252466 0.249196 2 0.256183 0.249563 2 0.251195 0.253610 2 0.256024 0.255648 2 0.252828 0.258674 2 0.254454 0.259291 1 0.253598 0.261266 2 0.256254 0.261300 2 0.253749 0.270179 2 0.256205 0.269518 2 0.253483 0.278214 2 0.256620 0.278839 2
0 0.261292 0.242297 0.015231 0.053221 0.256579 0.229301 1 0.256705 0.228496 1 0.256925 0.228499 1 0.256735 0.229236 2 0.258818 0.229125 2 0.255990 0.234523 2 0.259811 0.234257 2 0.254236 0.240078 2 0.260544 0.240301 2 0.253859 0.241691 2 0.260574 0.245559 1 0.257269 0.246174 2 0.259734 0.246074 2 0.257551 0.255519 2 0.259540 0.255507 2 0.258533 0.264056 2 0.259973 0.263577 2
0 0.347689 0.195612 0.012605 0.038282 0.347313 0.181817 2 0.347360 0.181038 1 0.346963 0.181013 2 0.347010 0.181339 1 0.345995 0.181448 2 0.346710 0.184712 2 0.345277 0.186973 2 0.348930 0.185994 2 0.346459 0.192795 2 0.351393 0.186701 2 0.348973 0.192137 2 0.347043 0.194972 2 0.346168 0.196565 2 0.350675 0.195588 2 0.350466 0.196758 2 0.350613 0.203921 2 0.350546 0.204801 2
0 0.405987 0.093371 0.013655 0.039216 0.402358 0.084830 2 0.402685 0.084156 2 0.402051 0.084155 2 0.403206 0.084446 2 0.401632 0.084464 2 0.403893 0.087809 2 0.401064 0.087894 2 0.404820 0.091477 2 0.400187 0.091244 2 0.403922 0.093908 2 0.400519 0.093797 2 0.403526 0.095443 2 0.401649 0.095564 2 0.403929 0.101931 2 0.401819 0.102410 2 0.404356 0.108281 2 0.402180 0.108864 2
0 0.194853 0.140990 0.009454 0.037348 0.194405 0.127137 2 0.194672 0.126297 1 0.194108 0.126411 1 0.195158 0.126587 2 0.194441 0.126726 1 0.195292 0.130820 2 0.196116 0.130704 2 0.195245 0.136037 2 0.196577 0.135719 1 0.194738 0.140528 2 0.195242 0.140242 1 0.196004 0.141112 2 0.196732 0.140947 2 0.195925 0.148734 2 0.197603 0.148049 2 0.196218 0.155819 2 0.198268 0.155306 2
0 0.202206 0.140990 0.009454 0.033613 0.203146 0.127610 2 0.203387 0.126951 2 0.202768 0.127035 2 0.203681 0.127123 1 0.202092 0.127309 2 0.204416 0.130376 2 0.201433 0.130669 2 0.204699 0.133174 2 0.200947 0.134260 2 0.202766 0.132123 2 0.202254 0.135194 2 0.204621 0.139834 2 0.202500 0.140013 2 0.205047 0.147208 2 0.202743 0.147534 2 0.205781 0.154097 2 0.203086 0.154510 2
0 0.210872 0.139589 0.008929 0.038282 0.209626 0.129038 2 0.209982 0.128225 2 0.209279 0.128328 2 0.210695 0.128087 2 0.209040 0.128323 1 0.212177 0.131658 2 0.208466 0.131814 2 0.214060 0.136340 2 0.207682 0.136164 2 0.213243 0.141563 2 0.207806 0.140704 2 0.211919 0.142357 2 0.209542 0.142416 2 0.212131 0.149667 2 0.209623 0.149596 2 0.212061 0.157092 2 0.210549 0.156464 2
0 0.573792 0.708217 0.019433 0.049486 0.571698 0.691099 2 0.572509 0.689685 2 0.571192 0.689593 2 0.574586 0.689886 2 0.571137 0.689424 1 0.577483 0.696851 2 0.570081 0.692968 2 0.580433 0.703547 2 0.566196 0.693901 2 0.578178 0.699826 2 0.566008 0.698934 2 0.574924 0.715598 2 0.570129 0.713289 2 0.575022 0.708633 2 0.567067 0.705685 2 0.574358 0.725190 2 0.568005 0.721874 2
0 0.268908 0.094771 0.010504 0.038282 0.266105 0.083575 1 0.266288 0.082889 2 0.265990 0.082960 1 0.266969 0.082846 2 0.266512 0.082993 1 0.267878 0.085962 2 0.266987 0.085915 2 0.267588 0.090352 2 0.266200 0.090232 2 0.266069 0.089467 2 0.266445 0.089586 2 0.268703 0.095339 2 0.268141 0.095343 2 0.268962 0.101866 2 0.269004 0.101658 2 0.269460 0.107907 2 0.269615 0.107679 2
0 0.251313 0.085434 0.020483 0.036415 0.247723 0.075899 2 0.248010 0.075225 2 0.247454 0.075341 2 0.248676 0.075377 2 0.247281 0.075728 1 0.249966 0.078949 2 0.246926 0.079325 2 0.251387 0.082972 2 0.246447 0.083491 2 0.251539 0.087225 2 0.246214 0.087310 2 0.250041 0.088071 2 0.248008 0.088215 2 0.250186 0.094721 2 0.248200 0.094401 2 0.251453 0.099782 2 0.249733 0.098709 2
0 0.600578 0.115313 0.013130 0.045752 0.598999 0.102041 2 0.598977 0.101506 1 0.598918 0.101530 1 0.598595 0.101272 2 0.599234 0.101376 2 0.598540 0.103740 2 0.599773 0.103816 2 0.599687 0.106559 2 0.600885 0.106537 2 0.600122 0.105380 2 0.600195 0.105183 2 0.598089 0.110807 2 0.598997 0.110752 2 0.598109 0.115683 2 0.598935 0.115703 2 0.598291 0.119395 2 0.598810 0.119401 2
0 0.504202 0.053221 0.008403 0.016807 0.504933 0.052964 1 0.505161 0.052506 1 0.504684 0.052491 1 0.505451 0.052379 2 0.504278 0.052337 2 0.506116 0.054326 2 0.503773 0.054184 2 0.507444 0.057697 2 0.502706 0.056790 2 0.507108 0.060762 2 0.502805 0.058525 2 0.505731 0.060366 2 0.504299 0.060214 2 0.504375 0.060077 2 0.502761 0.060235 2 0.504583 0.064163 1 0.503416 0.064163 1
