0 0.578869 0.894180 0.072917 0.206349 0.574076 0.829645 2 0.577248 0.823368 2 0.570570 0.824109 2 0.582131 0.820667 2 0.565240 0.821986 2 0.589429 0.852295 2 0.558037 0.851562 2 0.598541 0.895431 2 0.552115 0.891748 2 0.605311 0.935866 2 0.551105 0.932819 2 0.582454 0.946966 2 0.561911 0.946682 2 0.580257 0.997461 1 0.562393 0.998255 1 0.578176 0.997226 1 0.561727 0.995507 1
0 0.657366 0.858466 0.051339 0.248677 0.661068 0.764825 2 0.663455 0.759091 2 0.657919 0.759571 2 0.665936 0.760445 2 0.652541 0.761613 2 0.670668 0.787511 2 0.647192 0.793374 2 0.675466 0.818523 2 0.644007 0.831750 2 0.676195 0.815849 2 0.662917 0.829217 2 0.664285 0.865184 2 0.649208 0.868231 2 0.659451 0.910480 2 0.648568 0.917939 2 0.654065 0.941014 2 0.652067 0.956641 2
0 0.759673 0.909392 0.037202 0.093915 0.756435 0.875891 2 0.759389 0.875133 2 0.756709 0.872038 1 0.762141 0.882137 2 0.755962 0.874902 1 0.761325 0.901085 2 0.745391 0.896610 2 0.765531 0.918401 2 0.741716 0.923922 2 0.761825 0.919654 2 0.741724 0.952303 2 0.754097 0.944820 2 0.743000 0.943031 2 0.754461 0.971616 2 0.742452 0.969398 2 0.757253 0.972367 1 0.743408 0.972189 1
0 0.724702 0.880952 0.050595 0.187831 0.732431 0.803860 2 0.734674 0.799781 2 0.729843 0.798804 2 0.736419 0.802375 1 0.724258 0.799742 2 0.739388 0.827253 2 0.714311 0.824585 2 0.748050 0.858359 2 0.705541 0.858782 2 0.750577 0.876959 2 0.713677 0.886740 2 0.733246 0.893059 2 0.717128 0.892603 2 0.734624 0.939160 2 0.714867 0.939969 2 0.731195 0.982119 2 0.717123 0.983304 2
0 0.738095 0.814153 0.058036 0.199735 0.733051 0.803562 2 0.734971 0.799604 2 0.730404 0.798810 2 0.736308 0.801189 1 0.724013 0.799204 2 0.738782 0.827020 2 0.714510 0.823913 2 0.745506 0.860633 2 0.705605 0.858866 2 0.744830 0.880244 2 0.713829 0.887105 2 0.733716 0.894879 2 0.717246 0.893854 2 0.734233 0.935410 2 0.714158 0.935030 2 0.735972 0.953704 1 0.713934 0.953514 1
0 0.914807 0.646825 0.061756 0.153439 0.925950 0.591507 1 0.926393 0.589848 1 0.928815 0.590807 1 0.927055 0.597239 2 0.938981 0.597970 2 0.920563 0.614752 2 0.945068 0.616299 2 0.905966 0.619251 2 0.940490 0.626061 1 0.909112 0.599468 2 0.931420 0.604241 1 0.917355 0.666076 2 0.933075 0.664154 2 0.894307 0.659020 2 0.911019 0.653940 2 0.904950 0.701387 2 0.917521 0.694970 2
0 0.905878 0.638889 0.034970 0.119048 0.926147 0.593478 1 0.927461 0.591168 2 0.927096 0.591188 1 0.927852 0.596448 2 0.929835 0.595875 1 0.921688 0.613923 2 0.930060 0.613192 1 0.904957 0.619438 2 0.913700 0.624242 1 0.909444 0.596626 2 0.911447 0.602959 1 0.918990 0.662314 2 0.925043 0.659237 2 0.892367 0.662591 2 0.901520 0.653999 2 0.903508 0.701672 2 0.909107 0.696232 2
0 0.487351 0.510582 0.035714 0.113757 0.486417 0.476061 2 0.488171 0.472772 2 0.484886 0.473401 2 0.491953 0.473258 2 0.485196 0.473973 1 0.491997 0.489120 2 0.493027 0.484953 2 0.487696 0.512488 2 0.489960 0.504200 1 0.478288 0.523782 2 0.481549 0.510954 1 0.494192 0.527258 2 0.495106 0.522503 2 0.474803 0.522776 2 0.479258 0.510444 2 0.481209 0.554600 2 0.483024 0.536956 2
0 0.643229 0.378968 0.023065 0.128307 0.644152 0.330852 2 0.645376 0.329013 2 0.642939 0.328844 2 0.647179 0.330769 2 0.640885 0.330288 2 0.648441 0.345011 2 0.637202 0.343952 2 0.649754 0.360434 2 0.634373 0.362463 2 0.650271 0.375442 2 0.635464 0.378220 2 0.646518 0.377937 2 0.638618 0.377071 2 0.645611 0.402660 2 0.635883 0.398878 2 0.646845 0.426707 2 0.634103 0.419023 2
0 0.426711 0.363757 0.023065 0.087302 0.426200 0.333474 2 0.426897 0.331833 2 0.425409 0.332033 2 0.427905 0.331003 1 0.424212 0.331541 2 0.429941 0.337318 2 0.422485 0.337923 2 0.432449 0.346672 2 0.420278 0.348052 2 0.431357 0.348371 2 0.418633 0.356949 2 0.428786 0.360304 2 0.423929 0.360495 2 0.429482 0.376390 2 0.425099 0.376892 2 0.430599 0.392371 2 0.426660 0.392874 2
0 0.408854 0.316138 0.017113 0.050265 0.410203 0.304205 2 0.410793 0.302960 2 0.409600 0.303066 2 0.411861 0.302539 2 0.408815 0.302852 2 0.413169 0.307904 2 0.408560 0.307926 2 0.414958 0.313768 2 0.407159 0.313335 2 0.413371 0.318304 2 0.406508 0.315818 2 0.412347 0.319625 2 0.409043 0.319277 2 0.413266 0.323891 2 0.406617 0.322901 2 0.414778 0.328398 2 0.406600 0.327005 2
0 0.499256 0.304894 0.013393 0.091270 0.503193 0.273330 2 0.502905 0.271775 1 0.502601 0.271834 2 0.501234 0.272884 1 0.500694 0.273122 2 0.501526 0.282556 2 0.498545 0.282564 2 0.501762 0.295105 1 0.497709 0.294118 2 0.502316 0.307094 1 0.499645 0.305272 2 0.501459 0.306623 2 0.499596 0.306890 2 0.500750 0.324413 2 0.499263 0.325154 2 0.498991 0.341550 2 0.498810 0.342597 2
0 0.523065 0.294974 0.017857 0.095238 0.523369 0.259493 2 0.524148 0.257940 2 0.522427 0.257816 2 0.524688 0.259237 1 0.520728 0.258905 2 0.524879 0.269009 2 0.518926 0.269130 2 0.524953 0.280571 2 0.516589 0.280598 2 0.525374 0.290045 2 0.516013 0.286872 2 0.524356 0.293209 2 0.520347 0.293633 2 0.525802 0.312452 2 0.521142 0.313384 2 0.526741 0.330953 2 0.521550 0.332618 2
0 0.555804 0.298942 0.017857 0.089947 0.557790 0.264586 2 0.558648 0.263102 2 0.557000 0.263016 2 0.560099 0.264860 2 0.556032 0.264787 2 0.562303 0.274668 2 0.554446 0.274996 2 0.565205 0.284779 2 0.552417 0.285329 2 0.563779 0.293626 2 0.551960 0.293308 2 0.559653 0.297297 2 0.554277 0.297185 2 0.559220 0.315541 2 0.552696 0.315642 2 0.559236 0.333150 2 0.552142 0.333371 2
0 0.545759 0.305556 0.012649 0.060847 0.546285 0.287325 2 0.546970 0.286018 2 0.545569 0.286043 2 0.547919 0.286856 2 0.544537 0.286987 2 0.548559 0.294587 2 0.544140 0.294927 2 0.549598 0.301903 2 0.543697 0.302205 2 0.546656 0.302926 2 0.544939 0.303345 2 0.548054 0.310269 2 0.545186 0.310358 2 0.547814 0.323000 2 0.545631 0.323310 2 0.548324 0.337104 2 0.546172 0.337146 2
0 0.559524 0.290344 0.019345 0.072751 0.557843 0.264531 2 0.558779 0.262898 2 0.557125 0.262780 2 0.560277 0.264383 2 0.556306 0.264362 2 0.562810 0.273707 2 0.554255 0.275678 2 0.569042 0.273912 2 0.552079 0.285844 2 0.566094 0.268495 2 0.551475 0.294937 2 0.559442 0.298127 2 0.553885 0.297896 2 0.558811 0.317507 2 0.552232 0.315898 2 0.558547 0.335577 2 0.551681 0.333082 2
