0 0.646534 0.184407 0.014706 0.064426 0.645860 0.166325 2 0.646444 0.165125 2 0.645369 0.165051 2 0.647252 0.165202 2 0.644743 0.164944 2 0.648325 0.171056 2 0.643340 0.170102 2 0.649938 0.178423 2 0.639514 0.174032 2 0.649122 0.184236 2 0.640711 0.172738 2 0.647080 0.184819 2 0.643836 0.184535 2 0.647303 0.192062 2 0.642406 0.191585 2 0.647387 0.201018 2 0.642570 0.200353 2
0 0.741334 0.316993 0.013130 0.058824 0.750525 0.306440 1 0.750525 0.305345 1 0.750408 0.305167 2 0.750358 0.304739 1 0.749640 0.304249 2 0.750314 0.310168 2 0.746803 0.309459 2 0.750101 0.318667 1 0.745086 0.318270 2 0.750519 0.319995 1 0.748655 0.320603 2 0.748489 0.328648 2 0.745882 0.328360 2 0.749485 0.343606 2 0.747199 0.342880 2 0.746233 0.354570 2 0.743927 0.353992 2
0 0.751576 0.321662 0.016807 0.049486 0.752844 0.306962 2 0.753425 0.305880 2 0.752547 0.305491 2 0.753323 0.304436 1 0.750776 0.303397 2 0.751343 0.309052 2 0.747068 0.308908 2 0.750851 0.317661 2 0.744963 0.316934 2 0.753087 0.319497 2 0.748465 0.319943 2 0.749552 0.327182 2 0.746260 0.328259 2 0.752540 0.338885 2 0.747106 0.343106 2 0.752660 0.347639 2 0.744219 0.352996 2
0 0.262868 0.747432 0.020483 0.073763 0.263781 0.720752 1 0.262939 0.719456 1 0.263485 0.719430 2 0.259140 0.720696 1 0.261840 0.721175 2 0.257172 0.728185 2 0.261862 0.730522 2 0.259331 0.735633 1 0.264370 0.742342 2 0.263547 0.740318 1 0.268124 0.749641 2 0.258468 0.747091 2 0.261997 0.748482 2 0.260722 0.760408 2 0.265543 0.762375 2 0.260574 0.773850 2 0.266163 0.777963 2
0 0.265494 0.712418 0.024685 0.095238 0.267121 0.680792 2 0.266297 0.678982 1 0.266734 0.679061 2 0.262729 0.679756 1 0.264691 0.680396 2 0.262290 0.689888 2 0.262277 0.691637 2 0.261772 0.702743 1 0.260619 0.706745 2 0.262657 0.712305 1 0.261628 0.717468 2 0.265056 0.720580 2 0.265230 0.722068 2 0.267588 0.740320 2 0.267612 0.741488 2 0.268148 0.759620 2 0.269045 0.761310 2
0 0.814601 0.774043 0.027311 0.106443 0.821127 0.737951 1 0.821329 0.735659 1 0.821781 0.736282 1 0.819916 0.736758 2 0.825620 0.738189 2 0.815744 0.748136 2 0.827754 0.751764 2 0.811095 0.758445 2 0.826428 0.759600 2 0.816053 0.750638 1 0.821487 0.747592 1 0.813274 0.777005 2 0.821639 0.778756 2 0.808627 0.785709 2 0.817226 0.793747 2 0.806409 0.805528 2 0.813730 0.815985 2
0 0.928046 0.865546 0.033613 0.097106 0.935752 0.836049 2 0.937719 0.834516 2 0.934713 0.832973 2 0.939970 0.836984 2 0.932756 0.832715 2 0.939723 0.848920 2 0.929812 0.838047 2 0.935973 0.862705 2 0.925581 0.844797 2 0.930397 0.859223 2 0.924589 0.849606 2 0.931472 0.865316 2 0.924851 0.858731 2 0.928527 0.883691 2 0.921557 0.870100 2 0.924599 0.904043 2 0.923332 0.889909 2
0 0.950368 0.938842 0.035189 0.103641 0.958064 0.903388 2 0.959575 0.902712 2 0.959094 0.900630 1 0.963018 0.906766 2 0.961564 0.901241 1 0.965754 0.923910 2 0.956624 0.908486 2 0.962929 0.943900 2 0.950990 0.913628 2 0.958271 0.955802 2 0.946508 0.920671 2 0.954649 0.947616 2 0.948161 0.938183 2 0.952289 0.968590 2 0.945896 0.952168 2 0.952424 0.980767 2 0.946434 0.964757 2
0 0.955357 0.903361 0.033613 0.105509 0.957964 0.903058 2 0.959692 0.902661 2 0.958941 0.900608 1 0.962905 0.907532 2 0.960920 0.902061 1 0.965228 0.923861 2 0.956148 0.909216 2 0.962776 0.943137 2 0.950447 0.912345 2 0.957653 0.955824 2 0.946295 0.919937 2 0.954817 0.948542 2 0.948347 0.939903 2 0.952549 0.968311 2 0.945990 0.954866 2 0.953121 0.974410 1 0.946982 0.963510 1
0 0.470851 0.343604 0.017332 0.069094 0.470735 0.320937 2 0.471421 0.319404 2 0.469966 0.319427 2 0.472407 0.319100 2 0.468663 0.319114 2 0.474403 0.325676 2 0.466916 0.326031 2 0.476209 0.334792 2 0.465266 0.335434 2 0.476186 0.342101 2 0.466099 0.342677 2 0.473671 0.343516 2 0.468394 0.343810 2 0.476036 0.353826 2 0.467349 0.354236 2 0.475933 0.367174 2 0.467378 0.368596 2
0 0.599790 0.062558 0.012605 0.033613 0.601171 0.054361 1 0.601149 0.053562 1 0.601342 0.053638 1 0.600386 0.053959 2 0.602510 0.053978 2 0.598744 0.058993 2 0.603551 0.058952 2 0.597491 0.064148 2 0.604353 0.065734 2 0.597746 0.069035 2 0.604578 0.071536 2 0.599177 0.070818 2 0.602597 0.070635 2 0.598810 0.071825 2 0.603082 0.069993 2 0.598092 0.079764 2 0.601487 0.076314 2
0 0.735032 0.394024 0.024685 0.072829 0.730821 0.367503 1 0.730929 0.366086 1 0.731217 0.366242 1 0.731194 0.366691 2 0.734106 0.366667 1 0.731340 0.374300 2 0.735682 0.373924 2 0.731039 0.383406 2 0.736657 0.383615 1 0.728229 0.389055 2 0.735075 0.389475 1 0.732101 0.395501 2 0.735120 0.395004 2 0.730964 0.410970 2 0.734216 0.409861 2 0.731777 0.426127 2 0.734854 0.423819 2
0 0.776261 0.338469 0.014706 0.071895 0.782048 0.321141 1 0.782406 0.319799 1 0.782461 0.319833 1 0.783342 0.320839 2 0.785035 0.320663 1 0.782082 0.328534 2 0.786240 0.328106 1 0.780029 0.337288 2 0.785623 0.337105 1 0.780445 0.339262 2 0.784544 0.341096 1 0.782705 0.347048 2 0.785594 0.346850 2 0.782556 0.361485 2 0.785212 0.361968 2 0.782437 0.375630 2 0.784234 0.374996 2
0 0.800420 0.347806 0.016807 0.077498 0.802704 0.325101 2 0.803577 0.323533 2 0.802028 0.323494 2 0.804587 0.322718 2 0.800498 0.322480 2 0.805449 0.329690 2 0.797400 0.329587 2 0.805699 0.339848 2 0.795029 0.339816 2 0.805234 0.348863 2 0.794863 0.350203 2 0.803006 0.351967 2 0.797444 0.351923 2 0.802515 0.366068 2 0.795097 0.366335 2 0.801948 0.379169 1 0.793764 0.378986 1
0 0.773372 0.300654 0.015231 0.063492 0.778310 0.275420 1 0.778522 0.273761 1 0.778347 0.273745 1 0.777355 0.274540 1 0.778221 0.274595 2 0.775550 0.283839 2 0.774438 0.283838 2 0.769999 0.296815 2 0.769501 0.296366 2 0.769870 0.307071 2 0.769439 0.306360 2 0.776655 0.311447 2 0.775561 0.312231 2 0.778118 0.332525 2 0.775053 0.333921 2 0.777215 0.343750 1 0.774861 0.343069 1
0 0.669380 0.117647 0.013130 0.050420 0.671690 0.102476 2 0.671929 0.101628 1 0.671227 0.101617 2 0.671932 0.101916 1 0.670103 0.101764 2 0.671935 0.107217 2 0.668673 0.106591 2 0.672775 0.113425 2 0.666688 0.112693 2 0.672667 0.118353 2 0.666560 0.118100 2 0.670352 0.119602 2 0.668282 0.119240 2 0.669725 0.128567 2 0.668383 0.127891 2 0.667851 0.135677 2 0.665842 0.134427 2
0 0.675158 0.114379 0.009979 0.055089 0.676043 0.096472 1 0.676192 0.095488 1 0.675563 0.095395 1 0.675817 0.096011 1 0.674500 0.095903 2 0.675951 0.100997 2 0.673479 0.101194 2 0.676640 0.107860 2 0.672959 0.108035 2 0.676542 0.113120 1 0.673768 0.112665 2 0.675202 0.113706 2 0.673562 0.113965 2 0.675515 0.122865 2 0.673149 0.123959 2 0.673517 0.131656 2 0.672099 0.133174 2
0 0.619223 0.057890 0.012605 0.042951 0.620697 0.043281 1 0.620526 0.042550 1 0.620829 0.042485 1 0.619492 0.043038 2 0.621649 0.042855 2 0.618881 0.047754 2 0.622436 0.047014 2 0.618141 0.053652 2 0.623549 0.051291 2 0.618038 0.057569 2 0.623394 0.054189 1 0.619684 0.058397 2 0.622066 0.058114 2 0.620169 0.066618 2 0.622267 0.066360 2 0.620058 0.073573 2 0.622066 0.073580 2
0 0.626576 0.062092 0.012605 0.040149 0.631503 0.049847 2 0.631888 0.049093 2 0.631085 0.049095 2 0.632393 0.049537 2 0.630460 0.049546 2 0.632924 0.054117 2 0.629440 0.054036 2 0.633663 0.059464 2 0.627391 0.059833 2 0.633969 0.063693 2 0.625964 0.066333 2 0.631499 0.066033 2 0.629316 0.065861 2 0.631070 0.075072 2 0.629073 0.075055 2 0.630618 0.084252 2 0.628855 0.084228 2
