0 0.563244 0.363757 0.028274 0.121693 0.559097 0.320415 2 0.560641 0.318413 2 0.558845 0.317918 2 0.563876 0.319135 2 0.559429 0.317807 1 0.563703 0.330764 2 0.559135 0.327595 2 0.555182 0.341234 2 0.553517 0.337512 2 0.549852 0.330113 2 0.549450 0.330206 2 0.562024 0.363758 2 0.558301 0.361504 2 0.556898 0.388083 2 0.553024 0.382850 2 0.561245 0.411815 2 0.555910 0.406118 2
0 0.739211 0.744048 0.058780 0.242063 0.751927 0.647397 2 0.755159 0.642385 2 0.749644 0.641143 2 0.759217 0.646260 2 0.746749 0.642623 2 0.763489 0.676928 2 0.738916 0.663643 2 0.765577 0.713405 2 0.731163 0.686475 2 0.764472 0.741130 2 0.723315 0.713247 2 0.752221 0.737222 2 0.736364 0.729086 2 0.747284 0.789056 2 0.727638 0.770452 2 0.739348 0.820894 2 0.740576 0.792505 2
0 0.657366 0.185847 0.017113 0.070106 0.660651 0.161975 1 0.660812 0.160613 1 0.660949 0.160789 1 0.660244 0.161684 2 0.663623 0.161763 2 0.658869 0.169519 2 0.665123 0.169930 2 0.656884 0.179361 2 0.666558 0.180088 2 0.655002 0.188817 2 0.664998 0.187025 2 0.658946 0.188269 2 0.663688 0.188334 2 0.656278 0.202718 2 0.664117 0.203647 2 0.654319 0.218082 2 0.664621 0.218397 2
0 0.527902 0.371693 0.030506 0.132275 0.530941 0.333638 1 0.529601 0.331234 1 0.530603 0.331440 1 0.524150 0.332451 1 0.529865 0.333829 2 0.521690 0.345271 2 0.530459 0.348510 2 0.522381 0.356496 2 0.536168 0.362388 2 0.527697 0.359908 1 0.544206 0.363277 2 0.521582 0.379719 2 0.527283 0.381317 2 0.524893 0.397387 2 0.529044 0.400252 2 0.518902 0.416813 2 0.522600 0.421617 2
0 0.486979 0.470238 0.045387 0.175926 0.487082 0.420897 1 0.486894 0.419082 1 0.487314 0.419266 1 0.483185 0.424042 2 0.491461 0.422956 2 0.480328 0.444568 2 0.495918 0.433222 2 0.478549 0.464469 2 0.502338 0.414801 2 0.481292 0.466435 2 0.505494 0.392639 2 0.485070 0.483289 2 0.496361 0.480183 2 0.480146 0.511527 2 0.497793 0.512758 2 0.478097 0.543248 2 0.499681 0.542324 2
0 0.400298 0.394841 0.026786 0.136243 0.414470 0.347245 1 0.413264 0.344433 1 0.414006 0.344514 1 0.405677 0.345053 1 0.411559 0.345996 2 0.398882 0.360144 2 0.411876 0.361858 2 0.394281 0.376577 2 0.414369 0.381263 2 0.398565 0.386007 2 0.417874 0.397803 2 0.400212 0.400544 2 0.409507 0.401688 2 0.401296 0.429118 2 0.413466 0.430262 2 0.399777 0.455787 2 0.413730 0.458354 2
0 0.331845 0.451058 0.031250 0.156085 0.326383 0.393542 2 0.324863 0.391228 1 0.325679 0.391361 2 0.317547 0.394794 1 0.323723 0.395520 2 0.314756 0.412342 2 0.326199 0.412708 2 0.313930 0.434588 2 0.328020 0.435780 2 0.315706 0.447660 2 0.330389 0.455592 2 0.318548 0.452003 2 0.327100 0.452524 2 0.320761 0.482629 2 0.332459 0.480841 2 0.319868 0.512848 2 0.332584 0.514561 2
0 0.311384 0.384921 0.033482 0.126984 0.312608 0.337147 2 0.312266 0.335040 2 0.311102 0.335559 2 0.310951 0.337421 1 0.307046 0.338791 2 0.314144 0.351319 2 0.302797 0.353911 2 0.317031 0.367451 2 0.300314 0.373189 2 0.319104 0.382318 2 0.304224 0.390698 2 0.313881 0.383603 2 0.306178 0.385490 2 0.315714 0.407968 2 0.306477 0.410407 2 0.316117 0.433365 2 0.306731 0.436096 2
0 0.474330 0.396825 0.026042 0.140212 0.481150 0.346667 1 0.480086 0.343750 1 0.480787 0.344244 1 0.473678 0.344556 1 0.479322 0.346392 2 0.469639 0.359350 2 0.478266 0.363658 2 0.466797 0.378351 2 0.477857 0.385559 2 0.468859 0.394249 1 0.481461 0.403866 2 0.468713 0.396394 2 0.475385 0.399118 2 0.469513 0.418803 2 0.480579 0.422058 2 0.466371 0.439345 2 0.479952 0.444063 2
0 0.215402 0.453042 0.048363 0.165344 0.223309 0.394449 2 0.222259 0.391509 1 0.222223 0.392079 2 0.217474 0.394670 1 0.218043 0.395643 2 0.217093 0.410302 2 0.215452 0.412658 2 0.215500 0.432464 2 0.212908 0.436899 2 0.221595 0.443687 2 0.218604 0.455606 2 0.214728 0.454583 2 0.214393 0.456254 2 0.215622 0.482553 2 0.221194 0.486661 2 0.201759 0.505787 2 0.218436 0.519311 2
0 0.134673 0.371032 0.034226 0.125661 0.133749 0.321438 2 0.134298 0.318832 2 0.132141 0.319314 2 0.134554 0.319758 1 0.128288 0.320912 2 0.138094 0.333005 2 0.125147 0.336731 2 0.144020 0.345779 2 0.124148 0.354493 2 0.140570 0.353463 2 0.125826 0.371206 2 0.139905 0.367281 2 0.130996 0.369551 2 0.143031 0.392908 2 0.132355 0.396449 2 0.148168 0.417877 2 0.134361 0.422635 2
0 0.399926 0.306217 0.023065 0.109788 0.414139 0.346265 2 0.412719 0.344000 1 0.413659 0.344143 2 0.405602 0.345138 2 0.411113 0.346307 2 0.399538 0.358831 2 0.412348 0.361867 2 0.395132 0.375147 2 0.415057 0.380318 1 0.400095 0.378157 1 0.413102 0.376924 1 0.399710 0.382130 1 0.408270 0.382130 1 0.403179 0.370545 1 0.412053 0.372674 1 0.401600 0.381319 1 0.408691 0.382130 1
0 0.539062 0.206349 0.020089 0.084656 0.536585 0.171648 1 0.536840 0.170049 1 0.536923 0.170097 1 0.537640 0.171088 2 0.540715 0.170950 2 0.537399 0.180708 2 0.543217 0.180236 2 0.536388 0.192552 2 0.543501 0.192740 2 0.534506 0.204405 2 0.540326 0.201357 1 0.537561 0.203650 2 0.542096 0.203136 2 0.536871 0.221747 2 0.543831 0.220880 2 0.537396 0.240326 2 0.546721 0.237551 2
0 0.962426 0.282407 0.034970 0.117725 0.972928 0.243115 1 0.972254 0.240421 1 0.972176 0.240872 1 0.966132 0.240382 2 0.969965 0.241929 2 0.959999 0.251953 2 0.971637 0.255088 2 0.954976 0.269263 2 0.972880 0.271360 2 0.955750 0.278184 2 0.969950 0.273824 2 0.957009 0.286894 2 0.965258 0.288742 2 0.952973 0.309214 2 0.964102 0.313200 2 0.949217 0.327941 2 0.960795 0.334122 2
0 0.788318 0.275132 0.023065 0.092593 0.791308 0.242730 2 0.791343 0.240749 2 0.790394 0.240558 2 0.790147 0.241335 1 0.787040 0.240754 2 0.788877 0.251856 2 0.783233 0.250145 2 0.789019 0.266560 2 0.780356 0.263804 2 0.791700 0.273263 2 0.787011 0.273330 2 0.786815 0.273456 2 0.782925 0.274070 2 0.796087 0.280846 2 0.791437 0.282205 2 0.791807 0.301073 2 0.788681 0.303074 2
0 0.809152 0.269180 0.024554 0.085979 0.809345 0.241913 2 0.809346 0.239942 2 0.808467 0.239978 2 0.808264 0.240263 1 0.805526 0.240612 2 0.807649 0.247417 2 0.801552 0.250907 2 0.810513 0.260578 2 0.806582 0.265000 2 0.814189 0.268325 2 0.812438 0.272793 2 0.807763 0.269916 2 0.803257 0.273832 2 0.817174 0.272809 2 0.811425 0.283946 2 0.812751 0.291748 2 0.811985 0.304195 2
0 0.945685 0.926587 0.066964 0.141534 0.962267 0.905328 2 0.965304 0.903914 2 0.964256 0.900906 1 0.972960 0.913770 2 0.970031 0.904776 1 0.974935 0.943799 2 0.966772 0.923902 2 0.947358 0.975930 2 0.950771 0.941653 2 0.933663 0.960959 2 0.935051 0.950281 2 0.965015 0.998198 2 0.958406 0.985112 2 0.940275 0.961091 1 0.936856 0.941946 1 0.937715 0.982775 1 0.937413 0.975774 1
0 0.538318 0.320767 0.029018 0.096561 0.530899 0.332115 1 0.529418 0.330351 1 0.530697 0.330515 1 0.524167 0.332079 1 0.529433 0.333253 2 0.521811 0.344789 2 0.530086 0.347235 2 0.520809 0.357863 2 0.536418 0.361273 2 0.524614 0.362635 1 0.543309 0.361291 2 0.522913 0.375597 2 0.527948 0.376925 2 0.524677 0.379133 1 0.529809 0.381861 1 0.523669 0.382178 1 0.528072 0.386228 1
0 0.518973 0.292989 0.024554 0.072751 0.531148 0.333630 2 0.530167 0.331654 1 0.530827 0.332045 2 0.526497 0.331959 1 0.528494 0.333483 2 0.527161 0.338393 2 0.522798 0.340836 2 0.529970 0.342249 1 0.521283 0.343440 1 0.531897 0.342479 1 0.525328 0.341855 1 0.526402 0.343440 1 0.523606 0.343440 1 0.531910 0.338821 1 0.525994 0.343431 1 0.526743 0.343440 1 0.528417 0.343440 1
0 0.479539 0.153439 0.017113 0.060847 0.480808 0.135487 2 0.481358 0.134279 2 0.480196 0.134370 2 0.482257 0.134505 2 0.479418 0.134731 2 0.484243 0.140959 2 0.478658 0.141881 2 0.486521 0.148334 2 0.477404 0.150480 2 0.485453 0.155701 2 0.477440 0.157696 2 0.483694 0.157964 2 0.480046 0.158203 2 0.483380 0.170511 2 0.480036 0.170833 2 0.483284 0.181283 2 0.479265 0.182631 2
0 0.096726 0.318122 0.017857 0.064815 0.094973 0.292094 2 0.095132 0.290584 1 0.094305 0.291120 2 0.095536 0.291046 1 0.093346 0.292413 2 0.096683 0.297504 2 0.092783 0.299622 2 0.099125 0.302928 2 0.092901 0.308030 2 0.098270 0.304801 2 0.096017 0.307015 2 0.095901 0.312762 2 0.092747 0.313359 2 0.097125 0.324618 2 0.090229 0.324676 2 0.097999 0.339371 2 0.088217 0.337486 2
0 0.613095 0.144180 0.017857 0.071429 0.615886 0.123095 2 0.616258 0.121828 2 0.615319 0.121648 2 0.615636 0.122533 1 0.613639 0.121905 2 0.614756 0.128094 2 0.612880 0.128626 2 0.614915 0.137024 2 0.614448 0.135848 2 0.616831 0.144573 2 0.617213 0.135986 2 0.613322 0.144811 2 0.612341 0.145452 2 0.613337 0.156879 2 0.614908 0.159593 2 0.608171 0.165848 2 0.613401 0.172928 2
0 0.206473 0.211640 0.017113 0.037037 0.205586 0.202196 1 0.205409 0.201436 1 0.205765 0.201476 1 0.204058 0.201848 2 0.206541 0.201808 2 0.203204 0.206557 2 0.207253 0.205705 2 0.203075 0.212275 2 0.208962 0.209432 2 0.204083 0.215807 1 0.208879 0.211771 2 0.204444 0.217412 2 0.207268 0.217228 2 0.205057 0.223904 2 0.208455 0.224046 2 0.204619 0.230318 1 0.208301 0.230361 1
0 0.178943 0.138889 0.014137 0.055556 0.177141 0.123644 1 0.177194 0.122567 1 0.177436 0.122533 1 0.176843 0.123524 2 0.179425 0.123187 2 0.176193 0.130364 2 0.180940 0.129411 2 0.174664 0.136046 2 0.183293 0.135427 2 0.174778 0.130542 1 0.182572 0.136364 2 0.178251 0.145036 2 0.181190 0.144692 2 0.179491 0.157009 2 0.181495 0.156390 2 0.180142 0.168093 2 0.181782 0.167094 2
0 0.793527 0.181878 0.017113 0.062169 0.795071 0.165692 1 0.794885 0.164564 1 0.795378 0.164646 1 0.793220 0.165432 2 0.796910 0.165744 2 0.792366 0.171719 2 0.797259 0.172468 2 0.788918 0.175464 2 0.799499 0.178214 2 0.789163 0.174286 2 0.798324 0.180329 1 0.792933 0.186911 2 0.795948 0.187066 2 0.792656 0.197035 2 0.794736 0.196923 2 0.792251 0.207832 2 0.795919 0.207821 2
0 0.420759 0.117725 0.014137 0.060847 0.423352 0.096683 1 0.423054 0.095738 1 0.423203 0.095738 1 0.420706 0.096531 1 0.422631 0.096546 2 0.419151 0.101866 2 0.422527 0.101828 2 0.418249 0.107101 2 0.424688 0.107139 2 0.420056 0.107693 2 0.427942 0.108715 2 0.419492 0.115411 2 0.422022 0.115528 2 0.419452 0.124973 2 0.424360 0.124611 2 0.417194 0.136856 2 0.424575 0.137330 2
0 0.397321 0.097222 0.013393 0.051587 0.401316 0.079208 2 0.401694 0.078298 2 0.400762 0.078349 2 0.402239 0.079022 1 0.399856 0.079123 2 0.403167 0.084810 2 0.398969 0.084808 2 0.404226 0.090352 2 0.398059 0.090259 2 0.403466 0.094840 2 0.398584 0.094856 2 0.402625 0.096241 2 0.399665 0.096206 2 0.402832 0.104268 2 0.399209 0.104458 2 0.403407 0.112539 2 0.398600 0.112710 2
0 0.838542 0.175926 0.014881 0.050265 0.843259 0.163953 1 0.843097 0.162914 1 0.843544 0.163029 1 0.841492 0.163411 2 0.844434 0.163881 2 0.839855 0.168839 2 0.844612 0.170041 2 0.837153 0.171677 2 0.846094 0.174181 2 0.837803 0.173399 2 0.847913 0.174432 2 0.840284 0.182779 2 0.843059 0.183267 2 0.840628 0.191668 2 0.841632 0.191863 2 0.841383 0.199584 2 0.841329 0.199671 2
0 0.725074 0.146825 0.014137 0.037037 0.731412 0.146292 2 0.731541 0.145469 1 0.731253 0.145535 2 0.731246 0.144533 1 0.730561 0.144877 2 0.729478 0.145412 2 0.728903 0.145952 2 0.729586 0.150733 1 0.728786 0.152046 2 0.731459 0.152779 2 0.731454 0.155749 2 0.723954 0.146804 2 0.723527 0.147131 2 0.726604 0.151449 2 0.726390 0.152613 2 0.724617 0.157584 2 0.724408 0.158217 2
0 0.489583 0.234788 0.014881 0.054233 0.491922 0.219908 2 0.492419 0.218563 2 0.491189 0.218374 2 0.492517 0.218754 1 0.489206 0.218078 2 0.491998 0.224998 2 0.487677 0.224856 2 0.492014 0.232413 2 0.486663 0.235973 2 0.493908 0.236835 2 0.487566 0.242477 2 0.490618 0.239406 2 0.487756 0.239537 2 0.494506 0.243420 2 0.492557 0.241630 2 0.489694 0.256461 2 0.488914 0.255484 2
0 0.980655 0.320767 0.031250 0.123016 0.996539 0.281364 1 0.995503 0.278291 1 0.996250 0.279106 1 0.988745 0.276080 2 0.994693 0.279133 2 0.981590 0.285562 2 0.993075 0.291933 2 0.975263 0.301925 2 0.993472 0.312362 2 0.974178 0.316848 1 0.994700 0.323917 2 0.977429 0.319841 2 0.985421 0.323088 2 0.975036 0.340966 2 0.984145 0.347776 2 0.970016 0.363088 2 0.978752 0.368732 2
0 0.745908 0.132275 0.017113 0.052910 0.748059 0.115237 2 0.748475 0.114332 2 0.747518 0.114252 2 0.748853 0.114913 1 0.746145 0.114584 2 0.749243 0.121236 2 0.744069 0.121148 2 0.750210 0.128138 2 0.742469 0.128845 2 0.750423 0.131324 2 0.744897 0.131030 2 0.748175 0.134964 2 0.744557 0.135109 2 0.748004 0.144910 2 0.743993 0.145086 2 0.748616 0.154877 2 0.742327 0.154967 2
0 0.955729 0.173280 0.020089 0.063492 0.954008 0.153959 1 0.954038 0.152652 1 0.954293 0.152685 1 0.953194 0.153084 2 0.956614 0.152846 2 0.951248 0.160531 2 0.959238 0.159562 2 0.949315 0.170408 2 0.961722 0.167748 2 0.948564 0.178498 2 0.960462 0.173722 2 0.952344 0.180043 2 0.957731 0.179503 2 0.951581 0.194195 2 0.956631 0.193697 2 0.951076 0.207780 2 0.954955 0.206510 2
0 0.905878 0.187169 0.020089 0.041005 0.906633 0.178450 2 0.907529 0.176954 2 0.906103 0.176576 2 0.908592 0.177040 2 0.905147 0.176110 2 0.909067 0.182125 2 0.902580 0.180721 2 0.906675 0.190526 2 0.899472 0.187862 2 0.901071 0.194995 2 0.898471 0.194142 2 0.907401 0.194714 2 0.903046 0.193883 2 0.906796 0.191408 2 0.899385 0.190989 2 0.900122 0.197296 2 0.900264 0.196977 2
0 0.941220 0.192460 0.019345 0.033069 0.941453 0.183696 2 0.942307 0.182200 2 0.940806 0.182118 2 0.943382 0.182742 2 0.939929 0.182478 2 0.944699 0.188741 2 0.939140 0.186755 2 0.944382 0.198847 2 0.935553 0.192966 2 0.939729 0.202524 2 0.934203 0.199152 2 0.942828 0.200990 2 0.939261 0.199416 2 0.939713 0.201760 2 0.933071 0.200180 2 0.937937 0.208313 2 0.938196 0.207479 2
