0 0.026042 0.533730 0.041667 0.141534 0.023986 0.486479 2 0.025653 0.482911 2 0.021880 0.483915 2 0.028825 0.483062 2 0.019626 0.485928 2 0.033431 0.494829 2 0.018158 0.500215 2 0.042269 0.498931 2 0.010470 0.507955 2 0.038387 0.512739 2 0.015364 0.515576 2 0.036406 0.532847 2 0.027381 0.536287 2 0.041106 0.555170 2 0.031618 0.560366 2 0.043428 0.580428 2 0.039101 0.583772 2
0 0.702381 0.226190 0.020833 0.082011 0.705370 0.198003 1 0.704743 0.196369 1 0.705200 0.196542 1 0.701502 0.196426 1 0.704284 0.197156 2 0.700327 0.204003 2 0.703010 0.205526 2 0.700811 0.214904 1 0.702633 0.218520 2 0.706062 0.218360 1 0.708218 0.220550 2 0.700022 0.227182 2 0.702209 0.227950 2 0.700081 0.244169 2 0.703324 0.244058 2 0.697977 0.259535 2 0.702462 0.260638 2
0 0.703497 0.240079 0.015625 0.043651 0.702166 0.213556 1 0.702165 0.212353 1 0.702019 0.212448 1 0.701268 0.212065 1 0.702327 0.212265 1 0.700177 0.216345 2 0.702598 0.216607 2 0.698222 0.223175 1 0.704988 0.223888 2 0.698345 0.229183 1 0.705968 0.230386 2 0.699878 0.232074 2 0.701515 0.232250 2 0.700033 0.245903 2 0.702713 0.245937 2 0.697726 0.260608 2 0.702410 0.260210 2
0 0.926711 0.287037 0.026042 0.105820 0.931651 0.248232 2 0.931946 0.246256 1 0.930953 0.245594 2 0.930720 0.246491 1 0.927311 0.244515 2 0.927160 0.260409 2 0.922188 0.255686 2 0.925478 0.277815 2 0.915327 0.266937 2 0.926063 0.292961 2 0.917690 0.277523 2 0.922768 0.289883 2 0.919386 0.288170 2 0.920551 0.310514 2 0.915960 0.308681 2 0.917561 0.326878 2 0.908482 0.323109 2
0 0.670759 0.146825 0.012649 0.050265 0.677971 0.115626 1 0.677482 0.113586 1 0.678233 0.113442 1 0.674376 0.114764 1 0.678740 0.114578 1 0.672433 0.128235 2 0.678534 0.127250 1 0.670579 0.144502 2 0.676081 0.141636 1 0.669692 0.156026 2 0.671887 0.154572 1 0.674521 0.157267 2 0.678887 0.156997 2 0.674712 0.177910 1 0.678491 0.177970 1 0.674537 0.180886 1 0.677651 0.180886 1
0 0.269345 0.143519 0.016369 0.054233 0.271602 0.119570 2 0.272198 0.118458 2 0.271094 0.118443 2 0.273145 0.118631 2 0.270432 0.118533 2 0.274007 0.124231 2 0.269200 0.123878 2 0.276616 0.130241 2 0.267130 0.129196 2 0.278856 0.135711 2 0.267238 0.133497 2 0.272911 0.137689 2 0.269798 0.137755 2 0.273837 0.148033 2 0.269750 0.148547 2 0.274356 0.160051 2 0.269564 0.160105 2
0 0.281622 0.146825 0.012649 0.039683 0.280230 0.132163 2 0.280604 0.131095 2 0.279974 0.131332 1 0.281776 0.131472 2 0.280337 0.131917 1 0.283396 0.136932 2 0.280828 0.137511 2 0.284809 0.143160 2 0.280667 0.143922 2 0.285029 0.148807 2 0.281189 0.149153 2 0.283887 0.148253 2 0.282190 0.148427 2 0.283974 0.156176 2 0.282253 0.156115 2 0.284263 0.163805 2 0.282350 0.164066 2
0 0.595238 0.436508 0.041667 0.148148 0.596178 0.387072 2 0.597717 0.384187 2 0.594702 0.384405 2 0.600018 0.381869 2 0.591393 0.382317 2 0.602203 0.393597 2 0.587436 0.394888 2 0.606206 0.410209 2 0.584654 0.416342 2 0.609371 0.429494 2 0.583381 0.436491 2 0.600939 0.428967 2 0.589612 0.429360 2 0.605295 0.461773 2 0.584818 0.459478 2 0.611647 0.492082 2 0.579387 0.487132 2
0 0.893973 0.268519 0.024554 0.055556 0.902337 0.256708 2 0.903576 0.254958 2 0.901462 0.253798 2 0.904481 0.254922 2 0.899361 0.252216 2 0.904006 0.260394 2 0.895606 0.258242 2 0.904922 0.273444 2 0.893282 0.275534 2 0.905424 0.281846 2 0.898414 0.284102 2 0.898118 0.276819 2 0.891978 0.275937 2 0.908542 0.280199 2 0.892584 0.276666 2 0.901431 0.288224 2 0.891343 0.286797 2
0 0.638021 0.183862 0.015625 0.071429 0.636859 0.156660 1 0.636954 0.155487 1 0.637331 0.155650 1 0.636591 0.156234 2 0.640039 0.156394 2 0.634990 0.162815 2 0.641617 0.162681 2 0.633023 0.173126 2 0.642871 0.171243 2 0.632622 0.184434 2 0.640695 0.177984 2 0.634896 0.182093 2 0.639166 0.181832 2 0.635497 0.198961 2 0.637577 0.199711 2 0.634862 0.215231 2 0.634941 0.215574 2
0 0.736607 0.473545 0.034226 0.169312 0.732653 0.412977 2 0.734003 0.409099 2 0.733375 0.410512 1 0.739862 0.408849 2 0.739673 0.411075 1 0.736746 0.429575 2 0.747791 0.427189 2 0.732012 0.451136 2 0.751591 0.453620 2 0.725448 0.451078 2 0.752335 0.471639 2 0.737827 0.474271 2 0.743995 0.470880 2 0.734136 0.509620 2 0.735802 0.498037 2 0.740385 0.550206 2 0.728810 0.525620 2
0 0.524182 0.535714 0.039435 0.142857 0.534935 0.489619 2 0.536372 0.485646 2 0.533231 0.486178 2 0.537257 0.482237 1 0.528181 0.484050 2 0.532688 0.490879 2 0.521120 0.498860 2 0.531451 0.504425 2 0.513928 0.520563 2 0.535676 0.520628 2 0.518127 0.541652 2 0.520013 0.518349 2 0.511603 0.523683 2 0.531790 0.540459 2 0.519796 0.556426 2 0.529484 0.566691 2 0.511902 0.588934 2
0 0.443080 0.457011 0.034970 0.152116 0.457549 0.399013 2 0.457063 0.395631 2 0.456111 0.396585 2 0.451713 0.395748 1 0.450907 0.397785 2 0.444745 0.410313 2 0.450662 0.414266 2 0.447253 0.433118 2 0.447979 0.448271 2 0.457103 0.430427 2 0.450955 0.466416 2 0.443014 0.456673 2 0.448828 0.458633 2 0.442427 0.489733 2 0.456538 0.490537 2 0.438328 0.523934 2 0.454739 0.525898 2
0 0.302083 0.659392 0.049107 0.223545 0.302932 0.571054 1 0.300577 0.568147 1 0.302163 0.567154 1 0.290210 0.572519 2 0.299352 0.571015 2 0.284793 0.597533 2 0.307194 0.594517 2 0.279969 0.627842 2 0.315225 0.620004 2 0.276945 0.645423 2 0.319844 0.643652 2 0.293193 0.655210 2 0.307306 0.654068 2 0.293107 0.693542 2 0.301631 0.691736 2 0.303799 0.723279 2 0.304929 0.730278 2
0 0.409598 0.538360 0.030506 0.171958 0.418005 0.475561 2 0.417889 0.471847 2 0.416710 0.471865 2 0.415463 0.470895 1 0.410897 0.471083 2 0.413695 0.485681 2 0.406163 0.489370 2 0.415339 0.505346 2 0.407110 0.517255 2 0.418901 0.523784 2 0.412732 0.536842 2 0.412283 0.528035 2 0.406812 0.530203 2 0.412835 0.564153 2 0.405511 0.567331 2 0.412124 0.596619 2 0.404426 0.601567 2
0 0.632812 0.542989 0.066220 0.136243 0.621583 0.536053 1 0.621581 0.533411 1 0.622517 0.534207 1 0.618202 0.535937 2 0.629526 0.537359 2 0.612937 0.549634 2 0.631670 0.557357 2 0.615298 0.564115 2 0.639723 0.582301 2 0.628437 0.570340 1 0.647443 0.583469 2 0.603965 0.599825 2 0.620209 0.603570 2 0.594589 0.617463 2 0.634648 0.625648 2 0.587054 0.626121 1 0.637485 0.635987 1
0 0.624256 0.593915 0.080357 0.182540 0.626729 0.537957 1 0.626735 0.533894 1 0.626660 0.535595 1 0.618963 0.533628 2 0.629278 0.537585 2 0.611792 0.547351 2 0.631647 0.558476 2 0.614979 0.564609 2 0.640899 0.583631 2 0.625349 0.574944 2 0.651341 0.589080 2 0.599679 0.597550 2 0.616698 0.602141 2 0.590385 0.616224 2 0.631451 0.626714 2 0.573558 0.649329 2 0.628619 0.669134 2
0 0.813616 0.613757 0.046875 0.206349 0.805925 0.538735 2 0.808327 0.536205 2 0.806007 0.534715 2 0.814739 0.538200 2 0.807864 0.534752 1 0.825605 0.558972 2 0.807084 0.557057 2 0.833019 0.589300 2 0.808221 0.580037 1 0.833526 0.619859 2 0.808396 0.606698 1 0.821333 0.616601 2 0.807104 0.615473 2 0.823894 0.653086 2 0.802873 0.657286 2 0.831022 0.675463 2 0.798796 0.697100 2
0 0.476562 0.468915 0.039435 0.165344 0.482645 0.405459 2 0.484193 0.401747 2 0.481091 0.402244 2 0.484836 0.399655 1 0.477527 0.400135 2 0.488549 0.411826 2 0.473634 0.414200 2 0.489701 0.431224 2 0.463873 0.429730 2 0.490304 0.453407 2 0.454600 0.444486 2 0.485356 0.458542 2 0.477022 0.459447 2 0.481590 0.489639 2 0.479678 0.492352 2 0.472102 0.512742 2 0.481908 0.525299 2
0 0.331845 0.344577 0.029762 0.125661 0.325920 0.291297 2 0.327282 0.288407 2 0.324489 0.289246 2 0.329821 0.289430 2 0.324185 0.291141 1 0.333203 0.304127 2 0.324144 0.304426 2 0.337260 0.320750 2 0.324337 0.319370 2 0.328070 0.321499 2 0.322182 0.321386 2 0.334506 0.335802 2 0.330217 0.335555 2 0.328084 0.361273 2 0.335861 0.360153 2 0.323940 0.390115 2 0.342007 0.381917 2
0 0.560268 0.305556 0.020833 0.116402 0.561909 0.224868 1 0.561361 0.224868 1 0.562328 0.224868 1 0.559143 0.224868 1 0.563521 0.224868 1 0.556346 0.224868 1 0.565181 0.224868 1 0.556046 0.226786 1 0.568084 0.227643 2 0.560964 0.233205 2 0.570222 0.238371 2 0.557108 0.236323 2 0.562908 0.236280 2 0.557620 0.257668 2 0.563775 0.257852 2 0.557185 0.277639 2 0.562605 0.277990 2
0 0.618304 0.304894 0.020833 0.107143 0.619334 0.266335 2 0.620326 0.264933 2 0.619067 0.264206 2 0.622980 0.266993 2 0.620470 0.265480 1 0.624665 0.277717 2 0.615713 0.274493 2 0.622141 0.290719 2 0.614939 0.289731 2 0.619177 0.280929 2 0.613661 0.301297 2 0.620940 0.303036 2 0.615816 0.301314 2 0.615415 0.324410 2 0.617068 0.323668 2 0.609496 0.352460 2 0.623207 0.345627 2
0 0.591518 0.290344 0.020833 0.120370 0.591082 0.238391 2 0.591962 0.235747 2 0.591122 0.235977 1 0.595243 0.236564 2 0.593756 0.236888 1 0.597504 0.249774 2 0.595822 0.248837 2 0.596595 0.269279 2 0.592695 0.263245 1 0.592072 0.284837 2 0.588149 0.270793 2 0.596202 0.280461 2 0.595377 0.279582 2 0.595255 0.306648 2 0.594822 0.305736 2 0.595413 0.331304 2 0.595409 0.330672 2
0 0.799107 0.279101 0.020833 0.089947 0.801344 0.244001 2 0.802189 0.242204 2 0.800481 0.241542 2 0.802184 0.242817 1 0.797882 0.240947 2 0.800356 0.252867 2 0.793994 0.251050 2 0.801080 0.267910 2 0.792780 0.266288 2 0.804219 0.274866 2 0.798321 0.275178 2 0.798879 0.275931 2 0.794481 0.276769 2 0.808970 0.284114 2 0.804709 0.285502 2 0.804923 0.307327 2 0.801997 0.309466 2
0 0.821429 0.274471 0.025298 0.083333 0.819809 0.243748 2 0.820535 0.241612 2 0.818732 0.241292 2 0.820441 0.241727 1 0.815907 0.241025 2 0.818920 0.249739 2 0.813541 0.251842 2 0.822015 0.263280 2 0.818502 0.266970 2 0.826467 0.269464 2 0.825039 0.274357 2 0.819293 0.272718 2 0.815597 0.275681 2 0.828861 0.276560 2 0.825203 0.284859 2 0.824775 0.295032 2 0.826215 0.305953 2
0 0.257068 0.147487 0.009673 0.033069 0.255294 0.138107 1 0.255444 0.137303 1 0.254843 0.137261 1 0.255432 0.137763 1 0.253851 0.137719 2 0.255773 0.142314 2 0.253428 0.142279 2 0.256582 0.147642 2 0.253002 0.147307 2 0.256678 0.153016 2 0.253300 0.151517 2 0.255608 0.151234 2 0.254160 0.151280 2 0.255416 0.157872 2 0.254305 0.157939 2 0.255029 0.165051 2 0.254300 0.165291 2
0 0.542411 0.341931 0.023810 0.075397 0.545938 0.326612 2 0.547255 0.324958 2 0.544974 0.324369 2 0.548922 0.321887 2 0.543557 0.320674 2 0.550776 0.318812 2 0.539376 0.318995 2 0.555035 0.331349 2 0.535908 0.333562 2 0.549289 0.334721 2 0.543764 0.335997 2 0.549367 0.335211 2 0.541701 0.335888 2 0.554282 0.339600 2 0.535692 0.341500 2 0.550825 0.363320 2 0.540573 0.364616 2
0 0.508929 0.332011 0.026786 0.060847 0.520607 0.321960 1 0.520587 0.320250 1 0.520542 0.320716 2 0.518837 0.316970 1 0.518887 0.319040 2 0.515452 0.313520 2 0.513630 0.319800 2 0.514901 0.315252 1 0.511897 0.330403 2 0.519506 0.313351 1 0.513945 0.329428 2 0.505557 0.316862 2 0.504069 0.320047 2 0.510462 0.332704 2 0.508795 0.336714 2 0.510137 0.352401 2 0.508049 0.354404 2
0 0.462426 0.169974 0.018601 0.070106 0.462817 0.134158 2 0.463520 0.132895 2 0.462450 0.132910 2 0.464847 0.133368 2 0.462396 0.133513 1 0.466806 0.140055 2 0.461682 0.140580 2 0.469443 0.146609 2 0.459824 0.146593 2 0.467064 0.149659 2 0.457820 0.146534 2 0.466403 0.159051 2 0.463095 0.159070 2 0.466101 0.174786 2 0.462610 0.174733 2 0.467236 0.188663 2 0.463678 0.188223 2
0 0.132440 0.351852 0.017857 0.068783 0.130704 0.332778 2 0.131904 0.331031 2 0.130023 0.330943 2 0.134720 0.331536 2 0.129739 0.331258 1 0.137001 0.340463 2 0.129709 0.340361 2 0.139907 0.350516 2 0.130642 0.350561 2 0.141485 0.360457 2 0.131267 0.358702 2 0.137887 0.358469 2 0.132893 0.358577 2 0.139853 0.366420 2 0.133840 0.365908 2 0.140622 0.378538 2 0.134082 0.378341 2
0 0.047247 0.353836 0.036458 0.062169 0.050698 0.338145 2 0.051823 0.335534 2 0.049020 0.336461 2 0.053810 0.333230 2 0.046292 0.335656 2 0.055790 0.339779 2 0.043201 0.343761 2 0.061031 0.352069 2 0.038664 0.359091 2 0.062353 0.366910 2 0.037417 0.375139 2 0.054273 0.355899 2 0.045797 0.357938 2 0.056407 0.355665 2 0.041492 0.359747 2 0.058169 0.369387 2 0.040184 0.369786 2
0 0.604911 0.148810 0.016369 0.072751 0.604685 0.119866 2 0.605186 0.118462 2 0.603889 0.118505 2 0.605549 0.119075 1 0.602279 0.119054 2 0.606263 0.126392 2 0.600749 0.127096 2 0.606886 0.135381 2 0.599718 0.136562 2 0.607817 0.143798 2 0.601617 0.145439 2 0.606565 0.145190 2 0.602684 0.145945 2 0.607377 0.158296 2 0.601674 0.160161 2 0.606854 0.171184 2 0.600688 0.174278 2
0 0.099330 0.125661 0.011161 0.026455 0.097866 0.117927 2 0.098382 0.116821 2 0.097324 0.117149 2 0.099368 0.116861 2 0.096858 0.117654 2 0.100595 0.120519 2 0.097145 0.121528 2 0.103074 0.125331 2 0.096727 0.126146 2 0.101173 0.126169 2 0.097384 0.126200 1 0.100535 0.129497 2 0.098385 0.129738 1 0.099801 0.125089 1 0.096653 0.125547 1 0.100148 0.126181 1 0.098436 0.126228 1
0 0.133929 0.150794 0.016369 0.058201 0.133486 0.129732 1 0.133400 0.128639 1 0.133679 0.128480 1 0.132079 0.129782 2 0.134978 0.129221 2 0.131013 0.137392 2 0.136615 0.136201 2 0.130398 0.145761 2 0.138872 0.144328 2 0.131211 0.152512 2 0.139728 0.151155 2 0.133658 0.152732 2 0.137526 0.152322 2 0.135127 0.164519 2 0.139218 0.162149 2 0.136965 0.174491 2 0.141191 0.171885 2
0 0.790551 0.183201 0.014137 0.054233 0.791391 0.164716 1 0.791682 0.163659 1 0.792125 0.163853 1 0.792290 0.164542 2 0.794687 0.164641 1 0.791415 0.171773 2 0.795607 0.171618 2 0.788704 0.179281 2 0.794409 0.178835 2 0.785868 0.179729 2 0.789428 0.179428 1 0.791762 0.186840 2 0.793977 0.186489 2 0.791315 0.198274 2 0.790511 0.197726 2 0.795999 0.209707 2 0.790258 0.208339 2
0 0.385789 0.115741 0.014137 0.051587 0.384715 0.096233 1 0.384739 0.095134 1 0.384943 0.094980 1 0.385072 0.095308 2 0.387553 0.094744 2 0.384633 0.101439 2 0.389963 0.100712 2 0.384131 0.108392 2 0.391419 0.107496 2 0.385088 0.114168 1 0.391106 0.114344 2 0.385774 0.116254 2 0.389542 0.115892 2 0.385697 0.125158 2 0.389665 0.125312 2 0.385722 0.134676 2 0.389471 0.135251 2
0 0.353423 0.094577 0.010417 0.051587 0.356261 0.077420 2 0.356708 0.076387 2 0.355743 0.076440 2 0.357433 0.077118 2 0.355013 0.077163 2 0.358464 0.082812 2 0.354323 0.082959 2 0.359373 0.088976 1 0.353361 0.089680 2 0.358970 0.093651 1 0.353712 0.094944 2 0.358342 0.093900 2 0.355427 0.093914 2 0.358626 0.102061 2 0.354964 0.101938 2 0.357610 0.111033 2 0.353265 0.111209 2
0 0.183408 0.132275 0.015625 0.052910 0.183621 0.110504 1 0.183327 0.109308 1 0.183497 0.109227 1 0.181378 0.109413 1 0.182738 0.109430 2 0.180071 0.115799 2 0.182096 0.115716 2 0.180390 0.123860 2 0.182929 0.123353 2 0.181513 0.129051 1 0.183657 0.128685 2 0.181395 0.129462 2 0.182953 0.129828 2 0.182768 0.140213 2 0.184925 0.140666 2 0.183592 0.151058 2 0.186521 0.150754 2
0 0.583333 0.255952 0.019345 0.091270 0.586314 0.218856 2 0.586571 0.217130 2 0.585095 0.217317 2 0.586053 0.218785 1 0.582669 0.219023 2 0.584521 0.229625 2 0.582498 0.229664 2 0.585934 0.241060 2 0.585911 0.240417 2 0.588916 0.241447 2 0.591182 0.237811 2 0.584858 0.255242 2 0.583107 0.255589 2 0.584351 0.272131 2 0.582539 0.273285 2 0.581308 0.286818 2 0.577479 0.286121 2
0 0.961310 0.322090 0.032738 0.130952 0.966683 0.270465 2 0.968404 0.268744 2 0.966764 0.267952 2 0.972307 0.271593 2 0.967522 0.269262 1 0.974561 0.286587 2 0.963534 0.280653 2 0.974329 0.306233 2 0.956236 0.287965 2 0.971028 0.319688 2 0.958358 0.282806 2 0.967044 0.318612 2 0.959473 0.315484 2 0.965723 0.344470 2 0.957159 0.340159 2 0.963390 0.365796 2 0.954721 0.362928 2
0 0.768229 0.367725 0.030506 0.134921 0.778348 0.318797 2 0.777479 0.316477 1 0.777342 0.316833 2 0.773204 0.317697 1 0.773789 0.319001 2 0.767984 0.330798 2 0.771892 0.333162 2 0.767182 0.350524 1 0.768845 0.356969 2 0.770332 0.369224 1 0.770831 0.377035 2 0.766286 0.369226 2 0.769393 0.370682 2 0.768597 0.394109 2 0.772239 0.396126 2 0.761240 0.419473 2 0.763204 0.419407 2
0 0.746280 0.234127 0.028274 0.066138 0.748024 0.197660 2 0.747859 0.195594 1 0.747662 0.195637 2 0.744866 0.194382 1 0.745563 0.194588 2 0.740030 0.201444 2 0.744477 0.202877 2 0.736656 0.208347 2 0.748838 0.210984 2 0.738119 0.212181 2 0.754757 0.209237 2 0.737639 0.224825 2 0.740258 0.225855 2 0.740750 0.239146 2 0.744161 0.240215 2 0.733988 0.255490 2 0.738748 0.256431 2
0 0.547619 0.097884 0.011905 0.037037 0.544473 0.097832 1 0.544347 0.097262 1 0.544491 0.096939 1 0.544785 0.095655 2 0.545899 0.094878 1 0.545705 0.096939 2 0.548167 0.095741 2 0.545593 0.103834 2 0.549619 0.102148 2 0.544626 0.109926 2 0.549815 0.108409 1 0.547642 0.105626 2 0.549408 0.104827 2 0.546057 0.105877 2 0.548113 0.105098 2 0.546555 0.111713 2 0.548261 0.111983 2
0 0.976190 0.285053 0.023810 0.115079 0.967226 0.269131 2 0.969036 0.267126 2 0.966944 0.266353 2 0.972424 0.270174 2 0.967058 0.268039 1 0.974174 0.286358 2 0.963523 0.281706 2 0.974726 0.306127 2 0.960803 0.296423 1 0.971570 0.320486 2 0.960098 0.305937 1 0.967770 0.317896 2 0.960787 0.315178 2 0.965860 0.344405 2 0.960822 0.338859 2 0.963899 0.364276 2 0.961275 0.357022 1
