0 0.588542 0.787698 0.008929 0.039683 0.593840 0.777643 1 0.593490 0.776837 1 0.593833 0.776757 1 0.591690 0.777380 2 0.593783 0.777397 2 0.590579 0.782594 2 0.594048 0.782443 2 0.590222 0.788791 2 0.594438 0.788525 1 0.590911 0.793090 2 0.594494 0.792514 1 0.591423 0.794396 2 0.593845 0.794418 2 0.591906 0.803579 2 0.594026 0.803601 2 0.592115 0.811737 2 0.593689 0.811501 2
0 0.055060 0.889550 0.008929 0.046296 0.058010 0.871223 1 0.057571 0.870076 1 0.058083 0.870167 1 0.055083 0.870497 2 0.058070 0.870849 2 0.053822 0.876537 2 0.058160 0.876719 2 0.052646 0.882994 2 0.057623 0.883340 2 0.052547 0.887203 2 0.054723 0.886923 2 0.054711 0.890079 2 0.057741 0.890193 2 0.055459 0.900842 2 0.057781 0.899884 2 0.055817 0.910337 2 0.058083 0.909098 2
0 0.153274 0.801918 0.009673 0.036376 0.153895 0.789797 2 0.154362 0.788681 2 0.153448 0.788894 2 0.155322 0.788778 2 0.153288 0.789129 1 0.156776 0.794108 2 0.153869 0.794124 2 0.158344 0.801768 2 0.153433 0.799315 2 0.158109 0.807066 2 0.152287 0.797702 2 0.156229 0.808585 2 0.154290 0.808233 2 0.154482 0.817654 2 0.151572 0.816934 2 0.153360 0.825496 2 0.150427 0.824972 2
0 0.179501 0.884259 0.011533 0.035714 0.184129 0.866996 2 0.184647 0.866239 2 0.183621 0.866223 2 0.185434 0.866746 2 0.182853 0.866768 2 0.186391 0.871067 2 0.182069 0.871372 2 0.187241 0.876913 2 0.181563 0.876901 2 0.184888 0.882814 2 0.182738 0.879762 1 0.185676 0.882424 2 0.182933 0.882530 2 0.185810 0.887685 2 0.183694 0.887931 2 0.186050 0.896035 2 0.184704 0.896479 2
0 0.183594 0.883267 0.008557 0.046958 0.184269 0.867091 2 0.184849 0.866249 2 0.183711 0.866255 2 0.185692 0.866549 2 0.182829 0.866583 2 0.186496 0.870363 2 0.182128 0.870981 2 0.188185 0.874613 2 0.182116 0.875295 2 0.185283 0.880417 2 0.185452 0.874965 2 0.185818 0.881625 2 0.183054 0.881931 2 0.186046 0.888128 2 0.184119 0.888295 2 0.186040 0.897628 2 0.184737 0.897874 2
0 0.242374 0.741402 0.008557 0.034392 0.241967 0.729313 1 0.241928 0.728547 1 0.242061 0.728512 1 0.241107 0.729142 2 0.242967 0.729016 2 0.240038 0.734528 2 0.244176 0.734201 2 0.239493 0.740114 2 0.245309 0.740034 2 0.240220 0.745287 2 0.245818 0.742918 2 0.241160 0.744504 2 0.244097 0.744273 2 0.241744 0.751726 2 0.245075 0.750338 2 0.242473 0.759243 2 0.245524 0.757295 2
0 0.221726 0.737434 0.009673 0.031746 0.223322 0.725969 1 0.222946 0.725331 1 0.223270 0.725246 1 0.221423 0.725977 1 0.222851 0.725935 2 0.220840 0.730212 2 0.222853 0.730291 2 0.223892 0.733409 1 0.225818 0.733200 2 0.226913 0.733190 1 0.227919 0.732981 2 0.221707 0.740089 2 0.223088 0.740562 2 0.225014 0.740552 2 0.226659 0.741444 2 0.224942 0.748867 2 0.226308 0.749714 2
0 0.577567 0.708664 0.008557 0.025794 0.578051 0.700638 1 0.577697 0.699988 1 0.578064 0.699993 1 0.576140 0.700188 1 0.577733 0.700428 2 0.575387 0.703544 2 0.576874 0.703629 2 0.577431 0.707282 2 0.578544 0.706980 2 0.580135 0.708528 1 0.580879 0.708798 2 0.575180 0.712824 2 0.576152 0.713372 2 0.579770 0.714794 2 0.580328 0.715589 2 0.580389 0.723167 2 0.580823 0.723291 2
0 0.546875 0.773479 0.008929 0.037698 0.547445 0.761782 2 0.547127 0.760921 1 0.547197 0.761152 2 0.545390 0.761695 1 0.546459 0.762214 2 0.545239 0.766666 2 0.546361 0.767212 2 0.546364 0.772340 1 0.546318 0.774070 2 0.548205 0.776504 1 0.546728 0.779651 2 0.545126 0.778269 2 0.546434 0.778406 2 0.544586 0.787056 2 0.548155 0.785973 2 0.543034 0.795273 2 0.549249 0.794869 2
0 0.617374 0.808201 0.007812 0.026455 0.618709 0.800527 2 0.619205 0.799863 2 0.618359 0.799702 2 0.619911 0.799938 2 0.617729 0.799517 2 0.620698 0.804259 2 0.616208 0.803106 2 0.621339 0.809489 2 0.614214 0.806632 2 0.620636 0.813387 2 0.613394 0.810939 2 0.619397 0.816373 2 0.616252 0.815770 2 0.619566 0.824546 2 0.615145 0.823636 2 0.619727 0.826544 1 0.614680 0.825407 1
0 0.337240 0.558862 0.004092 0.023810 0.338293 0.552467 1 0.338088 0.552000 1 0.338274 0.551984 1 0.337100 0.551979 1 0.338058 0.552049 2 0.336641 0.554265 2 0.337970 0.554362 2 0.336667 0.557696 2 0.338245 0.557945 2 0.337446 0.559845 1 0.338970 0.560127 2 0.336904 0.560906 2 0.337795 0.560991 2 0.337452 0.565694 2 0.337900 0.565602 2 0.337242 0.568993 2 0.337419 0.569110 2
0 0.297247 0.622685 0.006696 0.024471 0.298097 0.612283 2 0.297956 0.611743 1 0.297942 0.611748 2 0.297086 0.611985 1 0.297272 0.612059 2 0.296570 0.614971 2 0.296824 0.615093 2 0.297674 0.619011 1 0.297493 0.619421 2 0.299672 0.619440 1 0.299903 0.620282 2 0.296842 0.623189 2 0.297118 0.623493 2 0.297606 0.629433 2 0.298494 0.629691 2 0.297639 0.636122 2 0.298778 0.636180 2
0 0.566964 0.835979 0.007440 0.043651 0.569173 0.822106 2 0.569701 0.821250 2 0.568844 0.821166 2 0.570617 0.821669 2 0.568528 0.821471 1 0.571444 0.826909 2 0.567709 0.826533 2 0.572130 0.832836 2 0.566919 0.832119 2 0.571970 0.838026 2 0.566912 0.837019 2 0.570566 0.838921 2 0.567949 0.838690 2 0.570774 0.848364 2 0.567487 0.847963 2 0.571239 0.856702 2 0.567232 0.856192 2
0 0.559896 0.805556 0.007440 0.041005 0.559196 0.792577 2 0.559463 0.791636 2 0.559316 0.791711 1 0.560617 0.792085 2 0.560648 0.792141 1 0.561555 0.797554 2 0.561005 0.796999 2 0.561194 0.804877 2 0.559857 0.802001 1 0.559980 0.809475 2 0.559134 0.803042 1 0.561453 0.810347 2 0.561098 0.810036 2 0.561014 0.819152 2 0.560660 0.818963 2 0.561205 0.828790 2 0.560934 0.828180 2
0 0.726562 0.821098 0.007440 0.039021 0.729141 0.806275 2 0.729458 0.805593 2 0.728649 0.805687 2 0.729839 0.806020 1 0.727786 0.806126 2 0.729802 0.810619 2 0.726977 0.810444 2 0.730512 0.815799 2 0.726231 0.816588 2 0.730391 0.819017 2 0.726764 0.822777 2 0.729656 0.822954 2 0.727694 0.822871 2 0.729288 0.832375 2 0.727711 0.832064 2 0.728730 0.840590 2 0.725639 0.838807 2
0 0.593378 0.795966 0.005952 0.035053 0.594135 0.777436 1 0.593735 0.776653 1 0.594059 0.776673 1 0.591669 0.777296 2 0.593827 0.777514 2 0.590524 0.782399 2 0.594538 0.782783 2 0.590045 0.788592 2 0.595427 0.789157 2 0.590394 0.793555 1 0.595384 0.793200 2 0.591589 0.794270 2 0.594276 0.794537 2 0.591953 0.803198 2 0.594084 0.803152 2 0.592309 0.810843 2 0.593684 0.811092 2
0 0.595610 0.769180 0.007440 0.035714 0.594819 0.777006 1 0.594249 0.776278 1 0.594702 0.776318 1 0.591739 0.777098 1 0.594097 0.777399 2 0.590682 0.782400 2 0.594610 0.782878 2 0.590542 0.789463 1 0.595443 0.790554 2 0.591214 0.792813 1 0.595416 0.793609 1 0.591325 0.793447 1 0.594116 0.793609 2 0.591734 0.792344 1 0.594972 0.791846 1 0.591294 0.793609 1 0.594146 0.793609 1
0 0.754836 0.592923 0.005952 0.024471 0.754161 0.590812 1 0.754224 0.590316 1 0.754276 0.590357 1 0.754475 0.590567 2 0.755156 0.590545 1 0.754722 0.593139 2 0.755590 0.593070 2 0.754010 0.595975 2 0.756449 0.596057 2 0.753033 0.596468 2 0.756198 0.598044 2 0.754576 0.599460 2 0.755035 0.599326 2 0.754427 0.604005 2 0.754567 0.603989 2 0.754167 0.608143 2 0.754518 0.608316 2
0 0.774926 0.666336 0.007440 0.020503 0.775928 0.658894 1 0.775918 0.658326 1 0.776053 0.658420 1 0.775473 0.658617 2 0.776871 0.658701 2 0.774740 0.661420 2 0.777633 0.661693 2 0.772523 0.664016 2 0.778413 0.665190 2 0.771518 0.664348 2 0.777643 0.667228 1 0.775310 0.669434 2 0.777128 0.669527 2 0.774701 0.675548 2 0.776540 0.675593 2 0.774333 0.679642 2 0.776611 0.679813 1
0 0.572173 0.781746 0.006696 0.034392 0.575651 0.769927 2 0.575567 0.769047 1 0.575209 0.769062 2 0.574355 0.769193 1 0.573710 0.769516 2 0.571782 0.773364 2 0.573244 0.774693 2 0.570505 0.778497 1 0.572734 0.780785 2 0.572555 0.779676 1 0.575120 0.777291 2 0.571096 0.784762 2 0.572083 0.785700 2 0.572371 0.792551 2 0.573483 0.794039 2 0.570978 0.800174 2 0.571230 0.801331 2
0 0.600260 0.780093 0.007068 0.033730 0.595646 0.758645 2 0.595968 0.757836 2 0.595610 0.757914 1 0.597014 0.758301 2 0.595803 0.758519 1 0.598696 0.763220 2 0.595990 0.763363 2 0.599346 0.768942 2 0.595891 0.769131 1 0.597463 0.769809 2 0.596150 0.771239 1 0.597729 0.776579 2 0.595882 0.776307 2 0.597510 0.786655 2 0.595971 0.786423 2 0.597614 0.794873 2 0.596145 0.795379 1
0 0.599702 0.787037 0.008929 0.039683 0.600819 0.773069 1 0.601040 0.772202 2 0.601156 0.772294 1 0.601759 0.772681 2 0.602848 0.772748 1 0.601857 0.777331 2 0.603855 0.777098 2 0.601074 0.783777 2 0.603054 0.783095 1 0.599688 0.783897 2 0.601022 0.783987 1 0.601658 0.788968 2 0.602939 0.788565 2 0.600371 0.797479 2 0.601027 0.797129 2 0.602046 0.805417 2 0.602510 0.804911 2
0 0.245164 0.763558 0.008185 0.036376 0.244309 0.753183 1 0.244352 0.752321 1 0.244512 0.752288 1 0.245226 0.752455 2 0.246736 0.752120 1 0.245850 0.756914 2 0.248302 0.755905 2 0.244914 0.761530 2 0.249145 0.761214 1 0.242344 0.761940 2 0.246915 0.762011 1 0.246808 0.767679 2 0.248590 0.766724 2 0.243455 0.775019 2 0.246265 0.772916 2 0.242656 0.784726 2 0.246852 0.780438 2
0 0.495722 0.708664 0.008557 0.025794 0.496141 0.699269 1 0.495950 0.698694 1 0.496070 0.698733 1 0.495102 0.698768 1 0.495781 0.698902 2 0.494542 0.701512 2 0.495421 0.701927 2 0.496433 0.704901 2 0.497169 0.705312 2 0.498362 0.705725 2 0.499191 0.705447 2 0.494748 0.710343 2 0.495293 0.710973 2 0.497660 0.712185 2 0.498704 0.713562 2 0.495766 0.717841 2 0.496576 0.718809 2
0 0.053943 0.743056 0.010417 0.031085 0.055581 0.734447 1 0.055410 0.733825 1 0.055432 0.733813 1 0.054441 0.733975 1 0.054673 0.734055 2 0.054758 0.736914 2 0.053349 0.737478 2 0.057728 0.739658 2 0.056129 0.741235 2 0.059454 0.740180 2 0.058312 0.742466 2 0.054260 0.748827 2 0.053223 0.749257 2 0.054844 0.756846 2 0.054030 0.757950 2 0.054087 0.762782 1 0.053786 0.763339 1
0 0.068638 0.774471 0.013765 0.033069 0.069961 0.762701 2 0.069801 0.762018 1 0.069375 0.762048 2 0.069033 0.763229 1 0.067578 0.763479 2 0.068663 0.768161 2 0.066114 0.768760 2 0.070436 0.774107 2 0.067954 0.775758 2 0.073471 0.775529 2 0.071900 0.776210 2 0.068438 0.779910 2 0.066524 0.781076 2 0.074595 0.780479 2 0.073077 0.782125 2 0.073619 0.791863 1 0.072079 0.792551 2
0 0.936942 0.853505 0.010045 0.039021 0.939265 0.838327 2 0.939740 0.837710 2 0.938960 0.837391 2 0.940162 0.837992 1 0.938153 0.837130 2 0.940144 0.842097 2 0.936238 0.840764 2 0.940542 0.847956 2 0.936014 0.846433 2 0.940441 0.851635 2 0.938924 0.847851 2 0.938837 0.851764 2 0.936042 0.851153 2 0.938659 0.860905 2 0.935592 0.858947 2 0.938365 0.869529 2 0.934613 0.866412 2
0 0.897321 0.793651 0.009673 0.037037 0.898025 0.781072 2 0.898465 0.780265 2 0.897561 0.780191 2 0.898866 0.780769 2 0.896765 0.780457 2 0.899544 0.785275 2 0.895461 0.784225 2 0.899938 0.790661 2 0.893740 0.787142 2 0.900036 0.793691 2 0.895390 0.783386 2 0.897834 0.796237 2 0.895250 0.795737 2 0.896646 0.804698 2 0.894588 0.803600 2 0.895602 0.812071 2 0.895510 0.810921 2
0 0.910528 0.795304 0.007812 0.041667 0.910047 0.780765 2 0.910477 0.779939 2 0.909659 0.779983 2 0.911302 0.779983 2 0.909271 0.780038 2 0.912857 0.784871 2 0.908707 0.784331 2 0.913859 0.791447 2 0.907479 0.788666 2 0.912407 0.797467 2 0.907138 0.794123 2 0.911062 0.797764 2 0.908305 0.797301 2 0.910408 0.806068 2 0.907872 0.805776 2 0.909610 0.813958 2 0.906857 0.814490 2
0 0.757068 0.684854 0.006696 0.032407 0.759106 0.675114 1 0.758738 0.674417 1 0.759089 0.674471 1 0.757153 0.674210 1 0.758585 0.674513 2 0.756213 0.676696 2 0.757862 0.677278 2 0.758173 0.680362 1 0.760167 0.681224 2 0.760344 0.682702 1 0.761404 0.683251 2 0.755821 0.685588 2 0.756829 0.686331 2 0.759961 0.687413 2 0.760838 0.688662 2 0.758808 0.694739 2 0.759360 0.695297 2
0 0.573661 0.921958 0.011161 0.043651 0.574024 0.904340 1 0.574059 0.903543 1 0.574297 0.903646 1 0.573366 0.904006 2 0.576001 0.904153 2 0.571894 0.908388 2 0.577452 0.909018 2 0.569996 0.912780 2 0.578560 0.914187 2 0.570655 0.911402 1 0.577659 0.914104 1 0.572587 0.923343 2 0.576412 0.923590 2 0.571064 0.928373 2 0.575869 0.929184 2 0.571760 0.937298 2 0.575976 0.938150 2
0 0.621466 0.713294 0.010789 0.032407 0.617957 0.698647 1 0.617653 0.697948 1 0.617914 0.698094 1 0.615955 0.697563 1 0.617641 0.698105 2 0.614824 0.700058 2 0.617816 0.701066 2 0.614211 0.703970 1 0.618179 0.706098 2 0.614608 0.707663 1 0.617569 0.708912 2 0.614410 0.709379 2 0.616538 0.709774 2 0.615011 0.715023 2 0.617372 0.714868 2 0.614736 0.720448 2 0.617099 0.720635 2
0 0.730469 0.978836 0.015253 0.041005 0.730065 0.965148 2 0.730158 0.964510 2 0.730386 0.964274 1 0.730954 0.964430 2 0.732170 0.963676 1 0.731859 0.967596 2 0.733418 0.966845 2 0.733826 0.972006 2 0.735740 0.970773 2 0.735196 0.975278 2 0.736306 0.974596 1 0.734473 0.976510 2 0.735425 0.976019 2 0.729818 0.973960 2 0.730669 0.974076 2 0.731749 0.981534 2 0.732324 0.981047 2
0 0.601935 0.788690 0.010417 0.039021 0.600918 0.773162 1 0.601059 0.772376 1 0.601214 0.772430 1 0.601646 0.772932 2 0.602871 0.772939 1 0.601840 0.777571 2 0.603710 0.777291 2 0.601196 0.783428 2 0.603013 0.782741 1 0.600156 0.784345 2 0.601288 0.784014 1 0.601726 0.788785 2 0.602973 0.788423 2 0.600912 0.796936 2 0.601734 0.796696 2 0.602240 0.805103 2 0.602774 0.804709 2
0 0.658482 0.835979 0.009673 0.042328 0.661270 0.823319 2 0.661868 0.822681 2 0.661043 0.822246 2 0.662401 0.823596 2 0.660518 0.822578 2 0.661785 0.828128 2 0.658968 0.827500 2 0.661745 0.833901 2 0.658120 0.834271 2 0.661101 0.833636 2 0.660801 0.835249 2 0.660480 0.838935 2 0.658671 0.838808 2 0.660781 0.847159 2 0.659735 0.847127 2 0.659602 0.853690 2 0.659458 0.854142 2
0 0.735119 0.819775 0.009673 0.050926 0.736735 0.801169 2 0.736941 0.800333 2 0.736267 0.800436 2 0.736960 0.800761 1 0.735046 0.800852 2 0.736941 0.806175 2 0.733496 0.806287 2 0.736850 0.812952 2 0.732442 0.813407 2 0.737431 0.818020 2 0.735723 0.816555 2 0.736372 0.818115 2 0.733881 0.818387 2 0.736432 0.828660 2 0.733947 0.828767 2 0.736207 0.839360 2 0.731243 0.839156 2
0 0.167597 0.740410 0.011533 0.033730 0.167275 0.731071 2 0.167065 0.730251 1 0.167147 0.730301 2 0.165931 0.730229 1 0.166249 0.730445 2 0.165144 0.734027 2 0.164347 0.735038 2 0.165747 0.739946 2 0.164452 0.742165 2 0.167332 0.741796 1 0.167062 0.743237 2 0.164674 0.744534 2 0.164171 0.745669 2 0.167987 0.746133 1 0.167999 0.747768 2 0.165855 0.753051 1 0.166374 0.753858 1
0 0.646019 0.875661 0.010789 0.054233 0.645730 0.854844 1 0.645720 0.853811 1 0.645901 0.853862 1 0.644876 0.854525 2 0.647265 0.854495 2 0.643780 0.860881 2 0.648659 0.860678 2 0.643206 0.868526 2 0.650156 0.868657 2 0.643486 0.874109 1 0.651047 0.875247 2 0.644602 0.876254 2 0.647830 0.876090 2 0.644865 0.887159 2 0.647338 0.886324 2 0.645329 0.896779 2 0.646616 0.895795 2
0 0.758929 0.800595 0.006696 0.044312 0.758390 0.784026 2 0.758779 0.783185 2 0.758632 0.783181 1 0.760044 0.784159 2 0.760030 0.784024 1 0.760180 0.789788 2 0.760616 0.789462 2 0.759354 0.797277 2 0.759759 0.796663 1 0.757568 0.800155 2 0.757888 0.799690 1 0.759187 0.802053 2 0.759553 0.801717 2 0.758998 0.811459 2 0.759296 0.811205 2 0.759306 0.821509 2 0.759519 0.821101 2
0 0.899740 0.826058 0.007068 0.043651 0.899278 0.811414 2 0.899590 0.810526 2 0.899391 0.810494 1 0.900779 0.810709 2 0.900619 0.810600 1 0.901074 0.815383 2 0.901256 0.814897 2 0.900196 0.821601 2 0.900365 0.820562 1 0.898852 0.822670 2 0.899132 0.822304 1 0.900431 0.826736 2 0.900580 0.826342 2 0.899952 0.835921 2 0.900053 0.835855 2 0.900254 0.844654 2 0.900299 0.844381 2
0 0.883185 0.828704 0.008929 0.039683 0.883461 0.812844 1 0.883508 0.811830 1 0.883719 0.811943 1 0.882586 0.812485 2 0.885233 0.812594 2 0.881017 0.818375 2 0.886123 0.818534 2 0.879623 0.825110 2 0.887097 0.825550 2 0.881332 0.824167 1 0.885928 0.825418 1 0.881875 0.833019 2 0.885462 0.833202 2 0.881902 0.844020 2 0.885998 0.844103 2 0.882233 0.852707 2 0.886502 0.852105 1
0 0.882068 0.815807 0.008929 0.035053 0.883422 0.813295 1 0.883432 0.812336 1 0.883681 0.812463 1 0.882569 0.812775 2 0.885179 0.812923 2 0.880931 0.818438 2 0.886283 0.818574 2 0.879584 0.825103 2 0.886813 0.825194 2 0.880971 0.822565 1 0.884986 0.823846 1 0.881794 0.833734 2 0.885519 0.833904 2 0.881612 0.839947 1 0.886001 0.839947 1 0.881667 0.839700 1 0.885611 0.839638 1
0 0.858817 0.757275 0.007068 0.039683 0.860795 0.741871 1 0.860637 0.740992 1 0.860935 0.741102 1 0.859285 0.741269 2 0.861486 0.741560 2 0.857778 0.745844 2 0.862062 0.746414 2 0.856274 0.751596 2 0.862426 0.752440 2 0.855796 0.756483 2 0.862240 0.757544 1 0.857961 0.757131 2 0.860803 0.757464 2 0.857782 0.765256 2 0.860121 0.765870 2 0.857699 0.773601 2 0.859222 0.774153 2
0 0.866629 0.755952 0.008557 0.038360 0.868380 0.742087 1 0.868347 0.741246 1 0.868441 0.741342 1 0.867403 0.741515 2 0.869168 0.741707 2 0.866353 0.745514 2 0.869517 0.745946 2 0.865423 0.749871 2 0.870943 0.749453 2 0.866188 0.751678 1 0.870253 0.748067 1 0.865841 0.756646 2 0.868005 0.756847 2 0.864869 0.764616 2 0.867224 0.765516 2 0.863453 0.772937 2 0.866823 0.773701 2
0 0.903646 0.722553 0.007440 0.036376 0.904635 0.734746 2 0.905202 0.734131 2 0.904363 0.733795 2 0.906094 0.734476 2 0.904042 0.733655 2 0.906997 0.738486 2 0.903079 0.737130 2 0.907981 0.744035 2 0.901672 0.740823 2 0.908505 0.747452 2 0.901706 0.742159 2 0.905986 0.746858 2 0.903302 0.746250 2 0.906476 0.746414 1 0.902492 0.746148 1 0.906491 0.746213 1 0.902492 0.747328 1
0 0.888393 0.725198 0.006696 0.033730 0.888515 0.709397 1 0.888578 0.708657 1 0.888745 0.708684 1 0.889100 0.709085 2 0.890504 0.708961 1 0.889028 0.712826 2 0.891444 0.712445 2 0.887341 0.715913 2 0.890064 0.715838 1 0.886262 0.711714 2 0.887762 0.712902 1 0.888872 0.722996 2 0.890508 0.722653 2 0.888272 0.730002 2 0.889647 0.729843 2 0.888207 0.737588 2 0.889295 0.737507 2
0 0.893973 0.720569 0.008185 0.033730 0.893756 0.709647 1 0.893752 0.708848 1 0.893960 0.708886 1 0.893402 0.709227 2 0.895263 0.709180 1 0.892950 0.713499 2 0.896166 0.713280 2 0.892322 0.718584 2 0.896911 0.717808 2 0.892360 0.722146 1 0.895713 0.719522 2 0.893154 0.723333 2 0.895361 0.723177 2 0.893189 0.731037 2 0.895101 0.730657 2 0.893283 0.738401 2 0.895189 0.738056 2
0 0.885789 0.690807 0.008185 0.029762 0.882402 0.681839 1 0.882317 0.681127 1 0.882526 0.681232 1 0.881652 0.681311 2 0.883315 0.681571 2 0.881025 0.685067 2 0.883693 0.685563 2 0.880406 0.689126 1 0.884109 0.690921 2 0.880763 0.692930 1 0.883620 0.695070 2 0.881127 0.694787 2 0.882980 0.694857 2 0.880969 0.701659 2 0.882635 0.701332 2 0.881063 0.708344 2 0.882668 0.707669 2
