0 0.548735 0.750000 0.049851 0.251323 0.546150 0.652996 2 0.548463 0.647975 2 0.543432 0.649159 2 0.552286 0.647634 2 0.539888 0.650000 2 0.556715 0.675412 2 0.532456 0.673546 2 0.559723 0.706846 2 0.527224 0.710566 2 0.560990 0.738067 2 0.526004 0.742303 2 0.553337 0.746630 2 0.536922 0.744403 2 0.553637 0.803707 2 0.534946 0.789580 2 0.554326 0.854459 2 0.536840 0.823066 2
0 0.621652 0.707672 0.042411 0.208995 0.629054 0.631770 2 0.631127 0.627588 2 0.627103 0.626948 2 0.632163 0.626714 1 0.621659 0.624739 2 0.634592 0.645948 2 0.614791 0.646364 2 0.637172 0.672575 2 0.610900 0.672614 2 0.636444 0.666151 2 0.626659 0.669534 2 0.626551 0.706017 2 0.613144 0.706216 2 0.623215 0.745886 2 0.611852 0.750276 2 0.619357 0.776121 2 0.611434 0.793734 2
0 0.692336 0.736111 0.026042 0.112434 0.690593 0.702757 2 0.693144 0.700336 2 0.689280 0.698869 2 0.696405 0.703161 2 0.687192 0.699595 2 0.696849 0.719359 2 0.684202 0.715959 2 0.697499 0.736105 2 0.682841 0.735382 2 0.695991 0.736928 2 0.683766 0.752300 2 0.692518 0.753134 2 0.684090 0.751526 2 0.693096 0.774929 2 0.683828 0.773032 2 0.689194 0.788851 2 0.683334 0.790563 2
0 0.671131 0.710317 0.035714 0.148148 0.672802 0.650885 2 0.674961 0.647941 2 0.670836 0.647194 2 0.677998 0.650868 2 0.667721 0.649330 2 0.681474 0.670478 2 0.661702 0.669722 2 0.685580 0.694924 2 0.656506 0.696193 2 0.681480 0.711720 2 0.662255 0.714375 2 0.677298 0.717073 2 0.664221 0.716639 2 0.677074 0.744888 2 0.662142 0.745510 2 0.674022 0.781669 2 0.663175 0.782522 2
0 0.684152 0.667989 0.045387 0.179894 0.672671 0.651236 2 0.674853 0.648229 2 0.670745 0.647499 2 0.677627 0.650651 2 0.667554 0.649063 2 0.681732 0.669669 2 0.661476 0.668727 2 0.685509 0.694356 2 0.656179 0.695384 2 0.681771 0.711773 2 0.662173 0.714889 2 0.676697 0.717536 2 0.663383 0.716862 2 0.676169 0.749587 2 0.661950 0.748895 2 0.672869 0.781932 2 0.662690 0.783248 2
0 0.914807 0.647487 0.058780 0.141534 0.917721 0.594583 1 0.918308 0.591935 1 0.920342 0.593394 1 0.918405 0.596035 2 0.929622 0.598684 2 0.910784 0.611286 2 0.933060 0.617957 2 0.897651 0.620389 2 0.930163 0.636440 1 0.891326 0.618571 2 0.922165 0.623543 1 0.906829 0.660214 2 0.921522 0.661028 2 0.883622 0.660947 2 0.903405 0.662419 2 0.896162 0.701354 2 0.914297 0.696697 2
0 0.904390 0.640212 0.034970 0.119048 0.917170 0.594458 1 0.918021 0.592099 1 0.919276 0.592897 1 0.918375 0.596170 2 0.926428 0.597326 1 0.912739 0.611200 2 0.928571 0.613973 2 0.897171 0.620847 2 0.915971 0.627373 1 0.892965 0.622889 2 0.899872 0.621165 1 0.908329 0.660167 2 0.919537 0.658561 2 0.886410 0.661695 2 0.900723 0.658080 2 0.896889 0.700027 2 0.909187 0.696846 2
0 0.943452 0.554894 0.032738 0.157407 0.949510 0.501095 2 0.951593 0.498168 2 0.948005 0.497202 2 0.953002 0.498842 2 0.944493 0.496334 2 0.953870 0.515298 2 0.937877 0.513732 2 0.955007 0.538456 2 0.932202 0.539040 2 0.957669 0.560054 2 0.930800 0.560763 2 0.946013 0.560294 2 0.936406 0.559543 2 0.940977 0.593932 2 0.936771 0.593129 2 0.936726 0.626721 2 0.938234 0.628890 2
0 0.908110 0.546958 0.042411 0.165344 0.917791 0.490688 2 0.919984 0.487843 2 0.916914 0.485843 2 0.921054 0.487157 2 0.913193 0.481781 2 0.921732 0.505442 2 0.904549 0.496069 2 0.922405 0.530728 2 0.891945 0.504793 2 0.921872 0.555975 2 0.901345 0.489021 2 0.914032 0.556550 2 0.902901 0.552500 2 0.909741 0.596739 2 0.900293 0.593253 2 0.908622 0.630315 2 0.896759 0.634396 2
0 0.487723 0.468254 0.030506 0.095238 0.487412 0.437263 2 0.488824 0.434570 2 0.486087 0.434819 2 0.491978 0.434591 2 0.486440 0.434799 1 0.492712 0.448284 2 0.492099 0.445260 2 0.489094 0.468756 2 0.489676 0.464294 1 0.481189 0.479437 2 0.483180 0.472085 1 0.494378 0.481621 2 0.494372 0.477918 2 0.476544 0.484509 2 0.482732 0.474766 2 0.484297 0.507488 2 0.490356 0.492914 2
0 0.627604 0.345238 0.023065 0.119048 0.629882 0.305852 2 0.631051 0.303985 2 0.628712 0.303786 2 0.632486 0.305770 2 0.626860 0.305286 2 0.634172 0.318574 2 0.623737 0.317848 2 0.636210 0.334131 2 0.620561 0.332763 2 0.637404 0.345864 2 0.618323 0.345076 2 0.630403 0.348252 2 0.623917 0.347750 2 0.628169 0.370214 2 0.623748 0.370489 2 0.626228 0.389865 2 0.624829 0.390368 2
0 0.438988 0.345238 0.023810 0.079365 0.438835 0.313436 2 0.439203 0.311995 1 0.438065 0.311989 2 0.439171 0.312480 1 0.436451 0.312505 2 0.440777 0.320676 2 0.433751 0.320494 2 0.443703 0.329258 2 0.431098 0.330377 2 0.443110 0.329523 2 0.430260 0.340518 2 0.439725 0.341109 2 0.435140 0.341141 2 0.440346 0.355680 2 0.435759 0.356206 2 0.440249 0.370999 2 0.435547 0.370986 2
0 0.417783 0.306217 0.017113 0.046296 0.418882 0.293822 2 0.419412 0.292821 2 0.418283 0.292907 2 0.420297 0.292668 2 0.417199 0.292883 2 0.421559 0.297664 2 0.416153 0.298187 2 0.422220 0.303694 2 0.414833 0.304326 2 0.420693 0.306834 2 0.414905 0.308908 2 0.420678 0.308325 2 0.416690 0.308504 2 0.421820 0.310346 2 0.415252 0.311083 2 0.422018 0.315858 2 0.412810 0.317589 2
0 0.503348 0.293651 0.014137 0.084656 0.505345 0.262704 2 0.505726 0.261119 2 0.504374 0.261197 2 0.505573 0.262167 1 0.502264 0.262211 2 0.504887 0.271348 2 0.501830 0.271447 2 0.504932 0.283392 1 0.500838 0.282988 2 0.505467 0.294114 1 0.502098 0.293788 2 0.505085 0.294357 2 0.503045 0.294568 2 0.504131 0.311031 2 0.502664 0.311822 2 0.503341 0.325713 2 0.501163 0.327674 2
0 0.524554 0.281085 0.017857 0.091270 0.525383 0.250204 2 0.526225 0.248736 2 0.524553 0.248564 2 0.526955 0.249826 2 0.523051 0.249365 2 0.526994 0.258013 2 0.521136 0.257828 2 0.527074 0.267407 2 0.518923 0.267609 2 0.525874 0.267879 2 0.519960 0.268112 2 0.526444 0.280500 2 0.522517 0.280695 2 0.527075 0.299145 2 0.523300 0.299748 2 0.527176 0.316680 2 0.523587 0.317498 2
0 0.554688 0.286376 0.017113 0.085979 0.556917 0.256382 2 0.557733 0.254657 2 0.556124 0.255109 2 0.559509 0.255504 2 0.555436 0.256588 1 0.561205 0.264832 2 0.555064 0.265569 2 0.563015 0.274814 2 0.552929 0.275060 2 0.562471 0.282933 2 0.550903 0.281751 2 0.559364 0.284936 2 0.555383 0.284896 2 0.558861 0.299609 2 0.554842 0.299604 2 0.559085 0.315300 2 0.554754 0.314371 2
