0 0.982515 0.274471 0.024554 0.093915 0.992528 0.244549 2 0.991953 0.242134 1 0.991829 0.242705 2 0.988064 0.239973 1 0.988827 0.242129 2 0.981071 0.248831 2 0.986746 0.252245 2 0.974525 0.259506 2 0.984890 0.267819 2 0.972367 0.266084 2 0.987296 0.278749 2 0.977119 0.274757 2 0.980183 0.276532 2 0.977731 0.295881 2 0.978460 0.298632 2 0.975796 0.311980 2 0.970115 0.309885 2
0 0.184524 0.103836 0.016369 0.048942 0.178844 0.119506 1 0.178931 0.118663 1 0.179227 0.118538 1 0.179231 0.119294 2 0.181557 0.118746 1 0.179949 0.124673 2 0.182759 0.123924 2 0.176157 0.128742 2 0.180227 0.128388 2 0.177615 0.124217 2 0.178756 0.125119 1 0.182260 0.137070 2 0.184230 0.136447 2 0.179352 0.134616 1 0.182577 0.132711 1 0.178947 0.135397 1 0.183274 0.135966 1
0 0.560640 0.466270 0.030506 0.162698 0.566608 0.396193 1 0.565296 0.392566 1 0.566447 0.393050 1 0.557535 0.392841 2 0.566047 0.395018 2 0.551634 0.409602 2 0.565949 0.414197 2 0.546114 0.428554 2 0.566802 0.439912 2 0.547639 0.447626 2 0.567077 0.455458 2 0.551085 0.453487 2 0.561059 0.455462 2 0.552554 0.488161 2 0.562278 0.489346 2 0.551407 0.522779 2 0.562075 0.523426 2
0 0.808036 0.434524 0.044643 0.152116 0.818658 0.374850 2 0.820504 0.372674 2 0.817458 0.371568 2 0.822901 0.374930 2 0.815410 0.372128 2 0.824678 0.392500 2 0.810042 0.387314 2 0.827551 0.414067 2 0.802257 0.404808 2 0.829075 0.432649 2 0.795791 0.425332 2 0.816264 0.430546 2 0.807028 0.427538 2 0.813067 0.462186 2 0.804291 0.459618 2 0.807971 0.491017 2 0.801830 0.489455 2
0 0.669643 0.177249 0.016369 0.068783 0.668313 0.155708 1 0.668536 0.154305 1 0.668753 0.154413 1 0.668874 0.154821 2 0.672096 0.154721 2 0.667283 0.161992 2 0.674115 0.162313 2 0.665832 0.171444 2 0.675073 0.173207 2 0.669111 0.177337 2 0.674021 0.182048 2 0.667685 0.182018 2 0.672621 0.182221 2 0.666235 0.197431 2 0.671908 0.198435 2 0.665293 0.213281 2 0.671375 0.213548 2
0 0.612351 0.446429 0.037202 0.165344 0.607324 0.385335 2 0.607722 0.383093 2 0.608912 0.383069 1 0.609050 0.384799 2 0.614451 0.383930 1 0.609686 0.403703 2 0.618477 0.402240 2 0.603732 0.425735 2 0.619960 0.426122 2 0.594610 0.437564 2 0.615636 0.438244 2 0.610341 0.447228 2 0.613632 0.444771 2 0.608810 0.477376 2 0.602330 0.471066 2 0.622737 0.503421 2 0.598987 0.499839 2
0 0.332589 0.496032 0.031250 0.158730 0.335526 0.438712 1 0.333652 0.436030 1 0.335262 0.435550 1 0.325772 0.437909 2 0.333705 0.437717 2 0.321234 0.455708 2 0.337017 0.456036 2 0.319367 0.476722 2 0.343259 0.476530 2 0.317680 0.494112 2 0.349700 0.492956 2 0.325979 0.500667 2 0.336028 0.501408 2 0.332058 0.530233 2 0.338605 0.531818 2 0.332685 0.557855 2 0.334249 0.564267 2
0 0.408110 0.408069 0.027530 0.144180 0.416066 0.350946 1 0.414968 0.347972 1 0.415521 0.347922 1 0.407493 0.348992 1 0.413509 0.349071 2 0.401657 0.364719 2 0.415895 0.364218 2 0.399287 0.383519 2 0.425013 0.371890 2 0.404822 0.387693 2 0.422330 0.360742 2 0.403901 0.405989 2 0.413518 0.406841 2 0.403653 0.432634 2 0.413369 0.436405 2 0.400598 0.459423 2 0.413386 0.465633 2
0 0.243304 0.445106 0.026786 0.141534 0.245586 0.388434 2 0.244860 0.386241 1 0.244274 0.386629 2 0.241542 0.389856 1 0.240381 0.390900 2 0.244284 0.404587 2 0.237946 0.407356 2 0.247801 0.422337 2 0.233609 0.429868 2 0.253160 0.436386 2 0.231767 0.449032 2 0.244395 0.445800 2 0.241590 0.447201 2 0.244617 0.474485 2 0.246815 0.475583 2 0.240607 0.502066 2 0.251720 0.508694 2
0 0.321429 0.392196 0.022321 0.125661 0.320748 0.349026 1 0.319450 0.346401 1 0.320278 0.346640 1 0.312659 0.347513 1 0.318506 0.348562 2 0.308535 0.361927 2 0.320157 0.362644 2 0.307309 0.380613 2 0.322961 0.381093 2 0.309687 0.391786 1 0.325415 0.393843 2 0.311837 0.394309 2 0.320142 0.395163 2 0.313334 0.424304 2 0.322970 0.423775 2 0.313700 0.451375 2 0.323137 0.450844 2
0 0.564732 0.384259 0.037202 0.130952 0.564613 0.394793 1 0.563842 0.391940 1 0.565056 0.392414 1 0.557955 0.393102 2 0.565961 0.394674 2 0.551311 0.410263 2 0.565934 0.414213 2 0.547000 0.431331 2 0.567310 0.440929 2 0.548112 0.446317 2 0.568559 0.457139 2 0.550984 0.455658 2 0.560432 0.457844 2 0.551689 0.474868 1 0.560595 0.474868 1 0.551834 0.474868 1 0.556300 0.474868 1
0 0.375000 0.422619 0.031250 0.138889 0.386686 0.375501 2 0.385831 0.373171 1 0.386132 0.372730 2 0.380939 0.375635 1 0.381935 0.374968 2 0.380393 0.385211 2 0.376351 0.389668 2 0.381955 0.398514 2 0.376070 0.410747 2 0.389513 0.395381 2 0.382980 0.401315 2 0.376766 0.421226 2 0.374523 0.423737 2 0.377273 0.450139 2 0.376684 0.455388 2 0.366736 0.470443 2 0.375253 0.485502 2
0 0.440104 0.353175 0.030506 0.124339 0.442893 0.307268 2 0.443463 0.304764 2 0.441603 0.304787 2 0.442513 0.304300 1 0.437947 0.304154 2 0.439458 0.315539 2 0.435272 0.314396 2 0.437249 0.331863 1 0.428141 0.326605 2 0.439290 0.343667 1 0.431310 0.331950 2 0.438025 0.349112 2 0.435341 0.349472 2 0.441519 0.374789 2 0.436782 0.374864 2 0.439384 0.399930 2 0.433374 0.400325 2
0 0.340774 0.408069 0.026786 0.146825 0.334833 0.435216 1 0.333012 0.432945 1 0.334598 0.432764 1 0.325462 0.436021 1 0.333334 0.436261 2 0.322417 0.456128 2 0.336330 0.455567 2 0.323384 0.479669 1 0.343305 0.477224 2 0.327688 0.496405 1 0.349373 0.495078 2 0.325413 0.501460 2 0.334502 0.501546 2 0.328817 0.508670 1 0.337246 0.507968 1 0.330981 0.510169 1 0.336003 0.510169 1
0 0.134301 0.368386 0.034970 0.125661 0.129046 0.322712 2 0.130054 0.320275 2 0.127447 0.320643 2 0.131641 0.321391 2 0.124637 0.322398 2 0.135774 0.334179 2 0.123201 0.337114 2 0.142688 0.345942 2 0.122089 0.352695 2 0.138477 0.353487 2 0.124247 0.362564 2 0.139266 0.368918 2 0.130562 0.370691 2 0.143561 0.393727 2 0.132600 0.396441 2 0.149864 0.418357 2 0.134854 0.421821 2
0 0.061756 0.393519 0.035714 0.133598 0.046740 0.346577 2 0.048521 0.343884 2 0.046310 0.343855 2 0.053208 0.345050 2 0.047315 0.345150 1 0.059243 0.359603 2 0.048754 0.361952 2 0.065180 0.377818 2 0.046291 0.378055 2 0.064678 0.396535 2 0.042788 0.394080 2 0.061740 0.398649 2 0.054588 0.400059 2 0.062994 0.424809 2 0.056751 0.428755 2 0.072107 0.442614 2 0.063526 0.452782 2
0 0.547991 0.205026 0.018601 0.082011 0.549299 0.173242 1 0.549419 0.171502 1 0.549559 0.171708 1 0.548512 0.172609 2 0.552360 0.172820 2 0.546727 0.182514 2 0.554324 0.183454 2 0.544530 0.194322 2 0.555192 0.197031 2 0.543019 0.205217 2 0.554074 0.204894 2 0.546894 0.204704 2 0.552526 0.204920 2 0.544805 0.221670 2 0.552537 0.222419 2 0.542936 0.239819 2 0.552011 0.240258 2
0 0.949405 0.283069 0.028274 0.111111 0.958895 0.244873 2 0.959497 0.242921 2 0.957779 0.242621 2 0.959089 0.242828 1 0.954291 0.242089 2 0.958122 0.255050 2 0.949620 0.253023 2 0.959085 0.270744 2 0.944571 0.269326 2 0.960586 0.276669 2 0.944948 0.286816 2 0.953129 0.286978 2 0.946763 0.285875 2 0.952773 0.308319 2 0.942433 0.307896 2 0.952486 0.329727 2 0.937545 0.328837 2
0 0.787946 0.274471 0.020833 0.085979 0.792237 0.243807 2 0.792531 0.241866 2 0.791459 0.241556 2 0.791631 0.241862 1 0.788501 0.240894 2 0.789776 0.251669 2 0.784544 0.250050 2 0.789439 0.266075 2 0.781616 0.263698 2 0.792388 0.273623 2 0.787727 0.273129 2 0.788338 0.273360 2 0.784739 0.274030 2 0.796692 0.281956 2 0.792432 0.283066 2 0.793863 0.301364 2 0.790516 0.302931 2
0 0.811012 0.269841 0.025298 0.082011 0.810802 0.242441 2 0.810982 0.240676 2 0.809971 0.240490 2 0.809927 0.240894 1 0.806690 0.240724 2 0.809508 0.247162 2 0.803437 0.251450 2 0.812197 0.260222 2 0.808106 0.265059 2 0.815885 0.268218 2 0.813561 0.273309 2 0.810056 0.268887 2 0.805699 0.273295 2 0.818789 0.271107 2 0.814194 0.284716 2 0.816699 0.284998 2 0.815854 0.305287 2
0 0.969122 0.937169 0.057292 0.123016 0.981061 0.920104 2 0.986366 0.916066 2 0.979265 0.911223 2 0.991990 0.919172 2 0.974430 0.907200 2 0.990464 0.947675 2 0.964988 0.927614 2 0.976535 0.990267 2 0.954718 0.961586 2 0.957892 0.989125 2 0.950485 0.980607 2 0.976059 0.997917 2 0.958884 0.986240 2 0.966089 0.994733 1 0.943816 0.979390 1 0.956593 0.999372 1 0.953781 0.993898 1
0 0.539062 0.323413 0.026042 0.070106 0.542195 0.309748 2 0.543231 0.307893 1 0.541249 0.307689 2 0.544309 0.304771 1 0.539400 0.304329 2 0.545523 0.303918 2 0.535027 0.303958 2 0.549456 0.315894 2 0.531752 0.316186 2 0.545270 0.319395 2 0.538159 0.320341 2 0.544347 0.322578 2 0.537243 0.323395 2 0.548630 0.323167 2 0.532171 0.325815 2 0.546632 0.348857 2 0.537488 0.349103 2
0 0.519345 0.291005 0.022321 0.066138 0.524440 0.268474 2 0.525196 0.266822 2 0.523518 0.266784 2 0.525927 0.266863 1 0.521469 0.266657 2 0.527194 0.275360 2 0.518310 0.275037 2 0.529447 0.285282 2 0.514621 0.284753 2 0.526608 0.292173 2 0.519542 0.292990 2 0.525297 0.298718 2 0.519417 0.298766 2 0.525471 0.314172 2 0.518457 0.314783 2 0.524806 0.327787 2 0.517971 0.328494 2
0 0.486235 0.157407 0.017113 0.066138 0.485747 0.135895 2 0.486345 0.134666 2 0.485385 0.134713 2 0.487814 0.134776 2 0.485492 0.135015 1 0.489944 0.141565 2 0.484769 0.142225 2 0.492093 0.149494 2 0.484174 0.151105 2 0.493059 0.158032 2 0.483944 0.159098 2 0.489606 0.159324 2 0.486212 0.159595 2 0.488978 0.172776 2 0.485979 0.172968 2 0.490093 0.185601 2 0.486801 0.185106 2
0 0.120536 0.326058 0.017857 0.051587 0.129393 0.322426 2 0.130405 0.319828 2 0.127462 0.320043 2 0.131541 0.321963 1 0.124501 0.322761 2 0.132440 0.335591 2 0.121969 0.336413 2 0.132440 0.353513 1 0.121269 0.352468 2 0.130145 0.353850 1 0.121640 0.335899 2 0.132440 0.359986 1 0.125353 0.360287 1 0.132440 0.352425 1 0.123907 0.352021 1 0.128601 0.359803 1 0.127014 0.356251 1
0 0.093006 0.310847 0.032738 0.058201 0.099010 0.308085 2 0.100111 0.305879 2 0.097793 0.306478 2 0.102231 0.303583 2 0.095936 0.305463 2 0.103617 0.308781 2 0.093364 0.313367 2 0.109112 0.315333 2 0.088945 0.326633 2 0.107579 0.316612 2 0.089001 0.339728 2 0.102302 0.323559 2 0.095222 0.325981 2 0.106704 0.320897 2 0.091840 0.326031 2 0.109538 0.334601 2 0.090739 0.336708 2
0 0.202009 0.212963 0.011161 0.031746 0.206426 0.204624 2 0.206479 0.203563 1 0.205890 0.203575 2 0.206037 0.203747 1 0.204538 0.204031 2 0.206147 0.208691 2 0.203142 0.208441 2 0.206546 0.214572 2 0.200810 0.213308 2 0.206053 0.213487 2 0.203609 0.213731 2 0.204287 0.217298 2 0.202336 0.217391 2 0.206638 0.215429 2 0.202140 0.216410 2 0.205820 0.223386 2 0.203200 0.224657 2
0 0.182292 0.136905 0.016369 0.048942 0.178891 0.119904 1 0.179035 0.118951 1 0.179350 0.118902 1 0.179420 0.119462 2 0.181430 0.119122 1 0.179945 0.125300 2 0.182359 0.124469 2 0.175898 0.129235 2 0.178983 0.127644 2 0.173906 0.125809 2 0.175556 0.124849 1 0.182855 0.140507 2 0.183949 0.139987 2 0.183865 0.150667 2 0.181872 0.149071 2 0.187829 0.158986 2 0.183264 0.159087 2
0 0.782366 0.185185 0.018601 0.052910 0.783214 0.164378 1 0.783287 0.163235 1 0.783498 0.163427 1 0.782614 0.163842 2 0.785498 0.164133 2 0.781093 0.170351 2 0.786610 0.170843 2 0.779430 0.177273 2 0.787526 0.178954 2 0.780193 0.182354 2 0.787236 0.185732 2 0.781212 0.185536 2 0.785109 0.185605 2 0.780245 0.196386 2 0.784768 0.196587 2 0.779728 0.207612 2 0.784646 0.207261 2
0 0.396205 0.095899 0.009673 0.048942 0.398255 0.077582 2 0.398680 0.076685 2 0.397837 0.076710 2 0.399424 0.077244 2 0.397229 0.077270 2 0.400403 0.082817 2 0.396261 0.082720 2 0.401203 0.089004 2 0.395411 0.088880 2 0.400881 0.094734 2 0.396115 0.094571 2 0.399855 0.094004 2 0.396934 0.093936 2 0.400125 0.101917 2 0.396586 0.101683 2 0.400124 0.110625 2 0.395569 0.110189 2
0 0.977679 0.218254 0.017857 0.068783 0.989583 0.244739 1 0.989583 0.242540 1 0.989583 0.243025 1 0.986854 0.240963 1 0.988392 0.242398 2 0.981643 0.248813 2 0.986958 0.251090 2 0.974277 0.261495 2 0.984984 0.264960 1 0.973936 0.260452 1 0.982991 0.263683 1 0.977693 0.265867 1 0.980909 0.265873 1 0.977936 0.256650 1 0.981192 0.259224 1 0.974673 0.263119 1 0.977715 0.264636 1
0 0.561384 0.085317 0.011161 0.033069 0.560361 0.073628 2 0.560679 0.072831 2 0.560134 0.072937 1 0.561240 0.073287 1 0.559998 0.073493 1 0.561417 0.077737 2 0.559893 0.077763 2 0.560142 0.081029 2 0.558342 0.080714 2 0.558237 0.081513 2 0.558137 0.081158 2 0.561352 0.086573 2 0.560183 0.086592 2 0.561872 0.092989 2 0.560265 0.092913 2 0.562816 0.100152 2 0.560284 0.100226 2
0 0.941592 0.192460 0.020089 0.033069 0.941512 0.186563 2 0.942269 0.184921 2 0.940843 0.185088 2 0.943354 0.184964 2 0.939904 0.185416 2 0.944832 0.190107 2 0.938602 0.189944 2 0.944825 0.198163 2 0.934934 0.196768 2 0.940883 0.198850 2 0.937494 0.197932 2 0.943009 0.202068 2 0.938924 0.201478 2 0.942023 0.200573 2 0.934148 0.199837 2 0.939884 0.207318 2 0.938547 0.207147 2
