0 0.646205 0.879630 0.037946 0.187831 0.648304 0.817239 2 0.649695 0.813263 2 0.645961 0.812581 2 0.648102 0.814804 1 0.640412 0.813232 2 0.641660 0.831451 2 0.641622 0.836374 2 0.649504 0.852455 1 0.654305 0.859409 2 0.659049 0.854488 1 0.661959 0.853506 2 0.644050 0.889175 2 0.643954 0.893743 2 0.647083 0.928160 2 0.646877 0.942714 2 0.644054 0.965294 2 0.643834 0.986094 2
0 0.685640 0.809524 0.042411 0.190476 0.687911 0.742919 2 0.690164 0.739586 2 0.686118 0.739131 2 0.693293 0.741584 2 0.683354 0.740197 2 0.695996 0.763479 2 0.677139 0.759078 2 0.698749 0.791882 2 0.670251 0.781961 2 0.698970 0.817750 2 0.670976 0.808444 2 0.689391 0.815177 2 0.676917 0.813117 2 0.687536 0.853196 2 0.673316 0.849489 2 0.685255 0.887970 2 0.673068 0.880580 2
0 0.625372 0.781746 0.054315 0.119048 0.648110 0.817553 2 0.649733 0.813458 2 0.645461 0.813267 2 0.649649 0.812794 1 0.640147 0.813220 2 0.639609 0.828824 2 0.642223 0.835261 2 0.647030 0.847291 2 0.653918 0.858156 2 0.655738 0.847571 2 0.662322 0.852908 2 0.640654 0.861996 1 0.642545 0.865079 1 0.657597 0.844760 1 0.662436 0.858992 1 0.655584 0.855751 1 0.658060 0.865079 1
0 0.363839 0.482143 0.017857 0.056878 0.362187 0.461907 2 0.362933 0.460470 2 0.361487 0.460667 2 0.364308 0.460930 2 0.360667 0.461448 2 0.365688 0.467753 2 0.359386 0.468181 2 0.367752 0.474268 2 0.355806 0.475171 2 0.367298 0.475173 2 0.356591 0.479381 2 0.364428 0.485086 2 0.360075 0.485265 2 0.366045 0.496645 2 0.358043 0.497301 2 0.367201 0.511285 2 0.358249 0.511354 2
0 0.578869 0.618386 0.029762 0.125661 0.582987 0.577607 2 0.582484 0.575289 1 0.582901 0.575122 2 0.579500 0.574648 1 0.581208 0.574371 2 0.580069 0.582750 2 0.573098 0.583823 2 0.583625 0.595875 2 0.570073 0.596566 2 0.590702 0.599386 2 0.577141 0.605258 2 0.578967 0.614326 2 0.573606 0.616752 2 0.584785 0.634477 2 0.571237 0.644374 2 0.579085 0.654931 2 0.567513 0.666924 2
0 0.569568 0.621032 0.030506 0.104497 0.583230 0.576835 2 0.582851 0.574761 1 0.583128 0.574310 2 0.579847 0.574591 1 0.581497 0.573771 2 0.578934 0.583068 2 0.573517 0.582894 2 0.576939 0.600493 2 0.569835 0.595187 2 0.580901 0.607708 2 0.576440 0.604642 2 0.577391 0.616196 2 0.572637 0.618426 2 0.585277 0.634833 2 0.570463 0.645631 2 0.579187 0.654963 2 0.566669 0.669060 2
0 0.494048 0.564815 0.022321 0.100529 0.494196 0.531240 1 0.493737 0.529367 1 0.494587 0.529269 1 0.490947 0.531198 2 0.496544 0.530911 2 0.488866 0.543246 2 0.499155 0.542323 2 0.487543 0.557343 2 0.502430 0.554516 2 0.487095 0.567526 2 0.502756 0.564389 2 0.491356 0.566752 2 0.498069 0.566406 2 0.492676 0.587912 2 0.497204 0.587654 2 0.493719 0.607756 2 0.495879 0.608585 2
0 0.521577 0.607143 0.028274 0.116402 0.525817 0.564279 1 0.524903 0.562269 1 0.525853 0.562086 1 0.520052 0.563319 2 0.526443 0.563514 2 0.516332 0.576043 2 0.528389 0.576760 2 0.513637 0.592356 2 0.531737 0.592954 2 0.513657 0.605908 2 0.533344 0.606777 2 0.518506 0.608989 2 0.526419 0.609584 2 0.519884 0.631524 2 0.525444 0.633823 2 0.521297 0.653961 2 0.524045 0.657470 2
0 0.522321 0.556878 0.022321 0.095238 0.524906 0.563778 1 0.524447 0.561779 1 0.525180 0.561879 1 0.520891 0.562832 2 0.526807 0.563343 2 0.516814 0.576005 2 0.528468 0.576481 2 0.514024 0.592614 2 0.531753 0.593194 2 0.514203 0.606473 2 0.533488 0.607384 2 0.518723 0.609761 2 0.526305 0.610141 2 0.518888 0.622685 1 0.525807 0.622685 1 0.520011 0.620587 1 0.523733 0.619139 1
0 0.547619 0.545635 0.013393 0.078042 0.549892 0.517512 1 0.549579 0.516081 1 0.549744 0.516154 1 0.547295 0.516758 1 0.549305 0.517068 2 0.545722 0.524439 2 0.548444 0.524980 2 0.543635 0.534311 2 0.548523 0.535506 2 0.544864 0.542951 1 0.548923 0.545387 2 0.546327 0.544746 2 0.548191 0.545274 2 0.546796 0.559127 2 0.548865 0.559619 2 0.544759 0.573809 2 0.548091 0.573873 2
0 0.478051 0.565476 0.020089 0.099206 0.483012 0.533451 1 0.482046 0.531588 1 0.482733 0.531551 1 0.477333 0.532555 1 0.481572 0.532902 2 0.474307 0.543551 2 0.482802 0.544106 2 0.472858 0.557861 2 0.485252 0.557519 2 0.473597 0.568321 2 0.487113 0.567820 2 0.475449 0.568326 2 0.481080 0.568907 2 0.476417 0.585953 2 0.480614 0.587300 2 0.476576 0.602419 2 0.479141 0.605684 2
0 0.505208 0.530423 0.014881 0.087302 0.506664 0.499120 1 0.506511 0.497381 1 0.506918 0.497480 1 0.504545 0.498595 2 0.508920 0.498578 2 0.502979 0.508865 2 0.510910 0.508729 2 0.501980 0.521604 2 0.512111 0.521019 2 0.503552 0.531341 2 0.510751 0.529836 2 0.504843 0.531116 2 0.510287 0.531206 2 0.505150 0.549999 2 0.509934 0.549930 2 0.505234 0.567467 2 0.509072 0.568110 2
0 0.488839 0.522487 0.017857 0.082011 0.482911 0.533914 1 0.481988 0.532012 1 0.482697 0.532093 1 0.478299 0.532249 1 0.481629 0.532922 2 0.476935 0.542906 2 0.483081 0.543959 2 0.477616 0.555778 1 0.485053 0.557824 2 0.480113 0.565823 1 0.486622 0.567907 2 0.476935 0.568192 1 0.481080 0.568412 2 0.477128 0.579365 1 0.480822 0.579365 1 0.478135 0.579365 1 0.480367 0.579365 1
0 0.457589 0.428571 0.014881 0.052910 0.456612 0.412568 2 0.457015 0.411703 2 0.456533 0.411503 1 0.457946 0.411391 2 0.457144 0.411057 1 0.458798 0.415985 2 0.457500 0.416242 2 0.460330 0.423475 2 0.456414 0.423894 2 0.459818 0.430429 2 0.455475 0.428820 2 0.458582 0.430549 2 0.457904 0.430530 2 0.456562 0.440231 2 0.457303 0.440780 2 0.459379 0.449178 2 0.459191 0.450193 2
0 0.779762 0.920635 0.056548 0.153439 0.788124 0.872812 2 0.791779 0.869154 2 0.786417 0.867254 2 0.796906 0.875427 2 0.784349 0.869674 2 0.800866 0.905249 2 0.789835 0.894840 2 0.801969 0.937406 2 0.794509 0.931162 2 0.804200 0.947162 2 0.800353 0.944438 2 0.793448 0.967833 2 0.782865 0.958178 2 0.792477 1.000000 2 0.761809 0.972621 1 0.798155 1.000000 1 0.758945 0.996505 1
