0 0.639881 0.861772 0.038690 0.186508 0.641669 0.800278 2 0.642985 0.796534 2 0.639661 0.795487 2 0.641145 0.797670 1 0.634190 0.795120 2 0.634320 0.813327 2 0.635767 0.817198 2 0.643045 0.832391 1 0.648002 0.838363 2 0.652926 0.830923 2 0.655996 0.833237 2 0.637019 0.868055 2 0.637898 0.872075 2 0.639251 0.906163 2 0.639578 0.920035 2 0.638512 0.939671 2 0.636997 0.961828 2
0 0.677827 0.796958 0.038690 0.186508 0.681296 0.729510 2 0.683504 0.726390 2 0.679466 0.725794 2 0.686628 0.728752 2 0.676535 0.727129 2 0.688910 0.750113 2 0.670532 0.745423 2 0.692072 0.775138 2 0.663843 0.768325 2 0.692153 0.800863 2 0.664012 0.794453 2 0.682930 0.800625 2 0.670742 0.798001 2 0.682177 0.838570 2 0.666715 0.832776 2 0.679482 0.871541 2 0.666531 0.860832 2
0 0.618676 0.768519 0.048363 0.113757 0.640865 0.800156 2 0.642558 0.796400 2 0.638491 0.795997 2 0.642766 0.795721 1 0.633641 0.795124 2 0.633868 0.811117 2 0.635046 0.815728 2 0.640655 0.830678 2 0.645773 0.839119 2 0.647674 0.831569 2 0.652530 0.834460 2 0.635383 0.844983 1 0.636271 0.847884 1 0.650232 0.828608 1 0.652530 0.841101 1 0.646309 0.841675 1 0.647563 0.847884 1
0 0.369048 0.474868 0.016369 0.058201 0.367235 0.455819 2 0.367909 0.454414 2 0.366849 0.454581 2 0.369517 0.454505 2 0.366946 0.454888 1 0.370655 0.461235 2 0.367116 0.461353 2 0.369686 0.467920 2 0.365414 0.467481 2 0.365901 0.468401 2 0.364026 0.468667 2 0.370488 0.477915 2 0.368047 0.477873 2 0.370958 0.489993 2 0.368883 0.489763 2 0.371970 0.501967 2 0.369429 0.501619 2
0 0.576637 0.610450 0.029762 0.120370 0.581445 0.570333 1 0.580926 0.568128 1 0.581195 0.568250 1 0.578435 0.568028 1 0.579758 0.568668 2 0.579675 0.575687 2 0.572078 0.578522 2 0.583207 0.588659 2 0.569322 0.591774 2 0.590092 0.594117 2 0.576675 0.600134 2 0.577827 0.607202 2 0.571795 0.610419 2 0.584432 0.626314 2 0.568764 0.638497 2 0.578912 0.645818 2 0.564614 0.659878 2
0 0.567708 0.613095 0.029762 0.104497 0.571916 0.576368 1 0.571952 0.574584 1 0.571629 0.574319 2 0.570352 0.573971 1 0.569899 0.573369 2 0.568557 0.583192 2 0.564463 0.582650 2 0.566857 0.597442 1 0.559320 0.598263 2 0.569072 0.603774 1 0.565748 0.606480 2 0.567372 0.611263 2 0.564220 0.611575 2 0.566996 0.633766 2 0.564145 0.634659 2 0.562553 0.652962 2 0.557086 0.652948 2
0 0.491443 0.564153 0.023065 0.099206 0.492942 0.530984 1 0.492345 0.529297 1 0.493230 0.529118 1 0.489004 0.530979 2 0.494576 0.530823 2 0.486588 0.541811 2 0.496363 0.541674 2 0.485332 0.557207 2 0.499239 0.555563 2 0.485409 0.568829 2 0.501172 0.567212 2 0.488853 0.565905 2 0.495456 0.566003 2 0.489285 0.587535 2 0.495500 0.589101 2 0.489661 0.608116 2 0.494734 0.611314 2
0 0.520089 0.607804 0.026786 0.117725 0.523800 0.564095 1 0.522930 0.561929 1 0.523555 0.562027 1 0.517878 0.562640 2 0.523320 0.563471 2 0.513025 0.575859 2 0.524649 0.576225 2 0.510166 0.591340 2 0.526680 0.593881 2 0.512879 0.601957 2 0.527634 0.608154 2 0.514754 0.608960 2 0.522793 0.608993 2 0.515704 0.633033 2 0.523538 0.630960 2 0.516099 0.657577 2 0.522429 0.652413 2
0 0.520089 0.555556 0.022321 0.095238 0.524155 0.563229 1 0.523210 0.561245 1 0.523820 0.561240 1 0.518195 0.562215 2 0.522735 0.562877 2 0.513299 0.575589 2 0.524451 0.576465 2 0.510368 0.591191 2 0.526916 0.593931 2 0.513501 0.599560 2 0.527359 0.608849 2 0.514579 0.608820 2 0.521983 0.609332 2 0.515433 0.621362 1 0.521924 0.621362 1 0.516380 0.621362 1 0.520274 0.621362 1
0 0.543155 0.545635 0.013393 0.078042 0.542548 0.517326 1 0.542554 0.515846 1 0.542945 0.515867 1 0.541684 0.516243 2 0.545210 0.516114 2 0.540275 0.524159 2 0.545940 0.523932 2 0.538082 0.533962 2 0.546646 0.534144 2 0.537862 0.543544 2 0.547179 0.543697 2 0.541149 0.544747 2 0.544938 0.544700 2 0.542050 0.558957 2 0.545128 0.558679 2 0.542285 0.573609 2 0.544932 0.572721 2
0 0.475818 0.565476 0.020089 0.099206 0.479027 0.534084 1 0.478252 0.532140 1 0.478590 0.532319 1 0.473876 0.532683 1 0.477141 0.533258 2 0.470860 0.543098 2 0.478453 0.543392 2 0.469758 0.555386 2 0.481087 0.555695 2 0.472328 0.563509 1 0.482719 0.566294 2 0.472073 0.567335 2 0.477535 0.567618 2 0.471750 0.586171 2 0.478738 0.585427 2 0.470496 0.604351 2 0.478474 0.604139 2
0 0.504092 0.531746 0.014137 0.087302 0.502843 0.500353 1 0.502859 0.498619 1 0.503174 0.498737 1 0.501359 0.499784 2 0.505564 0.499778 2 0.499687 0.510722 2 0.507692 0.510084 2 0.498492 0.523492 2 0.509196 0.521447 2 0.499449 0.532859 2 0.506186 0.527738 2 0.501276 0.532418 2 0.506899 0.532131 2 0.501770 0.550367 2 0.506860 0.549717 2 0.502902 0.568386 2 0.507359 0.567455 2
0 0.487351 0.523810 0.017857 0.082011 0.492876 0.531165 1 0.492374 0.529287 1 0.493251 0.529335 1 0.489034 0.530440 2 0.494533 0.530589 2 0.486509 0.542169 2 0.495983 0.541892 2 0.485362 0.556379 2 0.497996 0.554860 2 0.485480 0.567495 2 0.498472 0.564126 2 0.488832 0.565318 2 0.495027 0.565390 2 0.489821 0.580688 1 0.494712 0.580688 1 0.490522 0.579418 1 0.493019 0.578840 1
0 0.464658 0.427249 0.014137 0.052910 0.463291 0.409941 1 0.463388 0.409005 1 0.463668 0.408928 1 0.463646 0.409112 2 0.466045 0.408635 2 0.463241 0.414458 2 0.467908 0.412936 2 0.461979 0.421759 2 0.469733 0.417599 2 0.460234 0.427072 2 0.468497 0.421779 1 0.464570 0.428160 2 0.467500 0.427492 2 0.464695 0.439002 2 0.466496 0.438597 2 0.466206 0.449286 2 0.466905 0.448232 2
0 0.765625 0.910714 0.059524 0.173280 0.775841 0.851830 2 0.779095 0.848094 2 0.774411 0.847064 2 0.784397 0.854211 2 0.773552 0.850237 2 0.787252 0.885609 2 0.776049 0.873994 2 0.788566 0.914178 2 0.779959 0.906115 2 0.788587 0.919526 2 0.783760 0.920934 2 0.781574 0.942988 2 0.771375 0.933330 2 0.778355 0.979289 2 0.751719 0.950801 2 0.783273 1.000000 2 0.750384 0.981061 2
