0 0.565104 0.367063 0.030506 0.117725 0.564956 0.318490 2 0.566415 0.316315 2 0.563781 0.316357 2 0.568692 0.317309 2 0.562594 0.317207 2 0.570957 0.330491 2 0.560239 0.328986 2 0.572436 0.344686 2 0.556842 0.342481 2 0.571404 0.351930 2 0.555151 0.348072 1 0.568479 0.363327 2 0.561527 0.362060 2 0.566193 0.388268 2 0.560192 0.383769 2 0.563273 0.409226 2 0.558493 0.401343 2
0 0.713542 0.774471 0.058036 0.247354 0.722092 0.671847 2 0.725130 0.668130 2 0.719724 0.666504 2 0.728906 0.671004 2 0.714975 0.666996 2 0.736416 0.699092 2 0.712349 0.694197 2 0.741695 0.737808 2 0.704320 0.719543 2 0.738154 0.766498 2 0.697452 0.746178 2 0.725265 0.764074 2 0.708618 0.760720 2 0.723040 0.811555 2 0.703505 0.813692 2 0.729526 0.827859 2 0.703842 0.851697 2
0 0.661086 0.185847 0.015625 0.070106 0.661696 0.162241 1 0.661690 0.160816 1 0.661895 0.161023 1 0.660677 0.161453 2 0.663896 0.161794 2 0.659076 0.169149 2 0.665157 0.169572 2 0.657268 0.178759 2 0.666092 0.179464 2 0.656376 0.186690 2 0.664281 0.187288 2 0.659207 0.187482 2 0.663633 0.187592 2 0.657762 0.201900 2 0.663833 0.202776 2 0.657576 0.217452 2 0.664757 0.217440 2
0 0.529390 0.371693 0.027530 0.116402 0.539378 0.336231 2 0.539595 0.334002 2 0.538199 0.333865 2 0.538108 0.335391 1 0.534304 0.335217 2 0.536148 0.346522 2 0.531163 0.349057 2 0.535106 0.360785 2 0.525668 0.367752 2 0.540761 0.368647 2 0.532803 0.378202 2 0.529838 0.374279 2 0.526969 0.376177 2 0.533494 0.391059 2 0.533530 0.396273 2 0.525536 0.401810 2 0.527535 0.415635 2
0 0.505208 0.475529 0.040179 0.160053 0.506172 0.419835 1 0.505574 0.417703 1 0.505918 0.417652 1 0.499989 0.422514 2 0.508342 0.421526 2 0.497726 0.442880 2 0.513045 0.436191 2 0.496629 0.462852 2 0.523895 0.433062 2 0.499631 0.458466 2 0.520931 0.417768 2 0.502702 0.482827 2 0.514054 0.481293 2 0.499056 0.510006 2 0.517614 0.511716 2 0.495070 0.536280 2 0.523111 0.538226 2
0 0.396949 0.392857 0.026042 0.134921 0.406440 0.348323 2 0.405700 0.345762 1 0.405764 0.345884 2 0.399328 0.346429 1 0.402778 0.347023 2 0.393235 0.359741 2 0.402351 0.361384 2 0.390431 0.377623 2 0.403830 0.383416 2 0.397204 0.390878 2 0.409969 0.401800 2 0.393760 0.398842 2 0.401254 0.399779 2 0.392107 0.427125 2 0.407600 0.426462 2 0.388237 0.454805 2 0.409650 0.456287 2
0 0.338914 0.456349 0.029018 0.156085 0.343181 0.399206 1 0.341411 0.396853 1 0.342600 0.396948 1 0.334987 0.399972 1 0.340592 0.401164 2 0.332707 0.416833 2 0.341218 0.419829 2 0.331837 0.437675 2 0.342555 0.442059 2 0.333495 0.454666 1 0.345123 0.459865 2 0.334767 0.455491 2 0.340602 0.457475 2 0.339053 0.481626 2 0.342901 0.485843 2 0.335470 0.506912 2 0.337908 0.514973 2
0 0.308408 0.387566 0.033482 0.126984 0.309077 0.340299 2 0.308695 0.338104 2 0.307490 0.338616 2 0.307470 0.341374 1 0.303593 0.342808 2 0.310140 0.355478 2 0.301317 0.359339 2 0.312861 0.371956 2 0.301201 0.380710 2 0.317295 0.386836 2 0.306538 0.394875 2 0.311339 0.387241 2 0.304996 0.389655 2 0.313328 0.413944 2 0.305311 0.418912 2 0.313429 0.438185 2 0.303912 0.446318 2
0 0.481027 0.394180 0.026042 0.140212 0.490426 0.344584 2 0.489512 0.341599 1 0.489647 0.342241 2 0.482999 0.343020 1 0.487123 0.344753 2 0.478452 0.357977 2 0.488260 0.362306 2 0.475973 0.377746 2 0.487912 0.385428 2 0.477297 0.393082 1 0.491858 0.402642 2 0.476883 0.396056 2 0.485219 0.398168 2 0.473604 0.419467 2 0.491315 0.421867 2 0.467586 0.440928 2 0.491907 0.449266 2
0 0.252976 0.452381 0.046131 0.164021 0.262871 0.390311 2 0.262025 0.387484 1 0.261836 0.388206 2 0.257225 0.388738 1 0.258381 0.390285 2 0.254084 0.404829 2 0.254854 0.406394 2 0.250881 0.426536 1 0.250352 0.430759 2 0.255283 0.444401 1 0.254812 0.452870 2 0.252379 0.449222 2 0.253025 0.450390 2 0.252664 0.479104 2 0.259822 0.479796 2 0.241425 0.504853 2 0.251040 0.505867 2
0 0.134301 0.371032 0.034970 0.125661 0.133845 0.321510 2 0.134402 0.318946 2 0.132272 0.319428 2 0.134699 0.319836 1 0.128570 0.320903 2 0.138407 0.333091 2 0.125469 0.336301 2 0.144647 0.345395 2 0.124059 0.353999 2 0.141408 0.353337 2 0.125857 0.371508 2 0.140232 0.367464 2 0.131325 0.369337 2 0.143267 0.393781 2 0.132548 0.395830 2 0.148224 0.419255 2 0.134086 0.421877 2
0 0.394717 0.307540 0.023065 0.109788 0.406925 0.346816 1 0.405601 0.344523 1 0.406348 0.344654 2 0.399125 0.345568 1 0.403542 0.346815 2 0.393124 0.359632 2 0.403723 0.362653 2 0.390557 0.376977 1 0.406306 0.382201 1 0.396599 0.379348 1 0.408229 0.379830 1 0.393811 0.383453 1 0.400847 0.383453 1 0.399745 0.372371 1 0.406652 0.375844 1 0.398924 0.383152 1 0.403486 0.383453 1
0 0.534226 0.205688 0.020833 0.085979 0.531962 0.173067 1 0.532185 0.171412 1 0.532574 0.171475 1 0.532486 0.172210 2 0.536013 0.171828 2 0.531483 0.182782 2 0.538959 0.181469 2 0.531051 0.195789 2 0.541819 0.193539 2 0.530567 0.205551 2 0.541563 0.204857 2 0.534377 0.204368 2 0.538860 0.203593 2 0.535144 0.221265 2 0.536121 0.219640 2 0.537750 0.238592 2 0.533435 0.235710 2
0 0.962426 0.282407 0.034970 0.117725 0.973171 0.242804 2 0.972488 0.239897 1 0.972291 0.240313 2 0.966156 0.239324 1 0.969112 0.240769 2 0.959610 0.250979 2 0.970163 0.254037 2 0.955088 0.268429 2 0.971871 0.271513 2 0.956995 0.271421 2 0.972005 0.274210 2 0.957274 0.285879 2 0.964849 0.287961 2 0.953718 0.309030 2 0.965365 0.313052 2 0.949499 0.328687 2 0.961936 0.334638 2
0 0.788318 0.274471 0.023065 0.093915 0.791421 0.243081 2 0.791382 0.241121 2 0.790554 0.240949 2 0.790063 0.241803 1 0.787296 0.241262 2 0.788969 0.252158 2 0.783124 0.250497 2 0.789326 0.266768 2 0.780178 0.263839 2 0.792346 0.273485 2 0.786198 0.272410 2 0.786753 0.273794 2 0.782748 0.274440 2 0.795689 0.281288 2 0.791030 0.283030 2 0.789923 0.301112 2 0.787337 0.303225 2
0 0.809152 0.268519 0.024554 0.087302 0.809688 0.241824 2 0.809651 0.240000 2 0.808856 0.239967 2 0.808285 0.240549 1 0.805620 0.240792 2 0.808306 0.247436 2 0.801992 0.251171 2 0.810958 0.261081 2 0.807118 0.264390 2 0.814484 0.269279 2 0.812770 0.272909 2 0.808286 0.269470 2 0.803839 0.273385 2 0.815922 0.270397 2 0.811477 0.282722 2 0.812972 0.287259 2 0.813875 0.304445 2
0 0.590402 0.193783 0.017113 0.046296 0.592980 0.178340 1 0.592614 0.177319 1 0.593093 0.177335 1 0.590683 0.177169 2 0.593243 0.177288 2 0.589862 0.181893 2 0.593419 0.181641 2 0.589335 0.187064 2 0.594830 0.185662 2 0.589628 0.190418 2 0.594960 0.190066 2 0.590486 0.191426 2 0.592879 0.191413 2 0.590937 0.199771 2 0.592835 0.199994 2 0.590700 0.208515 2 0.592838 0.209288 2
0 0.936384 0.921958 0.069196 0.150794 0.950171 0.892903 2 0.952364 0.891598 2 0.952888 0.891203 1 0.958054 0.902625 2 0.959965 0.899741 1 0.959544 0.930762 2 0.960360 0.920263 2 0.935142 0.953707 2 0.940993 0.933368 2 0.919207 0.942998 2 0.926189 0.936202 2 0.943427 0.996066 2 0.942679 0.986402 2 0.923292 0.974539 1 0.923028 0.957459 1 0.925845 0.991668 1 0.922060 0.987974 1
0 0.538318 0.321429 0.027530 0.100529 0.539219 0.337183 2 0.539672 0.334574 2 0.537689 0.334795 2 0.538708 0.334593 1 0.533731 0.335416 2 0.535329 0.347554 2 0.530430 0.348718 2 0.532024 0.365923 2 0.525898 0.369032 2 0.536242 0.375444 2 0.533162 0.378144 2 0.529898 0.376931 2 0.526523 0.378292 2 0.534608 0.388266 1 0.532645 0.390957 2 0.529038 0.386111 1 0.527108 0.388897 1
0 0.518973 0.292989 0.024554 0.075397 0.517544 0.272617 2 0.518374 0.271029 2 0.516709 0.271215 2 0.519555 0.270193 2 0.515276 0.270527 2 0.521314 0.277561 2 0.512870 0.277342 2 0.523371 0.287649 2 0.509633 0.285704 2 0.521175 0.295922 2 0.511137 0.294443 2 0.519656 0.302165 2 0.514206 0.302176 2 0.519492 0.321673 2 0.514796 0.321771 2 0.520452 0.339757 2 0.515210 0.339160 2
0 0.478795 0.152778 0.017113 0.062169 0.476819 0.135264 2 0.477166 0.133830 1 0.476400 0.134128 1 0.478026 0.133888 2 0.476444 0.134492 1 0.479981 0.139797 2 0.477297 0.140327 2 0.479650 0.146801 2 0.476929 0.147556 2 0.476660 0.142235 2 0.477951 0.143483 2 0.481179 0.156192 2 0.478962 0.156294 2 0.482444 0.171121 2 0.478840 0.170635 2 0.484122 0.184657 2 0.479279 0.185434 2
0 0.096726 0.317460 0.017857 0.063492 0.095626 0.292189 2 0.095709 0.290699 1 0.094650 0.291239 2 0.095801 0.291378 1 0.093047 0.292933 2 0.097261 0.297303 2 0.093021 0.301033 2 0.100364 0.300392 2 0.092629 0.309263 2 0.100068 0.303715 2 0.094629 0.309428 2 0.097259 0.313846 2 0.093944 0.315180 2 0.097831 0.325400 2 0.090146 0.326627 2 0.099421 0.338156 2 0.089215 0.338946 2
0 0.613839 0.143519 0.019345 0.070106 0.619965 0.121547 2 0.620609 0.120445 2 0.619343 0.120291 2 0.621271 0.121246 2 0.618179 0.120787 2 0.621653 0.128927 2 0.616159 0.127845 2 0.621758 0.137317 2 0.614069 0.135893 2 0.621404 0.141834 2 0.614512 0.144469 2 0.620168 0.146034 2 0.616396 0.145646 2 0.620155 0.160576 2 0.615666 0.160301 2 0.619710 0.174843 2 0.614188 0.174000 2
0 0.204241 0.207672 0.017113 0.037037 0.199957 0.200514 1 0.199999 0.199667 1 0.200428 0.199636 1 0.200365 0.200126 2 0.202919 0.199721 2 0.200351 0.204788 2 0.204254 0.204480 2 0.198966 0.209713 2 0.205769 0.209988 1 0.198086 0.208115 1 0.203529 0.211255 1 0.203012 0.215551 2 0.205526 0.215342 2 0.199809 0.215754 2 0.202299 0.215981 2 0.201288 0.223086 2 0.203964 0.222489 2
0 0.178199 0.137566 0.014137 0.055556 0.176779 0.124602 1 0.176783 0.123622 1 0.176989 0.123485 1 0.176329 0.124491 2 0.179025 0.124003 2 0.176121 0.130724 2 0.180722 0.129806 2 0.175329 0.136606 2 0.182607 0.134611 2 0.175798 0.132658 1 0.181246 0.131169 1 0.178264 0.145599 2 0.181372 0.145303 2 0.179403 0.157165 2 0.182414 0.156855 2 0.180117 0.168280 2 0.183683 0.168292 2
0 0.795759 0.183201 0.017113 0.062169 0.797063 0.167119 1 0.797172 0.165999 1 0.797410 0.166107 1 0.796914 0.166939 2 0.799833 0.167048 2 0.796184 0.173452 2 0.800967 0.173563 2 0.794373 0.181052 2 0.801266 0.179585 2 0.793568 0.185592 2 0.798744 0.181295 1 0.795564 0.187802 2 0.798989 0.187696 2 0.794162 0.197683 2 0.798595 0.198990 2 0.792878 0.208093 2 0.798459 0.209821 2
0 0.422991 0.117063 0.014137 0.059524 0.426043 0.096904 1 0.425784 0.095815 1 0.425958 0.095868 1 0.423890 0.096307 1 0.425906 0.096570 2 0.422642 0.102181 2 0.426324 0.102661 2 0.421877 0.108649 2 0.427205 0.110278 2 0.421982 0.111397 1 0.427998 0.116681 2 0.423352 0.117048 2 0.425818 0.117364 2 0.423568 0.128630 2 0.425926 0.128634 2 0.423694 0.140195 2 0.425649 0.140312 2
0 0.399554 0.094577 0.013393 0.051587 0.400945 0.077863 2 0.401216 0.076943 2 0.400363 0.077114 2 0.401577 0.077401 1 0.399385 0.077751 2 0.402856 0.082797 2 0.398567 0.083029 2 0.404211 0.088727 2 0.397750 0.088816 2 0.404690 0.094555 2 0.398707 0.093081 2 0.402708 0.094381 2 0.399795 0.094561 2 0.403033 0.102624 2 0.400016 0.102709 2 0.403915 0.111143 2 0.400094 0.111243 2
0 0.522693 0.112434 0.012649 0.055556 0.528120 0.075972 1 0.528298 0.074723 1 0.527912 0.074833 1 0.528557 0.074074 1 0.528261 0.074074 1 0.529434 0.076764 1 0.528408 0.076644 1 0.529403 0.086256 1 0.528519 0.086341 2 0.528229 0.094865 1 0.527258 0.095641 2 0.528623 0.093464 2 0.527778 0.092780 2 0.524202 0.108460 2 0.523283 0.107370 2 0.524452 0.128554 2 0.522745 0.127498 2
0 0.970982 0.316799 0.035714 0.123016 0.976909 0.269858 1 0.976197 0.267637 1 0.976193 0.267909 2 0.972172 0.268416 1 0.974007 0.269602 2 0.967954 0.279331 2 0.973853 0.281907 2 0.965832 0.294331 2 0.972723 0.299790 2 0.967202 0.308448 1 0.973385 0.315913 2 0.965209 0.309282 2 0.969813 0.310127 2 0.961705 0.332994 2 0.968320 0.335490 2 0.956578 0.355365 2 0.964107 0.358636 2
0 0.985491 0.320767 0.024554 0.123016 0.999037 0.275993 1 0.998526 0.273232 1 0.999266 0.273785 1 0.994636 0.272873 2 1.000000 0.274737 2 0.989382 0.285432 2 1.000000 0.288778 2 0.984885 0.301442 2 0.999844 0.308242 2 0.983444 0.315088 2 0.999800 0.320807 1 0.987429 0.319135 2 0.994324 0.320711 2 0.989167 0.340888 2 0.990908 0.344620 2 0.986983 0.361945 2 0.983467 0.362802 2
0 0.746652 0.132275 0.017113 0.052910 0.748513 0.115294 2 0.748914 0.114291 2 0.747935 0.114217 2 0.749182 0.114740 1 0.746441 0.114412 2 0.749533 0.120872 2 0.744380 0.120660 2 0.750405 0.127689 2 0.742805 0.128283 2 0.750740 0.131007 2 0.745446 0.130663 2 0.748108 0.135128 2 0.744593 0.135083 2 0.747839 0.145503 2 0.744239 0.145302 2 0.747422 0.155489 2 0.742974 0.155542 2
0 0.955729 0.173280 0.020089 0.063492 0.954171 0.153780 1 0.954132 0.152456 1 0.954463 0.152527 1 0.953127 0.152845 2 0.956696 0.152778 2 0.951559 0.160280 2 0.958866 0.159891 2 0.949686 0.170006 2 0.961068 0.168655 2 0.950080 0.177079 2 0.959702 0.176077 2 0.952966 0.179380 2 0.957871 0.179209 2 0.952163 0.193568 2 0.956465 0.193701 2 0.952014 0.208344 2 0.955483 0.208180 2
0 0.905506 0.187169 0.020833 0.041005 0.908064 0.176127 2 0.908599 0.174240 2 0.906957 0.174108 2 0.908777 0.174683 1 0.904682 0.174586 2 0.908535 0.181585 2 0.902235 0.180907 2 0.905782 0.190390 2 0.899445 0.188988 2 0.900649 0.195330 2 0.898338 0.195368 2 0.905951 0.195693 2 0.901687 0.195222 2 0.906838 0.190122 2 0.897193 0.190241 2 0.900310 0.198713 2 0.897855 0.197525 2
