0 0.263393 0.719421 0.024685 0.070028 0.262729 0.697231 2 0.263522 0.695377 2 0.261676 0.695978 2 0.265254 0.694757 2 0.260553 0.696211 2 0.268827 0.700419 2 0.259911 0.704442 2 0.273356 0.708768 2 0.258105 0.717104 2 0.272214 0.717443 2 0.260389 0.723576 2 0.270811 0.720655 2 0.265443 0.722666 2 0.268823 0.734508 2 0.266013 0.737144 2 0.266840 0.746159 2 0.265764 0.749249 2
0 0.592700 0.451447 0.013130 0.045752 0.595641 0.435696 2 0.595406 0.434641 1 0.595451 0.434710 1 0.593522 0.434840 2 0.595092 0.434971 2 0.591861 0.440162 2 0.596057 0.440058 2 0.589043 0.444714 2 0.599030 0.444626 2 0.588626 0.445998 2 0.597970 0.445012 2 0.592405 0.453599 2 0.595047 0.453431 2 0.592050 0.463542 2 0.594492 0.462315 2 0.590632 0.472519 2 0.594529 0.470859 2
0 0.366071 0.298786 0.012605 0.048553 0.363438 0.276368 1 0.363037 0.275470 1 0.363349 0.275651 1 0.361489 0.275418 1 0.362959 0.276128 2 0.360570 0.279651 2 0.361642 0.281068 2 0.361145 0.286940 1 0.362016 0.287590 2 0.363549 0.291662 1 0.363945 0.292666 2 0.359882 0.293116 2 0.360245 0.294477 2 0.363862 0.299519 2 0.361806 0.304198 2 0.362910 0.308640 2 0.359198 0.313885 2
0 0.597164 0.372549 0.016807 0.054155 0.598158 0.353069 2 0.598660 0.351999 2 0.597576 0.352296 2 0.599559 0.351862 2 0.597001 0.352649 2 0.600717 0.355692 2 0.596964 0.357343 2 0.602302 0.358403 2 0.595665 0.362247 2 0.600537 0.358038 2 0.596213 0.361070 2 0.600358 0.368034 2 0.598024 0.368463 2 0.599461 0.376866 2 0.597694 0.377124 2 0.599429 0.384476 2 0.597605 0.384845 2
0 0.122637 0.312792 0.016282 0.054155 0.121641 0.293555 1 0.121752 0.292456 1 0.121469 0.292617 1 0.122116 0.293188 1 0.122045 0.293444 2 0.123998 0.299045 2 0.122708 0.299297 2 0.127310 0.305598 2 0.124450 0.305849 2 0.129113 0.311176 2 0.126610 0.310882 2 0.124463 0.313414 2 0.123585 0.313488 2 0.125113 0.324363 2 0.124283 0.324338 2 0.126326 0.333824 2 0.126159 0.334508 2
0 0.184874 0.276377 0.014706 0.048553 0.186490 0.257814 2 0.186388 0.257067 1 0.185862 0.257329 2 0.185972 0.258162 1 0.184641 0.258896 2 0.187186 0.262685 2 0.185024 0.264277 2 0.189862 0.265951 2 0.188016 0.268205 2 0.188661 0.266205 2 0.189400 0.266169 2 0.188504 0.274971 2 0.186951 0.275753 2 0.189173 0.283799 2 0.188074 0.285056 2 0.189524 0.293372 2 0.188506 0.294692 2
0 0.231880 0.311391 0.015231 0.028945 0.234939 0.299813 1 0.234520 0.299012 1 0.234973 0.299066 1 0.232761 0.299248 2 0.234873 0.299603 2 0.231662 0.303244 2 0.234897 0.303662 2 0.230800 0.308803 2 0.236436 0.309421 2 0.231429 0.312525 2 0.238622 0.311688 2 0.232547 0.313647 2 0.234510 0.314293 2 0.238454 0.310707 2 0.239045 0.310810 2 0.238346 0.316745 1 0.239012 0.316516 2
0 0.246849 0.293184 0.013655 0.057890 0.247718 0.280475 1 0.247399 0.279540 1 0.247843 0.279401 1 0.245803 0.279842 1 0.247685 0.279672 2 0.246016 0.284617 2 0.245651 0.285024 2 0.248190 0.290573 2 0.246899 0.291928 2 0.248024 0.292212 1 0.248313 0.292510 2 0.247054 0.296491 2 0.246901 0.297091 2 0.248796 0.303319 2 0.248729 0.304245 2 0.248396 0.313082 2 0.249111 0.313334 2
0 0.236345 0.274510 0.014706 0.054155 0.235148 0.299726 1 0.234710 0.298985 1 0.235165 0.298965 1 0.232903 0.298962 2 0.235025 0.299187 2 0.231989 0.302684 2 0.235026 0.302965 2 0.231041 0.307913 2 0.236715 0.308463 2 0.231047 0.309499 1 0.239556 0.307448 2 0.232969 0.310853 2 0.234876 0.311354 2 0.237855 0.308241 1 0.239923 0.308007 1 0.237974 0.310228 1 0.240232 0.310128 1
0 0.339548 0.292717 0.012080 0.049486 0.339595 0.275137 2 0.339969 0.274281 2 0.339416 0.274253 1 0.340759 0.274425 2 0.339374 0.274311 1 0.342045 0.279078 2 0.338366 0.278839 2 0.344313 0.283350 2 0.337335 0.284192 2 0.342194 0.282171 2 0.338438 0.288353 2 0.342279 0.291117 2 0.339461 0.291123 2 0.344192 0.301099 2 0.339047 0.301061 2 0.346127 0.311686 2 0.338391 0.310680 2
0 0.585872 0.199346 0.013130 0.040149 0.587237 0.186736 2 0.587384 0.186014 2 0.587503 0.185947 1 0.587995 0.186266 2 0.588941 0.186017 1 0.588368 0.190011 2 0.589354 0.189607 2 0.586166 0.194365 2 0.586860 0.193887 1 0.584160 0.194980 2 0.584670 0.194941 1 0.588830 0.200616 2 0.589487 0.200186 2 0.586731 0.206703 2 0.587291 0.206205 2 0.587611 0.213807 2 0.588185 0.213873 2
0 0.403099 0.132120 0.014181 0.038282 0.404703 0.122023 2 0.404880 0.121328 2 0.404277 0.121458 2 0.405088 0.121850 2 0.403653 0.122157 2 0.405991 0.125915 2 0.403059 0.126059 2 0.407006 0.129831 2 0.401869 0.129676 2 0.406657 0.132413 2 0.402672 0.129704 2 0.405679 0.134115 2 0.403724 0.134189 2 0.406544 0.140585 2 0.403743 0.140391 2 0.407025 0.147956 2 0.404177 0.147456 2
0 0.185662 0.161064 0.008929 0.045752 0.185626 0.147009 1 0.185727 0.146095 1 0.185836 0.146051 1 0.186185 0.146472 2 0.187639 0.146141 1 0.186553 0.151382 2 0.188943 0.150898 2 0.186438 0.157295 2 0.190106 0.156823 2 0.186212 0.161754 2 0.189573 0.161767 1 0.187476 0.162469 2 0.189132 0.162181 2 0.187533 0.170851 2 0.189130 0.170580 2 0.187819 0.178889 2 0.189880 0.178905 2
0 0.194328 0.159664 0.009454 0.033613 0.195417 0.148084 2 0.195601 0.147421 2 0.195037 0.147487 2 0.195750 0.147700 1 0.194244 0.147856 2 0.196558 0.151396 2 0.193402 0.151725 2 0.197248 0.154812 2 0.193146 0.155383 2 0.195402 0.154510 2 0.195122 0.154868 2 0.196712 0.161674 2 0.194467 0.161929 2 0.197291 0.169091 2 0.194817 0.169552 2 0.198050 0.175720 2 0.195152 0.176340 2
0 0.202206 0.164799 0.009454 0.038282 0.202240 0.148263 2 0.202613 0.147478 2 0.201823 0.147535 2 0.203148 0.147856 2 0.201265 0.147983 2 0.204003 0.152193 2 0.200499 0.152145 2 0.205021 0.157369 2 0.199813 0.156814 2 0.204927 0.162001 2 0.199976 0.161269 2 0.203960 0.163084 2 0.201629 0.163195 2 0.204797 0.171325 2 0.201974 0.171389 2 0.205464 0.179553 2 0.203155 0.179152 2
0 0.567489 0.684874 0.019433 0.049486 0.567140 0.667421 1 0.567054 0.666096 1 0.567697 0.666454 1 0.565428 0.667304 2 0.569744 0.668108 2 0.563372 0.674347 2 0.570698 0.676616 2 0.560094 0.676495 2 0.574087 0.680952 2 0.558997 0.669646 2 0.573245 0.674410 2 0.563923 0.695451 2 0.568502 0.696510 2 0.563821 0.703993 2 0.568059 0.706180 2 0.564715 0.712842 2 0.568716 0.715199 2
0 0.266544 0.110644 0.008929 0.038282 0.263426 0.099270 1 0.263607 0.098523 1 0.263465 0.098574 1 0.264409 0.098554 2 0.264289 0.098626 1 0.265622 0.102081 2 0.264683 0.102022 2 0.265392 0.106549 2 0.264029 0.106400 1 0.264022 0.107561 2 0.263694 0.107032 1 0.266291 0.111242 2 0.265571 0.111095 2 0.266682 0.117988 2 0.265427 0.117430 2 0.267356 0.124582 2 0.265999 0.124417 2
0 0.242384 0.105976 0.020483 0.036415 0.241658 0.094564 1 0.241937 0.093936 1 0.241545 0.093870 1 0.242337 0.094334 2 0.241715 0.094116 2 0.243069 0.097874 2 0.240956 0.097502 2 0.244586 0.102362 2 0.240315 0.101324 2 0.245078 0.105233 2 0.240341 0.102973 2 0.242574 0.107020 2 0.241235 0.106876 2 0.242354 0.113296 2 0.240830 0.113281 2 0.242446 0.119259 2 0.241722 0.118901 2
0 0.612658 0.135854 0.013130 0.045752 0.613929 0.120646 2 0.614140 0.120014 2 0.613772 0.120073 1 0.614682 0.119608 2 0.613580 0.119838 1 0.615532 0.121855 2 0.613359 0.122256 2 0.616787 0.124321 2 0.612844 0.124985 2 0.615708 0.126766 2 0.613177 0.127022 2 0.614770 0.128704 2 0.613366 0.128773 2 0.614508 0.133274 2 0.613294 0.133401 2 0.614302 0.137182 2 0.613718 0.137243 2
