0 0.946954 0.386088 0.012605 0.051354 0.949975 0.352461 1 0.950445 0.351126 1 0.949405 0.351276 1 0.951418 0.350140 1 0.948675 0.350568 1 0.951745 0.352167 1 0.946593 0.352384 1 0.949060 0.358228 1 0.943238 0.358486 2 0.948371 0.369418 1 0.944904 0.371043 2 0.951899 0.371214 2 0.948052 0.371471 2 0.949934 0.388251 2 0.945405 0.389122 2 0.946912 0.403214 2 0.942433 0.403011 2
0 0.709821 0.318861 0.009979 0.045752 0.709930 0.305659 2 0.710317 0.304684 1 0.709491 0.304725 1 0.710909 0.304786 1 0.708907 0.304922 2 0.712198 0.308939 2 0.708055 0.309081 2 0.713457 0.314702 2 0.707309 0.314902 2 0.711650 0.319669 2 0.709776 0.319634 2 0.711442 0.320064 2 0.708610 0.319994 2 0.712073 0.328493 2 0.707870 0.328213 2 0.711933 0.337482 2 0.708571 0.337389 2
0 0.703782 0.380486 0.009454 0.025210 0.707412 0.377533 1 0.707221 0.376718 1 0.707525 0.376928 1 0.705836 0.375763 1 0.707553 0.376461 2 0.703838 0.377923 2 0.707222 0.379288 2 0.701897 0.382004 2 0.707615 0.384109 2 0.701909 0.386117 1 0.707890 0.387088 2 0.702670 0.385738 2 0.704935 0.386495 2 0.702829 0.387686 2 0.705165 0.388835 2 0.702603 0.392662 2 0.704672 0.393022 2
0 0.827994 0.674136 0.020483 0.054155 0.831650 0.660340 1 0.831129 0.658601 1 0.831639 0.659157 1 0.828081 0.656298 1 0.830853 0.658637 2 0.823523 0.659487 2 0.829080 0.665445 2 0.820578 0.662977 1 0.830395 0.677631 2 0.820373 0.663165 1 0.833418 0.681325 2 0.822131 0.681580 2 0.825582 0.685062 2 0.830802 0.680301 1 0.833531 0.684802 2 0.832064 0.697957 1 0.833213 0.699170 1
0 0.440914 0.271242 0.012080 0.027077 0.439783 0.265237 1 0.439814 0.264491 1 0.440042 0.264548 1 0.440130 0.264630 2 0.442151 0.264558 2 0.439599 0.268418 2 0.444130 0.268917 2 0.438431 0.273641 2 0.445207 0.275839 2 0.437053 0.277683 2 0.444915 0.281191 2 0.440094 0.280355 2 0.443304 0.280488 2 0.439082 0.287521 2 0.443454 0.288163 1 0.438888 0.287740 1 0.443507 0.288712 1
0 0.639706 0.451914 0.017857 0.041083 0.641598 0.437784 2 0.641909 0.436794 2 0.641883 0.436745 1 0.643240 0.437485 2 0.643625 0.437080 1 0.644177 0.444062 2 0.644289 0.442283 2 0.642404 0.451868 2 0.642056 0.448580 2 0.638723 0.450771 2 0.638608 0.449281 2 0.643577 0.457583 2 0.643632 0.455967 2 0.639041 0.465126 2 0.639446 0.462160 2 0.639578 0.476780 2 0.640003 0.473066 2
0 0.637868 0.437908 0.017332 0.037348 0.641685 0.437192 2 0.642107 0.436277 2 0.642004 0.436219 1 0.643472 0.437136 2 0.643389 0.436705 1 0.644329 0.443889 2 0.643793 0.442046 2 0.642662 0.451857 2 0.641937 0.447991 2 0.638945 0.450264 2 0.638882 0.449036 2 0.644110 0.456886 2 0.643583 0.455258 2 0.638052 0.456802 2 0.638016 0.454360 2 0.640519 0.462634 1 0.639891 0.459604 1
0 0.606618 0.876751 0.023109 0.069094 0.609144 0.855962 2 0.610278 0.854900 2 0.608744 0.853742 2 0.611680 0.854141 2 0.608035 0.850971 2 0.613056 0.861058 2 0.606334 0.853895 2 0.613079 0.874549 2 0.601985 0.859044 2 0.608931 0.881183 2 0.600597 0.866291 2 0.607642 0.879804 2 0.603474 0.875534 2 0.604446 0.893978 2 0.600096 0.887037 2 0.600979 0.904867 2 0.598442 0.900819 2
0 0.615546 0.876284 0.017857 0.064426 0.609537 0.854843 2 0.610625 0.853741 2 0.609036 0.852998 2 0.611893 0.853472 2 0.607889 0.851411 2 0.613049 0.860873 2 0.605493 0.856378 2 0.613209 0.874214 2 0.603466 0.864519 1 0.609410 0.881062 2 0.603466 0.875160 1 0.608867 0.879363 2 0.603947 0.876865 2 0.606088 0.890534 2 0.603466 0.886882 1 0.605205 0.902027 1 0.603466 0.899479 1
0 0.517069 0.322129 0.014181 0.046685 0.520553 0.305438 2 0.520512 0.304533 1 0.520266 0.304688 2 0.519212 0.305199 1 0.519342 0.305294 2 0.518995 0.309835 2 0.518875 0.310035 2 0.519244 0.316334 2 0.518471 0.316879 2 0.521022 0.319996 2 0.519116 0.322142 2 0.518036 0.322007 2 0.518608 0.322023 2 0.516069 0.330164 2 0.520321 0.329865 2 0.513055 0.337111 2 0.521969 0.339174 2
