0 0.189732 0.826720 0.025298 0.095238 0.182267 0.801282 2 0.182314 0.799019 2 0.182936 0.798128 1 0.185101 0.797803 2 0.188326 0.795625 1 0.186669 0.810786 2 0.191948 0.804798 2 0.186960 0.826412 2 0.195636 0.815845 2 0.184045 0.838816 2 0.197192 0.821026 2 0.188682 0.834557 2 0.192229 0.831157 2 0.189214 0.850305 2 0.191962 0.844834 2 0.193498 0.866665 2 0.196633 0.857017 2
0 0.454613 0.521164 0.019345 0.116402 0.448086 0.478974 2 0.449097 0.476380 2 0.448992 0.476406 1 0.452487 0.477319 2 0.454617 0.476732 1 0.450824 0.489889 2 0.459432 0.490125 2 0.449600 0.507528 2 0.462084 0.506764 2 0.449818 0.520745 2 0.459437 0.515543 2 0.452535 0.517937 2 0.458460 0.518215 2 0.452496 0.540341 2 0.457663 0.542633 2 0.453045 0.561786 2 0.456653 0.564588 2
0 0.178199 0.964947 0.040923 0.064815 0.196761 0.941520 2 0.196824 0.938858 2 0.197507 0.938569 1 0.199521 0.938550 2 0.202343 0.937281 1 0.202584 0.951713 2 0.203605 0.946583 2 0.196205 0.952912 2 0.196684 0.938910 2 0.188493 0.941240 2 0.187221 0.932202 2 0.202991 0.989468 1 0.203302 0.986412 1 0.198286 0.989683 1 0.198968 0.987072 1 0.197615 0.991731 1 0.198516 0.990188 1
0 0.200893 0.933862 0.050595 0.087302 0.173873 0.958960 2 0.174132 0.955478 2 0.175882 0.954901 1 0.177161 0.956961 2 0.185257 0.954055 1 0.176700 0.981101 2 0.191678 0.972114 2 0.167243 0.994344 1 0.182633 0.981185 2 0.168891 0.977988 1 0.173060 0.975648 2 0.180248 0.994709 1 0.190441 0.994039 1 0.168251 0.990580 1 0.176959 0.979925 1 0.168279 0.990965 1 0.175150 0.983452 1
0 0.440476 0.503968 0.020833 0.105820 0.448419 0.478817 2 0.449151 0.476597 2 0.448981 0.476550 1 0.451560 0.477475 2 0.452625 0.476785 1 0.450067 0.489111 2 0.454613 0.487929 1 0.449199 0.504651 2 0.454613 0.503549 1 0.450263 0.516600 2 0.454056 0.516156 1 0.451161 0.516447 2 0.454613 0.516057 2 0.451014 0.537347 2 0.453823 0.537619 2 0.450540 0.558069 2 0.451715 0.556164 2
0 0.430804 0.468915 0.022321 0.109788 0.439723 0.465241 1 0.439694 0.463386 1 0.440522 0.463505 1 0.438296 0.464805 2 0.443724 0.464960 2 0.435967 0.476232 2 0.445054 0.476718 2 0.433951 0.489460 2 0.446033 0.490378 2 0.434337 0.499571 2 0.445673 0.499001 1 0.438006 0.501588 2 0.444004 0.501830 2 0.439213 0.519491 2 0.443471 0.520274 2 0.440706 0.536041 2 0.442501 0.536287 2
0 0.799479 0.812169 0.052827 0.134921 0.796752 0.765494 1 0.797860 0.763462 2 0.799335 0.763690 1 0.801127 0.769251 2 0.809968 0.768324 1 0.795102 0.785129 2 0.816504 0.787733 2 0.786538 0.789915 2 0.820156 0.801018 1 0.782114 0.782343 2 0.812410 0.788096 1 0.798005 0.837164 2 0.812111 0.836989 2 0.779910 0.820966 2 0.796812 0.821800 2 0.788550 0.862174 2 0.801165 0.858553 2
0 0.435268 0.441799 0.017857 0.089947 0.439868 0.465286 1 0.439692 0.463633 1 0.440436 0.463752 1 0.438003 0.465001 2 0.443186 0.465145 2 0.435974 0.476795 2 0.445249 0.477687 2 0.434223 0.491956 2 0.446344 0.493862 2 0.434378 0.500094 2 0.445055 0.501070 1 0.437147 0.502078 2 0.443424 0.502496 2 0.437211 0.499549 1 0.443865 0.500713 1 0.437929 0.503009 1 0.442075 0.503968 1
0 0.488839 0.529762 0.028274 0.123016 0.486889 0.481701 2 0.488235 0.479207 2 0.485526 0.479779 2 0.490781 0.478692 2 0.484091 0.479834 2 0.493145 0.492159 2 0.480990 0.489823 2 0.496236 0.508430 2 0.477836 0.506566 2 0.498106 0.521843 2 0.477278 0.523363 2 0.489945 0.526482 2 0.482090 0.524596 2 0.489511 0.552041 2 0.481464 0.545071 2 0.489597 0.574174 2 0.483448 0.558787 2
0 0.500000 0.495370 0.022321 0.099206 0.499159 0.459999 2 0.500425 0.458280 2 0.498540 0.458038 2 0.502909 0.458560 2 0.497841 0.457989 1 0.505602 0.468810 2 0.495885 0.467099 2 0.507471 0.481970 2 0.493222 0.478556 2 0.501811 0.487911 2 0.496085 0.486790 2 0.503563 0.494591 2 0.497112 0.493368 2 0.502410 0.515407 2 0.496144 0.513192 2 0.502813 0.534884 2 0.496774 0.532361 2
0 0.549851 0.535053 0.032738 0.117725 0.549834 0.489335 2 0.551399 0.487818 2 0.549328 0.487180 2 0.554620 0.489669 2 0.549046 0.488385 1 0.558651 0.500875 2 0.545650 0.500353 2 0.562725 0.514883 2 0.542585 0.513465 2 0.563304 0.530357 2 0.540106 0.527346 2 0.556045 0.532927 2 0.547702 0.532680 2 0.555152 0.553627 2 0.548142 0.553863 2 0.553828 0.571597 2 0.548924 0.573815 2
0 0.544271 0.457672 0.026042 0.092593 0.549563 0.488965 2 0.551099 0.487010 2 0.548842 0.486853 2 0.554481 0.488093 2 0.548631 0.487579 1 0.558827 0.499501 2 0.545741 0.498659 2 0.561153 0.516186 1 0.542173 0.514878 2 0.559111 0.520740 1 0.540592 0.519756 2 0.556202 0.521474 1 0.547435 0.521226 1 0.554510 0.512206 1 0.545092 0.510273 1 0.552281 0.521329 1 0.545143 0.520474 1
0 0.603423 0.443122 0.020833 0.087302 0.602395 0.413123 2 0.603606 0.411307 2 0.601444 0.411279 2 0.605717 0.411489 2 0.600209 0.411575 2 0.608296 0.419176 2 0.598279 0.420000 2 0.612302 0.428092 2 0.595122 0.430133 2 0.611562 0.433921 2 0.594839 0.437641 2 0.606853 0.442652 2 0.599868 0.442928 2 0.608650 0.458764 2 0.596089 0.459643 2 0.609263 0.476987 2 0.595902 0.477975 2
0 0.608631 0.442460 0.016369 0.072751 0.602111 0.413703 2 0.603438 0.411652 2 0.601039 0.411713 2 0.605766 0.411427 2 0.599617 0.411583 2 0.608435 0.420113 2 0.598327 0.421030 2 0.612224 0.430675 2 0.597470 0.433114 1 0.610040 0.436897 2 0.598612 0.440075 1 0.607282 0.443392 2 0.600463 0.443774 2 0.608034 0.459620 2 0.599842 0.460237 2 0.608982 0.476265 2 0.600387 0.477287 2
0 0.512649 0.373677 0.019345 0.083333 0.511931 0.344270 2 0.512971 0.342613 2 0.511265 0.342739 2 0.514893 0.343435 2 0.510685 0.343574 1 0.516388 0.353488 2 0.509278 0.352551 2 0.518607 0.363420 2 0.507553 0.362308 2 0.518831 0.374053 2 0.507422 0.372425 2 0.514823 0.375484 2 0.510231 0.374867 2 0.514925 0.391015 2 0.510271 0.388744 2 0.514987 0.405137 2 0.511083 0.400137 2
0 0.502976 0.355820 0.022321 0.097884 0.503476 0.319539 2 0.504371 0.317673 2 0.502552 0.317830 2 0.505717 0.317597 2 0.501180 0.317898 2 0.508159 0.327499 2 0.498985 0.327497 2 0.510270 0.340239 2 0.496768 0.339066 2 0.510051 0.351054 2 0.495529 0.350761 2 0.506281 0.353329 2 0.500132 0.353122 2 0.506180 0.372260 2 0.499419 0.372198 2 0.504713 0.390547 2 0.498383 0.391027 2
0 0.433408 0.277778 0.011161 0.058201 0.434392 0.261451 2 0.434876 0.260480 2 0.433891 0.260555 2 0.435662 0.260069 2 0.433193 0.260236 2 0.436717 0.264659 2 0.432452 0.264690 2 0.438738 0.270706 2 0.430905 0.270187 2 0.438210 0.277262 2 0.430860 0.276801 2 0.435750 0.278608 2 0.433091 0.278576 2 0.435363 0.287747 2 0.433298 0.287836 2 0.435657 0.294832 2 0.433075 0.294760 2
0 0.230655 0.878307 0.038690 0.158730 0.224655 0.899334 2 0.226225 0.896247 2 0.223321 0.896805 2 0.230328 0.894770 2 0.222878 0.896519 1 0.235544 0.906510 2 0.222221 0.908909 2 0.241298 0.922114 2 0.220105 0.925740 2 0.241639 0.941844 2 0.217413 0.943084 2 0.234972 0.944205 2 0.226730 0.945029 2 0.234843 0.971368 2 0.229397 0.971413 2 0.235145 0.986824 2 0.231916 0.984736 2
0 0.229911 0.931878 0.031250 0.101852 0.224590 0.899623 2 0.226096 0.896675 2 0.223338 0.896986 2 0.230459 0.894764 2 0.223229 0.895882 1 0.235429 0.906518 2 0.221914 0.908403 2 0.241736 0.920621 2 0.219580 0.926162 2 0.241999 0.940350 2 0.217791 0.945512 2 0.234565 0.944867 2 0.226494 0.945346 2 0.234361 0.970476 2 0.229694 0.969440 2 0.235227 0.993506 2 0.233513 0.988941 2
0 0.224702 0.700397 0.032738 0.123016 0.214712 0.659826 2 0.215777 0.657329 2 0.214127 0.657433 1 0.219627 0.656854 2 0.215903 0.657062 1 0.224391 0.667081 2 0.215813 0.666955 2 0.230856 0.682813 2 0.214882 0.682877 2 0.238291 0.698703 2 0.214013 0.697509 2 0.225480 0.699566 2 0.220754 0.699903 2 0.225223 0.721974 2 0.224212 0.722486 2 0.225809 0.740614 2 0.229436 0.739371 2
0 0.111607 0.937831 0.037202 0.113757 0.108142 0.908483 1 0.109186 0.906208 2 0.109699 0.905851 1 0.112147 0.908841 2 0.117483 0.907012 1 0.106636 0.922274 2 0.122241 0.920075 2 0.099057 0.925875 2 0.125359 0.924118 2 0.101007 0.915913 2 0.115246 0.918027 2 0.110352 0.957233 2 0.120859 0.956793 2 0.113127 0.977787 2 0.123413 0.977494 2 0.115405 0.999524 2 0.126131 0.994984 2
0 0.127976 0.828042 0.044643 0.100529 0.119306 0.793450 1 0.118288 0.793210 1 0.119230 0.792003 1 0.112826 0.798329 1 0.119334 0.795364 2 0.112262 0.808576 2 0.124299 0.803850 2 0.111116 0.806696 2 0.132833 0.803156 2 0.113557 0.793339 2 0.135035 0.795701 2 0.122429 0.833829 2 0.130757 0.831374 2 0.124254 0.853390 2 0.134638 0.842876 2 0.126710 0.869022 2 0.142007 0.862975 2
0 0.192708 0.701058 0.028274 0.116402 0.186826 0.659750 1 0.186841 0.657647 1 0.187602 0.657173 1 0.185974 0.657699 2 0.192308 0.655600 2 0.185261 0.670738 2 0.197003 0.663415 2 0.184443 0.689978 2 0.204179 0.675141 2 0.187190 0.694776 2 0.199075 0.684296 2 0.191708 0.701454 2 0.198572 0.697599 2 0.192928 0.729701 2 0.192946 0.720830 2 0.200207 0.754103 2 0.195978 0.741627 2
0 0.207961 0.652778 0.023065 0.125661 0.202436 0.615818 2 0.202671 0.613000 2 0.201650 0.613456 1 0.205577 0.609962 2 0.203232 0.611449 1 0.211160 0.619878 2 0.206526 0.619518 2 0.211660 0.639742 2 0.207345 0.636846 1 0.208773 0.656653 2 0.207064 0.654937 1 0.212799 0.651148 2 0.209959 0.650570 2 0.213416 0.674143 2 0.211500 0.673290 2 0.215393 0.699281 2 0.215688 0.697312 2
