0 0.637277 0.855159 0.037946 0.186508 0.637873 0.793128 2 0.639763 0.789472 2 0.635817 0.788204 2 0.639078 0.790226 1 0.630812 0.787064 2 0.631701 0.805707 2 0.632629 0.807794 2 0.639578 0.824026 1 0.643944 0.828650 2 0.649447 0.822971 2 0.652587 0.825991 2 0.633220 0.859188 2 0.633870 0.862041 2 0.635915 0.899208 2 0.637056 0.909228 2 0.635408 0.935359 2 0.634160 0.952022 2
0 0.675223 0.792328 0.037946 0.185185 0.678248 0.723787 2 0.680438 0.720476 2 0.676422 0.719882 2 0.683500 0.722344 2 0.673610 0.720691 2 0.685526 0.743481 2 0.667712 0.738461 2 0.688756 0.767836 2 0.661062 0.762044 2 0.688784 0.792870 2 0.660562 0.787500 2 0.679770 0.793781 2 0.667875 0.790764 2 0.679904 0.831100 2 0.662559 0.823119 2 0.676256 0.866506 2 0.661853 0.851554 2
0 0.616071 0.763889 0.046131 0.112434 0.637537 0.792713 2 0.639557 0.789299 2 0.635431 0.788371 2 0.640304 0.788913 1 0.630670 0.787088 2 0.632978 0.803769 2 0.631337 0.806952 2 0.640393 0.823564 2 0.643386 0.829987 2 0.642953 0.824173 1 0.648065 0.826096 2 0.631506 0.841117 1 0.630147 0.842593 1 0.643523 0.829300 1 0.645239 0.839142 1 0.641209 0.836523 1 0.638929 0.842593 1
0 0.370908 0.472222 0.015625 0.058201 0.369984 0.453004 2 0.370669 0.451785 2 0.369454 0.451979 2 0.372005 0.452287 2 0.368963 0.452817 1 0.373340 0.458211 2 0.368794 0.458842 2 0.374410 0.464209 2 0.367200 0.464536 1 0.370351 0.465086 2 0.366820 0.464834 1 0.373473 0.474358 2 0.370341 0.474667 2 0.374595 0.486306 2 0.370536 0.486837 2 0.375973 0.498270 2 0.371487 0.498245 2
0 0.575893 0.607143 0.029762 0.119048 0.581634 0.567124 2 0.580984 0.565010 1 0.581362 0.565203 2 0.578351 0.564898 1 0.579562 0.565726 2 0.578474 0.573982 2 0.572731 0.576094 2 0.582235 0.586281 2 0.568923 0.589287 2 0.588635 0.591954 2 0.575907 0.598003 2 0.576859 0.605129 2 0.572105 0.607559 2 0.582657 0.624989 2 0.569190 0.633705 2 0.580054 0.645532 2 0.563964 0.653971 2
0 0.567336 0.608466 0.029018 0.103175 0.581427 0.567027 2 0.580690 0.564889 1 0.581125 0.564835 2 0.577642 0.565590 1 0.579427 0.565979 2 0.577875 0.574159 2 0.572295 0.576419 2 0.581428 0.584476 2 0.568381 0.588929 2 0.586863 0.587750 2 0.575790 0.597516 2 0.575934 0.605388 2 0.571613 0.608075 2 0.582114 0.625965 2 0.567839 0.635298 2 0.578149 0.646954 2 0.565592 0.656644 2
0 0.490699 0.564153 0.023065 0.099206 0.491020 0.531468 1 0.490346 0.529539 1 0.491037 0.529479 1 0.486619 0.531196 2 0.491692 0.531108 2 0.484459 0.542933 2 0.493211 0.542047 2 0.482475 0.556506 2 0.497089 0.554771 2 0.482689 0.566998 2 0.499837 0.566846 2 0.486927 0.565662 2 0.493035 0.565341 2 0.486751 0.587957 2 0.494121 0.586892 2 0.484708 0.608393 2 0.494031 0.607469 2
0 0.519345 0.606481 0.026786 0.117725 0.522114 0.561751 1 0.521027 0.559605 1 0.521567 0.559614 1 0.515355 0.560594 2 0.520150 0.561163 2 0.510817 0.574084 2 0.522682 0.574183 2 0.508126 0.590352 2 0.525048 0.591183 2 0.511889 0.598351 2 0.526138 0.604329 2 0.513040 0.606628 2 0.521224 0.606790 2 0.514377 0.629910 2 0.521988 0.628576 2 0.515847 0.653226 2 0.521770 0.652245 2
0 0.518601 0.555556 0.022321 0.095238 0.521916 0.561013 1 0.520807 0.559128 1 0.521353 0.559043 1 0.515583 0.560291 1 0.519467 0.560646 2 0.511093 0.573373 2 0.522304 0.573357 2 0.508201 0.589778 2 0.525085 0.590309 2 0.511820 0.598299 2 0.525851 0.604396 2 0.513177 0.605802 2 0.520826 0.605838 2 0.513948 0.621362 1 0.522007 0.621229 1 0.514359 0.621122 1 0.520707 0.621342 1
0 0.541667 0.545635 0.013393 0.078042 0.542546 0.516424 1 0.542430 0.514984 1 0.542884 0.514982 1 0.541049 0.515799 2 0.544971 0.515641 2 0.539864 0.523880 2 0.546337 0.523855 2 0.537799 0.531544 2 0.547328 0.533042 2 0.539181 0.533017 1 0.546919 0.540270 1 0.540904 0.543837 2 0.545220 0.543857 2 0.540948 0.558781 2 0.544496 0.558454 2 0.541135 0.573040 2 0.544359 0.573378 2
0 0.475074 0.565476 0.020089 0.099206 0.479410 0.532662 2 0.478616 0.530590 1 0.478895 0.530776 2 0.474278 0.530935 1 0.476800 0.531590 2 0.470715 0.541468 2 0.477987 0.542107 2 0.468900 0.554890 2 0.479947 0.555351 2 0.471464 0.564361 2 0.481360 0.565142 2 0.471884 0.565588 2 0.477405 0.565943 2 0.471953 0.585725 2 0.480500 0.585521 2 0.469905 0.604261 2 0.480940 0.605487 2
0 0.503348 0.532407 0.014137 0.085979 0.502064 0.499309 1 0.502111 0.497480 1 0.502446 0.497667 1 0.500770 0.498399 2 0.504709 0.498593 2 0.499027 0.508500 2 0.506299 0.508887 2 0.497893 0.521206 2 0.507165 0.521072 2 0.498441 0.531478 2 0.503023 0.524987 2 0.499735 0.531111 2 0.504749 0.531241 2 0.501084 0.549934 2 0.504556 0.549702 2 0.501872 0.567752 2 0.504334 0.567291 2
0 0.487351 0.523810 0.017857 0.082011 0.491472 0.531123 1 0.490623 0.529417 1 0.491632 0.529276 1 0.486456 0.531011 2 0.491835 0.530824 2 0.484248 0.543149 2 0.493521 0.542029 2 0.482969 0.557381 2 0.496695 0.554112 2 0.482544 0.567501 2 0.498144 0.564973 2 0.487040 0.564687 2 0.493196 0.564390 2 0.487518 0.580688 1 0.493736 0.580688 1 0.487716 0.580661 1 0.492535 0.580649 1
0 0.466890 0.426587 0.014137 0.051587 0.466043 0.409848 1 0.466075 0.408860 1 0.466254 0.408784 1 0.466181 0.408731 2 0.468274 0.408475 2 0.466033 0.413817 2 0.469440 0.413439 2 0.464881 0.421257 2 0.470685 0.421302 2 0.463488 0.425603 2 0.470984 0.428426 2 0.466938 0.427206 2 0.469318 0.426976 2 0.465431 0.437325 2 0.468588 0.437792 2 0.466070 0.447975 2 0.470126 0.447779 2
0 0.760417 0.907407 0.059524 0.179894 0.771077 0.843944 2 0.774389 0.840236 2 0.769504 0.839033 2 0.779776 0.846763 2 0.768642 0.842222 2 0.783655 0.877800 2 0.771697 0.865936 2 0.783895 0.907064 2 0.774857 0.900745 2 0.784548 0.912065 2 0.776775 0.913990 2 0.777197 0.934500 2 0.766565 0.924228 2 0.775156 0.972670 2 0.747621 0.941223 2 0.776891 1.000000 2 0.744740 0.975573 2
