0 0.273438 0.454034 0.008929 0.025794 0.272438 0.450031 1 0.272458 0.449607 1 0.272530 0.449583 1 0.272344 0.449765 2 0.273305 0.449633 2 0.272167 0.452066 2 0.273758 0.451863 2 0.271387 0.454594 2 0.274668 0.454325 2 0.271550 0.456636 2 0.274675 0.457019 2 0.272682 0.457386 2 0.273710 0.457305 2 0.272665 0.461111 2 0.273547 0.461101 2 0.272389 0.465067 2 0.273713 0.465095 2
0 0.843936 0.524802 0.008557 0.028439 0.841557 0.515969 1 0.841599 0.515461 1 0.841717 0.515526 1 0.841458 0.515768 2 0.842793 0.515786 2 0.841066 0.518709 2 0.843650 0.518520 2 0.840340 0.522327 2 0.844347 0.521346 2 0.839749 0.523492 2 0.843432 0.522339 1 0.841071 0.526723 2 0.842805 0.526576 2 0.840202 0.531256 2 0.842018 0.531481 2 0.840462 0.536362 2 0.841922 0.536575 2
0 0.853981 0.535384 0.007812 0.024471 0.852474 0.527929 1 0.852447 0.527465 1 0.852599 0.527507 1 0.852026 0.527553 2 0.853304 0.527626 2 0.851376 0.529990 2 0.853543 0.530117 2 0.850543 0.532507 2 0.853982 0.533645 2 0.850237 0.532931 2 0.854361 0.535816 2 0.851534 0.536424 2 0.853000 0.536421 2 0.851344 0.540104 2 0.852941 0.539718 2 0.850992 0.544081 2 0.852314 0.543051 2
0 0.731585 0.371362 0.006324 0.020503 0.731723 0.362386 1 0.731636 0.362085 1 0.731689 0.362078 1 0.731056 0.362162 2 0.731674 0.362184 2 0.730639 0.363757 2 0.731838 0.363769 2 0.730255 0.365549 2 0.732688 0.365278 2 0.730650 0.366347 2 0.732454 0.365402 2 0.730852 0.367854 2 0.731579 0.367888 2 0.730960 0.371104 2 0.731216 0.371237 2 0.730876 0.374400 2 0.730995 0.374470 2
0 0.745164 0.378968 0.005208 0.019841 0.746065 0.377309 1 0.745980 0.376953 1 0.746111 0.376979 1 0.745445 0.377049 2 0.746353 0.377141 2 0.744961 0.378904 2 0.746563 0.379042 2 0.744411 0.380777 2 0.746966 0.381183 2 0.744562 0.382276 2 0.747327 0.383091 2 0.745202 0.383342 2 0.746278 0.383411 2 0.745276 0.386423 2 0.746346 0.386461 2 0.745323 0.389479 2 0.746406 0.389504 2
0 0.739025 0.375000 0.004092 0.018519 0.739333 0.373937 1 0.739236 0.373600 1 0.739297 0.373583 1 0.738785 0.373684 1 0.739097 0.373696 2 0.738773 0.375438 2 0.738820 0.375521 2 0.739324 0.377401 2 0.739151 0.377583 2 0.739904 0.377300 1 0.739955 0.377317 2 0.738752 0.379728 2 0.738785 0.379784 2 0.738630 0.382645 2 0.738559 0.382756 2 0.738399 0.385573 2 0.738392 0.385718 2
0 0.743118 0.349206 0.006324 0.017196 0.743112 0.342836 1 0.743289 0.342474 1 0.742903 0.342450 1 0.743483 0.342756 1 0.742543 0.342738 2 0.743531 0.344898 2 0.742072 0.344853 2 0.743732 0.346947 2 0.741316 0.346902 2 0.742903 0.347336 2 0.741482 0.347774 2 0.743165 0.348906 2 0.742234 0.348927 2 0.743201 0.351887 2 0.742298 0.352044 2 0.743360 0.355057 2 0.742545 0.354842 2
0 0.599144 0.695437 0.008557 0.023148 0.600467 0.688099 2 0.600712 0.687550 2 0.600167 0.687559 2 0.601124 0.687831 2 0.599759 0.687819 2 0.602028 0.691092 2 0.599096 0.690610 2 0.602702 0.695032 2 0.598134 0.694005 2 0.602617 0.698725 2 0.598166 0.697404 2 0.601187 0.698256 2 0.599081 0.697889 2 0.601887 0.702459 2 0.597882 0.701643 2 0.601791 0.708149 2 0.597723 0.707233 2
0 0.627418 0.728505 0.007812 0.032407 0.627888 0.719801 1 0.627760 0.719316 1 0.628057 0.719386 1 0.626788 0.719660 2 0.628832 0.719884 2 0.625727 0.722498 2 0.629347 0.722914 2 0.624705 0.726494 2 0.630178 0.726808 2 0.624351 0.730917 2 0.629860 0.730779 2 0.625971 0.731655 2 0.628436 0.731890 2 0.626117 0.735001 2 0.628588 0.735693 2 0.626020 0.740143 2 0.628021 0.740759 2
0 0.537760 0.491402 0.007068 0.026455 0.537151 0.484587 2 0.537375 0.484148 2 0.536937 0.484120 2 0.537657 0.484338 2 0.536546 0.484274 2 0.538002 0.486720 2 0.536047 0.486641 2 0.538878 0.488238 2 0.535756 0.488196 2 0.538203 0.489060 2 0.535873 0.489264 2 0.537174 0.492626 2 0.535815 0.492491 2 0.537071 0.496783 2 0.535399 0.496645 2 0.537142 0.500912 2 0.535191 0.500635 2
0 0.542411 0.503638 0.007440 0.025794 0.542468 0.496475 1 0.542465 0.495977 1 0.542616 0.496013 1 0.542227 0.496219 1 0.543345 0.496273 2 0.541877 0.498462 2 0.543488 0.498810 2 0.540652 0.500096 2 0.543085 0.501413 2 0.540856 0.500212 2 0.543249 0.503455 1 0.542252 0.505005 2 0.543290 0.505191 2 0.542048 0.509911 2 0.542933 0.510049 2 0.541992 0.514222 2 0.542973 0.514613 2
