0 0.952009 0.304894 0.029018 0.099206 0.963665 0.256092 1 0.962517 0.253968 1 0.963373 0.254350 2 0.957354 0.254197 1 0.961219 0.255775 2 0.953910 0.263244 2 0.957334 0.265992 2 0.954401 0.277393 2 0.954842 0.283157 2 0.961456 0.285326 1 0.957286 0.292329 2 0.949839 0.290787 2 0.952593 0.292304 2 0.948112 0.312075 2 0.949984 0.315083 2 0.942437 0.333157 2 0.944352 0.334140 2
0 0.338542 0.155423 0.013393 0.064815 0.335815 0.129496 2 0.336301 0.128078 2 0.335159 0.128174 2 0.337012 0.129167 1 0.334358 0.129267 2 0.338655 0.136641 2 0.333395 0.136182 2 0.340532 0.145366 2 0.332525 0.142878 2 0.337944 0.142049 2 0.335159 0.138190 2 0.338232 0.152491 2 0.334751 0.152445 2 0.339082 0.166589 2 0.335404 0.166826 2 0.338181 0.180431 2 0.335909 0.180529 2
0 0.907366 0.269841 0.024554 0.063492 0.923387 0.253331 1 0.923366 0.251182 1 0.923505 0.251425 1 0.921563 0.251162 2 0.924051 0.251848 1 0.919215 0.261963 2 0.923344 0.262867 1 0.916345 0.279262 2 0.919537 0.280019 1 0.916083 0.290987 2 0.916375 0.290871 1 0.918935 0.299241 2 0.921968 0.299972 2 0.918837 0.312686 1 0.922625 0.312686 1 0.918362 0.311820 1 0.921531 0.312145 1
0 0.540179 0.468915 0.029762 0.146825 0.540910 0.407635 2 0.542436 0.405167 2 0.539405 0.405156 2 0.545065 0.405714 2 0.536852 0.405508 2 0.548364 0.419770 2 0.533701 0.419403 2 0.551836 0.436092 2 0.530553 0.438724 2 0.555275 0.454576 2 0.529161 0.459986 2 0.545856 0.455880 2 0.534692 0.455262 2 0.549499 0.487151 2 0.530344 0.485013 2 0.552361 0.515103 2 0.524040 0.513465 2
0 0.787574 0.298942 0.021577 0.111111 0.788038 0.254624 2 0.789268 0.252857 2 0.786974 0.252619 2 0.790928 0.253849 2 0.784774 0.253291 2 0.793374 0.265235 2 0.781938 0.264784 2 0.796486 0.280003 2 0.778371 0.278552 2 0.789532 0.281590 2 0.780927 0.282463 2 0.789147 0.294456 2 0.781325 0.293619 2 0.786560 0.317038 2 0.778960 0.317127 2 0.788461 0.338212 2 0.777693 0.340781 2
0 0.672991 0.186508 0.017113 0.068783 0.672211 0.158307 1 0.671876 0.157050 1 0.672341 0.157227 1 0.669494 0.157533 2 0.672852 0.158112 2 0.667747 0.163710 2 0.673484 0.164655 2 0.665183 0.172011 2 0.673023 0.173699 1 0.664765 0.177675 2 0.671513 0.178887 1 0.668150 0.181996 2 0.671940 0.182410 2 0.667504 0.197109 2 0.670235 0.197237 2 0.667973 0.211687 2 0.669649 0.211757 2
0 0.663690 0.559524 0.043155 0.190476 0.652573 0.484333 2 0.654251 0.481196 2 0.653683 0.481329 1 0.658313 0.486653 2 0.662063 0.485634 1 0.654933 0.509622 2 0.668563 0.509082 2 0.650548 0.538738 2 0.670929 0.531358 2 0.648260 0.527803 2 0.660752 0.528256 2 0.654010 0.563999 2 0.664040 0.564516 2 0.646389 0.591644 2 0.661585 0.603073 2 0.641263 0.628211 2 0.659174 0.643042 2
0 0.373140 0.498677 0.029018 0.161376 0.389548 0.476599 2 0.388134 0.473804 1 0.388452 0.474131 2 0.382317 0.476170 1 0.384308 0.477957 2 0.376568 0.497179 2 0.381247 0.499741 2 0.375968 0.525567 2 0.379794 0.530533 2 0.383065 0.542596 1 0.389691 0.545448 2 0.377393 0.547596 2 0.379810 0.550213 2 0.385298 0.585779 2 0.384101 0.590398 2 0.385861 0.610801 1 0.373367 0.610801 2
0 0.541295 0.423942 0.031994 0.144180 0.540792 0.406990 2 0.542441 0.404571 2 0.539353 0.404569 2 0.545250 0.405019 2 0.537026 0.405049 2 0.548342 0.418265 2 0.533582 0.419178 2 0.551307 0.435299 2 0.530723 0.439002 2 0.553693 0.453024 2 0.529194 0.460402 2 0.546525 0.454939 2 0.535501 0.455206 2 0.549400 0.485160 2 0.531177 0.485209 2 0.551297 0.513015 2 0.524618 0.513326 2
0 0.187872 0.423942 0.029018 0.144180 0.188012 0.373137 2 0.188210 0.370261 2 0.186257 0.370777 2 0.186241 0.372551 1 0.181926 0.373508 2 0.183940 0.389447 2 0.181455 0.390130 2 0.184435 0.411593 1 0.178523 0.411589 2 0.187693 0.427636 2 0.182758 0.430301 2 0.185762 0.429636 2 0.185199 0.430761 2 0.184973 0.457230 2 0.190247 0.458827 2 0.183449 0.484205 2 0.191685 0.487441 2
0 0.323661 0.441799 0.026786 0.137566 0.318009 0.397803 2 0.319222 0.393930 2 0.316091 0.395114 2 0.321252 0.392551 2 0.313688 0.395845 2 0.323239 0.404189 2 0.314254 0.411198 2 0.324441 0.420779 2 0.314967 0.432758 2 0.327527 0.439195 2 0.316951 0.452034 2 0.323216 0.438884 2 0.316984 0.442524 2 0.326808 0.465804 2 0.317647 0.474303 2 0.326586 0.489604 2 0.318619 0.501890 2
0 0.466146 0.488095 0.048363 0.150794 0.464065 0.431984 2 0.466033 0.428650 2 0.462469 0.428458 2 0.468287 0.427948 2 0.459798 0.427239 2 0.473196 0.441811 2 0.454892 0.442912 2 0.477312 0.460311 2 0.449764 0.459993 2 0.481676 0.481377 2 0.444967 0.479870 2 0.468285 0.484206 2 0.457535 0.484933 2 0.465504 0.513255 2 0.460761 0.517492 2 0.457480 0.538091 2 0.465282 0.549878 2
0 0.376116 0.548280 0.036458 0.173280 0.389625 0.477782 2 0.388259 0.474968 1 0.388676 0.475289 2 0.382407 0.476923 1 0.384740 0.478608 2 0.376147 0.498327 2 0.381623 0.500213 2 0.374726 0.526486 2 0.381127 0.529190 2 0.377303 0.547753 2 0.390024 0.544612 2 0.375422 0.546368 2 0.378160 0.548602 2 0.384901 0.581787 2 0.384022 0.585481 2 0.387254 0.614373 2 0.374099 0.613684 2
0 0.495536 0.636905 0.046131 0.212963 0.490461 0.556243 1 0.490540 0.552166 1 0.491035 0.552624 1 0.486661 0.554720 2 0.496974 0.555679 2 0.480855 0.579157 2 0.500194 0.580678 2 0.476606 0.604694 2 0.503494 0.611673 2 0.484707 0.614414 1 0.506345 0.627982 2 0.481636 0.638269 2 0.495444 0.638553 2 0.482060 0.682896 2 0.498500 0.681323 2 0.481908 0.727192 2 0.500008 0.723606 2
0 0.515625 0.398810 0.026786 0.136243 0.524880 0.346449 2 0.526550 0.344051 2 0.523522 0.343625 2 0.529051 0.345377 2 0.521300 0.344207 2 0.531281 0.362030 2 0.518313 0.357854 2 0.533254 0.383163 2 0.514853 0.372471 2 0.533050 0.400364 2 0.512392 0.386846 2 0.527058 0.399502 2 0.517869 0.397171 2 0.528640 0.428285 2 0.515084 0.424075 2 0.530555 0.455566 2 0.514308 0.450869 2
0 0.221354 0.349206 0.024554 0.126984 0.219938 0.300445 2 0.221074 0.298228 2 0.218659 0.298212 2 0.222847 0.299448 2 0.216583 0.299472 2 0.226198 0.313024 2 0.214194 0.313164 2 0.230376 0.327353 2 0.211046 0.327036 2 0.224138 0.329825 2 0.214361 0.329847 2 0.225964 0.345920 2 0.217614 0.345750 2 0.227861 0.371803 2 0.218182 0.371770 2 0.230425 0.394607 2 0.218821 0.395067 2
0 0.237351 0.329365 0.029762 0.113757 0.229618 0.287367 2 0.231002 0.285394 2 0.229303 0.285131 2 0.233920 0.286204 2 0.229856 0.285437 1 0.235828 0.299057 2 0.234362 0.299130 2 0.238526 0.318198 2 0.234956 0.315796 1 0.236587 0.334848 2 0.231056 0.332893 1 0.236749 0.331940 2 0.234669 0.332019 2 0.239919 0.353998 2 0.232648 0.355967 2 0.249745 0.369308 2 0.229643 0.378605 2
0 0.408854 0.303571 0.020089 0.099206 0.407486 0.267242 2 0.408801 0.265556 2 0.407615 0.265079 1 0.411636 0.267397 2 0.408815 0.266167 1 0.411666 0.278812 2 0.406955 0.277564 2 0.408663 0.293525 2 0.402774 0.292397 2 0.403578 0.301138 2 0.402443 0.302341 2 0.410196 0.305830 2 0.407013 0.305251 2 0.409453 0.326630 2 0.406966 0.326117 2 0.409877 0.346695 2 0.406942 0.346147 2
0 0.556920 0.210979 0.018601 0.085979 0.554755 0.174721 1 0.554592 0.173102 1 0.555005 0.173173 1 0.552567 0.174193 2 0.557111 0.174304 2 0.550570 0.184146 2 0.558659 0.184376 2 0.549165 0.196130 2 0.560398 0.196644 2 0.547833 0.206445 2 0.561326 0.206007 2 0.551385 0.207210 2 0.557188 0.207342 2 0.551095 0.224638 2 0.558448 0.225059 2 0.550349 0.242529 2 0.558060 0.242758 2
0 0.922991 0.298280 0.030506 0.115079 0.932101 0.253700 1 0.931332 0.251152 1 0.931929 0.251665 1 0.925625 0.250930 2 0.931342 0.252692 2 0.919521 0.262420 2 0.931848 0.265638 2 0.915650 0.277643 2 0.934072 0.283154 2 0.916046 0.289449 2 0.933293 0.282991 2 0.918695 0.297700 2 0.927012 0.299199 2 0.918830 0.322033 2 0.927043 0.321564 2 0.916823 0.345947 2 0.923065 0.341307 2
0 0.421503 0.290344 0.021577 0.104497 0.417038 0.249337 2 0.418152 0.247220 2 0.416810 0.247264 1 0.421153 0.247881 2 0.417436 0.247940 1 0.424932 0.259796 2 0.415625 0.259007 2 0.425923 0.276565 2 0.412748 0.272811 2 0.417439 0.276953 2 0.413829 0.274866 2 0.422098 0.289849 2 0.415619 0.289022 2 0.421344 0.313730 2 0.414151 0.313421 2 0.421309 0.337396 2 0.413484 0.337340 2
0 0.792411 0.277778 0.020833 0.087302 0.787947 0.254215 2 0.789056 0.252497 2 0.786891 0.252236 2 0.790406 0.253717 2 0.784819 0.253064 2 0.793045 0.265649 2 0.782073 0.264375 2 0.796180 0.280670 2 0.779744 0.278293 2 0.789129 0.281557 2 0.781572 0.282847 2 0.790070 0.294343 2 0.783092 0.293146 2 0.786441 0.315318 2 0.782470 0.313451 2 0.787237 0.332402 2 0.784549 0.330636 1
0 0.813616 0.275794 0.024554 0.083333 0.812517 0.244144 2 0.812355 0.242359 2 0.811752 0.242405 2 0.810772 0.242576 1 0.808469 0.242798 2 0.810909 0.249728 2 0.804695 0.252006 2 0.813486 0.262253 2 0.809735 0.265987 2 0.817117 0.270492 2 0.814894 0.274699 2 0.810924 0.271548 2 0.806587 0.274175 2 0.817761 0.279283 2 0.814245 0.285214 2 0.815165 0.298612 2 0.816579 0.306009 2
0 0.521577 0.187169 0.016369 0.046296 0.528731 0.168152 1 0.528243 0.167196 1 0.528559 0.167375 1 0.525678 0.167198 1 0.527319 0.167887 2 0.524343 0.171853 2 0.525642 0.172407 2 0.524542 0.176771 1 0.524529 0.178139 2 0.526856 0.181376 1 0.525445 0.183620 2 0.521867 0.185142 2 0.522911 0.185476 2 0.523211 0.190094 2 0.525604 0.189747 2 0.519295 0.195765 2 0.522372 0.195119 2
0 0.967634 0.932540 0.061756 0.132275 0.967774 0.900578 2 0.972540 0.897895 2 0.967681 0.893213 2 0.980451 0.904201 2 0.966904 0.892411 1 0.982670 0.933662 2 0.958839 0.916088 2 0.969297 0.972731 2 0.948168 0.944403 2 0.950490 0.974180 2 0.943542 0.962344 2 0.966927 0.990409 2 0.950007 0.979875 2 0.954407 0.983745 1 0.937497 0.971249 1 0.953504 0.994636 1 0.943456 0.998509 1
0 0.542039 0.328042 0.023065 0.063492 0.542884 0.310621 2 0.543826 0.308843 1 0.541918 0.308794 1 0.544918 0.306057 1 0.540265 0.306002 2 0.546714 0.305495 2 0.536446 0.305723 2 0.550856 0.317799 2 0.532615 0.318539 2 0.545058 0.319944 2 0.538968 0.320612 2 0.546295 0.322839 2 0.539379 0.323325 2 0.549671 0.323892 2 0.533526 0.325371 2 0.547879 0.347153 2 0.537807 0.345958 2
0 0.526042 0.300926 0.020833 0.083333 0.524587 0.346155 2 0.526129 0.343711 2 0.523316 0.343468 2 0.528391 0.345135 2 0.521243 0.344560 2 0.530887 0.356963 2 0.517613 0.356275 2 0.532742 0.358052 1 0.514947 0.358052 1 0.528689 0.357032 1 0.519598 0.356955 1 0.528325 0.358052 1 0.519505 0.358052 1 0.526855 0.357240 1 0.518308 0.357164 1 0.523026 0.358052 1 0.520219 0.358052 1
0 0.560268 0.177249 0.017857 0.055556 0.554406 0.174261 1 0.554374 0.172839 1 0.554886 0.173049 1 0.553096 0.173992 2 0.557126 0.174346 2 0.550862 0.183855 2 0.558600 0.184314 2 0.548914 0.194867 2 0.560378 0.195775 2 0.548874 0.202902 2 0.560704 0.204783 2 0.551676 0.206624 2 0.556753 0.206764 2 0.551488 0.215608 1 0.556579 0.215608 1 0.552109 0.213323 1 0.555225 0.213119 1
0 0.127976 0.338624 0.022321 0.042328 0.126179 0.331304 2 0.126463 0.329871 2 0.126072 0.329797 1 0.128334 0.328490 2 0.127601 0.328080 1 0.132248 0.332830 2 0.128135 0.332472 2 0.135686 0.342033 2 0.125000 0.340870 2 0.133376 0.347209 2 0.124150 0.342251 2 0.136580 0.343981 2 0.134250 0.343434 2 0.130833 0.340670 2 0.128805 0.340150 2 0.131175 0.349175 2 0.130625 0.348980 2
0 0.098958 0.317460 0.031250 0.055556 0.098595 0.303890 2 0.099881 0.302350 2 0.098130 0.302408 2 0.102678 0.303005 2 0.097537 0.303303 1 0.105718 0.308468 2 0.095407 0.311457 2 0.111281 0.316336 2 0.090917 0.324601 2 0.107532 0.316944 2 0.090816 0.339120 2 0.106523 0.323875 2 0.099099 0.325253 2 0.108507 0.321375 2 0.091981 0.323559 2 0.111296 0.336277 2 0.091841 0.338827 2
0 0.637649 0.152116 0.019345 0.063492 0.638686 0.118281 2 0.639178 0.117115 2 0.638019 0.117100 2 0.639612 0.117626 1 0.636727 0.117447 2 0.640669 0.124534 2 0.634965 0.124195 2 0.642260 0.131832 2 0.633235 0.132237 2 0.641910 0.132259 2 0.633473 0.137271 2 0.639845 0.142672 2 0.635944 0.142539 2 0.640042 0.155794 2 0.635116 0.155713 2 0.639811 0.167570 2 0.634398 0.167298 2
0 0.148065 0.166667 0.010417 0.029101 0.148057 0.161093 2 0.148489 0.160146 2 0.147658 0.160155 2 0.149247 0.159257 1 0.147075 0.159289 2 0.149973 0.161955 2 0.146285 0.162634 2 0.150878 0.168348 2 0.146137 0.170390 2 0.151034 0.174489 2 0.146979 0.176212 2 0.149453 0.167867 2 0.147040 0.168237 2 0.149866 0.170123 2 0.146862 0.170420 2 0.149947 0.176629 2 0.147240 0.176814 2
0 0.192336 0.136905 0.017113 0.046296 0.192088 0.114402 1 0.192098 0.113518 1 0.192426 0.113434 1 0.192089 0.114042 2 0.194668 0.113631 2 0.191593 0.118769 2 0.196605 0.118466 2 0.187939 0.121849 2 0.200251 0.122402 2 0.184466 0.121829 2 0.202829 0.124748 2 0.194255 0.132411 2 0.197071 0.132374 2 0.195018 0.142208 2 0.197185 0.142386 2 0.195627 0.151577 2 0.198002 0.152252 2
0 0.785342 0.185185 0.018601 0.052910 0.785066 0.164494 1 0.784944 0.163432 1 0.785374 0.163591 1 0.783520 0.164452 2 0.787039 0.164677 2 0.782512 0.170784 2 0.787529 0.170879 2 0.782204 0.175816 2 0.789249 0.174301 2 0.784766 0.172160 1 0.788232 0.169347 2 0.782371 0.186220 2 0.785736 0.186347 2 0.782140 0.196790 2 0.784699 0.197788 2 0.780879 0.207624 2 0.783601 0.208687 2
0 0.409598 0.096561 0.012649 0.047619 0.409357 0.076795 2 0.409667 0.075889 2 0.408862 0.075999 2 0.410101 0.076435 1 0.407999 0.076647 2 0.410762 0.082011 2 0.407060 0.082233 2 0.411449 0.087839 2 0.405965 0.088321 2 0.411735 0.093370 2 0.407048 0.093437 2 0.410361 0.093848 2 0.407822 0.094012 2 0.410422 0.102596 2 0.407892 0.102773 2 0.410537 0.110762 2 0.406912 0.110822 2
0 0.847842 0.218915 0.018601 0.083333 0.854223 0.187006 1 0.853369 0.185592 1 0.854181 0.185791 1 0.850301 0.185876 1 0.853631 0.186679 2 0.848877 0.194359 2 0.852966 0.195795 2 0.851316 0.202212 2 0.855631 0.206638 2 0.856505 0.201427 1 0.858448 0.210110 2 0.848917 0.217343 2 0.850995 0.217990 2 0.851187 0.234076 2 0.849083 0.235473 2 0.850982 0.248542 2 0.842441 0.249149 2
0 0.965402 0.228175 0.023065 0.067460 0.956179 0.182426 1 0.956600 0.181217 1 0.955629 0.181217 1 0.957442 0.181257 1 0.954513 0.181529 1 0.957680 0.182723 1 0.953667 0.182668 1 0.956142 0.185649 1 0.952123 0.184292 1 0.953186 0.193841 1 0.951259 0.188973 1 0.956654 0.182314 1 0.953905 0.182210 1 0.955231 0.195229 2 0.953435 0.195408 2 0.954240 0.211664 2 0.953346 0.211161 2
0 0.906622 0.189815 0.020089 0.038360 0.907885 0.178047 2 0.908512 0.176822 2 0.907141 0.177038 2 0.909510 0.176975 2 0.906099 0.177468 2 0.910911 0.183529 2 0.905058 0.183401 2 0.911848 0.190937 2 0.903476 0.190382 2 0.909591 0.196287 2 0.903538 0.195073 2 0.909434 0.198245 2 0.905688 0.197753 2 0.907852 0.207476 2 0.905300 0.205804 2 0.908319 0.214548 1 0.906084 0.211642 1
0 0.945312 0.195106 0.020089 0.033069 0.954141 0.174413 1 0.954536 0.173354 1 0.953895 0.173487 1 0.955668 0.173268 1 0.954211 0.173530 1 0.956655 0.174432 1 0.954025 0.174561 1 0.956368 0.174325 1 0.953860 0.174817 1 0.953601 0.177731 1 0.952530 0.178467 1 0.955958 0.180207 2 0.954114 0.179916 2 0.955040 0.196833 2 0.953445 0.196139 2 0.954601 0.212706 2 0.953466 0.211259 2
