0 0.249628 0.492394 0.004464 0.020503 0.249546 0.486087 2 0.249749 0.485636 2 0.249325 0.485699 2 0.250149 0.485512 2 0.249085 0.485670 2 0.250909 0.487655 2 0.248895 0.487760 2 0.251576 0.490699 2 0.248228 0.490193 2 0.251407 0.493497 2 0.248035 0.492611 2 0.250694 0.493606 2 0.249327 0.493644 2 0.251001 0.497454 2 0.249246 0.497721 2 0.251421 0.501470 2 0.249135 0.502182 2
0 0.221168 0.905093 0.010789 0.025794 0.222511 0.896816 1 0.222246 0.896142 1 0.222576 0.896162 1 0.220625 0.896539 2 0.222891 0.896638 2 0.219323 0.900748 2 0.223907 0.900650 2 0.218362 0.905082 2 0.225409 0.904573 2 0.219170 0.902671 1 0.225228 0.901220 1 0.219870 0.912604 2 0.223092 0.912569 2 0.220786 0.911457 2 0.225255 0.910663 2 0.220276 0.919930 1 0.224277 0.919431 2
0 0.579055 0.968254 0.010789 0.027778 0.578866 0.958835 1 0.578827 0.957875 1 0.579139 0.957977 1 0.577816 0.958489 2 0.580520 0.958557 2 0.576108 0.964789 2 0.582226 0.964624 2 0.575075 0.973215 2 0.583118 0.971617 2 0.575924 0.977642 2 0.581599 0.977043 1 0.577018 0.978118 2 0.581256 0.978156 2 0.576655 0.983269 2 0.580648 0.984340 2 0.577768 0.985289 1 0.580619 0.986923 1
0 0.526600 0.493056 0.004836 0.017857 0.526375 0.493856 1 0.526414 0.493367 1 0.526550 0.493510 1 0.526107 0.493639 2 0.527253 0.493920 2 0.525207 0.496351 2 0.527590 0.497243 2 0.524514 0.499702 2 0.527873 0.501404 2 0.524806 0.502622 2 0.527718 0.503833 2 0.525445 0.503176 2 0.527027 0.503651 2 0.525457 0.504595 1 0.526907 0.505239 1 0.525654 0.503993 1 0.526400 0.504303 1
0 0.817522 0.514220 0.006324 0.024471 0.815887 0.508194 1 0.815891 0.507732 1 0.816035 0.507639 1 0.815982 0.507826 2 0.817119 0.507564 2 0.816146 0.510419 2 0.817984 0.510009 2 0.815859 0.513961 2 0.818088 0.513071 1 0.815475 0.516044 2 0.817094 0.514864 1 0.816394 0.517197 2 0.817663 0.516870 2 0.816180 0.520105 2 0.817351 0.520058 2 0.816491 0.521818 2 0.817497 0.522514 2
0 0.835938 0.528770 0.006696 0.024471 0.836257 0.523204 1 0.836220 0.522664 1 0.836363 0.522770 1 0.835645 0.522819 2 0.836997 0.523044 2 0.834912 0.525503 2 0.837564 0.526190 2 0.833709 0.528028 2 0.838354 0.529872 2 0.832403 0.529637 2 0.837641 0.532667 2 0.835020 0.532363 2 0.836780 0.532645 2 0.834471 0.535827 2 0.836332 0.536395 2 0.834534 0.539526 2 0.836326 0.540082 2
0 0.719122 0.359788 0.005208 0.018519 0.718719 0.355574 1 0.718823 0.355274 1 0.718605 0.355269 1 0.718902 0.355399 1 0.718474 0.355386 2 0.719183 0.357042 2 0.718180 0.356993 2 0.719868 0.358738 2 0.717775 0.358677 2 0.719193 0.359368 2 0.717967 0.359559 2 0.718931 0.361057 2 0.718352 0.360995 2 0.718511 0.364174 2 0.718288 0.364097 2 0.718511 0.367356 2 0.718476 0.367049 2
0 0.986979 0.676918 0.009673 0.032407 0.988411 0.670061 1 0.988524 0.669379 1 0.988690 0.669458 1 0.988958 0.669707 2 0.990119 0.669754 1 0.988989 0.673359 2 0.990476 0.673542 2 0.988046 0.678092 2 0.990073 0.678541 2 0.986707 0.680838 2 0.989080 0.681678 1 0.988360 0.682037 2 0.989453 0.681931 2 0.987035 0.686749 2 0.988616 0.686931 2 0.987128 0.691970 2 0.989275 0.692165 2
0 0.996094 0.676918 0.005580 0.028439 0.998471 0.668131 1 0.998507 0.667438 1 0.998697 0.667470 1 0.998497 0.667734 2 0.999949 0.667602 1 0.998086 0.671791 2 1.000000 0.671521 1 0.996697 0.677546 2 0.998913 0.677025 1 0.995610 0.682905 2 0.997195 0.681334 1 0.998549 0.681113 2 1.000000 0.680879 1 0.995417 0.680209 2 0.998779 0.680217 1 0.995068 0.688106 2 0.999086 0.687372 1
0 0.747582 0.392526 0.005580 0.019180 0.747911 0.385198 1 0.747805 0.384851 1 0.747885 0.384890 1 0.746999 0.384954 1 0.747789 0.385080 2 0.746455 0.386808 2 0.747693 0.386894 2 0.746321 0.389203 1 0.748001 0.389378 2 0.746858 0.390737 1 0.748570 0.390852 2 0.746489 0.391046 2 0.747491 0.391116 2 0.746438 0.393514 2 0.748384 0.393243 2 0.745972 0.397221 2 0.748560 0.396793 2
0 0.738281 0.387566 0.006324 0.019841 0.738903 0.381268 1 0.738803 0.380905 1 0.738847 0.380907 1 0.738245 0.380942 1 0.738586 0.381008 2 0.737981 0.382783 2 0.738295 0.382898 2 0.737979 0.385254 1 0.738287 0.385440 2 0.738273 0.387250 1 0.738377 0.387586 2 0.737931 0.387354 2 0.738148 0.387445 2 0.737945 0.390392 2 0.737934 0.390548 2 0.737713 0.393435 2 0.737649 0.393560 2
0 0.496466 0.299934 0.003348 0.016534 0.496700 0.297253 1 0.496666 0.297009 1 0.496716 0.297002 1 0.496362 0.297115 1 0.496888 0.297132 2 0.496078 0.298516 2 0.497073 0.298556 2 0.495894 0.300143 2 0.497182 0.300329 2 0.496228 0.301242 1 0.497068 0.301740 2 0.496289 0.301653 2 0.496973 0.301667 2 0.496425 0.303970 2 0.496931 0.303887 2 0.496506 0.306169 2 0.496841 0.306046 2
0 0.512649 0.310516 0.004464 0.012566 0.513616 0.309333 1 0.513601 0.309077 1 0.513656 0.309108 1 0.513302 0.309162 2 0.513876 0.309221 2 0.512863 0.310486 2 0.514093 0.310553 2 0.512414 0.311839 2 0.514393 0.311957 2 0.512520 0.312996 2 0.514420 0.313058 2 0.513021 0.313454 2 0.513845 0.313509 2 0.513090 0.315483 2 0.513907 0.315436 2 0.513146 0.317490 2 0.513896 0.317276 2
0 0.599516 0.724537 0.010045 0.029762 0.598338 0.712574 2 0.598586 0.712060 1 0.598065 0.712137 1 0.599026 0.711158 2 0.597749 0.711298 1 0.600019 0.711939 2 0.596890 0.711388 2 0.600886 0.715997 2 0.596378 0.715773 2 0.599439 0.718023 2 0.597300 0.718064 2 0.599732 0.720044 2 0.597387 0.719547 2 0.600683 0.726437 2 0.595653 0.724227 2 0.600871 0.734443 2 0.595977 0.730268 2
0 0.617374 0.719246 0.008557 0.031085 0.617932 0.711070 1 0.617914 0.710522 1 0.618095 0.710622 1 0.617430 0.710746 2 0.619109 0.710897 2 0.616529 0.713460 2 0.619972 0.713495 2 0.615394 0.715391 2 0.621451 0.715214 2 0.615784 0.714865 1 0.619900 0.713828 1 0.617129 0.721608 2 0.619306 0.721634 2 0.617823 0.724984 2 0.619247 0.724675 2 0.617781 0.729722 2 0.618727 0.728473 2
0 0.533854 0.503638 0.006696 0.021825 0.534408 0.495973 2 0.534632 0.495521 2 0.534182 0.495528 2 0.534960 0.495653 2 0.533797 0.495667 2 0.535435 0.498190 2 0.533155 0.498153 2 0.535774 0.500814 2 0.532358 0.500676 2 0.534522 0.501246 2 0.533226 0.501239 2 0.534866 0.504259 2 0.533334 0.504185 2 0.534725 0.508485 2 0.533278 0.508436 2 0.534660 0.512569 2 0.533160 0.512548 2
0 0.539249 0.517526 0.007068 0.025794 0.534635 0.500970 1 0.535061 0.500052 2 0.534598 0.500145 1 0.536050 0.500866 2 0.534975 0.500955 1 0.536678 0.506846 2 0.535995 0.506880 1 0.537782 0.513700 2 0.537252 0.513732 1 0.537311 0.518746 2 0.537003 0.519174 1 0.535962 0.523140 2 0.535392 0.522914 1 0.536324 0.532187 2 0.535579 0.531758 1 0.537044 0.534877 1 0.535804 0.534877 1
