0 0.252604 0.478505 0.007440 0.024471 0.252299 0.473201 2 0.252488 0.472729 1 0.252069 0.472803 1 0.252830 0.472398 1 0.251766 0.472566 2 0.253445 0.474080 2 0.251476 0.474033 2 0.254200 0.476756 2 0.250988 0.476504 2 0.253196 0.475912 2 0.250776 0.478536 2 0.253260 0.480233 2 0.251934 0.480193 2 0.253428 0.484049 2 0.251895 0.484229 2 0.253566 0.488113 2 0.251900 0.488097 2
0 0.527344 0.503638 0.004836 0.017857 0.527459 0.500025 1 0.527423 0.499549 1 0.527576 0.499596 1 0.526906 0.499812 2 0.528144 0.499937 2 0.526151 0.502558 2 0.528627 0.502943 2 0.525497 0.505675 2 0.529241 0.506674 2 0.525466 0.508080 2 0.529121 0.509475 2 0.526456 0.509515 2 0.528083 0.509680 2 0.526654 0.513986 2 0.527873 0.514184 2 0.526813 0.515821 1 0.527550 0.515821 1
0 0.837054 0.522817 0.006696 0.024471 0.838076 0.518134 1 0.838053 0.517695 1 0.838183 0.517732 1 0.837621 0.517713 2 0.838838 0.517768 2 0.836966 0.519775 2 0.839183 0.520161 2 0.835912 0.522831 2 0.839747 0.523986 2 0.835182 0.524417 2 0.839563 0.527246 2 0.837184 0.526485 2 0.838722 0.526695 2 0.836583 0.529294 2 0.838567 0.529608 2 0.836386 0.532939 2 0.838386 0.532979 2
0 0.720238 0.355159 0.005952 0.019841 0.720181 0.350232 2 0.720309 0.349909 2 0.720058 0.349943 2 0.720533 0.349964 2 0.719956 0.350026 2 0.720945 0.351591 2 0.719723 0.351525 2 0.721637 0.353101 2 0.719235 0.352894 2 0.720895 0.353236 2 0.719770 0.353593 2 0.720554 0.355643 2 0.719822 0.355572 2 0.720137 0.358962 2 0.719877 0.358890 2 0.720106 0.362340 2 0.720008 0.362093 2
0 0.623326 0.311508 0.003348 0.013228 0.623431 0.306742 1 0.623421 0.306458 1 0.623480 0.306478 1 0.623236 0.306588 2 0.623775 0.306607 2 0.623027 0.308135 2 0.623973 0.308118 2 0.622496 0.309877 2 0.624408 0.309792 2 0.622171 0.311052 2 0.624367 0.310777 2 0.623131 0.311339 2 0.623701 0.311310 2 0.623171 0.313883 2 0.623445 0.313866 2 0.623183 0.316456 2 0.623389 0.316418 2
0 0.992932 0.679563 0.009673 0.032407 0.995907 0.671692 2 0.996238 0.670866 1 0.995654 0.670850 2 0.996573 0.670060 1 0.995069 0.669952 2 0.996450 0.672143 2 0.994510 0.671808 2 0.996453 0.677699 2 0.993537 0.675093 2 0.995769 0.684012 2 0.993330 0.677070 2 0.995255 0.676759 2 0.993923 0.676647 2 0.995245 0.681546 2 0.993327 0.682389 2 0.994506 0.687443 2 0.991913 0.689021 2
0 0.744792 0.383267 0.005208 0.019180 0.745352 0.376574 1 0.745197 0.376159 1 0.745337 0.376196 1 0.744372 0.376189 1 0.745147 0.376385 2 0.744055 0.378166 2 0.744802 0.378406 2 0.743988 0.380644 1 0.745134 0.380809 2 0.744321 0.382576 1 0.745254 0.382635 1 0.744017 0.382882 2 0.744546 0.383040 2 0.743982 0.385661 2 0.744534 0.385857 2 0.743740 0.388485 2 0.744639 0.388469 2
0 0.736421 0.378968 0.006324 0.018519 0.737931 0.372559 1 0.737880 0.372232 1 0.737821 0.372218 1 0.737508 0.372418 1 0.737443 0.372444 2 0.737512 0.374391 2 0.736961 0.374385 2 0.737688 0.376780 2 0.736709 0.376640 2 0.737686 0.378880 2 0.736833 0.378670 2 0.737265 0.378776 2 0.736926 0.378799 2 0.737057 0.381731 2 0.736720 0.381880 2 0.736712 0.384968 2 0.736508 0.385049 2
0 0.495722 0.294974 0.003348 0.014550 0.495477 0.292038 1 0.495570 0.291805 1 0.495389 0.291822 1 0.495723 0.291882 1 0.495346 0.291927 1 0.496012 0.293069 2 0.495235 0.293176 2 0.496447 0.294408 2 0.495090 0.294587 2 0.496249 0.295616 2 0.495237 0.295614 2 0.495918 0.296106 2 0.495436 0.296143 2 0.495872 0.298379 2 0.495539 0.298430 2 0.495900 0.300713 2 0.495619 0.300734 2
0 0.506696 0.305556 0.004464 0.013228 0.507098 0.302328 1 0.507077 0.302083 1 0.507134 0.302084 1 0.506871 0.302018 2 0.507365 0.302030 2 0.506693 0.303062 2 0.507449 0.303066 2 0.506343 0.304204 2 0.507720 0.304133 2 0.506395 0.304924 2 0.507658 0.304818 2 0.506801 0.306203 2 0.507283 0.306219 2 0.506916 0.308404 2 0.507243 0.308484 2 0.506900 0.310596 2 0.507270 0.310639 2
0 0.597656 0.715939 0.008557 0.028439 0.597476 0.703538 2 0.597727 0.702994 2 0.597189 0.703081 2 0.598149 0.702243 2 0.596826 0.702374 2 0.599005 0.703347 2 0.595919 0.702561 2 0.599769 0.706912 2 0.595274 0.706438 2 0.598626 0.709715 2 0.596209 0.709055 2 0.598684 0.711406 2 0.596369 0.710783 2 0.599564 0.718152 2 0.594605 0.715254 2 0.599822 0.726355 2 0.595105 0.720943 2
0 0.619234 0.720569 0.007812 0.032407 0.620271 0.709824 1 0.620161 0.709298 1 0.620361 0.709380 1 0.619280 0.709469 2 0.621002 0.709646 2 0.618253 0.712084 2 0.622036 0.711938 2 0.617246 0.715560 2 0.623452 0.713700 2 0.617794 0.716591 2 0.622084 0.713275 2 0.618872 0.721517 2 0.621240 0.721555 2 0.619510 0.724344 2 0.620605 0.724974 2 0.619923 0.728736 2 0.620105 0.729261 2
0 0.533854 0.497685 0.006696 0.021825 0.533530 0.488083 2 0.533741 0.487667 2 0.533325 0.487662 2 0.534031 0.487647 2 0.532923 0.487637 2 0.534534 0.489748 2 0.532262 0.489832 2 0.535247 0.491873 2 0.531655 0.492027 2 0.533838 0.492960 2 0.532466 0.492491 2 0.534043 0.495640 2 0.532527 0.495643 2 0.533979 0.499574 2 0.532461 0.499559 2 0.534069 0.503826 2 0.532423 0.503730 2
