0 0.938787 0.919281 0.015809 0.060784 0.941032 0.882634 1 0.940482 0.881284 1 0.941159 0.881466 1 0.937658 0.881712 2 0.941805 0.882423 2 0.935826 0.888655 2 0.943001 0.890252 2 0.934619 0.894798 2 0.945036 0.899959 2 0.935326 0.898454 2 0.945380 0.909942 2 0.936080 0.909398 2 0.940900 0.909791 2 0.935089 0.923654 2 0.939209 0.924362 2 0.934060 0.935864 2 0.937470 0.937497 2
0 0.940625 0.861765 0.017279 0.054248 0.938898 0.841053 2 0.939721 0.839828 2 0.938831 0.839574 2 0.941857 0.840530 2 0.939492 0.839746 1 0.945207 0.846977 2 0.938051 0.843260 2 0.945908 0.857987 2 0.933653 0.848659 2 0.941588 0.863482 2 0.929979 0.854319 2 0.944475 0.862098 2 0.939659 0.859409 2 0.942327 0.868109 2 0.933913 0.863960 2 0.941659 0.881205 2 0.937170 0.877017 2
0 0.546507 0.485948 0.007721 0.032026 0.548732 0.472415 1 0.548597 0.471725 1 0.548768 0.471855 1 0.547459 0.471873 2 0.548839 0.472263 2 0.546433 0.475281 2 0.548719 0.475944 2 0.545295 0.479451 2 0.549181 0.479543 2 0.544683 0.483119 2 0.549793 0.477124 1 0.546602 0.484068 2 0.548164 0.484402 2 0.546106 0.489470 2 0.548190 0.489686 2 0.545982 0.495462 2 0.548225 0.494974 2
0 0.717096 0.778758 0.016544 0.060784 0.719964 0.758654 2 0.720925 0.757478 2 0.719480 0.756861 2 0.722233 0.756367 2 0.718548 0.754774 2 0.723516 0.762143 2 0.716341 0.759871 2 0.723519 0.774330 2 0.713738 0.768783 2 0.722136 0.783405 2 0.713728 0.775325 2 0.719952 0.779022 2 0.715338 0.777829 2 0.718593 0.792895 2 0.715117 0.792088 2 0.716729 0.804576 2 0.714221 0.806712 2
0 0.753309 0.734641 0.013235 0.062745 0.754981 0.713585 2 0.755784 0.712471 2 0.754520 0.712221 2 0.757071 0.712530 2 0.753873 0.711925 2 0.758181 0.718644 2 0.752509 0.717593 2 0.759099 0.726777 2 0.750057 0.722504 2 0.758928 0.734293 2 0.750207 0.725878 2 0.755778 0.734309 2 0.751989 0.733907 2 0.755357 0.745617 2 0.751625 0.745601 2 0.755083 0.754569 2 0.751415 0.755661 2
0 0.911581 0.782026 0.020221 0.063399 0.912862 0.757844 1 0.912951 0.756441 1 0.913403 0.756915 1 0.912123 0.757041 2 0.915808 0.757923 2 0.909628 0.764046 2 0.917361 0.765570 2 0.907073 0.771252 2 0.918604 0.775039 2 0.907274 0.776032 2 0.918796 0.781002 2 0.909493 0.782861 2 0.914468 0.783307 2 0.908487 0.794146 2 0.912198 0.794276 2 0.909325 0.805386 2 0.910934 0.804481 2
0 0.742463 0.590523 0.010662 0.050327 0.745146 0.572216 1 0.744737 0.571153 1 0.745061 0.571327 1 0.742495 0.571187 1 0.744514 0.571851 2 0.741044 0.575960 2 0.744259 0.577293 2 0.740439 0.581846 2 0.745004 0.583518 2 0.742284 0.581798 1 0.745822 0.581086 2 0.741207 0.588347 2 0.743365 0.589154 2 0.741365 0.598042 2 0.743303 0.599045 2 0.740574 0.608440 2 0.742361 0.609291 2
0 0.735846 0.757843 0.013603 0.046405 0.736969 0.742901 1 0.736894 0.741718 1 0.737445 0.741925 1 0.736423 0.742428 2 0.739950 0.742550 2 0.735884 0.749010 2 0.741449 0.749007 2 0.732653 0.753758 2 0.741305 0.751919 2 0.730755 0.751673 2 0.737398 0.750288 1 0.736718 0.764703 2 0.740535 0.764563 2 0.731822 0.761357 2 0.736672 0.763089 2 0.732036 0.772952 2 0.737298 0.775504 1
0 0.786949 0.827124 0.016544 0.066013 0.790130 0.802646 2 0.790982 0.801449 2 0.789494 0.801244 2 0.791924 0.800611 2 0.788097 0.799788 2 0.791837 0.806599 2 0.785620 0.804470 2 0.792511 0.811649 2 0.783142 0.815567 2 0.792055 0.806264 2 0.782770 0.825378 2 0.790020 0.824218 2 0.785780 0.822374 2 0.789446 0.839756 2 0.784500 0.832976 2 0.787110 0.850104 2 0.780622 0.839433 2
0 0.804963 0.834967 0.014338 0.058170 0.807070 0.809669 2 0.807792 0.808574 2 0.806499 0.808137 2 0.808264 0.808741 1 0.805039 0.807545 2 0.809645 0.813736 2 0.803399 0.813586 2 0.810049 0.823480 2 0.802246 0.821204 2 0.810528 0.831723 2 0.804899 0.818110 2 0.807177 0.829426 2 0.803087 0.829488 2 0.806768 0.841709 2 0.803436 0.842413 2 0.804443 0.848166 2 0.803208 0.854556 2
