0 0.956101 0.297619 0.026786 0.097884 0.967844 0.256669 1 0.967064 0.254218 1 0.967814 0.254674 1 0.961720 0.252609 1 0.966569 0.254577 2 0.955966 0.261030 2 0.963895 0.265471 2 0.951327 0.273666 2 0.961425 0.281629 2 0.953937 0.283389 2 0.964463 0.292272 2 0.953022 0.288865 2 0.958591 0.291212 2 0.950025 0.309544 2 0.956184 0.314764 2 0.946500 0.330748 2 0.952606 0.335457 2
0 0.346354 0.157407 0.014137 0.066138 0.348776 0.134405 2 0.349168 0.133179 2 0.348038 0.133070 2 0.349306 0.134112 1 0.346259 0.133835 2 0.349837 0.141061 2 0.345014 0.141140 2 0.351628 0.148822 2 0.345328 0.148895 2 0.350772 0.146267 2 0.348035 0.143765 2 0.350163 0.158337 2 0.346540 0.158632 2 0.351795 0.172568 2 0.346433 0.173052 2 0.353898 0.186687 2 0.346230 0.187555 2
0 0.185268 0.099868 0.016369 0.048942 0.190560 0.116165 1 0.190576 0.115449 1 0.190842 0.115447 1 0.190164 0.116229 2 0.192565 0.115972 2 0.189747 0.121784 2 0.193872 0.120813 2 0.188370 0.127834 2 0.196143 0.125274 2 0.187989 0.126604 1 0.195629 0.124781 1 0.191273 0.132275 2 0.194059 0.131838 2 0.190528 0.130609 1 0.194635 0.130410 1 0.190463 0.132360 1 0.194883 0.132382 1
0 0.532366 0.444444 0.036458 0.142857 0.530627 0.394345 2 0.532330 0.391519 2 0.529175 0.391312 2 0.534623 0.390411 2 0.526374 0.389762 2 0.536867 0.400708 2 0.522944 0.401057 2 0.539493 0.417829 2 0.520380 0.418189 2 0.538383 0.434300 2 0.519262 0.433538 2 0.536162 0.432439 2 0.525852 0.432881 2 0.540902 0.458000 2 0.520651 0.459384 2 0.540176 0.479663 2 0.516706 0.482466 2
0 0.769717 0.328704 0.027530 0.117725 0.773566 0.280854 2 0.775303 0.278922 2 0.772779 0.278001 2 0.777844 0.280272 2 0.771629 0.278200 2 0.779776 0.293944 2 0.768632 0.290967 2 0.781619 0.312228 2 0.763748 0.304464 2 0.777580 0.324137 2 0.760307 0.318147 2 0.772938 0.326118 2 0.766088 0.324148 2 0.769660 0.351216 2 0.765045 0.350891 2 0.766115 0.373158 2 0.763773 0.376269 2
0 0.669271 0.182540 0.017113 0.068783 0.665923 0.157202 1 0.666019 0.155974 1 0.666290 0.156043 1 0.665418 0.157006 2 0.668697 0.156911 2 0.664152 0.164743 2 0.670534 0.164419 2 0.662746 0.173581 2 0.672370 0.172878 2 0.663505 0.179932 2 0.671830 0.178126 2 0.665788 0.182317 2 0.670098 0.182090 2 0.665438 0.197225 2 0.669233 0.196774 2 0.665803 0.212439 2 0.668991 0.211451 2
0 0.658854 0.481481 0.033482 0.166667 0.654695 0.417706 1 0.655651 0.414628 1 0.656015 0.415007 1 0.657749 0.417831 2 0.663721 0.417887 2 0.652105 0.439307 2 0.667349 0.437931 2 0.646772 0.457638 2 0.671088 0.466371 2 0.648779 0.450725 2 0.674373 0.487639 2 0.652511 0.487136 2 0.663037 0.485547 2 0.650361 0.520881 2 0.662733 0.515774 2 0.649976 0.557469 2 0.662054 0.543393 2
0 0.353795 0.481481 0.029018 0.156085 0.356524 0.426496 2 0.356006 0.422987 2 0.354633 0.424006 2 0.354036 0.423919 1 0.349333 0.426724 2 0.354274 0.440443 2 0.348142 0.445697 2 0.355531 0.458540 1 0.350646 0.469633 2 0.358221 0.473572 2 0.355945 0.487493 2 0.354222 0.481827 2 0.349149 0.484315 2 0.357430 0.510806 2 0.348037 0.514600 2 0.359070 0.536970 2 0.346379 0.542842 2
0 0.457589 0.450397 0.035714 0.144180 0.463612 0.398247 2 0.464526 0.395178 2 0.461883 0.395392 2 0.464531 0.395389 1 0.457232 0.395726 2 0.465361 0.408568 2 0.452333 0.410024 2 0.465434 0.428159 2 0.446436 0.429290 2 0.460495 0.439431 2 0.446619 0.451545 2 0.460903 0.444143 2 0.451921 0.445154 2 0.461847 0.474036 2 0.451435 0.480576 2 0.456502 0.498592 2 0.444535 0.510866 2
0 0.207961 0.419974 0.033482 0.141534 0.213029 0.368197 2 0.213165 0.365715 2 0.211305 0.366174 2 0.211650 0.368069 1 0.207868 0.369024 2 0.207132 0.384578 2 0.208550 0.385007 2 0.206193 0.404741 1 0.206123 0.407339 2 0.210244 0.420986 1 0.208805 0.426609 2 0.209784 0.424213 2 0.210591 0.425134 2 0.214639 0.452736 2 0.215936 0.452690 2 0.210405 0.478856 2 0.205723 0.475384 2
0 0.306920 0.417328 0.021577 0.144180 0.307164 0.367938 2 0.306881 0.365109 2 0.305693 0.365464 2 0.305260 0.367076 1 0.302043 0.368133 2 0.304904 0.381823 2 0.302070 0.385034 2 0.307992 0.399123 2 0.303495 0.406082 2 0.313149 0.410546 2 0.307751 0.420739 2 0.306177 0.416030 2 0.304345 0.418067 2 0.307885 0.442175 2 0.304609 0.446683 2 0.306124 0.466995 2 0.302963 0.474169 2
0 0.479911 0.468254 0.046131 0.116402 0.485092 0.437955 2 0.486513 0.435036 2 0.483517 0.435194 2 0.488276 0.431367 1 0.479837 0.431626 2 0.489358 0.435828 2 0.474699 0.436118 2 0.495563 0.450125 2 0.466144 0.452441 2 0.500736 0.462889 2 0.463524 0.473589 2 0.483013 0.455624 2 0.472760 0.456006 2 0.489550 0.479005 2 0.467674 0.481226 2 0.492803 0.509613 2 0.466040 0.511900 2
0 0.294271 0.495370 0.039435 0.165344 0.299247 0.433273 2 0.299398 0.429797 2 0.297313 0.430917 2 0.296274 0.432229 1 0.292411 0.434446 2 0.295915 0.447850 2 0.289762 0.452076 2 0.299295 0.464616 2 0.282086 0.476402 2 0.303620 0.473721 2 0.275575 0.497374 2 0.291312 0.490208 2 0.289681 0.491756 2 0.285395 0.521691 2 0.294617 0.523081 2 0.277905 0.553003 2 0.298497 0.558612 2
0 0.511905 0.497354 0.055060 0.142857 0.512429 0.440482 1 0.512013 0.437117 1 0.512492 0.437641 1 0.506388 0.439110 2 0.515310 0.440524 2 0.502419 0.458358 2 0.515854 0.461595 2 0.498579 0.479640 2 0.517087 0.487080 2 0.507941 0.484133 1 0.523744 0.487083 2 0.503447 0.502341 2 0.514319 0.504047 2 0.502852 0.528341 2 0.523021 0.528431 2 0.498784 0.554517 2 0.528580 0.555909 2
0 0.447917 0.413360 0.034226 0.138889 0.462734 0.398573 2 0.463574 0.395543 2 0.461102 0.396000 2 0.464053 0.394553 1 0.456630 0.395436 2 0.463673 0.407873 2 0.451989 0.409372 2 0.463854 0.427039 2 0.446228 0.429962 2 0.458808 0.437019 2 0.446972 0.452905 2 0.459701 0.446567 2 0.451356 0.447583 2 0.461749 0.475649 2 0.451300 0.480737 2 0.460086 0.500341 2 0.444425 0.506621 2
0 0.209821 0.357804 0.025298 0.125661 0.212776 0.368508 2 0.213126 0.366203 2 0.211116 0.366385 2 0.212075 0.368839 1 0.207787 0.369183 2 0.209654 0.384791 2 0.207432 0.385072 2 0.208474 0.404714 1 0.205776 0.406090 2 0.211310 0.421351 1 0.209484 0.426446 2 0.211916 0.425997 2 0.210563 0.426915 2 0.212158 0.445726 1 0.213645 0.445726 1 0.209775 0.445726 1 0.210772 0.445726 1
0 0.177083 0.347222 0.028274 0.123016 0.169119 0.299335 2 0.170313 0.296681 2 0.168546 0.296913 2 0.174264 0.297649 2 0.170319 0.298386 1 0.177564 0.311480 2 0.170953 0.312272 2 0.182867 0.327207 2 0.170200 0.327137 2 0.182568 0.342702 2 0.166874 0.333327 2 0.178742 0.342802 2 0.175762 0.343004 2 0.175086 0.366875 2 0.179226 0.366475 2 0.174517 0.393929 2 0.185826 0.387811 2
0 0.408110 0.301587 0.018601 0.100529 0.410787 0.268638 2 0.411233 0.266397 1 0.409572 0.266184 2 0.410790 0.267382 1 0.406128 0.266956 2 0.411483 0.279157 2 0.402348 0.278422 2 0.413072 0.291511 2 0.399453 0.291635 2 0.410557 0.287428 2 0.401694 0.295785 2 0.409786 0.305161 2 0.403628 0.305101 2 0.410855 0.323968 2 0.403178 0.324713 2 0.410100 0.343507 2 0.403719 0.344432 2
0 0.553943 0.208333 0.018601 0.088624 0.552017 0.174286 1 0.552167 0.172604 1 0.552485 0.172781 1 0.551397 0.173768 2 0.555418 0.173782 2 0.549572 0.183524 2 0.557051 0.184017 2 0.547557 0.196082 2 0.558571 0.197515 2 0.546050 0.206648 2 0.559492 0.208266 2 0.549932 0.206324 2 0.555216 0.206631 2 0.549333 0.224325 2 0.556222 0.225319 2 0.549080 0.242105 2 0.556752 0.243289 2
0 0.933408 0.281085 0.029018 0.115079 0.946655 0.238621 1 0.945950 0.236198 1 0.946683 0.236791 1 0.940832 0.236462 2 0.946771 0.238386 2 0.935308 0.248151 2 0.947648 0.251872 2 0.929634 0.262588 2 0.949173 0.267105 2 0.927546 0.275273 2 0.946451 0.273971 2 0.932733 0.281008 2 0.940676 0.282913 2 0.931764 0.302165 2 0.938076 0.306075 2 0.930302 0.323872 2 0.934209 0.327188 2
0 0.419271 0.289683 0.021577 0.103175 0.413095 0.252144 2 0.413501 0.249678 2 0.412841 0.250037 1 0.415576 0.249599 2 0.414411 0.250340 1 0.420215 0.260867 2 0.415841 0.260942 2 0.422118 0.276341 2 0.415866 0.275368 1 0.413983 0.274151 2 0.413095 0.273857 1 0.419251 0.288119 2 0.416051 0.287240 2 0.418802 0.313723 2 0.415225 0.312578 2 0.419929 0.337702 2 0.414536 0.337275 2
0 0.789435 0.274471 0.020833 0.085979 0.792497 0.244585 2 0.792881 0.242590 2 0.791548 0.242472 2 0.792430 0.242672 1 0.788600 0.242159 2 0.790963 0.252263 2 0.784883 0.251160 2 0.790709 0.266659 2 0.781438 0.264311 2 0.792769 0.274201 2 0.787025 0.273424 2 0.788536 0.274589 2 0.784449 0.275647 2 0.797758 0.282954 2 0.794516 0.285780 2 0.791947 0.300333 2 0.790275 0.303926 2
0 0.812872 0.273810 0.024554 0.082011 0.811215 0.243962 2 0.811083 0.241879 2 0.810345 0.241943 2 0.809537 0.241895 1 0.807129 0.242376 2 0.809187 0.248201 2 0.803276 0.252525 2 0.812359 0.262408 2 0.808633 0.266113 2 0.816434 0.270533 2 0.813718 0.275248 2 0.810045 0.270177 2 0.805731 0.274846 2 0.819764 0.271560 2 0.813405 0.286398 2 0.814577 0.286960 2 0.815166 0.305839 2
0 0.568452 0.179233 0.014881 0.046296 0.572800 0.167956 2 0.572340 0.167034 1 0.572680 0.167082 2 0.570502 0.167494 1 0.571909 0.167776 2 0.570647 0.172115 2 0.570790 0.172859 2 0.572633 0.176913 2 0.570247 0.179541 2 0.575023 0.175162 2 0.574269 0.178380 2 0.569654 0.184897 2 0.569955 0.185239 2 0.570075 0.192671 2 0.570189 0.192526 2 0.568111 0.199167 2 0.568898 0.199993 2
0 0.957217 0.928571 0.061756 0.134921 0.963756 0.900239 2 0.968782 0.897004 2 0.963256 0.892403 2 0.976211 0.902322 2 0.961382 0.890871 1 0.976132 0.931491 2 0.952857 0.917386 2 0.964937 0.972337 2 0.941649 0.952074 2 0.946050 0.974917 2 0.937693 0.975357 2 0.961400 0.994712 2 0.945152 0.986490 2 0.953361 0.981486 1 0.933024 0.973536 1 0.947529 0.990928 1 0.934852 0.998581 1
0 0.540923 0.327381 0.023810 0.064815 0.541487 0.311450 2 0.542585 0.309651 2 0.540632 0.309241 2 0.543551 0.306054 1 0.538975 0.305265 2 0.544725 0.303170 2 0.534667 0.303829 2 0.549259 0.314660 2 0.531433 0.317833 2 0.545012 0.319320 2 0.537822 0.320282 2 0.542186 0.320457 2 0.535437 0.321264 2 0.548467 0.323359 2 0.530668 0.324851 2 0.545150 0.345365 2 0.536496 0.345567 2
0 0.533110 0.164021 0.017113 0.066138 0.532887 0.141806 2 0.532994 0.140656 2 0.533150 0.140494 1 0.533699 0.142056 2 0.536006 0.141569 1 0.535250 0.149787 2 0.536084 0.148826 2 0.532013 0.156956 2 0.533033 0.154868 2 0.528029 0.157643 2 0.528235 0.156956 2 0.535384 0.169480 2 0.536644 0.168887 2 0.532839 0.182678 2 0.537945 0.183182 2 0.529958 0.196196 2 0.541140 0.197229 2
0 0.128348 0.337302 0.018601 0.042328 0.124697 0.326951 2 0.125809 0.324803 2 0.123887 0.325662 2 0.128060 0.325224 2 0.123524 0.327047 1 0.129358 0.331925 2 0.125712 0.334144 2 0.126757 0.340231 2 0.123893 0.342070 2 0.122675 0.342143 2 0.122059 0.344865 2 0.134804 0.345881 2 0.131938 0.346535 2 0.128405 0.340726 2 0.123889 0.341294 2 0.132604 0.348668 2 0.128629 0.349499 2
0 0.097842 0.318783 0.031994 0.058201 0.099123 0.308084 2 0.100278 0.305807 2 0.097830 0.306217 2 0.102297 0.304097 2 0.095805 0.305404 2 0.104039 0.309319 2 0.093645 0.312802 2 0.108758 0.315624 2 0.089613 0.325122 2 0.109014 0.318195 2 0.088705 0.337368 2 0.103799 0.322473 2 0.096439 0.324133 2 0.106946 0.324164 2 0.090781 0.327646 2 0.109919 0.337462 2 0.090801 0.339432 2
0 0.162202 0.183862 0.010417 0.031746 0.162755 0.177616 2 0.163060 0.176701 2 0.162214 0.176817 2 0.163478 0.176745 1 0.161344 0.176988 2 0.164553 0.181442 2 0.160451 0.181613 2 0.166127 0.188402 2 0.160138 0.188257 2 0.166993 0.197113 2 0.161077 0.194310 2 0.164600 0.193598 2 0.161842 0.193886 2 0.165778 0.198627 2 0.162188 0.199055 2 0.165723 0.198374 1 0.162629 0.198286 1
0 0.193452 0.134921 0.017857 0.047619 0.190384 0.116717 1 0.190409 0.115834 1 0.190600 0.115789 1 0.189998 0.116769 2 0.192462 0.116235 2 0.189632 0.122861 2 0.193909 0.120993 2 0.187943 0.129338 2 0.196361 0.125968 2 0.185509 0.127923 2 0.195252 0.125729 2 0.192275 0.137126 2 0.195075 0.136433 2 0.193088 0.147757 2 0.196645 0.145735 2 0.193918 0.157401 2 0.198425 0.153640 2
0 0.782366 0.185185 0.018601 0.052910 0.786530 0.169913 1 0.786170 0.168667 1 0.786636 0.168944 1 0.783953 0.168863 2 0.787014 0.169760 2 0.782673 0.174093 2 0.786666 0.175532 2 0.782721 0.181626 2 0.787369 0.184225 2 0.785708 0.187808 1 0.787222 0.188160 2 0.779694 0.187451 2 0.782394 0.187838 2 0.780527 0.197987 2 0.782435 0.198030 2 0.779752 0.207831 2 0.781828 0.208330 2
0 0.405134 0.096561 0.009673 0.042328 0.402733 0.084895 2 0.402787 0.084065 2 0.402477 0.084379 1 0.403545 0.082685 2 0.402681 0.083418 1 0.406064 0.083813 2 0.403627 0.084967 2 0.408735 0.088453 2 0.404341 0.090284 2 0.408200 0.094262 2 0.403997 0.094524 2 0.407552 0.092611 2 0.405822 0.092867 2 0.407074 0.101149 2 0.404494 0.101015 2 0.407119 0.110184 2 0.403435 0.110281 2
0 0.283854 0.115741 0.011161 0.043651 0.283615 0.103489 1 0.283687 0.102683 1 0.283840 0.102619 1 0.283937 0.102944 2 0.285329 0.102696 1 0.284382 0.107149 2 0.285955 0.106859 2 0.282738 0.111422 2 0.285685 0.111429 1 0.282234 0.111548 2 0.284000 0.111874 1 0.284824 0.117787 2 0.285731 0.117522 2 0.285516 0.126227 2 0.285436 0.125737 2 0.286268 0.133714 2 0.286121 0.134181 2
0 0.884301 0.213624 0.018601 0.083333 0.891380 0.182774 2 0.891739 0.181469 2 0.890536 0.181077 2 0.890972 0.183377 1 0.888347 0.182152 2 0.890102 0.192069 2 0.886719 0.190493 2 0.890882 0.202541 2 0.887878 0.197414 2 0.894290 0.203682 2 0.889007 0.193304 2 0.889087 0.212258 2 0.886994 0.212126 2 0.887489 0.227062 2 0.887626 0.229288 2 0.880955 0.240030 2 0.884023 0.244048 2
0 0.957961 0.222222 0.023065 0.068783 0.966771 0.255793 1 0.966013 0.253576 1 0.966743 0.254281 1 0.961791 0.251902 2 0.965853 0.254270 2 0.956103 0.258765 2 0.964380 0.262071 2 0.950714 0.268571 2 0.966753 0.269697 2 0.953144 0.267306 1 0.968876 0.264784 1 0.955466 0.268926 1 0.960676 0.269697 1 0.959892 0.260914 1 0.962963 0.266218 1 0.957141 0.266891 1 0.962849 0.267936 1
0 0.571801 0.085317 0.011161 0.033069 0.570672 0.074921 2 0.570974 0.074231 2 0.570391 0.074264 2 0.571504 0.074431 2 0.570159 0.074508 1 0.572196 0.078399 2 0.569795 0.078370 2 0.573108 0.083612 2 0.569196 0.083380 2 0.572662 0.087378 2 0.569043 0.087570 2 0.571408 0.088526 2 0.569929 0.088403 2 0.570667 0.095755 2 0.569850 0.095717 2 0.570580 0.102419 2 0.570052 0.102217 2
0 0.906622 0.189815 0.020089 0.038360 0.906153 0.177558 2 0.906955 0.176160 2 0.905491 0.176309 2 0.908312 0.176362 2 0.904482 0.176760 1 0.909550 0.183198 2 0.902844 0.183981 2 0.908102 0.192783 2 0.901047 0.195240 2 0.902697 0.196277 2 0.903125 0.195795 2 0.907226 0.205031 2 0.902261 0.204832 2 0.907442 0.213409 1 0.900390 0.212064 1 0.905925 0.212918 1 0.899208 0.211313 1
0 0.940848 0.192460 0.020089 0.033069 0.941057 0.188674 2 0.941770 0.187306 2 0.940457 0.187349 2 0.943230 0.186191 2 0.939958 0.186385 1 0.945605 0.190141 2 0.938978 0.189977 2 0.946552 0.199878 2 0.937409 0.198316 2 0.941777 0.201664 2 0.937142 0.203432 2 0.944133 0.204170 2 0.939835 0.203660 2 0.943533 0.206710 2 0.936764 0.206839 2 0.941101 0.211494 1 0.938443 0.212108 1
0 0.926711 0.191799 0.018601 0.034392 0.930909 0.197504 2 0.931312 0.196695 2 0.930357 0.196452 2 0.931571 0.197426 1 0.929168 0.196923 2 0.931360 0.203370 2 0.928256 0.202699 2 0.931898 0.209829 2 0.927379 0.209174 2 0.930170 0.210057 2 0.928401 0.211055 2 0.930804 0.213636 2 0.928808 0.213449 2 0.930707 0.213754 1 0.928924 0.213747 1 0.930610 0.214778 1 0.928685 0.214295 1
