0 0.624628 0.469577 0.027530 0.164021 0.622727 0.403101 1 0.623720 0.400511 1 0.624349 0.401430 1 0.625805 0.404508 2 0.632212 0.405568 2 0.620973 0.422408 2 0.635252 0.423651 2 0.614737 0.439952 2 0.637756 0.447230 2 0.609171 0.454659 2 0.637368 0.463252 2 0.619661 0.466781 2 0.629736 0.466549 2 0.615588 0.497867 2 0.629123 0.495284 2 0.613527 0.530600 2 0.629240 0.520092 2
0 0.835193 0.587302 0.049851 0.190476 0.846520 0.527623 2 0.848965 0.524741 2 0.845670 0.522383 2 0.849524 0.521556 1 0.840719 0.515346 2 0.851356 0.531966 2 0.831648 0.528480 2 0.856110 0.559803 2 0.822480 0.550700 2 0.857893 0.582988 2 0.816566 0.575741 2 0.842086 0.582312 2 0.829217 0.581207 2 0.840823 0.619801 2 0.826827 0.624354 2 0.837081 0.640477 2 0.825050 0.663163 2
0 0.552827 0.462963 0.041667 0.164021 0.546595 0.400115 1 0.547229 0.397176 1 0.547711 0.397453 1 0.548071 0.400226 2 0.554576 0.399990 2 0.545488 0.420548 2 0.558329 0.419569 2 0.543701 0.444315 2 0.561962 0.443390 2 0.538681 0.460871 2 0.564283 0.461781 2 0.546947 0.466619 2 0.556119 0.466053 2 0.544872 0.498906 2 0.557292 0.498516 2 0.544905 0.534182 2 0.557418 0.530086 2
0 0.325893 0.514550 0.035714 0.174603 0.322906 0.452037 1 0.322575 0.448885 1 0.323464 0.448985 1 0.318629 0.451104 2 0.327799 0.451816 2 0.315100 0.469046 2 0.329346 0.473146 2 0.313164 0.481796 2 0.333441 0.497041 2 0.317535 0.475332 1 0.337150 0.517883 2 0.318310 0.514194 2 0.328351 0.516406 2 0.319384 0.544845 2 0.330448 0.550840 2 0.320572 0.575339 2 0.333406 0.583404 2
0 0.392485 0.376323 0.034970 0.141534 0.388253 0.317194 2 0.388637 0.314322 2 0.388851 0.314357 1 0.391145 0.316176 2 0.395743 0.315602 1 0.393555 0.332567 2 0.400350 0.331552 2 0.394505 0.353582 2 0.402478 0.350406 2 0.384573 0.356445 2 0.395794 0.355747 2 0.395515 0.370033 2 0.401432 0.369043 2 0.387664 0.396493 2 0.401062 0.398909 2 0.385248 0.427353 2 0.405011 0.428175 2
0 0.334077 0.373016 0.035714 0.134921 0.329764 0.324562 2 0.329485 0.322765 1 0.328553 0.323500 2 0.327789 0.326316 1 0.327722 0.327399 2 0.329879 0.336207 2 0.332101 0.337594 2 0.338723 0.337210 2 0.341381 0.338879 2 0.339664 0.324294 2 0.340132 0.325545 2 0.333994 0.368498 2 0.335805 0.369070 2 0.334180 0.397128 2 0.340472 0.397310 2 0.328439 0.420824 2 0.337589 0.421082 2
0 0.449405 0.400794 0.031250 0.140212 0.444434 0.349497 2 0.445291 0.347014 2 0.444969 0.346976 1 0.449251 0.349975 2 0.451880 0.349439 1 0.449696 0.366960 2 0.455879 0.363521 2 0.447468 0.388504 2 0.455960 0.380772 2 0.442752 0.380882 2 0.448221 0.376737 2 0.451404 0.402551 2 0.456912 0.400683 2 0.446658 0.429601 2 0.460743 0.428376 2 0.445895 0.458491 2 0.468006 0.450097 2
0 0.295759 0.420635 0.030506 0.156085 0.297366 0.368063 1 0.295741 0.365501 1 0.297272 0.365514 1 0.289986 0.366252 1 0.295592 0.366980 2 0.288103 0.381915 2 0.294321 0.384551 2 0.292460 0.402133 2 0.298884 0.405545 2 0.302209 0.410431 1 0.306456 0.414234 2 0.291781 0.422347 2 0.294847 0.424870 2 0.300286 0.449738 2 0.297143 0.455894 2 0.301802 0.473055 2 0.288327 0.481977 2
0 0.134673 0.371693 0.032738 0.124339 0.133583 0.321579 2 0.134052 0.318956 2 0.131978 0.319616 2 0.134428 0.319689 1 0.128124 0.321176 2 0.138161 0.333367 2 0.125296 0.336307 2 0.144268 0.345924 2 0.123683 0.353305 2 0.139655 0.352285 2 0.126700 0.369214 2 0.139749 0.368564 2 0.130878 0.370062 2 0.142379 0.393561 2 0.131940 0.396230 2 0.147968 0.418145 2 0.133618 0.422105 2
0 0.405878 0.299603 0.018601 0.104497 0.392857 0.314800 1 0.392857 0.312616 1 0.393457 0.312346 1 0.392857 0.315402 2 0.397610 0.314136 1 0.394974 0.333137 2 0.398551 0.330209 2 0.395835 0.354698 2 0.398200 0.349297 1 0.392938 0.353380 1 0.393926 0.350869 1 0.395800 0.369181 2 0.398381 0.367271 1 0.393787 0.369841 1 0.397583 0.366915 1 0.395256 0.371466 1 0.398688 0.371466 1
0 0.537946 0.203042 0.017857 0.083333 0.536843 0.170968 1 0.536937 0.169170 1 0.537027 0.169375 1 0.535827 0.170239 2 0.539638 0.170387 2 0.534039 0.180630 2 0.541597 0.180957 2 0.532003 0.192560 2 0.543575 0.193878 2 0.531429 0.202375 2 0.543532 0.204263 2 0.534572 0.202942 2 0.540163 0.203016 2 0.533091 0.220595 2 0.541224 0.220882 2 0.531604 0.237688 2 0.542015 0.237536 2
0 0.956473 0.282407 0.034970 0.117725 0.963349 0.287683 1 0.962055 0.285985 1 0.963310 0.285804 1 0.956813 0.288141 2 0.963304 0.288128 2 0.955085 0.301312 2 0.966077 0.300312 2 0.954927 0.319831 2 0.968501 0.315953 2 0.956816 0.331530 2 0.969192 0.328712 2 0.956551 0.332661 2 0.964103 0.331652 2 0.952292 0.349318 2 0.957832 0.349278 2 0.951428 0.359661 1 0.954899 0.362826 1
0 0.787574 0.274471 0.021577 0.088624 0.791442 0.242843 2 0.791449 0.240976 2 0.790536 0.240841 2 0.790300 0.241746 1 0.787283 0.241174 2 0.789221 0.251892 2 0.783813 0.250267 2 0.789722 0.266109 2 0.780753 0.263911 2 0.792184 0.273900 2 0.787030 0.273227 2 0.787288 0.273186 2 0.783576 0.273805 2 0.797479 0.280731 2 0.794703 0.281418 2 0.791002 0.298949 2 0.789263 0.300458 2
0 0.809524 0.268519 0.025298 0.084656 0.809552 0.241832 2 0.809478 0.240055 2 0.808599 0.240109 2 0.808196 0.240967 1 0.805190 0.241354 2 0.808137 0.248102 2 0.801823 0.251745 2 0.811014 0.261697 2 0.806648 0.263997 2 0.814659 0.269080 2 0.812161 0.272826 2 0.808955 0.270156 2 0.804389 0.274309 2 0.817430 0.271054 2 0.812446 0.284590 2 0.813950 0.287492 2 0.813257 0.305720 2
0 0.968006 0.934524 0.058036 0.123016 0.980703 0.917349 2 0.985200 0.911961 2 0.978045 0.909368 2 0.989889 0.913832 2 0.972191 0.907494 2 0.988935 0.945689 2 0.964288 0.931530 2 0.978288 0.988711 2 0.953470 0.961481 2 0.956788 0.989497 2 0.949793 0.980114 2 0.975561 0.996116 2 0.959321 0.987936 2 0.963010 0.990751 1 0.944422 0.984567 1 0.955249 0.997145 1 0.951895 0.995657 1
0 0.538318 0.322090 0.029018 0.078042 0.539111 0.296704 2 0.540085 0.295072 2 0.538147 0.295291 2 0.541863 0.292820 2 0.536491 0.293396 2 0.544854 0.295908 2 0.534301 0.297707 2 0.549398 0.303758 2 0.531374 0.308936 2 0.546092 0.315811 2 0.530480 0.321854 2 0.543276 0.315902 2 0.535852 0.316224 2 0.545289 0.332758 2 0.533756 0.332910 2 0.546150 0.350054 2 0.530821 0.350644 2
0 0.518229 0.291005 0.023065 0.066138 0.516155 0.272139 2 0.516987 0.270285 2 0.515244 0.270549 2 0.518337 0.269222 2 0.513748 0.269779 2 0.520690 0.277225 2 0.511536 0.277957 2 0.523284 0.287305 2 0.508984 0.288161 2 0.520947 0.294979 2 0.511870 0.296118 2 0.519831 0.300913 2 0.513824 0.301396 2 0.520405 0.318417 2 0.514493 0.319129 2 0.521225 0.332598 2 0.514713 0.333186 2
0 0.097470 0.319444 0.017857 0.062169 0.092779 0.301402 2 0.093149 0.299302 2 0.091885 0.300215 2 0.094949 0.295905 2 0.091513 0.298294 1 0.098281 0.298121 2 0.092180 0.302460 2 0.100944 0.307689 2 0.091458 0.316698 2 0.098619 0.312112 2 0.087824 0.330643 2 0.102824 0.311745 2 0.098512 0.313962 2 0.105753 0.319733 2 0.098581 0.321665 2 0.106991 0.337501 2 0.098371 0.336203 2
0 0.608259 0.140212 0.014137 0.068783 0.608249 0.118630 2 0.608750 0.117345 2 0.607596 0.117314 2 0.609108 0.117754 1 0.606396 0.117633 2 0.609682 0.124233 2 0.604790 0.124501 2 0.610711 0.132432 2 0.603898 0.133374 2 0.611333 0.138609 2 0.604411 0.141276 2 0.609260 0.141361 2 0.606050 0.141793 2 0.609647 0.154396 2 0.606161 0.155468 2 0.608739 0.168432 2 0.606370 0.169346 2
0 0.215402 0.218254 0.017113 0.037037 0.215830 0.219739 2 0.216546 0.218474 2 0.215161 0.218300 2 0.217403 0.217690 1 0.213855 0.217305 2 0.218040 0.221789 2 0.212150 0.221516 2 0.218400 0.229746 2 0.210720 0.229685 2 0.216792 0.228257 2 0.213369 0.228344 2 0.216819 0.232738 2 0.212911 0.232736 2 0.217371 0.231730 1 0.211380 0.232069 1 0.216243 0.233273 1 0.212834 0.233875 1
0 0.177455 0.134259 0.014137 0.056878 0.182812 0.119980 1 0.182407 0.119159 1 0.182625 0.119118 1 0.181043 0.120068 1 0.182191 0.119980 2 0.180727 0.126660 2 0.182166 0.125772 2 0.182679 0.133901 1 0.183714 0.132191 2 0.185245 0.136173 1 0.185269 0.134316 1 0.181742 0.140787 2 0.182369 0.140639 2 0.184756 0.151223 2 0.184368 0.150536 2 0.182763 0.160192 2 0.179130 0.158319 2
0 0.776042 0.181217 0.016369 0.060847 0.774195 0.163470 1 0.774312 0.162403 1 0.774684 0.162453 1 0.774398 0.163482 2 0.777471 0.163188 2 0.774174 0.169882 2 0.778565 0.169029 2 0.771221 0.174596 2 0.781172 0.173545 2 0.770038 0.172625 2 0.779327 0.176402 2 0.775734 0.183670 2 0.778338 0.183304 2 0.775774 0.194882 2 0.777188 0.194693 2 0.775447 0.206131 2 0.778099 0.205443 2
0 0.411086 0.115741 0.017113 0.054233 0.412570 0.094492 1 0.412269 0.093338 1 0.412602 0.093381 1 0.410317 0.093625 2 0.412982 0.093853 2 0.408976 0.099960 2 0.413703 0.099838 2 0.408168 0.106976 2 0.415278 0.105839 2 0.408884 0.111077 2 0.414179 0.110775 1 0.409595 0.114773 2 0.412765 0.114748 2 0.409634 0.126091 2 0.412072 0.126357 2 0.409957 0.136810 2 0.412080 0.136838 2
0 0.388021 0.107143 0.015625 0.047619 0.385882 0.105232 1 0.385950 0.104319 1 0.385667 0.104515 1 0.386526 0.102927 2 0.385634 0.103330 1 0.388936 0.102494 2 0.386502 0.103329 2 0.390920 0.106705 2 0.388017 0.107645 2 0.390523 0.108826 2 0.387806 0.108576 2 0.391816 0.104592 2 0.389860 0.104904 2 0.391635 0.111951 2 0.387922 0.111906 2 0.392798 0.120222 2 0.388768 0.120972 2
0 0.136161 0.119048 0.016369 0.031746 0.133103 0.112251 2 0.133686 0.111030 2 0.132512 0.111224 2 0.134722 0.111285 2 0.131805 0.111760 2 0.136360 0.116320 2 0.132231 0.117393 2 0.139659 0.124123 2 0.132450 0.124670 2 0.138788 0.128572 2 0.132463 0.127993 2 0.138503 0.125626 2 0.135783 0.126228 2 0.138393 0.123867 2 0.133516 0.125151 2 0.141565 0.126947 2 0.137515 0.128470 2
0 0.831845 0.176587 0.014881 0.051587 0.831274 0.159579 1 0.831482 0.158539 1 0.831674 0.158600 1 0.832225 0.159349 2 0.833967 0.159194 1 0.832308 0.165925 2 0.835155 0.165300 2 0.831975 0.173614 2 0.836856 0.171686 2 0.831919 0.180430 2 0.835748 0.177808 1 0.831827 0.180479 2 0.833642 0.179950 2 0.830939 0.188905 2 0.831838 0.188753 2 0.830637 0.197825 2 0.831678 0.197462 2
0 0.568824 0.106481 0.011161 0.051587 0.567196 0.088764 1 0.567296 0.087747 1 0.567545 0.087803 1 0.567573 0.088207 2 0.569336 0.088264 1 0.567327 0.092945 2 0.569710 0.093368 2 0.566074 0.099148 2 0.569810 0.100528 2 0.565565 0.103551 2 0.569103 0.104552 2 0.567451 0.103312 2 0.568994 0.103378 2 0.567098 0.113457 2 0.568092 0.113964 2 0.567186 0.123701 2 0.568214 0.123882 2
0 0.958333 0.320767 0.041667 0.136243 0.963554 0.288250 1 0.962436 0.286194 1 0.963391 0.286285 1 0.957381 0.287845 2 0.963606 0.288238 2 0.955288 0.301087 2 0.966303 0.300325 2 0.954853 0.319337 2 0.969299 0.316218 2 0.956384 0.330743 2 0.969252 0.329151 2 0.956463 0.333842 2 0.964286 0.332770 2 0.950609 0.358622 2 0.959556 0.357569 2 0.948190 0.382920 2 0.957413 0.383110 2
0 0.184896 0.103175 0.011161 0.037037 0.183624 0.107603 2 0.184030 0.106749 2 0.183508 0.106898 1 0.185112 0.107033 2 0.183815 0.107288 1 0.186630 0.111129 2 0.183775 0.111378 2 0.185007 0.116236 2 0.181689 0.116195 2 0.183152 0.112797 2 0.180778 0.116414 1 0.186797 0.123387 2 0.184611 0.123133 2 0.182902 0.125221 2 0.180794 0.125348 1 0.184064 0.125892 1 0.181542 0.127376 1
0 0.744420 0.140212 0.017113 0.052910 0.752179 0.117158 2 0.752571 0.116124 2 0.751552 0.115931 2 0.752727 0.116947 1 0.750053 0.116406 2 0.752480 0.123942 2 0.747678 0.122177 2 0.752846 0.130691 2 0.743542 0.127171 2 0.752648 0.132662 2 0.745343 0.132994 2 0.749444 0.138950 2 0.746377 0.138223 2 0.748304 0.150172 2 0.744765 0.149975 2 0.746994 0.159759 1 0.743131 0.159150 2
0 0.955729 0.171958 0.020089 0.066138 0.952301 0.156933 2 0.952424 0.155415 2 0.952473 0.155370 1 0.954232 0.154551 2 0.955666 0.154330 1 0.954923 0.161218 2 0.960042 0.160321 2 0.953936 0.171304 2 0.963046 0.168980 2 0.952041 0.179421 2 0.960943 0.175060 2 0.954666 0.180273 2 0.958010 0.179270 2 0.952420 0.193173 2 0.954763 0.192699 2 0.953118 0.208180 2 0.954874 0.207662 2
0 0.905878 0.188492 0.020089 0.038360 0.906095 0.177997 2 0.906895 0.176639 2 0.905539 0.176367 2 0.907895 0.176824 1 0.904512 0.176132 2 0.908715 0.182351 2 0.902278 0.181527 2 0.907369 0.191418 2 0.900026 0.190072 2 0.901872 0.194483 2 0.900755 0.192691 2 0.907193 0.196182 2 0.902738 0.195516 2 0.906235 0.193268 2 0.899611 0.192618 2 0.900881 0.199326 2 0.898210 0.198861 2
0 0.941592 0.192460 0.020089 0.033069 0.940034 0.186548 2 0.940704 0.184995 2 0.939154 0.185266 2 0.941837 0.184682 2 0.937858 0.185342 2 0.944089 0.190388 2 0.936355 0.190950 2 0.944760 0.199583 2 0.934221 0.199303 2 0.940231 0.199471 2 0.935662 0.200829 2 0.942832 0.204753 2 0.937578 0.204885 2 0.943326 0.204703 2 0.935144 0.205621 1 0.942089 0.212031 1 0.936225 0.213344 1
0 0.925967 0.189815 0.018601 0.035714 0.921814 0.202142 2 0.922294 0.201128 2 0.921276 0.201182 2 0.922858 0.201149 2 0.920369 0.201287 2 0.923991 0.205949 2 0.919007 0.206174 2 0.926141 0.212016 2 0.917553 0.212530 1 0.924346 0.211495 1 0.917891 0.212921 1 0.923245 0.213810 1 0.920049 0.213810 1 0.923842 0.209020 1 0.920313 0.209207 1 0.923153 0.212237 1 0.920411 0.211701 1
