0 0.641369 0.866402 0.038690 0.187831 0.642778 0.804392 2 0.644300 0.800659 2 0.640608 0.799661 2 0.642948 0.801797 1 0.635145 0.799209 2 0.635753 0.818219 2 0.637206 0.820615 2 0.644322 0.836922 1 0.649172 0.841935 2 0.653771 0.835203 2 0.657130 0.837178 2 0.638114 0.874662 2 0.639069 0.877569 2 0.640395 0.914616 2 0.641759 0.923997 2 0.639556 0.952954 2 0.638054 0.967664 2
0 0.679688 0.800265 0.039435 0.187831 0.682798 0.732750 2 0.685032 0.729573 2 0.681059 0.728933 2 0.688223 0.732028 2 0.678351 0.730308 2 0.690220 0.753959 2 0.672060 0.749043 2 0.693439 0.779513 2 0.665156 0.773313 2 0.693763 0.804812 2 0.666565 0.798234 2 0.684463 0.805366 2 0.672358 0.802661 2 0.684027 0.843240 2 0.667648 0.836537 2 0.681141 0.875425 2 0.667594 0.862190 2
0 0.620164 0.771825 0.049851 0.115079 0.642775 0.804776 2 0.644530 0.800686 2 0.640190 0.800509 2 0.644781 0.799456 1 0.635015 0.799682 2 0.635181 0.814573 2 0.637006 0.820258 2 0.642359 0.833332 2 0.648138 0.843289 2 0.648897 0.833664 2 0.654762 0.839675 2 0.635920 0.848577 1 0.637280 0.851852 1 0.651271 0.833875 1 0.654762 0.846778 1 0.648146 0.844767 1 0.649911 0.851852 1
0 0.367560 0.476852 0.016369 0.056878 0.363348 0.469065 2 0.363368 0.468104 1 0.363103 0.467969 2 0.362431 0.467898 1 0.362027 0.467656 2 0.361832 0.472019 2 0.360422 0.472143 2 0.362910 0.478550 2 0.359581 0.479419 2 0.363930 0.482606 2 0.360786 0.484009 2 0.362090 0.485922 2 0.361326 0.486324 2 0.362118 0.496393 2 0.361725 0.496998 2 0.361509 0.507581 2 0.361332 0.507740 2
0 0.577381 0.612434 0.029762 0.121693 0.582181 0.571079 2 0.581640 0.568922 1 0.581969 0.568899 2 0.579023 0.569091 1 0.580361 0.569209 2 0.580229 0.578113 2 0.572939 0.579356 2 0.584013 0.590026 2 0.569870 0.593106 2 0.590397 0.595847 2 0.576974 0.601505 2 0.578300 0.609864 2 0.572763 0.611607 2 0.582794 0.631750 2 0.570038 0.638116 2 0.576619 0.653356 2 0.565503 0.660022 2
0 0.568080 0.615741 0.030506 0.104497 0.571795 0.579390 2 0.571717 0.577606 1 0.571480 0.577231 2 0.569479 0.577187 1 0.569211 0.576384 2 0.568019 0.586445 2 0.563423 0.585455 2 0.567390 0.600908 1 0.560016 0.601041 2 0.569266 0.606049 1 0.565960 0.607227 2 0.566721 0.613911 2 0.563414 0.613990 2 0.567028 0.637283 2 0.564753 0.637071 2 0.562561 0.657515 2 0.559431 0.656174 2
0 0.492188 0.564815 0.023065 0.100529 0.492751 0.531732 1 0.492380 0.529967 1 0.493265 0.529859 1 0.489777 0.531860 2 0.495528 0.531708 2 0.487506 0.543117 2 0.497558 0.543024 2 0.484881 0.558052 2 0.500253 0.556704 2 0.484628 0.569026 2 0.501903 0.568064 2 0.489816 0.566683 2 0.496325 0.566711 2 0.490823 0.588323 2 0.495649 0.589639 2 0.491817 0.608524 2 0.494864 0.611891 2
0 0.520833 0.609127 0.026786 0.117725 0.526600 0.564208 1 0.525402 0.562067 1 0.526254 0.562012 1 0.519493 0.562986 2 0.524787 0.563649 2 0.514899 0.575597 2 0.526243 0.577212 2 0.512368 0.592781 2 0.528061 0.593553 2 0.512174 0.606300 2 0.529490 0.606975 2 0.516187 0.607831 2 0.524030 0.609047 2 0.516710 0.628304 2 0.524509 0.632426 2 0.516783 0.647301 2 0.523001 0.654233 2
0 0.520089 0.556878 0.022321 0.095238 0.526688 0.564633 1 0.525510 0.562475 1 0.526327 0.562507 1 0.519844 0.563007 2 0.524730 0.563717 2 0.514947 0.575957 2 0.526268 0.576772 2 0.511916 0.592687 2 0.528176 0.594427 2 0.512321 0.607361 2 0.529154 0.607985 2 0.516282 0.610029 2 0.524103 0.610480 2 0.516205 0.622685 1 0.525270 0.622685 1 0.516351 0.620867 1 0.523822 0.619747 1
0 0.544643 0.545635 0.013393 0.078042 0.544396 0.517220 1 0.544256 0.515763 1 0.544688 0.515892 1 0.542439 0.516189 2 0.546192 0.516525 2 0.540720 0.523816 2 0.546590 0.524232 2 0.538916 0.532989 2 0.547281 0.532633 2 0.538592 0.542551 2 0.546574 0.533074 1 0.541345 0.543604 2 0.545365 0.543815 2 0.542166 0.558692 2 0.545879 0.558323 2 0.542689 0.574130 2 0.546001 0.572571 2
0 0.476562 0.565476 0.020089 0.099206 0.480812 0.535077 2 0.480110 0.533048 1 0.480306 0.533296 2 0.475835 0.533520 1 0.478473 0.534246 2 0.472544 0.543750 2 0.479250 0.544653 2 0.471193 0.557026 2 0.482386 0.557280 2 0.473377 0.568292 2 0.483829 0.568086 2 0.473286 0.568234 2 0.478107 0.568956 2 0.472481 0.585642 2 0.478996 0.586544 2 0.470327 0.603242 2 0.478394 0.604648 2
0 0.504092 0.531746 0.014137 0.087302 0.503723 0.501011 1 0.503747 0.499340 1 0.504124 0.499498 1 0.502332 0.500614 2 0.506684 0.500699 2 0.500380 0.510861 2 0.508770 0.510888 2 0.498855 0.522946 2 0.510088 0.523154 2 0.499381 0.532432 1 0.509604 0.531332 2 0.502097 0.534015 2 0.507870 0.534065 2 0.502752 0.550882 2 0.508173 0.550048 2 0.504092 0.566086 2 0.508096 0.565122 2
0 0.488095 0.523810 0.017857 0.082011 0.493646 0.531793 1 0.493067 0.530014 1 0.494196 0.529905 1 0.489722 0.531930 2 0.495854 0.531812 2 0.487406 0.545020 2 0.497129 0.544207 2 0.484903 0.558375 2 0.498836 0.555927 2 0.485598 0.568453 2 0.499178 0.563978 1 0.489453 0.566463 2 0.495789 0.566155 2 0.490959 0.580688 1 0.495667 0.580688 1 0.491646 0.579319 1 0.494327 0.579465 1
0 0.462426 0.427249 0.014137 0.052910 0.462426 0.410776 2 0.462985 0.409793 2 0.462010 0.409845 2 0.463936 0.410098 2 0.461649 0.410243 1 0.464773 0.415364 2 0.461482 0.415469 2 0.465819 0.422598 2 0.461010 0.422215 2 0.465109 0.428884 2 0.460146 0.428025 2 0.464084 0.429060 2 0.461965 0.429046 2 0.464167 0.438948 2 0.461970 0.439088 2 0.465852 0.448281 2 0.463752 0.448472 2
0 0.769345 0.913360 0.058036 0.167989 0.777886 0.857465 2 0.781556 0.853574 2 0.776398 0.852265 2 0.787675 0.860105 2 0.775496 0.855316 2 0.791165 0.892049 2 0.778969 0.880448 2 0.791935 0.924737 2 0.783126 0.916623 2 0.793280 0.931810 2 0.786314 0.934016 2 0.785236 0.949218 2 0.774393 0.939376 2 0.780358 0.983600 2 0.753421 0.955713 2 0.783805 1.000000 2 0.750806 0.987859 2
