0 0.963170 0.285714 0.026042 0.092593 0.969486 0.256737 2 0.969778 0.254984 2 0.968897 0.254575 2 0.968260 0.254568 1 0.965577 0.253455 2 0.966746 0.261732 2 0.960881 0.261108 2 0.964943 0.273669 2 0.955135 0.273144 2 0.965788 0.283314 2 0.955732 0.287960 2 0.961354 0.286377 2 0.957942 0.286270 2 0.958941 0.304908 2 0.957621 0.306547 2 0.953074 0.319619 2 0.955330 0.326292 2
0 0.524182 0.414683 0.024554 0.146825 0.512012 0.360128 1 0.512689 0.358071 2 0.513384 0.358057 1 0.514665 0.360965 2 0.519366 0.359948 1 0.514790 0.377708 2 0.523098 0.373254 2 0.513470 0.400120 2 0.522401 0.392110 1 0.508755 0.412005 2 0.516348 0.405227 1 0.518303 0.415823 2 0.523144 0.412742 2 0.514395 0.445594 2 0.514794 0.438213 2 0.522770 0.473260 2 0.516073 0.461592 2
0 0.789062 0.388228 0.034970 0.133598 0.797650 0.347697 2 0.799288 0.345777 2 0.797175 0.344294 2 0.800159 0.342389 1 0.794936 0.338636 2 0.800405 0.346909 2 0.787874 0.343961 2 0.802361 0.362331 2 0.780444 0.358627 2 0.803893 0.378720 2 0.776747 0.376636 2 0.794522 0.382338 2 0.786306 0.381279 2 0.795835 0.407960 2 0.783869 0.409024 2 0.790452 0.427321 2 0.782861 0.433903 2
0 0.669271 0.179894 0.017113 0.068783 0.668251 0.155101 1 0.668575 0.153740 1 0.668762 0.153917 1 0.669613 0.154312 2 0.672260 0.154385 1 0.668268 0.161444 2 0.674191 0.161438 2 0.666223 0.170014 2 0.676795 0.170055 2 0.664837 0.176976 2 0.674680 0.177544 2 0.668387 0.181032 2 0.672572 0.180929 2 0.666537 0.195746 2 0.671996 0.196658 2 0.665229 0.212473 2 0.672357 0.210773 2
0 0.656994 0.444444 0.026786 0.164021 0.655706 0.386127 2 0.656630 0.382899 2 0.656856 0.383111 1 0.659673 0.386582 2 0.663407 0.386250 1 0.658749 0.407499 2 0.666155 0.405909 2 0.656367 0.431564 2 0.665213 0.429350 1 0.650869 0.436010 2 0.656107 0.433850 1 0.656755 0.449106 2 0.662148 0.447733 2 0.654908 0.480291 2 0.660343 0.479099 2 0.654833 0.517237 2 0.661146 0.512121 2
0 0.351562 0.451720 0.031994 0.141534 0.350208 0.398952 1 0.349922 0.396205 1 0.350702 0.396511 1 0.346194 0.398389 2 0.354505 0.399016 2 0.342731 0.415058 2 0.356793 0.416450 2 0.339556 0.434428 2 0.364766 0.435009 2 0.342813 0.448955 2 0.369698 0.438381 2 0.345386 0.456465 2 0.354849 0.457441 2 0.347145 0.485969 2 0.357064 0.486324 2 0.346982 0.515032 2 0.359512 0.514055 2
0 0.427455 0.415344 0.030506 0.142857 0.416330 0.355631 1 0.416689 0.353102 1 0.417811 0.353109 1 0.416996 0.355180 2 0.424629 0.354144 2 0.415832 0.373245 2 0.428388 0.369380 2 0.415832 0.395216 2 0.431569 0.388261 2 0.413809 0.397364 2 0.426264 0.395233 1 0.419333 0.410845 2 0.426869 0.408615 2 0.420803 0.438487 2 0.421702 0.434438 2 0.426955 0.464418 2 0.418870 0.457117 2
0 0.229167 0.426587 0.031250 0.138889 0.228599 0.369133 2 0.227930 0.366939 1 0.227198 0.367590 2 0.223765 0.370279 1 0.223422 0.371853 2 0.221512 0.386889 2 0.222970 0.387589 2 0.219694 0.408882 1 0.220067 0.409059 2 0.222274 0.427335 2 0.221932 0.428655 2 0.223708 0.428437 2 0.226116 0.429209 2 0.223319 0.455262 2 0.233416 0.453824 2 0.221703 0.481730 2 0.238185 0.480225 2
0 0.310268 0.402116 0.032738 0.132275 0.309279 0.354591 2 0.308485 0.352602 1 0.308058 0.352993 2 0.306010 0.355658 1 0.304292 0.357137 2 0.307185 0.369823 2 0.301397 0.373677 2 0.308325 0.387563 2 0.301645 0.394662 2 0.312662 0.401310 2 0.303844 0.411774 2 0.307275 0.401369 2 0.302641 0.404109 2 0.311994 0.425810 2 0.303478 0.433023 2 0.315625 0.450647 2 0.303565 0.461118 2
0 0.448289 0.380291 0.029018 0.157407 0.445673 0.335682 1 0.446050 0.333828 1 0.446584 0.334143 1 0.446232 0.336531 2 0.451835 0.336647 1 0.442850 0.347499 2 0.454763 0.345176 2 0.438902 0.336876 2 0.454999 0.326560 2 0.437673 0.320356 2 0.450922 0.308077 2 0.445025 0.386165 2 0.452710 0.385310 2 0.442266 0.417381 2 0.449909 0.418112 2 0.444037 0.450377 2 0.449543 0.446698 2
0 0.359747 0.426587 0.031994 0.138889 0.349052 0.399639 1 0.348661 0.396689 1 0.349738 0.396899 1 0.345320 0.398451 2 0.354069 0.398680 2 0.342154 0.415800 2 0.356932 0.415839 2 0.339458 0.434807 2 0.365364 0.434710 2 0.342755 0.445950 1 0.372065 0.445254 2 0.344878 0.457271 2 0.354821 0.457357 2 0.346287 0.487968 2 0.357463 0.487117 2 0.346361 0.516854 2 0.359147 0.515664 2
0 0.383557 0.374339 0.024554 0.129630 0.385356 0.321227 1 0.384257 0.318681 1 0.384703 0.318918 1 0.379134 0.320227 1 0.382328 0.321130 2 0.376175 0.335661 2 0.382410 0.336292 2 0.380149 0.349489 2 0.383490 0.357231 2 0.387084 0.348507 2 0.387982 0.369033 2 0.378107 0.373865 2 0.383223 0.373833 2 0.378614 0.403161 2 0.386517 0.399130 2 0.377615 0.431432 2 0.386404 0.424850 2
0 0.409970 0.401455 0.031250 0.146825 0.417273 0.355002 1 0.417553 0.352266 1 0.418785 0.352352 1 0.417762 0.354680 2 0.425498 0.353862 2 0.416599 0.372935 2 0.429146 0.370014 2 0.414772 0.394263 2 0.431210 0.390418 2 0.413168 0.395668 2 0.426409 0.396323 1 0.419246 0.410447 2 0.426767 0.408475 2 0.420308 0.439232 2 0.421010 0.435004 2 0.425947 0.462458 2 0.419355 0.456235 2
0 0.156994 0.368386 0.026786 0.125661 0.148762 0.318190 2 0.150024 0.315305 2 0.147185 0.316150 2 0.152272 0.316178 2 0.145627 0.318209 2 0.156341 0.330242 2 0.146699 0.332309 2 0.163913 0.346170 2 0.145607 0.347954 2 0.155313 0.353851 2 0.143023 0.357929 2 0.158926 0.362558 2 0.153896 0.363020 2 0.155089 0.390494 2 0.157808 0.390448 2 0.157945 0.419757 2 0.163900 0.416969 2
0 0.103795 0.375000 0.030506 0.130952 0.092123 0.326892 2 0.093601 0.324220 2 0.091471 0.323987 2 0.097365 0.325015 2 0.091850 0.324614 1 0.102699 0.339050 2 0.093141 0.339278 2 0.107874 0.354516 2 0.089559 0.346894 2 0.107775 0.368505 2 0.089862 0.342609 2 0.102975 0.371865 2 0.096860 0.372228 2 0.102351 0.398981 2 0.098169 0.400621 2 0.110648 0.413531 2 0.104716 0.421952 2
0 0.406622 0.298942 0.017113 0.100529 0.411352 0.266784 2 0.411691 0.264679 1 0.410204 0.264597 2 0.410998 0.265546 1 0.406826 0.265477 2 0.411581 0.277953 2 0.402564 0.277579 2 0.412255 0.290966 2 0.400148 0.291187 2 0.410193 0.282663 2 0.406298 0.286982 2 0.409541 0.308463 2 0.403214 0.308514 2 0.409661 0.328500 2 0.402474 0.328972 2 0.409291 0.345664 2 0.402145 0.345752 2
0 0.550223 0.206349 0.018601 0.084656 0.552619 0.172447 1 0.552685 0.170719 1 0.552892 0.171066 1 0.551465 0.171544 2 0.555432 0.172151 2 0.549322 0.181168 2 0.557259 0.182758 2 0.548065 0.192843 2 0.557950 0.196602 2 0.546674 0.203759 2 0.557557 0.207207 2 0.548754 0.205023 2 0.554602 0.205482 2 0.546085 0.221559 2 0.553750 0.223036 2 0.544509 0.239079 2 0.551949 0.240346 2
0 0.945312 0.278439 0.029018 0.112434 0.952552 0.237049 1 0.951619 0.234602 1 0.952001 0.235007 1 0.945905 0.234447 1 0.949898 0.235925 2 0.940347 0.245201 2 0.951232 0.248912 2 0.936187 0.260595 2 0.952670 0.266286 2 0.935423 0.274527 2 0.953579 0.273766 2 0.938418 0.279009 2 0.945998 0.280657 2 0.935157 0.300304 2 0.943680 0.304174 2 0.931058 0.320504 2 0.938892 0.326841 2
0 0.418155 0.289683 0.022321 0.103175 0.413536 0.249744 2 0.414635 0.247726 2 0.413002 0.247775 2 0.417217 0.248345 2 0.413198 0.248433 1 0.420084 0.258653 2 0.413293 0.258907 2 0.421109 0.271348 2 0.412960 0.272222 2 0.415049 0.269721 2 0.413446 0.271606 2 0.419846 0.287263 2 0.414952 0.287188 2 0.420324 0.309351 2 0.415176 0.308931 2 0.422136 0.329309 2 0.415859 0.329257 2
0 0.787946 0.274471 0.020833 0.085979 0.792267 0.244070 2 0.792688 0.242122 2 0.791507 0.241766 2 0.792129 0.242016 1 0.788637 0.240872 2 0.790593 0.252241 2 0.784569 0.250216 2 0.790787 0.266744 2 0.781601 0.264133 2 0.793001 0.273275 2 0.787948 0.272419 2 0.788285 0.273904 2 0.784162 0.274331 2 0.797284 0.281181 2 0.793352 0.282050 2 0.793193 0.301835 2 0.789464 0.303224 2
0 0.811756 0.271164 0.025298 0.082011 0.811258 0.241762 2 0.811088 0.240135 2 0.810419 0.240090 2 0.809492 0.240930 1 0.807242 0.241108 2 0.809297 0.248092 2 0.803838 0.250778 2 0.812685 0.259570 2 0.807866 0.264759 2 0.816401 0.268337 2 0.813548 0.273297 2 0.809162 0.269307 2 0.805428 0.272184 2 0.816550 0.274875 2 0.813409 0.281754 2 0.814822 0.293523 2 0.815429 0.302171 2
0 0.966146 0.931878 0.061756 0.133598 0.980020 0.915722 2 0.984707 0.911409 2 0.977164 0.907904 2 0.989023 0.915475 2 0.970392 0.907136 2 0.986428 0.947165 2 0.961041 0.929629 2 0.975740 0.990091 2 0.951317 0.962014 2 0.955399 0.989960 2 0.946997 0.980246 2 0.969560 0.999999 2 0.952598 0.989801 2 0.959715 0.999998 1 0.939649 0.988150 1 0.952468 1.000000 1 0.945891 0.994354 1
0 0.539435 0.326058 0.025298 0.064815 0.541561 0.308371 1 0.542594 0.306532 1 0.540514 0.306669 1 0.544363 0.303601 1 0.538865 0.303715 1 0.546353 0.304803 2 0.534764 0.303498 2 0.549912 0.317435 2 0.530485 0.315766 2 0.545627 0.318451 2 0.536433 0.318804 2 0.545047 0.322872 2 0.537023 0.322497 2 0.548539 0.320271 2 0.532184 0.319017 2 0.546189 0.346941 2 0.531908 0.340699 2
0 0.520461 0.293651 0.021577 0.074074 0.523358 0.270716 2 0.524253 0.268815 2 0.522466 0.268999 2 0.525510 0.267061 2 0.520873 0.267342 2 0.526991 0.274485 2 0.518440 0.274643 2 0.528912 0.285507 2 0.514791 0.285128 2 0.526967 0.293265 2 0.518337 0.293330 2 0.525402 0.298600 2 0.520006 0.298915 2 0.525380 0.314971 2 0.520210 0.315601 2 0.524358 0.329568 1 0.519742 0.329769 2
0 0.486979 0.161376 0.012649 0.066138 0.487061 0.137229 2 0.487582 0.135972 2 0.486606 0.136049 1 0.488345 0.135931 2 0.486583 0.136098 2 0.489123 0.142627 2 0.486312 0.142016 2 0.491043 0.150773 2 0.484590 0.149077 2 0.489701 0.155833 2 0.483502 0.149161 2 0.488422 0.158474 2 0.487102 0.157797 2 0.484682 0.171124 2 0.486983 0.168949 2 0.486824 0.182569 2 0.490776 0.177345 2
0 0.128348 0.334656 0.018601 0.039683 0.124442 0.327477 2 0.125067 0.325832 2 0.124438 0.325871 1 0.127348 0.325492 2 0.125793 0.325261 1 0.129410 0.333141 2 0.126727 0.331831 2 0.126145 0.344099 2 0.123983 0.339942 2 0.122710 0.347286 2 0.122096 0.344740 2 0.133959 0.347096 2 0.131651 0.346211 2 0.127897 0.342449 2 0.123730 0.342106 2 0.131412 0.348479 2 0.126745 0.348879 2
0 0.095238 0.314815 0.032738 0.058201 0.097582 0.303914 2 0.098835 0.302063 2 0.096629 0.302232 2 0.101259 0.301770 2 0.095334 0.302355 2 0.104087 0.308688 2 0.092606 0.312064 2 0.109505 0.319276 2 0.087568 0.326079 2 0.109688 0.333365 2 0.090188 0.339333 2 0.103237 0.330168 2 0.095787 0.332238 2 0.104487 0.318963 2 0.092699 0.323959 2 0.106129 0.337062 2 0.093660 0.343416 2
0 0.187128 0.131614 0.017113 0.048942 0.188046 0.116067 1 0.187914 0.115177 1 0.188197 0.114976 1 0.186852 0.116075 2 0.189511 0.115506 2 0.186172 0.122813 2 0.191281 0.121513 2 0.185588 0.130334 2 0.193357 0.128373 2 0.186496 0.137219 2 0.194337 0.135311 2 0.188750 0.136886 2 0.192226 0.136328 2 0.190267 0.147425 2 0.193379 0.145458 2 0.191756 0.157298 2 0.194727 0.155522 2
0 0.782366 0.185185 0.018601 0.052910 0.784622 0.163287 1 0.784798 0.162181 1 0.785110 0.162333 1 0.785065 0.162935 2 0.787682 0.162978 2 0.784104 0.169069 2 0.788566 0.169167 2 0.781862 0.175381 2 0.788653 0.175929 2 0.781160 0.175175 2 0.785640 0.175311 1 0.784096 0.183915 2 0.787087 0.183846 2 0.782918 0.193730 2 0.785459 0.194065 2 0.782312 0.205295 2 0.784983 0.204470 2
0 0.399926 0.096561 0.009673 0.047619 0.403854 0.076374 2 0.403924 0.075518 1 0.403449 0.075490 2 0.403615 0.075638 1 0.402184 0.075613 2 0.403955 0.080459 2 0.400507 0.080399 2 0.404431 0.086547 2 0.399467 0.086611 2 0.404557 0.091990 2 0.399993 0.092351 2 0.403434 0.092394 2 0.401069 0.092538 2 0.403705 0.101043 2 0.401073 0.101330 2 0.403869 0.109913 2 0.400846 0.109879 2
0 0.960193 0.218254 0.018601 0.068783 0.952007 0.235624 2 0.951268 0.233744 1 0.951549 0.234012 2 0.948188 0.234479 1 0.950133 0.235434 2 0.948165 0.246867 2 0.951185 0.248208 2 0.950587 0.261705 1 0.953224 0.262938 2 0.950836 0.262798 1 0.953235 0.263204 1 0.947923 0.265398 1 0.950089 0.265398 1 0.949686 0.259675 1 0.952181 0.260477 1 0.949966 0.265226 1 0.950738 0.265398 1
0 0.906622 0.189815 0.020089 0.038360 0.909601 0.175857 2 0.910230 0.174475 2 0.908921 0.173881 2 0.910342 0.174803 1 0.906960 0.173518 2 0.909896 0.181198 2 0.904336 0.180098 2 0.908124 0.189697 2 0.902615 0.188254 2 0.903538 0.194076 2 0.901198 0.191499 2 0.908701 0.193177 2 0.904704 0.192546 2 0.907883 0.192894 2 0.899833 0.192660 2 0.904034 0.198709 2 0.899634 0.198388 2
0 0.940848 0.192460 0.020089 0.033069 0.933010 0.187583 2 0.932641 0.185864 1 0.932684 0.185812 2 0.929881 0.185607 1 0.930522 0.185720 2 0.928259 0.194133 2 0.930098 0.195173 2 0.931574 0.202835 1 0.933262 0.203984 2 0.932950 0.203666 1 0.933293 0.200629 2 0.927261 0.212875 1 0.928665 0.213646 1 0.928711 0.213202 1 0.931186 0.213806 1 0.928501 0.214931 1 0.930367 0.215608 1
0 0.925967 0.190476 0.018601 0.034392 0.933083 0.187535 2 0.932656 0.185581 1 0.932753 0.185547 2 0.928775 0.184848 1 0.930347 0.185000 2 0.924312 0.194431 2 0.930203 0.194335 2 0.922871 0.205258 2 0.933435 0.203741 2 0.925559 0.205103 1 0.933416 0.199224 2 0.923687 0.212915 1 0.927828 0.213209 1 0.924441 0.211212 1 0.930485 0.210488 1 0.922850 0.213543 1 0.928819 0.211953 1
