0 0.572545 0.376323 0.030506 0.125661 0.571028 0.332661 2 0.572833 0.330533 2 0.569727 0.329943 2 0.575189 0.331779 2 0.568108 0.330460 2 0.578174 0.342929 2 0.565361 0.344881 2 0.581887 0.358262 2 0.562463 0.361539 2 0.584065 0.374820 2 0.562258 0.377428 2 0.575942 0.377845 2 0.568654 0.379360 2 0.571938 0.399439 2 0.570519 0.405525 2 0.565071 0.410637 2 0.571512 0.423257 2
0 0.694568 0.795635 0.057292 0.250000 0.701957 0.700355 2 0.704449 0.696415 2 0.700185 0.694424 2 0.712095 0.699090 2 0.701611 0.694982 1 0.717092 0.728693 2 0.691547 0.715248 2 0.721261 0.759532 2 0.683379 0.743101 2 0.722830 0.777907 2 0.674162 0.769480 2 0.706691 0.792791 2 0.692422 0.785149 2 0.699701 0.845409 2 0.696783 0.826653 2 0.687357 0.897767 2 0.706834 0.853661 2
0 0.655506 0.185847 0.014881 0.070106 0.658606 0.160105 1 0.658575 0.158846 1 0.658994 0.159047 1 0.657314 0.159609 2 0.660686 0.159894 2 0.655540 0.166616 2 0.661352 0.166853 2 0.653085 0.174762 2 0.660569 0.174833 1 0.651826 0.182024 2 0.657427 0.179299 1 0.655910 0.184521 2 0.659766 0.184660 2 0.656340 0.199613 2 0.659152 0.199501 2 0.657266 0.214524 2 0.659035 0.213485 2
0 0.531622 0.379630 0.033482 0.119048 0.540467 0.328868 2 0.541991 0.326715 2 0.539217 0.326590 2 0.544198 0.326588 2 0.536978 0.326458 2 0.544212 0.337390 2 0.533114 0.340140 2 0.549590 0.346001 2 0.528074 0.359673 2 0.550773 0.352585 2 0.533813 0.372920 2 0.539444 0.372867 2 0.531780 0.374220 2 0.544583 0.397173 2 0.534004 0.398282 2 0.543559 0.419333 2 0.526281 0.419601 2
0 0.507068 0.475529 0.039435 0.157407 0.508719 0.417021 1 0.509070 0.414603 1 0.509455 0.415025 1 0.508049 0.419215 2 0.515897 0.419226 2 0.504832 0.434383 2 0.519641 0.435140 2 0.502915 0.424590 2 0.524717 0.427217 2 0.508210 0.411071 2 0.520448 0.412536 2 0.507578 0.477993 2 0.518304 0.478619 2 0.504040 0.510406 2 0.519817 0.511861 2 0.499877 0.540549 2 0.522310 0.538996 2
0 0.394717 0.392196 0.026042 0.133598 0.400961 0.345670 2 0.400382 0.342902 1 0.399943 0.343085 2 0.394587 0.344275 1 0.396167 0.344987 2 0.389006 0.359359 2 0.395386 0.360839 2 0.385868 0.379556 2 0.394190 0.383849 2 0.391903 0.395758 2 0.396699 0.402450 2 0.389435 0.398423 2 0.394848 0.399688 2 0.390831 0.425848 2 0.401500 0.425605 2 0.387939 0.454429 2 0.402579 0.456416 2
0 0.360491 0.455688 0.030506 0.154762 0.363135 0.407190 2 0.361709 0.404553 1 0.361818 0.405269 2 0.356734 0.406221 1 0.358014 0.408731 2 0.351598 0.423115 2 0.358128 0.426193 2 0.346792 0.440848 2 0.365857 0.444845 2 0.344948 0.455032 2 0.375164 0.452057 2 0.354250 0.463816 2 0.355053 0.466170 2 0.366107 0.488096 2 0.349106 0.492590 2 0.371735 0.516302 2 0.339391 0.515048 2
0 0.306176 0.389550 0.031994 0.125661 0.305987 0.343032 2 0.305787 0.340546 2 0.304417 0.341330 2 0.305010 0.342596 1 0.301002 0.344568 2 0.307377 0.355602 2 0.299619 0.359936 2 0.310112 0.371955 2 0.300225 0.380348 2 0.314689 0.386545 2 0.304290 0.394686 2 0.309687 0.388275 2 0.304234 0.391005 2 0.310930 0.414651 2 0.304013 0.420348 2 0.311102 0.439338 2 0.303569 0.447082 2
0 0.486235 0.391534 0.026042 0.140212 0.495893 0.345448 2 0.495385 0.342232 1 0.495138 0.342654 2 0.490230 0.341827 1 0.492122 0.342981 2 0.485849 0.355009 2 0.490433 0.358050 2 0.485823 0.373524 1 0.490553 0.379090 2 0.492704 0.388311 1 0.495596 0.393536 2 0.483553 0.392187 2 0.487674 0.394240 2 0.482295 0.417895 2 0.491092 0.420997 2 0.478285 0.441851 2 0.491699 0.447690 2
0 0.286086 0.434524 0.040923 0.162698 0.289065 0.380723 2 0.288705 0.377416 1 0.287710 0.378438 2 0.284519 0.379784 1 0.283617 0.381372 2 0.284406 0.396409 2 0.281278 0.397687 2 0.284811 0.417703 2 0.278919 0.420443 2 0.291618 0.431429 2 0.283035 0.441038 2 0.284335 0.438842 2 0.284656 0.439999 2 0.281470 0.468924 2 0.296282 0.467338 2 0.273648 0.497491 2 0.304491 0.499658 2
0 0.134301 0.371032 0.034970 0.125661 0.133798 0.321498 2 0.134292 0.318899 2 0.132163 0.319544 2 0.134607 0.319876 1 0.128529 0.321373 2 0.138419 0.333308 2 0.125389 0.336762 2 0.144579 0.345572 2 0.123744 0.354002 2 0.141296 0.353429 2 0.125614 0.371219 2 0.140061 0.367780 2 0.131101 0.369809 2 0.143531 0.393967 2 0.132589 0.396520 2 0.148391 0.419558 2 0.134206 0.422030 2
0 0.390997 0.308862 0.023065 0.109788 0.401619 0.345037 2 0.400973 0.342194 1 0.400154 0.342873 2 0.396596 0.342523 1 0.395726 0.344791 2 0.390506 0.357033 2 0.396192 0.361302 2 0.386310 0.375979 1 0.396737 0.383397 1 0.391793 0.379400 1 0.401725 0.384776 1 0.389747 0.384776 1 0.393773 0.384776 1 0.393344 0.374972 1 0.399497 0.378041 1 0.390257 0.384776 1 0.395538 0.384776 1
0 0.528274 0.204365 0.020833 0.088624 0.528203 0.172223 1 0.528511 0.170581 1 0.528949 0.170696 1 0.529223 0.171096 2 0.532346 0.171139 1 0.528324 0.180372 2 0.534908 0.180992 2 0.527158 0.192818 2 0.536968 0.193774 2 0.525835 0.203893 2 0.537526 0.205314 2 0.529659 0.203415 2 0.533348 0.203470 2 0.528755 0.220011 2 0.528638 0.220768 2 0.535055 0.235059 2 0.529581 0.235957 2
0 0.962426 0.282407 0.034970 0.117725 0.970535 0.241951 2 0.969949 0.239346 1 0.969717 0.239547 2 0.964616 0.239072 1 0.966289 0.239843 2 0.957658 0.250484 2 0.967103 0.253342 2 0.953791 0.268323 2 0.968841 0.272474 2 0.958080 0.274641 2 0.971857 0.280225 2 0.955928 0.285680 2 0.962767 0.287525 2 0.954053 0.308766 2 0.963739 0.313719 2 0.950011 0.328033 2 0.960429 0.336707 2
0 0.788318 0.274471 0.023065 0.093915 0.791314 0.242796 2 0.791360 0.240902 2 0.790447 0.240718 2 0.790157 0.241583 1 0.787169 0.240970 2 0.788485 0.252270 2 0.783172 0.250621 2 0.788575 0.266547 2 0.780402 0.264720 2 0.791819 0.273025 2 0.787340 0.273043 2 0.786374 0.274440 2 0.782762 0.275069 2 0.795390 0.281376 2 0.792671 0.282044 2 0.790089 0.302590 2 0.788182 0.302969 2
0 0.809152 0.269180 0.024554 0.088624 0.809881 0.241983 2 0.809705 0.240005 1 0.809133 0.240102 2 0.808148 0.240325 1 0.806349 0.240940 2 0.807918 0.247142 2 0.802007 0.251504 2 0.810264 0.260307 2 0.806928 0.265424 2 0.814206 0.268558 2 0.812334 0.273236 2 0.808298 0.268955 2 0.804010 0.273401 2 0.817813 0.270032 2 0.812855 0.282928 2 0.812837 0.289187 2 0.814030 0.304536 2
0 0.589286 0.198413 0.014881 0.044974 0.590402 0.183525 2 0.590830 0.182563 1 0.590117 0.182587 1 0.591656 0.182915 2 0.590020 0.182920 1 0.592753 0.187942 2 0.589352 0.187947 2 0.594333 0.192966 2 0.588179 0.192900 2 0.593969 0.194569 2 0.588862 0.195507 2 0.592424 0.198142 2 0.590247 0.198186 2 0.592475 0.205418 2 0.590334 0.205524 2 0.592648 0.213447 2 0.590733 0.213454 2
0 0.927827 0.919312 0.071429 0.158730 0.934461 0.869875 2 0.936047 0.867703 2 0.937636 0.868263 1 0.939292 0.878507 2 0.946348 0.878625 1 0.937295 0.907040 2 0.945602 0.907513 2 0.913963 0.917421 2 0.924683 0.917767 2 0.904611 0.909147 2 0.909952 0.915115 2 0.921035 0.980507 2 0.925488 0.977826 2 0.913135 0.966388 1 0.915823 0.962867 1 0.911826 0.978424 1 0.910670 0.989094 1
0 0.538318 0.322090 0.027530 0.101852 0.540636 0.328890 2 0.542187 0.326428 2 0.539165 0.326223 2 0.544077 0.326476 2 0.536779 0.326228 2 0.543829 0.337198 2 0.533785 0.339549 2 0.549608 0.345545 2 0.528624 0.359435 2 0.552878 0.350449 2 0.534271 0.372576 2 0.538576 0.372458 2 0.531945 0.373463 2 0.542705 0.390943 1 0.532076 0.390810 1 0.541591 0.390718 1 0.529012 0.389592 1
0 0.518973 0.293651 0.024554 0.076720 0.517677 0.273131 2 0.518572 0.271469 2 0.516895 0.271494 2 0.519887 0.270397 2 0.515601 0.270393 2 0.521950 0.277489 2 0.512926 0.277351 2 0.524409 0.288121 2 0.510425 0.287606 2 0.521833 0.296748 2 0.513308 0.296376 2 0.520186 0.302534 2 0.514337 0.302524 2 0.519835 0.322906 2 0.514965 0.322732 2 0.520504 0.341453 2 0.515476 0.340888 2
0 0.478051 0.153439 0.017113 0.063492 0.477691 0.134911 2 0.477987 0.133483 1 0.476988 0.133670 2 0.478314 0.133814 1 0.475724 0.134213 2 0.480299 0.139839 2 0.475211 0.140915 2 0.485183 0.145950 2 0.475486 0.147948 2 0.482787 0.146929 2 0.479126 0.146103 2 0.481059 0.156739 2 0.477723 0.157278 2 0.482245 0.170116 2 0.478236 0.170562 2 0.483237 0.184767 2 0.479153 0.185357 2
0 0.096726 0.317460 0.017857 0.063492 0.095390 0.295538 2 0.095937 0.293807 2 0.094421 0.294435 2 0.096864 0.293109 1 0.093092 0.294743 2 0.098305 0.298312 2 0.092968 0.301912 2 0.100881 0.302364 2 0.092310 0.310208 2 0.100022 0.304768 2 0.094855 0.309213 2 0.098590 0.314759 2 0.095142 0.316251 2 0.099157 0.325965 2 0.095580 0.326960 2 0.100474 0.338917 2 0.096388 0.339576 2
0 0.614583 0.142857 0.020833 0.068783 0.621514 0.120926 2 0.622005 0.119789 2 0.620753 0.119755 2 0.622248 0.120651 1 0.618982 0.120357 2 0.622732 0.128095 2 0.616814 0.127313 2 0.623411 0.136822 2 0.614962 0.136334 2 0.623713 0.142106 2 0.613962 0.145635 2 0.621076 0.146284 2 0.617111 0.145842 2 0.620732 0.160828 2 0.616670 0.159779 2 0.619769 0.174866 2 0.615029 0.173649 2
0 0.202753 0.203704 0.017113 0.037037 0.200745 0.194304 1 0.200659 0.193542 1 0.200910 0.193529 1 0.199855 0.194122 2 0.202008 0.193992 2 0.199131 0.199115 2 0.202996 0.198462 2 0.198634 0.204674 2 0.204285 0.203368 2 0.197561 0.208736 2 0.204831 0.205683 1 0.200252 0.208408 2 0.203040 0.208051 2 0.199823 0.215148 2 0.203700 0.213926 2 0.200184 0.221721 2 0.204322 0.219710 2
0 0.178199 0.140212 0.014137 0.055556 0.178268 0.124674 1 0.178197 0.123696 1 0.178410 0.123545 1 0.177522 0.124439 2 0.180082 0.124006 2 0.176990 0.130739 2 0.182061 0.130017 2 0.175781 0.135449 2 0.184105 0.136394 2 0.176402 0.130823 2 0.184853 0.141091 1 0.179282 0.146399 2 0.182637 0.146003 2 0.179809 0.158089 2 0.183212 0.157754 2 0.180367 0.168418 2 0.183710 0.169093 2
0 0.797991 0.185847 0.017113 0.062169 0.801721 0.166715 1 0.801405 0.165393 1 0.801740 0.165752 1 0.798846 0.165901 2 0.802191 0.167014 2 0.797070 0.172037 2 0.802005 0.173714 2 0.794168 0.178087 2 0.803955 0.179899 2 0.794740 0.181683 1 0.801730 0.182234 1 0.795723 0.187209 2 0.799059 0.187934 2 0.794667 0.197971 2 0.798619 0.199398 2 0.792679 0.209422 2 0.799000 0.210096 2
0 0.424479 0.116402 0.014137 0.058201 0.426427 0.095554 1 0.425897 0.094613 1 0.426275 0.094569 1 0.423591 0.095541 1 0.425757 0.095595 2 0.422580 0.101790 2 0.426083 0.101533 2 0.423873 0.109040 1 0.426753 0.109494 2 0.426626 0.112656 1 0.427967 0.115698 2 0.423716 0.116908 2 0.426223 0.116899 2 0.425525 0.128388 2 0.428025 0.127413 2 0.424352 0.140201 2 0.426195 0.139326 2
0 0.400670 0.093254 0.012649 0.051587 0.401543 0.077382 2 0.401872 0.076435 2 0.400960 0.076568 2 0.402315 0.076903 1 0.400005 0.077183 2 0.403390 0.082312 2 0.399261 0.082682 2 0.404274 0.088436 2 0.398784 0.088910 2 0.404224 0.094732 2 0.399539 0.094604 2 0.403145 0.094926 2 0.400316 0.095145 2 0.403321 0.103033 2 0.400447 0.103344 2 0.403468 0.110462 2 0.400227 0.111044 2
0 0.134301 0.111772 0.015625 0.048942 0.132229 0.102817 2 0.132949 0.101733 2 0.131761 0.101593 2 0.134692 0.101356 2 0.131441 0.101104 1 0.136537 0.105339 2 0.131693 0.105433 2 0.139297 0.110581 2 0.132073 0.110528 2 0.137020 0.114673 2 0.132817 0.114282 2 0.136671 0.112410 2 0.133632 0.112261 2 0.135513 0.119518 2 0.133704 0.119462 2 0.136795 0.128371 2 0.134705 0.129401 2
0 0.828869 0.175265 0.014881 0.048942 0.829212 0.158837 2 0.829351 0.157609 2 0.829638 0.157556 1 0.830356 0.157577 2 0.832065 0.157259 1 0.830844 0.163458 2 0.833008 0.163042 2 0.828124 0.170339 2 0.830683 0.170342 2 0.825050 0.169457 2 0.826583 0.170759 1 0.830688 0.179411 2 0.832133 0.178876 2 0.829788 0.188029 2 0.830775 0.187322 2 0.829956 0.197148 2 0.830891 0.196920 2
0 0.497768 0.240079 0.014881 0.054233 0.498093 0.221055 2 0.498855 0.219833 2 0.497391 0.219675 2 0.499781 0.219944 2 0.496232 0.219510 2 0.500321 0.225971 2 0.495271 0.225701 2 0.503284 0.232426 2 0.494706 0.231997 2 0.503521 0.234040 2 0.496853 0.231622 2 0.498761 0.241756 2 0.495431 0.241754 2 0.499328 0.252159 2 0.495626 0.252538 2 0.499657 0.260374 2 0.495094 0.261094 2
0 0.972098 0.318783 0.031994 0.124339 0.970984 0.242226 2 0.970217 0.239079 1 0.970461 0.239369 2 0.964023 0.237923 1 0.967448 0.239054 2 0.957817 0.250013 2 0.966793 0.253553 2 0.954307 0.268235 2 0.968623 0.272834 2 0.957917 0.276007 1 0.973028 0.279160 2 0.956185 0.284881 2 0.962701 0.287171 2 0.954373 0.309691 2 0.963797 0.314181 2 0.950149 0.330568 2 0.961411 0.337942 2
0 0.746652 0.132275 0.017113 0.052910 0.748183 0.115283 2 0.748683 0.114160 2 0.747518 0.114151 2 0.749171 0.114655 1 0.746128 0.114484 2 0.749676 0.121281 2 0.744394 0.121231 2 0.750199 0.128799 2 0.742764 0.129464 2 0.750661 0.130915 2 0.745226 0.130678 2 0.748457 0.136250 2 0.744888 0.136329 2 0.747817 0.147069 2 0.744040 0.146994 2 0.747119 0.156783 2 0.742577 0.156741 2
0 0.955729 0.173280 0.020089 0.063492 0.953254 0.154504 1 0.953318 0.153188 1 0.953676 0.153365 1 0.953854 0.153337 2 0.957061 0.153352 2 0.953441 0.159978 2 0.960063 0.159282 2 0.951491 0.169752 2 0.962735 0.167732 2 0.950088 0.175042 2 0.960614 0.173363 2 0.953919 0.179117 2 0.958200 0.178432 2 0.952435 0.193290 2 0.955500 0.193187 2 0.951993 0.207986 2 0.954003 0.207462 2
0 0.905506 0.187169 0.020833 0.041005 0.905354 0.177232 2 0.905979 0.175623 2 0.904584 0.175839 2 0.906806 0.175689 2 0.903374 0.176186 2 0.908144 0.181069 2 0.901492 0.182420 2 0.907016 0.191413 2 0.898434 0.193147 2 0.901269 0.194032 2 0.900505 0.193905 2 0.906784 0.199764 2 0.902401 0.200420 2 0.905591 0.192986 1 0.899444 0.194593 1 0.902150 0.199518 1 0.900345 0.201240 1
0 0.925967 0.189815 0.018601 0.035714 0.925741 0.186579 2 0.926432 0.184492 2 0.924960 0.185100 2 0.927997 0.183145 2 0.924146 0.184696 2 0.931264 0.189493 2 0.923073 0.192267 2 0.933184 0.196268 2 0.921813 0.200444 2 0.930025 0.198938 2 0.924307 0.203213 2 0.930958 0.204699 2 0.925371 0.205651 2 0.929511 0.201364 1 0.921624 0.202932 1 0.930250 0.203643 1 0.925376 0.205508 1
