0 0.218378 0.685185 0.020089 0.089947 0.215145 0.651506 1 0.215106 0.649914 1 0.215701 0.649715 1 0.213859 0.652308 2 0.219333 0.651128 2 0.212893 0.664627 2 0.222478 0.661313 2 0.211264 0.675977 2 0.226038 0.671029 2 0.211840 0.677719 1 0.225859 0.676313 1 0.216762 0.688104 2 0.223163 0.686478 2 0.217913 0.706712 2 0.224280 0.702032 2 0.217944 0.724612 2 0.224398 0.719599 2
0 0.206101 0.666667 0.019345 0.113757 0.207833 0.624127 2 0.207832 0.621886 1 0.207102 0.621965 2 0.206356 0.621721 1 0.204683 0.621941 2 0.206916 0.631381 2 0.201740 0.633404 2 0.209299 0.644089 2 0.201559 0.649552 2 0.210898 0.654139 2 0.204238 0.661215 2 0.208061 0.659332 2 0.204829 0.660869 2 0.208527 0.682938 2 0.206401 0.684213 2 0.207019 0.707339 2 0.206699 0.708647 2
0 0.239583 0.669312 0.019345 0.084656 0.235268 0.640398 2 0.235683 0.638568 2 0.235172 0.638672 1 0.237999 0.637622 2 0.236912 0.638075 1 0.239697 0.645827 2 0.238358 0.645058 2 0.239204 0.657460 2 0.237555 0.654564 1 0.234869 0.658421 2 0.234977 0.656720 1 0.239150 0.665343 2 0.238187 0.664848 2 0.240499 0.680131 2 0.239648 0.680283 2 0.243318 0.696886 2 0.241775 0.695235 2
0 0.265625 0.542328 0.014881 0.058201 0.267008 0.522073 1 0.266692 0.520882 1 0.266687 0.520890 2 0.264555 0.521720 1 0.265447 0.521686 2 0.263917 0.528764 2 0.264798 0.528604 2 0.265065 0.536424 1 0.265442 0.536644 2 0.269486 0.540644 1 0.269397 0.541137 2 0.264307 0.544722 2 0.265368 0.544959 2 0.265250 0.555294 2 0.268999 0.554453 2 0.263448 0.566773 2 0.269880 0.567373 2
0 0.319568 0.634259 0.036458 0.078042 0.320327 0.612578 2 0.321440 0.609651 2 0.319083 0.610151 2 0.324637 0.608721 2 0.319390 0.609751 1 0.326256 0.618951 2 0.323078 0.618046 2 0.316646 0.626926 2 0.315432 0.625833 2 0.308574 0.632195 2 0.308707 0.632653 2 0.330993 0.650848 2 0.329045 0.648653 2 0.315067 0.634902 2 0.317216 0.628772 2 0.315451 0.662776 2 0.318800 0.655093 2
0 0.458333 0.425926 0.019345 0.087302 0.456770 0.392757 1 0.456479 0.391196 1 0.457075 0.391304 1 0.454101 0.392714 2 0.458700 0.392801 2 0.452234 0.402466 2 0.460543 0.402971 2 0.450321 0.414048 2 0.462709 0.414514 2 0.449128 0.422966 2 0.462246 0.422190 2 0.454584 0.423751 2 0.459840 0.424292 2 0.456114 0.440246 2 0.459561 0.441345 2 0.456043 0.457465 2 0.457453 0.459473 2
0 0.315476 0.584656 0.026786 0.050265 0.312750 0.570356 2 0.313984 0.567936 2 0.311818 0.568550 2 0.316800 0.567488 2 0.311948 0.568965 1 0.318236 0.573213 2 0.314732 0.578700 2 0.311316 0.580520 2 0.313294 0.591876 2 0.307215 0.581226 2 0.308764 0.585985 2 0.323491 0.601204 2 0.320517 0.603063 2 0.314264 0.599696 2 0.311960 0.601493 1 0.318402 0.602195 1 0.316787 0.607052 1
0 0.322917 0.568783 0.020833 0.052910 0.313134 0.569236 2 0.314284 0.567353 2 0.312550 0.567802 2 0.316955 0.568029 2 0.313413 0.568658 1 0.317306 0.574842 2 0.316038 0.574746 2 0.310966 0.580637 2 0.312232 0.579888 1 0.310290 0.576972 2 0.311117 0.579528 1 0.323664 0.594414 2 0.322509 0.593811 2 0.312895 0.582518 2 0.312519 0.580771 2 0.316959 0.597591 2 0.316989 0.595901 2
0 0.463170 0.411376 0.018601 0.076720 0.456920 0.392392 1 0.456652 0.390984 1 0.457341 0.391019 1 0.454568 0.392557 2 0.459178 0.392658 2 0.452832 0.402289 2 0.460473 0.402717 2 0.450950 0.413169 2 0.462525 0.413990 2 0.451173 0.421039 1 0.462911 0.420964 2 0.454925 0.423535 2 0.459775 0.423807 2 0.456646 0.440619 2 0.459336 0.440846 2 0.457321 0.457884 2 0.457429 0.458635 2
0 0.438616 0.750000 0.054315 0.148148 0.428119 0.698351 2 0.430019 0.695218 2 0.426298 0.695273 2 0.433327 0.695775 2 0.423568 0.696338 2 0.438314 0.710214 2 0.420747 0.713453 2 0.444541 0.730258 2 0.418163 0.734781 2 0.448550 0.755176 2 0.418703 0.752076 2 0.440692 0.754430 2 0.427566 0.757016 2 0.451162 0.783425 2 0.425225 0.788213 2 0.459939 0.810171 2 0.427975 0.817751 2
0 0.374628 0.759259 0.027530 0.166667 0.384932 0.697694 2 0.386637 0.694145 2 0.383362 0.694735 2 0.390176 0.694355 2 0.381881 0.695730 1 0.393050 0.712221 2 0.379936 0.710551 2 0.393601 0.732320 1 0.379351 0.726833 2 0.391382 0.740413 2 0.386855 0.736380 2 0.392549 0.756388 2 0.384104 0.755611 2 0.391696 0.792122 2 0.387519 0.787631 2 0.389905 0.819670 2 0.390401 0.808942 2
0 0.390625 0.734127 0.017857 0.068783 0.385270 0.697441 2 0.386907 0.694941 2 0.383802 0.695288 2 0.389924 0.696051 2 0.382126 0.696663 2 0.392848 0.708964 2 0.381068 0.708448 2 0.395273 0.732307 2 0.380229 0.727217 2 0.395733 0.750246 2 0.387770 0.735756 2 0.392050 0.741368 2 0.384130 0.741441 2 0.393297 0.763107 2 0.384956 0.763603 2 0.393731 0.770314 2 0.386416 0.772097 2
0 0.398065 0.382937 0.014881 0.075397 0.389851 0.422983 2 0.390579 0.421393 2 0.389255 0.421418 2 0.392121 0.421495 2 0.388604 0.421533 1 0.394713 0.427993 2 0.387649 0.427988 2 0.396518 0.434855 1 0.387649 0.434732 1 0.395736 0.434231 1 0.389350 0.434133 1 0.393672 0.434855 1 0.388813 0.434855 1 0.394603 0.433732 1 0.390232 0.433614 1 0.393175 0.434855 1 0.391631 0.434855 1
0 0.554315 0.787037 0.034226 0.150794 0.551961 0.732026 2 0.554013 0.729077 2 0.550669 0.728515 2 0.557583 0.727083 2 0.548927 0.725790 2 0.563066 0.738734 2 0.545684 0.738391 2 0.565853 0.762008 2 0.540693 0.761179 2 0.566429 0.785563 2 0.539465 0.783870 2 0.559595 0.780868 2 0.547480 0.780254 2 0.560973 0.808436 2 0.542208 0.807151 2 0.559987 0.830876 2 0.540970 0.835600 2
0 0.391369 0.451058 0.019345 0.084656 0.389816 0.421626 2 0.390574 0.419804 2 0.388859 0.420138 2 0.391948 0.419918 2 0.387922 0.420738 2 0.394871 0.429048 2 0.386485 0.429515 2 0.396245 0.443336 2 0.384839 0.443072 2 0.397312 0.457396 2 0.384016 0.455817 2 0.393220 0.452905 2 0.387991 0.452960 2 0.392462 0.472661 2 0.389112 0.472458 2 0.391467 0.490120 2 0.390727 0.489930 2
0 0.422991 0.365741 0.015625 0.072751 0.419928 0.345055 2 0.420159 0.343617 2 0.419704 0.343834 1 0.421239 0.341777 2 0.420699 0.342178 1 0.423864 0.346647 2 0.421788 0.345158 2 0.426066 0.355838 2 0.422724 0.349007 1 0.423802 0.365105 2 0.420864 0.350102 1 0.423691 0.367193 2 0.422276 0.366248 2 0.425139 0.383235 2 0.422389 0.380713 2 0.426758 0.398069 2 0.424703 0.393627 2
0 0.415179 0.242725 0.013393 0.046296 0.414144 0.226309 1 0.414402 0.225439 1 0.413836 0.225596 1 0.415135 0.225018 2 0.413836 0.225416 1 0.416686 0.228560 2 0.413785 0.228931 2 0.418470 0.233820 2 0.412698 0.233924 2 0.418240 0.239122 2 0.413307 0.238217 2 0.416752 0.239850 2 0.414889 0.239993 2 0.417132 0.247459 2 0.415226 0.247755 2 0.417839 0.253686 2 0.415385 0.254140 2
0 0.359375 0.478836 0.022321 0.087302 0.356358 0.451522 2 0.357287 0.449418 2 0.355640 0.449781 2 0.359683 0.448624 2 0.355447 0.449636 1 0.363504 0.457430 2 0.354590 0.458082 2 0.366046 0.469404 2 0.352038 0.468818 2 0.366266 0.479939 2 0.350308 0.479829 2 0.361351 0.481218 2 0.355454 0.481110 2 0.361425 0.496398 2 0.354860 0.495941 2 0.361814 0.508745 2 0.357077 0.508577 2
0 0.337054 0.508598 0.019345 0.062169 0.341105 0.466117 1 0.341648 0.465608 1 0.340459 0.465608 1 0.342565 0.465608 1 0.339661 0.465688 1 0.344447 0.470712 2 0.338345 0.470844 2 0.347368 0.476396 2 0.336098 0.475897 2 0.345612 0.482940 2 0.338235 0.481151 2 0.343654 0.488633 2 0.339827 0.488677 2 0.343325 0.501089 2 0.340605 0.501213 2 0.344008 0.512764 2 0.341480 0.512214 2
0 0.340030 0.486772 0.014881 0.063492 0.340183 0.464997 2 0.340886 0.463576 2 0.339462 0.463871 2 0.342337 0.463739 2 0.338970 0.464420 2 0.344169 0.470729 2 0.338522 0.470824 2 0.346936 0.477094 2 0.336204 0.476090 2 0.345861 0.483713 2 0.337967 0.481153 2 0.343390 0.488457 2 0.340066 0.488444 2 0.342530 0.500428 2 0.340808 0.500201 2 0.343199 0.512399 2 0.341970 0.511175 2
0 0.317708 0.488757 0.022321 0.075397 0.317982 0.462510 1 0.318033 0.460984 1 0.318455 0.461117 1 0.316947 0.461626 2 0.321170 0.461926 2 0.314698 0.469629 2 0.322480 0.471347 2 0.311103 0.476800 2 0.324439 0.481124 2 0.313653 0.482580 2 0.326659 0.488668 2 0.315681 0.490121 2 0.320926 0.491015 2 0.316301 0.504693 2 0.321719 0.506143 2 0.315984 0.520459 2 0.322012 0.522516 2
0 0.282366 0.567460 0.021577 0.076720 0.275457 0.545942 2 0.276628 0.544218 2 0.275176 0.543920 2 0.279522 0.544467 2 0.277109 0.543700 1 0.276966 0.552297 2 0.280398 0.550330 2 0.271356 0.555661 2 0.279055 0.552898 2 0.271583 0.548593 2 0.275542 0.550150 2 0.277977 0.572031 2 0.280361 0.570922 2 0.278105 0.584133 2 0.281789 0.582531 2 0.279178 0.597084 2 0.282579 0.595016 2
