0 0.593006 0.749339 0.008929 0.039683 0.590399 0.732663 1 0.590509 0.731804 2 0.590595 0.731835 1 0.591528 0.731713 2 0.592560 0.731650 1 0.592334 0.735896 2 0.594180 0.735421 2 0.591272 0.742406 2 0.593813 0.741825 1 0.590034 0.743864 2 0.591265 0.744254 1 0.592385 0.748572 2 0.593600 0.748063 2 0.592167 0.757490 2 0.592609 0.756878 2 0.592694 0.765591 2 0.592889 0.765271 2
0 0.016555 0.919643 0.012277 0.049603 0.019036 0.901592 2 0.019494 0.900585 2 0.018587 0.900256 2 0.019615 0.900918 1 0.017329 0.900231 2 0.019544 0.906227 2 0.014676 0.907168 2 0.020830 0.911528 2 0.014112 0.915890 2 0.021139 0.910213 2 0.017933 0.912331 2 0.020188 0.922118 2 0.016678 0.922970 2 0.021684 0.933089 2 0.016904 0.934088 2 0.022098 0.943877 2 0.017029 0.944339 2
0 0.065848 0.845899 0.009673 0.046296 0.067258 0.829018 1 0.066790 0.828055 1 0.067136 0.828206 1 0.064182 0.828521 1 0.066440 0.829086 2 0.063049 0.833741 2 0.066377 0.834227 2 0.061202 0.839592 2 0.064303 0.840247 2 0.061035 0.844328 2 0.062185 0.844300 2 0.063086 0.846385 2 0.065743 0.846642 2 0.064431 0.855295 2 0.068715 0.854132 2 0.064304 0.864356 2 0.069947 0.864468 2
0 0.168713 0.761905 0.010045 0.037037 0.169465 0.747541 1 0.169546 0.746668 1 0.169577 0.746626 1 0.170100 0.746776 2 0.171429 0.746404 2 0.170858 0.751583 2 0.172814 0.750692 2 0.171935 0.757812 2 0.174693 0.756996 2 0.171292 0.763178 1 0.174023 0.761785 1 0.170966 0.764685 2 0.172612 0.763837 2 0.168528 0.772914 2 0.171983 0.771225 2 0.167613 0.780868 2 0.172689 0.778086 2
0 0.196429 0.835648 0.011161 0.035053 0.199663 0.819529 2 0.199325 0.818638 1 0.199611 0.818702 2 0.197406 0.818694 2 0.199315 0.818774 2 0.196375 0.822744 2 0.200427 0.822717 2 0.194362 0.828054 2 0.202471 0.827398 2 0.193093 0.832138 2 0.201459 0.832111 2 0.197458 0.834288 2 0.200094 0.834195 2 0.195819 0.837094 1 0.198379 0.836778 1 0.195087 0.840419 1 0.198638 0.841194 1
0 0.199777 0.835317 0.008185 0.044974 0.199684 0.819767 2 0.199735 0.818810 2 0.199329 0.818917 2 0.199332 0.818593 1 0.198391 0.818874 2 0.200387 0.822281 2 0.197351 0.822754 2 0.203252 0.827071 2 0.195159 0.827257 2 0.202015 0.833276 2 0.194196 0.832484 2 0.199620 0.834013 2 0.197863 0.834036 2 0.198703 0.838585 1 0.196219 0.838770 1 0.198606 0.842316 1 0.197028 0.842484 1
0 0.250372 0.706349 0.008929 0.034392 0.251472 0.695394 2 0.251793 0.694693 2 0.251133 0.694703 2 0.252322 0.695079 2 0.250649 0.695121 2 0.253387 0.699123 2 0.249890 0.699096 2 0.254566 0.703440 2 0.248653 0.703335 2 0.254386 0.705905 2 0.249073 0.706814 2 0.253251 0.707766 2 0.250873 0.707842 2 0.254342 0.714192 2 0.250991 0.714348 2 0.255505 0.720746 2 0.251715 0.721149 2
0 0.517671 0.687831 0.008557 0.031746 0.518657 0.675663 2 0.518274 0.674844 1 0.518558 0.674975 2 0.516564 0.674769 1 0.517855 0.675277 2 0.515198 0.678183 2 0.517345 0.679010 2 0.516241 0.681924 1 0.519155 0.683267 2 0.519500 0.683581 1 0.520769 0.684397 2 0.515494 0.687744 2 0.516879 0.688545 2 0.518155 0.690214 2 0.519074 0.691309 2 0.517228 0.696664 2 0.517780 0.696643 2
0 0.230655 0.702381 0.009673 0.031746 0.233502 0.689662 2 0.233275 0.689138 1 0.233270 0.689120 2 0.231925 0.689854 1 0.232555 0.689835 2 0.230734 0.693794 2 0.232863 0.693590 2 0.232633 0.696814 1 0.235281 0.696581 2 0.235944 0.697596 1 0.237220 0.697543 2 0.231650 0.703005 2 0.233355 0.703187 2 0.233107 0.703905 2 0.236568 0.703679 2 0.232096 0.712066 2 0.236183 0.711024 2
0 0.531436 0.677579 0.008557 0.025794 0.533007 0.669462 1 0.532732 0.668878 1 0.533011 0.668842 2 0.531422 0.668876 1 0.532511 0.668978 2 0.530773 0.671706 2 0.531467 0.671890 2 0.532131 0.675088 2 0.532468 0.675436 2 0.534074 0.675271 1 0.534289 0.676121 2 0.530574 0.680419 2 0.531025 0.680931 2 0.534153 0.683346 2 0.534601 0.683957 2 0.534733 0.689630 2 0.535170 0.689974 2
0 0.523624 0.737765 0.009301 0.037698 0.524572 0.721875 1 0.524281 0.721200 1 0.524352 0.721290 1 0.523076 0.721680 1 0.523594 0.721968 2 0.522316 0.726543 2 0.522840 0.726436 2 0.523056 0.732948 1 0.522644 0.732980 2 0.524455 0.738005 1 0.523517 0.738251 2 0.522750 0.737728 2 0.522903 0.737912 2 0.523899 0.746221 2 0.523528 0.746143 2 0.523305 0.753582 2 0.520694 0.751709 2
0 0.612165 0.755291 0.007812 0.026455 0.613191 0.744513 2 0.613498 0.743805 2 0.612730 0.743853 2 0.613837 0.744118 2 0.611924 0.744180 2 0.614895 0.747869 2 0.610721 0.747513 2 0.615599 0.753146 2 0.609372 0.751662 2 0.614845 0.755857 2 0.609114 0.755702 2 0.614331 0.756659 2 0.611668 0.756643 2 0.615220 0.759514 2 0.612313 0.759795 2 0.614663 0.768033 2 0.613354 0.768360 2
0 0.334077 0.541336 0.004464 0.023148 0.334745 0.534388 1 0.334594 0.533934 1 0.334761 0.533914 1 0.333758 0.534037 2 0.334818 0.534056 2 0.333334 0.536468 2 0.334971 0.536487 2 0.332923 0.539803 2 0.335641 0.539716 2 0.332998 0.542276 2 0.335740 0.541650 2 0.333581 0.542466 2 0.334658 0.542453 2 0.333751 0.546986 2 0.334463 0.546930 2 0.333591 0.551544 2 0.334316 0.551753 2
0 0.301339 0.592923 0.006696 0.024471 0.300423 0.586400 1 0.300546 0.585902 2 0.300578 0.585898 1 0.301124 0.586159 2 0.301594 0.586047 1 0.301758 0.588902 2 0.302218 0.588825 2 0.301486 0.592668 2 0.302095 0.592608 2 0.300241 0.596167 2 0.300906 0.596246 2 0.303013 0.596638 2 0.303234 0.596566 2 0.303211 0.602634 2 0.302939 0.602529 2 0.303970 0.608284 2 0.303190 0.608471 2
0 0.561942 0.792659 0.007068 0.040344 0.561903 0.774667 2 0.562382 0.773859 2 0.561471 0.773839 2 0.563110 0.774130 2 0.560868 0.774158 2 0.563923 0.778209 2 0.559986 0.779082 2 0.565645 0.778432 2 0.559128 0.784355 2 0.565448 0.774589 2 0.558864 0.789485 2 0.563221 0.790429 2 0.560588 0.790500 2 0.563254 0.799525 2 0.560290 0.799218 2 0.563410 0.808257 2 0.560071 0.807781 2
0 0.695126 0.764550 0.008557 0.034392 0.694904 0.750593 2 0.695073 0.749895 2 0.694479 0.749953 2 0.695030 0.750243 1 0.693491 0.750331 2 0.694670 0.754072 2 0.692588 0.754533 2 0.694670 0.759162 1 0.692462 0.760743 2 0.695474 0.760126 2 0.695201 0.761849 2 0.694611 0.765323 2 0.693042 0.765736 2 0.695456 0.773332 2 0.693899 0.774024 2 0.694584 0.781351 2 0.692527 0.781984 2
0 0.579613 0.746693 0.005952 0.034392 0.583028 0.731464 1 0.583065 0.730591 1 0.582901 0.730585 1 0.582121 0.730637 1 0.582390 0.730750 2 0.580671 0.734561 2 0.581493 0.734857 2 0.579537 0.741297 1 0.580440 0.741640 2 0.579477 0.747787 1 0.580456 0.748496 2 0.580759 0.746734 2 0.581399 0.747167 2 0.580822 0.754900 2 0.581353 0.755723 2 0.580511 0.762259 1 0.581027 0.762091 2
0 0.588170 0.731481 0.007440 0.035714 0.584582 0.737177 1 0.584616 0.736462 1 0.584885 0.736645 1 0.584187 0.737226 2 0.586184 0.737532 1 0.583330 0.741740 2 0.586965 0.742360 2 0.582961 0.747228 1 0.587521 0.748149 2 0.583162 0.750982 1 0.586874 0.751850 2 0.583632 0.752482 2 0.586103 0.752767 2 0.583394 0.755911 1 0.585838 0.755911 1 0.583820 0.755911 1 0.585428 0.755911 1
0 0.744420 0.567791 0.005952 0.024471 0.741726 0.564173 2 0.742137 0.563508 2 0.741333 0.563564 2 0.742869 0.563715 2 0.740915 0.563821 2 0.743378 0.566837 2 0.740993 0.566770 2 0.743584 0.571192 2 0.740878 0.570450 1 0.743056 0.574484 2 0.741109 0.571958 1 0.743006 0.573689 2 0.741447 0.573600 2 0.742644 0.576292 2 0.741635 0.576164 2 0.742699 0.577535 2 0.742009 0.577689 1
0 0.550409 0.747024 0.006324 0.035053 0.553050 0.726068 2 0.553502 0.725026 1 0.552540 0.724999 2 0.553746 0.726478 1 0.551721 0.726434 2 0.552959 0.734613 2 0.550553 0.734737 2 0.551727 0.742805 1 0.548949 0.743184 2 0.551185 0.747447 1 0.550570 0.747980 2 0.553281 0.751137 2 0.551780 0.751658 2 0.553139 0.762905 1 0.552568 0.764028 2 0.553050 0.770425 1 0.552859 0.770269 1
0 0.566406 0.747354 0.008557 0.038360 0.566371 0.722434 1 0.566335 0.721799 1 0.566142 0.721732 2 0.565654 0.721900 1 0.565230 0.721845 2 0.565321 0.724997 2 0.563985 0.725193 2 0.565926 0.729997 1 0.564238 0.730563 2 0.566768 0.732904 1 0.566338 0.733162 2 0.565047 0.735315 2 0.564108 0.735572 2 0.564683 0.742927 2 0.563768 0.743536 2 0.564213 0.750756 2 0.563314 0.750961 2
0 0.258371 0.728175 0.007068 0.031746 0.256307 0.717792 1 0.256357 0.717258 1 0.256455 0.717261 1 0.256749 0.717396 2 0.257390 0.717401 1 0.257534 0.720066 2 0.257459 0.720019 2 0.256939 0.723725 2 0.256390 0.723753 1 0.254997 0.725018 2 0.254889 0.724975 1 0.257418 0.728441 2 0.257379 0.728202 2 0.256917 0.734613 2 0.256750 0.734276 2 0.257617 0.740952 2 0.257668 0.740785 2
0 0.606771 0.742394 0.006696 0.031085 0.602922 0.734847 1 0.602827 0.734013 1 0.602959 0.734010 1 0.602440 0.734618 1 0.603487 0.734585 1 0.602917 0.739979 1 0.604375 0.739819 2 0.603928 0.746153 1 0.605484 0.745476 2 0.603933 0.749784 1 0.605919 0.748040 1 0.603161 0.751693 1 0.604135 0.751435 2 0.603337 0.758091 1 0.603907 0.757786 1 0.603280 0.762516 1 0.603581 0.763346 1
0 0.670573 0.655423 0.007068 0.026455 0.675223 0.644132 1 0.675223 0.643558 1 0.675223 0.643513 1 0.674421 0.643459 1 0.674989 0.643475 2 0.674027 0.646012 2 0.673512 0.646089 2 0.674424 0.650598 1 0.673863 0.651110 2 0.675223 0.652211 1 0.675223 0.653863 2 0.673799 0.655362 2 0.673428 0.655662 2 0.674690 0.660458 1 0.674117 0.660931 1 0.674212 0.665468 1 0.674088 0.664699 1
0 0.416109 0.686508 0.008557 0.025132 0.417788 0.676000 1 0.417578 0.675487 1 0.417695 0.675474 1 0.416740 0.675902 1 0.417284 0.675918 2 0.416533 0.679052 2 0.416628 0.679213 2 0.418280 0.682302 2 0.418516 0.682437 2 0.419781 0.682716 2 0.420004 0.682486 2 0.416846 0.687681 2 0.416773 0.688205 2 0.420072 0.689415 2 0.420196 0.690480 2 0.418208 0.695209 2 0.418321 0.695730 2
0 0.898065 0.791336 0.006696 0.040344 0.898570 0.778696 2 0.899000 0.778090 2 0.898233 0.777789 2 0.899350 0.778421 2 0.897293 0.777504 2 0.899251 0.782669 2 0.895935 0.781156 2 0.900077 0.787599 2 0.896148 0.786051 2 0.900562 0.791690 2 0.898017 0.788012 2 0.898443 0.792163 2 0.895987 0.791393 2 0.898707 0.800564 2 0.895250 0.798069 2 0.898661 0.808589 2 0.894061 0.805024 2
0 0.878534 0.739418 0.009301 0.037037 0.879567 0.725795 2 0.880005 0.725224 2 0.879186 0.725100 2 0.880597 0.725877 2 0.878531 0.725594 2 0.881247 0.729966 2 0.877559 0.729817 2 0.882154 0.734110 2 0.877168 0.733632 2 0.880665 0.732873 2 0.878718 0.733532 2 0.880524 0.739769 2 0.877960 0.739812 2 0.880742 0.746725 2 0.877978 0.747626 2 0.880741 0.753761 2 0.877426 0.755203 2
0 0.888951 0.742394 0.007812 0.040344 0.891106 0.727987 1 0.891013 0.727141 1 0.891283 0.727349 1 0.889973 0.727394 2 0.891985 0.727874 2 0.888801 0.731775 2 0.892384 0.732354 2 0.887497 0.736519 2 0.892299 0.737055 2 0.887486 0.739924 1 0.891255 0.737663 1 0.888605 0.743167 2 0.890888 0.743324 2 0.888391 0.751505 2 0.889741 0.751254 2 0.888547 0.759495 2 0.888815 0.758818 2
0 0.675037 0.655093 0.007068 0.032407 0.675786 0.644628 1 0.675620 0.644031 1 0.675769 0.643967 1 0.674698 0.643818 1 0.675244 0.643789 2 0.674169 0.645911 2 0.673631 0.646403 2 0.675007 0.650179 2 0.674324 0.651229 2 0.676514 0.650361 1 0.676756 0.650572 2 0.674368 0.653079 2 0.673913 0.653991 2 0.678374 0.654097 2 0.677714 0.655697 2 0.676908 0.659985 1 0.676804 0.660852 1
0 0.573289 0.910053 0.011161 0.043651 0.569840 0.884990 1 0.569901 0.884168 1 0.570184 0.884219 1 0.569540 0.884697 2 0.572243 0.884655 2 0.568153 0.889338 2 0.573580 0.889679 2 0.566111 0.893168 2 0.575153 0.896515 2 0.567062 0.890635 1 0.576030 0.899724 1 0.568662 0.904020 2 0.572325 0.903947 2 0.567526 0.911178 2 0.571875 0.910378 2 0.567733 0.918490 2 0.571808 0.917062 2
0 0.572731 0.685516 0.010789 0.032407 0.575693 0.673763 1 0.575275 0.673055 1 0.575649 0.673124 1 0.573643 0.673163 1 0.575172 0.673442 2 0.572677 0.676638 2 0.574925 0.676814 2 0.574496 0.680424 2 0.577041 0.680153 2 0.576959 0.681622 1 0.578956 0.681934 2 0.572565 0.685792 2 0.574075 0.686151 2 0.575073 0.689817 2 0.576659 0.690666 2 0.573037 0.695625 2 0.574268 0.696141 2
0 0.666109 0.926257 0.015253 0.056217 0.670174 0.904882 1 0.669754 0.903746 1 0.670076 0.903805 1 0.667486 0.903248 1 0.669436 0.903690 2 0.665660 0.907826 2 0.668795 0.908829 2 0.666595 0.915495 1 0.668232 0.917649 2 0.669501 0.918874 1 0.669936 0.920980 2 0.666173 0.925229 2 0.668594 0.925912 2 0.666738 0.936299 2 0.669476 0.937125 2 0.664863 0.947489 2 0.666620 0.947613 2
0 0.603237 0.749669 0.010045 0.039021 0.601810 0.734295 1 0.601929 0.733465 1 0.602094 0.733564 1 0.601708 0.734114 2 0.603519 0.734115 2 0.600795 0.739042 2 0.604267 0.739026 2 0.599899 0.744009 2 0.605001 0.744082 2 0.601268 0.744726 1 0.604234 0.745829 1 0.601321 0.750220 2 0.603588 0.750307 2 0.601546 0.758732 2 0.603041 0.758979 2 0.602024 0.767037 2 0.603092 0.767100 2
0 0.698103 0.758267 0.008557 0.045635 0.698590 0.746223 2 0.698997 0.745357 2 0.698149 0.745327 2 0.699307 0.745466 2 0.697202 0.745330 2 0.699288 0.749362 2 0.696203 0.749605 2 0.699634 0.755111 2 0.695931 0.756063 2 0.700393 0.759985 2 0.698300 0.758902 2 0.698438 0.760830 2 0.696469 0.761093 2 0.698284 0.770378 2 0.697118 0.770489 2 0.697501 0.779426 2 0.696985 0.779800 2
0 0.179501 0.707341 0.011533 0.033730 0.180392 0.695348 2 0.180437 0.694691 1 0.180169 0.694527 2 0.179810 0.694653 1 0.179180 0.694357 2 0.178569 0.697551 2 0.177812 0.697595 2 0.179451 0.701607 2 0.178415 0.702764 2 0.181123 0.701389 2 0.181059 0.704488 2 0.177877 0.706611 2 0.177332 0.707104 2 0.180249 0.710974 1 0.179732 0.712058 2 0.179281 0.716614 1 0.178730 0.716929 1
0 0.641183 0.845569 0.013021 0.054894 0.641760 0.824921 1 0.641719 0.824010 1 0.641878 0.823985 1 0.640482 0.824751 2 0.643088 0.824648 2 0.639264 0.830719 2 0.644289 0.831139 2 0.638499 0.839665 2 0.645537 0.839166 2 0.638505 0.846930 2 0.645921 0.846608 2 0.640170 0.845841 2 0.643859 0.846270 2 0.638832 0.855071 2 0.643939 0.857693 2 0.638173 0.864354 2 0.643648 0.868621 2
0 0.740327 0.758929 0.006696 0.044312 0.740449 0.741837 2 0.740937 0.741200 2 0.740547 0.741067 1 0.741970 0.742424 2 0.741236 0.742046 1 0.742245 0.747466 2 0.741421 0.747047 2 0.742407 0.753582 2 0.741184 0.752981 1 0.740886 0.756196 2 0.739963 0.756023 1 0.741435 0.758106 2 0.740942 0.757746 2 0.740972 0.766752 2 0.740703 0.766244 2 0.741256 0.775224 2 0.741132 0.774864 2
0 0.871652 0.778770 0.007440 0.036376 0.871542 0.765026 1 0.871687 0.764190 1 0.871807 0.764229 1 0.872316 0.764720 2 0.873300 0.764676 1 0.872587 0.769528 2 0.873687 0.769053 2 0.871830 0.775422 2 0.872511 0.774214 1 0.870442 0.774975 2 0.870902 0.773804 1 0.872063 0.780296 2 0.872826 0.779905 2 0.871736 0.789188 2 0.872175 0.789018 2 0.871951 0.797354 2 0.872208 0.796996 2
0 0.856399 0.781415 0.008929 0.040344 0.856752 0.767401 1 0.856696 0.766494 1 0.856963 0.766571 1 0.855586 0.766930 2 0.858164 0.767144 2 0.854080 0.771968 2 0.858900 0.772504 2 0.852911 0.778371 2 0.860427 0.778905 2 0.853502 0.782288 2 0.859030 0.780816 2 0.854761 0.786126 2 0.858048 0.786454 2 0.855124 0.796202 2 0.858381 0.796826 2 0.855130 0.803268 1 0.858261 0.803139 1
0 0.859561 0.771164 0.007068 0.035714 0.857473 0.767221 1 0.857268 0.766316 1 0.857602 0.766444 1 0.855819 0.766752 2 0.858416 0.767156 2 0.854911 0.771690 1 0.859150 0.772424 2 0.855020 0.777752 1 0.860191 0.778946 2 0.856132 0.779373 1 0.858798 0.779733 1 0.854911 0.786593 2 0.857874 0.786876 2 0.854992 0.795333 1 0.858525 0.795517 2 0.855323 0.795521 1 0.858633 0.795521 1
0 0.836682 0.718915 0.007440 0.035714 0.838111 0.704597 1 0.837980 0.703792 1 0.838197 0.703898 1 0.836759 0.703959 2 0.838761 0.704330 2 0.835407 0.708056 2 0.839186 0.708858 2 0.834265 0.712504 2 0.839761 0.714414 2 0.834993 0.715565 1 0.839635 0.718655 2 0.835692 0.718297 2 0.838291 0.718641 2 0.835477 0.725865 2 0.837939 0.726454 2 0.835263 0.733619 2 0.837408 0.733980 2
0 0.843750 0.718915 0.007440 0.035714 0.842248 0.703569 1 0.842216 0.702739 1 0.842524 0.702717 1 0.842178 0.702999 2 0.844229 0.702844 1 0.842030 0.707415 2 0.845442 0.707160 2 0.841647 0.712986 2 0.846670 0.712854 2 0.842695 0.716694 2 0.846192 0.717676 2 0.842917 0.718954 2 0.845103 0.718661 2 0.843266 0.726901 2 0.844457 0.726658 2 0.843458 0.734819 2 0.844305 0.734917 2
0 0.881324 0.672950 0.007440 0.036376 0.881016 0.655057 1 0.881186 0.654316 1 0.881431 0.654438 1 0.881376 0.655084 2 0.883250 0.655119 2 0.880488 0.659534 2 0.884165 0.659978 2 0.879548 0.665007 2 0.884704 0.664875 2 0.879189 0.668571 2 0.883612 0.666250 2 0.880791 0.669899 2 0.883231 0.670189 2 0.880340 0.675847 2 0.882321 0.677236 2 0.880741 0.681644 2 0.881973 0.683346 2
0 0.864769 0.689815 0.006324 0.034392 0.865731 0.674636 1 0.865836 0.673981 1 0.866007 0.673984 1 0.865997 0.674368 2 0.867489 0.674249 1 0.865445 0.678166 2 0.868296 0.677929 2 0.864482 0.681994 2 0.868728 0.682499 2 0.864846 0.682586 1 0.868264 0.686330 1 0.865826 0.687429 2 0.867663 0.687214 2 0.866056 0.694070 2 0.867138 0.693868 2 0.866337 0.700692 2 0.866770 0.700334 2
0 0.871280 0.688161 0.008185 0.031085 0.871705 0.675201 1 0.871551 0.674516 1 0.871687 0.674533 1 0.870530 0.674652 2 0.872030 0.674749 2 0.869922 0.678283 2 0.872884 0.678284 2 0.869466 0.682929 2 0.873812 0.682480 2 0.870119 0.684742 2 0.872550 0.683982 2 0.870275 0.687699 2 0.872298 0.687639 2 0.870296 0.695310 2 0.872020 0.695161 2 0.870416 0.702521 2 0.872118 0.702657 2
