0 0.323661 0.919312 0.061012 0.158730 0.315163 0.873817 2 0.318225 0.867533 2 0.311962 0.868943 2 0.324530 0.866560 2 0.308873 0.870174 2 0.332878 0.887138 2 0.307676 0.893036 2 0.344389 0.912310 2 0.306528 0.923803 2 0.346257 0.943740 2 0.308671 0.948748 2 0.337440 0.956831 2 0.318921 0.959709 2 0.349057 0.994316 2 0.313398 0.997037 2 0.348004 0.996597 1 0.312368 0.996856 1
0 0.318824 0.927910 0.048363 0.138889 0.315336 0.873525 2 0.318484 0.867679 2 0.312133 0.868933 2 0.324758 0.867099 2 0.308774 0.870512 2 0.333073 0.886760 2 0.308211 0.893953 2 0.344433 0.912956 2 0.306357 0.924881 2 0.345987 0.942776 2 0.308808 0.949660 2 0.337005 0.957101 2 0.319262 0.960680 2 0.344370 0.988703 2 0.313039 0.995439 2 0.346621 0.997513 1 0.313445 1.000000 1
0 0.392485 0.574074 0.023065 0.113757 0.401791 0.531353 1 0.401898 0.528941 1 0.402561 0.528746 1 0.402418 0.529505 2 0.407367 0.528624 1 0.401652 0.542403 2 0.408482 0.540700 1 0.399598 0.558697 2 0.408482 0.556499 1 0.400104 0.565488 2 0.406270 0.565164 1 0.404092 0.573931 2 0.408482 0.573418 2 0.404957 0.598760 2 0.408240 0.599459 2 0.407076 0.622397 2 0.408482 0.621685 2
0 0.436756 0.628968 0.028274 0.133598 0.438863 0.574743 1 0.438026 0.572361 1 0.438697 0.572458 1 0.432936 0.574286 2 0.439385 0.575056 2 0.428382 0.590548 2 0.442615 0.590972 2 0.426243 0.611287 2 0.445694 0.607963 2 0.428511 0.622313 2 0.443359 0.599118 2 0.431061 0.628107 2 0.440573 0.628369 2 0.433301 0.653413 2 0.440075 0.651881 2 0.434910 0.677695 2 0.438063 0.673433 2
0 0.410714 0.572090 0.025298 0.117725 0.401561 0.531151 1 0.401746 0.528631 1 0.402311 0.528481 1 0.402843 0.529167 2 0.408650 0.527963 2 0.402074 0.541743 2 0.413906 0.539244 2 0.400733 0.558166 1 0.417783 0.556119 2 0.401028 0.569486 1 0.417889 0.568203 2 0.405692 0.571897 2 0.413827 0.570556 2 0.405761 0.598711 2 0.413892 0.595353 2 0.406733 0.623161 2 0.414017 0.618581 2
0 0.467634 0.571429 0.020089 0.087302 0.464743 0.540015 1 0.464622 0.538505 1 0.465261 0.538603 1 0.462994 0.539703 2 0.467572 0.539968 2 0.460969 0.549348 2 0.468518 0.549468 2 0.458569 0.560790 2 0.471118 0.559525 2 0.458190 0.572794 2 0.474200 0.565579 2 0.461865 0.573073 2 0.466361 0.573030 2 0.462958 0.589953 2 0.465203 0.590007 2 0.465165 0.606988 2 0.465079 0.606627 2
0 0.431176 0.572751 0.020089 0.100529 0.439830 0.574792 1 0.438718 0.572736 1 0.439735 0.572478 1 0.432860 0.575034 2 0.439613 0.574916 2 0.428741 0.591527 2 0.442828 0.590663 2 0.426421 0.612145 2 0.444940 0.608944 1 0.428619 0.626650 2 0.443281 0.616605 1 0.431028 0.630552 2 0.440791 0.630132 2 0.431712 0.642588 1 0.441866 0.642588 1 0.432549 0.640831 1 0.440189 0.640607 1
0 0.469122 0.513889 0.017113 0.085979 0.466752 0.540505 1 0.466201 0.539129 1 0.466921 0.539301 1 0.463159 0.539953 2 0.467638 0.540538 2 0.460968 0.548998 2 0.468793 0.549860 2 0.459058 0.560022 2 0.471660 0.559677 2 0.459251 0.569654 2 0.474670 0.564628 2 0.461539 0.570701 2 0.466669 0.571353 2 0.462448 0.567043 1 0.468514 0.568336 1 0.462377 0.571753 1 0.467227 0.573516 1
0 0.442336 0.512566 0.017113 0.093915 0.445136 0.478748 1 0.444513 0.476951 1 0.444976 0.476986 1 0.440647 0.477793 2 0.444895 0.478063 2 0.438307 0.487991 2 0.446362 0.487885 2 0.436966 0.500476 2 0.448498 0.500662 2 0.438590 0.507431 2 0.450700 0.505680 2 0.440147 0.510969 2 0.445753 0.510936 2 0.440933 0.532168 2 0.446895 0.529886 2 0.441440 0.552432 2 0.447138 0.550170 2
0 0.468006 0.450397 0.016369 0.062169 0.469652 0.428038 2 0.469095 0.426677 1 0.469362 0.426793 2 0.466565 0.426488 1 0.467953 0.426859 2 0.464828 0.433468 2 0.468831 0.432607 2 0.463306 0.443079 2 0.473130 0.436202 2 0.462588 0.451564 2 0.471231 0.432764 2 0.465635 0.450675 2 0.467612 0.450419 2 0.467561 0.464290 2 0.466675 0.464540 2 0.469281 0.477227 2 0.466347 0.477262 2
0 0.626116 0.457011 0.012649 0.056878 0.626842 0.442448 2 0.627360 0.441306 2 0.626295 0.441165 2 0.627730 0.441199 1 0.625121 0.440800 2 0.627572 0.446202 2 0.624160 0.446117 2 0.628650 0.451400 2 0.623909 0.452881 2 0.629270 0.449241 2 0.627196 0.454474 2 0.626629 0.458123 2 0.624378 0.458077 2 0.625878 0.466827 2 0.623366 0.466795 2 0.624807 0.475588 2 0.622804 0.475984 2
0 0.618676 0.506614 0.015625 0.047619 0.618874 0.489337 2 0.618919 0.488409 1 0.618552 0.488325 2 0.618007 0.488421 1 0.617454 0.488138 2 0.616052 0.493129 2 0.616880 0.492910 2 0.616736 0.499860 1 0.616755 0.500026 2 0.618729 0.503144 1 0.618903 0.503340 2 0.615590 0.507185 2 0.616220 0.507389 2 0.617296 0.517200 2 0.618444 0.517334 2 0.614207 0.526577 2 0.614409 0.526356 2
