0 0.444568 0.826720 0.037946 0.171958 0.449260 0.765868 2 0.451030 0.762389 2 0.447307 0.762668 2 0.453102 0.762117 2 0.443747 0.762164 2 0.454867 0.780452 2 0.437709 0.778256 2 0.458027 0.798341 2 0.431696 0.803061 2 0.458320 0.818779 2 0.429872 0.826475 2 0.453100 0.828134 2 0.441684 0.826051 2 0.452974 0.865150 2 0.438801 0.852864 2 0.451606 0.894190 2 0.438086 0.870797 2
0 0.321801 0.556878 0.015625 0.063492 0.318075 0.517965 2 0.317620 0.516241 1 0.317918 0.516309 2 0.315273 0.515946 1 0.316564 0.516316 2 0.314800 0.524003 2 0.314081 0.524631 2 0.315785 0.535388 1 0.313566 0.536240 2 0.318160 0.544515 1 0.315540 0.545007 2 0.315016 0.546449 2 0.314458 0.547197 2 0.316738 0.564322 2 0.314515 0.565557 2 0.317038 0.582144 2 0.314509 0.583164 2
0 0.314360 0.550265 0.014137 0.089947 0.317690 0.516729 1 0.317056 0.515192 1 0.317540 0.515187 1 0.314177 0.515640 1 0.316471 0.515967 2 0.313465 0.524299 2 0.314723 0.524738 2 0.313923 0.535527 2 0.314752 0.535949 2 0.316102 0.544495 1 0.316522 0.545724 2 0.314457 0.545561 2 0.315037 0.546178 2 0.317301 0.563202 2 0.314931 0.564322 2 0.317777 0.581570 2 0.313583 0.582867 2
0 0.334077 0.550926 0.013393 0.062169 0.333842 0.530613 1 0.333682 0.529414 1 0.334144 0.529285 1 0.332413 0.530293 2 0.335931 0.529916 2 0.331874 0.537917 2 0.337460 0.537340 2 0.331124 0.545735 2 0.340089 0.544505 2 0.331841 0.550346 1 0.339406 0.548988 2 0.334046 0.552927 2 0.337726 0.552662 2 0.334760 0.566135 2 0.337241 0.565871 2 0.335351 0.577187 2 0.337783 0.577946 2
0 0.336682 0.482804 0.014137 0.052910 0.334081 0.466414 1 0.334198 0.465385 1 0.334494 0.465327 1 0.335210 0.465920 2 0.337466 0.465455 1 0.335127 0.472025 2 0.339474 0.470389 2 0.334593 0.478885 2 0.341357 0.475376 2 0.334085 0.484565 2 0.341014 0.478541 1 0.336946 0.484239 2 0.339839 0.483448 2 0.337247 0.493785 2 0.339714 0.492213 2 0.337618 0.503486 2 0.340118 0.499689 2
0 0.401786 0.524471 0.028274 0.059524 0.404819 0.505618 2 0.405520 0.503793 2 0.404098 0.504185 2 0.407854 0.502837 2 0.404637 0.503543 1 0.409736 0.509576 2 0.407084 0.508552 2 0.405554 0.518788 2 0.403389 0.515762 2 0.399493 0.519363 2 0.398550 0.518444 2 0.412134 0.530233 2 0.410473 0.528558 2 0.401198 0.523166 2 0.401734 0.519922 2 0.400857 0.542313 2 0.402324 0.537528 2
0 0.470238 0.456349 0.019345 0.084656 0.472089 0.419201 1 0.471861 0.417758 1 0.472269 0.417566 1 0.469881 0.418901 2 0.473862 0.418391 2 0.468621 0.428405 2 0.476066 0.427832 2 0.467602 0.439699 2 0.478736 0.438640 2 0.469051 0.446968 2 0.479071 0.448227 2 0.470560 0.449857 2 0.475461 0.449655 2 0.471468 0.466182 2 0.474802 0.466360 2 0.472235 0.481405 2 0.474364 0.483905 2
0 0.388765 0.491402 0.023065 0.035714 0.389540 0.483803 2 0.390437 0.482271 2 0.388749 0.482775 2 0.392134 0.482601 2 0.388139 0.483539 2 0.393711 0.487795 2 0.388561 0.488528 2 0.392214 0.495944 2 0.383928 0.495917 2 0.389030 0.494287 2 0.385703 0.496390 2 0.398418 0.502798 2 0.395134 0.503009 2 0.388899 0.495030 2 0.387642 0.495350 2 0.391180 0.507248 2 0.391243 0.507254 2
0 0.393973 0.491402 0.018601 0.038360 0.389617 0.483592 2 0.390576 0.481871 2 0.388546 0.482312 2 0.392228 0.482736 2 0.387351 0.483775 2 0.394813 0.489615 2 0.388214 0.490713 2 0.397957 0.503833 2 0.385939 0.502207 2 0.391919 0.499572 2 0.386882 0.496973 2 0.397171 0.511341 2 0.392955 0.511679 2 0.393258 0.508619 1 0.388318 0.510424 1 0.394738 0.509135 1 0.391906 0.511643 1
0 0.399926 0.473545 0.021577 0.039683 0.389524 0.483131 2 0.390535 0.481661 2 0.388787 0.481824 2 0.392400 0.482191 2 0.387894 0.482486 1 0.394918 0.489110 2 0.387953 0.489838 2 0.396844 0.498207 2 0.386866 0.497775 2 0.389950 0.493903 2 0.386957 0.494260 1 0.396444 0.499798 1 0.391998 0.499816 1 0.390566 0.494653 1 0.388411 0.495469 1 0.392115 0.499672 1 0.391481 0.500579 1
0 0.472098 0.447090 0.017113 0.079365 0.472847 0.419119 1 0.472507 0.417742 1 0.472963 0.417524 1 0.470195 0.419127 2 0.474069 0.418643 2 0.468774 0.428649 2 0.476303 0.428077 2 0.467648 0.439709 2 0.479123 0.438711 2 0.468937 0.446439 2 0.479078 0.448077 2 0.470618 0.449996 2 0.475553 0.449740 2 0.471612 0.466555 2 0.474976 0.466673 2 0.472336 0.481828 2 0.474480 0.484548 2
0 0.517857 0.460979 0.025298 0.088624 0.513830 0.428216 2 0.514723 0.426486 2 0.512927 0.426599 2 0.516256 0.425890 2 0.511483 0.426272 2 0.518941 0.432225 2 0.509499 0.433133 2 0.522613 0.439409 2 0.507734 0.444996 2 0.521133 0.435609 2 0.508548 0.453401 2 0.520675 0.454992 2 0.513706 0.455531 2 0.524532 0.472048 2 0.511751 0.471883 2 0.529236 0.490180 2 0.514226 0.488287 2
0 0.487351 0.458995 0.017857 0.084656 0.488334 0.426619 2 0.489081 0.424514 2 0.487245 0.425515 2 0.490839 0.424448 2 0.486311 0.426796 2 0.493438 0.434152 2 0.485511 0.434966 2 0.493671 0.445120 2 0.485408 0.444693 2 0.488465 0.444790 2 0.489428 0.444043 2 0.492170 0.458059 2 0.486740 0.458061 2 0.492026 0.475872 2 0.487805 0.474630 2 0.492414 0.492477 2 0.489197 0.487483 2
0 0.439732 0.347884 0.014881 0.066138 0.445772 0.348657 2 0.446571 0.347020 2 0.445146 0.347287 2 0.448242 0.346227 2 0.444690 0.346850 1 0.449189 0.352261 2 0.444540 0.352193 2 0.449531 0.360259 2 0.443189 0.359763 2 0.448010 0.367118 2 0.442510 0.366057 1 0.447367 0.367805 2 0.444354 0.367466 2 0.446556 0.378742 2 0.443095 0.377615 2 0.447596 0.390082 2 0.444881 0.387222 2
0 0.563244 0.322090 0.013393 0.064815 0.564283 0.292824 2 0.564964 0.291714 2 0.563754 0.291641 2 0.566061 0.291661 2 0.563021 0.291478 2 0.567527 0.297050 2 0.561846 0.297141 2 0.568730 0.303981 2 0.560559 0.304106 2 0.567736 0.308771 2 0.561509 0.309624 2 0.566352 0.311195 2 0.562464 0.311165 2 0.566299 0.321225 2 0.561129 0.321574 2 0.565472 0.330870 2 0.559848 0.332303 2
0 0.355283 0.490079 0.014137 0.059524 0.354600 0.467126 1 0.354696 0.465794 1 0.355025 0.465749 1 0.354804 0.466520 2 0.357761 0.466121 2 0.354581 0.474628 2 0.359213 0.473458 2 0.352651 0.482099 2 0.361644 0.479990 2 0.352896 0.484342 1 0.359800 0.482599 1 0.355397 0.489941 2 0.358309 0.489212 2 0.355575 0.501178 2 0.357268 0.500074 2 0.356251 0.511642 2 0.358561 0.510156 2
