0 0.384979 0.358077 0.012605 0.034547 0.387479 0.352377 2 0.387978 0.351446 2 0.387128 0.351431 2 0.389163 0.351113 2 0.387066 0.351114 1 0.389943 0.355375 2 0.387471 0.355451 2 0.391201 0.362367 2 0.387984 0.362347 1 0.390340 0.370373 2 0.388324 0.369013 1 0.389905 0.367558 2 0.388276 0.367630 2 0.390760 0.375170 2 0.389142 0.375242 1 0.391796 0.380919 1 0.389396 0.380628 1
0 0.374212 0.441176 0.013130 0.038282 0.375270 0.432323 2 0.375944 0.431271 2 0.374808 0.431321 2 0.377495 0.431275 2 0.374422 0.431517 1 0.379214 0.435730 2 0.373229 0.436105 2 0.381301 0.442929 2 0.371482 0.441277 2 0.380836 0.446800 2 0.370211 0.445544 2 0.378525 0.450354 2 0.374527 0.450880 2 0.381018 0.451954 2 0.375271 0.454554 2 0.381009 0.461785 2 0.375570 0.464853 2
0 0.376838 0.333333 0.011029 0.028011 0.376793 0.326819 2 0.377259 0.326026 2 0.376313 0.326070 2 0.378078 0.326207 2 0.375662 0.326392 2 0.379685 0.330181 2 0.374624 0.331078 2 0.381982 0.334638 2 0.373808 0.336797 2 0.381839 0.338005 2 0.374135 0.339373 2 0.379456 0.343793 2 0.376065 0.344207 2 0.379725 0.348948 1 0.375870 0.349465 1 0.380437 0.350621 1 0.376222 0.351092 1
0 0.625263 0.472923 0.013130 0.047619 0.627264 0.460099 2 0.628016 0.458890 2 0.626711 0.458675 2 0.629041 0.458332 2 0.625525 0.457762 2 0.629745 0.463847 2 0.623279 0.463181 2 0.631322 0.471900 2 0.621223 0.471355 2 0.629677 0.477043 2 0.623883 0.475456 2 0.627771 0.476402 2 0.623399 0.476185 2 0.629106 0.486363 2 0.623062 0.485712 2 0.628763 0.497059 2 0.622349 0.495873 2
0 0.326155 0.344538 0.012605 0.052288 0.328225 0.330567 1 0.328621 0.329547 1 0.327806 0.329325 1 0.328585 0.329276 1 0.326562 0.328851 2 0.328434 0.334173 2 0.324486 0.333848 2 0.329485 0.340872 2 0.322497 0.340221 2 0.329063 0.345796 2 0.323678 0.345233 2 0.326971 0.346549 2 0.324615 0.346728 2 0.326705 0.356396 2 0.325730 0.357219 2 0.327378 0.367802 2 0.326864 0.368428 2
0 0.214548 0.374416 0.018382 0.057890 0.212970 0.360343 2 0.213500 0.358980 1 0.212246 0.359282 1 0.214368 0.357255 1 0.211156 0.357999 2 0.215739 0.361033 2 0.209965 0.362452 2 0.217573 0.368285 2 0.209450 0.371198 2 0.218607 0.374883 2 0.210367 0.378901 2 0.216853 0.377156 2 0.213101 0.378312 2 0.218047 0.387859 2 0.214730 0.389464 2 0.219944 0.398737 2 0.216393 0.399069 2
0 0.229779 0.343137 0.015231 0.049486 0.225119 0.326353 1 0.225044 0.325264 1 0.225295 0.324987 1 0.225346 0.325117 2 0.227605 0.324235 2 0.226138 0.330856 2 0.230538 0.329042 2 0.225621 0.338232 2 0.232802 0.336017 2 0.226432 0.338659 2 0.232965 0.342221 2 0.228836 0.344229 2 0.231680 0.343172 2 0.229417 0.354075 2 0.231226 0.352479 2 0.230042 0.362668 2 0.231655 0.362874 2
0 0.472952 0.118581 0.009979 0.039216 0.473429 0.107343 2 0.473730 0.106721 1 0.473143 0.106679 1 0.474052 0.106770 1 0.472709 0.106659 2 0.474408 0.109797 2 0.471829 0.109705 2 0.474935 0.113689 2 0.470863 0.113217 2 0.474103 0.111333 2 0.471550 0.109984 2 0.473947 0.119042 2 0.472247 0.119115 2 0.473724 0.126115 2 0.472268 0.126438 2 0.473677 0.132947 2 0.472354 0.132943 2
0 0.861870 0.144258 0.010504 0.038282 0.863306 0.137892 2 0.863650 0.137307 1 0.863069 0.137216 1 0.864136 0.137489 1 0.862549 0.137289 1 0.864016 0.140890 2 0.861644 0.140412 2 0.864439 0.144587 2 0.860744 0.143464 2 0.862634 0.143780 2 0.862098 0.143478 2 0.862126 0.148713 2 0.860360 0.148362 2 0.861660 0.155902 2 0.859681 0.156039 2 0.862089 0.163018 2 0.858140 0.162898 2
0 0.621586 0.566293 0.022584 0.064426 0.620626 0.547701 1 0.620569 0.546189 1 0.621034 0.546313 1 0.619604 0.546615 2 0.623289 0.546784 2 0.618140 0.554387 2 0.624943 0.555245 2 0.615919 0.561546 2 0.627705 0.564387 2 0.615746 0.566607 2 0.627107 0.569785 2 0.619136 0.575533 2 0.623442 0.575826 2 0.619949 0.592259 2 0.622718 0.592740 2 0.621241 0.605663 2 0.622967 0.606334 2
0 0.348739 0.418301 0.017857 0.048553 0.348397 0.407987 1 0.348303 0.406967 1 0.348559 0.407017 1 0.347154 0.407387 2 0.350033 0.407344 2 0.345750 0.412984 2 0.351678 0.412970 2 0.344660 0.420387 2 0.354359 0.420058 2 0.345852 0.426606 2 0.354186 0.426756 2 0.346856 0.428345 2 0.350900 0.428437 2 0.346658 0.440579 2 0.350978 0.441033 2 0.346046 0.450038 2 0.350428 0.450611 2
