0 0.427827 0.918651 0.068452 0.144180 0.416726 0.875956 1 0.414201 0.872961 1 0.418090 0.872645 1 0.407801 0.874073 2 0.422629 0.875500 2 0.402852 0.899563 2 0.424262 0.904965 2 0.402103 0.917829 2 0.437683 0.932480 2 0.410203 0.906683 1 0.456922 0.941108 2 0.407052 0.958207 2 0.420892 0.961244 2 0.407418 0.990207 1 0.421583 0.992476 2 0.407696 1.000000 1 0.418635 1.000000 1
0 0.139881 0.740741 0.023810 0.100529 0.138233 0.697549 2 0.139425 0.695670 2 0.138607 0.694957 1 0.142863 0.697606 2 0.142172 0.694932 1 0.142209 0.711941 2 0.145619 0.703844 2 0.145113 0.732070 2 0.146748 0.706360 1 0.144959 0.749452 2 0.144420 0.703351 1 0.146616 0.736129 2 0.149227 0.733304 2 0.146695 0.751972 2 0.150180 0.749543 2 0.148251 0.768479 2 0.149845 0.762402 2
0 0.149554 0.675265 0.038690 0.136243 0.151602 0.618436 1 0.151568 0.615596 1 0.152451 0.615156 1 0.152275 0.615084 2 0.158210 0.613690 1 0.153493 0.629387 2 0.161290 0.625622 2 0.150224 0.647003 2 0.155606 0.639032 2 0.140289 0.649459 2 0.143808 0.642334 1 0.157704 0.664252 2 0.163146 0.662515 2 0.159671 0.692886 2 0.162664 0.690958 2 0.164166 0.720885 2 0.165218 0.717905 2
0 0.387649 0.393519 0.028274 0.048942 0.387355 0.360362 2 0.387789 0.359788 1 0.386918 0.359788 1 0.388465 0.359788 1 0.386585 0.359788 1 0.389269 0.363028 2 0.385596 0.362902 2 0.388272 0.370117 2 0.382490 0.369007 2 0.387735 0.373432 2 0.384055 0.371509 2 0.388474 0.380891 2 0.385999 0.380707 2 0.387371 0.395251 2 0.385433 0.394799 2 0.386263 0.409281 2 0.384161 0.409483 2
0 0.622024 0.656085 0.041667 0.166667 0.623112 0.591612 2 0.624723 0.587978 2 0.620892 0.589127 2 0.627772 0.588525 2 0.618273 0.590893 2 0.631780 0.609812 2 0.613289 0.608096 2 0.635747 0.632724 2 0.609512 0.634988 2 0.637024 0.654171 2 0.611858 0.655003 2 0.629471 0.658713 2 0.616850 0.656789 2 0.629427 0.694683 2 0.614262 0.682382 2 0.630035 0.723277 2 0.613374 0.695771 2
0 0.268601 0.433862 0.025298 0.084656 0.265447 0.400635 2 0.265469 0.398636 2 0.265062 0.399537 1 0.267491 0.395812 2 0.266709 0.398116 1 0.272823 0.398922 2 0.269751 0.403918 2 0.277203 0.405472 2 0.270591 0.419197 2 0.273020 0.411972 2 0.268153 0.425856 2 0.279841 0.424910 2 0.276893 0.426450 2 0.281382 0.442103 2 0.273919 0.441717 2 0.282779 0.459257 2 0.270429 0.457019 2
0 0.272321 0.444444 0.017857 0.060847 0.267802 0.402873 1 0.267882 0.402116 1 0.267697 0.402272 1 0.269342 0.402116 1 0.268963 0.403058 1 0.273649 0.403774 2 0.269781 0.408396 2 0.277270 0.408167 2 0.270853 0.420976 2 0.272800 0.412727 2 0.269187 0.430939 2 0.279713 0.427194 2 0.276092 0.428891 2 0.280790 0.439987 2 0.272136 0.441365 2 0.282659 0.455554 2 0.269789 0.456676 2
0 0.296503 0.421296 0.026042 0.062169 0.291228 0.400171 2 0.291603 0.398690 2 0.291548 0.398834 1 0.293923 0.398207 2 0.294880 0.398206 1 0.296086 0.403038 2 0.297865 0.403346 2 0.292655 0.412728 2 0.295083 0.414317 1 0.288214 0.417686 2 0.291096 0.419155 1 0.303582 0.422424 2 0.304614 0.422060 2 0.296141 0.422024 2 0.296997 0.420709 2 0.299980 0.439976 2 0.300927 0.438338 2
0 0.284970 0.396825 0.019345 0.079365 0.282656 0.365447 1 0.282986 0.363671 1 0.283469 0.363631 1 0.284335 0.364473 2 0.288278 0.363982 1 0.283352 0.374398 2 0.291864 0.373795 2 0.280986 0.386850 2 0.293974 0.386347 2 0.283231 0.394826 2 0.292535 0.394359 2 0.285322 0.399527 2 0.290992 0.399128 2 0.286729 0.419213 2 0.290573 0.418664 2 0.288814 0.437053 2 0.291622 0.436765 2
0 0.588914 0.308201 0.021577 0.050265 0.587140 0.295977 2 0.587888 0.294098 2 0.586050 0.293957 2 0.588789 0.295095 2 0.584437 0.294942 2 0.590539 0.303146 2 0.582368 0.303451 2 0.594622 0.309802 2 0.580707 0.311332 2 0.596721 0.316840 2 0.581360 0.317327 2 0.589620 0.322160 2 0.583949 0.322457 2 0.592051 0.333141 2 0.579199 0.334461 2 0.592325 0.340634 1 0.583671 0.341050 1
0 0.537574 0.390873 0.024554 0.091270 0.534631 0.352833 2 0.535636 0.350966 2 0.534035 0.351134 2 0.537950 0.351223 2 0.534039 0.351584 1 0.539851 0.359823 2 0.533229 0.359416 2 0.541050 0.368788 2 0.529356 0.364526 2 0.537494 0.371754 2 0.528227 0.361295 2 0.540657 0.381790 2 0.536475 0.381863 2 0.541256 0.400363 2 0.538040 0.400790 2 0.541572 0.419957 2 0.539167 0.418733 2
0 0.384301 0.377646 0.012649 0.056878 0.390129 0.374928 1 0.390317 0.373871 1 0.390343 0.373873 1 0.390979 0.373635 2 0.392222 0.373472 1 0.391047 0.378064 2 0.392667 0.378206 1 0.389598 0.386217 2 0.390796 0.385634 1 0.386378 0.392607 2 0.387895 0.391464 1 0.390384 0.392226 2 0.392040 0.392110 2 0.385358 0.398936 2 0.390262 0.400931 2 0.382770 0.409165 2 0.389746 0.411220 2
0 0.561012 0.357143 0.020833 0.100529 0.562969 0.322788 2 0.563886 0.320846 2 0.561877 0.321149 2 0.565204 0.321451 2 0.560455 0.321988 2 0.567680 0.331594 2 0.558371 0.331688 2 0.570049 0.342527 2 0.554337 0.342134 2 0.570408 0.354473 2 0.555785 0.350008 2 0.565716 0.358446 2 0.560172 0.358359 2 0.563846 0.379529 2 0.560854 0.378245 2 0.561031 0.394432 2 0.561620 0.392586 2
0 0.535342 0.227513 0.012649 0.042328 0.536586 0.215683 2 0.537191 0.214600 2 0.536066 0.214640 2 0.538226 0.214910 2 0.535472 0.215039 2 0.539749 0.221441 2 0.534199 0.221923 2 0.541033 0.230229 2 0.533125 0.231519 2 0.540777 0.239799 2 0.533512 0.241934 2 0.539033 0.238622 2 0.535354 0.238868 2 0.539109 0.251057 2 0.535631 0.251440 2 0.539664 0.254743 1 0.536084 0.255164 1
