0 0.071166 0.853875 0.025735 0.088702 0.067726 0.825151 2 0.068365 0.822882 2 0.066491 0.823925 2 0.069751 0.820763 2 0.065057 0.823190 2 0.073009 0.825765 2 0.063277 0.827220 2 0.074162 0.839594 2 0.063117 0.839543 2 0.068184 0.845914 2 0.065546 0.848151 2 0.074513 0.847714 2 0.067770 0.848966 2 0.076883 0.864538 2 0.068331 0.866771 2 0.078861 0.880938 2 0.073817 0.879071 2
0 0.043592 0.852007 0.027311 0.088702 0.038911 0.832660 2 0.039930 0.830458 2 0.037724 0.830971 2 0.042831 0.828266 2 0.037154 0.829817 1 0.046496 0.833398 2 0.037823 0.834992 2 0.048055 0.844898 2 0.037623 0.845769 2 0.042914 0.855208 2 0.039026 0.856140 2 0.048997 0.854843 2 0.043574 0.855640 2 0.048465 0.871997 2 0.046168 0.873365 2 0.052744 0.883163 2 0.052022 0.883633 2
0 0.303571 0.556956 0.018908 0.053221 0.306560 0.538363 2 0.307250 0.536963 2 0.305788 0.537411 2 0.308712 0.536573 2 0.305080 0.537642 2 0.311321 0.542000 2 0.303912 0.543025 2 0.314706 0.548881 2 0.301731 0.550242 2 0.314609 0.556288 2 0.302486 0.558269 2 0.310678 0.558970 2 0.306112 0.559325 2 0.309761 0.570096 2 0.305491 0.570604 2 0.308943 0.582812 2 0.306452 0.582270 2
0 0.582983 0.421102 0.013655 0.046685 0.585045 0.408863 1 0.584814 0.408087 1 0.585151 0.408080 1 0.583268 0.408616 2 0.585848 0.408738 2 0.581894 0.413375 2 0.586875 0.413551 2 0.580702 0.418292 2 0.589927 0.418027 2 0.581728 0.421605 1 0.591811 0.417957 2 0.582229 0.425226 2 0.585497 0.425300 2 0.583814 0.429747 2 0.587413 0.429476 2 0.583419 0.436655 1 0.587160 0.436755 2
0 0.357143 0.260971 0.012605 0.047619 0.359039 0.246589 1 0.358638 0.245630 1 0.358969 0.245769 1 0.357109 0.245415 1 0.358767 0.246128 2 0.356146 0.249109 2 0.358058 0.250821 2 0.355900 0.255945 1 0.358652 0.256638 2 0.357714 0.259356 1 0.360859 0.261095 2 0.355833 0.261498 2 0.356498 0.262962 2 0.360158 0.266284 2 0.355949 0.271857 2 0.359650 0.272974 2 0.353768 0.280282 2
0 0.590599 0.332400 0.017332 0.054155 0.589757 0.315049 2 0.590110 0.314097 2 0.589879 0.314096 1 0.591348 0.314603 2 0.591050 0.314597 1 0.592251 0.320144 2 0.591265 0.319755 2 0.591947 0.327375 2 0.589855 0.325870 1 0.588843 0.327808 2 0.588127 0.325117 1 0.591422 0.333743 2 0.590820 0.333339 2 0.590715 0.342765 2 0.590684 0.342613 2 0.592085 0.351668 2 0.592202 0.351196 2
0 0.144433 0.288049 0.015756 0.051354 0.145057 0.271309 1 0.145160 0.270282 1 0.145384 0.270282 1 0.145561 0.270853 2 0.147659 0.270686 2 0.145138 0.276873 2 0.149546 0.276724 2 0.143062 0.280936 2 0.151588 0.283880 2 0.142891 0.279143 2 0.153190 0.289164 2 0.147264 0.291378 2 0.149892 0.291083 2 0.148407 0.301740 2 0.149845 0.300646 2 0.149804 0.311641 2 0.150261 0.310532 2
0 0.195641 0.248366 0.012080 0.044818 0.202718 0.231733 2 0.203030 0.230671 2 0.202027 0.230997 2 0.203263 0.231144 1 0.201027 0.231956 2 0.202868 0.235897 2 0.201687 0.237029 2 0.202991 0.241566 1 0.202809 0.242974 2 0.203465 0.245281 1 0.203394 0.245636 2 0.203611 0.247929 2 0.202900 0.248520 2 0.203782 0.256938 1 0.203782 0.257822 2 0.203691 0.267365 1 0.203744 0.267737 2
0 0.243960 0.281046 0.014181 0.028011 0.249018 0.269192 1 0.248645 0.268450 1 0.249108 0.268425 1 0.247115 0.268749 2 0.249266 0.268873 2 0.246424 0.272606 2 0.249477 0.272838 2 0.245965 0.278529 2 0.249786 0.279116 2 0.246919 0.281874 2 0.250508 0.282029 2 0.246591 0.282455 2 0.248505 0.282789 2 0.251342 0.281831 2 0.251951 0.281778 2 0.250496 0.284345 1 0.250640 0.285345 1
0 0.225053 0.245565 0.015231 0.052288 0.227053 0.227265 1 0.226635 0.226524 1 0.226757 0.226352 2 0.224839 0.227588 1 0.225788 0.227260 2 0.224493 0.232946 2 0.226498 0.232249 2 0.227106 0.238736 1 0.229160 0.236161 2 0.229033 0.240332 1 0.229582 0.235536 1 0.226029 0.248171 2 0.227342 0.248208 2 0.228170 0.259577 2 0.228768 0.259387 2 0.228855 0.268471 2 0.228790 0.268763 2
0 0.254989 0.267040 0.012080 0.052288 0.256279 0.252071 1 0.256077 0.251353 1 0.256397 0.251270 1 0.254701 0.252297 2 0.257230 0.252191 2 0.253940 0.257503 2 0.258216 0.257615 2 0.253198 0.262551 2 0.259763 0.263449 2 0.254916 0.267510 2 0.260591 0.268303 2 0.255319 0.269768 2 0.258152 0.269859 2 0.256645 0.278765 2 0.258618 0.278329 2 0.257273 0.287499 2 0.258837 0.287795 2
0 0.254989 0.248833 0.015231 0.055089 0.249420 0.268773 1 0.249073 0.268122 1 0.249429 0.268179 1 0.247146 0.268535 1 0.249588 0.268648 2 0.246577 0.271808 2 0.249230 0.272352 2 0.246460 0.277129 2 0.249343 0.278573 2 0.249035 0.279513 2 0.250972 0.281408 2 0.246892 0.281975 2 0.248560 0.282578 2 0.250621 0.283506 1 0.252194 0.284102 1 0.250161 0.285122 1 0.251348 0.285693 1
0 0.337973 0.211485 0.015231 0.032680 0.344058 0.201581 2 0.343949 0.200989 1 0.343959 0.200899 2 0.343008 0.200964 1 0.343149 0.200837 2 0.342280 0.203636 2 0.340952 0.203703 2 0.343604 0.208743 2 0.341879 0.209402 2 0.346172 0.210056 2 0.345382 0.211953 2 0.341481 0.213484 2 0.340482 0.214290 2 0.346768 0.213570 2 0.345955 0.215128 2 0.345694 0.224489 2 0.345414 0.225416 2
0 0.356618 0.203081 0.012605 0.038282 0.359947 0.192041 2 0.359964 0.191381 1 0.359697 0.191374 2 0.359619 0.191453 1 0.359024 0.191532 2 0.359498 0.194596 2 0.358451 0.194896 2 0.360968 0.198384 1 0.359259 0.199197 2 0.361729 0.199715 1 0.360922 0.200874 2 0.358989 0.202877 2 0.358323 0.203260 2 0.361345 0.205690 2 0.361027 0.206188 2 0.360844 0.212911 1 0.360722 0.213226 2
0 0.597164 0.181139 0.012605 0.039216 0.601387 0.168439 2 0.601608 0.167774 2 0.601637 0.167674 1 0.602342 0.168172 2 0.602942 0.167809 1 0.602452 0.172001 2 0.603277 0.171292 2 0.600619 0.176566 2 0.601267 0.175403 1 0.598786 0.177743 2 0.599208 0.176954 1 0.602597 0.181029 2 0.603206 0.180412 2 0.599893 0.185882 2 0.600554 0.185198 2 0.599691 0.192754 2 0.600572 0.192047 2
0 0.404937 0.103641 0.013655 0.039216 0.407956 0.093920 2 0.408259 0.093231 2 0.407600 0.093229 2 0.408664 0.093609 2 0.407066 0.093612 2 0.409188 0.097487 2 0.406349 0.097365 2 0.410346 0.101977 2 0.405219 0.101052 2 0.409256 0.102724 2 0.406252 0.101620 2 0.408845 0.105589 2 0.407044 0.105712 2 0.409363 0.111902 2 0.407540 0.112585 2 0.409884 0.118538 2 0.408070 0.118986 2
0 0.197216 0.145658 0.009979 0.039216 0.199342 0.132862 1 0.199353 0.132139 1 0.199491 0.132168 1 0.199105 0.132402 1 0.200707 0.132335 2 0.198792 0.136127 2 0.201311 0.135913 2 0.198263 0.141200 2 0.202045 0.141223 2 0.198255 0.145667 2 0.201777 0.145214 1 0.199267 0.146033 2 0.201055 0.145907 2 0.199098 0.153672 2 0.201241 0.153111 2 0.199173 0.161471 2 0.201781 0.160309 2
0 0.204044 0.146592 0.009979 0.033613 0.206590 0.132348 2 0.206811 0.131705 1 0.206293 0.131762 2 0.207103 0.131929 1 0.205790 0.132063 2 0.207949 0.135250 2 0.205073 0.135508 2 0.208210 0.138622 2 0.204507 0.139316 2 0.206043 0.138651 2 0.205888 0.139671 2 0.208081 0.144457 2 0.206053 0.144601 2 0.208359 0.151764 2 0.206253 0.151889 2 0.208886 0.158449 2 0.206512 0.158671 2
0 0.211397 0.142390 0.008929 0.038282 0.212913 0.133309 2 0.213248 0.132569 2 0.212719 0.132622 1 0.214155 0.132608 2 0.212808 0.132723 1 0.215948 0.136307 2 0.212185 0.136238 2 0.217241 0.141147 2 0.211683 0.141076 2 0.215877 0.145335 2 0.211899 0.145416 2 0.215829 0.147253 2 0.213223 0.147104 2 0.216134 0.155130 2 0.212962 0.154216 2 0.216218 0.162189 2 0.213507 0.160712 2
0 0.571691 0.701681 0.019433 0.049486 0.573822 0.683428 1 0.573811 0.682282 1 0.574500 0.682481 1 0.573370 0.683952 2 0.577682 0.683892 2 0.571085 0.692890 2 0.579487 0.692585 2 0.568017 0.696303 2 0.581460 0.694340 2 0.567584 0.689134 2 0.579071 0.689066 2 0.572225 0.710583 2 0.578092 0.710765 2 0.569852 0.699210 2 0.578204 0.701129 2 0.569697 0.713821 2 0.577977 0.714670 2
0 0.269958 0.099440 0.010504 0.038282 0.271102 0.087217 1 0.271265 0.086547 1 0.271009 0.086621 1 0.271818 0.086577 2 0.271480 0.086714 1 0.272718 0.089642 2 0.271810 0.089707 2 0.272514 0.093573 2 0.271075 0.093585 2 0.270768 0.093933 2 0.270908 0.093881 1 0.273490 0.098929 2 0.272850 0.098976 2 0.273851 0.106134 2 0.273341 0.106076 2 0.274471 0.112571 2 0.273834 0.112591 2
0 0.251313 0.091036 0.020483 0.036415 0.252091 0.081280 2 0.252310 0.080669 2 0.251902 0.080756 1 0.252889 0.080507 2 0.251915 0.080718 1 0.253842 0.083435 2 0.252119 0.083600 2 0.255135 0.087157 2 0.251748 0.086312 2 0.255307 0.088793 2 0.251602 0.085489 2 0.253927 0.091614 2 0.252718 0.091695 2 0.254195 0.097578 2 0.252820 0.097680 2 0.255352 0.102845 2 0.252637 0.103101 2
0 0.605830 0.119048 0.013130 0.045752 0.608182 0.106802 1 0.608047 0.106228 1 0.608185 0.106219 1 0.607092 0.106245 2 0.608481 0.106270 2 0.606460 0.109023 2 0.609048 0.108881 2 0.606246 0.112533 2 0.609938 0.112088 2 0.606560 0.115104 2 0.609232 0.114448 2 0.606631 0.116880 2 0.608389 0.116713 2 0.606875 0.123121 2 0.608327 0.122825 2 0.606815 0.129254 2 0.608087 0.129212 2
