0 0.647059 0.281513 0.014706 0.064426 0.646537 0.258945 2 0.647212 0.257630 2 0.645917 0.257545 2 0.648167 0.258078 2 0.645045 0.257799 2 0.649399 0.264988 2 0.642883 0.263780 2 0.651863 0.271224 2 0.638641 0.268389 2 0.650279 0.271982 2 0.641292 0.267525 2 0.647424 0.280813 2 0.643196 0.280231 2 0.647523 0.287323 2 0.640558 0.286317 2 0.646825 0.298223 2 0.640667 0.295860 2
0 0.728204 0.302054 0.013130 0.058824 0.737395 0.291210 1 0.737395 0.290077 1 0.737358 0.289897 1 0.737352 0.290397 1 0.736914 0.289873 2 0.737395 0.296560 1 0.734216 0.295301 2 0.736896 0.304791 1 0.730520 0.301316 2 0.737306 0.306946 1 0.734501 0.305570 2 0.735816 0.313999 2 0.733335 0.313796 2 0.736515 0.328428 2 0.733373 0.328886 2 0.734245 0.338853 2 0.732016 0.341238 2
0 0.735294 0.306723 0.016807 0.049486 0.739972 0.294051 2 0.740519 0.293008 2 0.739820 0.292390 2 0.740241 0.291565 1 0.738332 0.290087 2 0.738961 0.295706 2 0.733880 0.294835 2 0.738043 0.305666 2 0.730657 0.301874 2 0.739293 0.306913 2 0.734842 0.305841 2 0.736433 0.313206 2 0.732661 0.314099 2 0.739493 0.323966 2 0.733430 0.329728 2 0.738346 0.333285 2 0.731421 0.340686 2
0 0.028099 0.928105 0.038340 0.106443 0.022606 0.897697 2 0.023884 0.894229 2 0.021032 0.895244 2 0.027606 0.891026 2 0.020098 0.894116 1 0.035502 0.897897 2 0.020041 0.903577 2 0.040736 0.915714 2 0.017165 0.918371 2 0.042670 0.928565 2 0.017924 0.911075 2 0.036068 0.929425 2 0.025736 0.932624 2 0.043280 0.948069 2 0.028561 0.954930 2 0.046509 0.957936 2 0.035339 0.970681 2
0 0.232668 0.734360 0.021008 0.073763 0.228924 0.712661 2 0.230032 0.710598 2 0.227904 0.710702 2 0.231448 0.708603 2 0.225906 0.709213 2 0.231961 0.712526 2 0.224612 0.719055 2 0.236278 0.707179 2 0.223924 0.731182 2 0.238473 0.702603 2 0.224302 0.742389 2 0.232497 0.733849 2 0.227763 0.736806 2 0.234850 0.746612 2 0.228932 0.749220 2 0.236381 0.758636 2 0.229708 0.762345 2
0 0.245273 0.702148 0.025210 0.095238 0.247750 0.671382 2 0.246970 0.669329 1 0.247299 0.669654 2 0.243551 0.669306 1 0.244965 0.670738 2 0.242870 0.678434 2 0.242528 0.682128 2 0.240930 0.686814 1 0.240343 0.696420 2 0.240818 0.694674 1 0.240834 0.707956 2 0.244580 0.707760 2 0.244247 0.709787 2 0.247005 0.726150 2 0.245415 0.728302 2 0.248182 0.743767 2 0.247099 0.747350 2
0 0.814338 0.822129 0.027836 0.111111 0.817386 0.790057 2 0.818541 0.788247 2 0.817739 0.787301 1 0.822100 0.789591 2 0.820002 0.786904 1 0.823378 0.803623 2 0.818702 0.794959 2 0.819262 0.819606 2 0.814194 0.803831 2 0.812610 0.811836 2 0.810097 0.811224 2 0.817107 0.827705 2 0.813607 0.822616 2 0.815411 0.847621 2 0.811443 0.839650 2 0.814880 0.865372 2 0.810592 0.855697 2
0 0.912553 0.845005 0.033088 0.097106 0.918537 0.812111 2 0.920361 0.810482 2 0.917830 0.809193 2 0.922878 0.812060 2 0.916494 0.808573 2 0.923815 0.822881 2 0.913182 0.814324 2 0.920076 0.837748 2 0.908417 0.823010 2 0.913736 0.833651 2 0.910560 0.829101 2 0.916393 0.840242 2 0.909299 0.834921 2 0.912210 0.859121 2 0.905255 0.849731 2 0.907404 0.878671 2 0.906368 0.870969 2
0 0.939338 0.918768 0.040441 0.104575 0.947164 0.880941 2 0.948094 0.878765 2 0.945762 0.878721 2 0.948705 0.879005 1 0.942330 0.878406 2 0.950748 0.893638 2 0.936726 0.885566 2 0.950352 0.914187 2 0.930756 0.892674 2 0.944310 0.928274 2 0.931654 0.904203 2 0.944072 0.924882 2 0.934693 0.920499 2 0.942225 0.947098 2 0.933407 0.940687 2 0.940789 0.964919 1 0.932563 0.954887 1
0 0.941176 0.889356 0.036765 0.114846 0.946180 0.881508 2 0.947129 0.879487 1 0.945116 0.879060 2 0.947657 0.879506 1 0.942254 0.877981 2 0.950311 0.893879 2 0.936199 0.884946 2 0.950887 0.913919 2 0.930138 0.892875 2 0.944616 0.928210 2 0.931970 0.905562 2 0.943223 0.923054 2 0.933903 0.917892 2 0.939728 0.942659 2 0.931290 0.934183 2 0.938143 0.954545 1 0.931573 0.943089 1
0 0.446954 0.204482 0.017857 0.048553 0.446304 0.190986 2 0.446968 0.189840 2 0.445789 0.189795 2 0.448149 0.189931 2 0.445140 0.189840 2 0.450132 0.195711 2 0.443791 0.195635 2 0.451331 0.203570 2 0.442380 0.203082 2 0.450710 0.209923 2 0.442333 0.209493 2 0.448987 0.210842 2 0.444466 0.210705 2 0.450327 0.219283 2 0.442699 0.219017 2 0.450001 0.230365 2 0.442541 0.230876 2
0 0.603466 0.104108 0.014706 0.040149 0.604287 0.092797 1 0.604266 0.091938 1 0.604389 0.092092 1 0.603198 0.092080 2 0.605209 0.092508 2 0.601268 0.096349 2 0.606377 0.097550 2 0.599112 0.102019 2 0.607707 0.103122 2 0.599565 0.106746 2 0.607212 0.107497 2 0.601354 0.108936 2 0.604764 0.109575 2 0.600538 0.112866 2 0.603821 0.115251 2 0.600484 0.119779 2 0.603273 0.122944 2
0 0.708771 0.376284 0.017332 0.048553 0.710928 0.362868 2 0.711715 0.361881 2 0.710520 0.361296 2 0.712392 0.362005 2 0.709566 0.360721 2 0.711865 0.366553 2 0.706756 0.366611 2 0.712459 0.373663 2 0.704870 0.374846 2 0.714146 0.373711 2 0.708318 0.375212 2 0.710818 0.378951 2 0.707510 0.380063 2 0.715225 0.378016 2 0.709941 0.381342 2 0.714467 0.388242 2 0.711755 0.393026 2
0 0.745536 0.248833 0.013130 0.064426 0.747896 0.229330 2 0.748612 0.228223 2 0.747366 0.227873 2 0.749095 0.228426 1 0.746110 0.227455 2 0.749221 0.234306 2 0.743266 0.232927 2 0.750411 0.240996 2 0.740447 0.239866 2 0.751028 0.245304 2 0.739748 0.248178 2 0.746240 0.251298 2 0.742522 0.250617 2 0.745290 0.263453 2 0.741852 0.262774 2 0.743351 0.273757 2 0.742175 0.273097 2
0 0.617647 0.089636 0.014706 0.050420 0.618942 0.075914 2 0.619031 0.075046 1 0.618736 0.074833 2 0.618310 0.075321 1 0.617794 0.074658 2 0.618741 0.079038 2 0.616398 0.078948 2 0.619582 0.084963 1 0.617156 0.083329 2 0.620092 0.087286 1 0.618517 0.080982 2 0.618120 0.090984 2 0.616637 0.091169 2 0.617858 0.099365 2 0.617452 0.100452 2 0.614177 0.105498 2 0.616842 0.109333 2
0 0.613445 0.040616 0.012605 0.040149 0.614240 0.026584 2 0.614679 0.025852 2 0.613837 0.025740 2 0.615147 0.026445 2 0.613178 0.026127 2 0.616060 0.030942 2 0.611991 0.030773 2 0.616951 0.035985 2 0.610378 0.035472 2 0.617089 0.040941 2 0.610106 0.040464 2 0.614781 0.042301 2 0.612311 0.042173 2 0.613552 0.050222 2 0.611985 0.050401 2 0.611986 0.057268 2 0.611941 0.058551 2
