0 0.970610 0.817460 0.057292 0.156085 0.985330 0.768197 2 0.986984 0.764757 2 0.986745 0.764611 1 0.989865 0.766504 2 0.992467 0.765570 1 0.982088 0.783840 2 0.997671 0.783782 2 0.964512 0.786947 2 0.982164 0.788707 1 0.953067 0.781896 2 0.962807 0.779084 1 0.977896 0.834734 2 0.988220 0.831917 2 0.948625 0.826646 2 0.963775 0.824309 1 0.962917 0.869949 2 0.972851 0.866927 1
0 0.374256 0.773810 0.040179 0.171958 0.380697 0.713847 1 0.379689 0.710559 1 0.380923 0.710763 1 0.374269 0.712077 2 0.382648 0.712771 2 0.372120 0.728438 2 0.383888 0.729781 2 0.372170 0.721635 2 0.392183 0.719218 2 0.373845 0.714106 2 0.381502 0.714182 2 0.375188 0.773434 2 0.382589 0.774982 2 0.376775 0.803976 2 0.381351 0.810470 2 0.376513 0.838255 2 0.382535 0.844306 2
0 0.433036 0.718915 0.063988 0.167989 0.429481 0.654914 1 0.428466 0.651610 1 0.429836 0.651509 1 0.421990 0.653225 2 0.432478 0.653769 2 0.418613 0.670522 2 0.434564 0.673843 2 0.414653 0.683615 2 0.442639 0.694543 2 0.420477 0.674542 1 0.454461 0.704694 2 0.421271 0.717403 2 0.431813 0.718749 2 0.420707 0.751782 2 0.431238 0.755723 2 0.415969 0.780824 2 0.429137 0.790925 2
0 0.046131 0.875000 0.059524 0.149471 0.044625 0.834859 2 0.046094 0.832326 2 0.043767 0.832017 2 0.050395 0.831270 2 0.044400 0.830123 1 0.058385 0.843432 2 0.043331 0.833914 2 0.061710 0.864033 2 0.030954 0.821768 2 0.052095 0.864400 2 0.019778 0.816537 2 0.061797 0.882978 2 0.051611 0.880107 2 0.064257 0.910020 2 0.052224 0.914418 2 0.069494 0.937714 2 0.057069 0.945731 2
0 0.194196 0.611111 0.019345 0.084656 0.191183 0.582642 2 0.191587 0.580899 2 0.191990 0.580533 1 0.194068 0.581941 2 0.196457 0.580428 1 0.195059 0.593044 2 0.198437 0.589316 2 0.196035 0.607427 2 0.202425 0.598823 2 0.196254 0.617610 2 0.206099 0.609402 2 0.198341 0.615169 2 0.200264 0.613766 2 0.199649 0.629060 2 0.200336 0.627999 2 0.200015 0.642039 2 0.200468 0.639122 2
0 0.200893 0.567460 0.032738 0.113757 0.199341 0.526131 1 0.199200 0.523964 1 0.199826 0.523260 1 0.199355 0.523303 2 0.204043 0.521357 2 0.201417 0.534886 2 0.206867 0.529982 2 0.199512 0.550307 2 0.202218 0.539908 2 0.193135 0.546314 2 0.194369 0.541912 2 0.205507 0.565554 2 0.209403 0.563022 2 0.205706 0.591346 2 0.208954 0.588228 2 0.208600 0.614344 2 0.210542 0.612787 2
0 0.395833 0.356481 0.028274 0.046296 0.400295 0.334880 2 0.401016 0.333611 2 0.399691 0.333823 2 0.402210 0.333787 2 0.399351 0.334109 2 0.402762 0.339726 2 0.399576 0.340398 2 0.401126 0.346866 2 0.397318 0.349418 2 0.398023 0.346665 2 0.395206 0.355568 2 0.402068 0.357586 2 0.400287 0.357165 2 0.394152 0.360657 2 0.395558 0.360927 2 0.390754 0.373393 2 0.394074 0.373939 2
0 0.585193 0.513889 0.031994 0.133598 0.586577 0.463594 2 0.587879 0.461244 2 0.585122 0.461461 2 0.589943 0.462511 2 0.582941 0.462930 2 0.593573 0.477673 2 0.579265 0.477753 2 0.596069 0.496431 2 0.575575 0.495497 2 0.596155 0.513659 2 0.574401 0.513478 2 0.590495 0.517362 2 0.580739 0.517184 2 0.589362 0.543634 2 0.578324 0.543635 2 0.588175 0.562919 2 0.575839 0.562564 2
0 0.291667 0.386905 0.022321 0.078042 0.286034 0.360749 2 0.286085 0.358981 2 0.285583 0.359759 1 0.287698 0.356412 2 0.286271 0.358255 1 0.292784 0.360224 2 0.289281 0.363153 2 0.296986 0.364828 2 0.291250 0.373351 2 0.292053 0.371719 2 0.289256 0.374822 2 0.298576 0.382216 2 0.295415 0.382546 2 0.299401 0.400451 2 0.293834 0.396133 2 0.301429 0.415572 2 0.290914 0.408942 2
0 0.293899 0.398148 0.017857 0.060847 0.285670 0.360471 2 0.285791 0.358907 2 0.285487 0.359417 1 0.287721 0.357262 2 0.286797 0.358333 1 0.293053 0.361118 2 0.288525 0.363797 2 0.296917 0.366175 2 0.290975 0.373866 2 0.293250 0.373018 2 0.289418 0.375774 2 0.299030 0.383290 2 0.295124 0.383913 2 0.299785 0.398516 2 0.293469 0.396229 2 0.300875 0.412665 2 0.291081 0.409147 2
0 0.312872 0.378307 0.018601 0.058201 0.308031 0.359057 2 0.308259 0.357539 2 0.307916 0.357946 1 0.310008 0.356533 2 0.309304 0.357340 1 0.313695 0.361273 2 0.310848 0.361768 2 0.313555 0.371951 2 0.310775 0.371911 2 0.310370 0.376387 2 0.308620 0.376950 2 0.317690 0.375042 2 0.315296 0.374945 2 0.317219 0.384404 2 0.312459 0.383280 2 0.319107 0.398549 2 0.313513 0.397536 2
0 0.303943 0.359127 0.017113 0.080688 0.292411 0.354406 1 0.292411 0.352805 1 0.292411 0.352039 1 0.292411 0.354039 1 0.292411 0.351830 1 0.292411 0.366262 2 0.294289 0.360072 2 0.296338 0.386395 1 0.297670 0.372508 2 0.299123 0.400591 1 0.299876 0.389918 1 0.297747 0.390262 2 0.299539 0.387658 2 0.296700 0.410537 1 0.299707 0.407295 1 0.298120 0.413335 1 0.301830 0.411547 1
0 0.565104 0.269841 0.018601 0.050265 0.565391 0.258885 2 0.566321 0.257021 2 0.564324 0.257203 2 0.567672 0.256427 2 0.562704 0.256851 2 0.569331 0.263850 2 0.561405 0.265105 2 0.572339 0.271152 2 0.560540 0.275379 2 0.572889 0.274715 2 0.563910 0.277287 2 0.568384 0.286443 2 0.563091 0.286924 2 0.568399 0.299777 2 0.562226 0.299372 2 0.568631 0.302319 1 0.562387 0.301348 1
0 0.531622 0.343254 0.018601 0.083333 0.543968 0.286239 1 0.544346 0.285714 1 0.543450 0.285714 1 0.544522 0.285714 1 0.542479 0.285714 1 0.544643 0.290282 1 0.540489 0.290198 2 0.544297 0.300761 1 0.537156 0.299250 2 0.543991 0.307372 1 0.538773 0.306119 2 0.544014 0.313541 2 0.541235 0.313715 2 0.543092 0.331226 2 0.540982 0.331533 2 0.542890 0.347828 2 0.541613 0.348038 2
0 0.390253 0.347222 0.014137 0.051587 0.395146 0.329009 2 0.395687 0.327960 2 0.394642 0.327940 2 0.396362 0.327768 2 0.393707 0.327608 2 0.396901 0.332626 2 0.392785 0.332801 2 0.398027 0.338860 2 0.392008 0.339169 2 0.396562 0.341263 2 0.394382 0.339934 2 0.396453 0.348371 2 0.393690 0.348328 2 0.394806 0.359460 2 0.392136 0.359426 2 0.392872 0.371525 2 0.389839 0.371628 2
0 0.543155 0.313492 0.020833 0.084656 0.545098 0.281040 2 0.545779 0.279443 2 0.544150 0.279441 2 0.546475 0.280565 2 0.542528 0.280400 2 0.548245 0.289530 2 0.540151 0.289343 2 0.549855 0.299479 2 0.537527 0.299010 2 0.550292 0.309310 2 0.538628 0.306590 2 0.547112 0.312956 2 0.541750 0.313016 2 0.547731 0.329671 2 0.540758 0.329585 2 0.546143 0.345004 2 0.541581 0.345373 2
0 0.528274 0.210979 0.011905 0.041005 0.527978 0.198215 2 0.528515 0.197168 2 0.527566 0.197307 2 0.529687 0.197396 2 0.527281 0.197695 1 0.531396 0.203264 2 0.526329 0.203250 2 0.532445 0.210598 2 0.525204 0.210721 2 0.530049 0.213889 2 0.526815 0.216236 2 0.530482 0.217374 2 0.527032 0.217250 2 0.530911 0.228477 2 0.527248 0.227780 2 0.531453 0.237286 2 0.527372 0.235949 2
