0 0.288318 0.849206 0.037946 0.111111 0.289701 0.810090 2 0.291547 0.805579 2 0.286733 0.806897 2 0.294691 0.806458 2 0.282992 0.810136 2 0.298929 0.824300 2 0.282611 0.831293 2 0.301772 0.842786 2 0.280837 0.852297 2 0.299625 0.854515 2 0.282113 0.867435 2 0.297186 0.861740 2 0.286102 0.865165 2 0.300013 0.869001 2 0.284052 0.877942 2 0.299791 0.879589 2 0.285446 0.892992 2
0 0.278646 0.842593 0.034970 0.079365 0.289840 0.810100 2 0.291429 0.805548 2 0.286929 0.807252 2 0.294220 0.806565 2 0.283226 0.810934 2 0.299898 0.827060 2 0.281614 0.830966 2 0.301593 0.853994 2 0.277069 0.851691 2 0.294046 0.868157 2 0.280758 0.842367 2 0.295661 0.879778 2 0.283232 0.880470 2 0.292415 0.892642 1 0.277608 0.894933 1 0.291400 0.892348 1 0.279752 0.894697 1
0 0.539062 0.497354 0.037946 0.185185 0.538984 0.423078 2 0.540777 0.419401 2 0.537032 0.419932 2 0.543813 0.420852 2 0.534807 0.421859 2 0.548038 0.443029 2 0.530009 0.440925 2 0.550841 0.467747 2 0.527549 0.466294 2 0.552633 0.493633 2 0.525865 0.489006 2 0.544232 0.495307 2 0.532087 0.493362 2 0.543646 0.535204 2 0.529371 0.527096 2 0.541232 0.567440 2 0.531230 0.550303 2
0 0.587798 0.484788 0.029762 0.162698 0.591173 0.421024 2 0.591969 0.417855 2 0.589345 0.417777 2 0.591726 0.419609 1 0.584794 0.419318 2 0.594488 0.435715 2 0.580303 0.437359 2 0.598322 0.453678 2 0.578075 0.456424 2 0.597840 0.449709 2 0.586909 0.450905 2 0.591237 0.479335 2 0.581720 0.480289 2 0.591328 0.508239 2 0.581485 0.511661 2 0.588360 0.529031 2 0.582597 0.539239 2
0 0.642113 0.501323 0.020833 0.082011 0.638799 0.463969 2 0.639822 0.462255 2 0.637786 0.462319 2 0.641397 0.463666 2 0.636522 0.463814 2 0.643528 0.473501 2 0.635071 0.474470 2 0.646417 0.484653 2 0.633937 0.485842 2 0.646446 0.491974 2 0.636656 0.481357 2 0.642710 0.496617 2 0.636997 0.497007 2 0.642924 0.512480 2 0.636336 0.512264 2 0.643157 0.528008 2 0.636265 0.527860 2
0 0.629836 0.477513 0.034970 0.111111 0.631901 0.435747 2 0.633336 0.433569 2 0.630523 0.433027 2 0.634974 0.435370 2 0.627987 0.434254 2 0.636578 0.449032 2 0.623309 0.447909 2 0.638961 0.463110 2 0.618770 0.464045 2 0.635624 0.476367 2 0.621391 0.476418 2 0.632191 0.480507 2 0.623527 0.479422 2 0.631100 0.499770 2 0.620850 0.497357 2 0.628841 0.521118 2 0.622583 0.517681 2
0 0.639137 0.460317 0.032738 0.145503 0.638863 0.405492 2 0.640260 0.402405 2 0.637150 0.403089 2 0.642610 0.402090 2 0.634593 0.403729 2 0.646914 0.414315 2 0.631390 0.416648 2 0.649545 0.434080 2 0.627573 0.437146 2 0.646861 0.452742 2 0.631013 0.455135 2 0.644062 0.453521 2 0.633516 0.454595 2 0.644860 0.480257 1 0.630870 0.482163 1 0.644224 0.504057 1 0.630526 0.506121 1
0 0.915923 0.569444 0.062500 0.152116 0.922566 0.515383 1 0.923532 0.512505 1 0.924651 0.513054 1 0.925530 0.515961 2 0.934409 0.516150 1 0.917971 0.533182 2 0.940855 0.535204 2 0.903341 0.542916 2 0.936355 0.548873 1 0.894641 0.542950 2 0.923767 0.540487 1 0.916638 0.584756 2 0.932144 0.583828 2 0.891423 0.582903 2 0.913199 0.583887 2 0.903140 0.623839 2 0.922992 0.620508 2
0 0.910342 0.567460 0.034970 0.119048 0.921621 0.516084 2 0.922709 0.513045 2 0.923555 0.513618 1 0.925977 0.515650 2 0.931518 0.516281 1 0.921149 0.531452 2 0.934524 0.534566 2 0.906931 0.538899 2 0.924886 0.548666 1 0.896642 0.537456 2 0.907648 0.541781 1 0.917956 0.581848 2 0.927943 0.580485 2 0.894299 0.583531 2 0.906347 0.583285 2 0.902199 0.623040 2 0.911529 0.621251 2
0 0.843750 0.398148 0.031250 0.132275 0.848616 0.349369 2 0.849972 0.347059 2 0.847390 0.346518 2 0.850761 0.348976 2 0.844605 0.347357 2 0.852804 0.363092 2 0.839978 0.362728 2 0.854200 0.381549 2 0.835266 0.381248 2 0.854585 0.396966 2 0.835354 0.397703 2 0.847342 0.397745 2 0.839808 0.397630 2 0.843444 0.419550 2 0.840788 0.421244 2 0.836446 0.440525 2 0.841784 0.448255 2
0 0.819568 0.392857 0.033482 0.142857 0.825315 0.344028 2 0.826837 0.341508 2 0.824374 0.340510 2 0.827525 0.340845 1 0.821308 0.337820 2 0.828502 0.354012 2 0.815951 0.350255 2 0.830593 0.372022 2 0.807064 0.357255 2 0.832028 0.388164 2 0.813025 0.346559 2 0.823470 0.393982 2 0.815862 0.393026 2 0.819312 0.422543 2 0.815055 0.421280 2 0.815407 0.441341 2 0.813989 0.445944 2
0 0.497396 0.369048 0.027530 0.084656 0.496590 0.339943 2 0.497744 0.337855 2 0.496338 0.337798 2 0.501476 0.338289 2 0.498710 0.337654 1 0.501964 0.349824 2 0.502945 0.347824 2 0.497611 0.366493 2 0.499030 0.363838 1 0.491800 0.374945 2 0.493068 0.370114 1 0.501369 0.378079 2 0.502119 0.375344 2 0.487283 0.379708 2 0.490367 0.374716 2 0.491785 0.399155 2 0.493556 0.393636 2
0 0.614583 0.277116 0.023810 0.101852 0.614589 0.238022 2 0.615583 0.236306 2 0.613679 0.236120 2 0.616793 0.237609 2 0.612281 0.237148 2 0.618552 0.248316 2 0.610034 0.248094 2 0.619804 0.261307 2 0.607698 0.260975 2 0.620883 0.271012 2 0.605637 0.272307 2 0.616395 0.273706 2 0.610970 0.273590 2 0.615829 0.292474 2 0.611604 0.292420 2 0.614539 0.309752 2 0.612604 0.310799 2
0 0.446057 0.287698 0.020089 0.062169 0.445796 0.260797 2 0.446139 0.259523 1 0.445819 0.259584 1 0.446904 0.259997 2 0.447030 0.259909 2 0.448028 0.266293 2 0.446811 0.265992 2 0.450350 0.272957 2 0.447018 0.272291 2 0.452534 0.273436 2 0.448445 0.272759 2 0.447195 0.282566 2 0.446510 0.282388 2 0.447396 0.296637 2 0.446809 0.296547 2 0.447430 0.311013 2 0.447759 0.310994 2
0 0.432292 0.264550 0.017857 0.037037 0.432919 0.255378 2 0.433124 0.254384 2 0.432943 0.254327 1 0.433930 0.253996 2 0.433680 0.253713 1 0.435566 0.259527 2 0.433610 0.258329 2 0.435121 0.268704 2 0.430660 0.265608 2 0.430689 0.269238 2 0.429125 0.270651 2 0.435536 0.273352 2 0.434341 0.272177 2 0.428879 0.272615 2 0.428808 0.271898 2 0.429645 0.279208 2 0.429600 0.278607 2
0 0.511161 0.247354 0.013393 0.079365 0.512628 0.217647 2 0.513116 0.216109 2 0.511682 0.216138 2 0.512960 0.216949 1 0.509865 0.216999 2 0.511549 0.225231 2 0.510149 0.225417 2 0.511222 0.235424 1 0.509739 0.235537 2 0.511960 0.245299 1 0.510845 0.245008 2 0.511573 0.246554 2 0.510859 0.246691 2 0.510888 0.262506 2 0.510887 0.262880 2 0.510232 0.276312 2 0.510087 0.277436 2
0 0.559152 0.240741 0.014137 0.079365 0.558921 0.211082 2 0.559836 0.209554 2 0.558380 0.209769 2 0.561690 0.210567 2 0.557923 0.211055 1 0.563537 0.219254 2 0.556643 0.219554 2 0.564780 0.230640 2 0.554405 0.227800 2 0.564470 0.239544 2 0.555214 0.222476 2 0.561417 0.238831 2 0.556753 0.238859 2 0.561383 0.255672 2 0.556265 0.255196 2 0.561693 0.271444 2 0.556024 0.270644 2
0 0.546875 0.244709 0.013393 0.052910 0.546819 0.226656 2 0.547518 0.225512 2 0.546388 0.225698 2 0.548928 0.226529 2 0.546040 0.226923 1 0.550068 0.233416 2 0.545305 0.233812 2 0.551104 0.240121 2 0.544256 0.239760 2 0.549650 0.241044 2 0.546615 0.240258 2 0.549726 0.246299 2 0.546568 0.246647 2 0.549830 0.254179 2 0.546764 0.254997 2 0.549822 0.264486 2 0.546787 0.265083 2
