0 0.952009 0.304894 0.029018 0.099206 0.963162 0.256912 1 0.962489 0.254498 1 0.963310 0.254854 1 0.957502 0.253526 1 0.962082 0.255220 2 0.952442 0.262764 2 0.958864 0.266697 2 0.949614 0.276376 2 0.956207 0.283889 2 0.954167 0.287058 1 0.960719 0.292451 2 0.947745 0.289786 2 0.951952 0.291629 2 0.944826 0.311469 2 0.948339 0.314787 2 0.942069 0.329992 2 0.944284 0.333607 2
0 0.338542 0.155423 0.013393 0.064815 0.335659 0.129825 2 0.336220 0.128545 2 0.335084 0.128602 2 0.337118 0.129702 2 0.334497 0.129704 2 0.338543 0.137185 2 0.333606 0.136730 2 0.340486 0.145760 2 0.332517 0.142517 2 0.338064 0.144755 2 0.335067 0.138367 2 0.338289 0.153945 2 0.335022 0.154032 2 0.339049 0.167131 2 0.335968 0.167885 2 0.338513 0.181250 2 0.335840 0.181955 2
0 0.907366 0.269841 0.024554 0.063492 0.923608 0.253231 1 0.923984 0.251084 1 0.923691 0.251050 1 0.922979 0.251219 1 0.923751 0.251300 1 0.919946 0.262003 2 0.920816 0.262156 2 0.916413 0.278736 1 0.916859 0.278022 2 0.915506 0.287933 1 0.915259 0.287256 2 0.920027 0.299958 2 0.920639 0.300651 2 0.920459 0.309387 1 0.920274 0.311091 1 0.920325 0.311376 1 0.919996 0.309358 1
0 0.539435 0.466931 0.029762 0.145503 0.536912 0.406136 2 0.538521 0.403818 2 0.535525 0.403776 2 0.541227 0.403961 2 0.533239 0.403971 2 0.544677 0.415981 2 0.530160 0.417481 2 0.548397 0.431372 2 0.527863 0.437157 2 0.551633 0.451879 2 0.526152 0.458258 2 0.543579 0.453602 2 0.532585 0.454079 2 0.547687 0.485506 2 0.528977 0.484638 2 0.551667 0.514541 2 0.523901 0.514425 2
0 0.786086 0.300265 0.021577 0.111111 0.787299 0.255022 2 0.788436 0.253151 2 0.786204 0.252976 2 0.789834 0.254006 2 0.783916 0.253533 2 0.791992 0.265035 2 0.780335 0.264454 2 0.795863 0.278318 2 0.775911 0.277805 2 0.789579 0.279570 2 0.779850 0.283138 2 0.787903 0.294992 2 0.780258 0.294240 2 0.785975 0.318247 2 0.778506 0.317953 2 0.785530 0.340164 2 0.777260 0.340843 2
0 0.672991 0.186508 0.017113 0.068783 0.670982 0.157139 1 0.670837 0.155888 1 0.671230 0.156028 1 0.669229 0.156475 2 0.672425 0.156806 2 0.667983 0.162839 2 0.673161 0.163503 2 0.665789 0.170705 2 0.672596 0.172224 1 0.665128 0.176565 2 0.670559 0.177390 1 0.668312 0.181569 2 0.671729 0.181742 2 0.667194 0.196482 2 0.669555 0.196409 2 0.667790 0.211616 2 0.669191 0.211554 2
0 0.662202 0.556217 0.043155 0.189153 0.650596 0.484047 2 0.651679 0.480514 2 0.651855 0.480527 1 0.654520 0.484729 2 0.660800 0.483945 1 0.652025 0.507204 2 0.666858 0.508474 2 0.645079 0.534448 2 0.668066 0.530586 2 0.644994 0.534824 2 0.660226 0.537343 1 0.650859 0.560139 2 0.661527 0.561666 2 0.645722 0.588035 2 0.659602 0.602458 2 0.639322 0.618936 2 0.658083 0.641172 2
0 0.373140 0.498016 0.027530 0.162698 0.386043 0.475014 2 0.384770 0.472353 1 0.384849 0.472784 2 0.379642 0.474509 1 0.380576 0.476182 2 0.373187 0.497064 2 0.378874 0.497218 2 0.370313 0.527926 2 0.379262 0.526007 2 0.370005 0.550899 2 0.388381 0.537247 2 0.374353 0.547163 2 0.376782 0.548427 2 0.383091 0.583365 2 0.380984 0.583898 2 0.386502 0.610491 2 0.368987 0.603803 2
0 0.536458 0.425265 0.032738 0.144180 0.537235 0.406578 2 0.538869 0.403963 2 0.535687 0.404124 2 0.541735 0.404068 2 0.533291 0.404537 2 0.545247 0.416807 2 0.530921 0.417998 2 0.548997 0.433382 2 0.528441 0.437302 2 0.552158 0.452517 2 0.527310 0.457856 2 0.543619 0.453785 2 0.532834 0.454018 2 0.547533 0.485259 2 0.528854 0.484649 2 0.551651 0.514376 2 0.524315 0.515034 2
0 0.187128 0.423942 0.029018 0.144180 0.187990 0.372787 2 0.188118 0.369912 2 0.186168 0.370428 2 0.185789 0.372143 1 0.181466 0.373154 2 0.182907 0.388774 2 0.181193 0.389087 2 0.182449 0.410864 1 0.178117 0.409717 2 0.185734 0.426885 1 0.181381 0.428450 2 0.184921 0.429114 2 0.184837 0.430043 2 0.184251 0.456965 2 0.189725 0.457924 2 0.183238 0.484815 2 0.191436 0.487212 2
0 0.322545 0.441138 0.026042 0.138889 0.317595 0.395396 2 0.318626 0.391652 2 0.315700 0.392878 2 0.320174 0.390579 2 0.313108 0.393807 2 0.322370 0.402228 2 0.313455 0.409490 2 0.323503 0.419827 2 0.313549 0.431787 2 0.326779 0.438809 2 0.316099 0.451087 2 0.322469 0.437410 2 0.316411 0.441272 2 0.324978 0.464044 2 0.317247 0.473510 2 0.324261 0.485961 2 0.317895 0.500908 2
0 0.464658 0.487434 0.049851 0.149471 0.464653 0.431426 2 0.466479 0.428185 2 0.462984 0.428017 2 0.468417 0.427683 2 0.459941 0.426892 2 0.472221 0.442453 2 0.455103 0.441734 2 0.476716 0.461087 2 0.448154 0.459691 2 0.480165 0.481164 2 0.444164 0.480035 2 0.465874 0.483385 2 0.455933 0.482842 2 0.462985 0.514732 2 0.459466 0.515102 2 0.456898 0.538307 2 0.462329 0.543704 2
0 0.376116 0.545635 0.036458 0.173280 0.386601 0.475384 2 0.385505 0.472567 1 0.385364 0.473404 2 0.380927 0.473873 1 0.381269 0.476535 2 0.374674 0.495134 2 0.378916 0.497459 2 0.372523 0.524191 2 0.379863 0.526875 2 0.374069 0.548036 2 0.389063 0.537544 2 0.374851 0.544894 2 0.376248 0.546923 2 0.382996 0.579598 2 0.380295 0.580962 2 0.387265 0.610607 2 0.369875 0.603665 2
0 0.494420 0.635582 0.046875 0.212963 0.489246 0.555315 1 0.489457 0.551091 1 0.489978 0.551577 1 0.485820 0.553497 2 0.496382 0.554303 2 0.479525 0.579262 2 0.499765 0.579619 2 0.475630 0.606766 2 0.503596 0.611319 2 0.482960 0.611861 2 0.506009 0.632252 2 0.481073 0.638210 2 0.495444 0.638169 2 0.480939 0.681882 2 0.497642 0.680475 2 0.481827 0.725661 2 0.498994 0.720595 2
0 0.513765 0.398810 0.027530 0.136243 0.522084 0.347328 2 0.523663 0.344783 2 0.520735 0.344734 2 0.526471 0.345514 2 0.519023 0.345194 2 0.529165 0.360770 2 0.516645 0.357734 2 0.530347 0.378375 2 0.513728 0.373345 2 0.527473 0.377498 2 0.512057 0.386302 2 0.525673 0.397157 2 0.516447 0.395099 2 0.526611 0.424796 2 0.512911 0.422436 2 0.526155 0.450865 2 0.509808 0.447604 2
0 0.221354 0.349206 0.024554 0.126984 0.220008 0.300091 2 0.221115 0.297977 2 0.218837 0.298022 2 0.222891 0.299190 2 0.216958 0.299409 2 0.226252 0.312239 2 0.214515 0.313031 2 0.231500 0.325640 2 0.211483 0.326822 2 0.225274 0.329252 2 0.213959 0.329929 2 0.225605 0.344837 2 0.217632 0.345065 2 0.227361 0.370433 2 0.218069 0.370923 2 0.230497 0.394546 2 0.218421 0.394866 2
0 0.235119 0.330026 0.029762 0.115079 0.219957 0.299929 2 0.221163 0.297874 2 0.218621 0.297796 2 0.222886 0.299343 2 0.216290 0.299178 2 0.226428 0.312004 2 0.214451 0.312488 2 0.231327 0.325785 2 0.214286 0.327079 2 0.226415 0.327535 2 0.215697 0.329658 2 0.226099 0.345611 2 0.217723 0.345758 2 0.228100 0.371097 2 0.218255 0.371608 2 0.230466 0.394495 2 0.218161 0.396124 2
0 0.408854 0.303571 0.020089 0.099206 0.408181 0.268324 2 0.409652 0.266564 2 0.407592 0.266114 2 0.412325 0.268122 2 0.407256 0.267068 1 0.413958 0.279190 2 0.405062 0.278098 2 0.416157 0.292520 2 0.402348 0.292066 2 0.412537 0.288036 2 0.403466 0.295565 2 0.411847 0.306865 2 0.405935 0.306299 2 0.411979 0.326462 2 0.405832 0.326297 2 0.412427 0.344679 2 0.406306 0.344727 2
0 0.556548 0.210979 0.019345 0.085979 0.554191 0.174264 1 0.554149 0.172669 1 0.554563 0.172851 1 0.552659 0.174022 2 0.557099 0.174181 2 0.551102 0.183549 2 0.558573 0.184452 2 0.549021 0.194863 2 0.560151 0.197562 2 0.547114 0.206075 2 0.561478 0.206419 2 0.551858 0.206894 2 0.557079 0.207219 2 0.551197 0.224896 2 0.557749 0.225090 2 0.550318 0.241980 2 0.557812 0.242522 2
0 0.924107 0.298280 0.029762 0.115079 0.933890 0.253705 1 0.932916 0.251104 1 0.933422 0.251673 1 0.926651 0.250673 2 0.932002 0.252724 2 0.920422 0.262204 2 0.932830 0.265576 2 0.916726 0.276941 2 0.935122 0.283601 2 0.918427 0.286768 2 0.934196 0.285454 2 0.919806 0.297303 2 0.928548 0.298653 2 0.918407 0.321541 2 0.928950 0.321333 2 0.916896 0.345889 2 0.927574 0.342052 2
0 0.421503 0.289683 0.021577 0.103175 0.408440 0.268377 2 0.409725 0.266497 2 0.407905 0.266214 2 0.412557 0.268452 2 0.407998 0.267721 1 0.413747 0.279081 2 0.408360 0.277970 2 0.414776 0.290503 2 0.408189 0.288804 1 0.410663 0.287514 2 0.408348 0.288953 1 0.411772 0.302267 2 0.408181 0.301431 2 0.411394 0.322214 2 0.408708 0.321719 2 0.411748 0.344164 2 0.408666 0.344383 2
0 0.791667 0.277116 0.020833 0.085979 0.787096 0.254536 2 0.788208 0.253003 2 0.786125 0.252554 2 0.789438 0.254307 2 0.784056 0.253182 2 0.791775 0.265447 2 0.781153 0.264191 2 0.795388 0.279666 2 0.779105 0.277762 2 0.788714 0.280836 2 0.779746 0.282502 2 0.788751 0.294808 2 0.782010 0.293724 2 0.786061 0.317080 2 0.781917 0.315822 2 0.784781 0.334656 2 0.781529 0.334202 2
0 0.813616 0.275794 0.024554 0.083333 0.811994 0.244877 2 0.811946 0.243006 2 0.811285 0.243053 2 0.810596 0.242569 1 0.808093 0.242689 2 0.810565 0.249689 2 0.804457 0.251331 2 0.813600 0.262070 2 0.809195 0.264927 2 0.817079 0.269765 2 0.814043 0.274577 2 0.810249 0.271542 2 0.806081 0.273762 2 0.816846 0.279238 2 0.813815 0.284049 2 0.815028 0.299541 2 0.816388 0.305261 2
0 0.523438 0.187169 0.017113 0.046296 0.531043 0.168073 2 0.530717 0.166912 1 0.530891 0.167131 2 0.528615 0.166920 1 0.529803 0.167384 2 0.527684 0.171825 2 0.528322 0.172544 2 0.530918 0.175964 2 0.527583 0.178368 2 0.534143 0.176618 2 0.528335 0.185228 2 0.526152 0.185412 2 0.527406 0.185867 2 0.524207 0.192458 2 0.528833 0.193557 2 0.520758 0.195670 2 0.527892 0.196717 2
0 0.967634 0.932540 0.061756 0.132275 0.967410 0.899774 2 0.972515 0.897920 2 0.967534 0.892217 2 0.980636 0.905600 2 0.966791 0.891402 1 0.982462 0.934202 2 0.958132 0.914187 2 0.968549 0.973016 2 0.948010 0.944324 2 0.949605 0.974956 2 0.942372 0.966922 2 0.966381 0.992743 2 0.949083 0.980844 2 0.953718 0.988287 1 0.937367 0.973154 1 0.952716 0.993313 1 0.941382 0.997101 1
0 0.542039 0.328042 0.023065 0.063492 0.543245 0.311683 2 0.544248 0.309838 1 0.542433 0.309598 2 0.545333 0.306442 1 0.540905 0.305926 2 0.546847 0.305553 2 0.536300 0.305292 2 0.550768 0.317371 2 0.532202 0.317584 2 0.546179 0.320610 2 0.539338 0.321213 2 0.543810 0.322718 2 0.536673 0.323166 2 0.550220 0.323278 2 0.532849 0.324691 2 0.546863 0.347454 2 0.536729 0.347265 2
0 0.526042 0.300926 0.020833 0.083333 0.521962 0.347078 2 0.523549 0.344361 2 0.520562 0.344509 2 0.526122 0.345524 2 0.518853 0.345898 2 0.528802 0.356776 2 0.515726 0.356525 2 0.531003 0.358052 1 0.513642 0.358052 1 0.528256 0.356081 1 0.517809 0.357586 1 0.525985 0.358052 1 0.517650 0.358052 1 0.526951 0.357963 1 0.517765 0.357592 1 0.520580 0.358052 1 0.521131 0.358052 1
0 0.558780 0.177249 0.017857 0.055556 0.553670 0.174110 1 0.553821 0.172699 1 0.554211 0.172946 1 0.553273 0.173902 2 0.556875 0.174170 2 0.551277 0.183093 2 0.558532 0.183874 2 0.549034 0.194004 2 0.559962 0.196408 2 0.548168 0.205630 2 0.560983 0.205904 2 0.551947 0.207331 2 0.556823 0.207544 2 0.551849 0.215608 1 0.557591 0.215608 1 0.551920 0.214969 1 0.556736 0.214197 1
0 0.127976 0.338624 0.022321 0.042328 0.125856 0.330965 2 0.125912 0.329738 2 0.126118 0.329062 1 0.127425 0.328501 2 0.128616 0.326659 1 0.130410 0.333216 2 0.130031 0.330330 2 0.127489 0.342042 2 0.126899 0.338354 2 0.123899 0.341320 2 0.124285 0.341092 2 0.135982 0.343420 2 0.135600 0.341511 2 0.128823 0.340872 2 0.128069 0.338118 2 0.130064 0.348561 2 0.130485 0.347929 2
0 0.098958 0.317460 0.031250 0.055556 0.098661 0.304064 2 0.099782 0.302616 2 0.098119 0.302709 2 0.102352 0.302859 2 0.097401 0.303256 1 0.105283 0.308803 2 0.095764 0.310595 2 0.111174 0.315703 2 0.091651 0.321918 2 0.107511 0.316804 2 0.090764 0.336288 2 0.105435 0.324050 2 0.098517 0.324492 2 0.107935 0.320521 2 0.092230 0.320544 2 0.111070 0.336344 2 0.090452 0.335575 2
0 0.637649 0.152778 0.019345 0.062169 0.638280 0.117586 2 0.638704 0.116470 2 0.637648 0.116490 2 0.639096 0.117033 1 0.636374 0.116990 2 0.640343 0.123937 2 0.634493 0.124064 2 0.641705 0.131362 2 0.633282 0.132275 2 0.640612 0.138530 2 0.634208 0.139071 2 0.639575 0.142184 2 0.635546 0.142239 2 0.639606 0.154952 2 0.634968 0.154625 2 0.639540 0.166979 2 0.634312 0.166372 2
0 0.192336 0.136905 0.017113 0.046296 0.191340 0.114202 1 0.191358 0.113240 1 0.191702 0.113119 1 0.191606 0.113398 2 0.194184 0.112927 2 0.191134 0.118087 2 0.196364 0.117707 2 0.187400 0.122565 2 0.200077 0.122819 2 0.183564 0.124273 2 0.201798 0.125027 2 0.194236 0.131448 2 0.197280 0.131391 2 0.195013 0.141730 2 0.197564 0.141720 2 0.195894 0.152499 2 0.198719 0.152427 2
0 0.784598 0.185185 0.018601 0.052910 0.784142 0.164418 1 0.784121 0.163329 1 0.784626 0.163488 1 0.783115 0.164427 2 0.786787 0.164586 2 0.782094 0.170904 2 0.787091 0.171244 2 0.781445 0.177062 2 0.788743 0.177555 2 0.783584 0.176667 1 0.788188 0.176487 1 0.782101 0.186423 2 0.785419 0.186559 2 0.782283 0.197568 2 0.784657 0.197948 2 0.781273 0.208639 2 0.783745 0.208804 2
0 0.409226 0.095238 0.011905 0.047619 0.409134 0.076506 2 0.409376 0.075615 1 0.408663 0.075620 2 0.409546 0.076148 1 0.407671 0.076172 2 0.410227 0.081530 2 0.406623 0.081701 2 0.410875 0.087600 2 0.405774 0.087852 2 0.410720 0.092645 2 0.406081 0.092732 2 0.410051 0.093138 2 0.407523 0.093356 2 0.410684 0.101699 2 0.407741 0.102068 2 0.411238 0.110234 2 0.407519 0.110775 2
0 0.848958 0.218915 0.019345 0.083333 0.854498 0.186106 1 0.853857 0.184555 1 0.854503 0.184717 1 0.850890 0.185093 1 0.854710 0.185700 2 0.848935 0.194151 2 0.854833 0.194952 2 0.850293 0.202740 1 0.857299 0.204479 2 0.855661 0.204380 1 0.860134 0.205827 2 0.849315 0.216448 2 0.852793 0.216949 2 0.851085 0.233620 2 0.851293 0.234204 2 0.850085 0.247737 2 0.845457 0.247124 2
0 0.965030 0.228175 0.023810 0.067460 0.955119 0.182316 1 0.955584 0.181217 1 0.954672 0.181271 1 0.956799 0.181460 1 0.954112 0.181718 1 0.957091 0.182285 1 0.953651 0.182056 1 0.957204 0.183427 1 0.951515 0.182714 1 0.955364 0.182481 1 0.951177 0.182968 1 0.955898 0.183734 2 0.953635 0.183475 2 0.954484 0.196993 2 0.953573 0.196981 2 0.953893 0.211698 2 0.952772 0.210653 2
0 0.945312 0.195106 0.020089 0.033069 0.954042 0.173512 1 0.954399 0.172353 1 0.953643 0.172522 1 0.955534 0.171958 1 0.953550 0.171958 1 0.956997 0.172448 1 0.952948 0.172478 1 0.957553 0.173869 1 0.952471 0.174110 1 0.956348 0.173617 1 0.952941 0.175099 1 0.956028 0.178502 2 0.953272 0.178226 2 0.954814 0.195529 2 0.952682 0.194910 2 0.954453 0.212659 2 0.952451 0.211217 2
