0 0.877232 0.663360 0.053571 0.133598 0.881722 0.614817 1 0.882268 0.612174 1 0.883793 0.612312 1 0.883743 0.615312 2 0.893216 0.614838 1 0.876896 0.631777 2 0.899659 0.633785 2 0.865127 0.639556 2 0.898607 0.649262 1 0.858538 0.633859 2 0.889542 0.641533 1 0.876379 0.684530 2 0.891441 0.683550 2 0.854999 0.674226 2 0.873786 0.674477 2 0.866656 0.712776 2 0.880917 0.709118 2
0 0.440104 0.609788 0.026042 0.092593 0.440298 0.576789 2 0.441633 0.574787 2 0.438964 0.574706 2 0.443598 0.575752 2 0.436972 0.575725 2 0.445104 0.586755 2 0.435660 0.587113 2 0.447551 0.599630 2 0.433224 0.600704 2 0.446117 0.612078 2 0.431108 0.616785 2 0.444039 0.612058 2 0.437589 0.612206 2 0.445994 0.627588 2 0.437328 0.627772 2 0.448089 0.642491 2 0.437818 0.642749 2
0 0.431548 0.571429 0.023810 0.153439 0.441238 0.516943 2 0.441234 0.514594 1 0.440117 0.514556 2 0.439398 0.516060 1 0.436163 0.516004 2 0.440497 0.530404 2 0.428461 0.532146 2 0.442794 0.549045 2 0.424686 0.555635 2 0.443734 0.551052 2 0.436193 0.554327 2 0.439562 0.572302 2 0.431276 0.574280 2 0.440056 0.602675 2 0.430910 0.605178 2 0.438895 0.632303 2 0.429277 0.632924 2
0 0.575149 0.554894 0.028274 0.088624 0.574072 0.495527 2 0.575880 0.493386 1 0.572430 0.493386 1 0.578365 0.493386 1 0.570046 0.493386 1 0.581432 0.501183 2 0.566993 0.501529 2 0.586071 0.514018 2 0.563564 0.517887 2 0.589451 0.522087 2 0.562275 0.522278 2 0.578790 0.536648 2 0.568314 0.536417 2 0.585071 0.552757 2 0.560144 0.551370 2 0.584389 0.573249 2 0.565071 0.573523 2
0 0.573661 0.531746 0.037202 0.119048 0.573877 0.488027 2 0.575554 0.484897 2 0.572397 0.484660 2 0.578103 0.486714 2 0.570539 0.486405 2 0.581243 0.500362 2 0.566767 0.500528 2 0.585794 0.515282 2 0.562892 0.517940 2 0.588478 0.522778 2 0.562318 0.522908 2 0.578334 0.535423 2 0.567867 0.535362 2 0.586059 0.551792 2 0.559780 0.550807 2 0.584408 0.575432 2 0.563816 0.572889 2
0 0.409598 0.447751 0.021577 0.104497 0.411208 0.409126 1 0.410788 0.408070 1 0.411271 0.408117 1 0.407764 0.410539 2 0.412421 0.410733 2 0.406087 0.417417 2 0.414373 0.418285 2 0.403846 0.408140 2 0.418692 0.409795 2 0.405889 0.402895 2 0.416238 0.404277 2 0.408189 0.443184 2 0.413394 0.443781 2 0.408810 0.465055 2 0.413029 0.465477 2 0.408629 0.487027 2 0.413263 0.488011 2
0 0.441220 0.423942 0.031250 0.104497 0.439599 0.381981 1 0.438957 0.379975 1 0.439732 0.379931 1 0.434945 0.380734 2 0.440860 0.381009 2 0.432821 0.391412 2 0.441539 0.392402 2 0.431499 0.398945 2 0.446569 0.403117 2 0.435112 0.393222 1 0.453671 0.409480 2 0.434294 0.420261 2 0.440114 0.420682 2 0.433943 0.441324 2 0.440336 0.442777 2 0.431400 0.460345 2 0.439505 0.463781 2
0 0.490327 0.504630 0.034226 0.125661 0.488058 0.450704 2 0.489082 0.447679 2 0.487027 0.448540 2 0.492582 0.446357 2 0.488144 0.448419 1 0.494696 0.457150 2 0.492508 0.456783 2 0.488462 0.469188 2 0.487245 0.463073 2 0.480983 0.476399 2 0.482475 0.464315 2 0.497999 0.491481 2 0.496590 0.490746 2 0.493646 0.513245 2 0.493944 0.510866 2 0.495262 0.533599 2 0.495889 0.529708 2
0 0.215030 0.507275 0.025298 0.096561 0.215010 0.467794 2 0.215305 0.465910 2 0.214384 0.466138 1 0.217443 0.464440 2 0.216739 0.465210 1 0.220227 0.470305 2 0.221629 0.471238 2 0.217837 0.480546 2 0.217084 0.479013 2 0.217082 0.474809 2 0.217183 0.475263 2 0.222313 0.494958 2 0.224361 0.495173 2 0.214138 0.505117 2 0.223355 0.508902 2 0.217846 0.521090 2 0.230179 0.530148 2
0 0.278646 0.414683 0.014137 0.064815 0.279023 0.393815 2 0.279669 0.392620 2 0.278805 0.392719 1 0.281035 0.393126 2 0.279080 0.393251 1 0.281532 0.398937 2 0.279146 0.398418 2 0.281949 0.406182 2 0.278477 0.404768 1 0.281026 0.411999 2 0.277797 0.408701 1 0.281387 0.412145 2 0.279752 0.411802 2 0.281919 0.423090 2 0.279520 0.421530 2 0.283144 0.435660 2 0.280597 0.432399 2
0 0.272693 0.400794 0.018601 0.084656 0.273198 0.365320 2 0.273338 0.363781 2 0.273174 0.363843 1 0.274844 0.363346 2 0.274770 0.363562 1 0.278754 0.370285 2 0.275988 0.369603 2 0.277614 0.379572 2 0.274726 0.376831 2 0.272687 0.378190 2 0.272239 0.377341 2 0.280574 0.390750 2 0.278380 0.390021 2 0.280569 0.409475 2 0.277570 0.408229 2 0.282064 0.426710 2 0.278939 0.427030 2
0 0.408110 0.283730 0.020089 0.041005 0.412273 0.266053 2 0.412805 0.265106 2 0.412035 0.265098 2 0.413748 0.265632 2 0.412164 0.265353 1 0.414217 0.271482 2 0.412166 0.270627 2 0.414361 0.279083 2 0.410617 0.277093 2 0.412765 0.280482 2 0.409228 0.280972 2 0.413113 0.284087 2 0.411991 0.283148 2 0.407145 0.284441 2 0.407228 0.283976 2 0.404505 0.294854 2 0.405191 0.294380 2
0 0.532738 0.318783 0.020833 0.084656 0.531743 0.287879 2 0.532328 0.286152 2 0.530682 0.286574 2 0.533165 0.286346 2 0.529045 0.287292 2 0.535903 0.294801 2 0.527178 0.296030 2 0.538283 0.305225 2 0.524906 0.308071 2 0.538627 0.315770 2 0.524796 0.319908 2 0.535301 0.320112 2 0.529443 0.320477 2 0.535540 0.336528 2 0.529178 0.336847 2 0.535171 0.350718 2 0.529485 0.351427 2
0 0.343006 0.292328 0.016369 0.050265 0.341886 0.276448 2 0.342401 0.275308 2 0.341287 0.275542 2 0.343439 0.275535 2 0.340688 0.276012 2 0.344479 0.281113 2 0.340742 0.281311 2 0.346186 0.287230 2 0.340313 0.289062 2 0.348063 0.285613 2 0.340561 0.296959 2 0.344699 0.294349 2 0.342155 0.294429 2 0.345219 0.303614 2 0.341943 0.304017 2 0.345641 0.312885 2 0.341275 0.313153 2
0 0.385045 0.275132 0.009673 0.044974 0.387651 0.263394 2 0.387766 0.262535 1 0.387230 0.262552 2 0.387438 0.262741 1 0.386168 0.262765 2 0.387327 0.267206 2 0.385503 0.267235 2 0.388078 0.272961 2 0.385069 0.273045 2 0.388625 0.277829 2 0.385843 0.279036 2 0.387662 0.278278 2 0.386573 0.278563 2 0.387819 0.285505 2 0.387309 0.286006 2 0.387492 0.293268 2 0.387116 0.293580 2
