0 0.274182 0.452712 0.008929 0.025794 0.272939 0.449464 1 0.272956 0.449073 1 0.273014 0.449063 1 0.272786 0.449247 2 0.273724 0.449131 2 0.272601 0.451315 2 0.274414 0.451204 2 0.272229 0.453940 2 0.275230 0.453875 2 0.272023 0.455703 2 0.275131 0.456427 2 0.273126 0.456581 2 0.274335 0.456546 2 0.272969 0.460440 2 0.274153 0.460451 2 0.273227 0.464210 2 0.274360 0.464454 2
0 0.844308 0.524802 0.008557 0.028439 0.842227 0.516154 1 0.842252 0.515647 1 0.842398 0.515672 1 0.842070 0.515943 2 0.843478 0.515906 2 0.841661 0.518838 2 0.844425 0.518921 2 0.840861 0.522482 2 0.844803 0.522913 2 0.840188 0.523950 2 0.844153 0.525816 1 0.841784 0.526643 2 0.843634 0.526611 2 0.841180 0.531298 2 0.842832 0.531516 2 0.841621 0.536182 2 0.842636 0.536818 2
0 0.853981 0.535384 0.007812 0.024471 0.852899 0.527954 1 0.852923 0.527417 1 0.853063 0.527546 1 0.852522 0.527567 2 0.853842 0.527814 2 0.851674 0.530157 2 0.854262 0.530797 2 0.850345 0.533118 2 0.854698 0.534552 2 0.849542 0.533471 2 0.854656 0.537247 2 0.851553 0.538149 2 0.853292 0.538421 2 0.850220 0.540838 2 0.852587 0.541579 2 0.850669 0.543674 2 0.852923 0.544330 2
0 0.731957 0.370701 0.006324 0.020503 0.731771 0.362248 1 0.731719 0.361947 1 0.731762 0.361949 1 0.731258 0.362052 2 0.731956 0.362078 2 0.730922 0.363670 2 0.732217 0.363685 2 0.730449 0.365177 2 0.733117 0.365177 2 0.731046 0.365736 2 0.732416 0.365513 2 0.731209 0.367788 2 0.731993 0.367793 2 0.731382 0.371286 2 0.731611 0.371167 2 0.731325 0.374748 2 0.731493 0.374375 2
0 0.739397 0.375000 0.004092 0.018519 0.739633 0.373645 1 0.739550 0.373328 1 0.739604 0.373320 1 0.739100 0.373375 1 0.739463 0.373395 2 0.739051 0.374951 2 0.739195 0.375002 2 0.739465 0.377043 1 0.739389 0.377178 2 0.740178 0.377460 1 0.740181 0.377382 2 0.739053 0.379078 2 0.739159 0.379123 2 0.738987 0.382033 2 0.738997 0.382070 2 0.738591 0.384845 2 0.738632 0.384938 2
0 0.743490 0.348545 0.006324 0.017196 0.743408 0.342953 2 0.743559 0.342598 1 0.743223 0.342580 2 0.743720 0.342824 1 0.742872 0.342787 2 0.743724 0.344887 2 0.742406 0.344809 2 0.743888 0.346955 2 0.741889 0.346880 2 0.743632 0.347140 1 0.742572 0.347380 2 0.743341 0.348722 2 0.742498 0.348754 2 0.743252 0.351411 2 0.742601 0.351584 2 0.743192 0.354436 2 0.742611 0.354358 2
0 0.599516 0.693783 0.008557 0.022487 0.600313 0.687496 2 0.600597 0.686943 2 0.600011 0.686968 2 0.601119 0.687262 2 0.599622 0.687309 2 0.602115 0.690535 2 0.598988 0.690310 2 0.602861 0.694761 2 0.598290 0.693862 2 0.602831 0.698364 2 0.598180 0.697325 2 0.601694 0.698049 2 0.599447 0.697899 2 0.602152 0.703153 2 0.598277 0.702915 2 0.602387 0.708655 2 0.598227 0.708307 2
0 0.627790 0.728505 0.007812 0.032407 0.628063 0.720520 1 0.627984 0.719959 1 0.628196 0.720123 1 0.627076 0.720230 2 0.628816 0.720621 2 0.626095 0.722974 2 0.629269 0.723543 2 0.625442 0.727399 2 0.630427 0.725703 2 0.625202 0.731899 1 0.630045 0.723318 2 0.626172 0.732300 2 0.628257 0.732722 2 0.626160 0.737219 2 0.628052 0.738786 2 0.626329 0.742164 2 0.627739 0.743784 2
0 0.538132 0.490741 0.007068 0.026455 0.537090 0.484268 2 0.537337 0.483883 2 0.536942 0.483797 2 0.537705 0.484052 2 0.536762 0.483887 2 0.538069 0.486261 2 0.536288 0.486236 2 0.539192 0.487806 2 0.535782 0.488159 2 0.538338 0.489676 2 0.535821 0.489948 2 0.537435 0.492082 2 0.536224 0.491984 2 0.537359 0.496349 2 0.535758 0.496180 2 0.537549 0.500606 2 0.535479 0.500109 2
0 0.542411 0.502315 0.007440 0.025794 0.542996 0.496278 1 0.543144 0.495795 1 0.542878 0.495833 1 0.543287 0.496005 1 0.542908 0.496044 2 0.543605 0.498359 2 0.542489 0.498087 2 0.543882 0.501309 2 0.541079 0.500312 2 0.544228 0.504116 2 0.541193 0.501570 2 0.543278 0.504763 2 0.542579 0.504647 2 0.543521 0.509345 2 0.542019 0.509236 2 0.543100 0.513949 2 0.542040 0.513768 2
