0 0.626116 0.383598 0.049851 0.126984 0.617105 0.331230 1 0.617127 0.328821 1 0.618507 0.328642 1 0.618156 0.330486 2 0.625867 0.329418 2 0.617766 0.345987 2 0.629853 0.342810 2 0.611789 0.358549 2 0.638419 0.353657 2 0.606888 0.364800 2 0.648235 0.361772 2 0.623857 0.384666 2 0.630750 0.382946 2 0.624361 0.411859 2 0.628887 0.408202 2 0.627656 0.440357 2 0.631984 0.434277 2
0 0.663318 0.182540 0.020089 0.071429 0.667888 0.154690 1 0.667785 0.153245 1 0.668014 0.153522 1 0.666043 0.153756 2 0.669500 0.154408 2 0.663798 0.160957 2 0.670676 0.162178 2 0.661199 0.170476 2 0.672182 0.172080 2 0.660495 0.177557 2 0.670913 0.180358 2 0.663042 0.179428 2 0.667973 0.179809 2 0.660322 0.193464 2 0.666910 0.195301 2 0.657812 0.208535 2 0.665671 0.210328 2
0 0.706473 0.443783 0.033482 0.160053 0.694460 0.385638 1 0.694810 0.382807 1 0.695433 0.382462 1 0.695905 0.384513 2 0.701620 0.383014 1 0.698551 0.400552 2 0.706096 0.398576 2 0.704648 0.420289 2 0.709417 0.417492 1 0.699966 0.435271 2 0.703052 0.429683 1 0.706443 0.443615 2 0.711989 0.442609 2 0.705766 0.479770 2 0.710701 0.477316 2 0.715172 0.511837 2 0.719055 0.507745 2
0 0.525298 0.398148 0.032738 0.121693 0.534063 0.349607 1 0.533645 0.347077 1 0.534212 0.347822 1 0.529001 0.348585 2 0.536024 0.350446 2 0.525247 0.362010 2 0.535560 0.365632 2 0.521145 0.374324 2 0.535679 0.386608 2 0.524158 0.386185 1 0.537438 0.400436 2 0.522258 0.395248 2 0.530172 0.396346 2 0.522524 0.418251 2 0.536439 0.415325 2 0.516083 0.439872 2 0.536203 0.435536 2
0 0.409598 0.417989 0.029018 0.150794 0.422303 0.365815 1 0.421297 0.363066 1 0.421726 0.363030 2 0.414337 0.364631 1 0.418922 0.365347 2 0.408762 0.379208 2 0.417279 0.382385 2 0.403446 0.393404 2 0.417132 0.402338 2 0.408557 0.399348 2 0.422961 0.408521 2 0.409346 0.420470 2 0.415801 0.422263 2 0.409305 0.451908 2 0.419830 0.453489 2 0.404986 0.479380 2 0.420487 0.484082 2
0 0.473958 0.499339 0.032738 0.165344 0.468644 0.435479 1 0.468321 0.432406 1 0.469098 0.432204 1 0.465000 0.434433 2 0.473525 0.433558 2 0.462482 0.454763 2 0.477348 0.452110 2 0.461801 0.479065 2 0.480720 0.476069 2 0.462565 0.495573 2 0.485222 0.494430 2 0.467262 0.497717 2 0.477962 0.496396 2 0.467736 0.531737 2 0.480894 0.526785 2 0.468717 0.563677 2 0.481951 0.557333 2
0 0.328125 0.429233 0.025298 0.133598 0.333757 0.379687 2 0.334309 0.377145 1 0.332830 0.376734 2 0.333082 0.376178 1 0.329039 0.375076 2 0.331644 0.384121 2 0.324742 0.385880 2 0.334506 0.401941 2 0.328356 0.400950 2 0.339011 0.417438 2 0.332482 0.389435 2 0.331697 0.417187 2 0.326922 0.419496 2 0.334915 0.446741 2 0.330899 0.450849 2 0.331230 0.472704 2 0.329776 0.478124 2
0 0.610491 0.337963 0.029018 0.104497 0.616976 0.330639 1 0.616965 0.328045 1 0.618553 0.327894 1 0.618147 0.329375 2 0.626053 0.328192 1 0.618930 0.342988 2 0.629562 0.340782 2 0.612372 0.354074 2 0.622894 0.352445 1 0.607989 0.366546 2 0.611925 0.362747 1 0.623738 0.382314 2 0.630208 0.380795 2 0.624634 0.409168 2 0.627770 0.405104 1 0.627185 0.409371 1 0.628400 0.407720 1
0 0.356027 0.384921 0.024554 0.140212 0.360803 0.339534 2 0.360762 0.336907 1 0.359687 0.336742 2 0.357724 0.338443 1 0.355927 0.338149 2 0.354398 0.350476 2 0.354740 0.352519 2 0.358518 0.362424 2 0.355916 0.368856 2 0.364129 0.359444 2 0.361668 0.363623 2 0.353422 0.385064 2 0.354197 0.386462 2 0.353439 0.415709 2 0.356829 0.417963 2 0.350648 0.443422 2 0.354225 0.448105 2
0 0.308780 0.464286 0.038690 0.164021 0.314355 0.402902 2 0.313049 0.400350 1 0.313253 0.401050 2 0.308539 0.402228 1 0.309903 0.404854 2 0.307568 0.417721 2 0.305727 0.422254 2 0.306520 0.438732 1 0.306361 0.446982 2 0.311879 0.451554 1 0.311850 0.463824 2 0.305477 0.462752 2 0.302441 0.465548 2 0.312765 0.490600 2 0.299170 0.497797 2 0.314128 0.524215 2 0.295053 0.531543 2
0 0.133929 0.370370 0.037202 0.126984 0.129780 0.327057 2 0.130961 0.324676 2 0.128620 0.324883 2 0.133171 0.322462 2 0.126893 0.323170 2 0.137422 0.331423 2 0.124590 0.333672 2 0.143761 0.343684 2 0.122079 0.349861 2 0.139155 0.350556 2 0.124721 0.367686 2 0.138829 0.366566 2 0.130146 0.367911 2 0.142348 0.391785 2 0.132009 0.394479 2 0.146905 0.417612 2 0.133322 0.420753 2
0 0.272321 0.335317 0.022321 0.109788 0.270926 0.291568 2 0.272649 0.290367 2 0.271289 0.289422 2 0.275423 0.293394 2 0.271847 0.291036 1 0.275062 0.305501 2 0.268705 0.302624 2 0.269776 0.313452 2 0.263239 0.311947 2 0.267831 0.302635 2 0.263806 0.315559 2 0.274294 0.336441 2 0.268521 0.335391 2 0.276621 0.359905 2 0.264821 0.358072 2 0.282607 0.380495 2 0.264550 0.380656 2
0 0.546131 0.201058 0.020833 0.092593 0.549725 0.172557 1 0.549813 0.170714 1 0.549836 0.171175 1 0.547850 0.171650 2 0.551643 0.172683 2 0.545099 0.180989 2 0.552111 0.183329 2 0.541322 0.191827 2 0.553984 0.195689 2 0.539402 0.203676 2 0.554690 0.206155 2 0.543945 0.203625 2 0.549270 0.204696 2 0.540360 0.220023 2 0.550777 0.222266 2 0.538144 0.235673 2 0.553130 0.236866 2
0 0.945312 0.302910 0.036458 0.121693 0.949241 0.257556 1 0.948964 0.255158 1 0.949793 0.255731 1 0.945537 0.256152 2 0.952308 0.257216 2 0.940956 0.268759 2 0.954534 0.270676 2 0.934691 0.285226 2 0.958988 0.285683 2 0.928267 0.300114 2 0.960994 0.290058 2 0.940201 0.304799 2 0.948597 0.305621 2 0.937704 0.329055 2 0.945173 0.331416 2 0.935730 0.353461 2 0.941023 0.355442 2
0 0.790179 0.275794 0.025298 0.101852 0.791182 0.240463 2 0.791372 0.238428 2 0.790286 0.238140 2 0.790380 0.239192 1 0.787413 0.238404 2 0.789187 0.248962 2 0.782969 0.247598 2 0.789181 0.263461 2 0.780400 0.261483 2 0.791990 0.271723 2 0.786472 0.271316 2 0.787578 0.270758 2 0.782992 0.271779 2 0.799950 0.278505 2 0.791299 0.280379 2 0.796337 0.301164 2 0.790521 0.302930 2
0 0.808408 0.269841 0.024554 0.092593 0.810088 0.240328 2 0.810041 0.238303 2 0.809272 0.238289 2 0.808677 0.238520 1 0.806345 0.238805 2 0.808278 0.244667 2 0.802178 0.248672 2 0.810714 0.258977 2 0.806238 0.261898 2 0.813580 0.266657 2 0.812043 0.270905 2 0.808809 0.266094 2 0.804450 0.270703 2 0.818526 0.267273 2 0.811813 0.282487 2 0.813386 0.281892 2 0.814682 0.301461 2
0 0.847470 0.877646 0.059524 0.226190 0.862224 0.807906 2 0.865461 0.803688 2 0.859575 0.802523 2 0.868989 0.805611 2 0.854026 0.802035 2 0.869531 0.832024 2 0.846718 0.824879 2 0.866189 0.865469 2 0.840993 0.852192 2 0.863390 0.888255 2 0.845779 0.876974 2 0.860495 0.890370 2 0.844468 0.886540 2 0.855756 0.931895 2 0.836853 0.924915 2 0.849616 0.971629 2 0.828415 0.966213 2
0 0.538318 0.325397 0.026042 0.108466 0.536634 0.348577 1 0.535442 0.346173 1 0.536693 0.346671 1 0.528913 0.347519 2 0.536244 0.349520 2 0.524207 0.361675 2 0.535519 0.365976 2 0.521239 0.381084 1 0.536496 0.389531 2 0.524471 0.393389 1 0.536738 0.399884 1 0.521242 0.395584 1 0.529074 0.397960 2 0.525773 0.393827 1 0.534533 0.395920 1 0.522459 0.399884 1 0.531039 0.399884 1
0 0.520461 0.297619 0.026042 0.089947 0.515488 0.272545 2 0.516399 0.270634 2 0.514489 0.271018 2 0.518048 0.269545 2 0.513170 0.270290 2 0.520453 0.277203 2 0.511463 0.277037 2 0.522287 0.288776 2 0.509189 0.286775 2 0.519959 0.296331 2 0.512355 0.294518 2 0.519713 0.301331 2 0.513772 0.301234 2 0.519390 0.320013 2 0.514204 0.319473 2 0.519355 0.338221 2 0.513795 0.336889 2
0 0.486607 0.157407 0.017857 0.063492 0.487967 0.137253 2 0.488275 0.136103 2 0.487236 0.136300 2 0.488701 0.136861 1 0.486024 0.137155 2 0.489176 0.144471 2 0.485202 0.143230 2 0.491042 0.151015 2 0.484277 0.145740 2 0.490803 0.150214 2 0.486490 0.142343 2 0.487390 0.161794 2 0.483894 0.161265 2 0.489508 0.172344 2 0.481438 0.172589 2 0.488498 0.182125 2 0.475891 0.181141 2
0 0.095238 0.314153 0.017857 0.067460 0.094515 0.294618 2 0.094835 0.292792 2 0.093310 0.293679 2 0.095272 0.292820 1 0.091469 0.294958 2 0.096271 0.299688 2 0.091508 0.302143 2 0.098456 0.306326 2 0.091987 0.310109 2 0.099099 0.306251 2 0.095996 0.309055 2 0.096872 0.315262 2 0.093852 0.316424 2 0.097270 0.325736 2 0.095444 0.326941 2 0.097998 0.337194 2 0.096345 0.337107 2
0 0.640625 0.141534 0.013393 0.071429 0.643244 0.119040 2 0.643133 0.117822 1 0.642633 0.117961 2 0.642438 0.118737 1 0.641237 0.118988 2 0.643271 0.126399 2 0.640051 0.126165 2 0.645672 0.132747 2 0.640839 0.132149 2 0.644300 0.130828 2 0.642257 0.128506 2 0.642172 0.143696 2 0.639552 0.143350 2 0.642889 0.157336 2 0.639365 0.156476 2 0.639080 0.167024 2 0.633578 0.164637 2
0 0.182292 0.160053 0.016369 0.034392 0.184597 0.164794 2 0.185071 0.162201 2 0.183113 0.162694 2 0.185797 0.162883 1 0.180839 0.164315 2 0.189299 0.176629 2 0.179073 0.177766 2 0.190762 0.181077 1 0.178307 0.182113 1 0.187873 0.175632 1 0.182981 0.176291 1 0.188088 0.183366 1 0.181322 0.183366 1 0.187131 0.178145 1 0.179882 0.178493 1 0.184487 0.176044 1 0.182582 0.175832 1
0 0.160342 0.130291 0.015625 0.046296 0.162220 0.118484 2 0.162394 0.117422 1 0.161735 0.117392 2 0.162041 0.117658 1 0.160323 0.117493 2 0.161745 0.123478 2 0.158830 0.123119 2 0.162161 0.130153 2 0.157262 0.129476 2 0.162699 0.136457 2 0.158643 0.135555 2 0.161069 0.136898 2 0.159193 0.136929 2 0.160682 0.145824 2 0.159203 0.145963 2 0.158595 0.152364 2 0.157016 0.152468 2
0 0.803943 0.217593 0.017113 0.062169 0.809663 0.239588 2 0.809779 0.238212 2 0.808911 0.238087 2 0.808950 0.238245 1 0.805845 0.238007 2 0.808916 0.246333 2 0.801271 0.246974 2 0.810747 0.256399 2 0.800544 0.258676 2 0.813052 0.260458 1 0.804963 0.259487 1 0.807546 0.260458 1 0.802397 0.260458 1 0.810250 0.253122 1 0.805837 0.255155 1 0.809621 0.260130 1 0.805252 0.260458 1
0 0.441220 0.109127 0.013393 0.051587 0.437510 0.101740 2 0.437869 0.100894 2 0.437552 0.100734 1 0.438968 0.101610 2 0.438600 0.101268 1 0.440082 0.107175 2 0.437166 0.106484 2 0.440886 0.114640 2 0.436638 0.112908 2 0.438897 0.119385 2 0.436398 0.117545 2 0.439104 0.119261 2 0.437494 0.119019 2 0.437355 0.128156 2 0.438168 0.128763 2 0.436718 0.138043 2 0.440780 0.136410 2
0 0.397693 0.096561 0.012649 0.052910 0.395682 0.077123 2 0.396143 0.076025 2 0.395019 0.076338 2 0.397049 0.076482 2 0.394282 0.077233 2 0.398389 0.082029 2 0.394048 0.082771 2 0.399814 0.087886 2 0.393518 0.088657 2 0.399854 0.093560 2 0.393703 0.094006 2 0.398531 0.093538 2 0.395667 0.093912 2 0.399055 0.101610 2 0.396398 0.102070 2 0.399842 0.110373 2 0.396751 0.110472 2
0 0.134301 0.104497 0.014137 0.050265 0.132035 0.094776 2 0.132846 0.093250 2 0.131626 0.093406 2 0.134925 0.094218 2 0.132015 0.094462 1 0.135811 0.103516 2 0.134256 0.103054 2 0.136249 0.114828 2 0.135204 0.113454 1 0.136687 0.115868 2 0.136442 0.114689 1 0.136058 0.118753 2 0.135172 0.118263 2 0.136123 0.115475 1 0.136173 0.114322 1 0.138485 0.122375 1 0.137747 0.122775 1
0 0.789435 0.160714 0.014881 0.048942 0.789345 0.146946 1 0.789462 0.145930 1 0.789792 0.146090 1 0.789186 0.146665 2 0.791722 0.146795 1 0.788324 0.152563 2 0.792217 0.152429 2 0.787155 0.158734 2 0.792426 0.157201 2 0.786699 0.157001 2 0.790677 0.155543 1 0.787957 0.165175 2 0.790578 0.165118 2 0.786647 0.172825 2 0.789226 0.173714 2 0.787097 0.179455 2 0.789311 0.180049 2
0 0.231771 0.120370 0.015625 0.026455 0.226361 0.121435 2 0.226493 0.120918 2 0.226314 0.120969 1 0.227164 0.120836 2 0.226855 0.120815 1 0.228743 0.122542 2 0.227374 0.122363 2 0.228816 0.127162 2 0.226965 0.126543 2 0.227515 0.130034 2 0.226744 0.128295 2 0.231330 0.127369 2 0.230238 0.127143 2 0.229694 0.129087 2 0.227477 0.128419 2 0.230723 0.132724 2 0.228572 0.132226 2
0 0.723586 0.146164 0.012649 0.048942 0.725837 0.128542 1 0.725549 0.127531 1 0.725639 0.127621 1 0.724051 0.128035 1 0.724954 0.128402 2 0.723590 0.133798 2 0.724134 0.134337 2 0.724328 0.141018 1 0.723004 0.141790 2 0.725195 0.147073 1 0.723044 0.147952 2 0.723460 0.147804 2 0.724161 0.148139 2 0.723305 0.157096 2 0.724651 0.157552 2 0.721815 0.165906 2 0.723855 0.166362 2
0 0.437128 0.122354 0.014137 0.062169 0.437098 0.101588 2 0.437475 0.100627 2 0.437075 0.100529 1 0.438749 0.101236 2 0.438181 0.101045 1 0.439841 0.106816 2 0.437093 0.106453 2 0.440666 0.114143 2 0.436637 0.113521 2 0.438477 0.119329 2 0.436527 0.118602 2 0.439232 0.119456 2 0.437725 0.119322 2 0.437818 0.128867 2 0.438298 0.129479 2 0.437216 0.138817 2 0.440614 0.136989 2
0 0.571057 0.278439 0.014137 0.056878 0.566746 0.239418 1 0.567108 0.239418 1 0.566238 0.239418 1 0.567484 0.239418 1 0.565112 0.239418 1 0.567492 0.239835 1 0.564181 0.239575 1 0.566653 0.243504 1 0.563352 0.242785 2 0.564475 0.251402 2 0.563691 0.252138 2 0.566197 0.252020 2 0.563938 0.251989 2 0.566206 0.267802 2 0.564917 0.268111 2 0.565499 0.283799 2 0.564897 0.284235 2
0 0.562872 0.094577 0.011161 0.038360 0.561991 0.082244 1 0.562117 0.081557 1 0.562339 0.081612 1 0.562328 0.082205 2 0.564096 0.082173 2 0.561582 0.086145 2 0.564867 0.086387 2 0.560704 0.090524 2 0.565193 0.091212 2 0.560693 0.092519 1 0.564754 0.093816 1 0.561902 0.096285 2 0.564129 0.096432 2 0.561919 0.104099 2 0.563798 0.104863 2 0.562795 0.112553 2 0.564276 0.113284 2
0 0.487351 0.220238 0.017857 0.078042 0.489090 0.185895 2 0.489549 0.184214 2 0.488177 0.184308 2 0.489768 0.185447 1 0.486679 0.185577 2 0.490509 0.193830 2 0.484888 0.194356 2 0.491123 0.203941 2 0.483645 0.206361 2 0.492249 0.204669 2 0.487905 0.207489 2 0.490224 0.216332 2 0.486328 0.216814 2 0.491651 0.234970 2 0.487031 0.235488 2 0.488920 0.252434 2 0.486251 0.253063 2
0 0.739955 0.133598 0.017113 0.052910 0.743929 0.113182 2 0.744694 0.112275 2 0.743461 0.112189 2 0.745957 0.113530 2 0.742723 0.113356 2 0.746383 0.120687 2 0.741149 0.119562 2 0.746590 0.129328 2 0.738387 0.124977 2 0.744465 0.132012 2 0.738930 0.129381 2 0.744579 0.134925 2 0.741003 0.134546 2 0.744543 0.144491 2 0.739920 0.145495 2 0.746447 0.157085 2 0.741081 0.157811 2
0 0.955729 0.174603 0.020089 0.063492 0.953040 0.156178 2 0.953488 0.154489 2 0.952802 0.154935 1 0.955678 0.153795 2 0.954704 0.154669 1 0.955918 0.160951 2 0.958096 0.160623 2 0.953665 0.174429 2 0.956762 0.172267 1 0.951560 0.183118 2 0.952777 0.181277 1 0.954429 0.180339 2 0.956067 0.179530 2 0.951566 0.192181 2 0.952958 0.191752 2 0.951843 0.207015 2 0.952091 0.205881 2
0 0.904762 0.185185 0.020833 0.044974 0.903494 0.174738 2 0.904207 0.173381 2 0.903294 0.173457 1 0.905892 0.173991 2 0.903634 0.174018 1 0.907959 0.179607 2 0.902541 0.179011 2 0.907170 0.188623 2 0.900554 0.186476 2 0.902048 0.192934 2 0.900216 0.191466 2 0.906807 0.192339 2 0.902907 0.191421 2 0.905383 0.191403 2 0.898203 0.190514 2 0.901169 0.196969 2 0.898430 0.196541 2
0 0.940848 0.193783 0.018601 0.035714 0.940549 0.181158 2 0.941263 0.179679 2 0.940234 0.179812 2 0.942687 0.179802 2 0.940195 0.180006 1 0.944611 0.185584 2 0.939499 0.184783 2 0.944722 0.195354 2 0.936414 0.191589 2 0.939558 0.197272 2 0.935082 0.194376 2 0.943178 0.199214 2 0.939885 0.198067 2 0.939217 0.198727 2 0.933918 0.198098 2 0.937377 0.203621 2 0.936939 0.203405 2
