0 0.620164 0.801587 0.034970 0.177249 0.619117 0.733815 2 0.620590 0.730430 2 0.617218 0.729839 2 0.620155 0.731103 1 0.612720 0.729524 2 0.615398 0.745468 2 0.613318 0.747823 2 0.621038 0.763335 1 0.622455 0.767369 2 0.627966 0.764344 1 0.630661 0.765078 2 0.616735 0.793958 2 0.615286 0.796345 2 0.618063 0.830015 2 0.617982 0.837358 2 0.616291 0.863458 2 0.615850 0.875292 2
0 0.654018 0.742725 0.034226 0.162698 0.656526 0.679207 2 0.658460 0.676375 2 0.654977 0.675987 2 0.661448 0.678288 2 0.652651 0.677198 2 0.663766 0.697195 2 0.647750 0.694142 2 0.667035 0.718279 2 0.641918 0.715059 2 0.667420 0.740860 2 0.641327 0.736900 2 0.659134 0.742817 2 0.648224 0.740874 2 0.658826 0.776046 2 0.643175 0.771265 2 0.656608 0.806487 2 0.640825 0.797324 2
0 0.603795 0.716270 0.043899 0.101852 0.619472 0.733479 2 0.620940 0.730022 2 0.617263 0.729958 2 0.621738 0.729499 1 0.612674 0.729498 2 0.616904 0.743270 2 0.612598 0.746653 2 0.622139 0.759159 2 0.622297 0.767140 2 0.628065 0.761463 2 0.630961 0.766246 2 0.619937 0.782033 2 0.616537 0.785701 2 0.630531 0.776225 1 0.628441 0.783495 1 0.627952 0.783417 1 0.623535 0.786943 1
0 0.384673 0.455026 0.013393 0.058201 0.385485 0.437906 2 0.386128 0.436764 2 0.384861 0.436781 2 0.387132 0.437594 2 0.383972 0.437753 2 0.387489 0.444123 2 0.382570 0.444367 2 0.388011 0.450545 2 0.379503 0.451364 2 0.385750 0.452822 2 0.380196 0.458827 2 0.386863 0.458545 2 0.383362 0.458925 2 0.388564 0.468375 2 0.382078 0.469802 2 0.389819 0.480115 2 0.382061 0.480540 2
0 0.569568 0.586640 0.029018 0.107143 0.570404 0.549709 2 0.571173 0.547435 2 0.569246 0.547638 2 0.572143 0.547032 2 0.566904 0.547608 2 0.572561 0.555166 2 0.564397 0.557791 2 0.576675 0.565055 2 0.562913 0.568174 2 0.581781 0.571960 2 0.568208 0.575675 2 0.571557 0.584340 2 0.565346 0.586953 2 0.577298 0.601659 2 0.562892 0.610915 2 0.576873 0.619861 2 0.559996 0.631114 2
0 0.563244 0.581349 0.029762 0.104497 0.570466 0.549973 2 0.571435 0.547795 2 0.569377 0.547799 2 0.572562 0.547412 2 0.567167 0.547543 2 0.572568 0.556190 2 0.564483 0.557768 2 0.577183 0.566183 2 0.563204 0.567988 2 0.581215 0.572393 2 0.568535 0.574582 2 0.571181 0.585199 2 0.564948 0.587040 2 0.577135 0.604069 2 0.562532 0.610426 2 0.578298 0.625839 2 0.559428 0.632874 2
0 0.484375 0.560847 0.022321 0.097884 0.487888 0.526716 1 0.487410 0.524832 1 0.488218 0.524997 1 0.483854 0.526553 2 0.489703 0.526925 2 0.481245 0.537986 2 0.490659 0.538444 2 0.478287 0.550684 2 0.493580 0.552004 2 0.477342 0.561984 2 0.495855 0.560089 2 0.483297 0.561972 2 0.489569 0.562261 2 0.483519 0.582328 2 0.489908 0.581192 2 0.483043 0.602868 2 0.489806 0.600594 2
0 0.513393 0.598545 0.026786 0.112434 0.513655 0.554365 1 0.512582 0.552567 1 0.513367 0.552484 1 0.507434 0.554256 2 0.513145 0.554350 2 0.504178 0.567774 2 0.516512 0.566392 2 0.502525 0.583713 2 0.520131 0.581846 2 0.501205 0.594535 2 0.520922 0.595190 2 0.507164 0.598715 2 0.515507 0.597992 2 0.508273 0.620788 2 0.515798 0.617395 2 0.509724 0.642572 2 0.514565 0.638318 2
0 0.514137 0.551587 0.022321 0.095238 0.512923 0.553896 1 0.512045 0.552305 1 0.512919 0.552137 1 0.507798 0.554123 2 0.513395 0.554061 2 0.504874 0.567271 2 0.516613 0.566311 2 0.502605 0.583660 2 0.520475 0.581412 2 0.502791 0.593600 2 0.521111 0.595700 2 0.507537 0.598403 2 0.515322 0.597926 2 0.507875 0.616007 2 0.515547 0.615436 2 0.509245 0.616255 1 0.514522 0.617007 1
0 0.538318 0.537698 0.014137 0.075397 0.539380 0.510705 1 0.539135 0.509531 1 0.539643 0.509486 1 0.537214 0.510649 2 0.541253 0.510402 2 0.536119 0.518414 2 0.543282 0.517896 2 0.534801 0.528504 2 0.545189 0.526787 2 0.534654 0.538473 2 0.544666 0.536149 2 0.537315 0.538200 2 0.542007 0.538007 2 0.537620 0.551165 2 0.540898 0.551319 2 0.538485 0.562875 2 0.540299 0.564849 2
0 0.501860 0.550265 0.015625 0.087302 0.512289 0.555045 1 0.511690 0.553256 1 0.512391 0.553122 1 0.507847 0.554894 2 0.512567 0.554741 2 0.504556 0.567837 2 0.512649 0.566985 2 0.502255 0.583023 2 0.512649 0.581155 1 0.501321 0.592474 2 0.512502 0.591372 1 0.506308 0.598972 2 0.512649 0.598870 2 0.506170 0.611090 2 0.512649 0.611043 1 0.506071 0.611090 1 0.511356 0.611090 1
0 0.483259 0.521825 0.017113 0.083333 0.487765 0.525809 1 0.487342 0.524187 1 0.488303 0.524302 1 0.484040 0.526033 2 0.489767 0.526304 2 0.481459 0.537059 2 0.490587 0.537588 2 0.478395 0.550062 2 0.492882 0.550448 2 0.477350 0.561773 2 0.494473 0.557909 2 0.483252 0.560153 2 0.489048 0.560573 2 0.484277 0.577239 2 0.489179 0.576755 2 0.485192 0.578916 1 0.488699 0.578611 1
0 0.484003 0.421958 0.012649 0.050265 0.486267 0.405756 2 0.486608 0.404928 2 0.485797 0.404976 2 0.486944 0.405277 1 0.484830 0.405297 2 0.487507 0.410177 2 0.483752 0.409969 2 0.488027 0.416400 2 0.482947 0.415843 2 0.485679 0.416983 2 0.485207 0.416840 2 0.486858 0.422850 2 0.484202 0.422745 2 0.486655 0.433075 2 0.483966 0.433040 2 0.487170 0.442446 2 0.483380 0.442357 2
0 0.725818 0.853836 0.052827 0.189153 0.734479 0.784962 2 0.736880 0.779939 2 0.732906 0.780588 2 0.741908 0.780795 2 0.732643 0.781312 1 0.745124 0.807013 2 0.736826 0.799038 2 0.746259 0.832871 2 0.741225 0.826228 1 0.745882 0.839025 2 0.740295 0.839231 1 0.739468 0.857728 2 0.731936 0.849828 2 0.739953 0.895974 2 0.718836 0.868468 2 0.740024 0.935489 2 0.714622 0.896947 2
