0 0.957217 0.295635 0.026042 0.096561 0.966543 0.254990 1 0.965683 0.252524 1 0.966378 0.253036 1 0.960483 0.251513 1 0.965004 0.253647 2 0.955651 0.259546 2 0.962761 0.264544 2 0.950610 0.271968 2 0.961107 0.281716 2 0.953275 0.280412 2 0.962537 0.291590 2 0.952618 0.287190 2 0.957614 0.289474 2 0.949007 0.309096 2 0.954731 0.314625 2 0.945527 0.329693 2 0.952469 0.335556 2
0 0.349702 0.157407 0.016369 0.068783 0.352456 0.135184 2 0.352865 0.133909 1 0.351760 0.133925 2 0.353161 0.134586 1 0.350452 0.134562 2 0.354253 0.141699 2 0.348747 0.142004 2 0.356708 0.147378 2 0.346795 0.150454 2 0.357195 0.150087 2 0.347770 0.157700 2 0.354148 0.159938 2 0.350516 0.160123 2 0.354602 0.173660 2 0.350721 0.173515 2 0.354220 0.186787 2 0.349763 0.186290 2
0 0.537574 0.443783 0.037946 0.141534 0.535029 0.396752 2 0.537052 0.394779 2 0.534298 0.393306 2 0.539974 0.395068 2 0.532658 0.391596 2 0.542543 0.406231 2 0.529423 0.403843 2 0.544470 0.424718 2 0.523619 0.416227 2 0.542942 0.440071 2 0.520479 0.425419 2 0.539708 0.436971 2 0.530266 0.436670 2 0.544818 0.462493 2 0.530817 0.466897 2 0.545124 0.478444 2 0.527639 0.492842 2
0 0.769717 0.335317 0.031994 0.120370 0.773842 0.286101 2 0.775628 0.284145 2 0.773394 0.283362 2 0.778618 0.286323 2 0.772871 0.284584 1 0.780996 0.298430 2 0.769496 0.296461 2 0.782724 0.316168 2 0.762948 0.309322 2 0.783472 0.332458 2 0.757002 0.322878 2 0.775089 0.331009 2 0.767610 0.329869 2 0.776025 0.355712 2 0.765313 0.355980 2 0.772160 0.376898 2 0.765948 0.381358 2
0 0.668527 0.182540 0.017113 0.068783 0.666886 0.156990 1 0.666945 0.155635 1 0.667188 0.155706 1 0.666322 0.156363 2 0.669607 0.156381 2 0.664815 0.164316 2 0.671394 0.163994 2 0.663254 0.173917 2 0.672429 0.173229 2 0.663424 0.179776 2 0.671414 0.178641 2 0.666040 0.181981 2 0.670706 0.181727 2 0.665152 0.196581 2 0.670754 0.196372 2 0.665626 0.212364 2 0.671234 0.210963 2
0 0.660714 0.470238 0.032738 0.165344 0.656560 0.404218 2 0.657821 0.401354 2 0.657758 0.401528 1 0.661188 0.404820 2 0.665084 0.404684 1 0.657390 0.423218 2 0.669764 0.425088 2 0.652461 0.447560 2 0.670252 0.449281 2 0.653052 0.450750 2 0.664568 0.460491 1 0.655970 0.467764 2 0.664829 0.469188 2 0.653000 0.495498 2 0.663233 0.505203 2 0.651063 0.526374 2 0.662050 0.538122 2
0 0.348958 0.476190 0.025298 0.150794 0.351271 0.417891 2 0.350299 0.415151 1 0.349503 0.415966 2 0.346785 0.418408 1 0.345136 0.420893 2 0.346228 0.435163 2 0.345697 0.438712 2 0.348382 0.456440 1 0.347368 0.463829 2 0.351630 0.472557 1 0.349670 0.485596 2 0.346599 0.477328 2 0.346465 0.479007 2 0.347262 0.509272 2 0.347270 0.511931 2 0.345629 0.537980 2 0.345666 0.541689 2
0 0.453125 0.449074 0.035714 0.144180 0.461470 0.399144 2 0.462079 0.395944 2 0.459708 0.396256 2 0.461820 0.394950 1 0.454751 0.395854 2 0.463085 0.407368 2 0.449555 0.410866 2 0.466044 0.425333 2 0.444725 0.431218 2 0.462678 0.440195 2 0.447302 0.452169 2 0.460613 0.447261 2 0.450941 0.449545 2 0.463494 0.473691 2 0.449634 0.481332 2 0.461163 0.497441 2 0.444256 0.509155 2
0 0.221726 0.415344 0.029762 0.140212 0.224985 0.366577 2 0.224417 0.363628 1 0.223597 0.364400 2 0.220661 0.366485 1 0.219572 0.367667 2 0.220340 0.382148 2 0.218858 0.383279 2 0.220352 0.403926 1 0.218141 0.405290 2 0.224482 0.419264 2 0.220996 0.424329 2 0.223663 0.421636 2 0.223608 0.422798 2 0.223272 0.448738 2 0.230281 0.448812 2 0.213811 0.472499 2 0.230581 0.476536 2
0 0.310268 0.412037 0.022321 0.144180 0.310448 0.359634 2 0.309835 0.357222 1 0.309015 0.357747 2 0.306289 0.359910 1 0.305555 0.361211 2 0.302074 0.374672 2 0.308110 0.375410 2 0.302500 0.394416 1 0.309465 0.395453 2 0.308885 0.405330 1 0.314668 0.409277 2 0.303835 0.407672 2 0.308352 0.408557 2 0.307994 0.436852 2 0.315321 0.436562 2 0.306149 0.465462 2 0.312489 0.465606 2
0 0.478051 0.454365 0.042411 0.125661 0.482018 0.427766 2 0.484533 0.425343 2 0.481077 0.424639 2 0.488791 0.427114 2 0.479765 0.425884 1 0.489082 0.438583 2 0.476041 0.443415 2 0.492163 0.460090 2 0.474612 0.466208 2 0.492383 0.470299 2 0.485410 0.472890 2 0.487072 0.471864 2 0.478534 0.476935 2 0.494380 0.482843 2 0.488293 0.498749 2 0.491401 0.505408 2 0.487135 0.529802 2
0 0.289807 0.490079 0.039435 0.162698 0.303681 0.426156 2 0.302596 0.422685 1 0.302126 0.423913 2 0.298253 0.423434 1 0.298896 0.427880 2 0.291387 0.438045 2 0.299380 0.448539 2 0.285051 0.452443 2 0.298455 0.473024 2 0.285759 0.452324 2 0.304283 0.493723 2 0.286993 0.481255 2 0.290870 0.487107 2 0.295058 0.501101 2 0.287727 0.521474 2 0.291814 0.528450 2 0.276802 0.554205 2
0 0.484747 0.478175 0.045387 0.138889 0.482139 0.427610 2 0.484520 0.425154 2 0.481154 0.424431 2 0.488664 0.426583 2 0.479969 0.425311 1 0.490255 0.438589 2 0.476923 0.442881 2 0.493036 0.460434 2 0.474812 0.466386 2 0.492801 0.470904 2 0.485523 0.474092 2 0.487561 0.473293 2 0.478677 0.477497 2 0.494774 0.487149 2 0.487912 0.500490 2 0.492636 0.512971 2 0.485721 0.536917 2
0 0.447173 0.417989 0.034226 0.145503 0.462772 0.399216 2 0.462902 0.396180 2 0.461023 0.396864 2 0.461894 0.395781 1 0.455648 0.397647 2 0.462712 0.407953 2 0.450094 0.412526 2 0.464785 0.425931 2 0.444173 0.431898 2 0.463381 0.443565 2 0.446950 0.451182 2 0.460003 0.446082 2 0.451343 0.449187 2 0.461967 0.472936 2 0.450571 0.481957 2 0.459459 0.498387 2 0.445282 0.510724 2
0 0.202009 0.360450 0.026042 0.125661 0.200799 0.317582 2 0.201321 0.315275 2 0.199985 0.315899 1 0.203533 0.313184 2 0.200195 0.314660 1 0.209788 0.320928 2 0.200795 0.321551 2 0.210694 0.338139 2 0.200741 0.338173 2 0.205134 0.330332 2 0.197044 0.338997 2 0.210617 0.354798 2 0.203313 0.354337 2 0.214662 0.380153 2 0.202726 0.378817 2 0.216320 0.402498 2 0.200303 0.402670 2
0 0.163690 0.350529 0.028274 0.124339 0.156130 0.302807 2 0.157464 0.300454 2 0.156137 0.300314 2 0.161516 0.302046 2 0.158044 0.301828 1 0.165023 0.314985 2 0.158513 0.314437 2 0.169319 0.331197 2 0.157242 0.328662 2 0.169428 0.346981 2 0.152736 0.338625 2 0.165967 0.346325 2 0.162341 0.345798 2 0.164692 0.370053 2 0.162784 0.368448 2 0.169109 0.392302 2 0.171255 0.389350 2
0 0.408110 0.301587 0.018601 0.100529 0.410616 0.267460 2 0.410873 0.265480 1 0.409550 0.265320 2 0.410505 0.266792 1 0.406609 0.266608 2 0.411585 0.277244 2 0.403402 0.277542 2 0.413821 0.288734 2 0.401757 0.290837 2 0.410716 0.284894 2 0.407723 0.291187 2 0.411040 0.300959 2 0.405387 0.301352 2 0.411794 0.320746 2 0.405172 0.321970 2 0.411319 0.341282 2 0.404854 0.342613 2
0 0.553199 0.207672 0.018601 0.087302 0.550435 0.174601 1 0.550684 0.172871 1 0.550889 0.172993 1 0.550605 0.173864 2 0.554600 0.173872 2 0.549056 0.183705 2 0.556545 0.184106 2 0.547099 0.195315 2 0.557314 0.196242 2 0.548755 0.202727 2 0.553680 0.199849 1 0.549468 0.206975 2 0.554970 0.207167 2 0.549244 0.223988 2 0.555657 0.224696 2 0.548530 0.242412 2 0.556645 0.241941 2
0 0.936384 0.278439 0.029018 0.115079 0.946046 0.237113 1 0.945259 0.234560 1 0.945693 0.234899 1 0.939757 0.234558 2 0.944689 0.235856 2 0.933624 0.247013 2 0.946082 0.249431 2 0.929376 0.262587 2 0.948565 0.266169 2 0.929771 0.275358 2 0.948118 0.275440 2 0.932999 0.281719 2 0.941291 0.283102 2 0.932495 0.302178 2 0.940037 0.303900 2 0.930711 0.323996 2 0.935664 0.323723 2
0 0.418899 0.289683 0.022321 0.103175 0.412237 0.250306 1 0.412309 0.248322 1 0.412755 0.248307 1 0.414150 0.248791 2 0.416521 0.248609 1 0.419325 0.259179 2 0.416931 0.258236 2 0.420078 0.275023 2 0.414829 0.272822 1 0.413755 0.273792 2 0.411052 0.271312 1 0.419062 0.288718 2 0.417363 0.287572 2 0.418365 0.312691 2 0.416171 0.311325 2 0.417617 0.335430 2 0.415939 0.335169 2
0 0.789435 0.274471 0.020833 0.085979 0.792744 0.244792 2 0.792806 0.242748 1 0.791983 0.242538 2 0.791505 0.242596 1 0.788865 0.241931 2 0.790082 0.252228 2 0.784466 0.250382 2 0.790195 0.267463 2 0.781350 0.263845 2 0.792705 0.274391 2 0.787544 0.273216 2 0.787169 0.274762 2 0.783418 0.275426 2 0.796534 0.282418 2 0.793107 0.284334 2 0.790212 0.301346 2 0.789569 0.303848 2
0 0.812500 0.273148 0.025298 0.083333 0.810777 0.243245 2 0.810694 0.241354 2 0.809900 0.241374 2 0.809125 0.241662 1 0.806754 0.241975 2 0.808130 0.249179 2 0.803452 0.251525 2 0.811670 0.261212 2 0.808351 0.266596 2 0.816192 0.269243 2 0.813708 0.275033 2 0.807490 0.271070 2 0.804249 0.273642 2 0.815790 0.278749 2 0.813200 0.284039 2 0.814145 0.300196 2 0.815248 0.305251 2
0 0.957217 0.929894 0.061756 0.134921 0.966835 0.901479 2 0.971546 0.897246 2 0.965139 0.893260 2 0.976722 0.900108 2 0.960647 0.890252 2 0.976031 0.930621 2 0.952460 0.915352 2 0.964659 0.973072 2 0.942251 0.947878 2 0.945072 0.976367 2 0.937660 0.969554 2 0.960463 0.994070 2 0.943810 0.985315 2 0.953836 0.988306 1 0.932083 0.978314 1 0.949953 0.993912 1 0.937672 0.995262 1
0 0.540923 0.327381 0.023810 0.064815 0.540619 0.310176 2 0.541660 0.308354 2 0.539715 0.308094 2 0.542757 0.305081 1 0.538336 0.304572 2 0.544480 0.303698 2 0.534184 0.303516 2 0.549109 0.316845 2 0.529920 0.317378 2 0.544398 0.319487 2 0.536716 0.320530 2 0.542042 0.322061 2 0.535313 0.322435 2 0.548407 0.323790 2 0.530638 0.325121 2 0.544294 0.346619 2 0.536274 0.346241 2
0 0.522321 0.296958 0.020833 0.080688 0.523154 0.271130 2 0.524049 0.269054 2 0.522254 0.269023 2 0.525277 0.267661 2 0.520613 0.267646 2 0.526565 0.274229 2 0.518256 0.274937 2 0.528724 0.285698 2 0.515485 0.285724 2 0.526335 0.293741 2 0.519752 0.294458 2 0.525087 0.297724 2 0.519320 0.298547 2 0.528359 0.308252 2 0.517289 0.311737 2 0.526502 0.324854 2 0.516794 0.329368 2
0 0.524926 0.163360 0.017113 0.067460 0.523569 0.139399 2 0.523942 0.138204 2 0.523813 0.138190 1 0.525323 0.138870 2 0.526502 0.138586 1 0.524992 0.145876 2 0.528254 0.145339 2 0.525617 0.156047 2 0.529048 0.154864 2 0.527075 0.164863 2 0.528958 0.162086 2 0.525034 0.164726 2 0.527881 0.164532 2 0.521741 0.177571 2 0.527727 0.178556 2 0.521449 0.193664 2 0.529457 0.192849 2
0 0.128348 0.336640 0.018601 0.043651 0.124625 0.327553 2 0.125634 0.325620 2 0.123950 0.326112 2 0.127757 0.325325 2 0.123619 0.326346 1 0.129413 0.331952 2 0.124914 0.332084 2 0.127054 0.341709 2 0.123302 0.338775 2 0.122157 0.342969 2 0.120717 0.341195 2 0.133185 0.345245 2 0.129731 0.344834 2 0.126914 0.342544 2 0.121810 0.342544 2 0.132083 0.349886 2 0.127603 0.349940 2
0 0.097098 0.318783 0.031994 0.058201 0.099255 0.305660 2 0.100305 0.303392 2 0.097835 0.303883 2 0.102119 0.302693 2 0.095710 0.304267 2 0.103717 0.309075 2 0.093287 0.313014 2 0.108638 0.316692 2 0.088669 0.326378 2 0.109402 0.325140 2 0.089564 0.339361 2 0.102381 0.324648 2 0.095162 0.326672 2 0.106024 0.322232 2 0.089747 0.326534 2 0.108177 0.336642 2 0.090604 0.339169 2
0 0.166667 0.188492 0.010417 0.030423 0.167458 0.181270 2 0.167751 0.180293 1 0.166933 0.180154 2 0.167855 0.180455 1 0.165676 0.180127 2 0.167915 0.185950 2 0.164661 0.185388 2 0.169271 0.193608 2 0.163701 0.191695 2 0.169263 0.200725 2 0.165767 0.198596 2 0.168039 0.199500 2 0.165930 0.199774 2 0.169471 0.203642 1 0.167229 0.205077 1 0.169310 0.204488 1 0.166993 0.205967 1
0 0.192708 0.134921 0.017857 0.047619 0.192292 0.119453 1 0.191901 0.118738 1 0.192157 0.118726 1 0.189717 0.119815 1 0.191770 0.119914 2 0.188239 0.125183 2 0.192148 0.124220 2 0.185478 0.125079 2 0.193190 0.120646 2 0.185839 0.121465 2 0.192307 0.115533 2 0.190031 0.140460 2 0.192550 0.140453 2 0.191537 0.149688 2 0.194658 0.149615 2 0.192414 0.158756 2 0.196731 0.158329 2
0 0.782366 0.185185 0.018601 0.052910 0.786293 0.167505 1 0.786086 0.166350 1 0.786532 0.166648 1 0.784210 0.166724 2 0.787530 0.167623 2 0.782358 0.172018 2 0.787409 0.173823 2 0.780281 0.177904 2 0.787341 0.182005 2 0.780849 0.184124 1 0.786434 0.188319 2 0.780661 0.186682 2 0.784069 0.187310 2 0.780886 0.197625 2 0.783579 0.197856 2 0.779979 0.208010 2 0.782263 0.207844 2
0 0.460938 0.118386 0.014137 0.051587 0.460613 0.098955 1 0.460929 0.097977 1 0.460308 0.098002 1 0.461275 0.098257 1 0.460105 0.098249 2 0.461788 0.103082 2 0.459628 0.103142 2 0.463325 0.108493 2 0.458963 0.108405 2 0.463737 0.112170 2 0.459775 0.111317 2 0.461235 0.115758 2 0.459950 0.115826 2 0.461005 0.125464 2 0.460203 0.125687 2 0.460631 0.134750 2 0.460227 0.134987 2
0 0.892485 0.212302 0.018601 0.083333 0.898867 0.184223 2 0.898865 0.182903 1 0.898128 0.182634 2 0.897732 0.184069 1 0.895429 0.183136 2 0.896275 0.193796 2 0.893630 0.190804 2 0.898042 0.203889 2 0.895097 0.196012 2 0.900584 0.201955 2 0.897977 0.197350 2 0.895384 0.214207 2 0.892966 0.213303 2 0.895995 0.229940 2 0.891018 0.230076 2 0.894604 0.244838 2 0.885438 0.244065 2
0 0.956473 0.221561 0.023065 0.070106 0.946430 0.236204 1 0.945516 0.233987 1 0.946220 0.234322 1 0.941720 0.234501 1 0.945313 0.235517 2 0.941180 0.247121 2 0.946088 0.249334 2 0.945454 0.262231 1 0.949926 0.266077 2 0.949075 0.264369 1 0.950716 0.264861 1 0.940476 0.269263 1 0.943784 0.269263 1 0.946079 0.260375 1 0.950534 0.261478 1 0.944182 0.269041 1 0.948423 0.269263 1
0 0.906622 0.189815 0.020089 0.038360 0.898229 0.183472 2 0.898609 0.182031 2 0.897350 0.181855 2 0.898440 0.182636 1 0.894915 0.182292 2 0.897358 0.191814 2 0.893155 0.190608 2 0.897531 0.202523 2 0.893465 0.197182 2 0.898316 0.211051 2 0.893970 0.188214 2 0.896456 0.212286 2 0.893415 0.212275 2 0.898394 0.215257 1 0.895895 0.215257 1 0.898177 0.215257 1 0.893590 0.215257 1
