0 0.029963 0.537908 0.014338 0.043137 0.028426 0.521801 2 0.028475 0.521014 2 0.028571 0.520936 1 0.029348 0.520962 2 0.030797 0.520780 1 0.029871 0.525108 2 0.032594 0.524050 2 0.028500 0.531324 2 0.034005 0.530333 1 0.027678 0.533974 2 0.031936 0.534381 1 0.031421 0.537211 2 0.033256 0.536440 2 0.030566 0.545463 2 0.032706 0.543791 2 0.032291 0.553032 2 0.036036 0.549066 2
0 0.562316 0.655882 0.011397 0.030719 0.562680 0.643307 1 0.562608 0.642351 1 0.563113 0.642508 1 0.562410 0.643006 2 0.565112 0.643013 2 0.561931 0.648236 2 0.566724 0.648311 2 0.558974 0.653039 2 0.566210 0.653743 1 0.556218 0.652666 2 0.563379 0.654376 1 0.563372 0.662412 2 0.566333 0.661994 2 0.557707 0.658793 2 0.560293 0.658465 2 0.558893 0.669262 2 0.560044 0.668874 2
0 0.611029 0.673203 0.012500 0.033987 0.610234 0.660247 1 0.610183 0.659324 1 0.610443 0.659317 1 0.610114 0.659876 2 0.612938 0.659437 2 0.610108 0.665068 2 0.614632 0.663760 2 0.607459 0.669703 2 0.615104 0.666799 2 0.606062 0.669200 2 0.611871 0.666773 1 0.612350 0.678135 2 0.615758 0.677535 2 0.608912 0.684197 2 0.614883 0.683689 2 0.608010 0.693830 2 0.617053 0.692513 2
0 0.592096 0.674837 0.016544 0.038562 0.595228 0.661315 1 0.595143 0.660296 1 0.595513 0.660601 1 0.594265 0.660892 2 0.597290 0.661418 2 0.592789 0.666345 2 0.598413 0.667180 2 0.589086 0.669919 2 0.599159 0.675326 1 0.586674 0.671714 2 0.597601 0.679273 1 0.593201 0.682252 2 0.596999 0.682016 2 0.590224 0.689229 2 0.595120 0.686770 2 0.589707 0.699847 2 0.595310 0.695052 2
0 0.670956 0.602941 0.011765 0.049020 0.672980 0.585736 2 0.673571 0.585097 2 0.672500 0.584866 2 0.674025 0.586123 2 0.671786 0.585542 2 0.674287 0.590389 2 0.670966 0.590197 2 0.674772 0.595034 2 0.668695 0.594556 2 0.676713 0.594623 2 0.666317 0.598683 2 0.673547 0.602225 2 0.671804 0.602254 2 0.672429 0.610980 2 0.672641 0.612208 2 0.670355 0.618983 2 0.672747 0.622409 2
0 0.831801 0.956209 0.016544 0.060131 0.832094 0.936258 1 0.832024 0.934850 1 0.832615 0.935009 1 0.830618 0.935668 2 0.835011 0.936077 2 0.828441 0.943549 2 0.836493 0.945088 2 0.824808 0.948278 2 0.838120 0.953909 2 0.825631 0.944254 1 0.836953 0.957762 1 0.829591 0.961342 2 0.834844 0.961883 2 0.829295 0.972166 2 0.833765 0.972451 2 0.830875 0.985905 2 0.834791 0.986104 2
0 0.846507 0.921569 0.015809 0.057516 0.845032 0.898684 1 0.845090 0.897564 1 0.846028 0.897605 1 0.845533 0.899551 2 0.850557 0.898843 2 0.844740 0.908191 2 0.852381 0.906472 2 0.841496 0.912410 2 0.850757 0.910200 2 0.839982 0.909823 2 0.844451 0.909020 1 0.846738 0.927112 2 0.852172 0.925985 2 0.841952 0.927181 2 0.848860 0.925195 2 0.842189 0.939258 2 0.849749 0.935806 2
0 0.882537 0.974837 0.020221 0.046405 0.884014 0.959591 1 0.883929 0.958055 1 0.884542 0.958501 1 0.882928 0.958936 2 0.887436 0.959780 2 0.880781 0.966825 2 0.890030 0.970134 2 0.875712 0.974595 2 0.891456 0.980167 2 0.874551 0.970140 2 0.887433 0.980953 1 0.880797 0.992388 2 0.887315 0.993849 2 0.874046 0.976117 2 0.883854 0.981798 2 0.874267 0.992058 2 0.884020 1.000000 1
0 0.786949 0.899020 0.016544 0.049020 0.785774 0.881964 1 0.785887 0.880225 1 0.786615 0.880488 1 0.786116 0.881039 2 0.790099 0.881163 1 0.784987 0.889763 2 0.792044 0.889932 2 0.778111 0.898364 2 0.786771 0.897911 1 0.776435 0.895809 2 0.779521 0.896306 1 0.785369 0.914668 2 0.790061 0.914168 2 0.779042 0.920071 2 0.783861 0.920205 1 0.780230 0.928745 1 0.784213 0.931263 1
0 0.710846 0.836275 0.015809 0.047712 0.709183 0.821507 1 0.709305 0.820152 1 0.709877 0.820127 1 0.710109 0.821167 2 0.713016 0.820383 1 0.710472 0.829265 2 0.714729 0.826761 2 0.705707 0.835439 2 0.710309 0.833386 1 0.701664 0.836612 2 0.705653 0.833862 1 0.712517 0.849855 2 0.715101 0.847506 2 0.705598 0.845026 2 0.706991 0.838253 2 0.706370 0.857376 2 0.706278 0.849460 2
0 0.742096 0.836275 0.015809 0.049020 0.742241 0.823262 1 0.741952 0.821907 1 0.742727 0.822265 1 0.740840 0.822420 2 0.744925 0.823125 2 0.740111 0.828624 2 0.746108 0.829768 2 0.735197 0.830059 2 0.742677 0.830246 2 0.733493 0.827692 2 0.737960 0.827844 1 0.740947 0.851928 2 0.745155 0.852154 2 0.734425 0.836885 2 0.740356 0.838898 2 0.734399 0.852450 2 0.739247 0.856076 2
0 0.661949 0.780065 0.014338 0.049020 0.664028 0.760455 1 0.663759 0.759410 1 0.663984 0.759747 1 0.660999 0.760126 2 0.664502 0.760792 2 0.658883 0.765772 2 0.665731 0.766554 2 0.657014 0.771287 2 0.667171 0.771156 2 0.659382 0.771087 1 0.665852 0.768188 1 0.659001 0.782594 2 0.664194 0.783090 2 0.657127 0.789314 2 0.666074 0.789478 2 0.655074 0.801593 2 0.666936 0.802339 2
0 0.635846 0.721895 0.014338 0.046405 0.637083 0.701240 1 0.637219 0.700317 1 0.637620 0.700468 1 0.637762 0.701265 2 0.640835 0.701109 2 0.636897 0.707172 2 0.642882 0.706533 2 0.634295 0.713026 2 0.643036 0.713638 1 0.632513 0.713715 2 0.640070 0.714624 1 0.637197 0.723484 2 0.641373 0.722492 2 0.631624 0.728181 2 0.637338 0.726001 2 0.632628 0.741978 2 0.638780 0.737914 2
0 0.774449 0.960458 0.015809 0.062092 0.779947 0.938033 1 0.779314 0.936653 1 0.779532 0.936919 2 0.776578 0.937570 1 0.777768 0.938661 2 0.775834 0.945364 2 0.776455 0.947200 2 0.776175 0.953489 1 0.776696 0.957295 2 0.776945 0.958876 1 0.778388 0.963380 2 0.774510 0.963072 2 0.774810 0.963815 2 0.774566 0.976698 2 0.773944 0.977827 2 0.773285 0.989724 2 0.772143 0.991011 2
0 0.691728 0.804902 0.016544 0.049020 0.690999 0.787051 1 0.691261 0.785847 2 0.691486 0.785710 1 0.692328 0.786334 2 0.694933 0.785601 1 0.691668 0.793376 2 0.697257 0.791790 2 0.688325 0.802362 2 0.696956 0.798214 1 0.685967 0.804625 2 0.690587 0.803488 1 0.696096 0.810429 2 0.700090 0.809661 2 0.690121 0.815461 2 0.695883 0.816257 2 0.690698 0.828532 2 0.697750 0.827293 2
0 0.702390 0.767647 0.012132 0.039869 0.701759 0.753297 1 0.701882 0.752302 1 0.702159 0.752345 1 0.701819 0.752961 2 0.704798 0.752778 2 0.700363 0.759018 2 0.706311 0.758544 2 0.697887 0.764320 2 0.707197 0.762273 2 0.698809 0.760803 1 0.704696 0.759889 1 0.701234 0.775038 2 0.705454 0.774883 2 0.699106 0.782602 2 0.704556 0.783864 2 0.698790 0.791364 2 0.705133 0.792115 2
0 0.686949 0.767647 0.013603 0.043791 0.686542 0.752072 1 0.686592 0.750993 1 0.686915 0.751200 1 0.685854 0.751989 2 0.689314 0.752146 2 0.684475 0.759010 2 0.690691 0.759414 2 0.682137 0.768293 2 0.692255 0.767374 2 0.681131 0.774356 2 0.690535 0.770087 1 0.684907 0.776417 2 0.689614 0.776546 2 0.680720 0.778783 2 0.688935 0.780517 2 0.679265 0.791494 2 0.689600 0.793079 2
0 0.669301 0.744771 0.014338 0.043791 0.671439 0.725350 1 0.671322 0.724307 1 0.671859 0.724567 1 0.670212 0.725134 2 0.673541 0.725549 2 0.668581 0.731176 2 0.675231 0.731882 2 0.663809 0.736426 2 0.675720 0.738969 2 0.661559 0.736813 2 0.673181 0.740990 1 0.669146 0.749715 2 0.673174 0.749443 2 0.664599 0.748334 2 0.667383 0.747371 2 0.666371 0.760787 2 0.667677 0.759983 2
0 0.642463 0.697712 0.012132 0.046405 0.637394 0.701195 1 0.637534 0.700179 1 0.637911 0.700325 1 0.637568 0.701033 2 0.640639 0.700912 2 0.636330 0.707217 2 0.642305 0.706955 2 0.634790 0.712667 2 0.642906 0.712702 2 0.636044 0.704723 1 0.639804 0.706999 1 0.637137 0.723861 2 0.641391 0.723669 2 0.635324 0.718662 2 0.640639 0.718545 1 0.635426 0.726563 1 0.640674 0.725854 1
0 0.670037 0.704902 0.012132 0.039869 0.670811 0.691460 1 0.671029 0.690663 1 0.671298 0.690849 1 0.671171 0.691699 2 0.673837 0.691884 2 0.669549 0.696824 2 0.674741 0.697382 2 0.667688 0.701913 2 0.674922 0.702728 2 0.667869 0.700391 1 0.672283 0.700736 1 0.670088 0.709888 2 0.673913 0.710185 2 0.668936 0.718495 2 0.674355 0.719718 2 0.668030 0.727695 2 0.674298 0.727479 2
0 0.683272 0.733007 0.012132 0.043791 0.683429 0.712905 1 0.683485 0.711876 1 0.683792 0.712098 1 0.683001 0.712696 2 0.686025 0.712916 2 0.681829 0.719245 2 0.687342 0.719160 2 0.679526 0.726248 2 0.688440 0.727605 2 0.679781 0.729014 2 0.686512 0.733251 1 0.681985 0.735109 2 0.685859 0.734568 2 0.678728 0.741583 2 0.683748 0.740036 2 0.678899 0.753964 2 0.684840 0.750999 2
0 0.700551 0.729085 0.015074 0.047712 0.701017 0.709022 1 0.700876 0.707896 1 0.701183 0.708104 1 0.699446 0.708354 2 0.702901 0.708590 2 0.698005 0.713918 2 0.704148 0.714106 2 0.694352 0.721305 2 0.706661 0.719253 2 0.693242 0.721697 2 0.704541 0.715356 1 0.699687 0.732209 2 0.703797 0.732320 2 0.694601 0.740305 2 0.699960 0.741534 2 0.692388 0.752538 2 0.699834 0.752606 2
0 0.735846 0.730392 0.016544 0.046405 0.736085 0.716419 1 0.736162 0.715252 1 0.736322 0.715466 1 0.735843 0.716075 2 0.738811 0.716053 2 0.735017 0.722389 2 0.740973 0.722563 2 0.731576 0.728670 2 0.741314 0.730102 1 0.728591 0.728000 2 0.738119 0.729540 1 0.735294 0.738713 2 0.739713 0.738282 2 0.728933 0.744711 2 0.737127 0.744110 1 0.726371 0.757021 2 0.737451 0.756280 1
0 0.773713 0.806863 0.014338 0.058170 0.772405 0.788236 1 0.772373 0.786908 1 0.772895 0.787001 1 0.771468 0.787760 2 0.775302 0.787944 2 0.769877 0.795282 2 0.776474 0.795552 2 0.766094 0.802102 2 0.775157 0.802257 2 0.765135 0.800332 2 0.770511 0.802542 1 0.770623 0.812875 2 0.775101 0.812802 2 0.769936 0.826813 2 0.773843 0.827600 2 0.770143 0.840114 1 0.773475 0.841199 1
0 0.744669 0.771569 0.015074 0.055556 0.744786 0.751738 1 0.744750 0.750804 1 0.745054 0.750807 1 0.743727 0.751627 2 0.746481 0.751675 2 0.742620 0.756750 2 0.747529 0.758101 2 0.741219 0.759354 2 0.749313 0.763888 2 0.741870 0.758250 2 0.750815 0.765973 2 0.742670 0.770801 2 0.745928 0.771324 2 0.743947 0.777090 2 0.747270 0.778324 2 0.742697 0.786210 2 0.746049 0.789877 2
