0 0.624256 0.440476 0.025298 0.150794 0.620505 0.382147 2 0.621162 0.379558 2 0.621774 0.379707 1 0.623855 0.382457 2 0.629483 0.381636 1 0.622316 0.400046 2 0.635101 0.397537 2 0.620371 0.422810 2 0.637448 0.418616 2 0.617242 0.441557 2 0.633865 0.433028 2 0.625024 0.441888 2 0.633705 0.440586 2 0.625570 0.471520 2 0.633444 0.468764 2 0.627380 0.499129 2 0.632985 0.492493 2
0 0.824777 0.624339 0.051339 0.190476 0.834432 0.565793 2 0.837229 0.562669 2 0.833264 0.560934 2 0.841381 0.557895 2 0.831542 0.553286 1 0.844539 0.569446 2 0.822966 0.559099 2 0.847712 0.601694 2 0.814942 0.580014 2 0.848596 0.625832 2 0.809004 0.604979 2 0.834620 0.619133 2 0.820442 0.613778 2 0.832039 0.663054 2 0.813896 0.653853 2 0.826523 0.693817 2 0.814927 0.680192 2
0 0.638765 0.191799 0.021577 0.068783 0.648062 0.175302 2 0.648430 0.174008 2 0.647657 0.173698 2 0.647939 0.173302 1 0.645773 0.172482 2 0.646058 0.179664 2 0.642075 0.176707 2 0.643991 0.190380 2 0.637502 0.185406 2 0.644364 0.200118 2 0.636887 0.196357 2 0.638158 0.192342 2 0.635200 0.190651 2 0.640378 0.206652 2 0.636016 0.203672 2 0.637560 0.220906 2 0.630646 0.217600 2
0 0.548363 0.459656 0.034226 0.154762 0.547083 0.399391 1 0.547679 0.396328 1 0.548081 0.396702 1 0.548707 0.399124 2 0.554989 0.398969 2 0.547079 0.419009 2 0.559474 0.418443 2 0.546019 0.442256 2 0.562669 0.443124 2 0.541793 0.460310 2 0.561472 0.460321 2 0.548163 0.465378 2 0.557223 0.464601 2 0.545186 0.497809 2 0.557443 0.495948 2 0.545262 0.533893 2 0.558548 0.529193 2
0 0.331845 0.518519 0.053571 0.169312 0.322096 0.452092 1 0.321589 0.449884 1 0.322371 0.449663 1 0.316910 0.454616 2 0.326133 0.452887 2 0.314679 0.475448 2 0.329479 0.465233 2 0.314426 0.495859 2 0.339821 0.447188 2 0.319274 0.502112 2 0.344545 0.423609 2 0.319313 0.517748 2 0.329593 0.515790 2 0.319917 0.545394 2 0.334439 0.549258 2 0.315205 0.577251 2 0.335528 0.581892 2
0 0.388765 0.384921 0.027530 0.140212 0.378624 0.339652 2 0.379096 0.336764 2 0.378629 0.336960 1 0.382627 0.337662 2 0.383318 0.338047 1 0.388294 0.352262 2 0.386673 0.350970 2 0.393552 0.370847 2 0.388925 0.368279 2 0.384894 0.380096 2 0.383664 0.374559 2 0.391251 0.389783 2 0.390853 0.388358 2 0.387755 0.419596 2 0.392809 0.415965 2 0.389840 0.449590 2 0.401054 0.439188 2
0 0.351562 0.452381 0.033482 0.158730 0.330140 0.454526 1 0.329842 0.452215 1 0.329478 0.451978 1 0.328364 0.455782 1 0.328932 0.455532 1 0.330277 0.468476 1 0.330697 0.468633 1 0.340846 0.449516 2 0.340510 0.448468 2 0.340971 0.429296 2 0.342951 0.424785 2 0.331877 0.522605 2 0.331487 0.522839 2 0.335381 0.554677 1 0.335249 0.555730 1 0.337144 0.561777 1 0.336813 0.561892 1
0 0.318452 0.373016 0.034226 0.134921 0.310161 0.332479 2 0.310284 0.330210 2 0.308629 0.330622 2 0.310344 0.332220 1 0.305150 0.332919 2 0.310799 0.342792 2 0.306015 0.343728 2 0.318156 0.341955 2 0.317053 0.340187 2 0.318124 0.328539 2 0.317585 0.327530 2 0.316603 0.373974 2 0.311333 0.375592 2 0.324571 0.396791 2 0.312982 0.402205 2 0.326535 0.423796 2 0.307700 0.426565 2
0 0.437872 0.401455 0.026042 0.138889 0.429319 0.352582 2 0.430120 0.350019 2 0.430331 0.350132 1 0.433375 0.352115 2 0.436115 0.351799 1 0.434487 0.368595 2 0.440119 0.366734 2 0.435520 0.391461 2 0.438596 0.386620 1 0.427564 0.404692 2 0.430497 0.395660 1 0.434887 0.406986 2 0.439032 0.405115 2 0.428879 0.434145 2 0.434140 0.431223 2 0.436199 0.457085 2 0.440302 0.450828 2
0 0.252604 0.433862 0.029018 0.171958 0.257023 0.370913 1 0.255582 0.367935 1 0.256698 0.367850 1 0.248860 0.369233 1 0.255209 0.369693 2 0.245209 0.386494 2 0.254742 0.386448 2 0.243612 0.409186 2 0.254709 0.409009 2 0.246265 0.426637 1 0.259438 0.427835 2 0.246726 0.428769 2 0.253221 0.429225 2 0.251344 0.460686 2 0.257088 0.459906 2 0.249323 0.491669 2 0.253739 0.492198 2
0 0.134301 0.371693 0.033482 0.124339 0.134007 0.322314 2 0.134475 0.319608 2 0.132392 0.320349 2 0.134881 0.320121 1 0.128703 0.321806 2 0.138525 0.333669 2 0.126012 0.336709 2 0.144443 0.346556 2 0.124293 0.353846 2 0.140164 0.353140 2 0.127434 0.370391 2 0.140005 0.369197 2 0.131353 0.370765 2 0.142801 0.394016 2 0.132269 0.396930 2 0.148090 0.419246 2 0.133918 0.423104 2
0 0.405878 0.301587 0.020089 0.105820 0.405000 0.266745 2 0.406234 0.264529 2 0.404870 0.264666 1 0.409604 0.265660 2 0.405991 0.265933 1 0.411687 0.276601 2 0.405112 0.277122 2 0.408666 0.287977 2 0.401484 0.291059 2 0.404968 0.278557 2 0.402756 0.291923 2 0.409898 0.304135 2 0.404940 0.304037 2 0.410817 0.325728 2 0.403833 0.326018 2 0.411309 0.343111 2 0.403805 0.345409 2
0 0.539807 0.203704 0.018601 0.084656 0.539329 0.171475 1 0.539329 0.169707 1 0.539555 0.169868 1 0.537904 0.170865 2 0.541649 0.170960 2 0.536259 0.181544 2 0.543191 0.181208 2 0.534272 0.193844 2 0.544809 0.194367 2 0.533322 0.204385 2 0.543369 0.202824 2 0.537384 0.203297 2 0.542179 0.202906 2 0.536866 0.220703 2 0.541568 0.218384 2 0.537009 0.239465 2 0.541981 0.235079 2
0 0.957961 0.282407 0.034970 0.117725 0.961295 0.289772 1 0.960582 0.287530 1 0.961594 0.287819 1 0.956248 0.288605 2 0.962912 0.289835 2 0.952681 0.301466 2 0.963827 0.302956 2 0.946061 0.315394 2 0.964156 0.318844 2 0.943267 0.309778 2 0.961641 0.320719 1 0.951803 0.334726 2 0.958925 0.334996 2 0.949333 0.357968 2 0.955938 0.359533 2 0.950038 0.363610 1 0.955240 0.363757 1
0 0.787574 0.273810 0.021577 0.089947 0.791863 0.243169 2 0.791872 0.241271 2 0.791020 0.241147 2 0.790673 0.241843 1 0.787839 0.241336 2 0.789542 0.252610 2 0.783709 0.250739 2 0.789174 0.268243 2 0.780820 0.265538 2 0.791976 0.277712 2 0.787538 0.275766 2 0.786958 0.274711 2 0.782898 0.275147 2 0.796525 0.282385 2 0.793146 0.282833 2 0.791111 0.303262 2 0.788536 0.303827 2
0 0.809524 0.268519 0.025298 0.084656 0.809537 0.241861 2 0.809491 0.240139 2 0.808639 0.240139 2 0.808218 0.240932 1 0.805240 0.241174 2 0.808354 0.248000 2 0.801969 0.251455 2 0.811135 0.261021 2 0.806666 0.264205 2 0.814644 0.268662 2 0.812266 0.272758 2 0.808986 0.269660 2 0.804448 0.273402 2 0.816598 0.272926 2 0.812108 0.284445 2 0.814364 0.290205 2 0.813848 0.306555 2
0 0.579985 0.181217 0.017113 0.044974 0.582823 0.158249 1 0.583002 0.157368 1 0.582603 0.157382 1 0.582933 0.157550 1 0.582219 0.157613 2 0.583565 0.161965 2 0.581001 0.162087 2 0.584680 0.166070 2 0.579246 0.166279 2 0.583611 0.164599 2 0.581191 0.164105 2 0.583292 0.172087 2 0.581684 0.172190 2 0.583341 0.179469 2 0.581702 0.179442 2 0.583197 0.187592 2 0.582013 0.187346 2
0 0.968378 0.935185 0.058780 0.121693 0.981197 0.918185 2 0.985935 0.913458 2 0.978646 0.910199 2 0.990879 0.915776 2 0.972938 0.907773 2 0.989473 0.944529 2 0.963570 0.927833 2 0.977238 0.988181 2 0.954100 0.963183 2 0.958564 0.986777 2 0.950375 0.981481 2 0.975139 0.994512 2 0.957561 0.984694 2 0.968998 0.988738 1 0.944718 0.975872 1 0.958941 0.997310 1 0.952127 0.987149 1
0 0.539062 0.317460 0.030506 0.087302 0.537535 0.290931 2 0.538177 0.288920 2 0.536839 0.289381 2 0.541100 0.285250 2 0.537176 0.286389 1 0.546904 0.288940 2 0.537736 0.290239 2 0.552781 0.299959 2 0.538160 0.301459 2 0.550457 0.313687 2 0.537037 0.311254 2 0.548848 0.313382 2 0.542447 0.313409 2 0.548668 0.337172 2 0.541183 0.335752 2 0.550838 0.360915 2 0.539569 0.358198 2
0 0.488467 0.156746 0.017113 0.054233 0.486005 0.140590 2 0.486640 0.139569 2 0.485553 0.139474 2 0.487715 0.139253 2 0.484974 0.139020 2 0.489148 0.144606 2 0.483795 0.144139 2 0.490576 0.153340 2 0.483146 0.151388 2 0.490225 0.161761 2 0.484167 0.159231 2 0.489129 0.159208 2 0.485473 0.159268 2 0.489811 0.170670 2 0.485496 0.171053 2 0.491740 0.183363 2 0.486774 0.183726 2
0 0.097470 0.319444 0.017857 0.062169 0.096091 0.296146 2 0.095903 0.294642 1 0.095337 0.295678 2 0.095871 0.293754 1 0.094091 0.296115 2 0.099103 0.297832 2 0.094099 0.301676 2 0.103408 0.305189 2 0.094429 0.311140 2 0.105994 0.312097 2 0.098580 0.310640 2 0.100512 0.314192 2 0.097134 0.316136 2 0.100978 0.324217 2 0.097301 0.326008 2 0.102047 0.337153 2 0.097361 0.339237 2
0 0.605655 0.140212 0.013393 0.071429 0.607829 0.118194 2 0.608548 0.117129 2 0.607326 0.116826 2 0.609306 0.117582 2 0.606417 0.116872 2 0.609807 0.124455 2 0.604426 0.123122 2 0.610464 0.132595 2 0.601757 0.130183 2 0.608960 0.133659 2 0.601972 0.134112 2 0.607491 0.141581 2 0.603976 0.140895 2 0.606813 0.155470 2 0.603379 0.155443 2 0.606450 0.168755 2 0.603076 0.169023 2
0 0.215774 0.217593 0.017857 0.038360 0.215366 0.210508 2 0.215887 0.209236 2 0.215028 0.209333 2 0.216964 0.209158 2 0.214684 0.209424 1 0.218999 0.215930 2 0.213228 0.216705 2 0.221523 0.224291 2 0.211232 0.224904 2 0.219480 0.226548 2 0.210959 0.228777 2 0.218303 0.228406 2 0.214510 0.228698 2 0.217591 0.221648 2 0.211982 0.222845 2 0.218163 0.228018 2 0.212806 0.228930 2
0 0.178199 0.135582 0.014137 0.056878 0.180868 0.120395 1 0.180868 0.119290 1 0.181040 0.119313 1 0.179952 0.120008 2 0.182644 0.119841 2 0.178901 0.126273 2 0.184078 0.125959 2 0.177067 0.132619 2 0.186337 0.132251 2 0.178292 0.137288 2 0.186216 0.136742 2 0.180684 0.140556 2 0.184187 0.140549 2 0.181013 0.151722 2 0.185131 0.151155 2 0.180420 0.162011 2 0.185672 0.161252 2
0 0.781250 0.181217 0.016369 0.060847 0.782585 0.163417 1 0.782684 0.162341 1 0.783050 0.162460 1 0.782326 0.163156 2 0.785284 0.163269 2 0.781408 0.169477 2 0.786038 0.169627 2 0.780510 0.176813 2 0.786955 0.177361 2 0.780066 0.183489 2 0.786318 0.182534 1 0.781696 0.184266 2 0.784733 0.184045 2 0.780817 0.194620 2 0.782822 0.194356 2 0.781167 0.206262 2 0.782333 0.205006 2
0 0.412946 0.118386 0.016369 0.059524 0.409448 0.095711 1 0.409350 0.094673 1 0.409466 0.094464 1 0.408281 0.095211 2 0.410713 0.094658 2 0.407869 0.101701 2 0.412562 0.100373 2 0.406979 0.108143 2 0.415061 0.105114 2 0.408869 0.108339 2 0.413821 0.107229 2 0.409457 0.115456 2 0.412681 0.114900 2 0.410286 0.126287 2 0.413344 0.125659 2 0.410229 0.136308 2 0.414236 0.136904 2
0 0.389137 0.105820 0.016369 0.047619 0.387250 0.089330 2 0.387314 0.088461 2 0.387244 0.088451 1 0.388457 0.088024 2 0.388761 0.088017 1 0.390815 0.091333 2 0.390135 0.091187 2 0.391646 0.098615 2 0.390408 0.097834 1 0.390870 0.106598 2 0.389690 0.103423 1 0.392076 0.103671 2 0.391699 0.103315 2 0.390906 0.112449 2 0.390611 0.112064 2 0.391430 0.120702 2 0.391954 0.121107 2
0 0.834821 0.176587 0.014881 0.051587 0.835766 0.160992 1 0.835989 0.159908 1 0.836313 0.160116 1 0.836751 0.160839 2 0.839003 0.160899 1 0.835960 0.167302 2 0.840150 0.166586 2 0.833349 0.172840 2 0.841479 0.169527 2 0.831401 0.171927 2 0.839426 0.167492 2 0.835551 0.181501 2 0.838094 0.181151 2 0.834635 0.189800 2 0.836096 0.190363 2 0.834247 0.198286 2 0.835421 0.197735 2
0 0.687128 0.134259 0.011161 0.048942 0.688525 0.122111 2 0.688987 0.121063 2 0.688069 0.121002 2 0.689330 0.121017 1 0.687196 0.120754 2 0.688958 0.126452 2 0.686261 0.126388 2 0.689433 0.133155 1 0.685463 0.133461 2 0.690080 0.138102 1 0.685893 0.139093 2 0.688580 0.139655 2 0.686975 0.139872 2 0.688888 0.148817 2 0.688395 0.149134 2 0.687307 0.156666 2 0.687406 0.156736 2
0 0.558780 0.107804 0.011905 0.051587 0.555003 0.072751 1 0.555495 0.072751 1 0.554411 0.072751 1 0.556337 0.072751 1 0.553304 0.072751 1 0.558269 0.072804 1 0.551959 0.072751 1 0.559223 0.081152 2 0.552813 0.080459 1 0.552956 0.081285 2 0.558021 0.080986 1 0.557103 0.093423 2 0.552619 0.093245 2 0.557320 0.108247 2 0.554501 0.107804 2 0.558192 0.123129 2 0.555563 0.123243 2
0 0.468006 0.219577 0.014881 0.052910 0.471438 0.205320 2 0.471946 0.204364 2 0.471003 0.204197 2 0.472479 0.204127 1 0.470068 0.203679 2 0.472832 0.208310 2 0.468614 0.208084 2 0.473824 0.214842 2 0.467664 0.214579 2 0.474565 0.220367 2 0.467564 0.221142 2 0.471819 0.218934 2 0.468830 0.218989 2 0.472706 0.228838 2 0.467850 0.229496 2 0.472520 0.238285 2 0.466429 0.239466 2
0 0.957961 0.324735 0.040923 0.128307 0.961871 0.290390 1 0.961159 0.288034 1 0.961963 0.288347 1 0.956454 0.289013 2 0.963049 0.290144 2 0.952448 0.301710 2 0.963726 0.302359 2 0.945848 0.314443 2 0.963934 0.316875 2 0.944395 0.309388 2 0.960262 0.318171 1 0.951580 0.334387 2 0.959173 0.334197 2 0.949348 0.359972 2 0.957299 0.359657 2 0.947679 0.385476 2 0.956436 0.383163 2
0 0.743676 0.136243 0.017113 0.052910 0.746963 0.115608 2 0.747390 0.114811 2 0.746411 0.114629 2 0.747833 0.115589 1 0.744997 0.115135 2 0.748566 0.121996 2 0.742904 0.121902 2 0.749526 0.129242 2 0.741606 0.130047 2 0.747613 0.131756 2 0.744247 0.132749 2 0.747478 0.136187 2 0.743375 0.136149 2 0.747185 0.145328 2 0.742216 0.145404 2 0.748178 0.154230 2 0.740405 0.154523 2
0 0.955729 0.172619 0.020089 0.064815 0.954640 0.158311 2 0.954141 0.156563 1 0.954523 0.156700 2 0.950848 0.154702 1 0.952749 0.155474 2 0.947511 0.160163 2 0.951229 0.161980 2 0.944297 0.171580 2 0.949812 0.175404 2 0.943798 0.183286 2 0.948584 0.186575 2 0.944233 0.182526 2 0.946606 0.183136 2 0.944537 0.198745 2 0.945826 0.199430 2 0.944374 0.210989 2 0.944635 0.212408 2
0 0.905878 0.187831 0.020089 0.039683 0.906555 0.177696 2 0.907671 0.176027 2 0.905830 0.175892 2 0.909272 0.176747 2 0.904603 0.176411 2 0.910083 0.182775 2 0.902333 0.182996 2 0.907853 0.191821 2 0.899286 0.193549 2 0.901232 0.195013 2 0.904371 0.193941 2 0.907554 0.199629 2 0.902104 0.199252 2 0.906711 0.195535 1 0.896890 0.194140 1 0.902665 0.199953 1 0.898918 0.199051 1
0 0.941592 0.192460 0.020089 0.033069 0.940285 0.187333 2 0.941027 0.185674 2 0.939428 0.185686 2 0.942084 0.185698 2 0.938177 0.185774 2 0.943264 0.192245 2 0.937115 0.192125 2 0.943605 0.199222 2 0.935920 0.199052 2 0.941433 0.202258 2 0.937903 0.203357 2 0.941623 0.204226 2 0.937525 0.204058 2 0.942905 0.204574 2 0.935683 0.204424 2 0.940811 0.211866 1 0.937622 0.212038 2
0 0.925967 0.189815 0.018601 0.035714 0.928227 0.185333 2 0.928484 0.183663 2 0.927114 0.183509 2 0.928838 0.184556 1 0.924771 0.184507 2 0.931216 0.194676 2 0.921932 0.195175 2 0.935140 0.202108 2 0.919257 0.205889 2 0.935885 0.201314 2 0.921833 0.200165 2 0.929658 0.210271 1 0.923107 0.210317 1 0.933241 0.208092 1 0.920717 0.205906 1 0.933794 0.206123 1 0.922859 0.202749 1
