0 0.972470 0.820106 0.053571 0.156085 0.988715 0.766330 2 0.989834 0.763875 2 0.990561 0.763681 1 0.991654 0.769302 2 0.997456 0.768248 1 0.985208 0.788055 2 1.000000 0.788857 2 0.967255 0.790102 2 0.986683 0.799601 1 0.958171 0.788749 2 0.971324 0.789614 1 0.980775 0.840493 2 0.992021 0.837553 2 0.953078 0.833481 2 0.968280 0.826460 1 0.968848 0.877782 2 0.980200 0.871712 1
0 0.372768 0.789683 0.041667 0.174603 0.377935 0.727252 1 0.377577 0.724732 1 0.378290 0.724238 1 0.372784 0.727220 2 0.381096 0.726785 2 0.366550 0.741241 2 0.384558 0.743188 2 0.355767 0.735967 2 0.392180 0.733616 2 0.361922 0.725521 2 0.381038 0.728215 2 0.370497 0.789299 2 0.381338 0.791321 2 0.374209 0.817075 2 0.380523 0.827835 2 0.374569 0.848070 2 0.381404 0.864776 2
0 0.432292 0.735450 0.065476 0.169312 0.426734 0.668302 1 0.426114 0.664918 1 0.427418 0.664861 1 0.421157 0.666533 2 0.431734 0.666892 2 0.417920 0.684018 2 0.433340 0.687454 2 0.414993 0.697981 2 0.441859 0.708559 2 0.422001 0.693859 1 0.454922 0.718882 2 0.420391 0.732289 2 0.430617 0.733789 2 0.419623 0.767124 2 0.430046 0.771862 2 0.414473 0.797656 2 0.427888 0.807084 2
0 0.038690 0.898810 0.061012 0.149471 0.032623 0.857988 2 0.034924 0.854658 2 0.031815 0.854184 2 0.040102 0.852930 2 0.032199 0.851399 1 0.047553 0.862288 2 0.031472 0.863888 2 0.048849 0.883243 2 0.028828 0.876345 2 0.036539 0.879257 2 0.034393 0.873671 2 0.052854 0.903155 2 0.040669 0.906755 2 0.059432 0.927909 2 0.042850 0.943249 2 0.063787 0.939903 2 0.046927 0.969210 2
0 0.190848 0.620370 0.020089 0.084656 0.188123 0.591460 1 0.188318 0.589530 1 0.188755 0.588978 1 0.190267 0.589387 2 0.193140 0.587604 1 0.191654 0.600473 2 0.195872 0.596683 2 0.192874 0.615604 2 0.199438 0.606934 2 0.192722 0.626078 2 0.202051 0.613748 1 0.195528 0.622971 2 0.198063 0.621434 2 0.196504 0.638427 2 0.197263 0.636917 2 0.197668 0.651196 2 0.197072 0.648464 2
0 0.199033 0.574735 0.033482 0.115079 0.195426 0.533139 1 0.195191 0.530897 1 0.196055 0.530049 1 0.195614 0.530095 2 0.200927 0.527697 2 0.198963 0.541921 2 0.203314 0.536405 2 0.196475 0.557244 2 0.197496 0.546569 2 0.189203 0.552973 2 0.190367 0.551086 2 0.203179 0.572567 2 0.206258 0.569810 2 0.203181 0.597660 2 0.205083 0.594568 2 0.205710 0.619320 2 0.206651 0.619478 2
0 0.396205 0.359788 0.029018 0.047619 0.396685 0.346185 2 0.396929 0.345037 2 0.397047 0.345221 1 0.398109 0.345440 2 0.399588 0.345225 1 0.398298 0.350984 2 0.401552 0.350151 2 0.395112 0.360292 2 0.398591 0.357770 1 0.392007 0.361927 2 0.395093 0.359298 1 0.399959 0.367480 2 0.402120 0.366454 2 0.390902 0.364112 2 0.393180 0.363857 2 0.388800 0.376033 2 0.390113 0.376045 2
0 0.587426 0.522487 0.031994 0.134921 0.589065 0.471271 2 0.590364 0.468853 2 0.587580 0.469145 2 0.592451 0.470063 2 0.585518 0.470636 2 0.595918 0.485780 2 0.581538 0.485266 2 0.598327 0.504630 2 0.577242 0.503235 2 0.598703 0.520748 2 0.576447 0.521316 2 0.592689 0.525008 2 0.583104 0.524557 2 0.591621 0.551684 2 0.581900 0.550258 2 0.590149 0.571229 2 0.580351 0.567455 2
0 0.290551 0.389550 0.021577 0.078042 0.284752 0.364533 2 0.284648 0.362544 2 0.284495 0.363477 1 0.286562 0.359472 2 0.286087 0.361670 1 0.291167 0.362569 2 0.288186 0.367086 2 0.295117 0.368421 2 0.289185 0.379654 2 0.290971 0.374604 2 0.288866 0.380074 2 0.297699 0.381796 2 0.295013 0.383495 2 0.298937 0.398791 2 0.294018 0.398481 2 0.299596 0.416129 2 0.288950 0.412309 2
0 0.291667 0.400794 0.017857 0.060847 0.284630 0.363881 2 0.284630 0.362388 2 0.284445 0.362965 1 0.286413 0.360175 2 0.285672 0.361562 1 0.291215 0.363257 2 0.287231 0.366958 2 0.296091 0.368224 2 0.288448 0.379028 2 0.291959 0.374668 2 0.288737 0.383086 2 0.297668 0.383311 2 0.294233 0.384549 2 0.298100 0.399505 2 0.292259 0.398539 2 0.300430 0.416041 2 0.288823 0.412892 2
0 0.311756 0.381614 0.019345 0.059524 0.306659 0.362586 2 0.306959 0.361077 2 0.306525 0.361129 1 0.309126 0.359472 2 0.308438 0.359477 1 0.312060 0.364818 2 0.311120 0.364078 2 0.310466 0.377346 2 0.310576 0.375225 1 0.307806 0.381352 2 0.307964 0.381412 1 0.316922 0.383326 2 0.315972 0.382409 2 0.309155 0.383904 2 0.308124 0.382861 2 0.312486 0.401853 2 0.310826 0.400225 2
0 0.303199 0.361772 0.017113 0.080688 0.297720 0.333566 1 0.298084 0.331810 1 0.298416 0.331872 1 0.300019 0.332402 2 0.303113 0.332031 1 0.299360 0.341541 2 0.307318 0.340556 2 0.298214 0.352844 2 0.309829 0.350797 2 0.297703 0.359610 2 0.307325 0.356780 2 0.301670 0.364911 2 0.307009 0.364393 2 0.302281 0.383596 2 0.306364 0.383605 2 0.304795 0.400626 2 0.307413 0.399758 2
0 0.531994 0.345899 0.019345 0.083333 0.545387 0.289347 1 0.545387 0.288360 1 0.545119 0.288360 1 0.545290 0.288360 1 0.544441 0.288360 1 0.544919 0.293526 1 0.541907 0.293286 2 0.543642 0.303608 1 0.538596 0.302392 2 0.543855 0.310110 1 0.540303 0.308934 2 0.544541 0.316506 2 0.542598 0.316681 2 0.543350 0.333681 2 0.541843 0.333991 2 0.542852 0.349855 1 0.542168 0.349616 2
0 0.389509 0.349206 0.014137 0.052910 0.396871 0.344165 1 0.397172 0.342994 1 0.397007 0.343229 1 0.397902 0.343495 2 0.398102 0.343703 1 0.397872 0.349752 2 0.398186 0.349603 2 0.394968 0.359407 2 0.395446 0.358476 1 0.393136 0.361234 2 0.393949 0.360388 1 0.397050 0.364539 2 0.397234 0.363899 2 0.391214 0.363724 2 0.391520 0.363542 2 0.388474 0.376472 2 0.389005 0.376418 2
0 0.544643 0.316799 0.020833 0.085979 0.546244 0.284929 2 0.546897 0.283272 2 0.545265 0.283540 2 0.547735 0.283955 2 0.543547 0.284439 2 0.549464 0.293337 2 0.541325 0.293352 2 0.550794 0.303977 2 0.538382 0.303398 2 0.551673 0.314452 2 0.540174 0.310273 2 0.548276 0.317193 2 0.542735 0.317272 2 0.548618 0.334858 2 0.541817 0.334062 2 0.549163 0.352079 2 0.541883 0.350519 2
0 0.528646 0.212302 0.012649 0.041005 0.529179 0.199606 2 0.529735 0.198561 2 0.528591 0.198686 2 0.530714 0.199093 2 0.527828 0.199395 2 0.532343 0.205665 2 0.526791 0.206144 2 0.533570 0.212916 2 0.526213 0.214154 2 0.531409 0.217720 2 0.527773 0.219449 2 0.531716 0.220664 2 0.527950 0.220752 2 0.531508 0.231439 2 0.528169 0.231185 2 0.532532 0.239322 2 0.528261 0.238865 2
