0 0.843225 0.126517 0.015231 0.047619 0.851218 0.112179 2 0.851834 0.111645 2 0.851175 0.110780 2 0.852090 0.111623 2 0.850399 0.109362 2 0.851090 0.115950 2 0.846805 0.111126 2 0.850294 0.123606 2 0.843353 0.117045 2 0.850190 0.124290 2 0.844596 0.121960 2 0.845639 0.126769 2 0.842690 0.123946 2 0.843714 0.138482 2 0.840054 0.132985 2 0.841439 0.149074 2 0.838463 0.142246 2
0 0.200630 0.962652 0.023109 0.050420 0.190865 0.955647 2 0.191665 0.954139 2 0.190270 0.953347 2 0.193826 0.952304 2 0.191286 0.950586 1 0.196073 0.959284 2 0.196001 0.951641 2 0.199026 0.969321 2 0.197741 0.954907 2 0.197366 0.972866 2 0.195545 0.962299 2 0.201506 0.969297 2 0.202714 0.965774 2 0.196226 0.980344 2 0.204501 0.973693 2 0.199591 0.982553 2 0.211109 0.975083 2
0 0.095326 0.021475 0.011029 0.042951 0.094422 0.000590 1 0.094114 0.000105 1 0.094423 0.000049 1 0.092665 0.000000 1 0.093982 0.000235 1 0.091876 0.000000 1 0.093868 0.000662 1 0.089815 0.001532 1 0.093723 0.000965 1 0.090416 0.005346 1 0.094007 0.002945 1 0.093727 0.007580 2 0.094859 0.008446 2 0.096209 0.018139 2 0.096763 0.019837 2 0.098162 0.029109 2 0.098375 0.032075 2
0 0.856355 0.115780 0.013130 0.044818 0.859116 0.098450 2 0.859575 0.097775 2 0.859061 0.097214 2 0.859754 0.097845 2 0.858762 0.096380 2 0.859765 0.102970 2 0.856047 0.099918 2 0.858338 0.109896 2 0.853972 0.104881 2 0.857996 0.104581 2 0.855796 0.103353 2 0.855809 0.116095 2 0.853266 0.114483 2 0.853249 0.125378 2 0.851557 0.123683 2 0.851116 0.133886 2 0.850134 0.132562 2
0 0.971113 0.102241 0.015756 0.043884 0.976524 0.083890 2 0.976077 0.082635 1 0.976202 0.082890 2 0.974053 0.082988 1 0.975058 0.083995 2 0.972694 0.089098 2 0.974236 0.090840 2 0.970669 0.098027 2 0.972204 0.100169 2 0.970135 0.106332 2 0.971704 0.108714 2 0.970427 0.105858 2 0.971500 0.106722 2 0.970435 0.118388 2 0.970883 0.120716 2 0.969100 0.127073 2 0.969442 0.130296 2
0 0.974002 0.142857 0.018382 0.044818 0.981773 0.116731 2 0.982293 0.116097 2 0.981672 0.115618 2 0.982445 0.115915 1 0.980768 0.114855 2 0.980427 0.120146 2 0.978364 0.118040 2 0.979587 0.125811 2 0.974657 0.122397 2 0.978987 0.131360 2 0.972256 0.128325 2 0.976482 0.130735 2 0.974957 0.129489 2 0.973870 0.142198 2 0.971705 0.140901 2 0.975072 0.153239 2 0.970104 0.150032 2
0 0.975840 0.130252 0.015756 0.042017 0.982597 0.116606 2 0.983235 0.115900 2 0.982325 0.115215 2 0.983343 0.115917 1 0.980833 0.114291 2 0.981566 0.121453 2 0.978161 0.118387 2 0.980153 0.128249 2 0.974912 0.123560 2 0.979661 0.132430 2 0.972850 0.129029 2 0.976912 0.132222 2 0.974446 0.130339 2 0.973192 0.142639 2 0.970426 0.140094 2 0.973332 0.152454 2 0.968158 0.149247 2
0 0.395746 0.829599 0.027836 0.047619 0.396379 0.826964 2 0.398400 0.822343 2 0.393948 0.823230 2 0.401663 0.822794 2 0.391295 0.824910 2 0.408797 0.839361 2 0.389020 0.839470 2 0.413085 0.850775 1 0.384815 0.845103 2 0.403354 0.846413 2 0.384931 0.841401 2 0.406111 0.857013 1 0.394721 0.855960 1 0.400439 0.840959 1 0.389866 0.838535 1 0.397676 0.845243 1 0.400407 0.844043 1
0 0.839548 0.864146 0.023634 0.056956 0.843522 0.844554 1 0.843575 0.843169 1 0.844165 0.843619 1 0.842675 0.844335 2 0.846927 0.845004 2 0.839112 0.851251 2 0.846946 0.852508 2 0.832734 0.857556 2 0.844328 0.861898 2 0.835028 0.858931 2 0.840809 0.860043 2 0.837196 0.864977 2 0.842930 0.865348 2 0.835513 0.866583 2 0.844337 0.865452 2 0.830101 0.882849 2 0.841617 0.879785 2
0 0.847952 0.834267 0.024685 0.043884 0.851527 0.828752 2 0.853392 0.827860 2 0.851268 0.825518 2 0.856326 0.826615 2 0.850626 0.821452 2 0.856376 0.830323 2 0.847897 0.822331 2 0.853468 0.839313 2 0.840217 0.825442 2 0.850311 0.848295 2 0.834609 0.826576 2 0.848410 0.841703 2 0.843128 0.836586 2 0.846910 0.841252 2 0.840032 0.834194 2 0.842106 0.854456 2 0.836476 0.852878 2
0 0.879202 0.809991 0.023109 0.047619 0.892740 0.795263 2 0.893775 0.793261 2 0.891580 0.793041 2 0.894428 0.790655 1 0.889318 0.790963 2 0.892300 0.793750 2 0.885929 0.797449 2 0.888104 0.796070 1 0.878097 0.808889 2 0.884504 0.797921 1 0.872797 0.819003 2 0.883369 0.805944 2 0.879682 0.806213 2 0.878074 0.809174 2 0.875874 0.811693 2 0.870945 0.813845 2 0.870255 0.818202 2
0 0.861607 0.715686 0.026786 0.060691 0.868849 0.697036 2 0.869906 0.696439 2 0.868660 0.695077 2 0.871353 0.695846 2 0.868175 0.692321 1 0.870993 0.700262 2 0.864618 0.692816 2 0.872317 0.708284 2 0.858607 0.696984 2 0.870941 0.702070 2 0.861493 0.707923 2 0.864512 0.713514 2 0.860615 0.709711 2 0.863434 0.724644 2 0.858434 0.720460 2 0.858150 0.736660 2 0.853988 0.733220 2
0 0.946691 0.837068 0.028887 0.053221 0.956016 0.823032 2 0.957524 0.822547 2 0.955624 0.820788 2 0.959294 0.821623 2 0.954551 0.817898 2 0.958711 0.824162 2 0.951618 0.819841 2 0.958443 0.831497 2 0.945402 0.825443 2 0.957303 0.835158 2 0.942845 0.833776 2 0.949145 0.838313 2 0.944679 0.835219 2 0.947363 0.841548 2 0.941409 0.840055 2 0.942457 0.849059 2 0.935716 0.852123 2
0 0.825630 0.848273 0.021008 0.053221 0.837040 0.849997 1 0.837333 0.849070 1 0.836904 0.848710 1 0.838325 0.849212 1 0.837799 0.848072 1 0.838797 0.852759 1 0.838233 0.850371 1 0.835368 0.858565 1 0.835345 0.855386 1 0.834367 0.858196 2 0.834393 0.857218 2 0.839548 0.864436 2 0.839209 0.862787 2 0.834832 0.866998 2 0.834748 0.864252 2 0.831467 0.882912 2 0.831854 0.881251 2
0 0.232668 0.569094 0.016807 0.062558 0.233587 0.548225 2 0.232865 0.546854 1 0.233041 0.547539 2 0.230853 0.546961 1 0.231187 0.549101 2 0.230945 0.550897 2 0.230526 0.557256 2 0.232827 0.551403 1 0.232977 0.566629 2 0.232487 0.546686 1 0.234389 0.555512 2 0.234839 0.569221 2 0.234524 0.572371 2 0.234718 0.581986 2 0.235120 0.584393 2 0.235229 0.595070 2 0.236281 0.594422 2
0 0.044118 0.430906 0.023109 0.070028 0.040681 0.406911 2 0.040788 0.405276 2 0.039455 0.406457 2 0.041016 0.405835 2 0.038007 0.408930 2 0.042679 0.412132 2 0.038932 0.416797 2 0.043618 0.417866 2 0.038709 0.425765 2 0.044447 0.422169 2 0.039938 0.432250 2 0.047636 0.431130 2 0.045395 0.434078 2 0.052248 0.443074 2 0.051526 0.446564 2 0.056243 0.453845 2 0.056716 0.455827 2
0 0.238183 0.332866 0.011029 0.040149 0.240194 0.323289 2 0.240774 0.322000 2 0.239321 0.322032 2 0.241436 0.322634 1 0.237744 0.322778 2 0.241535 0.329453 2 0.236698 0.331074 2 0.243809 0.337573 2 0.239579 0.342642 2 0.244275 0.332185 2 0.242928 0.344115 2 0.241743 0.345761 2 0.238480 0.347213 2 0.245744 0.345475 1 0.244395 0.348517 2 0.243866 0.356704 1 0.243081 0.359074 1
0 0.808561 0.250700 0.016282 0.051354 0.811322 0.234265 1 0.811542 0.233101 1 0.811788 0.233324 1 0.812165 0.233886 2 0.814289 0.234167 1 0.811675 0.240219 2 0.814159 0.240631 2 0.807433 0.247868 2 0.812999 0.249348 2 0.804096 0.248267 2 0.810640 0.252397 1 0.809412 0.255605 2 0.811244 0.255312 2 0.804643 0.261193 2 0.808844 0.261285 2 0.803474 0.268694 2 0.810916 0.267554 2
0 0.680935 0.135854 0.018382 0.055089 0.683908 0.117875 1 0.683998 0.116728 1 0.684201 0.116800 1 0.684956 0.116883 2 0.686726 0.116765 1 0.685811 0.123015 2 0.687508 0.121899 2 0.683881 0.132145 2 0.685534 0.130103 1 0.681297 0.133069 2 0.681942 0.131449 1 0.684646 0.139038 2 0.685907 0.137780 2 0.679417 0.146483 2 0.681229 0.145099 2 0.678597 0.159099 2 0.681451 0.156560 2
0 0.819590 0.566760 0.021534 0.052288 0.826003 0.551803 2 0.826879 0.550329 2 0.826128 0.550014 1 0.828202 0.550828 2 0.826860 0.549594 1 0.829533 0.558470 2 0.824170 0.552194 2 0.828761 0.569388 2 0.817161 0.556868 2 0.824767 0.573286 2 0.814028 0.559356 2 0.821099 0.577215 2 0.817287 0.572280 2 0.818373 0.586256 2 0.808404 0.575136 2 0.814307 0.591866 2 0.808861 0.578367 2
