0 0.929688 0.318122 0.029018 0.099206 0.944299 0.287180 2 0.944121 0.284925 1 0.943750 0.284359 2 0.941431 0.284839 1 0.940206 0.283505 2 0.940604 0.295551 2 0.934450 0.294381 2 0.939431 0.310167 2 0.928591 0.308477 2 0.942579 0.314607 2 0.930315 0.322020 2 0.936080 0.325000 2 0.932000 0.324810 2 0.934739 0.346326 2 0.928867 0.348988 2 0.926645 0.360832 2 0.923526 0.369468 2
0 0.697545 0.147487 0.011161 0.046296 0.698911 0.133051 2 0.699252 0.132169 2 0.698457 0.132146 2 0.699617 0.132712 1 0.697609 0.132634 2 0.700256 0.138490 2 0.696526 0.138531 2 0.700553 0.143769 2 0.695455 0.145541 2 0.699817 0.143107 2 0.695857 0.151516 2 0.699732 0.151825 2 0.696984 0.151793 2 0.700419 0.161496 2 0.696466 0.161696 2 0.700715 0.169233 2 0.695173 0.169934 2
0 0.347470 0.153439 0.016369 0.055556 0.345875 0.134350 2 0.346376 0.133240 2 0.345273 0.133327 2 0.347154 0.133845 2 0.344476 0.133975 2 0.348585 0.140323 2 0.343537 0.140281 2 0.350695 0.148428 2 0.341963 0.146755 2 0.350194 0.158262 2 0.345650 0.151176 2 0.347597 0.155369 2 0.344574 0.155592 2 0.347671 0.167613 2 0.346610 0.167996 2 0.347746 0.180500 2 0.347218 0.181421 2
0 0.197173 0.106481 0.016369 0.048942 0.197672 0.088779 1 0.197655 0.088146 1 0.197962 0.088070 1 0.197629 0.088971 2 0.199820 0.088675 2 0.197071 0.093808 2 0.201102 0.093254 2 0.196236 0.098082 2 0.202172 0.097148 2 0.196513 0.096452 1 0.201856 0.095928 2 0.197946 0.103675 2 0.200676 0.103351 2 0.197464 0.109793 1 0.200644 0.109528 1 0.197992 0.112393 1 0.200578 0.112112 1
0 0.935268 0.278439 0.023810 0.064815 0.944286 0.286265 2 0.943902 0.284382 1 0.943953 0.284255 2 0.941280 0.284164 1 0.941221 0.284134 2 0.939788 0.295101 2 0.934437 0.294481 2 0.938791 0.310506 2 0.928985 0.309236 2 0.940890 0.317985 1 0.929766 0.318267 2 0.936951 0.320676 2 0.933091 0.321176 2 0.938785 0.321922 1 0.932145 0.322338 1 0.937163 0.322338 1 0.930023 0.321338 1
0 0.540923 0.485450 0.038690 0.148148 0.548690 0.429117 2 0.550128 0.426471 2 0.547518 0.425967 2 0.551227 0.425543 1 0.544204 0.423750 2 0.551791 0.439108 2 0.539013 0.437352 2 0.554735 0.457037 2 0.534196 0.458294 2 0.551435 0.442170 2 0.540366 0.456809 2 0.548983 0.480441 2 0.540327 0.479894 2 0.548584 0.515689 2 0.540630 0.515549 2 0.546901 0.546048 2 0.535446 0.547030 2
0 0.879092 0.269180 0.020089 0.101852 0.882583 0.233387 2 0.883812 0.231552 2 0.881815 0.231225 2 0.885559 0.232918 2 0.880808 0.231937 2 0.887294 0.244721 2 0.877549 0.242764 2 0.888742 0.258421 2 0.872271 0.254682 2 0.885321 0.262371 2 0.873290 0.263675 2 0.881943 0.271622 2 0.875882 0.270497 2 0.878212 0.294331 2 0.874586 0.293584 2 0.874908 0.315012 2 0.873391 0.314436 2
0 0.679315 0.189153 0.016369 0.066138 0.681248 0.165633 1 0.681357 0.164271 1 0.681672 0.164523 1 0.680673 0.165250 2 0.683868 0.165591 2 0.679159 0.172741 2 0.684646 0.173337 2 0.676651 0.181476 2 0.684075 0.182663 2 0.673633 0.189659 2 0.682016 0.188524 1 0.679044 0.191080 2 0.682816 0.191205 2 0.677549 0.206563 2 0.681387 0.207201 2 0.677086 0.222653 2 0.680271 0.222449 2
0 0.717634 0.753307 0.048363 0.239418 0.707864 0.656154 2 0.709414 0.652250 2 0.710000 0.652544 1 0.712720 0.659358 2 0.720965 0.658250 1 0.710128 0.689558 2 0.728855 0.687404 2 0.710785 0.729552 2 0.733868 0.725587 2 0.705449 0.754584 2 0.724681 0.745219 2 0.715180 0.762205 2 0.728206 0.760781 2 0.711813 0.815303 2 0.723413 0.812718 2 0.714341 0.871242 2 0.722476 0.863548 2
0 0.379092 0.535714 0.040923 0.150794 0.379909 0.485751 2 0.381580 0.481492 2 0.377757 0.482025 2 0.383640 0.478896 2 0.373972 0.479633 2 0.387109 0.492999 2 0.370287 0.490332 2 0.394534 0.513156 2 0.365274 0.502814 2 0.388222 0.529890 2 0.368168 0.520088 2 0.383129 0.537490 2 0.371911 0.535801 2 0.384866 0.568626 2 0.364629 0.566712 2 0.383033 0.600876 2 0.368620 0.596013 2
0 0.487351 0.442460 0.043155 0.144180 0.494259 0.390588 2 0.495391 0.387315 2 0.492385 0.387736 2 0.493719 0.389495 1 0.488865 0.389526 2 0.490295 0.403340 2 0.490433 0.405256 2 0.485000 0.421466 2 0.496117 0.422282 2 0.487599 0.441392 2 0.503566 0.431816 2 0.487404 0.441717 2 0.488489 0.442860 2 0.483686 0.469650 2 0.495208 0.472034 2 0.472617 0.493863 2 0.497253 0.505297 2
0 0.179688 0.486772 0.033482 0.166667 0.184097 0.423996 2 0.183391 0.420719 1 0.183006 0.420706 2 0.179507 0.422437 1 0.178762 0.422508 2 0.179289 0.442193 2 0.174990 0.442190 2 0.179686 0.464392 2 0.171994 0.464594 2 0.182911 0.482540 2 0.177833 0.482776 2 0.180914 0.484621 2 0.178482 0.485743 2 0.184978 0.516780 2 0.183820 0.517342 2 0.181962 0.548259 2 0.183357 0.550988 2
0 0.322917 0.470899 0.028274 0.145503 0.329413 0.426949 2 0.329980 0.423301 2 0.327588 0.423455 2 0.329469 0.424338 1 0.322820 0.424604 2 0.331366 0.438120 2 0.318950 0.442058 2 0.333802 0.456889 2 0.319285 0.465904 2 0.336963 0.476261 2 0.321814 0.485851 2 0.332051 0.474829 2 0.323741 0.477648 2 0.335552 0.504758 2 0.324570 0.511245 2 0.331161 0.529518 2 0.327944 0.541626 2
0 0.424107 0.463624 0.032738 0.091270 0.424124 0.402269 1 0.424952 0.400794 1 0.422214 0.401127 1 0.426576 0.400794 1 0.419274 0.402858 1 0.430143 0.402589 1 0.414956 0.403031 1 0.432014 0.407902 1 0.412636 0.410456 2 0.428261 0.406522 2 0.419659 0.401197 2 0.427774 0.431385 2 0.417490 0.430894 2 0.424996 0.466606 2 0.416090 0.460262 2 0.423595 0.498818 2 0.420424 0.482507 2
0 0.264881 0.553571 0.032738 0.170635 0.270323 0.491733 2 0.270687 0.487470 2 0.267720 0.489227 2 0.271062 0.488647 1 0.263099 0.492412 2 0.273444 0.509659 2 0.258261 0.512814 2 0.276535 0.527464 2 0.255941 0.540363 2 0.277765 0.536687 2 0.260604 0.554581 2 0.275827 0.558860 2 0.264800 0.559812 2 0.275023 0.595284 2 0.260959 0.591283 2 0.272099 0.625097 2 0.256306 0.608850 2
0 0.546131 0.726190 0.044643 0.224868 0.536896 0.633422 1 0.537134 0.629449 1 0.538380 0.629153 1 0.536302 0.633196 2 0.548306 0.630762 2 0.534137 0.660023 2 0.555814 0.652815 2 0.529992 0.687508 2 0.560972 0.674388 2 0.530537 0.666550 2 0.550890 0.668832 1 0.544574 0.721433 2 0.558326 0.718379 2 0.545589 0.767021 2 0.553695 0.762348 2 0.549541 0.812528 2 0.551934 0.804851 2
0 0.367932 0.417989 0.030506 0.132275 0.370714 0.369312 2 0.371763 0.366280 2 0.368812 0.366806 2 0.372446 0.367168 1 0.365203 0.368137 2 0.375817 0.381118 2 0.362139 0.382994 2 0.379420 0.398852 2 0.358874 0.401976 2 0.381216 0.414910 2 0.358110 0.420961 2 0.372238 0.421435 2 0.363797 0.422189 2 0.368549 0.450796 2 0.363306 0.452737 2 0.364860 0.474613 2 0.363823 0.479652 2
0 0.215774 0.367063 0.026786 0.128307 0.215304 0.325663 2 0.216278 0.323150 2 0.213994 0.323869 2 0.218284 0.322025 2 0.212256 0.323807 2 0.222663 0.331911 2 0.211056 0.333351 2 0.227728 0.345470 2 0.206817 0.344539 2 0.221373 0.346530 2 0.209847 0.347782 2 0.223215 0.365167 2 0.215395 0.365810 2 0.225312 0.390903 2 0.216226 0.392821 2 0.228739 0.415286 2 0.217288 0.417562 2
0 0.351562 0.325397 0.023065 0.105820 0.355993 0.285681 2 0.356386 0.283501 2 0.354687 0.283820 2 0.356263 0.284180 1 0.351233 0.284886 2 0.358587 0.296649 2 0.348446 0.297661 2 0.362396 0.310025 2 0.344604 0.310600 2 0.362485 0.322335 2 0.341742 0.320897 2 0.357705 0.327686 2 0.350774 0.328155 2 0.359807 0.350291 2 0.350771 0.351131 2 0.365613 0.369906 2 0.352729 0.372983 2
0 0.558780 0.216931 0.017857 0.084656 0.563166 0.185088 1 0.562929 0.183331 1 0.563198 0.183410 1 0.560426 0.184261 2 0.564432 0.184517 2 0.558082 0.194800 2 0.565795 0.195008 2 0.556715 0.207193 2 0.567622 0.207807 2 0.559349 0.213607 2 0.568580 0.218027 2 0.558891 0.218576 2 0.564478 0.218668 2 0.558449 0.236536 2 0.565660 0.236967 2 0.557764 0.254075 2 0.566152 0.254828 2
0 0.904762 0.332011 0.032738 0.126984 0.919753 0.294057 1 0.919082 0.291363 1 0.919487 0.291908 2 0.914162 0.289383 1 0.916978 0.291841 2 0.908622 0.300482 2 0.912774 0.305121 2 0.907018 0.316195 2 0.909915 0.326435 2 0.910853 0.326807 2 0.911151 0.340301 2 0.899418 0.334126 2 0.901616 0.336045 2 0.900854 0.359732 2 0.899775 0.363633 2 0.900586 0.387578 2 0.893429 0.390027 2
0 0.798363 0.290344 0.020833 0.083333 0.810870 0.260928 2 0.811117 0.259188 2 0.810265 0.258823 2 0.810120 0.258870 1 0.807445 0.257971 2 0.809179 0.267618 2 0.802809 0.266360 2 0.808865 0.281164 2 0.799457 0.280189 2 0.809380 0.289459 2 0.804614 0.289441 2 0.806515 0.289971 2 0.802283 0.290139 2 0.812469 0.299768 2 0.809621 0.299434 2 0.809028 0.321267 2 0.807695 0.321800 2
0 0.821429 0.283730 0.022321 0.080688 0.828640 0.258048 2 0.828377 0.256662 1 0.828329 0.256417 1 0.826650 0.257601 1 0.826976 0.257373 2 0.826763 0.266089 2 0.823509 0.267268 2 0.829800 0.278031 2 0.826230 0.281475 2 0.833772 0.287958 2 0.832028 0.290704 2 0.827239 0.286810 2 0.825028 0.288706 2 0.834381 0.295408 2 0.832405 0.298518 2 0.834638 0.316665 2 0.833823 0.319077 2
0 0.550967 0.342593 0.026042 0.068783 0.552691 0.329793 2 0.553901 0.328231 2 0.551822 0.327702 2 0.555294 0.324479 2 0.550447 0.323336 2 0.556671 0.321800 2 0.546123 0.321288 2 0.561032 0.335304 2 0.541843 0.335224 2 0.556600 0.339132 2 0.549401 0.339673 2 0.554936 0.339964 2 0.548053 0.340532 2 0.560497 0.343401 2 0.542995 0.345791 2 0.556797 0.366083 2 0.547806 0.367214 2
0 0.581845 0.170635 0.014881 0.060847 0.586104 0.149868 2 0.586480 0.148540 2 0.585506 0.148588 2 0.586553 0.148292 1 0.583943 0.148214 2 0.585530 0.155281 2 0.582346 0.154814 2 0.585460 0.163654 2 0.579870 0.162553 2 0.586830 0.170657 1 0.583276 0.169043 2 0.584744 0.173787 2 0.582483 0.173954 2 0.585351 0.188218 2 0.581844 0.188683 2 0.585236 0.201215 1 0.579123 0.200986 2
0 0.098214 0.333995 0.032738 0.062169 0.098702 0.319256 2 0.098905 0.317667 2 0.097525 0.318097 2 0.099093 0.317835 1 0.094557 0.319137 2 0.100545 0.324707 2 0.091739 0.326897 2 0.106259 0.331866 2 0.087068 0.337758 2 0.104446 0.333581 2 0.085704 0.349028 2 0.099793 0.341517 2 0.093667 0.342565 2 0.103729 0.337746 2 0.090796 0.339704 2 0.106734 0.354677 2 0.089674 0.354138 2
0 0.627604 0.159392 0.014137 0.067460 0.632419 0.128786 2 0.632959 0.127643 2 0.631808 0.127528 2 0.633682 0.128162 2 0.630748 0.127878 2 0.634511 0.135572 2 0.628932 0.134784 2 0.634923 0.144996 2 0.626949 0.143374 2 0.634932 0.153941 2 0.628592 0.151449 2 0.633468 0.154113 2 0.629246 0.153733 2 0.633769 0.167856 2 0.626965 0.167881 2 0.633793 0.181249 2 0.625194 0.181023 2
0 0.184524 0.137566 0.016369 0.047619 0.182407 0.117242 1 0.182412 0.116280 1 0.182668 0.116249 1 0.181896 0.117070 2 0.184432 0.116844 2 0.180979 0.123514 2 0.186255 0.123054 2 0.179967 0.130356 2 0.188414 0.129400 2 0.179498 0.135410 2 0.189439 0.135340 2 0.182592 0.138073 2 0.186046 0.137877 2 0.183083 0.148147 2 0.186234 0.148124 2 0.184189 0.157937 2 0.186643 0.158384 2
0 0.797991 0.193122 0.018601 0.052910 0.800616 0.175337 1 0.800264 0.174141 1 0.800666 0.174336 1 0.797784 0.174501 2 0.801138 0.175057 2 0.795987 0.180514 2 0.801235 0.181475 2 0.793837 0.187474 2 0.802436 0.189057 2 0.794573 0.193950 2 0.801577 0.195077 2 0.795726 0.195812 2 0.799395 0.196285 2 0.795203 0.206229 2 0.799201 0.207135 2 0.792781 0.216691 2 0.798278 0.217589 2
0 0.419271 0.117063 0.014137 0.051587 0.418291 0.098861 1 0.418243 0.097866 1 0.418465 0.097690 1 0.417502 0.098445 2 0.419990 0.097801 2 0.416884 0.105099 2 0.421789 0.103569 2 0.416746 0.112793 2 0.423887 0.108960 2 0.417425 0.117293 2 0.425265 0.113654 2 0.418795 0.118772 2 0.422234 0.118245 2 0.419474 0.128728 2 0.423527 0.128005 2 0.420327 0.138322 2 0.424426 0.138371 2
0 0.236235 0.134259 0.012649 0.046296 0.235631 0.120236 1 0.235657 0.119332 1 0.235845 0.119360 1 0.235742 0.120087 2 0.237752 0.120000 2 0.235703 0.125459 2 0.238951 0.125133 2 0.234930 0.129690 2 0.240288 0.130341 2 0.235064 0.130295 1 0.239665 0.132776 1 0.237032 0.136096 2 0.239331 0.135802 2 0.237023 0.144295 2 0.239975 0.143478 2 0.236812 0.152733 2 0.241146 0.151036 2
0 0.763765 0.234788 0.018601 0.083333 0.773616 0.208016 2 0.773750 0.206297 2 0.772571 0.206410 2 0.773055 0.207126 1 0.770120 0.207486 2 0.770496 0.216153 2 0.768886 0.216133 2 0.770064 0.228080 1 0.768523 0.228395 2 0.773279 0.233074 1 0.772869 0.233519 2 0.769306 0.240442 2 0.767349 0.240660 2 0.773058 0.257089 2 0.763856 0.257877 2 0.772879 0.274046 2 0.760540 0.272837 2
0 0.984375 0.423280 0.029762 0.148148 0.995250 0.372283 1 0.995568 0.369483 1 0.995504 0.370022 1 0.993533 0.370900 2 0.998422 0.371797 2 0.988179 0.385934 2 0.999430 0.387643 2 0.982804 0.404137 2 0.997975 0.407723 1 0.984717 0.416431 2 0.995242 0.417521 1 0.986941 0.424318 2 0.995895 0.424956 2 0.982732 0.452842 2 0.994968 0.455121 2 0.977711 0.480962 2 0.990063 0.481619 2
0 0.968750 0.250000 0.023810 0.066138 0.973045 0.218920 2 0.973615 0.217823 2 0.972384 0.217704 2 0.974395 0.218442 1 0.970842 0.218227 2 0.973485 0.226944 2 0.967942 0.226028 2 0.974440 0.236500 2 0.964910 0.235209 2 0.973727 0.239841 2 0.969026 0.237995 2 0.971087 0.247754 2 0.966240 0.247457 2 0.973868 0.260638 2 0.963473 0.261090 2 0.973639 0.274466 2 0.955892 0.271870 2
0 0.611235 0.107804 0.011161 0.041005 0.611203 0.092681 1 0.611270 0.091522 1 0.611503 0.091579 1 0.612874 0.091342 2 0.614389 0.091263 1 0.613245 0.096263 2 0.615672 0.095704 2 0.611420 0.103708 2 0.613952 0.101876 2 0.609148 0.112415 2 0.610761 0.106565 2 0.613101 0.107892 2 0.614915 0.107378 2 0.611983 0.115527 2 0.613543 0.116170 2 0.611681 0.124184 2 0.613509 0.124059 2
0 0.918527 0.197751 0.020089 0.038360 0.922505 0.187038 2 0.923245 0.185442 2 0.921738 0.185597 2 0.924426 0.185740 2 0.920742 0.186039 2 0.926456 0.191841 2 0.920006 0.191500 2 0.925258 0.201819 2 0.917761 0.199781 2 0.919127 0.206754 2 0.915905 0.206992 2 0.925927 0.206529 2 0.921326 0.205612 2 0.923607 0.204951 2 0.914677 0.203889 2 0.919941 0.211323 2 0.915889 0.210942 2
