0 0.085938 0.487434 0.034970 0.120370 0.085164 0.441276 2 0.086634 0.438584 2 0.083782 0.438496 2 0.089029 0.439439 2 0.081764 0.439552 2 0.093721 0.451002 2 0.081284 0.455302 2 0.102537 0.460825 2 0.075704 0.461158 2 0.098465 0.471730 2 0.080914 0.454095 2 0.094822 0.484527 2 0.086724 0.487980 2 0.098702 0.501437 2 0.087535 0.511983 2 0.102651 0.515034 2 0.090792 0.534691 2
0 0.053943 0.560185 0.037946 0.120370 0.052564 0.508441 2 0.054409 0.505710 2 0.050956 0.505815 2 0.057433 0.507247 2 0.049004 0.507739 2 0.059386 0.518836 2 0.049042 0.522325 2 0.056040 0.525437 2 0.050309 0.535776 2 0.045467 0.521197 2 0.047327 0.549075 2 0.064278 0.550618 2 0.056036 0.552629 2 0.068080 0.566631 2 0.056028 0.572446 2 0.069447 0.586267 2 0.056243 0.595336 2
0 0.009301 0.550265 0.018601 0.140212 0.000530 0.494478 2 0.002152 0.491672 2 0.000000 0.491901 2 0.005642 0.493119 2 0.000000 0.493716 1 0.009649 0.505883 2 0.000000 0.507390 2 0.014080 0.520586 2 0.000000 0.523941 1 0.008540 0.526093 2 0.000602 0.528949 1 0.010484 0.540124 2 0.002784 0.540933 2 0.014497 0.565899 2 0.004049 0.566390 2 0.015192 0.589356 2 0.008134 0.587990 2
0 0.015997 0.487434 0.031994 0.170635 0.007835 0.424461 2 0.009594 0.420168 2 0.005351 0.421019 2 0.012609 0.419347 2 0.001606 0.421385 2 0.019194 0.434719 2 0.000009 0.438137 2 0.028725 0.453930 2 0.000000 0.458806 1 0.033303 0.475489 2 0.001088 0.479821 1 0.020758 0.480252 2 0.007562 0.482811 2 0.027418 0.507161 2 0.006512 0.511723 2 0.030675 0.540766 2 0.009414 0.546395 2
0 0.732515 0.192460 0.018601 0.078042 0.738304 0.205386 2 0.738354 0.203715 1 0.737689 0.203649 2 0.737344 0.203341 1 0.735254 0.203108 2 0.735441 0.210937 2 0.731940 0.210892 2 0.735631 0.223064 2 0.729627 0.223880 2 0.738675 0.229732 2 0.734778 0.231703 2 0.734275 0.231500 2 0.731837 0.232995 2 0.743015 0.236187 2 0.741390 0.238566 2 0.738316 0.242001 1 0.737132 0.243570 2
0 0.893601 0.247354 0.025298 0.084656 0.901257 0.216076 1 0.900686 0.213760 1 0.901296 0.214220 1 0.896165 0.212300 1 0.900572 0.213833 2 0.892582 0.220017 2 0.898208 0.224075 2 0.890341 0.231418 2 0.897508 0.238436 2 0.893828 0.236769 1 0.900475 0.238733 2 0.890116 0.246335 2 0.894356 0.248489 2 0.887470 0.264022 2 0.895103 0.267538 2 0.882200 0.280208 2 0.893306 0.284131 2
0 0.984375 0.244709 0.019345 0.089947 0.979523 0.247080 2 0.980017 0.245344 2 0.978304 0.245284 2 0.979818 0.246654 1 0.974973 0.246514 2 0.979931 0.257393 2 0.972339 0.256785 2 0.980819 0.269533 2 0.970982 0.269247 1 0.978689 0.278564 2 0.972256 0.279248 1 0.976092 0.282840 2 0.971253 0.282280 2 0.973296 0.299922 2 0.971124 0.299154 1 0.972113 0.305395 1 0.970982 0.304444 1
0 0.305804 0.130952 0.016369 0.055556 0.308193 0.109956 2 0.308618 0.108762 2 0.307556 0.108876 2 0.309187 0.108990 1 0.306694 0.109323 2 0.310092 0.113842 2 0.305256 0.115006 2 0.312935 0.117891 2 0.304354 0.122934 2 0.314056 0.117726 2 0.306451 0.128225 2 0.310262 0.128077 2 0.307077 0.128903 2 0.312455 0.137107 2 0.307413 0.138308 2 0.312708 0.148642 2 0.308862 0.148504 2
0 0.159226 0.095899 0.016369 0.048942 0.160480 0.114489 1 0.160590 0.113583 1 0.160941 0.113671 1 0.160647 0.114325 2 0.163425 0.114082 2 0.159866 0.120127 2 0.165136 0.119828 2 0.158955 0.125681 2 0.166731 0.125720 2 0.159664 0.124508 1 0.165346 0.127064 1 0.161066 0.129134 1 0.164719 0.129067 2 0.159979 0.125526 1 0.164689 0.125480 1 0.159735 0.128389 1 0.164239 0.128450 1
0 0.973214 0.293651 0.032738 0.124339 0.979316 0.247734 2 0.979960 0.245728 2 0.978131 0.245423 2 0.979848 0.247713 1 0.974949 0.246589 2 0.980193 0.259376 2 0.970783 0.258269 2 0.980535 0.272754 2 0.965370 0.273540 2 0.981769 0.282954 2 0.963327 0.287547 2 0.973888 0.287051 2 0.968252 0.286000 2 0.970591 0.310744 2 0.967098 0.309926 2 0.961907 0.329453 2 0.962423 0.331815 2
0 0.542783 0.016534 0.014137 0.033069 0.543289 0.006258 1 0.543238 0.005559 1 0.543377 0.005595 1 0.542678 0.005749 2 0.543850 0.005808 2 0.542174 0.009295 2 0.544007 0.009295 2 0.541320 0.013424 2 0.545458 0.013001 2 0.542094 0.016242 2 0.546122 0.014826 2 0.542195 0.016723 2 0.543268 0.016693 2 0.542344 0.022796 2 0.542605 0.022854 2 0.541856 0.029130 2 0.542364 0.029146 2
0 0.532738 0.338624 0.022321 0.126984 0.530702 0.287590 2 0.531666 0.285877 2 0.530881 0.285781 1 0.534724 0.288655 2 0.533395 0.288388 1 0.537486 0.302779 2 0.531600 0.300319 2 0.541097 0.320642 2 0.529786 0.312857 2 0.534607 0.330683 2 0.525569 0.316961 2 0.535716 0.334048 2 0.532965 0.332535 2 0.532553 0.357608 2 0.535473 0.355200 2 0.531411 0.382701 2 0.540998 0.373452 2
0 0.822917 0.230820 0.020833 0.048942 0.827451 0.218567 2 0.828430 0.217716 2 0.827026 0.216656 2 0.829043 0.217577 1 0.825280 0.214816 2 0.827713 0.222988 2 0.821836 0.217941 2 0.829030 0.230976 2 0.818823 0.223106 2 0.830881 0.237724 2 0.822094 0.223487 2 0.821286 0.235915 2 0.817360 0.233559 2 0.825965 0.226715 2 0.820295 0.222169 2 0.823793 0.240120 2 0.817398 0.236750 2
0 0.625372 0.160053 0.017113 0.066138 0.624858 0.132402 1 0.625050 0.131221 1 0.625431 0.131252 1 0.625514 0.131911 2 0.628550 0.131771 1 0.624568 0.138341 2 0.629812 0.138959 2 0.622426 0.146637 2 0.630324 0.148393 2 0.620979 0.152119 2 0.630943 0.157250 2 0.625082 0.155246 2 0.628799 0.155610 2 0.623409 0.166601 2 0.628315 0.168593 2 0.623197 0.177246 2 0.628489 0.179377 2
0 0.551339 0.422619 0.028274 0.157407 0.553095 0.361629 1 0.553595 0.358464 1 0.553890 0.359342 1 0.551400 0.360770 2 0.558361 0.362510 2 0.545175 0.378634 2 0.558681 0.382106 2 0.539884 0.398347 2 0.558859 0.407713 2 0.543357 0.408401 2 0.555903 0.418746 2 0.544781 0.421508 2 0.554339 0.423092 2 0.543907 0.452888 2 0.554459 0.454166 2 0.542311 0.488029 2 0.553367 0.483794 2
0 0.458705 0.389550 0.026042 0.123016 0.459526 0.395382 1 0.459554 0.392915 1 0.460460 0.393282 1 0.457754 0.395640 2 0.465263 0.395911 2 0.456043 0.413240 2 0.468207 0.413602 2 0.454183 0.435739 2 0.470035 0.435638 2 0.450224 0.452235 2 0.469227 0.449409 2 0.457097 0.456211 2 0.465810 0.456070 2 0.453418 0.474372 1 0.466032 0.474372 1 0.453623 0.474372 1 0.466155 0.474372 1
0 0.406994 0.354497 0.029762 0.126984 0.398766 0.296306 1 0.398750 0.293850 1 0.398990 0.293979 1 0.396476 0.296006 2 0.402917 0.295652 2 0.394325 0.310943 2 0.406229 0.309710 2 0.392622 0.328472 2 0.412182 0.321879 2 0.397098 0.331450 2 0.408808 0.314724 2 0.397979 0.345517 2 0.406407 0.345603 2 0.398512 0.372304 2 0.408695 0.372546 2 0.396766 0.399427 2 0.411001 0.398382 2
0 0.263765 0.408730 0.030506 0.142857 0.266256 0.351502 1 0.264646 0.349899 1 0.265727 0.349487 1 0.258116 0.353874 1 0.264475 0.353379 2 0.255839 0.371203 2 0.268026 0.368553 2 0.255183 0.389203 2 0.271375 0.387840 2 0.256657 0.399509 2 0.275947 0.402174 2 0.260952 0.408546 2 0.269470 0.407014 2 0.264343 0.437446 2 0.272861 0.429830 2 0.266375 0.463189 2 0.273777 0.456286 2
0 0.368304 0.365741 0.025298 0.128307 0.369011 0.314076 1 0.368912 0.311941 1 0.369305 0.311814 1 0.366510 0.313895 2 0.372858 0.313354 2 0.364538 0.326622 2 0.376042 0.326631 2 0.362143 0.343700 2 0.379521 0.342592 2 0.366172 0.352746 2 0.378252 0.347895 2 0.367297 0.356468 2 0.375838 0.356498 2 0.365816 0.380494 2 0.378002 0.381704 2 0.361886 0.403401 2 0.378381 0.407136 2
0 0.464658 0.468254 0.033482 0.156085 0.458057 0.395787 1 0.458404 0.393071 1 0.459129 0.393507 1 0.457924 0.395478 2 0.465689 0.395688 2 0.457180 0.412058 2 0.468196 0.413244 2 0.454996 0.434864 2 0.470436 0.435740 2 0.449827 0.451383 2 0.468606 0.450505 2 0.457723 0.454351 2 0.466299 0.454892 2 0.452673 0.481887 2 0.468067 0.484989 2 0.452375 0.512526 2 0.473148 0.515964 2
0 0.427083 0.339947 0.029762 0.126984 0.431835 0.290980 1 0.431555 0.288808 1 0.431716 0.289076 1 0.427119 0.290351 2 0.433279 0.291271 2 0.423099 0.301082 2 0.434499 0.304575 2 0.417971 0.311051 2 0.439490 0.318407 2 0.422525 0.316505 2 0.436772 0.320566 2 0.422529 0.336018 2 0.430834 0.337646 2 0.421644 0.360806 2 0.433901 0.364041 2 0.415088 0.385180 2 0.434265 0.389967 2
0 0.242560 0.303571 0.023810 0.115079 0.239213 0.259316 2 0.240378 0.257323 2 0.238226 0.257352 2 0.242393 0.256731 2 0.236510 0.256999 2 0.245721 0.267340 2 0.235571 0.267967 2 0.250123 0.280470 2 0.232857 0.278306 2 0.243450 0.282106 2 0.235015 0.281601 2 0.246308 0.296273 2 0.239549 0.296825 2 0.247504 0.317971 2 0.241194 0.320487 2 0.254526 0.336549 2 0.243822 0.341653 2
0 0.450149 0.252646 0.019345 0.103175 0.452207 0.279621 2 0.453290 0.278207 2 0.452557 0.277883 1 0.456339 0.280851 2 0.454928 0.279881 1 0.459410 0.293767 2 0.454121 0.292520 2 0.462369 0.312392 2 0.452850 0.309253 2 0.461891 0.320729 2 0.448951 0.316938 2 0.457644 0.322046 2 0.453956 0.320977 2 0.456089 0.322700 1 0.451738 0.321651 1 0.457566 0.324074 1 0.452328 0.324074 1
0 0.521949 0.185847 0.020089 0.080688 0.525523 0.151597 1 0.525585 0.149829 1 0.525697 0.150401 1 0.523902 0.150188 2 0.527368 0.151567 2 0.520713 0.157728 2 0.528094 0.160728 2 0.516980 0.167674 2 0.529684 0.173532 2 0.515460 0.176725 2 0.531013 0.182559 2 0.518311 0.178803 2 0.523525 0.179897 2 0.515068 0.195164 2 0.522967 0.198192 2 0.512800 0.211940 2 0.522063 0.214740 2
0 0.931548 0.220899 0.028274 0.092593 0.931655 0.180021 2 0.933207 0.178625 2 0.930987 0.178059 2 0.935661 0.180080 2 0.930627 0.178864 1 0.934750 0.189676 2 0.929973 0.188444 2 0.936492 0.203397 2 0.925789 0.199214 2 0.934320 0.214904 2 0.920205 0.204725 2 0.930514 0.216406 2 0.928431 0.215421 2 0.924864 0.233687 2 0.928286 0.233848 2 0.924482 0.252110 2 0.930229 0.251568 2
0 0.478795 0.246032 0.020089 0.103175 0.475310 0.200395 2 0.476089 0.198165 2 0.474920 0.198544 2 0.478780 0.197792 2 0.475576 0.198645 1 0.481510 0.208870 2 0.477025 0.209000 2 0.482001 0.225139 2 0.477093 0.223038 1 0.478422 0.238691 2 0.475346 0.234883 1 0.480184 0.234223 2 0.476580 0.233699 2 0.480499 0.256015 2 0.474697 0.255433 2 0.482459 0.275637 2 0.471570 0.275426 2
0 0.738467 0.232143 0.023065 0.078042 0.753648 0.205808 2 0.754127 0.204330 2 0.752970 0.204116 2 0.753921 0.204304 1 0.750639 0.203638 2 0.753404 0.211361 2 0.748144 0.211710 2 0.754464 0.222877 1 0.752622 0.222011 2 0.754318 0.223479 1 0.754392 0.212121 2 0.753635 0.231046 2 0.749883 0.231953 2 0.754464 0.232113 1 0.754464 0.233256 1 0.753590 0.246955 1 0.753154 0.247184 1
0 0.754092 0.229497 0.020089 0.070106 0.753651 0.205792 2 0.754438 0.204195 2 0.752734 0.203974 2 0.754892 0.204095 1 0.750522 0.203536 2 0.754484 0.210583 2 0.748573 0.211645 2 0.757138 0.219956 2 0.753094 0.224339 2 0.760091 0.228632 2 0.758099 0.231925 2 0.754398 0.230231 2 0.750402 0.231644 2 0.760947 0.236778 2 0.758197 0.238618 2 0.759565 0.255577 2 0.759694 0.257506 2
0 0.858259 0.678571 0.057292 0.208995 0.862860 0.613477 2 0.865417 0.609994 2 0.860736 0.609351 2 0.868811 0.612821 2 0.857328 0.611151 2 0.868465 0.636810 2 0.852413 0.630204 2 0.857349 0.660853 2 0.845063 0.649684 2 0.844475 0.663782 2 0.840258 0.664276 2 0.860398 0.685980 2 0.848954 0.682083 2 0.858315 0.722650 2 0.847125 0.715951 2 0.854419 0.755806 2 0.846412 0.745695 2
0 0.518229 0.292989 0.023065 0.067460 0.531817 0.284550 2 0.533270 0.282837 2 0.530842 0.282109 2 0.534226 0.286057 1 0.529582 0.284020 1 0.533798 0.299923 2 0.530386 0.296771 2 0.534226 0.318770 2 0.530943 0.310286 2 0.533161 0.331155 2 0.526389 0.315647 2 0.533895 0.331845 1 0.531617 0.330696 2 0.533963 0.338409 1 0.531213 0.338355 1 0.533256 0.334181 1 0.531525 0.335414 1
0 0.504464 0.265212 0.022321 0.083333 0.518194 0.266033 1 0.519016 0.264728 1 0.517820 0.264152 1 0.519639 0.262510 1 0.516832 0.261276 1 0.519853 0.262626 2 0.512404 0.261191 2 0.520089 0.274821 1 0.508944 0.273615 2 0.517577 0.276029 1 0.515040 0.276933 2 0.516858 0.277748 2 0.511973 0.277443 2 0.519613 0.283401 2 0.510591 0.282898 2 0.517911 0.302930 2 0.515222 0.301786 2
0 0.461682 0.142857 0.012649 0.066138 0.461197 0.118278 2 0.461630 0.117091 2 0.460613 0.117235 2 0.462181 0.117175 2 0.459583 0.117448 2 0.463313 0.123157 2 0.458650 0.123525 2 0.464524 0.130340 2 0.458110 0.131397 2 0.462723 0.134885 2 0.458882 0.136328 2 0.462573 0.138353 2 0.459385 0.138332 2 0.462151 0.151089 2 0.459141 0.150843 2 0.462290 0.163138 2 0.458331 0.162825 2
0 0.176711 0.287037 0.014137 0.055556 0.174467 0.271201 2 0.175436 0.269828 2 0.173925 0.269793 2 0.177790 0.270390 2 0.173795 0.270297 1 0.179464 0.277594 2 0.173640 0.277483 2 0.181552 0.286596 2 0.173268 0.286236 2 0.180737 0.293386 2 0.173963 0.294034 2 0.179077 0.294519 2 0.175189 0.294529 2 0.180765 0.302148 2 0.176655 0.302409 2 0.181687 0.309357 2 0.176967 0.309955 2
0 0.105655 0.289683 0.034226 0.050265 0.108869 0.275115 2 0.109034 0.273248 2 0.107648 0.274080 2 0.109412 0.272127 1 0.104681 0.274420 2 0.110735 0.277513 2 0.102192 0.280701 2 0.116507 0.284278 2 0.098626 0.291008 2 0.113375 0.287358 2 0.097183 0.301152 2 0.109630 0.289919 2 0.103530 0.291288 2 0.113488 0.289329 2 0.100584 0.291955 2 0.116315 0.303995 2 0.098263 0.302525 2
0 0.581845 0.122354 0.016369 0.072751 0.582238 0.100146 2 0.582738 0.099007 2 0.581682 0.098979 2 0.583235 0.099312 1 0.580762 0.099240 2 0.584020 0.105205 2 0.579088 0.105184 2 0.584779 0.112156 2 0.577284 0.112344 2 0.584977 0.117482 2 0.577618 0.117543 2 0.582934 0.121617 2 0.579536 0.121731 2 0.583337 0.134593 2 0.578925 0.134978 2 0.583281 0.147830 2 0.578242 0.147908 2
0 0.162946 0.132937 0.016369 0.043651 0.160572 0.115064 1 0.160656 0.114152 1 0.160873 0.114110 1 0.160572 0.114903 2 0.163014 0.114585 2 0.159780 0.120805 2 0.164930 0.120198 2 0.158746 0.126896 2 0.166524 0.125156 2 0.159867 0.130457 2 0.165534 0.127002 1 0.162335 0.134490 2 0.165708 0.134349 2 0.163419 0.144848 2 0.165820 0.144643 2 0.164501 0.155034 2 0.166201 0.154561 2
0 0.357887 0.087302 0.010417 0.050265 0.361907 0.066395 2 0.362213 0.065446 2 0.361387 0.065591 2 0.362514 0.065718 1 0.360397 0.066001 2 0.362869 0.070837 2 0.359428 0.071294 2 0.363430 0.076862 2 0.358181 0.077954 2 0.363197 0.082724 2 0.359486 0.083855 2 0.362436 0.083148 2 0.360278 0.083431 2 0.362020 0.092081 2 0.360807 0.092319 2 0.361147 0.099335 2 0.359850 0.099355 2
0 0.205729 0.122354 0.012649 0.043651 0.207621 0.101490 1 0.207712 0.100643 1 0.207800 0.100630 1 0.208079 0.101033 2 0.209567 0.100887 1 0.208176 0.105812 2 0.210788 0.105422 2 0.208142 0.111527 2 0.211725 0.111088 2 0.207849 0.115615 2 0.211439 0.115309 1 0.209219 0.116777 2 0.211092 0.116580 2 0.209499 0.125451 2 0.211754 0.125246 2 0.209978 0.134315 2 0.212752 0.133457 2
0 0.623512 0.208995 0.014881 0.087302 0.625739 0.178809 1 0.624761 0.177361 1 0.625402 0.177613 1 0.621252 0.177756 1 0.624131 0.178726 2 0.619975 0.183735 2 0.625862 0.186188 2 0.622544 0.188564 2 0.629250 0.195856 2 0.627280 0.191823 1 0.630296 0.201950 2 0.620762 0.206609 2 0.624705 0.207485 2 0.622814 0.223946 2 0.624810 0.223847 2 0.621186 0.238331 2 0.621911 0.239880 2
0 0.921875 0.294312 0.032738 0.130952 0.925448 0.246448 2 0.925307 0.244314 1 0.924663 0.244606 2 0.923826 0.243462 1 0.921760 0.244189 2 0.921249 0.254683 2 0.917868 0.254425 2 0.921291 0.269247 2 0.911920 0.270031 2 0.923094 0.275159 2 0.910544 0.280765 2 0.917427 0.281548 2 0.914957 0.281441 2 0.916296 0.302159 2 0.912727 0.302627 2 0.915357 0.321622 2 0.905306 0.318174 2
0 0.890253 0.330026 0.043899 0.130952 0.893377 0.282590 1 0.892113 0.280093 1 0.893229 0.280353 1 0.886529 0.280827 1 0.892178 0.281868 2 0.885121 0.292993 2 0.890384 0.295152 2 0.887820 0.309453 2 0.890812 0.317038 2 0.893192 0.316811 1 0.896933 0.330097 2 0.884201 0.325122 2 0.888392 0.325834 2 0.883487 0.349701 2 0.888696 0.349296 2 0.877448 0.372180 2 0.884459 0.373250 2
0 0.787202 0.193122 0.022321 0.068783 0.789544 0.164971 2 0.789128 0.163587 1 0.789655 0.163683 2 0.786721 0.161633 1 0.788545 0.162167 2 0.783257 0.166614 2 0.785984 0.168307 2 0.782315 0.173397 2 0.786506 0.177599 2 0.786415 0.176552 2 0.789834 0.178199 2 0.781629 0.185606 2 0.782540 0.186560 2 0.784029 0.198645 2 0.780356 0.200461 2 0.785615 0.212523 2 0.775456 0.212560 2
