0 0.276786 0.666667 0.023109 0.063492 0.276724 0.645445 2 0.277492 0.643819 2 0.275835 0.644229 2 0.279062 0.642976 2 0.274883 0.644179 2 0.282155 0.647084 2 0.274352 0.651050 2 0.286710 0.654157 2 0.272617 0.660478 2 0.286168 0.662798 2 0.272568 0.666989 2 0.284132 0.664695 2 0.279217 0.666984 2 0.284788 0.674127 2 0.279299 0.678874 2 0.284721 0.686306 2 0.280159 0.692596 2
0 0.590599 0.441643 0.013130 0.046685 0.592560 0.427763 2 0.593032 0.426770 2 0.591992 0.426704 2 0.593556 0.427179 2 0.590976 0.426987 2 0.594426 0.432665 2 0.589619 0.432656 2 0.596022 0.439063 2 0.587286 0.437449 2 0.596411 0.444510 2 0.587660 0.435786 2 0.593294 0.445873 2 0.590067 0.446022 2 0.594100 0.454331 2 0.589417 0.454821 2 0.593738 0.460635 2 0.588726 0.461719 2
0 0.362395 0.287115 0.012605 0.047619 0.360824 0.267602 1 0.360707 0.266841 1 0.360800 0.266909 1 0.359292 0.267009 1 0.361202 0.266974 2 0.358318 0.271583 2 0.361170 0.270667 2 0.359545 0.277460 2 0.362776 0.277318 2 0.361860 0.281527 2 0.364488 0.281183 2 0.357599 0.284617 2 0.359978 0.283977 2 0.358121 0.292582 2 0.363186 0.289190 2 0.356019 0.303070 2 0.362787 0.297835 2
0 0.595063 0.358543 0.016807 0.054155 0.589325 0.375335 2 0.589507 0.374244 2 0.589533 0.374151 1 0.591155 0.373579 2 0.591708 0.373256 1 0.593212 0.378072 2 0.593204 0.377296 2 0.593199 0.384890 2 0.591317 0.383473 2 0.590769 0.387313 2 0.589048 0.385079 2 0.594291 0.390601 2 0.594407 0.389817 2 0.592985 0.395621 1 0.593359 0.394333 1 0.593605 0.393458 1 0.593868 0.393081 1
0 0.131040 0.304388 0.016282 0.054155 0.129953 0.285586 1 0.129761 0.284680 1 0.130056 0.284570 1 0.128394 0.285536 2 0.130872 0.285247 2 0.127777 0.291664 2 0.132164 0.291123 2 0.126256 0.296554 2 0.134550 0.297649 2 0.127400 0.293938 2 0.136407 0.301864 2 0.130072 0.305505 2 0.132742 0.305272 2 0.132062 0.315706 2 0.133416 0.314130 2 0.133683 0.325185 2 0.134522 0.324564 2
0 0.188288 0.268441 0.014181 0.047619 0.192695 0.250972 2 0.192397 0.250218 1 0.192233 0.250337 2 0.191237 0.251028 1 0.190610 0.251459 2 0.191621 0.255142 2 0.190020 0.256150 2 0.193395 0.259130 2 0.192176 0.259651 2 0.193373 0.259209 2 0.192692 0.254324 2 0.193001 0.266682 2 0.191848 0.267428 2 0.193999 0.275527 2 0.193002 0.276286 2 0.194272 0.285048 2 0.193815 0.285549 2
0 0.235294 0.302988 0.014706 0.028945 0.239408 0.290330 1 0.239024 0.289653 1 0.239482 0.289604 1 0.237383 0.289908 2 0.239554 0.290036 2 0.236278 0.294163 2 0.239597 0.294544 2 0.235685 0.300951 2 0.239650 0.301431 2 0.237715 0.303547 1 0.241499 0.302719 2 0.237194 0.305574 2 0.239397 0.306323 2 0.243001 0.298993 2 0.244980 0.299812 2 0.243044 0.307173 1 0.243831 0.308902 2
0 0.249737 0.285247 0.013130 0.056956 0.241545 0.249586 1 0.241660 0.248651 1 0.241913 0.248593 1 0.241835 0.249163 2 0.244030 0.248902 2 0.241463 0.254593 2 0.245544 0.254152 2 0.241035 0.261085 2 0.247001 0.260492 2 0.241521 0.265582 1 0.247406 0.266354 2 0.242710 0.266874 2 0.245370 0.266552 2 0.243020 0.275675 2 0.245022 0.275198 2 0.244082 0.282553 2 0.245392 0.282451 2
0 0.241859 0.267507 0.015231 0.055089 0.241493 0.249110 1 0.241587 0.248240 1 0.241856 0.248180 1 0.241422 0.248970 2 0.243843 0.248644 2 0.240801 0.254460 2 0.245420 0.254070 2 0.240121 0.260860 2 0.246762 0.260101 2 0.239922 0.265935 2 0.247081 0.265745 2 0.242288 0.266665 2 0.245357 0.266507 2 0.242557 0.275612 2 0.245067 0.275761 2 0.243661 0.282194 2 0.245349 0.283022 2
0 0.336397 0.285247 0.012080 0.049486 0.338425 0.262777 2 0.338971 0.261816 2 0.337905 0.261721 2 0.339793 0.262975 2 0.337271 0.262739 2 0.340883 0.268209 2 0.336449 0.268597 2 0.342345 0.273661 2 0.336719 0.274904 2 0.341618 0.276161 2 0.338941 0.278777 2 0.340661 0.279386 2 0.337734 0.279914 2 0.342646 0.288368 2 0.340023 0.289602 2 0.340778 0.298376 2 0.340273 0.300492 2
0 0.375000 0.221289 0.012605 0.039216 0.373568 0.209153 2 0.373819 0.208343 2 0.373122 0.208417 2 0.374012 0.208466 1 0.372264 0.208649 2 0.374076 0.211929 2 0.371302 0.212852 2 0.376172 0.215080 2 0.372045 0.217740 2 0.378905 0.217618 2 0.374527 0.218682 2 0.373318 0.221035 2 0.371482 0.221888 2 0.375929 0.223711 2 0.374173 0.224825 2 0.375342 0.231646 2 0.373825 0.232228 2
0 0.592437 0.192810 0.013655 0.040149 0.592187 0.181225 1 0.592326 0.180552 2 0.592569 0.180558 1 0.592803 0.180871 2 0.594323 0.180697 1 0.592845 0.184110 2 0.594904 0.184164 2 0.590829 0.188468 2 0.592929 0.188591 1 0.588917 0.189735 2 0.589704 0.189832 1 0.593373 0.194477 2 0.594839 0.194250 2 0.589781 0.197013 2 0.591763 0.197232 2 0.590362 0.203925 2 0.592610 0.204482 2
0 0.403361 0.123716 0.013655 0.038282 0.405136 0.114401 2 0.405483 0.113628 2 0.404787 0.113664 2 0.406024 0.114016 2 0.404325 0.114127 2 0.406772 0.117759 2 0.403789 0.118157 2 0.408255 0.121629 2 0.402683 0.121569 2 0.407264 0.121410 2 0.403977 0.119868 2 0.406458 0.126227 2 0.404481 0.126513 2 0.406967 0.133023 2 0.404499 0.133997 2 0.407718 0.140295 2 0.404807 0.141676 2
0 0.645483 0.192344 0.011555 0.042951 0.646299 0.179040 1 0.646422 0.178296 1 0.646472 0.178345 1 0.646822 0.178452 2 0.647746 0.178449 1 0.647279 0.181938 2 0.648329 0.181988 2 0.647046 0.187124 2 0.648226 0.187188 1 0.645675 0.188000 2 0.646773 0.188085 1 0.646756 0.192035 2 0.647502 0.191801 2 0.645543 0.199692 2 0.646290 0.199660 2 0.645484 0.207435 2 0.646255 0.207630 2
0 0.188813 0.156396 0.008929 0.043884 0.190982 0.145252 1 0.191183 0.144530 1 0.191044 0.144535 1 0.191404 0.145023 1 0.191783 0.144991 1 0.191000 0.149309 2 0.191825 0.149181 2 0.189793 0.154361 2 0.190833 0.154043 2 0.189747 0.158459 2 0.190027 0.158427 2 0.191364 0.158913 2 0.191976 0.158908 2 0.191572 0.165911 2 0.192189 0.165994 2 0.191975 0.172684 2 0.192812 0.172449 2
0 0.196954 0.155929 0.009454 0.033613 0.198167 0.143922 2 0.198498 0.143249 2 0.197861 0.143314 2 0.199115 0.143337 2 0.197500 0.143507 1 0.199954 0.146463 2 0.196998 0.146880 2 0.200614 0.149596 2 0.196635 0.150126 2 0.198430 0.149725 2 0.199065 0.149912 2 0.200414 0.156292 2 0.198288 0.156559 2 0.200959 0.163425 2 0.198556 0.163942 2 0.201652 0.170628 2 0.198771 0.171121 2
0 0.205882 0.160131 0.009454 0.038282 0.205921 0.144194 2 0.206326 0.143385 2 0.205505 0.143467 2 0.207056 0.143561 2 0.205032 0.143748 2 0.208262 0.147715 2 0.204582 0.147689 2 0.209815 0.152356 2 0.203897 0.151976 2 0.209199 0.156680 2 0.203842 0.156424 2 0.207902 0.158281 2 0.205441 0.158191 2 0.208303 0.166115 2 0.205373 0.165761 2 0.208705 0.174101 2 0.205718 0.173496 2
0 0.568540 0.688609 0.019433 0.049486 0.566172 0.669138 1 0.566348 0.667991 1 0.567090 0.668368 1 0.566531 0.669653 2 0.570738 0.669952 2 0.564200 0.678111 2 0.572128 0.678564 2 0.561702 0.683081 2 0.574805 0.681467 2 0.561690 0.676005 2 0.571871 0.675534 2 0.564799 0.698218 2 0.570249 0.698693 2 0.561632 0.683510 2 0.568804 0.687000 2 0.562198 0.699889 2 0.568208 0.701812 2
0 0.267069 0.106909 0.008929 0.038282 0.265481 0.096277 2 0.265703 0.095592 2 0.265421 0.095703 1 0.266625 0.095533 2 0.265923 0.095742 1 0.268314 0.098737 2 0.265963 0.098947 2 0.268996 0.102719 2 0.265441 0.102936 2 0.267085 0.102749 2 0.266540 0.102765 2 0.268998 0.108209 2 0.267251 0.108378 2 0.269588 0.115240 2 0.267696 0.115271 2 0.270725 0.121224 2 0.268101 0.121439 2
0 0.246061 0.101307 0.020483 0.036415 0.244730 0.090874 1 0.244964 0.090234 1 0.244593 0.090158 1 0.245072 0.090442 1 0.244607 0.090255 2 0.245436 0.093818 2 0.243893 0.093737 2 0.246425 0.098121 2 0.242598 0.098317 2 0.246198 0.100850 2 0.241932 0.102176 2 0.245705 0.103143 2 0.244939 0.103210 2 0.245616 0.109899 2 0.245575 0.109894 2 0.246191 0.116020 2 0.246907 0.115651 2
