0 0.302827 0.792989 0.025298 0.125661 0.292647 0.736143 2 0.294003 0.733146 2 0.291938 0.733203 2 0.298517 0.733522 2 0.293944 0.733880 1 0.301169 0.746365 2 0.298458 0.746719 2 0.300465 0.759494 2 0.295533 0.760565 2 0.294211 0.744010 2 0.290201 0.749810 2 0.303266 0.788711 2 0.301759 0.788359 2 0.304489 0.819300 2 0.305695 0.818574 2 0.308496 0.844413 2 0.309095 0.845671 2
0 0.431548 0.777778 0.031250 0.148148 0.435510 0.732283 2 0.437001 0.728798 2 0.433720 0.729643 2 0.439050 0.727030 2 0.430955 0.728595 2 0.441157 0.741257 2 0.426625 0.739828 2 0.444057 0.754917 2 0.420261 0.759227 2 0.445983 0.767646 2 0.417826 0.778470 2 0.438990 0.780644 2 0.429555 0.778660 2 0.438797 0.813163 2 0.427722 0.800439 2 0.438166 0.841117 2 0.428814 0.816594 2
0 0.325521 0.574074 0.015625 0.063492 0.324590 0.550608 1 0.324840 0.549469 1 0.325424 0.549641 1 0.324665 0.551067 2 0.328786 0.551098 2 0.322786 0.558656 2 0.329775 0.559166 2 0.320737 0.566555 2 0.331491 0.567857 2 0.321590 0.568717 1 0.331361 0.575585 1 0.323816 0.577223 2 0.328555 0.577645 2 0.323231 0.587858 2 0.328248 0.589511 2 0.323560 0.598511 2 0.328898 0.599682 2
0 0.324033 0.554233 0.014137 0.084656 0.320965 0.533499 2 0.320622 0.531954 1 0.320301 0.532179 2 0.319004 0.532429 1 0.318005 0.533110 2 0.318531 0.539765 2 0.317247 0.541166 2 0.319520 0.549047 1 0.317154 0.551934 2 0.321422 0.552446 1 0.320688 0.553161 2 0.318068 0.559778 2 0.317251 0.560588 2 0.319712 0.576327 2 0.319210 0.576700 2 0.318287 0.592128 2 0.317905 0.593675 2
0 0.338542 0.562169 0.013393 0.063492 0.335565 0.548694 2 0.336163 0.547405 2 0.335057 0.547470 2 0.337272 0.547827 2 0.334716 0.548074 2 0.339548 0.554564 2 0.334058 0.556295 2 0.342954 0.559991 2 0.333416 0.564177 2 0.340305 0.564987 2 0.334409 0.568870 2 0.339451 0.570207 2 0.336076 0.570959 2 0.339422 0.582528 2 0.337371 0.583012 2 0.339568 0.593549 2 0.338165 0.594167 2
0 0.338914 0.507937 0.012649 0.052910 0.334133 0.494350 1 0.334154 0.493278 1 0.334334 0.492955 1 0.335361 0.492664 2 0.337206 0.491808 1 0.336218 0.497887 2 0.339878 0.495516 2 0.335555 0.504737 2 0.341005 0.498762 2 0.335020 0.505945 2 0.339243 0.497155 1 0.338152 0.511003 2 0.340649 0.509836 2 0.338062 0.520012 2 0.340127 0.518908 2 0.338731 0.527976 2 0.341094 0.526194 2
0 0.402902 0.535714 0.027530 0.060847 0.404766 0.523804 2 0.405535 0.521957 2 0.404014 0.522300 2 0.407460 0.521569 2 0.404064 0.522168 1 0.408193 0.528707 2 0.405764 0.528116 2 0.401034 0.535570 2 0.400094 0.534009 2 0.395562 0.538124 2 0.395969 0.537834 2 0.411050 0.549329 2 0.409371 0.548125 2 0.400836 0.541151 2 0.400933 0.538374 2 0.400252 0.559200 2 0.401099 0.555903 2
0 0.466518 0.481481 0.019345 0.084656 0.466442 0.453300 1 0.466128 0.451918 1 0.466553 0.451900 1 0.463837 0.452912 2 0.467742 0.453051 2 0.461911 0.461719 2 0.469531 0.461853 2 0.460678 0.471569 2 0.471668 0.471887 2 0.461759 0.476216 1 0.472048 0.478264 2 0.463833 0.482075 2 0.468975 0.482137 2 0.464459 0.498194 2 0.468732 0.498403 2 0.465020 0.515126 2 0.467984 0.515713 2
0 0.393973 0.498016 0.018601 0.038360 0.389708 0.502101 2 0.390528 0.500347 2 0.388881 0.500821 2 0.392268 0.500353 2 0.388600 0.501256 2 0.392902 0.507107 2 0.389652 0.507621 2 0.388735 0.514489 2 0.386704 0.514378 1 0.387756 0.511797 2 0.386813 0.513278 1 0.395471 0.522173 1 0.393274 0.522225 1 0.389738 0.515617 1 0.389260 0.515755 1 0.390954 0.519054 1 0.390971 0.519844 1
0 0.403646 0.480159 0.021577 0.039683 0.395096 0.476624 2 0.396202 0.474656 2 0.394023 0.475037 2 0.398112 0.475656 2 0.392760 0.476632 2 0.400653 0.484392 2 0.392084 0.486123 2 0.405278 0.495099 2 0.391331 0.497026 2 0.400055 0.496971 2 0.394387 0.496372 2 0.400060 0.504240 2 0.394593 0.504786 1 0.398201 0.502327 1 0.392377 0.503183 1 0.399996 0.502945 1 0.397826 0.502753 1
0 0.472842 0.470899 0.017113 0.079365 0.466708 0.453935 1 0.466189 0.452488 1 0.466724 0.452478 1 0.463565 0.453408 2 0.467576 0.453379 2 0.461856 0.461974 2 0.469603 0.461851 2 0.461341 0.471336 2 0.472929 0.471246 2 0.462711 0.476728 1 0.472693 0.478374 2 0.464202 0.482310 2 0.469239 0.482451 2 0.465556 0.497195 2 0.469212 0.497380 2 0.465101 0.513190 2 0.467362 0.513853 2
0 0.522693 0.455688 0.024554 0.083333 0.512115 0.433333 2 0.513077 0.431695 2 0.511295 0.431708 2 0.514739 0.431373 2 0.510274 0.431534 2 0.517524 0.438118 2 0.508686 0.437974 2 0.520914 0.446972 2 0.506764 0.448320 2 0.522394 0.458325 2 0.506564 0.458950 2 0.517871 0.459403 2 0.511663 0.459257 2 0.521341 0.474575 2 0.509331 0.472217 2 0.525011 0.491661 2 0.513487 0.487614 2
0 0.487351 0.460317 0.017857 0.082011 0.486324 0.433354 2 0.487211 0.431390 2 0.485143 0.431841 2 0.488793 0.432428 2 0.483771 0.433504 2 0.490775 0.444428 2 0.482792 0.444359 2 0.492100 0.454990 2 0.481244 0.454154 2 0.490183 0.461858 2 0.482310 0.462715 2 0.489405 0.464448 2 0.484240 0.464219 2 0.489470 0.478729 2 0.485129 0.477652 2 0.490190 0.493137 2 0.486118 0.490022 2
0 0.440476 0.359788 0.014881 0.066138 0.444332 0.367163 2 0.444907 0.365882 2 0.443598 0.366272 2 0.445831 0.365321 2 0.442636 0.366238 2 0.447063 0.369123 2 0.441897 0.370633 2 0.448893 0.373018 2 0.440596 0.376181 2 0.448273 0.374388 2 0.441343 0.379681 2 0.446168 0.382015 2 0.442860 0.382663 2 0.446180 0.390293 2 0.443225 0.391084 2 0.446227 0.398767 2 0.443445 0.399448 2
0 0.357515 0.501984 0.014137 0.059524 0.351411 0.485603 1 0.351441 0.484550 1 0.351718 0.484236 1 0.351952 0.485416 2 0.354589 0.484266 2 0.352311 0.493492 2 0.355913 0.489603 2 0.352542 0.499734 2 0.358566 0.496961 2 0.352448 0.506507 2 0.359584 0.501676 2 0.354489 0.507319 2 0.357113 0.504757 2 0.354878 0.517469 2 0.358260 0.508184 2 0.355864 0.526864 2 0.361307 0.511560 2
