0 0.528274 0.416667 0.029762 0.142857 0.547910 0.440393 1 0.546718 0.437231 1 0.547641 0.437537 1 0.539540 0.438588 2 0.546740 0.440195 2 0.533413 0.457547 2 0.548135 0.461660 2 0.526476 0.479308 2 0.548149 0.490609 2 0.529534 0.488231 2 0.549003 0.500727 1 0.533672 0.505750 2 0.543786 0.507626 2 0.533548 0.515377 1 0.545875 0.515377 1 0.532375 0.515377 1 0.543044 0.515377 1
0 0.664435 0.182540 0.016369 0.068783 0.671225 0.156902 2 0.670973 0.155866 1 0.670545 0.156047 2 0.668810 0.157691 1 0.668715 0.158111 2 0.667315 0.163448 2 0.669570 0.165270 2 0.671334 0.167823 1 0.673743 0.172002 2 0.673937 0.169982 1 0.675362 0.172377 2 0.665307 0.182588 2 0.667409 0.183257 2 0.664104 0.197691 2 0.669348 0.199108 2 0.659932 0.212248 2 0.667675 0.215278 2
0 0.537574 0.508598 0.042411 0.170635 0.548375 0.440087 1 0.547397 0.436649 1 0.547447 0.437450 1 0.539256 0.438792 2 0.546155 0.440991 2 0.532502 0.459917 2 0.547960 0.461333 2 0.526042 0.482706 2 0.549604 0.490593 2 0.531256 0.491589 2 0.550531 0.508000 2 0.534041 0.509958 2 0.546070 0.510006 2 0.531370 0.545779 2 0.552150 0.539549 2 0.528064 0.580719 2 0.556842 0.570628 2
0 0.634301 0.414021 0.030506 0.140212 0.639697 0.367796 2 0.641168 0.364455 2 0.638121 0.364779 2 0.642823 0.363632 2 0.635287 0.364113 2 0.642655 0.378754 2 0.629820 0.377480 2 0.645576 0.391187 2 0.622892 0.395094 2 0.646828 0.402501 2 0.627111 0.408684 2 0.638178 0.414680 2 0.630176 0.413912 2 0.639189 0.446424 2 0.630994 0.439901 2 0.639605 0.471611 2 0.635006 0.455516 2
0 0.371280 0.402116 0.031250 0.148148 0.385404 0.345346 2 0.384979 0.342458 1 0.384093 0.342629 2 0.381001 0.343546 1 0.379567 0.344623 2 0.375284 0.355618 2 0.378088 0.359102 2 0.374746 0.376799 1 0.377360 0.380227 2 0.383134 0.382774 1 0.385461 0.368500 2 0.372872 0.389296 2 0.375044 0.391918 2 0.377502 0.422503 2 0.380736 0.426743 2 0.375416 0.449657 2 0.377580 0.455830 2
0 0.485863 0.554233 0.040179 0.174603 0.486602 0.487834 1 0.486599 0.484409 1 0.487451 0.484851 1 0.483558 0.486508 2 0.493691 0.487258 2 0.478948 0.506635 2 0.496544 0.509138 2 0.475367 0.529408 2 0.499009 0.538154 2 0.473386 0.551673 2 0.502387 0.559169 2 0.480992 0.558076 2 0.493997 0.558790 2 0.476529 0.592466 2 0.495005 0.592960 2 0.473842 0.628936 2 0.494396 0.626387 2
0 0.429688 0.462963 0.029018 0.148148 0.435178 0.403821 2 0.434375 0.401341 1 0.434191 0.401250 2 0.430690 0.404151 1 0.430968 0.404339 2 0.429452 0.420143 2 0.429148 0.421779 2 0.433176 0.440853 2 0.429190 0.446851 2 0.438516 0.452594 2 0.434707 0.465382 2 0.429989 0.458939 2 0.430328 0.460514 2 0.434196 0.489566 2 0.435537 0.492147 2 0.430651 0.518105 2 0.432794 0.522378 2
0 0.691592 0.444444 0.036458 0.156085 0.680893 0.391604 2 0.682645 0.388613 2 0.681067 0.387950 2 0.687784 0.388215 2 0.682487 0.387284 1 0.695941 0.402736 2 0.683853 0.406541 2 0.699930 0.428977 2 0.682061 0.421703 2 0.691553 0.445662 2 0.675893 0.437860 2 0.697773 0.442674 2 0.688268 0.445721 2 0.704334 0.464134 2 0.688151 0.481251 2 0.709212 0.470145 2 0.685806 0.507358 2
0 0.581473 0.381614 0.030506 0.130952 0.580461 0.332547 2 0.581634 0.329672 2 0.578989 0.330625 2 0.584397 0.329405 2 0.577664 0.331959 2 0.589051 0.343060 2 0.577042 0.345789 2 0.593673 0.358416 2 0.573893 0.362753 2 0.597385 0.376082 2 0.570987 0.378493 2 0.587479 0.378405 2 0.579733 0.379132 2 0.587668 0.405780 2 0.580503 0.405330 2 0.589128 0.432181 2 0.580754 0.430570 2
0 0.133929 0.369709 0.038690 0.128307 0.130328 0.319827 2 0.131559 0.317178 2 0.128933 0.317470 2 0.133588 0.316580 2 0.126553 0.317435 2 0.137347 0.327916 2 0.124143 0.330780 2 0.143052 0.340562 2 0.121239 0.346804 2 0.138849 0.347219 2 0.126704 0.347995 2 0.139129 0.362941 2 0.129957 0.364334 2 0.142629 0.390396 2 0.131328 0.391309 2 0.147426 0.416287 2 0.132684 0.417312 2
0 0.155506 0.344577 0.026786 0.112434 0.150940 0.307314 2 0.152056 0.305280 2 0.151449 0.305187 1 0.155301 0.306429 2 0.153989 0.305973 1 0.155834 0.319135 2 0.154540 0.317541 2 0.150062 0.332377 2 0.149523 0.329685 2 0.144661 0.328675 2 0.146854 0.328312 2 0.154845 0.348636 2 0.152861 0.347630 2 0.157506 0.372730 2 0.150802 0.370565 2 0.164453 0.393742 2 0.150668 0.392944 2
0 0.550967 0.205026 0.021577 0.082011 0.552220 0.174610 1 0.552446 0.172885 1 0.552730 0.173119 1 0.552140 0.174087 2 0.555765 0.174245 2 0.550261 0.184649 2 0.557672 0.184683 2 0.547873 0.196491 2 0.558656 0.196258 2 0.546665 0.206061 2 0.557821 0.204959 2 0.551293 0.207549 2 0.556236 0.207555 2 0.551674 0.225482 2 0.555544 0.225786 2 0.551674 0.242941 2 0.554012 0.242211 2
0 0.953869 0.306878 0.035714 0.124339 0.958754 0.260618 1 0.959166 0.258100 1 0.959751 0.258857 1 0.958854 0.260137 2 0.965705 0.261051 2 0.955057 0.274354 2 0.969707 0.276837 2 0.949256 0.292742 2 0.972120 0.294180 2 0.945302 0.308491 2 0.969500 0.293422 2 0.952702 0.311173 2 0.962986 0.312050 2 0.947529 0.333044 2 0.961044 0.336355 2 0.944588 0.357075 2 0.960194 0.360613 2
0 0.790923 0.276455 0.026786 0.105820 0.790186 0.239854 2 0.790227 0.237884 2 0.789446 0.237510 2 0.788978 0.238522 1 0.786486 0.237538 2 0.788118 0.248970 2 0.781843 0.247091 2 0.788286 0.263757 2 0.778603 0.261993 2 0.790860 0.270564 2 0.785267 0.270606 2 0.785980 0.271338 2 0.781340 0.271772 2 0.797356 0.278665 2 0.788995 0.278996 2 0.794562 0.300451 2 0.787029 0.301399 2
0 0.808036 0.271164 0.023810 0.095238 0.808158 0.238924 2 0.807909 0.237316 1 0.807659 0.237341 2 0.806820 0.237473 1 0.805403 0.237615 2 0.806803 0.246351 2 0.801085 0.247436 2 0.809197 0.258120 2 0.804707 0.261751 2 0.813168 0.266267 2 0.810373 0.269951 2 0.806205 0.268672 2 0.801042 0.270028 2 0.812439 0.278240 2 0.801141 0.281378 2 0.812650 0.300796 2 0.797366 0.301475 2
0 0.848214 0.876984 0.061012 0.232804 0.857926 0.798300 2 0.861320 0.794232 2 0.855500 0.792578 2 0.865441 0.796147 2 0.850480 0.791719 2 0.866547 0.822714 2 0.844324 0.816492 2 0.868103 0.856233 2 0.843400 0.849463 2 0.863467 0.872909 2 0.849658 0.869814 2 0.857223 0.881493 2 0.841842 0.877383 2 0.852436 0.924376 2 0.835161 0.916645 2 0.845346 0.964886 2 0.827166 0.958263 2
0 0.538318 0.325397 0.026042 0.108466 0.538336 0.363337 2 0.538204 0.360670 1 0.537099 0.360736 2 0.535402 0.360604 1 0.532988 0.361162 2 0.531646 0.375396 2 0.528451 0.376051 2 0.529382 0.395797 1 0.524280 0.397857 1 0.533616 0.397747 1 0.530682 0.398625 1 0.527729 0.399884 1 0.525544 0.399884 1 0.533104 0.388213 1 0.530492 0.391014 1 0.528957 0.399884 1 0.526043 0.399884 1
0 0.520833 0.300926 0.026786 0.099206 0.516940 0.261489 2 0.518135 0.260020 2 0.516587 0.259761 2 0.520684 0.261274 2 0.516674 0.260737 1 0.523783 0.271052 2 0.513254 0.270441 2 0.529072 0.277234 2 0.507825 0.276544 2 0.525008 0.282404 2 0.511235 0.281892 2 0.521403 0.301007 2 0.514827 0.300729 2 0.521294 0.323485 2 0.515869 0.322768 2 0.522048 0.346815 2 0.516710 0.344760 2
0 0.484003 0.167989 0.017113 0.063492 0.479147 0.162943 2 0.479120 0.161507 2 0.478801 0.161974 1 0.480003 0.159824 2 0.479141 0.160759 1 0.482957 0.160921 2 0.481899 0.161261 2 0.484584 0.169031 2 0.483535 0.167717 2 0.483218 0.174486 2 0.483120 0.172815 2 0.487602 0.163928 2 0.486486 0.163943 2 0.487240 0.177411 2 0.484605 0.176523 2 0.490104 0.190832 2 0.484819 0.190519 2
0 0.094494 0.312831 0.017857 0.070106 0.094343 0.294260 2 0.094812 0.292351 2 0.093209 0.293117 2 0.095555 0.291997 1 0.091432 0.293871 2 0.096975 0.297977 2 0.091005 0.301201 2 0.099623 0.303508 2 0.090576 0.309715 2 0.098273 0.305421 2 0.094047 0.308736 2 0.097723 0.313647 2 0.093862 0.315274 2 0.099372 0.321375 2 0.095108 0.323290 2 0.099668 0.333570 2 0.095950 0.334928 2
0 0.627604 0.138228 0.017113 0.070106 0.630311 0.116540 2 0.630798 0.115337 2 0.629651 0.115356 2 0.631225 0.115842 1 0.628389 0.115739 2 0.631908 0.122866 2 0.626405 0.122380 2 0.632560 0.130616 2 0.624434 0.130044 2 0.632464 0.133906 2 0.626408 0.126455 2 0.630479 0.140973 2 0.626567 0.140553 2 0.630074 0.154887 2 0.624803 0.152360 2 0.629874 0.167907 2 0.623621 0.163747 2
0 0.195312 0.142196 0.017113 0.054233 0.195014 0.124365 1 0.195028 0.123336 1 0.195291 0.123303 1 0.194465 0.124180 2 0.197315 0.123892 2 0.193494 0.130812 2 0.198981 0.130534 2 0.192675 0.138779 2 0.200812 0.138204 2 0.192280 0.146275 2 0.201632 0.144910 2 0.195652 0.146228 2 0.199473 0.146258 2 0.195538 0.157444 2 0.200015 0.157856 2 0.196069 0.168743 2 0.200559 0.169099 2
0 0.785342 0.188492 0.017113 0.062169 0.784498 0.167019 1 0.784342 0.165917 1 0.784777 0.165995 1 0.782879 0.166717 2 0.786268 0.166897 2 0.781842 0.173394 2 0.786550 0.173113 2 0.780097 0.181342 2 0.790050 0.177676 2 0.780821 0.182976 2 0.794093 0.177167 2 0.781863 0.189001 2 0.784847 0.189009 2 0.780821 0.198431 2 0.784338 0.200570 2 0.779067 0.208224 2 0.783880 0.211126 2
0 0.463914 0.115741 0.012649 0.054233 0.462491 0.097064 1 0.462521 0.096038 1 0.462767 0.096081 1 0.462288 0.096616 2 0.464864 0.096485 2 0.461969 0.102362 2 0.466288 0.102254 2 0.461189 0.108935 2 0.467942 0.109373 2 0.461434 0.112639 1 0.467345 0.114521 1 0.463589 0.115693 2 0.466579 0.115664 2 0.463450 0.125139 2 0.466543 0.125102 2 0.463998 0.133832 2 0.467756 0.133734 2
0 0.831101 0.175265 0.014881 0.054233 0.831565 0.159816 1 0.831808 0.158977 1 0.831909 0.158981 1 0.832294 0.159888 2 0.833763 0.159781 1 0.831220 0.164518 2 0.834242 0.163793 2 0.828389 0.162104 2 0.831546 0.159494 2 0.827361 0.155959 2 0.828565 0.153676 2 0.830355 0.178936 2 0.832391 0.178490 2 0.829541 0.189040 2 0.831620 0.189352 2 0.829661 0.198514 2 0.831650 0.198647 2
0 0.242932 0.113757 0.014137 0.044974 0.247321 0.093941 1 0.247248 0.092971 1 0.247334 0.092952 1 0.246325 0.092900 1 0.247292 0.092922 2 0.245793 0.097781 2 0.246516 0.097665 2 0.244502 0.103127 2 0.244992 0.102918 2 0.243637 0.105755 2 0.244301 0.105447 2 0.246132 0.110036 2 0.246621 0.110099 2 0.246806 0.118934 2 0.246629 0.118796 2 0.247532 0.128148 2 0.247261 0.127850 2
0 0.702009 0.136905 0.012649 0.048942 0.701324 0.124247 2 0.701760 0.123288 1 0.700898 0.123275 2 0.702358 0.123679 1 0.700366 0.123614 2 0.702977 0.129361 2 0.699608 0.128997 2 0.703787 0.135867 2 0.698482 0.135258 2 0.703286 0.140814 2 0.697984 0.141016 2 0.701663 0.141913 2 0.699420 0.141565 2 0.700997 0.150688 2 0.698274 0.150205 2 0.700476 0.159367 2 0.697242 0.158463 2
0 0.613839 0.269180 0.014881 0.064815 0.619052 0.253929 2 0.620132 0.251341 1 0.617873 0.251834 2 0.621497 0.247843 1 0.615641 0.249408 2 0.620813 0.250338 2 0.613582 0.256338 2 0.620858 0.253778 2 0.611915 0.273953 2 0.618312 0.253503 2 0.610132 0.291653 2 0.618275 0.267747 2 0.613606 0.270096 2 0.617420 0.280530 2 0.612085 0.283192 2 0.615628 0.293100 2 0.610771 0.293676 2
0 0.925967 0.292328 0.027530 0.108466 0.922802 0.261229 2 0.923502 0.259358 2 0.923402 0.259435 1 0.926581 0.260856 2 0.929063 0.260665 1 0.925203 0.269097 2 0.930497 0.269439 2 0.918952 0.269753 2 0.927283 0.272411 2 0.923045 0.266056 2 0.926542 0.268084 2 0.928828 0.297734 2 0.933468 0.298022 2 0.916310 0.310724 2 0.928812 0.313102 2 0.916638 0.331235 2 0.938746 0.328688 2
0 0.957961 0.271825 0.026042 0.104497 0.960039 0.261660 1 0.960232 0.258960 1 0.960930 0.259987 1 0.958881 0.260075 2 0.965540 0.261770 2 0.954717 0.274122 2 0.969174 0.277239 2 0.948881 0.293319 2 0.971828 0.294257 2 0.945659 0.309019 2 0.967260 0.292591 2 0.952438 0.312890 2 0.962059 0.313863 2 0.946884 0.335528 2 0.956902 0.338567 2 0.944685 0.342249 1 0.952934 0.343543 1
0 0.559524 0.229497 0.017857 0.078042 0.561525 0.196505 2 0.562142 0.194796 2 0.560442 0.194851 2 0.561678 0.196857 1 0.558096 0.196713 2 0.561593 0.206624 2 0.557312 0.207880 2 0.561464 0.218511 2 0.556197 0.221433 2 0.562137 0.219274 2 0.561944 0.221457 2 0.559691 0.231417 2 0.557588 0.232063 2 0.557548 0.249024 2 0.561711 0.250422 2 0.552092 0.262782 2 0.561702 0.269611 2
0 0.738467 0.134921 0.017113 0.052910 0.739750 0.113185 2 0.740250 0.112220 2 0.739191 0.112066 2 0.740762 0.113267 2 0.738158 0.112809 2 0.741366 0.119801 2 0.736005 0.119412 2 0.741828 0.127724 2 0.734226 0.127944 2 0.741873 0.131513 2 0.737204 0.130455 2 0.739849 0.134701 2 0.736235 0.134552 2 0.739103 0.146591 2 0.735139 0.146354 2 0.737734 0.159259 2 0.734100 0.158942 2
0 0.973586 0.271164 0.021577 0.095238 0.960892 0.261064 1 0.960871 0.258374 1 0.961621 0.258886 1 0.960099 0.259396 2 0.965896 0.260328 2 0.959694 0.274676 1 0.969313 0.276715 2 0.961214 0.290273 1 0.971931 0.293785 2 0.962327 0.289457 1 0.968201 0.289935 2 0.959077 0.312687 1 0.964239 0.312802 2 0.959077 0.334138 1 0.961631 0.334257 2 0.961123 0.333825 1 0.960404 0.336370 1
0 0.955729 0.174603 0.020089 0.063492 0.953571 0.154069 1 0.953660 0.152768 1 0.954100 0.153063 1 0.954977 0.152958 2 0.957323 0.153528 1 0.955462 0.158090 2 0.958412 0.158535 2 0.951658 0.161500 2 0.955445 0.163758 2 0.953083 0.153622 2 0.955122 0.155638 2 0.954185 0.177097 2 0.955962 0.176438 2 0.949998 0.189168 2 0.950719 0.188042 2 0.950179 0.205328 2 0.950724 0.204058 2
0 0.904762 0.184524 0.020833 0.046296 0.903490 0.174267 2 0.904249 0.172853 2 0.902910 0.172813 2 0.905402 0.173340 2 0.902204 0.173222 1 0.906717 0.179141 2 0.901144 0.178841 2 0.906218 0.187385 2 0.899456 0.186438 2 0.901693 0.191275 2 0.898451 0.191551 2 0.905354 0.191353 2 0.901625 0.190681 2 0.903905 0.192004 2 0.897497 0.191205 2 0.899947 0.197419 2 0.898222 0.196940 2
0 0.940476 0.193783 0.017857 0.035714 0.938360 0.182168 2 0.939196 0.180679 2 0.937585 0.180959 2 0.940733 0.180734 2 0.936698 0.181265 2 0.943059 0.186088 2 0.935851 0.186194 2 0.942419 0.195144 2 0.933487 0.194024 2 0.937988 0.199620 2 0.934527 0.196379 2 0.942978 0.200226 2 0.938042 0.199585 2 0.937904 0.200785 2 0.931750 0.199638 2 0.936291 0.206648 2 0.932942 0.205659 1
