0 0.959821 0.290344 0.025298 0.093915 0.966946 0.254028 1 0.966474 0.252019 1 0.966738 0.252223 1 0.961821 0.252370 2 0.966316 0.253480 2 0.957142 0.259921 2 0.966427 0.263662 2 0.952437 0.265623 2 0.973064 0.272552 2 0.957171 0.266214 2 0.976662 0.272475 2 0.954691 0.287109 2 0.960985 0.288851 2 0.954014 0.305886 2 0.963316 0.310172 2 0.948003 0.324953 2 0.962545 0.331536 2
0 0.356027 0.160053 0.017113 0.068783 0.357721 0.138039 2 0.357920 0.136821 1 0.357173 0.136454 2 0.357147 0.136860 1 0.354925 0.136413 2 0.357025 0.142446 2 0.351948 0.144155 2 0.360383 0.142476 2 0.349534 0.152830 2 0.359392 0.140323 2 0.350289 0.160674 2 0.356609 0.162297 2 0.353265 0.163078 2 0.358264 0.176272 2 0.353643 0.176915 2 0.360629 0.190379 2 0.354305 0.190874 2
0 0.186012 0.106481 0.016369 0.048942 0.186618 0.114878 1 0.186701 0.113832 1 0.186997 0.113746 1 0.187081 0.114667 2 0.189664 0.114223 2 0.186845 0.121523 2 0.191928 0.120955 2 0.185863 0.126311 2 0.194141 0.125615 2 0.186749 0.122811 1 0.191790 0.123087 1 0.188847 0.136557 2 0.192194 0.136192 2 0.188854 0.139716 1 0.192434 0.139716 1 0.189072 0.139215 1 0.192576 0.139117 1
0 0.537202 0.423942 0.022321 0.149471 0.534171 0.363210 1 0.534838 0.360828 1 0.535396 0.361048 1 0.536084 0.363949 2 0.541894 0.363395 1 0.535380 0.380508 2 0.545461 0.378861 2 0.534464 0.403085 2 0.544220 0.398800 1 0.528852 0.418151 2 0.538099 0.409402 1 0.538070 0.421104 2 0.545248 0.420150 2 0.535020 0.450893 2 0.542357 0.449826 2 0.539388 0.479992 2 0.544761 0.477177 2
0 0.779762 0.365741 0.032738 0.125661 0.783072 0.323988 2 0.784933 0.322920 2 0.782792 0.320898 2 0.787646 0.321370 2 0.782159 0.316781 1 0.788678 0.326131 2 0.776938 0.320528 2 0.788445 0.340588 2 0.769409 0.335061 2 0.787885 0.353986 2 0.764657 0.352861 2 0.783391 0.359222 2 0.775255 0.355999 2 0.784060 0.387911 2 0.771144 0.380543 2 0.783142 0.412366 2 0.770348 0.406003 2
0 0.668527 0.179894 0.017113 0.068783 0.668467 0.155085 1 0.668777 0.153819 1 0.669026 0.154034 1 0.669253 0.154590 2 0.672165 0.154745 1 0.667671 0.161263 2 0.673464 0.161668 2 0.665327 0.169389 2 0.674821 0.170272 2 0.664999 0.173791 2 0.674020 0.174343 2 0.667832 0.179211 2 0.671943 0.179342 2 0.666373 0.193999 2 0.672013 0.194747 2 0.665469 0.209921 2 0.672149 0.209096 2
0 0.655506 0.449735 0.029762 0.164021 0.653679 0.385192 2 0.654666 0.382161 2 0.654849 0.382401 1 0.657726 0.385647 2 0.661714 0.385240 1 0.655998 0.406024 2 0.665171 0.403652 2 0.653462 0.430318 2 0.663989 0.425549 1 0.649204 0.427861 2 0.654011 0.424784 1 0.655237 0.448098 2 0.661811 0.446813 2 0.654569 0.479125 2 0.661217 0.478258 2 0.654997 0.515742 2 0.661290 0.510007 2
0 0.357143 0.450397 0.031250 0.144180 0.355291 0.398433 1 0.353643 0.396198 1 0.354543 0.396065 1 0.345361 0.399657 1 0.351905 0.399718 2 0.341615 0.416363 2 0.355807 0.415973 2 0.340634 0.437149 2 0.363592 0.433024 2 0.345059 0.449833 2 0.369953 0.444978 2 0.346294 0.457535 2 0.356041 0.457919 2 0.347443 0.486103 2 0.358293 0.485345 2 0.347349 0.510976 2 0.359416 0.516391 2
0 0.231771 0.418651 0.033482 0.138889 0.240156 0.359835 2 0.239129 0.357717 1 0.238846 0.358043 2 0.235598 0.361554 1 0.235177 0.362837 2 0.236037 0.378275 2 0.234203 0.380365 2 0.236504 0.399872 1 0.233012 0.402068 2 0.239940 0.416089 1 0.236616 0.419598 2 0.238784 0.417393 2 0.237575 0.419188 2 0.241150 0.442934 2 0.239405 0.446574 2 0.240595 0.467286 2 0.238856 0.474130 2
0 0.317336 0.406746 0.027530 0.141534 0.318252 0.350051 2 0.317558 0.347872 1 0.316733 0.348482 2 0.314383 0.351576 1 0.313300 0.353410 2 0.312505 0.366252 2 0.314536 0.367855 2 0.312596 0.385998 1 0.314994 0.388658 2 0.318099 0.400571 1 0.318900 0.405662 2 0.312221 0.397519 2 0.314168 0.398533 2 0.315144 0.426235 2 0.319428 0.426900 2 0.315422 0.452107 2 0.321064 0.454150 2
0 0.456473 0.416667 0.031994 0.142857 0.456391 0.356275 1 0.457059 0.354018 1 0.457499 0.354087 1 0.457514 0.357360 2 0.463964 0.356942 2 0.454463 0.374515 2 0.467828 0.373174 2 0.451513 0.391422 2 0.466245 0.385927 2 0.451812 0.386898 1 0.459760 0.383989 1 0.457335 0.415187 2 0.466735 0.414754 2 0.456222 0.441994 2 0.466759 0.444320 2 0.460135 0.470571 2 0.468420 0.472353 2
0 0.345238 0.422619 0.023810 0.146825 0.356604 0.400573 1 0.354937 0.397701 1 0.355824 0.397672 1 0.346528 0.399669 1 0.352421 0.400049 2 0.341896 0.416811 2 0.355704 0.416905 2 0.340426 0.438424 2 0.359426 0.438376 2 0.345430 0.450919 2 0.359841 0.454372 2 0.345775 0.457391 2 0.355619 0.457671 2 0.347089 0.488463 2 0.358051 0.486463 2 0.347048 0.514514 2 0.358387 0.517434 2
0 0.385417 0.384259 0.028274 0.162698 0.376375 0.358496 1 0.376731 0.355957 1 0.377546 0.356381 1 0.376531 0.357689 2 0.383056 0.358003 2 0.375493 0.370687 2 0.386634 0.373119 2 0.374043 0.389427 2 0.388457 0.393019 2 0.373615 0.403981 2 0.384899 0.401988 2 0.376402 0.406470 2 0.383480 0.407010 2 0.369060 0.432617 2 0.373425 0.434515 2 0.373549 0.457775 2 0.374196 0.461028 2
0 0.419643 0.408069 0.022321 0.146825 0.413597 0.352093 1 0.413977 0.349280 1 0.414828 0.349485 1 0.414936 0.351268 2 0.420751 0.350745 1 0.414965 0.368303 2 0.423700 0.365227 2 0.411906 0.387783 2 0.422919 0.383009 1 0.405349 0.393551 2 0.415341 0.389289 1 0.418033 0.404203 2 0.423249 0.402015 2 0.417444 0.433720 2 0.417715 0.428142 2 0.421253 0.462656 2 0.416709 0.453451 2
0 0.176711 0.368386 0.026042 0.125661 0.168655 0.319005 2 0.169923 0.315819 2 0.168725 0.316126 1 0.173244 0.316991 2 0.170747 0.317624 1 0.178225 0.329722 2 0.171132 0.329426 2 0.183787 0.347221 2 0.172853 0.343848 2 0.175203 0.352699 2 0.169424 0.348866 2 0.180031 0.360827 2 0.175306 0.359948 2 0.181757 0.386021 2 0.171227 0.383396 2 0.183494 0.412174 2 0.182434 0.406549 2
0 0.125744 0.365079 0.028274 0.129630 0.117832 0.317724 2 0.119074 0.315139 2 0.117420 0.315314 2 0.123879 0.316342 2 0.119710 0.316995 1 0.128230 0.329911 2 0.118288 0.329530 2 0.134877 0.345656 2 0.119338 0.343923 2 0.134462 0.363767 2 0.116733 0.349373 2 0.128480 0.363811 2 0.123196 0.363680 2 0.127857 0.388977 2 0.128566 0.386848 2 0.127279 0.413872 2 0.137771 0.401733 2
0 0.407366 0.300265 0.017113 0.100529 0.409858 0.267775 2 0.410510 0.265711 2 0.408728 0.265718 2 0.410797 0.266786 1 0.406200 0.266825 2 0.412145 0.277277 2 0.403066 0.277837 2 0.414856 0.286539 2 0.401282 0.289638 2 0.412732 0.278137 2 0.407495 0.284878 2 0.410770 0.304344 2 0.404540 0.304646 2 0.411451 0.325348 2 0.404340 0.325809 2 0.411357 0.345011 2 0.404474 0.345477 2
0 0.551339 0.207011 0.019345 0.085979 0.549575 0.173711 1 0.549489 0.172087 1 0.549812 0.172155 1 0.547875 0.173205 2 0.551811 0.173199 2 0.545934 0.183578 2 0.553852 0.183078 2 0.543838 0.194659 2 0.556324 0.194850 2 0.543318 0.204890 2 0.556797 0.203194 2 0.547077 0.206170 2 0.552310 0.205686 2 0.547982 0.224341 2 0.552257 0.221761 2 0.548761 0.242175 2 0.551857 0.238341 2
0 0.943080 0.275794 0.029018 0.115079 0.948205 0.234800 1 0.947235 0.232396 1 0.947648 0.232820 1 0.940663 0.232874 1 0.945956 0.234115 2 0.935611 0.244788 2 0.948076 0.246481 2 0.932963 0.261597 2 0.950552 0.262445 2 0.936782 0.268705 1 0.948301 0.267441 2 0.935328 0.278376 2 0.944307 0.279454 2 0.933906 0.299557 2 0.945330 0.300669 2 0.931664 0.320962 2 0.944478 0.324346 2
0 0.418527 0.289683 0.023065 0.103175 0.410619 0.249247 2 0.411568 0.246686 2 0.409545 0.247588 2 0.414187 0.245465 2 0.408893 0.247601 1 0.418116 0.254606 2 0.408895 0.257941 2 0.420359 0.265399 2 0.408121 0.271133 2 0.413729 0.267958 2 0.412182 0.269368 2 0.419165 0.286584 2 0.412804 0.288317 2 0.418891 0.310065 2 0.413132 0.312112 2 0.420037 0.334188 2 0.413478 0.334402 2
0 0.788690 0.274471 0.020833 0.085979 0.792480 0.242984 2 0.792843 0.241163 2 0.791520 0.240874 2 0.792347 0.242107 1 0.788638 0.241197 2 0.790507 0.252298 2 0.784806 0.250607 2 0.790331 0.267286 2 0.781404 0.264642 2 0.792980 0.275031 2 0.788047 0.272851 2 0.788661 0.273388 2 0.784655 0.274311 2 0.799184 0.280628 2 0.795038 0.283165 2 0.793093 0.299172 2 0.789686 0.301745 2
0 0.812500 0.272487 0.025298 0.082011 0.810838 0.243181 2 0.810794 0.241012 2 0.810033 0.240979 2 0.809438 0.240937 1 0.807163 0.241144 2 0.809114 0.246648 2 0.803220 0.250918 2 0.812259 0.261368 2 0.808617 0.264226 2 0.816018 0.268528 2 0.813829 0.273674 2 0.809925 0.268049 2 0.805626 0.272983 2 0.820224 0.268767 2 0.813288 0.284926 2 0.814006 0.283103 2 0.815489 0.303925 2
0 0.963170 0.931217 0.061756 0.134921 0.968343 0.902650 2 0.972549 0.897724 2 0.965435 0.895512 2 0.977487 0.901242 2 0.959889 0.895828 2 0.978095 0.935660 2 0.952564 0.922008 2 0.968141 0.977658 2 0.945790 0.950425 2 0.952851 0.983650 2 0.942934 0.974659 2 0.967361 0.994361 2 0.949909 0.987010 2 0.960735 0.988730 1 0.941412 0.984279 1 0.954651 0.995160 1 0.946061 0.994628 1
0 0.539807 0.326058 0.024554 0.064815 0.540445 0.309047 2 0.541342 0.307050 1 0.539402 0.307280 1 0.542732 0.304162 1 0.538115 0.304724 1 0.545345 0.304428 2 0.534712 0.304349 2 0.548836 0.318489 2 0.531367 0.316867 2 0.543859 0.318469 2 0.537608 0.318597 2 0.544533 0.323459 2 0.537290 0.323880 2 0.548979 0.322686 2 0.531474 0.324579 2 0.545835 0.346738 2 0.536206 0.345882 2
0 0.500744 0.162037 0.014881 0.070106 0.498635 0.138053 2 0.498941 0.137008 1 0.498663 0.136975 1 0.499719 0.137132 2 0.499489 0.136994 1 0.500826 0.143564 2 0.500683 0.143561 2 0.501342 0.151807 2 0.500869 0.151271 2 0.499401 0.156151 2 0.499236 0.157794 2 0.502744 0.159524 2 0.502111 0.159369 2 0.500605 0.172835 2 0.498573 0.173317 2 0.506303 0.184266 2 0.498892 0.185623 2
0 0.128348 0.335317 0.018601 0.041005 0.117688 0.317468 2 0.119338 0.315184 2 0.117440 0.314894 2 0.123633 0.315630 2 0.118087 0.314563 1 0.127655 0.326664 2 0.118010 0.326466 2 0.135140 0.345661 2 0.117703 0.346072 1 0.133046 0.344121 2 0.115995 0.357066 1 0.127424 0.359912 2 0.120660 0.359753 1 0.127215 0.357085 1 0.118106 0.358523 1 0.132951 0.351332 1 0.122461 0.348096 1
0 0.095982 0.316138 0.032738 0.058201 0.098439 0.305066 2 0.099545 0.303277 2 0.097444 0.303504 2 0.101628 0.301983 2 0.095897 0.302945 2 0.103572 0.307505 2 0.093715 0.310879 2 0.109370 0.314763 2 0.089976 0.322895 2 0.106607 0.315670 2 0.087753 0.332263 2 0.102853 0.326798 2 0.095848 0.328286 2 0.106055 0.319394 2 0.090915 0.323490 2 0.109447 0.335332 2 0.090080 0.338083 2
0 0.180432 0.198413 0.011161 0.026455 0.181859 0.191821 2 0.182384 0.190911 1 0.181399 0.190791 2 0.183085 0.190907 1 0.180519 0.190628 2 0.183467 0.195518 2 0.179319 0.195270 2 0.183324 0.201538 2 0.178522 0.201333 2 0.182822 0.207490 2 0.179687 0.207715 2 0.182382 0.204781 2 0.179456 0.204783 2 0.183201 0.210588 2 0.179304 0.210784 2 0.183371 0.214694 1 0.179044 0.215223 1
0 0.189360 0.132937 0.017113 0.048942 0.185625 0.115260 1 0.185750 0.114078 1 0.186179 0.113970 1 0.186827 0.114757 2 0.189600 0.114256 1 0.187085 0.121494 2 0.191456 0.120614 2 0.185791 0.126536 2 0.194153 0.126445 2 0.185998 0.125164 2 0.193850 0.131014 2 0.189585 0.136655 2 0.192310 0.136258 2 0.191054 0.146515 2 0.193135 0.146377 2 0.191694 0.156330 2 0.194676 0.155605 2
0 0.782366 0.185185 0.018601 0.052910 0.786352 0.165229 1 0.785996 0.164004 1 0.786475 0.164294 1 0.783651 0.164464 2 0.786945 0.165468 2 0.781793 0.170415 2 0.786947 0.172139 2 0.779894 0.176810 2 0.787480 0.180396 2 0.780410 0.182257 1 0.785992 0.185508 2 0.780565 0.185480 2 0.783915 0.186046 2 0.780434 0.196688 2 0.782492 0.197186 2 0.780093 0.207912 2 0.781429 0.207797 2
0 0.465402 0.117063 0.012649 0.043651 0.468274 0.101817 2 0.468649 0.100914 1 0.467847 0.100702 2 0.468870 0.101074 1 0.466573 0.100537 2 0.469121 0.106808 2 0.463953 0.105764 2 0.469905 0.113973 2 0.461694 0.111012 2 0.470205 0.121265 2 0.461384 0.116714 2 0.467395 0.118485 2 0.463758 0.118238 2 0.467688 0.126473 2 0.462625 0.126777 2 0.468362 0.135824 2 0.462313 0.135334 2
0 0.402158 0.096561 0.009673 0.044974 0.398776 0.080011 1 0.398723 0.079276 1 0.398765 0.079194 1 0.399319 0.078348 2 0.400023 0.078108 1 0.401001 0.079349 2 0.401905 0.079698 2 0.403037 0.081159 2 0.404055 0.082308 2 0.401905 0.084138 2 0.403122 0.084162 1 0.403614 0.084574 2 0.404292 0.084534 2 0.401428 0.091287 2 0.402422 0.091396 2 0.401470 0.098086 2 0.403003 0.098467 2
0 0.139137 0.115741 0.014881 0.030423 0.137404 0.113515 2 0.138087 0.111568 2 0.136062 0.111898 2 0.138966 0.112575 2 0.134060 0.113652 2 0.140875 0.120186 2 0.131580 0.121149 2 0.142761 0.127912 2 0.131937 0.128664 1 0.139579 0.127337 2 0.139969 0.127288 1 0.140476 0.129764 1 0.134471 0.130560 1 0.141139 0.122259 1 0.133290 0.124303 1 0.139259 0.127404 1 0.139802 0.126720 1
0 0.989955 0.261905 0.018601 0.113757 0.995666 0.223721 2 0.996880 0.220957 2 0.994695 0.220980 2 0.999594 0.217526 1 0.994729 0.217252 1 0.997920 0.219006 1 0.996197 0.218155 1 0.993753 0.213985 1 0.992374 0.211770 1 0.995638 0.218270 1 0.995660 0.215283 2 0.998556 0.253509 1 0.997208 0.253011 2 0.993689 0.284022 2 0.992886 0.283976 2 0.987450 0.305916 2 0.987414 0.306106 2
0 0.957217 0.218915 0.021577 0.070106 0.947834 0.232786 1 0.946988 0.230958 1 0.947409 0.231017 2 0.943630 0.232515 1 0.946113 0.232839 2 0.943625 0.244992 1 0.947945 0.245365 2 0.947383 0.262354 1 0.950846 0.263541 2 0.950905 0.264004 1 0.953225 0.265101 2 0.942708 0.266555 1 0.945792 0.266555 1 0.946514 0.260755 1 0.950635 0.259200 1 0.945020 0.266555 1 0.949520 0.266555 1
0 0.557292 0.101852 0.013393 0.039683 0.555018 0.088226 1 0.555280 0.087432 2 0.555318 0.087478 1 0.556013 0.088177 2 0.556849 0.088082 1 0.556549 0.092758 2 0.557168 0.092550 2 0.554241 0.097835 2 0.554288 0.097719 1 0.551137 0.098068 2 0.551491 0.098769 1 0.556211 0.103364 2 0.556807 0.102877 2 0.553749 0.110637 2 0.555575 0.109831 2 0.554160 0.118298 2 0.557193 0.118534 2
0 0.558408 0.085317 0.011161 0.033069 0.555529 0.088104 1 0.555663 0.087345 1 0.555878 0.087478 1 0.555869 0.087923 2 0.557658 0.088013 2 0.555383 0.092414 2 0.558446 0.092959 2 0.553838 0.097150 2 0.558783 0.099364 2 0.551314 0.097838 2 0.559265 0.103533 2 0.555464 0.103248 2 0.557638 0.103380 2 0.553619 0.107907 1 0.557515 0.108176 1 0.553552 0.107244 1 0.557863 0.107859 1
0 0.906622 0.189815 0.020089 0.038360 0.906394 0.176597 2 0.906977 0.175200 2 0.905712 0.175340 2 0.907861 0.175288 2 0.904556 0.175699 2 0.909627 0.181811 2 0.903130 0.182328 2 0.908611 0.191383 2 0.901349 0.191119 2 0.903038 0.196006 2 0.900668 0.196403 2 0.908278 0.204649 2 0.903572 0.204540 2 0.907259 0.210249 1 0.901195 0.210671 1 0.906925 0.211548 1 0.901578 0.212334 1
0 0.940848 0.192460 0.020089 0.033069 0.941670 0.186080 2 0.942612 0.184363 2 0.940724 0.184492 2 0.944039 0.185019 2 0.939444 0.185382 2 0.945825 0.191621 2 0.937739 0.191638 2 0.946549 0.198495 2 0.934802 0.198555 2 0.941420 0.200066 2 0.937513 0.200523 2 0.943595 0.206294 2 0.938323 0.205834 2 0.943422 0.202482 2 0.934948 0.201342 2 0.941617 0.209451 1 0.938942 0.207887 1
0 0.925967 0.190476 0.018601 0.034392 0.928090 0.185139 2 0.928290 0.183841 2 0.927262 0.183803 2 0.928074 0.184543 1 0.925112 0.184623 2 0.928144 0.192169 2 0.923578 0.192813 2 0.929582 0.201236 2 0.921963 0.203065 2 0.926850 0.206573 2 0.925881 0.208625 2 0.926854 0.208711 2 0.923926 0.209231 2 0.926203 0.211072 1 0.923156 0.211964 1 0.925939 0.211328 1 0.923180 0.211524 1
