0 0.469122 0.943783 0.081101 0.104497 0.441887 0.916111 2 0.443806 0.908818 2 0.438185 0.912110 2 0.448570 0.904585 2 0.435547 0.912487 2 0.457227 0.917907 2 0.435593 0.928189 2 0.466580 0.946545 2 0.437273 0.958339 2 0.477385 0.962848 2 0.444310 0.967579 2 0.461906 0.963371 2 0.447795 0.970166 2 0.474661 0.980198 2 0.449897 0.992369 2 0.463267 0.982659 2 0.459301 0.990428 2
0 0.118304 0.751323 0.055060 0.161376 0.117243 0.690332 2 0.119544 0.687309 2 0.115943 0.687399 2 0.123884 0.689139 2 0.114024 0.690034 1 0.128237 0.704913 2 0.111669 0.707185 2 0.131030 0.719334 2 0.102995 0.719690 2 0.128221 0.728542 2 0.096446 0.730408 2 0.128507 0.749393 2 0.116432 0.750580 2 0.133820 0.777362 2 0.111798 0.780570 2 0.142546 0.797820 2 0.114604 0.803998 2
0 0.492188 0.677910 0.039435 0.146825 0.482045 0.625937 2 0.483015 0.622879 2 0.481794 0.623809 2 0.487839 0.621056 2 0.483812 0.623505 1 0.496465 0.631164 2 0.483723 0.635628 2 0.503900 0.643964 2 0.483346 0.654137 2 0.506245 0.657564 2 0.484161 0.664628 2 0.495577 0.674037 2 0.485470 0.675009 2 0.500699 0.704746 2 0.479821 0.703954 2 0.503663 0.736117 2 0.475854 0.736186 2
0 0.482887 0.682540 0.032738 0.126984 0.482218 0.624682 2 0.483222 0.621568 2 0.481614 0.622604 2 0.488179 0.619989 2 0.483204 0.622728 1 0.496837 0.631188 2 0.483648 0.635511 2 0.504084 0.644700 2 0.484127 0.653166 2 0.504555 0.657728 2 0.484765 0.664097 2 0.495691 0.674014 2 0.485291 0.674807 2 0.500021 0.705283 2 0.480052 0.704682 2 0.502458 0.737099 2 0.475785 0.736596 2
0 0.430432 0.534392 0.021577 0.097884 0.433030 0.500291 1 0.432097 0.498388 1 0.432941 0.498405 1 0.427419 0.499189 2 0.432544 0.499602 2 0.424876 0.509893 2 0.433844 0.510434 2 0.422736 0.521752 2 0.437838 0.519667 2 0.422084 0.531359 2 0.440429 0.524201 2 0.426943 0.531519 2 0.432961 0.532143 2 0.426457 0.548854 2 0.432732 0.551053 2 0.425781 0.564636 2 0.432484 0.568425 2
0 0.452009 0.535714 0.026042 0.097884 0.469660 0.529867 1 0.469668 0.527887 1 0.469668 0.527853 1 0.468497 0.529104 1 0.469668 0.529097 1 0.466034 0.541170 2 0.468818 0.541199 1 0.463843 0.555611 2 0.466535 0.555636 1 0.465571 0.563209 2 0.466400 0.563691 1 0.467585 0.572602 2 0.469458 0.573247 2 0.468229 0.595327 2 0.469472 0.597087 1 0.468395 0.602947 1 0.468975 0.602947 1
0 0.490699 0.543651 0.015625 0.076720 0.493019 0.515045 1 0.492314 0.513727 1 0.493044 0.513602 1 0.489035 0.514459 2 0.493107 0.514566 2 0.487193 0.522749 2 0.494122 0.523126 2 0.486242 0.533043 2 0.495369 0.534034 2 0.486382 0.542174 2 0.496288 0.543668 2 0.488265 0.542569 2 0.492952 0.542724 2 0.489316 0.556521 2 0.492738 0.556891 2 0.489537 0.569276 2 0.491573 0.571137 2
0 0.498884 0.525794 0.017113 0.088624 0.493122 0.514471 1 0.492302 0.513076 1 0.493073 0.513059 1 0.488824 0.514078 1 0.492984 0.514450 2 0.487361 0.522957 2 0.494194 0.523561 2 0.487375 0.533964 2 0.495932 0.534569 2 0.487351 0.543555 2 0.496835 0.544283 2 0.488618 0.543003 2 0.493271 0.543266 2 0.489224 0.557272 2 0.492620 0.557869 2 0.489754 0.568954 2 0.491767 0.571041 2
0 0.461682 0.498677 0.015625 0.082011 0.451793 0.493639 1 0.451479 0.492015 1 0.451651 0.492093 1 0.450893 0.493683 1 0.452400 0.493820 2 0.450893 0.505182 1 0.455037 0.505072 2 0.453203 0.519126 1 0.457937 0.518992 2 0.456360 0.527989 1 0.459371 0.529204 2 0.451380 0.532127 2 0.455285 0.531826 2 0.451599 0.551460 1 0.457055 0.550086 2 0.451405 0.555080 1 0.457414 0.555080 2
0 0.446801 0.492725 0.015625 0.083333 0.444649 0.497553 1 0.444659 0.496023 1 0.445412 0.495609 1 0.444810 0.497212 2 0.450311 0.495674 2 0.444177 0.507917 2 0.454501 0.504683 2 0.441791 0.520200 2 0.457373 0.516436 1 0.439259 0.514868 2 0.456288 0.522809 1 0.448475 0.534250 2 0.455327 0.532723 2 0.448977 0.550265 2 0.456628 0.549128 1 0.449698 0.550265 1 0.455934 0.550121 1
0 0.386533 0.440476 0.017113 0.063492 0.388553 0.417593 1 0.388247 0.416318 1 0.388420 0.416399 1 0.385732 0.416903 1 0.388315 0.416964 2 0.384296 0.424121 2 0.388877 0.422656 2 0.383571 0.431704 2 0.390816 0.425184 2 0.385002 0.436929 1 0.390218 0.429503 2 0.384906 0.439823 2 0.388290 0.439577 2 0.385252 0.452307 2 0.390203 0.452010 2 0.384277 0.463869 2 0.391425 0.463759 2
0 0.569196 0.436508 0.013393 0.044974 0.572025 0.423429 1 0.571866 0.422578 1 0.571912 0.422552 1 0.570687 0.422601 1 0.571200 0.422613 2 0.570527 0.426561 2 0.569867 0.426687 2 0.572382 0.432037 2 0.570311 0.432430 2 0.573641 0.434300 1 0.572996 0.433442 2 0.569193 0.437107 2 0.568916 0.437225 2 0.569562 0.444928 2 0.570066 0.444812 2 0.568602 0.452700 2 0.569917 0.452705 2
