0 0.521205 0.542989 0.011905 0.048942 0.520339 0.535911 2 0.520798 0.535098 2 0.519935 0.535059 2 0.521602 0.533723 2 0.519323 0.533467 2 0.522795 0.536551 2 0.518782 0.534144 2 0.522517 0.544912 2 0.516793 0.537353 2 0.520918 0.548293 2 0.515182 0.541413 2 0.521863 0.546483 2 0.519146 0.545194 2 0.520775 0.553815 2 0.517781 0.552942 2 0.521292 0.560913 2 0.517439 0.560829 1
0 0.474144 0.506614 0.015253 0.044974 0.473883 0.501171 2 0.474407 0.500434 2 0.473499 0.500255 2 0.475231 0.499969 2 0.472979 0.499558 2 0.475892 0.502103 2 0.472550 0.500907 2 0.476355 0.506588 2 0.470397 0.502879 2 0.474613 0.510296 2 0.468641 0.505379 2 0.475176 0.510297 2 0.472867 0.509562 2 0.475970 0.515416 2 0.471179 0.514798 2 0.476321 0.521036 1 0.471506 0.521148 1
0 0.591332 0.298611 0.005580 0.027116 0.593705 0.288265 1 0.593477 0.287671 1 0.593770 0.287635 1 0.592323 0.287566 2 0.593935 0.287639 2 0.591652 0.290450 2 0.594214 0.290599 2 0.590764 0.294225 2 0.595001 0.294854 2 0.590863 0.294475 1 0.594894 0.296429 1 0.592236 0.298660 2 0.593889 0.298748 2 0.592627 0.303640 2 0.593763 0.303422 2 0.592920 0.306263 1 0.593683 0.305957 1
0 0.093936 0.653770 0.011533 0.045635 0.095041 0.643268 2 0.095054 0.642240 1 0.094622 0.642436 2 0.094664 0.641659 1 0.093438 0.642250 2 0.095504 0.645173 2 0.091972 0.647236 2 0.096957 0.649880 2 0.089443 0.653088 2 0.097700 0.653256 2 0.092681 0.656761 2 0.097164 0.658232 2 0.094704 0.659936 2 0.098861 0.665814 2 0.094916 0.669941 2 0.100939 0.673422 2 0.095683 0.679461 2
0 0.103609 0.662698 0.015253 0.044974 0.101708 0.648246 1 0.101537 0.647477 1 0.101844 0.647262 1 0.100315 0.648274 2 0.103127 0.647712 2 0.099740 0.654133 2 0.105051 0.652853 2 0.099633 0.660127 2 0.107330 0.658199 2 0.101824 0.661683 1 0.106752 0.660919 1 0.102284 0.666137 2 0.105958 0.665533 2 0.103700 0.674392 2 0.107020 0.672482 2 0.105210 0.682295 2 0.108699 0.680884 2
0 0.098772 0.604167 0.012277 0.040344 0.099230 0.588478 2 0.099551 0.587299 2 0.098537 0.587852 2 0.100311 0.587050 2 0.097759 0.588424 2 0.102319 0.591339 2 0.096569 0.592953 2 0.104656 0.595906 2 0.095236 0.598794 2 0.104631 0.601635 2 0.095677 0.604365 2 0.102730 0.604598 2 0.099001 0.605455 2 0.103833 0.613121 2 0.099342 0.613889 2 0.104253 0.622108 2 0.101206 0.620697 2
0 0.708891 0.752315 0.014509 0.053571 0.709134 0.734674 1 0.709171 0.733890 1 0.709411 0.733655 1 0.710042 0.734260 2 0.711987 0.733344 1 0.711331 0.739938 2 0.712935 0.736270 2 0.711614 0.748407 2 0.711394 0.735058 2 0.710403 0.754236 2 0.709215 0.734158 1 0.710239 0.752303 2 0.712013 0.750620 2 0.706147 0.756567 2 0.710994 0.758047 2 0.703142 0.765224 2 0.710107 0.767771 2
0 0.782924 0.738757 0.012277 0.038360 0.782649 0.727577 2 0.783108 0.726747 2 0.782110 0.726839 2 0.783684 0.725861 1 0.780961 0.725858 2 0.784503 0.728235 2 0.779509 0.727278 2 0.785276 0.732123 2 0.776953 0.730863 2 0.784063 0.736207 2 0.778250 0.736505 2 0.783593 0.738282 2 0.780285 0.737667 2 0.783343 0.746673 2 0.779351 0.744502 2 0.782480 0.756260 2 0.777870 0.753231 2
0 0.787760 0.759259 0.013765 0.050265 0.790022 0.740556 2 0.790703 0.739728 2 0.789706 0.739381 2 0.791716 0.740243 2 0.789320 0.739329 2 0.793094 0.745587 2 0.787629 0.743284 2 0.794064 0.752270 2 0.785512 0.748046 2 0.792604 0.754352 2 0.784091 0.754279 2 0.790033 0.757657 2 0.786483 0.756102 2 0.789364 0.765406 2 0.784870 0.762712 2 0.786977 0.772256 2 0.785121 0.769670 2
0 0.866257 0.536376 0.010789 0.044974 0.866420 0.520729 1 0.866447 0.519745 1 0.866661 0.519974 1 0.865780 0.519698 2 0.867887 0.520191 2 0.864221 0.523855 2 0.868654 0.525130 2 0.862311 0.530142 2 0.869035 0.531515 2 0.861269 0.535357 2 0.868840 0.537149 2 0.863889 0.535320 2 0.866798 0.535983 2 0.862531 0.541616 2 0.864708 0.544028 2 0.862676 0.549686 2 0.863878 0.552387 2
0 0.860305 0.530754 0.015253 0.046958 0.866870 0.521063 1 0.866873 0.520133 1 0.866887 0.520266 1 0.866112 0.519944 2 0.867477 0.520257 2 0.864606 0.523884 2 0.868482 0.524920 2 0.862774 0.530077 2 0.869367 0.531440 2 0.861569 0.535539 2 0.869432 0.536812 2 0.864155 0.535311 2 0.866662 0.535756 2 0.863123 0.541501 2 0.864789 0.543155 2 0.862602 0.548575 2 0.863340 0.550741 2
0 0.251116 0.761905 0.013393 0.048942 0.249432 0.729273 1 0.249677 0.728565 1 0.249074 0.728434 1 0.249561 0.728466 1 0.248147 0.728344 1 0.249823 0.730557 2 0.247023 0.731013 2 0.250240 0.736061 2 0.246176 0.737334 2 0.248869 0.741716 2 0.247370 0.741761 2 0.249184 0.742106 2 0.247412 0.742261 2 0.247680 0.749394 2 0.246469 0.749411 2 0.247497 0.757368 2 0.247053 0.757560 2
0 0.247582 0.742725 0.012277 0.055556 0.243954 0.726245 1 0.243893 0.725329 1 0.244077 0.724542 1 0.244327 0.724902 2 0.246260 0.722754 2 0.246020 0.730566 2 0.248979 0.725996 2 0.247220 0.739131 2 0.251365 0.729633 2 0.247787 0.743385 2 0.250968 0.735010 1 0.248123 0.742237 2 0.250104 0.739987 2 0.246900 0.751227 2 0.247984 0.748758 2 0.247754 0.758027 2 0.248469 0.757753 2
0 0.278646 0.676587 0.012649 0.039683 0.278495 0.663064 2 0.278950 0.662133 2 0.278062 0.662300 2 0.279654 0.660003 2 0.277231 0.660517 2 0.281791 0.661405 2 0.276890 0.663189 2 0.283439 0.670385 2 0.276172 0.669166 2 0.282616 0.678229 2 0.275063 0.670545 2 0.281507 0.676370 2 0.278046 0.677475 2 0.282757 0.684500 2 0.277895 0.688441 2 0.285336 0.691427 2 0.278878 0.699656 2
0 0.282738 0.658399 0.009673 0.041667 0.280441 0.652427 2 0.280926 0.651477 2 0.279985 0.651540 2 0.281832 0.650739 2 0.279453 0.650904 2 0.283670 0.653154 2 0.278703 0.653714 2 0.286846 0.657006 2 0.276619 0.657531 2 0.285235 0.662059 2 0.277170 0.657409 2 0.283524 0.666979 2 0.280323 0.667174 2 0.283623 0.678054 2 0.279290 0.678024 2 0.284038 0.686778 2 0.279917 0.686367 1
0 0.194940 0.578704 0.013393 0.048942 0.191013 0.565151 1 0.191052 0.564525 1 0.191296 0.564100 1 0.190886 0.565163 2 0.193049 0.563966 2 0.190778 0.570244 2 0.194957 0.567834 2 0.190117 0.576311 2 0.197044 0.572695 2 0.189454 0.578384 2 0.197799 0.578003 2 0.193149 0.581666 2 0.195719 0.580520 2 0.194471 0.590279 2 0.195778 0.588364 2 0.196673 0.595984 2 0.196475 0.595200 2
0 0.313058 0.730159 0.016741 0.044974 0.314753 0.717106 1 0.314800 0.716361 1 0.315000 0.716199 1 0.314572 0.717330 2 0.317265 0.716558 2 0.313982 0.723184 2 0.319291 0.720642 2 0.311246 0.727312 2 0.320703 0.719895 2 0.311210 0.722092 2 0.318739 0.717730 2 0.315875 0.737598 2 0.319612 0.736536 2 0.313211 0.742275 2 0.318857 0.742166 2 0.312712 0.751824 2 0.320067 0.752095 2
0 0.599330 0.848545 0.015625 0.050265 0.604601 0.833382 1 0.604326 0.832231 1 0.604661 0.832614 1 0.602053 0.832275 2 0.604841 0.833434 2 0.599636 0.836740 2 0.605215 0.839897 2 0.597227 0.842807 2 0.605860 0.847818 2 0.597409 0.848205 1 0.605873 0.852460 1 0.598635 0.851962 2 0.602367 0.853606 2 0.597004 0.860368 2 0.600913 0.863743 2 0.595824 0.868679 2 0.599234 0.872863 2
0 0.445499 0.432209 0.008557 0.035053 0.445090 0.423341 2 0.445412 0.422702 2 0.444782 0.422827 2 0.446020 0.421480 2 0.444428 0.421758 1 0.447128 0.422941 2 0.443647 0.422916 2 0.448437 0.426955 2 0.443023 0.427924 2 0.447372 0.426496 2 0.442966 0.433134 2 0.446762 0.433244 2 0.444468 0.433097 2 0.447002 0.440984 2 0.444796 0.440342 2 0.447495 0.448699 2 0.445232 0.447132 2
0 0.468750 0.369709 0.010417 0.039683 0.469466 0.358791 1 0.469309 0.358033 1 0.469410 0.358152 1 0.467841 0.358178 2 0.469409 0.358494 2 0.466535 0.361942 2 0.469544 0.362481 2 0.465567 0.366680 2 0.470393 0.367211 2 0.466262 0.369872 2 0.470627 0.369843 2 0.466461 0.371352 2 0.468636 0.371738 2 0.465704 0.377487 2 0.468974 0.378160 2 0.464656 0.384057 2 0.468745 0.384536 2
