0 0.987351 0.221561 0.016369 0.078042 0.994887 0.191874 1 0.995195 0.189992 1 0.995534 0.190123 1 0.995138 0.190768 2 0.997976 0.190800 1 0.992621 0.200402 2 0.997785 0.200876 1 0.989805 0.211530 2 0.994591 0.212202 1 0.988048 0.220493 2 0.990907 0.220445 1 0.992547 0.222490 2 0.996245 0.222902 2 0.991543 0.236010 2 0.994832 0.237814 1 0.990541 0.249712 2 0.993341 0.249502 1
0 0.951265 0.306217 0.029018 0.099206 0.963152 0.257807 1 0.962306 0.255429 1 0.963182 0.255749 2 0.957382 0.254440 1 0.961476 0.255862 2 0.953943 0.264422 2 0.956823 0.267309 2 0.952947 0.278672 1 0.954193 0.283303 2 0.957224 0.290012 1 0.957137 0.291535 2 0.949854 0.293651 2 0.951976 0.295158 2 0.947482 0.313307 2 0.949585 0.316537 2 0.942253 0.333074 2 0.945261 0.335078 2
0 0.337426 0.154762 0.014137 0.066138 0.336092 0.129128 2 0.336498 0.127863 1 0.335386 0.127988 2 0.337018 0.128888 1 0.334390 0.129153 2 0.338672 0.136237 2 0.333280 0.136231 2 0.341050 0.144173 2 0.331898 0.142817 2 0.338612 0.143330 2 0.334732 0.140611 2 0.338179 0.153161 2 0.334761 0.153303 2 0.338814 0.167176 2 0.336162 0.167652 2 0.338619 0.181160 2 0.336911 0.181480 2
0 0.907366 0.269841 0.024554 0.063492 0.923485 0.253560 1 0.923706 0.251410 1 0.923836 0.251746 1 0.921915 0.252526 2 0.924107 0.253164 2 0.917582 0.265431 2 0.924107 0.266612 2 0.914186 0.284133 2 0.922639 0.284923 1 0.913186 0.296844 2 0.920079 0.295661 1 0.917132 0.299188 2 0.921807 0.300162 2 0.916931 0.312686 1 0.921386 0.312686 1 0.916857 0.312686 1 0.919984 0.312686 1
0 0.565104 0.021164 0.014137 0.026455 0.565797 0.018732 2 0.566141 0.017936 2 0.565509 0.017787 2 0.566275 0.018264 1 0.564779 0.017828 2 0.565573 0.023596 2 0.563254 0.022603 2 0.565822 0.028151 2 0.560910 0.024214 2 0.566546 0.032075 2 0.562857 0.021851 2 0.564652 0.034513 2 0.563131 0.034533 2 0.564711 0.037681 1 0.563190 0.038464 1 0.564067 0.038194 1 0.561665 0.038255 1
0 0.544271 0.473545 0.030506 0.145503 0.550081 0.410608 2 0.551913 0.408168 2 0.548676 0.407912 2 0.554819 0.408105 2 0.546423 0.407337 2 0.556807 0.419811 2 0.542990 0.418849 2 0.559093 0.436604 2 0.539299 0.435161 2 0.560870 0.455079 2 0.536447 0.453442 2 0.553430 0.457027 2 0.543163 0.456275 2 0.555498 0.486966 2 0.536710 0.486326 2 0.552661 0.513903 2 0.528805 0.513552 2
0 0.792039 0.298280 0.021577 0.109788 0.793298 0.252885 2 0.794334 0.251296 2 0.792291 0.250936 2 0.795834 0.252787 2 0.790445 0.251889 2 0.797884 0.264809 2 0.787433 0.263364 2 0.800323 0.278780 2 0.784118 0.275976 2 0.793927 0.281135 2 0.784730 0.281034 2 0.794037 0.292508 2 0.786587 0.291129 2 0.792053 0.314937 2 0.782742 0.314529 2 0.791559 0.337328 2 0.779086 0.337563 2
0 0.672991 0.187831 0.017113 0.068783 0.671823 0.158552 1 0.671523 0.157352 1 0.671956 0.157440 1 0.669336 0.157994 2 0.672791 0.158286 2 0.667277 0.164944 2 0.674151 0.164614 2 0.664584 0.172881 2 0.675267 0.171110 1 0.664014 0.177828 2 0.675016 0.173925 1 0.667708 0.183010 2 0.672219 0.182741 2 0.667338 0.198738 2 0.670978 0.198307 2 0.667429 0.213548 2 0.669989 0.212795 2
0 0.667783 0.569444 0.045387 0.194444 0.658515 0.490739 2 0.660454 0.487944 2 0.660036 0.488100 1 0.664954 0.493812 2 0.667162 0.493038 1 0.662966 0.516475 2 0.674247 0.515665 2 0.665278 0.546600 2 0.677871 0.540933 2 0.657190 0.540061 2 0.668063 0.539960 2 0.662740 0.572545 2 0.670278 0.571647 2 0.653475 0.603858 2 0.660498 0.607757 2 0.660569 0.641092 2 0.662523 0.644818 2
0 0.373512 0.500000 0.031250 0.161376 0.392544 0.490341 1 0.390859 0.486863 1 0.392062 0.486992 1 0.383546 0.488446 1 0.389516 0.490198 2 0.378969 0.508475 2 0.386308 0.512196 2 0.378242 0.533122 2 0.384181 0.543256 2 0.385884 0.545501 1 0.392822 0.557705 2 0.378166 0.557887 2 0.382971 0.560338 2 0.385398 0.597891 2 0.387208 0.601229 2 0.385678 0.611012 1 0.383655 0.611731 1
0 0.553571 0.420635 0.031250 0.145503 0.550358 0.410293 2 0.552404 0.407411 2 0.548651 0.407127 2 0.555386 0.407001 2 0.545759 0.406102 2 0.556518 0.419809 2 0.542281 0.418409 2 0.558833 0.436333 2 0.538467 0.436019 2 0.561387 0.454585 2 0.536489 0.454506 2 0.553636 0.456866 2 0.543441 0.455906 2 0.554930 0.486108 2 0.536799 0.483553 2 0.552737 0.511786 2 0.531994 0.507219 2
0 0.188616 0.424603 0.029018 0.145503 0.188988 0.374748 2 0.188811 0.371529 2 0.187259 0.372144 2 0.186186 0.373038 1 0.182485 0.374426 2 0.184640 0.389899 2 0.182043 0.390943 2 0.183601 0.411845 1 0.180106 0.411701 2 0.186979 0.429677 1 0.184316 0.430671 2 0.186551 0.430319 2 0.185535 0.431612 2 0.187753 0.455867 2 0.190965 0.457099 2 0.185631 0.483059 2 0.192003 0.486837 2
0 0.326265 0.444444 0.029018 0.137566 0.321382 0.401055 2 0.322740 0.397573 2 0.319619 0.398388 2 0.324771 0.396036 2 0.316849 0.398380 2 0.325411 0.408475 2 0.316672 0.413704 2 0.326320 0.424257 2 0.318092 0.436119 2 0.329402 0.439674 2 0.324117 0.452244 2 0.325621 0.443976 2 0.318844 0.446722 2 0.330197 0.472450 2 0.319964 0.476488 2 0.335729 0.498260 2 0.319411 0.503317 2
0 0.469866 0.488757 0.045387 0.152116 0.467029 0.432658 2 0.468599 0.429124 2 0.465341 0.429404 2 0.470270 0.427641 2 0.462192 0.428069 2 0.475459 0.440601 2 0.458662 0.443984 2 0.479858 0.459340 2 0.452034 0.464441 2 0.483974 0.480640 2 0.448400 0.485017 2 0.473848 0.484551 2 0.463394 0.486425 2 0.474438 0.514717 2 0.464943 0.519629 2 0.470133 0.539627 2 0.466946 0.553360 2
0 0.376116 0.556217 0.036458 0.173280 0.393091 0.490092 2 0.391725 0.486569 1 0.392342 0.486671 2 0.384822 0.488220 1 0.389143 0.489809 2 0.378807 0.508765 2 0.386522 0.511960 2 0.374602 0.538518 1 0.385480 0.542748 2 0.381029 0.556801 1 0.394448 0.560877 2 0.377708 0.558259 2 0.382546 0.561096 2 0.386250 0.594641 2 0.387883 0.601258 2 0.388859 0.631348 2 0.387180 0.640290 2
0 0.498884 0.640212 0.045387 0.211640 0.494507 0.560573 1 0.493886 0.556467 1 0.494520 0.556899 1 0.487331 0.558691 2 0.498022 0.560494 2 0.481438 0.581139 2 0.500876 0.586804 2 0.479907 0.604634 2 0.504293 0.617621 2 0.491711 0.599192 1 0.505902 0.599513 2 0.482685 0.640598 2 0.496719 0.642971 2 0.483865 0.683846 2 0.500003 0.684649 2 0.481990 0.725219 2 0.499612 0.725181 2
0 0.521577 0.399471 0.028274 0.140212 0.528846 0.347263 2 0.530349 0.344829 2 0.527415 0.344528 2 0.532037 0.346125 2 0.524656 0.345265 2 0.534044 0.361585 2 0.521146 0.359412 2 0.537088 0.381175 2 0.518359 0.374730 2 0.536457 0.397138 2 0.517531 0.394324 2 0.529259 0.398738 2 0.520724 0.397764 2 0.529732 0.425764 2 0.521794 0.425726 2 0.530516 0.449075 2 0.523003 0.450900 2
0 0.221354 0.350529 0.024554 0.126984 0.218702 0.301139 2 0.219896 0.298896 2 0.217361 0.298965 2 0.221857 0.300164 2 0.215390 0.300365 2 0.225515 0.313367 2 0.213502 0.313706 2 0.230860 0.326907 2 0.210618 0.326920 2 0.225929 0.328710 2 0.213315 0.329052 2 0.225605 0.345772 2 0.217414 0.345763 2 0.227512 0.371604 2 0.218488 0.371696 2 0.230105 0.394729 2 0.219245 0.395190 2
0 0.244048 0.328042 0.029762 0.113757 0.237810 0.286142 2 0.239131 0.283631 2 0.237074 0.284091 2 0.242184 0.284334 2 0.237042 0.285427 1 0.243622 0.298208 2 0.240380 0.299076 2 0.244705 0.317672 2 0.239654 0.314249 2 0.242059 0.333144 2 0.235733 0.317847 2 0.244481 0.329326 2 0.241531 0.329287 2 0.245715 0.352284 2 0.239424 0.351363 2 0.252539 0.372095 2 0.237617 0.372097 2
0 0.408854 0.303571 0.020089 0.099206 0.408273 0.267418 2 0.409516 0.265689 2 0.408350 0.265225 1 0.412559 0.267079 2 0.409795 0.266052 1 0.411790 0.278440 2 0.408328 0.276929 2 0.408361 0.293417 2 0.403541 0.290395 2 0.403276 0.301837 2 0.403479 0.296677 2 0.410243 0.306243 2 0.408201 0.305561 2 0.408035 0.327229 2 0.408047 0.327339 2 0.408624 0.349222 2 0.408621 0.347487 2
0 0.556920 0.212302 0.018601 0.085979 0.555885 0.174725 1 0.555678 0.173003 1 0.555911 0.173263 1 0.553105 0.174553 2 0.557208 0.174971 2 0.550880 0.184621 2 0.558641 0.184990 2 0.549485 0.195407 2 0.560607 0.195497 2 0.552787 0.198584 1 0.560758 0.198291 2 0.551776 0.206215 2 0.557345 0.206575 2 0.551126 0.225530 2 0.558208 0.225854 2 0.550061 0.243254 2 0.558799 0.243651 2
0 0.919643 0.299603 0.031250 0.115079 0.929332 0.257033 1 0.928247 0.254407 1 0.929135 0.254766 1 0.922850 0.253696 2 0.928613 0.255207 2 0.917430 0.265946 2 0.929322 0.267791 2 0.913826 0.282558 2 0.931785 0.284957 2 0.912090 0.295756 2 0.931084 0.297756 2 0.916453 0.300472 2 0.923980 0.301517 2 0.918601 0.322281 2 0.921267 0.325180 2 0.916402 0.344252 2 0.914727 0.344350 2
0 0.422247 0.290344 0.021577 0.104497 0.417998 0.249661 2 0.419324 0.247420 2 0.417453 0.247557 2 0.422459 0.248087 2 0.417430 0.248318 1 0.425391 0.260213 2 0.416153 0.259508 2 0.426226 0.276823 2 0.413076 0.273032 2 0.417514 0.278612 2 0.414571 0.275715 2 0.422593 0.290277 2 0.416367 0.289590 2 0.421518 0.314017 2 0.415622 0.313906 2 0.421315 0.337343 2 0.415100 0.337177 2
0 0.792411 0.278439 0.020833 0.085979 0.793220 0.253369 2 0.794263 0.251686 2 0.792209 0.251604 2 0.795855 0.252988 2 0.790529 0.252815 2 0.797974 0.264735 2 0.787874 0.263956 2 0.800021 0.278518 2 0.784373 0.276572 2 0.793935 0.278304 2 0.784288 0.278585 2 0.793761 0.292818 2 0.786706 0.291710 2 0.792299 0.314585 2 0.783703 0.313863 2 0.791887 0.334822 2 0.780695 0.334006 2
0 0.813616 0.275794 0.024554 0.083333 0.812759 0.243880 2 0.812612 0.242133 2 0.811955 0.242203 2 0.811164 0.242487 1 0.808806 0.242729 2 0.810585 0.250405 2 0.805488 0.251759 2 0.813871 0.262968 2 0.810178 0.266610 2 0.817760 0.271166 2 0.815292 0.274865 2 0.810046 0.272896 2 0.806489 0.274784 2 0.817069 0.283673 2 0.814796 0.286346 2 0.815563 0.304044 2 0.816225 0.305353 2
0 0.967634 0.932540 0.061756 0.132275 0.970462 0.903592 2 0.975250 0.900909 2 0.970206 0.895667 2 0.982630 0.905781 2 0.969180 0.892702 1 0.983046 0.933814 2 0.959012 0.914893 2 0.970742 0.974626 2 0.948412 0.946868 2 0.952835 0.974384 2 0.943770 0.970102 2 0.966653 0.992835 2 0.949933 0.982261 2 0.958762 0.984902 1 0.939881 0.972317 1 0.952301 0.996647 1 0.942276 0.996998 1
0 0.542783 0.329365 0.023065 0.063492 0.528774 0.346869 2 0.529945 0.344073 2 0.527436 0.344295 2 0.531803 0.345535 2 0.526786 0.346054 1 0.534125 0.360941 2 0.527183 0.360612 1 0.536843 0.372809 1 0.527134 0.372512 1 0.533428 0.372657 1 0.527989 0.372524 1 0.532270 0.372809 1 0.527892 0.372809 1 0.534285 0.368939 1 0.528947 0.366440 1 0.532460 0.372809 1 0.531376 0.372809 1
0 0.526042 0.300926 0.020833 0.083333 0.528632 0.346409 2 0.529992 0.343938 2 0.527010 0.343829 2 0.531701 0.345374 2 0.524539 0.345282 2 0.534057 0.357246 2 0.521103 0.356608 2 0.535554 0.358052 1 0.517878 0.358052 1 0.530686 0.354974 1 0.520405 0.354281 1 0.531396 0.358052 1 0.523258 0.358052 1 0.531147 0.357441 1 0.523001 0.357585 1 0.525817 0.358052 1 0.526390 0.358052 1
0 0.563988 0.175926 0.017857 0.055556 0.555661 0.174502 1 0.555323 0.173042 1 0.556046 0.173091 1 0.553468 0.174332 2 0.557512 0.174467 2 0.553079 0.183788 2 0.558056 0.184291 2 0.555764 0.195775 1 0.561243 0.196438 2 0.560479 0.200852 1 0.563416 0.199237 2 0.553204 0.208179 2 0.556620 0.208372 2 0.553240 0.213733 1 0.556526 0.214257 1 0.553507 0.211359 1 0.556607 0.212678 1
0 0.127604 0.338624 0.023065 0.042328 0.126249 0.331203 2 0.126214 0.329901 2 0.126484 0.330165 1 0.127528 0.328682 2 0.128752 0.329024 1 0.130952 0.332881 2 0.130150 0.332742 2 0.129077 0.341127 2 0.127694 0.339601 2 0.124661 0.342517 2 0.124039 0.341869 2 0.135075 0.345753 2 0.134274 0.345110 2 0.129286 0.341204 2 0.127680 0.340353 2 0.132524 0.349408 2 0.131087 0.349369 2
0 0.098958 0.318783 0.031250 0.055556 0.100781 0.307054 2 0.101849 0.305392 2 0.099796 0.305483 2 0.103788 0.304148 2 0.098277 0.304694 2 0.105870 0.308796 2 0.096289 0.310808 2 0.111227 0.316104 2 0.092327 0.321929 2 0.109072 0.316941 2 0.090382 0.335168 2 0.105061 0.323483 2 0.098195 0.324276 2 0.108338 0.320181 2 0.092795 0.322609 2 0.111759 0.336848 2 0.092213 0.338495 2
0 0.637649 0.151455 0.019345 0.062169 0.641060 0.118877 2 0.641478 0.117659 2 0.640459 0.117468 2 0.641413 0.117747 1 0.638657 0.117090 2 0.641741 0.124269 2 0.636451 0.123801 2 0.642411 0.132949 2 0.634972 0.132280 2 0.644025 0.134759 2 0.637263 0.127305 2 0.640374 0.143285 2 0.636555 0.143089 2 0.640021 0.157233 2 0.635191 0.156433 2 0.639392 0.168641 2 0.633386 0.169002 2
0 0.192336 0.136905 0.017113 0.046296 0.195447 0.114758 1 0.195150 0.113838 1 0.195555 0.113831 1 0.193307 0.114410 2 0.196011 0.114582 2 0.191836 0.120156 2 0.196327 0.120442 2 0.190917 0.126810 2 0.198796 0.125563 2 0.191402 0.133078 2 0.200034 0.125691 2 0.193407 0.134794 2 0.196214 0.135227 2 0.195324 0.144686 2 0.197110 0.145835 2 0.196064 0.154544 2 0.197008 0.155199 2
0 0.785342 0.185185 0.018601 0.052910 0.786150 0.165253 1 0.785879 0.164206 1 0.786298 0.164313 1 0.784022 0.164981 2 0.787138 0.165369 2 0.782728 0.170888 2 0.787267 0.171752 2 0.782399 0.176039 2 0.788784 0.176976 2 0.785384 0.173251 1 0.790161 0.172248 2 0.782487 0.186203 2 0.785536 0.186567 2 0.782032 0.196249 2 0.784631 0.197354 2 0.780765 0.206791 2 0.783564 0.208148 2
0 0.466146 0.117063 0.014137 0.051587 0.468068 0.101144 1 0.468006 0.100105 1 0.468057 0.100298 1 0.466367 0.100464 2 0.468721 0.100759 2 0.465101 0.105336 2 0.469406 0.105866 2 0.463696 0.110450 2 0.470687 0.110330 2 0.463750 0.114405 1 0.469638 0.112005 2 0.464339 0.118287 2 0.467694 0.118460 2 0.462240 0.127656 2 0.468580 0.128064 2 0.459765 0.136602 2 0.469001 0.137876 2
0 0.410714 0.099206 0.011905 0.050265 0.411297 0.077335 2 0.411544 0.076540 2 0.410812 0.076585 2 0.411859 0.077210 1 0.409854 0.077299 2 0.412607 0.082529 2 0.408730 0.082668 2 0.413379 0.088603 2 0.407942 0.089341 2 0.413463 0.094271 2 0.408782 0.095730 2 0.412425 0.094307 2 0.409477 0.094471 2 0.413710 0.102320 2 0.409036 0.102646 2 0.414124 0.110874 2 0.407253 0.111049 2
0 0.140253 0.115079 0.015625 0.029101 0.139380 0.112123 2 0.140004 0.110688 2 0.138710 0.110780 2 0.140931 0.110977 2 0.137840 0.111249 2 0.141761 0.116494 2 0.137462 0.117640 2 0.143802 0.123746 2 0.138437 0.126091 2 0.144136 0.126524 2 0.142815 0.127459 2 0.141964 0.126336 2 0.139147 0.127231 2 0.144029 0.124791 2 0.139335 0.125962 2 0.144782 0.128659 2 0.143654 0.129909 2
0 0.309152 0.128968 0.014137 0.030423 0.312949 0.124756 2 0.312771 0.123405 1 0.312688 0.123582 2 0.311567 0.122862 1 0.311776 0.123402 2 0.312210 0.127712 2 0.310989 0.128271 2 0.314771 0.135009 2 0.311672 0.135356 2 0.315136 0.139234 2 0.313069 0.138640 2 0.311173 0.137466 2 0.310622 0.137744 2 0.311820 0.133266 2 0.310614 0.133363 1 0.310394 0.139874 1 0.310953 0.140073 1
0 0.843750 0.220238 0.019345 0.083333 0.851466 0.187764 1 0.850539 0.186255 1 0.851279 0.186276 1 0.846649 0.186584 1 0.850491 0.187154 2 0.844047 0.195331 2 0.851328 0.196114 2 0.842888 0.204673 2 0.854778 0.205172 2 0.845849 0.206944 1 0.856398 0.204620 2 0.844545 0.216841 2 0.848798 0.217201 2 0.846792 0.233526 2 0.846936 0.234106 2 0.846379 0.248943 2 0.841882 0.249739 2
0 0.966146 0.229497 0.023065 0.067460 0.959006 0.222855 2 0.958531 0.221453 2 0.958889 0.221853 1 0.958411 0.217542 2 0.959123 0.218246 1 0.962084 0.214885 2 0.961222 0.216337 2 0.966839 0.223137 2 0.964268 0.225270 2 0.966868 0.229514 2 0.965781 0.229529 1 0.971811 0.217870 2 0.970904 0.218680 2 0.967096 0.232662 2 0.965964 0.232816 2 0.969215 0.237097 1 0.966764 0.236030 1
0 0.595238 0.105159 0.011905 0.041005 0.595562 0.101785 1 0.595971 0.100861 1 0.595169 0.100929 1 0.596676 0.101553 1 0.594732 0.101799 1 0.597795 0.106683 2 0.593853 0.107054 2 0.598921 0.112976 2 0.592916 0.112626 2 0.596656 0.115977 2 0.592723 0.116120 2 0.597261 0.116346 2 0.594431 0.116521 2 0.597970 0.118261 2 0.592762 0.119310 2 0.598933 0.124629 2 0.593878 0.125381 2
0 0.906622 0.189815 0.020089 0.038360 0.907946 0.178426 2 0.908623 0.176757 2 0.907127 0.177007 2 0.909734 0.177136 2 0.905872 0.177945 2 0.911111 0.184698 2 0.903812 0.186311 2 0.911287 0.190170 2 0.900013 0.193281 2 0.906862 0.194947 2 0.900966 0.200521 2 0.909432 0.203304 2 0.904511 0.203921 2 0.908734 0.205281 2 0.901348 0.206813 1 0.908508 0.213961 1 0.903123 0.214398 1
0 0.946057 0.196429 0.020089 0.033069 0.954221 0.174164 1 0.954750 0.173280 1 0.953795 0.173280 1 0.956253 0.173280 1 0.953849 0.173755 1 0.957830 0.175290 1 0.953143 0.175769 2 0.957386 0.175067 1 0.951659 0.176704 1 0.955100 0.175659 1 0.950903 0.180033 1 0.956268 0.180974 2 0.953192 0.180759 2 0.955027 0.197309 2 0.953154 0.196811 2 0.954414 0.213048 2 0.953468 0.212296 2
0 0.931920 0.194444 0.018601 0.034392 0.929378 0.193892 2 0.931166 0.191127 2 0.927753 0.191320 2 0.934073 0.193137 2 0.925743 0.193391 2 0.939268 0.210770 2 0.923215 0.209991 2 0.943095 0.217655 1 0.922430 0.216762 1 0.938616 0.204973 1 0.927470 0.206495 1 0.935121 0.217009 1 0.926149 0.215676 1 0.931104 0.207893 1 0.923614 0.204109 1 0.927702 0.207533 1 0.930518 0.204577 1
