0 0.563244 0.592593 0.019345 0.108466 0.561468 0.546993 2 0.560528 0.544903 1 0.561177 0.544811 2 0.556295 0.545308 1 0.559158 0.545383 2 0.554034 0.555524 2 0.558835 0.556278 2 0.557632 0.567900 1 0.563311 0.568375 2 0.563649 0.568245 1 0.565732 0.567241 2 0.556724 0.583014 2 0.559865 0.583870 2 0.558620 0.605255 2 0.559679 0.606782 2 0.558360 0.625736 2 0.558188 0.627944 2
0 0.561384 0.558201 0.033482 0.071429 0.561449 0.546348 2 0.560528 0.544307 1 0.561258 0.544365 2 0.556221 0.544608 1 0.559651 0.544989 2 0.553233 0.554958 2 0.559023 0.555396 2 0.557853 0.566805 2 0.563561 0.568590 2 0.563660 0.566264 1 0.565891 0.567308 2 0.555332 0.579996 2 0.559361 0.580955 2 0.561661 0.592721 2 0.566017 0.592319 2 0.559519 0.606916 1 0.562872 0.603950 1
0 0.405134 0.426587 0.011161 0.046296 0.402038 0.407946 2 0.402407 0.407014 2 0.402110 0.407049 1 0.403559 0.407468 2 0.403317 0.407440 1 0.403931 0.412081 2 0.403767 0.411992 2 0.403002 0.416426 2 0.402017 0.416168 1 0.400291 0.416659 2 0.399405 0.416172 1 0.404553 0.424180 2 0.404528 0.424092 2 0.404676 0.433854 2 0.405207 0.433705 2 0.404919 0.443040 2 0.405682 0.442331 2
0 0.537946 0.500000 0.013393 0.074074 0.538467 0.475884 2 0.539095 0.474349 2 0.537724 0.474469 2 0.539670 0.473368 1 0.536054 0.473542 2 0.540559 0.478282 2 0.533803 0.479534 2 0.542334 0.486590 2 0.533216 0.489792 2 0.542496 0.493114 2 0.536514 0.494761 2 0.540060 0.497005 2 0.535374 0.497799 2 0.541380 0.509592 2 0.535012 0.510812 2 0.540353 0.523518 2 0.534209 0.525149 2
0 0.552455 0.498016 0.017113 0.075397 0.547077 0.468758 2 0.547739 0.467523 2 0.546456 0.467477 2 0.548754 0.467191 2 0.545594 0.466907 2 0.549975 0.472775 2 0.544890 0.470544 2 0.549405 0.480824 2 0.541995 0.474840 2 0.546896 0.482697 2 0.541889 0.477860 2 0.548522 0.484704 2 0.544957 0.483612 2 0.549535 0.491678 2 0.544704 0.489591 2 0.549565 0.493491 2 0.544659 0.491996 2
0 0.496652 0.548280 0.021577 0.099206 0.502098 0.512014 2 0.501622 0.510279 1 0.501509 0.510132 2 0.497930 0.511425 1 0.499553 0.511463 2 0.493514 0.521719 2 0.500025 0.522411 2 0.490101 0.535119 2 0.502062 0.535347 2 0.489081 0.547243 2 0.504832 0.544066 2 0.494265 0.548698 2 0.498555 0.549574 2 0.494885 0.567675 2 0.499195 0.569700 2 0.494765 0.585982 2 0.498213 0.588433 2
0 0.495536 0.519841 0.022321 0.089947 0.502491 0.513356 2 0.501928 0.511749 1 0.501928 0.511637 2 0.498136 0.512473 1 0.499628 0.512601 2 0.493818 0.522133 2 0.500147 0.522536 2 0.490271 0.535370 2 0.501953 0.535501 2 0.489655 0.547517 2 0.504358 0.542060 2 0.494697 0.550289 2 0.498798 0.550732 2 0.495229 0.570865 2 0.499144 0.570739 2 0.494726 0.581804 1 0.497209 0.581659 1
0 0.508929 0.515212 0.014881 0.067460 0.517327 0.476625 2 0.517932 0.475389 2 0.516459 0.475254 2 0.518193 0.476260 1 0.514474 0.475869 2 0.517513 0.483674 2 0.512668 0.483287 2 0.518673 0.491143 1 0.510662 0.494537 2 0.518941 0.483576 2 0.512054 0.506062 2 0.516357 0.502964 2 0.513435 0.502981 2 0.515732 0.516564 2 0.514148 0.517147 2 0.514716 0.530030 2 0.512902 0.530218 2
0 0.515625 0.501323 0.016369 0.076720 0.517290 0.476288 2 0.517967 0.475077 2 0.516435 0.474793 2 0.518246 0.476182 1 0.514615 0.475437 2 0.517791 0.483586 2 0.512663 0.483019 2 0.518668 0.492809 2 0.511105 0.493962 2 0.518883 0.495997 2 0.512745 0.505463 2 0.516674 0.502839 2 0.513417 0.502967 2 0.516311 0.516705 2 0.513657 0.517383 2 0.514937 0.530035 2 0.512731 0.530437 2
0 0.474702 0.505952 0.014881 0.078042 0.465623 0.491015 1 0.465372 0.489569 1 0.465898 0.489557 1 0.464286 0.490760 1 0.467733 0.490688 2 0.464286 0.499250 2 0.469293 0.499016 2 0.464286 0.507971 1 0.470840 0.507577 2 0.464392 0.513082 1 0.470355 0.513307 1 0.464286 0.518302 2 0.467920 0.517934 2 0.464322 0.536965 2 0.467192 0.536424 2 0.464553 0.553703 2 0.466783 0.554521 2
0 0.458333 0.501984 0.016369 0.083333 0.459178 0.471196 1 0.458733 0.469669 1 0.459222 0.469550 1 0.455936 0.470541 2 0.459957 0.470469 2 0.454294 0.480559 2 0.461673 0.480172 2 0.453701 0.492951 2 0.463156 0.492255 2 0.455045 0.501645 2 0.462260 0.500460 2 0.456024 0.501359 2 0.461260 0.501119 2 0.457090 0.518971 2 0.461726 0.518317 2 0.457648 0.535869 2 0.461343 0.535974 2
0 0.928571 0.971561 0.049107 0.054233 0.919446 0.969507 2 0.921747 0.964459 2 0.916287 0.964233 2 0.923688 0.963990 1 0.909524 0.963917 2 0.927056 0.983004 2 0.900273 0.986415 2 0.928837 1.000000 1 0.896613 1.000000 1 0.922234 1.000000 1 0.904761 1.000000 1 0.922688 1.000000 1 0.905484 1.000000 1 0.924879 0.989372 1 0.906490 0.999943 1 0.914740 0.994976 1 0.913151 1.000000 1
0 0.878720 0.940476 0.046131 0.116402 0.879371 0.900726 2 0.882071 0.897729 2 0.876932 0.896884 2 0.885394 0.901640 2 0.872891 0.899620 2 0.887735 0.924892 2 0.866229 0.920776 2 0.892527 0.950553 2 0.859185 0.944440 2 0.896591 0.969016 2 0.856544 0.968904 2 0.881701 0.984645 2 0.867085 0.982954 2 0.884408 1.000000 1 0.866909 1.000000 1 0.883390 1.000000 1 0.866094 0.995795 1
0 0.622768 0.613095 0.028274 0.109788 0.624071 0.572172 2 0.625004 0.569765 2 0.624440 0.569914 1 0.627857 0.571490 2 0.626606 0.571060 1 0.631481 0.586769 2 0.626727 0.580478 2 0.633378 0.599387 2 0.624826 0.581763 2 0.632688 0.605245 2 0.622405 0.573054 2 0.629212 0.616345 2 0.624880 0.612161 2 0.630163 0.637556 2 0.617279 0.625445 2 0.630542 0.661290 2 0.616039 0.643820 2
