0 0.252418 0.479167 0.007068 0.024471 0.251826 0.473438 2 0.252002 0.472971 1 0.251627 0.473064 1 0.252395 0.472912 2 0.251478 0.473157 1 0.253172 0.475017 2 0.251341 0.475320 2 0.253839 0.477766 2 0.250696 0.477762 2 0.253509 0.480265 2 0.250620 0.479811 2 0.252896 0.480798 2 0.251649 0.480913 2 0.253193 0.484554 2 0.251707 0.484874 2 0.253554 0.488129 2 0.251701 0.488789 2
0 0.527344 0.502976 0.004836 0.017857 0.526959 0.499274 1 0.526935 0.498819 1 0.527100 0.498871 1 0.526560 0.499017 2 0.527791 0.499083 2 0.525930 0.501675 2 0.528290 0.501835 2 0.525113 0.504747 2 0.529082 0.505316 2 0.525530 0.507046 2 0.528942 0.508377 2 0.526413 0.508498 2 0.527898 0.508572 2 0.526764 0.513191 2 0.527651 0.513285 2 0.526968 0.514869 1 0.527391 0.514915 1
0 0.525112 0.455026 0.004092 0.014550 0.525279 0.452371 1 0.525276 0.451973 1 0.525381 0.451986 1 0.525115 0.451944 2 0.525986 0.451935 2 0.524671 0.453866 2 0.526400 0.453943 2 0.523974 0.456003 2 0.526822 0.456502 2 0.524209 0.456932 2 0.526557 0.457861 1 0.524805 0.458799 2 0.525945 0.458785 2 0.524797 0.462618 2 0.525679 0.462656 2 0.524768 0.464895 1 0.525544 0.464947 1
0 0.515253 0.453042 0.005208 0.014550 0.515560 0.450472 1 0.515549 0.450043 1 0.515607 0.450014 1 0.515171 0.450046 2 0.516130 0.449935 2 0.514615 0.452414 2 0.516656 0.452395 2 0.513988 0.455345 2 0.517473 0.455724 2 0.514869 0.455391 2 0.517062 0.456392 2 0.514938 0.458395 2 0.516402 0.458397 2 0.514980 0.460679 1 0.516948 0.460579 1 0.514561 0.461766 1 0.517001 0.461675 1
0 0.821801 0.509590 0.006696 0.024471 0.820413 0.503122 1 0.820430 0.502626 1 0.820603 0.502591 1 0.820539 0.502805 2 0.821700 0.502661 2 0.820504 0.505581 2 0.822260 0.505400 2 0.819457 0.508875 2 0.822152 0.509013 1 0.818864 0.509545 2 0.821407 0.511315 1 0.820205 0.512057 2 0.821326 0.511814 2 0.819562 0.514956 2 0.820307 0.514944 2 0.820001 0.516857 2 0.820598 0.517330 2
0 0.836682 0.522817 0.006696 0.024471 0.837178 0.517857 1 0.837224 0.517406 1 0.837398 0.517453 1 0.837165 0.517528 2 0.838389 0.517578 2 0.836727 0.519755 2 0.838935 0.520082 2 0.835582 0.523094 2 0.839350 0.523835 2 0.834441 0.524101 2 0.839070 0.527000 1 0.836960 0.527361 2 0.838349 0.527444 2 0.834885 0.528959 2 0.836575 0.529616 2 0.836812 0.531990 1 0.838109 0.532565 1
0 0.720238 0.355820 0.005952 0.019841 0.720237 0.349933 1 0.720210 0.349625 1 0.720249 0.349637 1 0.719879 0.349678 2 0.720498 0.349734 2 0.719512 0.351268 2 0.720807 0.351439 2 0.719026 0.352889 2 0.721330 0.353118 2 0.719357 0.354005 2 0.720992 0.353917 2 0.719681 0.355123 2 0.720499 0.355170 2 0.719596 0.358396 2 0.720058 0.358539 2 0.719671 0.361617 2 0.719955 0.361740 2
0 0.623326 0.311508 0.003348 0.013228 0.623484 0.307183 2 0.623607 0.306910 2 0.623368 0.306911 2 0.623765 0.307000 2 0.623206 0.307007 2 0.623967 0.308395 2 0.622908 0.308383 2 0.624312 0.309901 2 0.622518 0.309955 2 0.623956 0.310464 2 0.622466 0.311066 2 0.623574 0.311537 2 0.622922 0.311494 2 0.623444 0.314017 2 0.622948 0.314030 2 0.623393 0.316595 2 0.623157 0.316527 2
0 0.992188 0.678902 0.009673 0.032407 0.994158 0.668796 1 0.994254 0.668107 1 0.994509 0.668195 1 0.994525 0.668520 2 0.996020 0.668586 2 0.994337 0.672220 2 0.996256 0.672472 2 0.993274 0.676275 2 0.996345 0.677669 2 0.991849 0.676426 2 0.995941 0.680452 2 0.993618 0.680361 2 0.994797 0.680248 2 0.992448 0.685781 2 0.993283 0.685722 2 0.992985 0.691613 2 0.993663 0.691199 2
0 0.744978 0.383929 0.005580 0.019180 0.745078 0.377412 1 0.744946 0.377049 1 0.745067 0.377060 1 0.744215 0.377008 1 0.744901 0.377112 2 0.743856 0.378663 2 0.744629 0.378738 2 0.743904 0.381201 1 0.744970 0.381105 2 0.744392 0.382877 1 0.745184 0.382934 2 0.743914 0.383237 2 0.744476 0.383325 2 0.743944 0.386258 2 0.744606 0.386373 2 0.743707 0.389116 2 0.744696 0.389083 2
0 0.736607 0.379299 0.005952 0.019180 0.737845 0.373245 1 0.737752 0.372879 1 0.737767 0.372865 1 0.737276 0.373061 1 0.737429 0.373094 2 0.737219 0.375205 2 0.736989 0.375258 2 0.737450 0.377629 2 0.736798 0.377683 2 0.737484 0.379739 1 0.736815 0.379947 2 0.737012 0.379526 2 0.736895 0.379567 2 0.736896 0.382210 2 0.736627 0.382352 2 0.736523 0.385166 2 0.736346 0.385301 2
0 0.744606 0.345238 0.005580 0.017196 0.745398 0.338734 1 0.745461 0.338446 1 0.745321 0.338474 1 0.745377 0.338582 1 0.745337 0.338651 2 0.744945 0.340085 2 0.745719 0.340082 2 0.744610 0.341826 2 0.746260 0.341702 2 0.744765 0.342985 2 0.746522 0.342863 2 0.744914 0.343287 2 0.745411 0.343248 2 0.744783 0.345899 2 0.745272 0.345872 2 0.744806 0.348654 2 0.745161 0.348517 2
0 0.495722 0.295304 0.003348 0.015212 0.495556 0.291925 1 0.495645 0.291703 1 0.495473 0.291715 1 0.495766 0.291810 1 0.495421 0.291846 1 0.496042 0.292975 2 0.495279 0.293090 2 0.496475 0.294175 2 0.495028 0.294441 2 0.496218 0.295213 2 0.495056 0.295678 2 0.495905 0.296032 2 0.495439 0.296079 2 0.495866 0.298449 2 0.495537 0.298496 2 0.495884 0.300772 2 0.495606 0.300791 2
0 0.506696 0.305886 0.004464 0.012566 0.507202 0.302648 1 0.507172 0.302407 1 0.507224 0.302424 1 0.506886 0.302409 1 0.507335 0.302448 2 0.506648 0.303489 2 0.507385 0.303547 2 0.506379 0.304645 2 0.507629 0.304648 2 0.506440 0.305798 1 0.507509 0.305613 1 0.506765 0.306378 2 0.507240 0.306434 2 0.506850 0.308470 2 0.507197 0.308537 2 0.506865 0.310632 2 0.507249 0.310658 2
0 0.597656 0.716601 0.008557 0.028439 0.597398 0.703762 2 0.597641 0.703265 2 0.597110 0.703351 1 0.598040 0.702546 1 0.596740 0.702668 2 0.598855 0.703536 2 0.595863 0.702803 2 0.599658 0.707166 2 0.595365 0.706724 2 0.598576 0.709841 2 0.596443 0.709241 2 0.598526 0.711535 2 0.596287 0.710920 2 0.599452 0.718080 2 0.594748 0.715388 2 0.599549 0.726129 2 0.594965 0.721197 2
0 0.619048 0.720238 0.008185 0.031746 0.619902 0.709905 1 0.619811 0.709431 1 0.620075 0.709531 1 0.619075 0.709871 2 0.620954 0.710051 2 0.618261 0.712539 2 0.621885 0.712623 2 0.617214 0.715161 2 0.623453 0.713641 2 0.617209 0.716094 1 0.622433 0.711667 1 0.618718 0.721583 2 0.620956 0.721748 2 0.619601 0.723382 2 0.620820 0.724000 2 0.619791 0.728061 2 0.620086 0.728745 2
0 0.533854 0.498347 0.006696 0.021825 0.533461 0.488632 2 0.533689 0.488138 2 0.533232 0.488145 2 0.534015 0.488049 2 0.532864 0.488031 2 0.534489 0.490091 2 0.532399 0.490096 2 0.535347 0.492065 2 0.531570 0.492291 2 0.533935 0.493470 2 0.532493 0.492724 2 0.533972 0.496085 2 0.532580 0.496022 2 0.533863 0.499840 2 0.531963 0.499468 2 0.533883 0.503186 1 0.531966 0.502571 1
0 0.539249 0.511574 0.007068 0.025794 0.539596 0.500211 1 0.539793 0.499744 1 0.539415 0.499773 1 0.540101 0.500159 1 0.539215 0.500141 1 0.540531 0.503290 2 0.538655 0.502638 2 0.540857 0.506715 2 0.537356 0.503607 2 0.540538 0.509346 2 0.537585 0.502535 2 0.539926 0.509210 2 0.538661 0.508988 2 0.539857 0.513747 2 0.538385 0.513615 2 0.539648 0.518093 2 0.537887 0.517746 2
