0 0.176339 0.924603 0.044643 0.140212 0.166690 0.878259 1 0.167042 0.875691 1 0.168089 0.874484 1 0.169628 0.879477 2 0.176929 0.874985 2 0.172069 0.901524 2 0.180875 0.887240 2 0.167768 0.920398 2 0.171750 0.888660 2 0.165780 0.897795 2 0.164161 0.887691 2 0.177351 0.949685 2 0.183836 0.943582 2 0.180755 0.986197 2 0.188779 0.978999 2 0.184540 0.992071 1 0.193049 0.987788 1
0 0.171875 0.909392 0.037202 0.162698 0.167243 0.877452 1 0.167460 0.874490 1 0.168884 0.873001 1 0.170060 0.876964 2 0.177998 0.872074 2 0.173844 0.897781 2 0.180825 0.885200 2 0.172211 0.919684 2 0.172807 0.892378 2 0.167325 0.898227 2 0.164688 0.891515 2 0.180130 0.947899 2 0.184838 0.942601 2 0.182781 0.987034 2 0.185925 0.984355 2 0.185663 0.993367 1 0.186462 0.995597 1
0 0.261161 0.621032 0.020833 0.080688 0.256617 0.595537 1 0.256509 0.594060 1 0.256967 0.593725 1 0.257230 0.593806 2 0.260382 0.592619 1 0.259374 0.600947 2 0.263409 0.598333 2 0.260653 0.614340 2 0.265191 0.608379 2 0.260530 0.623311 2 0.263522 0.617642 1 0.263871 0.619736 2 0.266784 0.618452 2 0.260911 0.634172 2 0.264131 0.632956 2 0.262359 0.649412 2 0.266511 0.648537 2
0 0.247024 0.605159 0.017857 0.104497 0.252063 0.568867 2 0.251798 0.566855 1 0.251956 0.566729 2 0.249193 0.565774 1 0.250447 0.565579 2 0.248103 0.574514 2 0.246070 0.574706 2 0.248444 0.587614 2 0.243395 0.588229 2 0.250560 0.595945 2 0.244656 0.598849 2 0.248722 0.599353 2 0.247441 0.600272 2 0.250335 0.619644 2 0.247572 0.621554 2 0.249088 0.640464 2 0.246048 0.641477 2
0 0.272321 0.601852 0.019345 0.071429 0.258929 0.593781 1 0.258929 0.592423 1 0.259014 0.591934 1 0.258929 0.592946 2 0.261340 0.591391 1 0.259907 0.601430 2 0.263453 0.597761 2 0.260608 0.613605 2 0.263681 0.605903 1 0.261036 0.624056 2 0.262077 0.617321 1 0.263886 0.619672 2 0.266395 0.618050 2 0.261934 0.635166 2 0.263883 0.633223 2 0.263584 0.648670 2 0.265158 0.647367 2
0 0.290551 0.501323 0.014137 0.058201 0.287207 0.482393 1 0.287301 0.481454 1 0.287781 0.481396 1 0.287261 0.482758 2 0.290771 0.482198 2 0.286739 0.489567 2 0.292362 0.488478 2 0.287335 0.494650 1 0.294082 0.494888 2 0.289382 0.490802 1 0.293410 0.493893 1 0.288708 0.504436 2 0.292497 0.503715 2 0.288866 0.513710 2 0.291777 0.511375 2 0.289738 0.522287 2 0.291530 0.518801 2
0 0.346726 0.577381 0.032738 0.067460 0.351691 0.553630 2 0.352758 0.551322 2 0.350763 0.552075 2 0.355802 0.550861 2 0.350973 0.552406 1 0.358597 0.559668 2 0.352842 0.560383 2 0.355948 0.570397 2 0.347419 0.567734 2 0.348696 0.577855 2 0.340207 0.572585 2 0.360273 0.583729 2 0.356737 0.582836 2 0.347498 0.573288 2 0.347225 0.573212 2 0.347268 0.595583 2 0.347977 0.595498 2
0 0.458333 0.416667 0.019345 0.084656 0.455943 0.383950 1 0.456188 0.382385 1 0.456400 0.382488 1 0.455927 0.383363 2 0.459480 0.383368 2 0.453831 0.392741 2 0.461187 0.392718 2 0.452501 0.403151 2 0.462822 0.404777 2 0.453381 0.412534 2 0.463260 0.415195 2 0.455464 0.413625 2 0.460664 0.413468 2 0.455464 0.431107 2 0.461281 0.430040 2 0.455663 0.448278 2 0.461190 0.444753 2
0 0.344122 0.531746 0.024554 0.042328 0.340958 0.522727 2 0.341858 0.520808 2 0.340286 0.521349 2 0.344012 0.521011 2 0.340333 0.522228 1 0.345635 0.526958 2 0.341944 0.529739 2 0.338906 0.532528 2 0.337221 0.539001 2 0.336842 0.532580 2 0.335938 0.537076 2 0.351232 0.547026 2 0.348342 0.547547 2 0.340244 0.536279 2 0.339021 0.534815 2 0.345356 0.550739 2 0.344522 0.550647 2
0 0.344122 0.522487 0.021577 0.042328 0.341155 0.521449 2 0.342417 0.519519 2 0.340339 0.519868 2 0.344505 0.520674 2 0.339778 0.521332 1 0.346013 0.527201 2 0.341335 0.529242 2 0.338856 0.531776 2 0.337408 0.536790 2 0.337140 0.530088 2 0.335931 0.536182 2 0.351293 0.546658 2 0.347684 0.546800 2 0.340012 0.536445 2 0.338132 0.534661 2 0.344293 0.547142 2 0.344242 0.549146 2
0 0.352679 0.511243 0.025298 0.051587 0.341089 0.521670 2 0.342472 0.519487 2 0.340005 0.519881 2 0.344490 0.520524 2 0.339229 0.521231 2 0.344987 0.527578 2 0.342224 0.530057 2 0.338879 0.535655 2 0.339123 0.539947 1 0.337712 0.535344 2 0.336897 0.539403 1 0.350791 0.545286 1 0.348530 0.545594 1 0.340779 0.537898 1 0.338577 0.537078 1 0.342680 0.540459 1 0.341255 0.544262 1
0 0.467262 0.404101 0.014881 0.078042 0.469704 0.376108 1 0.469574 0.374592 1 0.469835 0.374740 1 0.467490 0.375420 2 0.470912 0.375710 2 0.465426 0.383971 2 0.471705 0.384364 2 0.464199 0.392444 2 0.472851 0.393921 2 0.465059 0.399359 1 0.472661 0.401005 2 0.466093 0.403357 2 0.470431 0.403537 2 0.466242 0.419073 2 0.470607 0.418132 2 0.465973 0.433726 2 0.469979 0.431996 2
0 0.468378 0.611772 0.040923 0.125661 0.458678 0.566899 2 0.460342 0.564043 2 0.457578 0.564330 2 0.463817 0.563555 2 0.456631 0.564192 1 0.467521 0.574532 2 0.455219 0.574378 2 0.473359 0.589867 2 0.453980 0.591269 2 0.474987 0.605536 2 0.455711 0.604400 2 0.470257 0.608523 2 0.460769 0.608524 2 0.478539 0.633658 2 0.456345 0.629360 2 0.485890 0.663663 2 0.459177 0.654488 2
0 0.425223 0.615741 0.023065 0.128307 0.425282 0.568347 2 0.426867 0.566068 2 0.423910 0.566077 2 0.429441 0.568104 2 0.422201 0.568173 2 0.433371 0.580932 2 0.421428 0.581829 2 0.435013 0.597211 2 0.421972 0.592409 2 0.429929 0.597319 2 0.429000 0.597900 2 0.431993 0.613383 2 0.423829 0.614214 2 0.431863 0.634355 2 0.425680 0.641202 2 0.430756 0.649271 2 0.426940 0.664796 2
0 0.427455 0.595899 0.015625 0.051587 0.425080 0.568549 2 0.426503 0.566123 2 0.423755 0.566607 2 0.429054 0.568133 2 0.422279 0.569050 2 0.431115 0.583694 2 0.421417 0.581947 2 0.433868 0.601608 2 0.421921 0.592985 2 0.430892 0.607050 2 0.429030 0.597458 2 0.431169 0.617338 2 0.424381 0.616958 2 0.432547 0.629933 1 0.425792 0.630374 1 0.433824 0.629258 1 0.426141 0.628829 1
0 0.412202 0.359788 0.014881 0.066138 0.410280 0.378562 2 0.410931 0.377133 2 0.409371 0.377473 2 0.411994 0.377698 2 0.408267 0.378419 2 0.414421 0.385782 2 0.406891 0.386041 2 0.415795 0.397875 2 0.406011 0.397634 2 0.415770 0.404336 2 0.405416 0.406085 2 0.413316 0.404668 2 0.408218 0.404698 2 0.413193 0.403129 1 0.407829 0.403412 1 0.411977 0.406085 1 0.407593 0.406085 1
0 0.451637 0.804894 0.026786 0.083333 0.449780 0.784242 2 0.451410 0.781088 2 0.448411 0.781301 2 0.455847 0.778516 2 0.447983 0.778846 1 0.461693 0.792534 2 0.446492 0.788390 2 0.465813 0.819180 2 0.439099 0.797933 2 0.460742 0.837363 2 0.441895 0.790086 2 0.456736 0.836643 2 0.446624 0.834329 2 0.456322 0.860549 2 0.443929 0.858272 1 0.456985 0.859788 1 0.443246 0.857691 1
0 0.456101 0.813492 0.037202 0.161376 0.449433 0.782569 2 0.451215 0.779117 2 0.448274 0.779370 2 0.455631 0.778394 2 0.447808 0.778970 1 0.460227 0.792275 2 0.446850 0.789643 2 0.465073 0.816404 2 0.442078 0.802413 2 0.459871 0.836722 2 0.442138 0.801563 2 0.459278 0.830556 2 0.449075 0.829452 2 0.467241 0.851863 2 0.443079 0.849536 2 0.469834 0.873722 2 0.442808 0.867733 2
0 0.572173 0.554233 0.023810 0.116402 0.573999 0.511119 2 0.575413 0.508941 2 0.572975 0.508893 2 0.577928 0.508416 2 0.571532 0.508377 2 0.580692 0.518273 2 0.569479 0.518224 2 0.582874 0.532317 2 0.565701 0.531767 2 0.582573 0.545296 2 0.564654 0.544881 2 0.577948 0.545068 2 0.570047 0.544616 2 0.577106 0.561330 2 0.565776 0.560283 2 0.579381 0.579041 2 0.565876 0.578579 2
0 0.418527 0.232143 0.011161 0.043651 0.419733 0.220103 2 0.420004 0.219261 2 0.419290 0.219511 2 0.420541 0.218651 2 0.418724 0.219241 2 0.421889 0.221793 2 0.418285 0.222132 2 0.423338 0.226475 2 0.417270 0.226130 2 0.422789 0.231274 2 0.417736 0.230520 2 0.421469 0.232185 2 0.419162 0.232292 2 0.421731 0.239317 2 0.419657 0.239429 2 0.422113 0.244251 2 0.420029 0.244313 2
0 0.381696 0.434524 0.019345 0.070106 0.380961 0.410878 2 0.381819 0.408824 2 0.379776 0.409473 2 0.383347 0.408579 2 0.378525 0.410175 2 0.385632 0.416820 2 0.378019 0.417443 2 0.388962 0.426621 2 0.375995 0.425887 2 0.389817 0.436001 2 0.374310 0.433800 2 0.384033 0.437679 2 0.379194 0.437604 2 0.384092 0.450625 2 0.378548 0.449914 2 0.384639 0.461524 2 0.381087 0.458717 2
0 0.361979 0.457011 0.020089 0.051587 0.365116 0.424114 1 0.365130 0.422499 1 0.365607 0.422528 1 0.364442 0.423044 2 0.368440 0.422884 2 0.362394 0.432218 2 0.369989 0.431730 2 0.358769 0.442559 2 0.373411 0.442526 2 0.360240 0.446433 2 0.371007 0.449746 2 0.363164 0.454202 2 0.368036 0.453809 2 0.363643 0.467537 2 0.367115 0.467074 2 0.362883 0.480130 2 0.367094 0.478465 2
0 0.366071 0.443122 0.014881 0.058201 0.364997 0.423659 1 0.365040 0.422122 1 0.365387 0.421964 1 0.364468 0.422515 2 0.368291 0.421913 2 0.362505 0.431431 2 0.370382 0.430407 2 0.359381 0.441549 2 0.373648 0.442480 2 0.360224 0.439088 2 0.371354 0.449531 2 0.363668 0.454199 2 0.368909 0.453493 2 0.362911 0.469916 2 0.367833 0.469028 2 0.362364 0.480518 2 0.367928 0.478208 2
0 0.307292 0.523148 0.019345 0.064815 0.299556 0.499489 1 0.299601 0.498150 1 0.299931 0.497826 1 0.301548 0.498409 2 0.303942 0.497230 1 0.303442 0.504272 2 0.307569 0.502537 2 0.308351 0.504611 2 0.313034 0.501628 2 0.310855 0.498926 2 0.312051 0.498628 2 0.306607 0.523571 2 0.309270 0.522851 2 0.306791 0.537029 2 0.308522 0.537491 2 0.305804 0.551029 2 0.307135 0.550665 2
