0 0.470238 0.535053 0.022321 0.112434 0.472991 0.533013 1 0.471875 0.530816 1 0.472828 0.530763 1 0.466432 0.532346 2 0.472498 0.532873 2 0.462466 0.547205 2 0.474171 0.547562 2 0.460649 0.564834 2 0.477201 0.566141 2 0.462735 0.575001 2 0.478185 0.580518 2 0.464440 0.582699 2 0.472435 0.583030 2 0.466591 0.605769 2 0.473977 0.605907 2 0.465353 0.613467 1 0.471151 0.613467 1
0 0.469494 0.582011 0.028274 0.126984 0.473080 0.532757 1 0.471937 0.530471 1 0.472737 0.530468 1 0.466280 0.532067 2 0.472233 0.532629 2 0.462283 0.547210 2 0.474248 0.547521 2 0.460849 0.564740 2 0.476672 0.566024 2 0.463133 0.576145 2 0.478568 0.580526 2 0.464272 0.582116 2 0.472328 0.582464 2 0.466465 0.605589 2 0.472872 0.604997 2 0.466291 0.626979 2 0.469707 0.625938 2
0 0.491443 0.531746 0.026042 0.111111 0.487512 0.494019 2 0.488092 0.491867 1 0.488420 0.491760 1 0.490501 0.492570 2 0.494521 0.491748 1 0.488237 0.503901 2 0.498864 0.502947 2 0.485281 0.517838 2 0.502009 0.518385 2 0.486450 0.525299 2 0.503234 0.533427 2 0.489352 0.534180 2 0.496911 0.533723 2 0.486935 0.555974 2 0.496413 0.556574 2 0.486646 0.579478 2 0.496843 0.578547 2
0 0.548735 0.542328 0.018601 0.089947 0.543714 0.515459 1 0.543640 0.513811 1 0.543860 0.513210 1 0.544380 0.513422 2 0.547938 0.511793 2 0.545424 0.521660 2 0.551845 0.518932 2 0.543628 0.530888 2 0.552276 0.527291 1 0.543613 0.527714 2 0.549053 0.529873 1 0.548049 0.544239 2 0.552562 0.542879 2 0.547134 0.560012 2 0.551600 0.559534 2 0.547022 0.575209 2 0.552201 0.576501 2
0 0.511161 0.539021 0.022321 0.101852 0.515923 0.506180 1 0.515317 0.504122 1 0.516072 0.504307 1 0.511853 0.504623 2 0.516795 0.505289 2 0.508883 0.515584 2 0.518191 0.516385 2 0.507162 0.528772 2 0.520963 0.530551 2 0.506868 0.540290 2 0.522002 0.542715 2 0.509933 0.541300 2 0.515843 0.541657 2 0.512078 0.560173 2 0.514638 0.560394 2 0.513233 0.579006 2 0.513077 0.578781 2
0 0.587426 0.491402 0.018601 0.085979 0.587808 0.461116 1 0.588162 0.459563 1 0.588597 0.459786 1 0.588168 0.460823 2 0.592596 0.460940 2 0.586166 0.469931 2 0.594053 0.470562 2 0.584523 0.482656 2 0.594758 0.482555 2 0.585249 0.491991 2 0.592426 0.488005 2 0.586732 0.492520 2 0.592492 0.492869 2 0.584750 0.509357 2 0.591893 0.511433 2 0.583942 0.527051 2 0.591651 0.528289 2
0 0.571801 0.488095 0.020089 0.092593 0.576437 0.454826 1 0.576063 0.453087 1 0.576591 0.453141 1 0.573425 0.453835 2 0.577765 0.454148 2 0.570947 0.463895 2 0.579342 0.464388 2 0.569290 0.477579 2 0.581292 0.477942 2 0.568064 0.490965 2 0.581874 0.489466 2 0.572200 0.486935 2 0.577863 0.487084 2 0.572763 0.506332 2 0.577187 0.506976 2 0.572668 0.525524 2 0.575183 0.526150 2
0 0.835565 0.472884 0.013393 0.059524 0.838650 0.456691 2 0.838840 0.455557 1 0.838390 0.455350 2 0.838513 0.455547 1 0.837536 0.455174 2 0.838500 0.460733 2 0.835665 0.461418 2 0.840581 0.464161 2 0.834880 0.469276 2 0.839638 0.462765 2 0.836026 0.476575 2 0.837616 0.476167 2 0.835715 0.476343 2 0.836923 0.486154 2 0.833786 0.486791 2 0.836389 0.497715 2 0.833107 0.497978 2
0 0.135045 0.583333 0.037946 0.100529 0.120485 0.573370 2 0.120339 0.571435 1 0.119568 0.571574 2 0.118921 0.571724 1 0.117082 0.571873 2 0.117205 0.581114 2 0.116121 0.582907 2 0.118232 0.596110 1 0.116392 0.603409 2 0.122302 0.604076 1 0.118826 0.620057 2 0.123208 0.610897 2 0.122083 0.613474 2 0.132832 0.623900 2 0.133661 0.626503 2 0.125497 0.647077 2 0.123677 0.647913 2
0 0.122396 0.601852 0.026042 0.119048 0.120950 0.573606 2 0.120521 0.571547 1 0.120221 0.571598 2 0.118033 0.572212 1 0.117599 0.572162 2 0.116224 0.582322 2 0.116399 0.583333 2 0.119787 0.597100 1 0.115996 0.601599 2 0.124038 0.606201 1 0.117851 0.617758 2 0.120662 0.610616 2 0.121019 0.612435 2 0.126301 0.625273 2 0.129507 0.627524 2 0.119500 0.646897 2 0.122187 0.648528 2
0 0.078125 0.748677 0.063988 0.185185 0.070554 0.689524 1 0.068733 0.685407 1 0.070402 0.685848 1 0.059556 0.686221 1 0.069258 0.688110 2 0.054426 0.703644 2 0.070908 0.710246 2 0.067168 0.722787 2 0.083469 0.732137 2 0.084310 0.732011 1 0.098268 0.736863 2 0.054910 0.765781 2 0.067043 0.771319 2 0.072675 0.768387 2 0.093912 0.779173 2 0.069227 0.809948 2 0.091201 0.827934 2
0 0.806176 0.550265 0.015625 0.037037 0.813628 0.542861 2 0.814183 0.541939 2 0.813042 0.541456 2 0.814264 0.542681 1 0.811293 0.541487 2 0.812576 0.548492 2 0.807557 0.546891 2 0.813410 0.554501 2 0.803889 0.555258 2 0.816015 0.558298 2 0.804934 0.561629 2 0.807590 0.559487 2 0.804192 0.559380 2 0.815512 0.559152 2 0.812449 0.557921 2 0.810145 0.571242 2 0.806782 0.568459 2
0 0.717262 0.430556 0.014881 0.051587 0.720001 0.412498 1 0.720129 0.411535 1 0.720134 0.411823 1 0.718860 0.412205 2 0.721917 0.412575 2 0.716618 0.417593 2 0.723521 0.418572 2 0.714629 0.423651 2 0.724842 0.426815 2 0.715465 0.425926 1 0.724203 0.429015 1 0.716734 0.432063 2 0.722208 0.432403 2 0.714328 0.437048 2 0.725028 0.436602 2 0.712258 0.448486 2 0.725685 0.447346 2
0 0.880208 0.446429 0.011905 0.054233 0.883286 0.430891 2 0.883519 0.429682 1 0.883215 0.429305 2 0.882617 0.428847 1 0.882206 0.427912 2 0.881057 0.434465 2 0.879493 0.433934 2 0.881017 0.442571 1 0.879470 0.442805 2 0.882886 0.446959 1 0.882412 0.447375 2 0.880647 0.450659 2 0.879679 0.450895 2 0.880535 0.462822 2 0.879856 0.463445 2 0.879664 0.476809 2 0.879099 0.476702 2
