0 0.522321 0.543651 0.011905 0.048942 0.521616 0.537552 2 0.522092 0.536714 2 0.521226 0.536618 2 0.522939 0.535256 2 0.520793 0.534862 2 0.524041 0.538349 2 0.520217 0.535737 2 0.523273 0.546627 2 0.517592 0.539181 2 0.521601 0.549918 2 0.516418 0.542998 2 0.521509 0.549046 2 0.519121 0.547364 2 0.518557 0.556926 2 0.516913 0.555099 2 0.517786 0.564963 2 0.516593 0.563958 2
0 0.475260 0.504630 0.015253 0.044974 0.475977 0.499810 2 0.476348 0.499206 2 0.475815 0.499040 2 0.477144 0.498953 2 0.475771 0.498509 1 0.478287 0.502327 2 0.475331 0.500013 2 0.478504 0.507940 2 0.473535 0.501852 2 0.476621 0.511027 2 0.471590 0.504129 2 0.477695 0.509244 2 0.475671 0.507784 2 0.476355 0.512717 2 0.473423 0.511520 2 0.476668 0.515472 2 0.473460 0.514631 2
0 0.584263 0.303241 0.006324 0.027116 0.586880 0.295154 1 0.586612 0.294506 1 0.586815 0.294583 1 0.585124 0.294536 2 0.586494 0.294855 2 0.584080 0.298065 2 0.586820 0.298508 2 0.583675 0.302189 2 0.587576 0.302602 2 0.583772 0.303945 1 0.587235 0.303808 2 0.584230 0.305187 2 0.586176 0.305491 2 0.584518 0.306629 1 0.586987 0.306696 1 0.584418 0.308567 1 0.586379 0.308439 1
0 0.093936 0.645172 0.011533 0.045635 0.093580 0.631598 2 0.093712 0.630612 2 0.092945 0.631088 2 0.093994 0.631052 2 0.092261 0.632343 2 0.096575 0.634321 2 0.091721 0.636877 2 0.099860 0.636191 2 0.088409 0.639340 2 0.098270 0.641160 2 0.091449 0.644081 2 0.097153 0.647987 2 0.094254 0.649530 2 0.098958 0.656218 2 0.095620 0.660308 2 0.099089 0.662833 2 0.097762 0.669412 2
0 0.106399 0.668651 0.015625 0.047619 0.105054 0.651431 1 0.104901 0.650751 1 0.105108 0.650471 1 0.103619 0.651608 2 0.106031 0.650725 2 0.102848 0.657481 2 0.108210 0.654961 2 0.102342 0.663534 2 0.110176 0.659628 2 0.102975 0.667436 2 0.109537 0.662174 2 0.105068 0.668759 2 0.108730 0.667400 2 0.106047 0.677853 2 0.109383 0.673261 2 0.107509 0.686102 2 0.110328 0.681036 2
0 0.095424 0.590278 0.012277 0.040344 0.094745 0.573155 2 0.095210 0.572040 2 0.094222 0.572443 2 0.096292 0.571652 2 0.093813 0.572651 2 0.098034 0.576196 2 0.092601 0.577102 2 0.100681 0.580227 2 0.091679 0.583537 2 0.100433 0.586450 2 0.092143 0.588971 2 0.098812 0.589134 2 0.095340 0.589444 2 0.099608 0.597729 2 0.095525 0.595923 2 0.100132 0.606835 2 0.097360 0.600861 2
0 0.729539 0.766534 0.019345 0.048942 0.732424 0.748804 2 0.732903 0.747868 2 0.732292 0.747747 2 0.734542 0.748111 2 0.733564 0.747697 1 0.734731 0.753250 2 0.735248 0.751855 2 0.734743 0.761147 2 0.734022 0.756636 2 0.733714 0.765204 2 0.730984 0.758619 2 0.733524 0.764902 2 0.734525 0.763946 2 0.730314 0.772616 2 0.734149 0.772742 2 0.728278 0.782493 2 0.733579 0.782960 2
0 0.782924 0.732804 0.012277 0.038360 0.786042 0.723697 2 0.786378 0.722909 2 0.785638 0.722966 2 0.786691 0.722508 2 0.784730 0.722534 2 0.787772 0.726627 2 0.783139 0.724367 2 0.788444 0.733083 2 0.779939 0.724267 2 0.785686 0.736509 2 0.782084 0.721861 2 0.785740 0.737972 2 0.782546 0.736645 2 0.783827 0.746278 2 0.780332 0.744890 2 0.781718 0.754997 2 0.778074 0.753374 2
0 0.788504 0.752646 0.013765 0.050265 0.785778 0.723921 2 0.786213 0.723086 2 0.785350 0.723102 2 0.786838 0.722767 2 0.784489 0.722584 2 0.787611 0.727335 2 0.783107 0.724619 2 0.788074 0.733553 2 0.780366 0.723433 2 0.784277 0.736079 2 0.782375 0.721814 2 0.785189 0.738090 2 0.782143 0.736633 2 0.783378 0.747001 2 0.780105 0.745446 2 0.782667 0.756730 2 0.779018 0.754405 2
0 0.861979 0.553571 0.010417 0.044974 0.862746 0.540388 1 0.862736 0.539477 1 0.862935 0.539673 1 0.861909 0.539702 2 0.863996 0.540170 2 0.860163 0.544378 2 0.864811 0.545264 2 0.857967 0.549868 2 0.865734 0.552028 2 0.857053 0.554697 2 0.865596 0.557678 2 0.859763 0.555640 2 0.862800 0.555840 2 0.858989 0.561546 2 0.861503 0.561985 2 0.858492 0.568891 2 0.860176 0.568834 2
0 0.853423 0.552910 0.015625 0.054233 0.855202 0.534540 1 0.855097 0.533560 1 0.855341 0.533845 1 0.853913 0.533647 2 0.856216 0.534419 2 0.852386 0.537697 2 0.856400 0.539595 2 0.850794 0.540792 2 0.856721 0.546119 2 0.851899 0.541922 1 0.856474 0.549915 1 0.851092 0.549485 2 0.853690 0.550088 2 0.849909 0.557997 2 0.851600 0.558305 2 0.848944 0.566642 2 0.849779 0.566142 2
0 0.270833 0.762566 0.012649 0.055556 0.269337 0.741353 1 0.269233 0.740584 1 0.269568 0.740295 1 0.268116 0.741723 2 0.270882 0.740809 2 0.267758 0.749270 2 0.272503 0.746398 2 0.268093 0.757804 2 0.273482 0.752434 2 0.269368 0.764522 2 0.272171 0.758810 2 0.269236 0.763138 2 0.272596 0.761645 2 0.269671 0.772263 2 0.272793 0.770084 2 0.270456 0.779980 1 0.272649 0.778796 1
0 0.293899 0.654101 0.012649 0.039683 0.286093 0.628732 2 0.286437 0.627844 2 0.285757 0.627987 1 0.287620 0.627084 2 0.285756 0.627557 1 0.290255 0.630485 2 0.285620 0.630962 2 0.291675 0.636467 2 0.285342 0.636278 1 0.290973 0.641063 1 0.285602 0.642013 1 0.289771 0.643364 2 0.286562 0.643524 2 0.290529 0.652386 2 0.287150 0.652958 2 0.291508 0.658977 2 0.287780 0.660789 2
0 0.286830 0.643188 0.009673 0.041667 0.286328 0.628616 2 0.286646 0.627609 2 0.285877 0.627888 2 0.287574 0.626557 2 0.285610 0.627277 1 0.290013 0.629847 2 0.285590 0.630181 2 0.291568 0.635767 2 0.283374 0.632674 2 0.290965 0.639923 2 0.283900 0.629200 2 0.289705 0.642495 2 0.286830 0.642600 2 0.290071 0.651565 2 0.287068 0.652076 2 0.291146 0.657576 2 0.287777 0.659650 2
0 0.207217 0.597553 0.013393 0.048280 0.204455 0.582817 1 0.204549 0.582154 1 0.204677 0.581553 1 0.204621 0.582672 2 0.206770 0.581033 2 0.205068 0.587577 2 0.208634 0.584820 2 0.205652 0.594437 2 0.210584 0.588725 2 0.205977 0.599675 2 0.210622 0.594091 2 0.207288 0.597693 2 0.210051 0.596515 2 0.206482 0.605020 2 0.210910 0.604753 2 0.206919 0.611665 2 0.212950 0.613497 2
0 0.319196 0.761243 0.018601 0.044974 0.320064 0.742490 1 0.320067 0.741624 1 0.320248 0.741485 1 0.319487 0.742400 2 0.322227 0.741594 2 0.318746 0.748699 2 0.324174 0.745453 2 0.315985 0.751995 2 0.325630 0.742946 2 0.316382 0.746253 2 0.323365 0.741339 2 0.320769 0.763639 2 0.324613 0.762242 2 0.317300 0.770542 2 0.323439 0.769547 2 0.317013 0.782258 2 0.325065 0.780950 2
0 0.599330 0.849868 0.015625 0.050265 0.601216 0.833503 1 0.601312 0.832499 1 0.601691 0.832889 1 0.600783 0.833187 2 0.603753 0.834028 2 0.598829 0.837917 2 0.604743 0.840903 2 0.596978 0.842536 2 0.605562 0.848870 2 0.598226 0.842766 1 0.605912 0.853493 1 0.597973 0.853149 2 0.601973 0.854598 2 0.596769 0.861476 2 0.601101 0.866219 2 0.595631 0.869308 2 0.599584 0.876054 2
0 0.446987 0.436839 0.009301 0.036376 0.449575 0.422425 1 0.449810 0.421773 1 0.449213 0.421655 1 0.449861 0.421713 1 0.448395 0.421462 1 0.450390 0.424833 2 0.447303 0.424021 2 0.450931 0.430604 2 0.445918 0.429440 2 0.450422 0.432842 2 0.445809 0.434467 2 0.449154 0.435847 2 0.447106 0.435351 2 0.448934 0.443662 2 0.446545 0.442749 2 0.448381 0.451076 2 0.446009 0.450177 2
