0 0.241071 0.531085 0.004464 0.025132 0.240505 0.523295 2 0.240695 0.522826 2 0.240284 0.522920 1 0.241139 0.522662 2 0.240098 0.522894 1 0.241931 0.524790 2 0.240042 0.524893 2 0.242636 0.527966 2 0.239524 0.527427 2 0.242547 0.531120 2 0.239201 0.529769 2 0.241691 0.530789 2 0.240359 0.530795 2 0.242061 0.534713 2 0.240198 0.534941 2 0.242728 0.538749 2 0.239928 0.539265 2
0 0.248140 0.854167 0.010417 0.025794 0.249627 0.844392 1 0.249445 0.843609 1 0.249603 0.843776 1 0.247700 0.843730 2 0.249686 0.844155 2 0.245901 0.847839 2 0.249993 0.848054 2 0.245078 0.852312 2 0.251976 0.852731 2 0.246683 0.852487 1 0.253235 0.851573 2 0.246112 0.859407 2 0.249098 0.859531 2 0.246767 0.860710 2 0.251912 0.859394 2 0.245621 0.870167 1 0.251388 0.867336 2
0 0.574591 0.923942 0.010789 0.027778 0.573672 0.913267 1 0.573711 0.912584 1 0.573845 0.912743 1 0.573188 0.912986 2 0.575197 0.913294 2 0.571427 0.916160 2 0.576957 0.918164 2 0.569264 0.918467 2 0.577465 0.923722 2 0.569477 0.923805 2 0.576836 0.929816 1 0.571793 0.929124 2 0.575745 0.930029 2 0.569786 0.928576 2 0.575192 0.929981 2 0.570488 0.937191 2 0.575451 0.939474 2
0 0.805060 0.532077 0.005952 0.024471 0.805243 0.522780 1 0.805263 0.522274 1 0.805423 0.522285 1 0.805463 0.522410 2 0.806695 0.522359 2 0.805563 0.525092 2 0.807393 0.525134 2 0.804922 0.528637 2 0.807412 0.528900 2 0.804035 0.530326 2 0.806288 0.530829 1 0.805176 0.532216 2 0.806457 0.532099 2 0.804321 0.536403 2 0.805706 0.536775 2 0.804469 0.540982 2 0.806027 0.541602 2
0 0.832217 0.545304 0.006696 0.024471 0.832884 0.536850 1 0.832820 0.536345 1 0.833045 0.536361 1 0.832308 0.536565 2 0.833677 0.536638 2 0.831896 0.539519 2 0.833993 0.539880 2 0.830660 0.541690 2 0.834717 0.543156 2 0.830003 0.541286 2 0.834359 0.544277 1 0.832168 0.545889 2 0.833375 0.545951 2 0.831792 0.548584 2 0.832299 0.548342 2 0.832646 0.549084 1 0.832529 0.548694 1
0 0.720238 0.373347 0.004464 0.017857 0.720747 0.368082 2 0.720892 0.367783 1 0.720603 0.367775 2 0.721056 0.367818 1 0.720389 0.367777 2 0.721308 0.369319 2 0.719984 0.369240 2 0.721840 0.370643 2 0.719429 0.370709 2 0.721193 0.370147 2 0.719893 0.371457 2 0.720923 0.373458 2 0.720133 0.373399 2 0.720504 0.376649 2 0.720144 0.376664 2 0.720214 0.379786 2 0.720105 0.379707 2
0 0.976562 0.687500 0.006696 0.031085 0.977233 0.677222 1 0.977310 0.676612 1 0.977562 0.676609 1 0.977621 0.676877 2 0.979069 0.676710 2 0.977578 0.680194 2 0.979579 0.679973 2 0.976968 0.684073 2 0.979934 0.684102 2 0.976267 0.685260 2 0.979074 0.686698 1 0.977597 0.687354 2 0.978877 0.687180 2 0.977618 0.692633 2 0.978143 0.692589 2 0.978086 0.697294 2 0.978272 0.697225 2
0 0.988839 0.686508 0.008929 0.034392 0.989324 0.675169 1 0.989488 0.674515 1 0.989715 0.674734 1 0.989740 0.675113 2 0.991332 0.675447 2 0.988959 0.678698 2 0.992043 0.679433 2 0.987553 0.682364 2 0.993772 0.683577 2 0.986470 0.685498 2 0.994164 0.686268 2 0.988508 0.687869 2 0.990348 0.688064 2 0.987346 0.693451 2 0.988771 0.694337 2 0.987571 0.699274 2 0.988878 0.699751 2
0 0.762649 0.412698 0.006696 0.018519 0.763343 0.407321 1 0.763209 0.406963 1 0.763367 0.406998 1 0.762445 0.407069 1 0.763361 0.407226 2 0.762014 0.408897 2 0.763270 0.409119 2 0.761733 0.411285 2 0.763734 0.411490 2 0.761943 0.412994 1 0.763828 0.413247 2 0.762019 0.413548 2 0.762837 0.413684 2 0.762127 0.416517 2 0.762741 0.416662 2 0.761834 0.419414 2 0.762431 0.419452 2
0 0.746094 0.408069 0.005580 0.021164 0.746984 0.402420 1 0.746889 0.402085 1 0.746914 0.402076 1 0.746405 0.402211 1 0.746610 0.402246 2 0.746329 0.404056 2 0.746226 0.404123 2 0.746505 0.406365 1 0.746081 0.406454 2 0.746707 0.408139 1 0.746203 0.408429 2 0.746287 0.408462 2 0.746245 0.408526 2 0.746214 0.411491 2 0.746037 0.411632 2 0.745831 0.414578 2 0.745690 0.414765 2
0 0.513393 0.321098 0.004464 0.012566 0.513448 0.318854 1 0.513409 0.318627 1 0.513488 0.318635 1 0.513139 0.318752 2 0.513693 0.318750 2 0.512991 0.320092 2 0.513872 0.319955 2 0.512848 0.321479 2 0.514176 0.320985 2 0.512863 0.322908 2 0.514031 0.322598 2 0.513141 0.323032 2 0.513715 0.322976 2 0.513163 0.325168 2 0.513526 0.325098 2 0.513271 0.327009 2 0.513555 0.327002 2
0 0.603609 0.752315 0.010789 0.031085 0.604517 0.742946 2 0.604754 0.742421 2 0.604245 0.742495 2 0.605103 0.741485 1 0.603835 0.741572 2 0.606030 0.742280 2 0.602904 0.741573 2 0.607061 0.746396 2 0.602159 0.746122 2 0.605530 0.748381 2 0.603155 0.748214 2 0.605794 0.750411 2 0.603475 0.749793 2 0.606733 0.757494 2 0.601863 0.754723 2 0.607120 0.765589 2 0.602125 0.760729 2
0 0.615513 0.720569 0.008557 0.029762 0.617734 0.707364 1 0.617696 0.706868 1 0.617922 0.706912 1 0.617106 0.707121 2 0.618788 0.707254 2 0.616297 0.709831 2 0.619315 0.710553 2 0.614787 0.712873 2 0.619457 0.713862 2 0.615416 0.714999 2 0.619497 0.718068 1 0.616496 0.718528 2 0.618605 0.718960 2 0.615360 0.716116 2 0.618072 0.717796 2 0.615808 0.721514 2 0.618130 0.724272 2
