0 0.556176 0.563492 0.018601 0.097884 0.551460 0.528292 1 0.550594 0.526545 1 0.551400 0.526422 1 0.546550 0.527343 1 0.550689 0.527461 2 0.544370 0.537004 2 0.550023 0.537755 2 0.546788 0.548733 1 0.552687 0.551490 2 0.552930 0.552598 1 0.555711 0.559165 2 0.546881 0.562613 2 0.550662 0.563490 2 0.549755 0.581628 2 0.551717 0.582964 2 0.549324 0.601149 2 0.549690 0.602414 2
0 0.553199 0.541005 0.033482 0.071429 0.551293 0.528415 1 0.550449 0.526768 1 0.551280 0.526603 1 0.546570 0.527234 1 0.550642 0.527323 2 0.544277 0.536268 2 0.549430 0.536663 2 0.547777 0.547128 1 0.552316 0.547598 2 0.554537 0.545575 1 0.556264 0.546762 2 0.546937 0.562591 2 0.550235 0.563657 2 0.551361 0.582085 2 0.551941 0.584468 2 0.550920 0.588479 1 0.549786 0.589137 1
0 0.528274 0.490741 0.014881 0.074074 0.527216 0.486645 1 0.526658 0.485138 1 0.527297 0.485092 1 0.523593 0.485420 2 0.527576 0.485515 2 0.522021 0.493368 2 0.528633 0.493230 2 0.520358 0.503967 2 0.529565 0.503327 2 0.520413 0.512284 2 0.528310 0.510558 1 0.523071 0.513700 2 0.527704 0.513521 2 0.523061 0.529217 2 0.527669 0.528541 2 0.522708 0.539737 2 0.527516 0.540238 2
0 0.539062 0.483466 0.017113 0.075397 0.536775 0.462491 2 0.537470 0.460929 2 0.536154 0.460966 2 0.538498 0.459748 2 0.535000 0.459833 2 0.540014 0.465152 2 0.533173 0.466476 2 0.543667 0.470019 2 0.531643 0.473949 2 0.540924 0.474677 2 0.532770 0.478388 2 0.538936 0.483658 2 0.534313 0.484276 2 0.539328 0.492449 1 0.534360 0.492549 1 0.539995 0.496803 1 0.533792 0.495854 1
0 0.458705 0.527116 0.017113 0.088624 0.459199 0.496804 1 0.458740 0.495145 1 0.459323 0.495215 1 0.455559 0.496433 2 0.459983 0.496580 2 0.453325 0.506068 2 0.460791 0.506042 2 0.451296 0.517661 2 0.462940 0.516903 2 0.451078 0.527395 2 0.464941 0.524040 2 0.455094 0.525429 2 0.460083 0.525674 2 0.454839 0.544070 2 0.460406 0.543904 2 0.453422 0.561751 2 0.459313 0.561260 2
0 0.486979 0.550926 0.023065 0.099206 0.486470 0.517236 1 0.485950 0.515502 1 0.486725 0.515500 1 0.482920 0.516548 2 0.488532 0.516565 2 0.480447 0.528393 2 0.490808 0.527331 2 0.479644 0.543063 2 0.493700 0.541960 2 0.481002 0.554554 2 0.494063 0.554035 2 0.482977 0.555783 2 0.490036 0.555120 2 0.484316 0.575034 2 0.490466 0.572196 2 0.485217 0.593698 2 0.489581 0.589245 2
0 0.486235 0.525794 0.018601 0.096561 0.484707 0.516436 1 0.484672 0.514721 1 0.485250 0.514812 1 0.483222 0.516410 2 0.488339 0.516397 2 0.480872 0.527958 2 0.490759 0.527337 2 0.479395 0.542170 2 0.493762 0.541203 2 0.480084 0.553565 2 0.493789 0.552757 2 0.483154 0.554819 2 0.489799 0.554441 2 0.484505 0.574635 2 0.490068 0.573345 2 0.485171 0.591422 2 0.489053 0.588738 2
0 0.502232 0.517857 0.014881 0.067460 0.492615 0.490497 1 0.492679 0.488675 1 0.492334 0.488827 1 0.492325 0.489737 1 0.492628 0.490050 1 0.493355 0.500859 1 0.493850 0.501098 2 0.496461 0.516123 1 0.496616 0.516163 2 0.494852 0.526257 1 0.494726 0.525399 2 0.492446 0.530694 1 0.492855 0.530254 2 0.492260 0.548459 1 0.492746 0.547097 2 0.492679 0.562438 1 0.492913 0.561144 1
0 0.523065 0.513228 0.016369 0.076720 0.526821 0.485955 1 0.526445 0.484525 1 0.527004 0.484618 1 0.523830 0.484998 2 0.527809 0.485231 2 0.521899 0.492594 2 0.529191 0.492609 2 0.519894 0.502400 2 0.530210 0.501421 2 0.520085 0.510273 2 0.530380 0.507695 1 0.522803 0.512735 2 0.527868 0.512741 2 0.522638 0.527018 2 0.528238 0.527010 2 0.522320 0.539551 2 0.527873 0.540699 2
0 0.462054 0.509921 0.014881 0.078042 0.458740 0.495946 1 0.458388 0.494314 1 0.459024 0.494553 1 0.455706 0.495404 2 0.460228 0.495972 2 0.453790 0.504569 2 0.461151 0.505410 2 0.452232 0.515914 2 0.463060 0.515959 2 0.453154 0.521904 1 0.463882 0.520268 2 0.454974 0.524431 2 0.460100 0.524982 2 0.454786 0.542192 2 0.460617 0.543180 2 0.453893 0.557732 2 0.460250 0.559335 2
0 0.440104 0.508598 0.017113 0.088624 0.440023 0.477800 1 0.439488 0.476331 1 0.439961 0.476145 1 0.436415 0.477529 2 0.440398 0.477249 2 0.434904 0.487943 2 0.442389 0.486674 2 0.434508 0.500018 2 0.443972 0.497491 2 0.435925 0.508372 2 0.442280 0.506262 2 0.436452 0.508827 2 0.441554 0.508217 2 0.438090 0.526487 2 0.441066 0.525290 2 0.439326 0.542384 2 0.440599 0.542317 2
0 0.779018 0.809524 0.037202 0.171958 0.789892 0.747102 2 0.790205 0.743946 2 0.788352 0.743800 2 0.788491 0.744892 1 0.782458 0.744207 2 0.790735 0.760788 2 0.774126 0.761302 2 0.794516 0.780807 2 0.767431 0.781157 2 0.798340 0.801369 2 0.767109 0.802193 2 0.786391 0.806798 2 0.775999 0.807844 2 0.784672 0.840069 2 0.776644 0.844212 2 0.778499 0.868323 2 0.776608 0.877562 2
0 0.752232 0.775794 0.031250 0.146825 0.773619 0.746560 1 0.773810 0.743601 1 0.773396 0.743819 1 0.773092 0.744216 1 0.773349 0.744739 1 0.771451 0.759521 1 0.771458 0.759872 2 0.768540 0.781146 1 0.768116 0.780341 2 0.768408 0.800591 1 0.767324 0.801063 2 0.772867 0.802427 1 0.772991 0.803074 2 0.773494 0.834129 1 0.773414 0.835372 2 0.773376 0.866087 1 0.773355 0.865538 1
0 0.726562 0.777116 0.030506 0.107143 0.722707 0.743999 2 0.724257 0.742032 2 0.721381 0.741613 2 0.726158 0.743542 2 0.719579 0.742492 2 0.727796 0.754783 2 0.717419 0.754428 2 0.732005 0.763210 2 0.715114 0.766090 2 0.738085 0.767065 2 0.713848 0.777112 2 0.725232 0.781288 2 0.719196 0.781235 2 0.723116 0.798589 2 0.720249 0.798085 2 0.719434 0.811173 2 0.720875 0.811857 2
0 0.613095 0.587302 0.016369 0.103175 0.609398 0.551437 1 0.609604 0.549518 1 0.610055 0.549192 1 0.610552 0.550742 2 0.614190 0.549383 1 0.612278 0.563289 2 0.616506 0.558994 2 0.613245 0.575792 2 0.620507 0.564980 2 0.612598 0.578769 2 0.617740 0.572521 2 0.613065 0.589965 2 0.615450 0.587868 2 0.614262 0.612554 2 0.613956 0.610634 2 0.615244 0.632987 2 0.613978 0.631356 2
