0 0.562872 0.363095 0.029018 0.117725 0.557519 0.317092 2 0.559164 0.315006 2 0.557141 0.314806 2 0.562405 0.316986 2 0.557260 0.316255 1 0.563822 0.331732 2 0.556506 0.328440 2 0.561677 0.350916 2 0.553317 0.344809 2 0.552865 0.355362 2 0.547007 0.353038 2 0.563002 0.364276 2 0.557756 0.361887 2 0.559993 0.387602 2 0.554124 0.381442 2 0.561402 0.411096 2 0.555069 0.401177 2
0 0.731771 0.752646 0.058780 0.243386 0.744825 0.654260 2 0.747807 0.649488 2 0.742408 0.648535 2 0.751728 0.652610 2 0.738675 0.649915 2 0.756530 0.681708 2 0.733361 0.673758 2 0.759605 0.722355 2 0.724777 0.698154 2 0.755756 0.754894 2 0.716596 0.722896 2 0.746070 0.743053 2 0.730198 0.738070 2 0.742366 0.786678 2 0.718873 0.780010 2 0.738154 0.826133 2 0.719577 0.820771 2
0 0.658110 0.185847 0.017113 0.070106 0.662695 0.161420 1 0.662801 0.160051 1 0.662935 0.160279 1 0.661799 0.160961 2 0.665142 0.161286 2 0.660027 0.168577 2 0.666432 0.169514 2 0.657919 0.178734 2 0.667812 0.179629 2 0.655820 0.188072 2 0.666366 0.184753 2 0.659804 0.187373 2 0.664516 0.187782 2 0.657724 0.201147 2 0.664702 0.202889 2 0.656155 0.216627 2 0.664684 0.217949 2
0 0.527902 0.370370 0.029018 0.126984 0.533314 0.331800 2 0.532257 0.329348 1 0.532652 0.329740 2 0.527356 0.329770 1 0.530086 0.331213 2 0.522005 0.340833 2 0.530129 0.344796 2 0.521799 0.353307 2 0.536362 0.359849 2 0.526023 0.358519 2 0.544542 0.359872 2 0.523183 0.375172 2 0.528056 0.378117 2 0.530882 0.391338 2 0.535901 0.397134 2 0.521793 0.407229 2 0.525388 0.412668 2
0 0.492188 0.471561 0.043899 0.170635 0.491839 0.415728 1 0.491514 0.414040 1 0.492308 0.413944 1 0.487842 0.419544 2 0.496131 0.418093 2 0.485141 0.440261 2 0.500189 0.429400 2 0.482027 0.456102 2 0.506780 0.411371 2 0.484889 0.452988 2 0.510395 0.390851 2 0.490622 0.478568 2 0.500473 0.475677 2 0.492092 0.509095 2 0.502390 0.508477 2 0.493060 0.537499 2 0.503666 0.536004 2
0 0.399554 0.394180 0.026786 0.134921 0.414101 0.346045 1 0.413085 0.343382 1 0.413526 0.343556 1 0.405787 0.344602 1 0.411160 0.345674 2 0.399294 0.358900 2 0.411827 0.362262 2 0.394736 0.375256 2 0.414122 0.383377 2 0.398244 0.386125 2 0.416860 0.398820 2 0.399853 0.399438 2 0.409270 0.401299 2 0.398720 0.426832 2 0.413835 0.430257 2 0.394943 0.452068 2 0.414323 0.458969 2
0 0.333705 0.452381 0.030506 0.156085 0.330075 0.395881 2 0.328698 0.393711 1 0.329340 0.393799 2 0.321866 0.397274 1 0.327234 0.397803 2 0.317825 0.414692 2 0.329100 0.414857 2 0.317275 0.437395 2 0.330747 0.436767 2 0.320609 0.453465 2 0.331965 0.457632 2 0.322182 0.455144 2 0.331024 0.455762 2 0.322430 0.484507 2 0.336371 0.485103 2 0.319956 0.514465 2 0.337089 0.517205 2
0 0.310640 0.385582 0.033482 0.125661 0.311814 0.337662 2 0.311516 0.335608 2 0.310291 0.336115 2 0.310222 0.338514 1 0.306743 0.339866 2 0.313772 0.352043 2 0.303178 0.355024 2 0.316270 0.368535 2 0.301193 0.375081 2 0.319239 0.382634 2 0.304978 0.391921 2 0.314585 0.384861 2 0.307035 0.386714 2 0.315342 0.412908 2 0.306316 0.416393 2 0.314301 0.439576 2 0.304732 0.444734 2
0 0.475818 0.396825 0.026042 0.140212 0.481138 0.343514 1 0.480158 0.340525 1 0.480669 0.340923 1 0.474201 0.340996 1 0.479338 0.342715 2 0.469653 0.356059 2 0.479380 0.360321 2 0.466707 0.374327 2 0.478383 0.381903 2 0.470071 0.384674 2 0.481518 0.400743 2 0.469639 0.393543 2 0.477191 0.396192 2 0.469909 0.417208 2 0.481451 0.422312 2 0.467177 0.438529 2 0.480743 0.446581 2
0 0.225446 0.457011 0.052083 0.165344 0.234190 0.391995 2 0.233030 0.388947 1 0.232706 0.389070 2 0.228489 0.392543 1 0.228780 0.393921 2 0.227036 0.407966 2 0.224372 0.411573 2 0.222251 0.431426 1 0.221944 0.434198 2 0.225826 0.449543 1 0.228316 0.453804 2 0.224059 0.452207 2 0.221411 0.455322 2 0.232395 0.475953 2 0.218809 0.487526 2 0.222958 0.503176 2 0.218397 0.520433 2
0 0.134301 0.371032 0.034970 0.125661 0.133858 0.321612 2 0.134469 0.319066 2 0.132319 0.319545 2 0.134904 0.319902 1 0.128812 0.320961 2 0.138609 0.333144 2 0.125672 0.336120 2 0.144676 0.345509 2 0.123910 0.353374 2 0.141086 0.353375 2 0.125828 0.371138 2 0.140341 0.367685 2 0.131477 0.369452 2 0.143314 0.394058 2 0.132694 0.396102 2 0.148344 0.419774 2 0.134513 0.422199 2
0 0.398438 0.306878 0.023065 0.108466 0.413539 0.345618 1 0.412084 0.343257 1 0.413064 0.343460 1 0.405110 0.344135 2 0.410851 0.345397 2 0.399290 0.357101 2 0.412066 0.360307 2 0.394378 0.374576 2 0.413278 0.381385 1 0.399677 0.376368 1 0.412831 0.379645 1 0.398775 0.381676 1 0.407752 0.381676 1 0.401520 0.370586 1 0.410986 0.370490 1 0.397473 0.379915 1 0.407503 0.380642 1
0 0.538690 0.206349 0.020833 0.084656 0.535592 0.173038 1 0.535697 0.171220 1 0.535923 0.171269 1 0.535938 0.172257 2 0.539494 0.172053 2 0.535565 0.182910 2 0.541690 0.182001 2 0.533994 0.195150 2 0.543494 0.195246 2 0.533437 0.205167 2 0.541678 0.204025 2 0.536647 0.204179 2 0.541193 0.203478 2 0.536283 0.221884 2 0.541791 0.219676 2 0.537452 0.239570 2 0.545741 0.234716 2
0 0.962426 0.282407 0.034970 0.117725 0.973420 0.242593 1 0.972776 0.239793 1 0.972828 0.240324 1 0.966502 0.239544 2 0.970827 0.241328 2 0.960206 0.250945 2 0.971693 0.254654 2 0.954837 0.267023 2 0.972754 0.271828 2 0.957322 0.270783 2 0.971797 0.272773 1 0.957444 0.286220 2 0.965624 0.288430 2 0.953691 0.309198 2 0.965573 0.312525 2 0.949885 0.328804 2 0.962769 0.333219 2
0 0.788318 0.274471 0.023065 0.093915 0.791305 0.243209 2 0.791426 0.241401 2 0.790403 0.241175 2 0.790258 0.242008 1 0.787119 0.241346 2 0.788661 0.252015 2 0.783014 0.250105 2 0.789386 0.267102 2 0.780302 0.263834 2 0.792467 0.274867 2 0.786695 0.272534 2 0.786648 0.274129 2 0.782760 0.274839 2 0.797189 0.281247 2 0.792879 0.282479 2 0.793188 0.302457 2 0.789638 0.303390 2
0 0.809152 0.268519 0.024554 0.087302 0.809538 0.241953 2 0.809563 0.240117 2 0.808720 0.240141 2 0.808373 0.240441 1 0.805599 0.240716 2 0.808220 0.247870 2 0.802037 0.250844 2 0.810769 0.260674 2 0.806644 0.264258 2 0.814958 0.269162 2 0.811938 0.271892 2 0.807946 0.270281 2 0.803695 0.273510 2 0.815200 0.273968 2 0.811976 0.282833 2 0.813223 0.292489 2 0.814429 0.304123 2
0 0.588542 0.185847 0.016369 0.046296 0.591021 0.173287 2 0.591509 0.172297 2 0.590509 0.172337 2 0.592200 0.172344 1 0.589758 0.172421 2 0.592846 0.177003 2 0.588724 0.176948 2 0.593182 0.182082 2 0.586720 0.182397 2 0.591444 0.184011 2 0.588682 0.186547 2 0.592404 0.187656 2 0.589725 0.187710 2 0.592421 0.194630 2 0.589799 0.194506 2 0.592325 0.202762 2 0.589875 0.202284 2
0 0.942708 0.925265 0.066964 0.144180 0.960603 0.903684 2 0.963425 0.901874 2 0.962462 0.899326 1 0.970569 0.911312 2 0.968084 0.903359 1 0.972988 0.942172 2 0.966573 0.922447 2 0.946589 0.973299 2 0.951272 0.939168 2 0.932114 0.958960 2 0.935403 0.947620 2 0.962989 0.995249 2 0.957548 0.981644 2 0.936740 0.965841 2 0.934141 0.943800 2 0.937498 0.993867 1 0.938749 0.982527 1
0 0.538690 0.321429 0.028274 0.097884 0.536905 0.286290 2 0.537201 0.283600 2 0.536027 0.284393 2 0.539607 0.280186 2 0.536594 0.282466 1 0.544791 0.289099 2 0.539296 0.290292 2 0.546944 0.304856 2 0.538841 0.303722 2 0.544420 0.319533 2 0.536629 0.316523 2 0.543347 0.318899 2 0.539964 0.318666 2 0.544497 0.338375 2 0.541462 0.337920 2 0.546004 0.357957 2 0.543618 0.357760 2
0 0.518973 0.292989 0.024554 0.075397 0.532441 0.330802 2 0.531951 0.329251 1 0.531813 0.329380 2 0.530175 0.329380 1 0.529175 0.329912 2 0.531212 0.334625 2 0.524440 0.334734 2 0.533068 0.340884 1 0.521437 0.341190 2 0.532902 0.342069 1 0.521308 0.344428 1 0.529690 0.344907 1 0.525090 0.344907 1 0.534025 0.341579 1 0.524584 0.342545 1 0.529575 0.344907 1 0.525926 0.344907 1
0 0.478795 0.152778 0.017113 0.062169 0.479320 0.136138 2 0.479969 0.134895 2 0.478692 0.134971 2 0.481152 0.135039 2 0.477963 0.135202 2 0.482880 0.140862 2 0.477659 0.141728 2 0.485382 0.147108 2 0.477618 0.148807 2 0.484158 0.154723 2 0.477955 0.154733 2 0.483291 0.157789 2 0.479779 0.158193 2 0.483447 0.171331 2 0.479761 0.171656 2 0.483957 0.184368 2 0.479442 0.184868 2
0 0.096726 0.317460 0.017857 0.063492 0.095425 0.292460 2 0.095565 0.290781 2 0.094590 0.291460 2 0.096112 0.291745 1 0.093556 0.293241 2 0.098766 0.298418 2 0.093829 0.301213 2 0.101065 0.306569 2 0.093619 0.311372 2 0.099804 0.310085 2 0.096935 0.310227 2 0.103270 0.312308 2 0.099628 0.314132 2 0.105751 0.320997 2 0.099523 0.322597 2 0.106590 0.337886 2 0.100015 0.338890 2
0 0.613095 0.143519 0.017857 0.070106 0.617710 0.122025 2 0.617907 0.120732 1 0.617169 0.120696 2 0.617169 0.120310 1 0.615315 0.120021 2 0.614678 0.126405 2 0.614437 0.125971 2 0.615545 0.134299 1 0.615622 0.134763 2 0.617358 0.133151 1 0.617448 0.132802 2 0.614992 0.144247 2 0.614596 0.144311 2 0.616028 0.158621 2 0.615599 0.157783 2 0.614253 0.170550 2 0.611037 0.167069 2
0 0.205729 0.211640 0.017113 0.037037 0.205860 0.201557 1 0.205578 0.200719 1 0.206003 0.200733 1 0.203877 0.200971 2 0.206682 0.201028 2 0.203015 0.205786 2 0.207035 0.205322 2 0.202970 0.211570 2 0.208848 0.209722 2 0.204008 0.213751 1 0.208571 0.210067 1 0.204070 0.216944 2 0.207067 0.216831 2 0.204182 0.222205 2 0.208694 0.221960 2 0.203503 0.228097 1 0.209090 0.227285 1
0 0.178199 0.138889 0.014137 0.055556 0.176643 0.124551 1 0.176628 0.123517 1 0.176878 0.123422 1 0.176264 0.124257 2 0.178889 0.123837 2 0.175844 0.130641 2 0.180474 0.129492 2 0.174761 0.135905 2 0.182685 0.134218 2 0.175207 0.131206 2 0.180956 0.132848 1 0.178231 0.145341 2 0.181166 0.144884 2 0.179566 0.156843 2 0.181558 0.156115 2 0.180185 0.167986 2 0.181991 0.166533 2
0 0.794271 0.181878 0.017113 0.062169 0.795106 0.165496 1 0.795103 0.164351 1 0.795384 0.164586 1 0.793980 0.165256 2 0.797233 0.165643 2 0.792938 0.171589 2 0.797769 0.172439 2 0.791114 0.176497 2 0.799607 0.177935 2 0.790735 0.177312 1 0.797892 0.179160 2 0.792712 0.186741 2 0.796125 0.187145 2 0.791962 0.197468 2 0.796564 0.198413 2 0.790863 0.208573 2 0.797526 0.209220 2
0 0.421503 0.117725 0.014137 0.060847 0.424795 0.096979 1 0.424474 0.095901 1 0.424658 0.096022 1 0.422271 0.096115 1 0.424407 0.096540 2 0.420658 0.101434 2 0.424703 0.101809 2 0.419586 0.107352 2 0.427021 0.107298 2 0.420979 0.108141 1 0.428038 0.108112 2 0.420736 0.115949 2 0.423534 0.116163 2 0.419807 0.126937 2 0.423645 0.127237 2 0.418559 0.137903 2 0.423532 0.137739 2
0 0.398065 0.095899 0.013393 0.051587 0.401604 0.078280 2 0.401939 0.077361 2 0.401048 0.077452 2 0.402377 0.077994 1 0.400121 0.078166 2 0.403336 0.083326 2 0.399113 0.083500 2 0.404316 0.089063 2 0.398198 0.089445 2 0.404514 0.094364 2 0.398682 0.094266 2 0.402940 0.094277 2 0.400071 0.094397 2 0.403137 0.102735 2 0.400050 0.102981 2 0.403368 0.111565 2 0.399920 0.111787 2
0 0.837054 0.175926 0.014881 0.050265 0.840042 0.162120 1 0.840190 0.161275 1 0.840599 0.161282 1 0.840171 0.162271 2 0.842874 0.162181 2 0.838843 0.167427 2 0.843529 0.167950 2 0.834922 0.168156 2 0.843199 0.172066 2 0.834787 0.161796 2 0.841857 0.170935 1 0.839348 0.181480 2 0.842115 0.181486 2 0.839961 0.190894 2 0.840929 0.190931 2 0.841035 0.198587 2 0.840967 0.199104 2
0 0.527902 0.111111 0.012649 0.055556 0.532793 0.076138 1 0.533298 0.074949 1 0.532329 0.074821 1 0.533759 0.074195 1 0.531580 0.073887 1 0.534047 0.077339 2 0.529758 0.077085 2 0.534397 0.084290 2 0.527428 0.084570 2 0.532519 0.093543 2 0.528821 0.094454 2 0.532629 0.095389 2 0.529995 0.095068 2 0.529018 0.109938 2 0.527479 0.109807 2 0.527740 0.128660 2 0.527092 0.128213 2
0 0.490327 0.236111 0.014881 0.054233 0.492308 0.218150 2 0.493230 0.216924 2 0.491653 0.216500 2 0.494333 0.217542 2 0.490492 0.216363 2 0.494240 0.225172 2 0.489483 0.222877 2 0.493916 0.234133 2 0.487426 0.229404 2 0.492666 0.234595 2 0.489183 0.230629 2 0.491896 0.239121 2 0.488894 0.237967 2 0.490919 0.249468 2 0.488867 0.247933 2 0.489934 0.258700 2 0.488644 0.258508 2
0 0.981771 0.320767 0.029018 0.123016 0.999617 0.279958 1 0.998448 0.277093 1 0.999386 0.277559 1 0.991798 0.275211 2 0.997610 0.277431 2 0.984752 0.285250 2 0.997100 0.290303 2 0.978759 0.301636 2 0.999358 0.308976 2 0.977170 0.315987 2 0.998862 0.318484 1 0.981370 0.319616 2 0.989220 0.322377 2 0.981644 0.340737 2 0.986521 0.347047 2 0.978091 0.362209 2 0.980272 0.367483 2
0 0.562128 0.083333 0.008185 0.037037 0.563733 0.073163 1 0.563694 0.072504 1 0.563750 0.072499 1 0.563137 0.072920 1 0.564030 0.072917 2 0.562886 0.076693 2 0.564008 0.076674 2 0.562423 0.081456 2 0.564317 0.081308 2 0.562374 0.084977 1 0.564197 0.084545 2 0.563420 0.085744 2 0.564125 0.085812 2 0.563853 0.092006 2 0.564152 0.092075 2 0.563678 0.097630 2 0.563991 0.097696 2
0 0.745908 0.132275 0.017113 0.052910 0.748391 0.115189 2 0.748726 0.114214 2 0.747830 0.114142 2 0.748881 0.114766 1 0.746283 0.114430 2 0.749471 0.121188 2 0.744203 0.120930 2 0.750462 0.128428 2 0.742742 0.128900 2 0.750788 0.132214 2 0.744142 0.132127 2 0.748414 0.135434 2 0.744778 0.135385 2 0.748125 0.146000 2 0.744068 0.145626 2 0.748010 0.156045 2 0.742625 0.155746 2
0 0.955729 0.173280 0.020089 0.063492 0.953669 0.154558 1 0.953735 0.153087 1 0.954069 0.153269 1 0.952939 0.153270 2 0.956403 0.153211 2 0.951252 0.160357 2 0.958832 0.159731 2 0.949101 0.170573 2 0.961178 0.168277 2 0.948328 0.178981 2 0.960210 0.174163 2 0.952514 0.179831 2 0.957328 0.179506 2 0.951945 0.194353 2 0.954797 0.193676 2 0.952375 0.208449 2 0.953509 0.207652 2
0 0.941220 0.193122 0.019345 0.034392 0.951909 0.169312 1 0.952064 0.169312 1 0.951775 0.169312 1 0.952427 0.169312 1 0.952114 0.169312 1 0.951811 0.169312 1 0.951674 0.169312 1 0.949069 0.172666 2 0.949194 0.173030 1 0.948245 0.179415 2 0.948258 0.180032 2 0.952613 0.181051 2 0.952513 0.181191 2 0.952258 0.194197 2 0.952119 0.194653 2 0.951610 0.208217 2 0.951476 0.207707 2
0 0.925967 0.189815 0.018601 0.035714 0.927958 0.185062 2 0.928398 0.183195 2 0.927017 0.183310 2 0.928807 0.183182 1 0.925237 0.183675 2 0.931303 0.190655 2 0.923459 0.192268 2 0.933475 0.196705 2 0.921458 0.199716 2 0.931566 0.199687 2 0.922967 0.201313 2 0.930777 0.205025 2 0.925354 0.205647 2 0.931150 0.202700 1 0.921339 0.203764 1 0.930870 0.204696 1 0.924632 0.206723 1
