0 0.960565 0.289021 0.025298 0.093915 0.967896 0.251448 1 0.967217 0.249500 1 0.967627 0.249959 1 0.962203 0.249434 1 0.966453 0.251373 2 0.956773 0.256056 2 0.965635 0.260647 2 0.951687 0.263900 2 0.968910 0.271398 2 0.954824 0.264669 2 0.974295 0.266355 2 0.952508 0.283022 2 0.958296 0.285316 2 0.955267 0.302099 2 0.962051 0.306749 2 0.949855 0.319720 2 0.958020 0.326250 2
0 0.357515 0.160053 0.017113 0.068783 0.359359 0.137908 2 0.359328 0.136725 1 0.358746 0.136333 2 0.358332 0.137356 1 0.356031 0.136891 2 0.358663 0.143066 2 0.352825 0.144724 2 0.361697 0.142235 2 0.350608 0.153341 2 0.359054 0.137601 2 0.350523 0.163381 2 0.358430 0.162210 2 0.354460 0.162831 2 0.360018 0.176448 2 0.354209 0.176651 2 0.360850 0.190813 2 0.354509 0.190779 2
0 0.186012 0.103836 0.016369 0.048942 0.186874 0.115844 1 0.186964 0.114803 1 0.187286 0.114780 1 0.187069 0.115371 2 0.189778 0.115034 2 0.186581 0.121852 2 0.191653 0.121910 2 0.184830 0.128628 2 0.193954 0.129528 2 0.185087 0.131179 1 0.193761 0.133918 1 0.188272 0.135248 2 0.191638 0.135286 2 0.187837 0.136464 1 0.192062 0.136563 1 0.187846 0.136008 1 0.192038 0.136812 1
0 0.533110 0.420635 0.023065 0.148148 0.524749 0.364944 1 0.525072 0.362835 1 0.525680 0.362963 1 0.526181 0.365708 2 0.532795 0.365298 2 0.526634 0.381535 2 0.536047 0.379056 2 0.526079 0.404765 2 0.539939 0.397380 2 0.520741 0.420347 2 0.541244 0.410321 2 0.528842 0.420869 2 0.535981 0.419681 2 0.522495 0.448611 2 0.536706 0.449168 2 0.524496 0.478090 2 0.544156 0.474421 2
0 0.782366 0.371693 0.031994 0.126984 0.791805 0.331739 2 0.793737 0.330433 2 0.791525 0.328486 2 0.795493 0.328045 2 0.789745 0.322911 2 0.794065 0.335524 2 0.782361 0.327201 2 0.792871 0.350037 2 0.774180 0.338690 2 0.792332 0.362840 2 0.770143 0.356196 2 0.787407 0.367610 2 0.779443 0.363373 2 0.786226 0.396234 2 0.776164 0.387953 2 0.782785 0.417594 2 0.772357 0.408061 2
0 0.668899 0.179894 0.016369 0.068783 0.668082 0.155427 1 0.668379 0.154094 1 0.668588 0.154212 1 0.669376 0.154863 2 0.672084 0.154793 1 0.667870 0.161929 2 0.673752 0.162032 2 0.665417 0.170200 2 0.675623 0.171124 2 0.664714 0.176468 2 0.674014 0.176921 2 0.667950 0.181220 2 0.672090 0.181278 2 0.666730 0.196098 2 0.671946 0.197091 2 0.665461 0.212607 2 0.672373 0.211182 2
0 0.655878 0.448413 0.029018 0.164021 0.654518 0.385113 2 0.655588 0.382021 2 0.655575 0.382188 1 0.658684 0.385484 2 0.661882 0.385054 1 0.656842 0.406211 2 0.665160 0.404496 2 0.654627 0.430785 2 0.664606 0.427659 2 0.649213 0.432268 2 0.654603 0.429678 1 0.655115 0.448561 2 0.661141 0.447455 2 0.654231 0.479694 2 0.660381 0.479164 2 0.654639 0.516315 2 0.660736 0.511212 2
0 0.355655 0.451058 0.031250 0.142857 0.354254 0.397430 1 0.352771 0.395140 1 0.353885 0.394942 1 0.345317 0.398171 2 0.353271 0.398123 2 0.342261 0.415472 2 0.356689 0.413884 2 0.340297 0.434654 2 0.367457 0.426795 2 0.345389 0.442721 2 0.375400 0.434957 2 0.346201 0.456265 2 0.355646 0.456014 2 0.347997 0.485744 2 0.356911 0.485191 2 0.347285 0.512793 2 0.358628 0.516029 2
0 0.436756 0.417989 0.028274 0.142857 0.431579 0.359425 1 0.432248 0.357077 1 0.432631 0.357035 1 0.433676 0.359759 2 0.438793 0.358909 1 0.432522 0.376216 2 0.442991 0.374163 2 0.431660 0.397097 2 0.443887 0.394982 1 0.431154 0.392924 2 0.438814 0.396338 1 0.437485 0.414930 2 0.444679 0.413392 2 0.430567 0.443402 2 0.438406 0.441362 2 0.436902 0.471290 2 0.442746 0.465571 2
0 0.233631 0.419974 0.034226 0.138889 0.238451 0.363965 2 0.237533 0.361566 1 0.237336 0.361906 2 0.233860 0.364277 1 0.234035 0.365653 2 0.233610 0.380740 2 0.232804 0.382988 2 0.231468 0.402476 1 0.231142 0.404781 2 0.234223 0.421146 1 0.235329 0.423015 2 0.235807 0.419556 2 0.235296 0.421379 2 0.238748 0.445207 2 0.237204 0.448029 2 0.239599 0.470593 2 0.238553 0.476614 2
0 0.314732 0.406085 0.029762 0.140212 0.315291 0.350646 2 0.314342 0.348267 1 0.313841 0.348886 2 0.311218 0.351364 1 0.310234 0.353254 2 0.308116 0.367866 2 0.311532 0.369607 2 0.307399 0.389117 1 0.311939 0.390533 2 0.312857 0.402875 1 0.315851 0.405555 2 0.308802 0.398800 2 0.310430 0.400152 2 0.314166 0.428685 2 0.312526 0.431708 2 0.315302 0.455037 2 0.306218 0.458517 2
0 0.451637 0.410053 0.029762 0.140212 0.430938 0.358557 1 0.431721 0.355989 1 0.432205 0.356150 1 0.433424 0.359143 2 0.439182 0.358360 1 0.432165 0.377348 2 0.442764 0.373978 2 0.431262 0.399700 2 0.440925 0.392773 1 0.431265 0.408543 1 0.434163 0.401503 1 0.436481 0.416598 2 0.444106 0.414669 2 0.431729 0.445682 2 0.439621 0.441272 2 0.436258 0.474276 2 0.442463 0.465352 2
0 0.347098 0.421958 0.027530 0.145503 0.354634 0.398044 1 0.353123 0.395482 1 0.354422 0.395434 1 0.345328 0.398197 2 0.353983 0.398440 2 0.341862 0.415335 2 0.357159 0.414429 2 0.340745 0.433554 2 0.363865 0.429882 2 0.345814 0.444496 1 0.360936 0.443269 2 0.345117 0.456200 2 0.355736 0.456036 2 0.347220 0.488602 2 0.357841 0.487022 2 0.346910 0.515936 2 0.359056 0.516856 2
0 0.377604 0.388228 0.024554 0.144180 0.373875 0.335207 1 0.373561 0.332894 1 0.374195 0.332537 1 0.370781 0.335520 2 0.377680 0.334216 2 0.369273 0.352131 2 0.383533 0.350029 2 0.368424 0.370427 2 0.388199 0.367004 2 0.368708 0.385473 2 0.386554 0.382741 2 0.373566 0.387468 2 0.383056 0.386423 2 0.375747 0.414226 2 0.383096 0.412501 2 0.375456 0.438098 2 0.379958 0.440720 2
0 0.419271 0.405423 0.031994 0.146825 0.432579 0.359846 1 0.433160 0.357326 1 0.433852 0.357078 1 0.433594 0.360269 2 0.439637 0.358975 1 0.432077 0.377207 2 0.441220 0.375183 1 0.431840 0.397663 2 0.441220 0.395318 1 0.432598 0.394974 2 0.438161 0.396794 1 0.436251 0.414651 2 0.441220 0.413639 2 0.431695 0.442751 2 0.438225 0.442361 2 0.437299 0.471146 2 0.440877 0.468547 2
0 0.170387 0.368386 0.026786 0.125661 0.162420 0.319420 2 0.163618 0.317131 2 0.162082 0.316959 1 0.167269 0.317848 2 0.164626 0.317372 1 0.171613 0.329570 2 0.166180 0.329251 2 0.178410 0.347898 2 0.169602 0.344874 2 0.169141 0.354361 2 0.164967 0.351047 2 0.173659 0.361224 2 0.171755 0.360885 2 0.167573 0.388770 2 0.177032 0.390359 2 0.164594 0.415475 2 0.182839 0.413823 2
0 0.118676 0.367725 0.029018 0.129630 0.109860 0.319414 2 0.111650 0.316693 2 0.109827 0.316999 2 0.116250 0.319083 2 0.111305 0.319422 1 0.120507 0.333541 2 0.112040 0.333073 2 0.125140 0.350005 2 0.111974 0.342708 2 0.123979 0.367809 2 0.108953 0.348636 2 0.121690 0.366808 2 0.115806 0.366597 2 0.123830 0.393012 2 0.115953 0.391189 2 0.126394 0.415565 2 0.120238 0.413824 2
0 0.550967 0.206349 0.018601 0.084656 0.549451 0.173428 1 0.549576 0.171718 1 0.549921 0.171901 1 0.548685 0.172990 2 0.552742 0.173087 2 0.546997 0.183181 2 0.554596 0.183320 2 0.545336 0.194925 2 0.556702 0.195075 2 0.546779 0.201631 2 0.554640 0.201849 2 0.548001 0.205249 2 0.553011 0.205299 2 0.548705 0.222567 2 0.551977 0.222586 2 0.549650 0.240805 2 0.551701 0.240669 2
0 0.943824 0.276455 0.029018 0.113757 0.947359 0.233996 1 0.946229 0.231761 1 0.946869 0.231883 1 0.939852 0.232384 2 0.944738 0.233052 2 0.934236 0.244106 2 0.947268 0.245353 2 0.930464 0.260192 2 0.951134 0.258730 2 0.929456 0.272980 2 0.949751 0.259806 2 0.934809 0.277488 2 0.943803 0.278253 2 0.932577 0.298992 2 0.942967 0.300600 2 0.931660 0.320218 2 0.942060 0.323244 2
0 0.418527 0.289683 0.023065 0.103175 0.411951 0.249878 2 0.413062 0.247419 2 0.410889 0.247863 2 0.415302 0.246495 2 0.409864 0.247494 2 0.418526 0.255467 2 0.408867 0.256947 2 0.421278 0.266403 2 0.407460 0.268724 2 0.415696 0.267234 2 0.410740 0.267602 2 0.418426 0.286396 2 0.411852 0.287013 2 0.418653 0.310938 2 0.411350 0.311741 2 0.419004 0.335460 2 0.411725 0.335555 2
0 0.787946 0.274471 0.020833 0.085979 0.793314 0.243774 2 0.793289 0.241959 1 0.792572 0.241663 2 0.791847 0.242313 1 0.789327 0.241564 2 0.790784 0.252478 2 0.784957 0.250731 2 0.791172 0.266987 2 0.781736 0.264158 2 0.793735 0.273241 2 0.787728 0.272493 2 0.788573 0.273936 2 0.784516 0.274485 2 0.797470 0.280804 2 0.792887 0.282083 2 0.794039 0.300653 2 0.789400 0.302768 2
0 0.811756 0.271164 0.025298 0.082011 0.811051 0.242214 2 0.810977 0.240290 2 0.810179 0.240270 2 0.809716 0.240830 1 0.807259 0.241012 2 0.809916 0.247977 2 0.803695 0.250854 2 0.812491 0.261247 2 0.808427 0.265046 2 0.816493 0.268598 2 0.814236 0.272898 2 0.810371 0.269106 2 0.806028 0.272420 2 0.817957 0.273228 2 0.812715 0.282422 2 0.814106 0.290909 2 0.815830 0.302462 2
0 0.964658 0.931878 0.061756 0.133598 0.973343 0.908527 2 0.977872 0.903450 2 0.970338 0.900706 2 0.982603 0.906785 2 0.964186 0.900191 2 0.982016 0.940260 2 0.955838 0.925266 2 0.972409 0.981296 2 0.947542 0.954981 2 0.954293 0.987327 2 0.945235 0.980054 2 0.967733 0.993811 2 0.950122 0.985455 2 0.962964 0.991499 1 0.942134 0.983299 1 0.954989 0.996034 1 0.948255 0.991421 1
0 0.539807 0.326058 0.024554 0.064815 0.541099 0.309773 2 0.542089 0.307596 1 0.540098 0.307843 1 0.543630 0.305279 1 0.538716 0.305861 1 0.546175 0.306653 2 0.535719 0.306779 2 0.549096 0.318974 2 0.532755 0.317303 2 0.542174 0.318003 2 0.535043 0.317548 2 0.544889 0.323723 2 0.537685 0.323839 2 0.548006 0.321302 2 0.532135 0.322656 2 0.545390 0.345109 2 0.536130 0.344272 2
0 0.521205 0.294312 0.021577 0.075397 0.523001 0.268724 2 0.523978 0.267146 2 0.522224 0.266937 2 0.525325 0.267182 2 0.520931 0.266582 2 0.527000 0.275595 2 0.518237 0.274976 2 0.529230 0.286320 2 0.514702 0.285291 2 0.527145 0.292676 2 0.517963 0.293030 2 0.525351 0.299472 2 0.519673 0.299343 2 0.524925 0.315886 2 0.518524 0.315904 2 0.523973 0.332051 2 0.518049 0.332366 2
0 0.496652 0.161376 0.014137 0.068783 0.495151 0.137820 1 0.495267 0.136722 1 0.495500 0.136750 1 0.494823 0.137152 2 0.497413 0.137157 2 0.493716 0.142650 2 0.498602 0.143503 2 0.491854 0.148221 2 0.499689 0.150888 2 0.492961 0.148545 2 0.498352 0.155313 2 0.495017 0.157700 2 0.498088 0.158157 2 0.494817 0.170411 2 0.496362 0.171058 2 0.497696 0.182393 2 0.498038 0.183236 2
0 0.128348 0.334656 0.018601 0.039683 0.125886 0.326796 2 0.126947 0.325029 2 0.125228 0.325316 2 0.129045 0.325236 2 0.125061 0.325698 1 0.129680 0.332207 2 0.127337 0.333037 2 0.127141 0.341789 2 0.126830 0.342124 2 0.124171 0.341757 2 0.124672 0.344635 1 0.134562 0.349420 2 0.132715 0.349636 2 0.128671 0.343514 2 0.127260 0.344040 2 0.132620 0.348210 2 0.130457 0.349885 1
0 0.095610 0.316138 0.031994 0.058201 0.098652 0.306749 2 0.099894 0.304637 2 0.097412 0.304894 2 0.101918 0.303283 2 0.095426 0.304221 2 0.104407 0.308561 2 0.092791 0.311691 2 0.109113 0.315852 2 0.088704 0.325262 2 0.105974 0.318729 2 0.088466 0.337043 2 0.102641 0.326856 2 0.094885 0.327795 2 0.103640 0.327772 2 0.090693 0.328754 2 0.103990 0.338305 2 0.091257 0.338410 2
0 0.659226 0.149471 0.014881 0.055556 0.660215 0.122856 1 0.660213 0.121874 1 0.660403 0.122012 1 0.659320 0.121859 2 0.662067 0.122183 2 0.657542 0.126496 2 0.663409 0.127387 2 0.656039 0.133199 2 0.664622 0.135439 2 0.656381 0.139369 2 0.664456 0.142233 2 0.657728 0.142513 2 0.661847 0.142852 2 0.656900 0.153964 2 0.661737 0.154556 2 0.656722 0.166867 2 0.660900 0.166728 2
0 0.183408 0.200397 0.011161 0.027778 0.186149 0.193493 2 0.186455 0.192318 1 0.185539 0.192191 2 0.186647 0.192540 1 0.184141 0.192285 2 0.187708 0.199060 2 0.182283 0.198369 2 0.189918 0.206381 2 0.181429 0.205127 2 0.188477 0.210934 2 0.183002 0.210338 2 0.187217 0.213439 2 0.183469 0.213309 2 0.188860 0.215904 1 0.182800 0.215938 1 0.188394 0.217350 1 0.183095 0.216162 1
0 0.188616 0.132937 0.017113 0.048942 0.187184 0.116026 1 0.187289 0.115001 1 0.187565 0.114960 1 0.187208 0.115733 2 0.189865 0.115356 2 0.186326 0.122418 2 0.191514 0.121401 2 0.185153 0.129490 2 0.193786 0.127720 2 0.185722 0.136404 2 0.194367 0.134946 2 0.188879 0.136924 2 0.192318 0.136599 2 0.190396 0.147196 2 0.193383 0.146074 2 0.192155 0.157131 2 0.195009 0.154897 2
0 0.782366 0.185185 0.018601 0.052910 0.783202 0.164002 1 0.783243 0.162904 1 0.783503 0.163109 1 0.782369 0.163681 2 0.785589 0.164074 2 0.780857 0.169792 2 0.786623 0.170671 2 0.779189 0.177082 2 0.787722 0.177760 2 0.780021 0.181174 2 0.785492 0.178371 2 0.780803 0.185139 2 0.784903 0.185368 2 0.779075 0.195014 2 0.784304 0.196049 2 0.778171 0.206755 2 0.784563 0.207147 2
0 0.139137 0.115741 0.014881 0.030423 0.137940 0.113661 2 0.138775 0.111879 2 0.136987 0.112135 2 0.140098 0.112191 2 0.135953 0.112846 2 0.140959 0.117981 2 0.136150 0.118345 2 0.142894 0.124288 2 0.137423 0.123962 2 0.142028 0.127037 2 0.141915 0.127216 2 0.141038 0.127457 2 0.137869 0.127857 2 0.144568 0.124543 1 0.138234 0.125611 1 0.143110 0.127785 1 0.141772 0.128903 1
0 0.990327 0.267196 0.017857 0.113757 0.995720 0.231072 2 0.996976 0.228788 2 0.994979 0.228699 2 0.999176 0.229038 2 0.993938 0.228860 1 1.000000 0.239441 1 0.992231 0.239103 2 1.000000 0.251367 1 0.986820 0.250743 2 0.998875 0.257190 1 0.982134 0.261691 2 0.999931 0.265773 2 0.993980 0.264999 2 0.998516 0.288114 2 0.989621 0.286231 2 0.996460 0.308403 2 0.987542 0.307722 2
0 0.957961 0.218915 0.020089 0.070106 0.967511 0.251411 1 0.966576 0.249223 1 0.967723 0.250155 1 0.961241 0.248999 2 0.967550 0.252256 2 0.954479 0.257181 2 0.966764 0.263271 2 0.948702 0.263714 1 0.968568 0.266989 1 0.952879 0.262117 1 0.969231 0.261714 1 0.952181 0.266880 1 0.960057 0.266989 1 0.958327 0.256041 1 0.963573 0.264028 1 0.956077 0.262426 1 0.961666 0.266989 1
0 0.906622 0.189815 0.020089 0.038360 0.906265 0.176681 2 0.907072 0.174964 2 0.905604 0.174976 2 0.908391 0.175086 2 0.904688 0.175086 2 0.909609 0.181753 2 0.903156 0.182302 2 0.908569 0.191369 2 0.901025 0.192781 2 0.902608 0.195283 2 0.901953 0.195118 2 0.908337 0.197894 2 0.903897 0.197820 2 0.909005 0.191414 2 0.900834 0.190917 2 0.903904 0.200006 2 0.900559 0.199235 2
0 0.940848 0.192460 0.020089 0.033069 0.941151 0.186190 2 0.941985 0.184810 2 0.940420 0.184856 2 0.943344 0.185652 2 0.939314 0.185751 2 0.945573 0.193792 2 0.937216 0.193477 2 0.947191 0.203997 2 0.935162 0.201802 2 0.943622 0.205842 2 0.937164 0.202908 2 0.943398 0.211088 2 0.937768 0.210801 2 0.943329 0.206570 1 0.936139 0.207045 1 0.942302 0.209413 1 0.937027 0.210296 1
