0 0.672619 0.920635 0.043155 0.153439 0.679343 0.880530 2 0.681239 0.875677 2 0.676642 0.875102 2 0.681640 0.875152 1 0.670700 0.873901 2 0.673080 0.894467 2 0.671574 0.898306 2 0.682170 0.918443 2 0.684702 0.924244 2 0.688741 0.915575 2 0.694304 0.920065 2 0.676261 0.956241 2 0.674335 0.961299 2 0.691079 0.972291 2 0.687208 0.987941 2 0.682182 0.987640 1 0.674351 1.000000 1
0 0.712426 0.865079 0.040923 0.206349 0.715248 0.789884 2 0.717975 0.786454 2 0.713492 0.786013 2 0.722569 0.789039 2 0.711373 0.787930 2 0.726220 0.811015 2 0.705959 0.808907 2 0.729211 0.839593 2 0.699286 0.834872 2 0.729764 0.869165 2 0.698709 0.865198 2 0.720305 0.868494 2 0.706555 0.867270 2 0.717736 0.909265 2 0.700283 0.907727 2 0.715237 0.950100 2 0.697149 0.946399 2
0 0.654018 0.833333 0.071429 0.126984 0.679887 0.880523 2 0.681859 0.875895 2 0.676940 0.875449 2 0.682046 0.874564 1 0.670939 0.874612 2 0.670685 0.892626 2 0.673973 0.900241 2 0.678740 0.910314 2 0.683423 0.921958 2 0.689472 0.916089 2 0.690746 0.919123 2 0.672476 0.919911 1 0.675181 0.921958 1 0.695250 0.905254 1 0.701528 0.921958 1 0.695212 0.916455 1 0.697232 0.921958 1
0 0.350074 0.529762 0.021577 0.078042 0.351808 0.500955 2 0.352704 0.499250 2 0.350843 0.499332 2 0.354140 0.500312 2 0.349473 0.500731 2 0.356044 0.509610 2 0.347838 0.510665 2 0.358168 0.518266 2 0.344627 0.519752 2 0.354349 0.519905 2 0.344465 0.526444 2 0.355346 0.531273 2 0.349483 0.531883 2 0.357902 0.545562 2 0.347229 0.547996 2 0.359831 0.561543 2 0.347798 0.564266 2
0 0.593750 0.636905 0.032738 0.125661 0.587102 0.589698 2 0.588636 0.587296 2 0.585928 0.587421 2 0.591749 0.588216 2 0.584679 0.588833 2 0.594322 0.599267 2 0.582909 0.602748 2 0.600778 0.610146 2 0.580774 0.615787 2 0.606476 0.618414 2 0.586141 0.626278 2 0.593145 0.634287 2 0.584782 0.637155 2 0.599585 0.658775 2 0.584128 0.667394 2 0.599692 0.680403 2 0.579280 0.692127 2
0 0.578869 0.639550 0.028274 0.104497 0.587197 0.589892 2 0.588663 0.587353 2 0.586132 0.587312 2 0.591243 0.588003 2 0.584811 0.588078 2 0.595210 0.599431 2 0.582274 0.602815 2 0.597966 0.613796 2 0.581105 0.616712 2 0.596100 0.625825 2 0.585824 0.626828 2 0.593916 0.635283 2 0.584675 0.637747 2 0.597306 0.659418 2 0.583733 0.668023 2 0.592547 0.674245 2 0.580198 0.690050 2
0 0.500744 0.558862 0.022321 0.099206 0.501390 0.523011 1 0.501294 0.521144 1 0.501890 0.521239 1 0.499797 0.522942 2 0.504596 0.522851 2 0.497890 0.535151 2 0.506546 0.534176 2 0.496176 0.548565 2 0.509435 0.547940 2 0.496184 0.559918 2 0.511328 0.559270 2 0.499945 0.558932 2 0.505612 0.558264 2 0.500889 0.580760 2 0.505429 0.577890 2 0.502672 0.599724 2 0.505762 0.595296 2
0 0.539435 0.597222 0.031250 0.109788 0.542024 0.556308 1 0.541044 0.554425 1 0.542005 0.554280 1 0.536218 0.556222 2 0.542280 0.556250 2 0.532665 0.570122 2 0.544823 0.569104 2 0.531207 0.588067 2 0.551356 0.579530 2 0.530440 0.601180 2 0.557123 0.578868 2 0.535254 0.601936 2 0.542890 0.602022 2 0.537208 0.622652 2 0.542212 0.623825 2 0.538218 0.644282 2 0.539794 0.645629 2
0 0.535342 0.553571 0.024554 0.093915 0.542146 0.555777 1 0.541188 0.554033 1 0.542096 0.553957 1 0.536368 0.555980 2 0.542214 0.556234 2 0.533134 0.569529 2 0.544552 0.569313 2 0.530635 0.586828 2 0.549918 0.579050 2 0.530062 0.601275 2 0.547458 0.569869 2 0.535282 0.602319 2 0.542570 0.602544 2 0.535814 0.618094 1 0.541991 0.618304 1 0.536811 0.617799 1 0.540349 0.618119 1
0 0.559524 0.548280 0.013393 0.078042 0.567734 0.524923 1 0.567071 0.523292 1 0.567677 0.523368 1 0.563664 0.523023 1 0.566893 0.523535 2 0.561642 0.530409 2 0.566629 0.531351 2 0.561670 0.539951 1 0.567347 0.541224 2 0.564127 0.548270 1 0.568095 0.549189 2 0.561898 0.550437 2 0.565503 0.550983 2 0.562183 0.565018 2 0.565812 0.565809 2 0.561531 0.578750 2 0.565376 0.580460 2
0 0.491071 0.556217 0.019345 0.096561 0.501778 0.523354 1 0.501715 0.521396 1 0.502274 0.521413 1 0.500008 0.522852 2 0.504308 0.522663 1 0.497917 0.534301 2 0.504464 0.533900 2 0.496349 0.548337 2 0.504464 0.546926 1 0.495730 0.558868 2 0.504464 0.555473 1 0.499523 0.558333 2 0.504374 0.558521 2 0.500532 0.579356 2 0.504059 0.580261 2 0.501782 0.597703 2 0.503489 0.598060 2
0 0.508185 0.523148 0.016369 0.085979 0.502099 0.522165 1 0.501824 0.520588 1 0.502529 0.520641 1 0.500000 0.522274 2 0.504731 0.522321 2 0.498531 0.533361 2 0.506404 0.533035 2 0.497312 0.546164 2 0.509249 0.546026 2 0.498082 0.554227 1 0.511274 0.557405 2 0.500144 0.556594 2 0.505360 0.556340 2 0.500295 0.576930 2 0.505632 0.576412 2 0.501259 0.583251 1 0.505539 0.583250 1
0 0.492560 0.517196 0.017857 0.082011 0.501215 0.522628 1 0.501324 0.520856 1 0.501791 0.520953 1 0.500040 0.522490 2 0.503985 0.522465 1 0.497389 0.534032 2 0.504464 0.533992 2 0.495407 0.547270 2 0.504464 0.547339 1 0.494603 0.558236 2 0.504464 0.558068 1 0.498577 0.556408 2 0.503426 0.556707 2 0.499403 0.573181 2 0.503635 0.573792 1 0.499161 0.574074 1 0.502149 0.574074 1
0 0.423735 0.437169 0.017113 0.054233 0.421924 0.419830 2 0.422168 0.418697 2 0.421673 0.418793 1 0.422882 0.417119 2 0.422055 0.417441 1 0.424803 0.420925 2 0.422813 0.421585 2 0.426598 0.428827 2 0.421054 0.429580 2 0.425988 0.436672 2 0.418716 0.435596 2 0.424841 0.435857 2 0.423814 0.435855 2 0.424203 0.446880 2 0.423398 0.446857 2 0.426045 0.456364 2 0.425023 0.457523 2
