0 0.616071 0.421296 0.029762 0.144180 0.612190 0.369626 2 0.613312 0.367400 2 0.613964 0.367755 1 0.616117 0.370723 2 0.620897 0.370480 1 0.613299 0.386364 2 0.626634 0.385072 2 0.609773 0.405704 2 0.630488 0.402938 2 0.605854 0.422833 2 0.629387 0.417703 2 0.616611 0.426565 2 0.624813 0.425352 2 0.615649 0.454511 2 0.619595 0.450575 2 0.622514 0.479585 2 0.621381 0.473614 2
0 0.806920 0.649471 0.054315 0.206349 0.812346 0.577121 2 0.814833 0.572842 2 0.810648 0.572541 2 0.820087 0.568532 2 0.809030 0.567885 2 0.828567 0.587832 2 0.806332 0.584971 2 0.834110 0.621348 2 0.798683 0.607634 2 0.831941 0.649475 2 0.791361 0.632220 2 0.818822 0.643598 2 0.804424 0.641017 2 0.815039 0.682913 2 0.800761 0.683283 2 0.816844 0.711956 2 0.802558 0.721133 2
0 0.643973 0.189815 0.021577 0.067460 0.649716 0.165337 1 0.649212 0.163724 1 0.649562 0.164151 1 0.645921 0.163700 1 0.648609 0.164787 2 0.644295 0.169549 2 0.647432 0.171687 2 0.647614 0.174831 2 0.649864 0.180418 2 0.651708 0.173663 2 0.652767 0.179662 2 0.641526 0.190019 2 0.644427 0.190766 2 0.640112 0.204674 2 0.647810 0.204909 2 0.636397 0.219441 2 0.648787 0.219471 2
0 0.539062 0.450397 0.034970 0.152116 0.538659 0.394543 1 0.539298 0.391740 1 0.539729 0.391930 1 0.540687 0.394254 2 0.546766 0.394024 1 0.539384 0.411812 2 0.550862 0.413346 2 0.538408 0.436108 2 0.553201 0.437090 2 0.534438 0.454574 2 0.552135 0.455581 2 0.540861 0.455984 2 0.549738 0.457232 2 0.536773 0.482674 2 0.551402 0.490092 2 0.537900 0.513064 2 0.555944 0.521932 2
0 0.360491 0.510582 0.061756 0.166667 0.364439 0.462422 1 0.363983 0.459356 1 0.364780 0.460651 1 0.359553 0.462901 2 0.368401 0.465088 2 0.355306 0.481199 2 0.370669 0.480868 2 0.350836 0.498732 2 0.380268 0.465981 2 0.347417 0.516866 2 0.387063 0.446066 2 0.350792 0.524055 2 0.360864 0.526694 2 0.351130 0.542229 2 0.365347 0.559367 2 0.336752 0.564623 2 0.354693 0.585811 2
0 0.391369 0.388228 0.026786 0.138889 0.377307 0.339247 2 0.377689 0.336417 2 0.377836 0.336141 1 0.381040 0.336901 2 0.383722 0.335779 1 0.385542 0.352153 2 0.389105 0.348563 2 0.387911 0.373375 2 0.391397 0.367873 1 0.379886 0.371372 2 0.384732 0.370167 1 0.389633 0.390991 2 0.392306 0.388544 2 0.387679 0.421061 2 0.391173 0.417098 2 0.389652 0.450637 2 0.394153 0.444848 2
0 0.343378 0.450397 0.033482 0.157407 0.361202 0.463911 1 0.361504 0.460992 1 0.362373 0.461704 1 0.361087 0.463477 2 0.366815 0.464633 1 0.357451 0.479553 2 0.366815 0.482780 2 0.350246 0.496924 2 0.363945 0.504673 1 0.348915 0.512031 2 0.360062 0.514086 1 0.351894 0.521430 2 0.359498 0.522745 2 0.350444 0.546678 2 0.366215 0.549899 2 0.338803 0.558276 2 0.361777 0.558718 1
0 0.314360 0.375000 0.036458 0.133598 0.304322 0.330893 1 0.303602 0.329321 1 0.304199 0.329087 1 0.300836 0.331834 1 0.304779 0.330552 2 0.302996 0.344802 2 0.308590 0.339771 2 0.303123 0.356004 2 0.316301 0.340215 2 0.301760 0.351296 2 0.310691 0.341124 2 0.311724 0.373227 2 0.314049 0.371818 2 0.317170 0.400658 2 0.315654 0.399156 2 0.321210 0.423693 2 0.314683 0.425606 2
0 0.435268 0.406746 0.031250 0.138889 0.421183 0.355056 1 0.421781 0.352368 2 0.422185 0.352311 1 0.424808 0.353950 2 0.429523 0.353194 1 0.424416 0.370875 2 0.433206 0.367455 2 0.422854 0.392276 2 0.432743 0.387192 1 0.418189 0.406390 2 0.426294 0.398623 1 0.426871 0.408217 2 0.433589 0.406125 2 0.424634 0.436331 2 0.434074 0.432204 2 0.425773 0.466610 2 0.437587 0.454456 2
0 0.227307 0.441799 0.039435 0.164021 0.231885 0.382887 1 0.230461 0.379822 1 0.231747 0.379852 1 0.224681 0.381035 1 0.231146 0.382244 2 0.221170 0.399055 2 0.228948 0.401369 2 0.217175 0.421284 2 0.230425 0.423521 2 0.220942 0.435328 1 0.235186 0.437142 2 0.222116 0.441011 2 0.225586 0.442994 2 0.231754 0.467386 2 0.222606 0.473858 2 0.234743 0.498323 2 0.218823 0.505945 2
0 0.134301 0.371693 0.033482 0.124339 0.133923 0.322600 2 0.134455 0.319949 2 0.132423 0.320464 2 0.134755 0.320340 1 0.128590 0.321443 2 0.138197 0.333396 2 0.125606 0.336799 2 0.144777 0.345857 2 0.124160 0.354437 2 0.140486 0.353010 2 0.125630 0.371686 2 0.139872 0.368020 2 0.131220 0.370096 2 0.143077 0.393852 2 0.132817 0.396496 2 0.148539 0.418466 2 0.134422 0.421908 2
0 0.540923 0.203704 0.017857 0.084656 0.540361 0.172315 1 0.540393 0.170493 1 0.540556 0.170734 1 0.538986 0.171530 2 0.543165 0.171786 2 0.537306 0.181747 2 0.544970 0.182393 2 0.535279 0.194177 2 0.546649 0.196444 2 0.534112 0.205467 2 0.545369 0.204001 2 0.538290 0.204390 2 0.544061 0.204616 2 0.537047 0.222612 2 0.545680 0.222149 2 0.536064 0.240787 2 0.547480 0.238768 2
0 0.959449 0.282407 0.034970 0.117725 0.962286 0.290723 1 0.961561 0.288401 1 0.962576 0.288797 1 0.956810 0.288221 2 0.963560 0.289419 2 0.952538 0.300079 2 0.965555 0.301816 2 0.948599 0.318245 2 0.967848 0.319962 2 0.946293 0.333250 2 0.967494 0.333626 2 0.951042 0.334892 2 0.959587 0.335411 2 0.948155 0.358373 2 0.956246 0.359531 2 0.948627 0.363757 1 0.954237 0.363757 1
0 0.787946 0.274471 0.022321 0.091270 0.791219 0.243519 2 0.791703 0.241684 2 0.790294 0.241312 2 0.791277 0.242352 1 0.787221 0.241133 2 0.789680 0.252716 2 0.783307 0.250686 2 0.789667 0.266730 2 0.780587 0.263996 2 0.791795 0.273508 2 0.787166 0.273038 2 0.787276 0.274331 2 0.782913 0.274699 2 0.795455 0.281349 2 0.791676 0.281905 2 0.790886 0.301660 2 0.787881 0.302869 2
0 0.809524 0.268519 0.025298 0.084656 0.809507 0.242138 2 0.809376 0.240360 2 0.808648 0.240444 2 0.807973 0.240932 1 0.805214 0.241319 2 0.808128 0.248766 2 0.801833 0.251534 2 0.811205 0.261392 2 0.806744 0.265073 2 0.814976 0.269740 2 0.812524 0.273457 2 0.808344 0.271337 2 0.804007 0.274321 2 0.815048 0.275866 2 0.811941 0.283550 2 0.813482 0.295380 2 0.814152 0.305443 2
0 0.966146 0.934524 0.060268 0.123016 0.970425 0.908491 2 0.974288 0.907623 2 0.971995 0.904249 2 0.982118 0.919236 2 0.975159 0.909804 1 0.987136 0.950437 2 0.966283 0.928161 2 0.974397 0.989781 2 0.953918 0.953222 2 0.951783 0.989355 2 0.948136 0.970731 2 0.969189 0.997731 2 0.955727 0.983964 2 0.955274 1.000000 1 0.940558 0.988975 1 0.948130 0.997180 1 0.950432 0.983442 1
0 0.538690 0.318122 0.029762 0.088624 0.538800 0.285491 2 0.539605 0.282796 2 0.537385 0.284125 2 0.541929 0.280023 2 0.536404 0.283239 1 0.547464 0.286900 2 0.537524 0.289508 2 0.552373 0.299077 2 0.537246 0.298678 2 0.550720 0.313888 2 0.538833 0.301822 2 0.547942 0.315708 2 0.541656 0.316474 2 0.547731 0.338041 2 0.542643 0.338042 2 0.548497 0.359802 2 0.545362 0.358983 2
0 0.518601 0.291667 0.023810 0.070106 0.517829 0.276027 2 0.518722 0.274309 2 0.516972 0.274480 2 0.520076 0.272153 2 0.515573 0.272371 2 0.521906 0.278568 2 0.512912 0.278232 2 0.523327 0.290828 2 0.509330 0.288930 2 0.521973 0.298930 2 0.512598 0.297724 2 0.520604 0.303451 2 0.514743 0.303637 2 0.520651 0.323219 2 0.515052 0.323711 2 0.521601 0.339222 2 0.515060 0.339273 2
0 0.484747 0.154762 0.017113 0.055556 0.481933 0.139180 2 0.482552 0.137890 2 0.481566 0.137877 2 0.483676 0.137957 2 0.481439 0.137961 1 0.484956 0.143695 2 0.481045 0.143758 2 0.486751 0.151231 2 0.481069 0.151942 2 0.486241 0.158235 2 0.480445 0.158475 2 0.485107 0.159873 2 0.482401 0.159653 2 0.483279 0.172917 2 0.480204 0.171749 2 0.485342 0.186356 2 0.483614 0.183325 2
0 0.096726 0.318783 0.017857 0.063492 0.096880 0.294872 2 0.096557 0.293059 1 0.095898 0.293952 2 0.096120 0.292799 1 0.094064 0.295262 2 0.097899 0.297651 2 0.093893 0.302044 2 0.101807 0.301108 2 0.093490 0.310422 2 0.101647 0.304122 2 0.097760 0.309318 2 0.097847 0.314225 2 0.094599 0.315881 2 0.100187 0.323038 2 0.089971 0.324713 2 0.099658 0.337208 2 0.088152 0.337577 2
0 0.604911 0.140873 0.014881 0.072751 0.603570 0.118966 2 0.603973 0.117648 1 0.603112 0.117568 2 0.604124 0.117845 1 0.602284 0.117599 2 0.604740 0.124645 2 0.600658 0.124376 2 0.606232 0.132923 2 0.598519 0.132486 2 0.606466 0.140094 2 0.598945 0.139890 2 0.603804 0.142322 2 0.601047 0.142325 2 0.604878 0.155693 2 0.600519 0.155834 2 0.604829 0.168590 2 0.600034 0.168950 2
0 0.214658 0.216931 0.017113 0.037037 0.213587 0.208982 2 0.214039 0.207807 2 0.213745 0.207932 1 0.215399 0.208438 2 0.214897 0.208371 1 0.216762 0.214363 2 0.215163 0.214490 2 0.215633 0.223583 2 0.213479 0.223082 2 0.212005 0.224936 2 0.209816 0.225988 1 0.219601 0.228254 2 0.218161 0.228084 2 0.216764 0.222882 2 0.212732 0.222901 2 0.215790 0.230865 2 0.211374 0.230893 2
0 0.178943 0.136905 0.014137 0.056878 0.176726 0.120958 1 0.176694 0.119873 1 0.176917 0.119759 1 0.175951 0.120572 2 0.178694 0.120149 2 0.175019 0.127823 2 0.180446 0.126424 2 0.174294 0.135620 2 0.182431 0.133341 2 0.175345 0.141157 2 0.182666 0.138270 1 0.177349 0.141960 2 0.181185 0.141331 2 0.178537 0.152391 2 0.183113 0.150186 2 0.179536 0.162420 2 0.184731 0.159040 2
0 0.784970 0.181217 0.016369 0.060847 0.785925 0.164720 1 0.785977 0.163681 1 0.786458 0.163730 1 0.785727 0.164844 2 0.789012 0.164601 2 0.785671 0.171611 2 0.789839 0.171255 2 0.783813 0.178607 2 0.791042 0.179226 2 0.782200 0.179845 2 0.789700 0.185708 1 0.786599 0.185821 2 0.789181 0.185486 2 0.785473 0.195511 2 0.786789 0.195090 2 0.784735 0.206193 2 0.785688 0.205884 2
0 0.414062 0.119709 0.015625 0.062169 0.415515 0.096568 1 0.415143 0.095521 1 0.415446 0.095566 1 0.412817 0.095707 2 0.415461 0.095981 2 0.410987 0.101158 2 0.416267 0.101080 2 0.410024 0.107204 2 0.417553 0.105396 2 0.411385 0.109077 1 0.415767 0.106562 1 0.411340 0.115563 2 0.415006 0.115593 2 0.411296 0.126112 2 0.415081 0.126499 2 0.410881 0.136120 2 0.414858 0.136466 2
0 0.390997 0.103836 0.015625 0.048942 0.390523 0.086991 1 0.390505 0.085863 1 0.390777 0.085829 1 0.390885 0.085696 2 0.392702 0.085444 2 0.391264 0.090590 2 0.394157 0.090347 2 0.390191 0.097149 2 0.396206 0.097209 2 0.389340 0.103375 2 0.397389 0.102253 2 0.393205 0.100928 2 0.394936 0.100756 2 0.393544 0.109533 2 0.394332 0.109248 2 0.393831 0.118120 2 0.394541 0.117998 2
0 0.135045 0.119048 0.017113 0.034392 0.131473 0.119584 2 0.132201 0.118224 2 0.131102 0.118495 2 0.134229 0.118256 2 0.131313 0.118683 1 0.137636 0.122715 2 0.130828 0.123819 2 0.142182 0.128449 2 0.129803 0.129279 2 0.138624 0.129047 2 0.132479 0.129535 2 0.140480 0.129692 2 0.136067 0.130518 2 0.141057 0.124156 1 0.134871 0.125648 1 0.141695 0.125730 1 0.138604 0.127240 1
0 0.837054 0.176587 0.014881 0.051587 0.839207 0.162209 1 0.839377 0.161127 1 0.839698 0.161273 1 0.839504 0.161945 2 0.842111 0.161948 2 0.838599 0.168619 2 0.843268 0.167866 2 0.836465 0.175761 2 0.842727 0.173215 2 0.834844 0.175448 2 0.839186 0.172948 1 0.838710 0.184254 2 0.841727 0.183753 2 0.837932 0.193150 2 0.839668 0.193033 2 0.838482 0.200979 2 0.839059 0.200126 2
0 0.116443 0.122354 0.015625 0.030423 0.115962 0.115003 2 0.116332 0.114298 2 0.115635 0.114377 2 0.117048 0.114441 2 0.115385 0.114644 2 0.118176 0.118373 2 0.114891 0.118690 2 0.118983 0.123610 2 0.113614 0.123853 2 0.117952 0.126741 2 0.113973 0.127984 2 0.117191 0.128939 2 0.115136 0.128935 2 0.116245 0.136100 2 0.114842 0.136511 2 0.115947 0.140855 1 0.114725 0.141899 1
0 0.691964 0.140212 0.013393 0.039683 0.694392 0.131048 2 0.694532 0.130103 1 0.694381 0.129878 2 0.693990 0.129445 1 0.693799 0.128938 2 0.693412 0.133991 2 0.690809 0.131892 2 0.692755 0.143501 2 0.686596 0.138376 2 0.693352 0.150858 2 0.688962 0.146870 2 0.689195 0.141998 2 0.687593 0.141347 2 0.692399 0.149212 2 0.690915 0.148822 2 0.691537 0.158444 2 0.690031 0.158827 2
0 0.552083 0.108466 0.011905 0.052910 0.550152 0.091748 2 0.550721 0.090558 2 0.549852 0.090857 1 0.552160 0.091316 2 0.549915 0.091958 1 0.553828 0.097463 2 0.549478 0.098019 2 0.554385 0.104092 2 0.548765 0.104554 2 0.552519 0.108434 2 0.548953 0.109604 2 0.552918 0.107903 2 0.550005 0.107857 2 0.552083 0.115884 2 0.549599 0.115645 2 0.551807 0.124535 2 0.549973 0.124153 2
0 0.473214 0.224206 0.014881 0.054233 0.475069 0.208525 2 0.475709 0.207215 2 0.474375 0.207406 2 0.476707 0.206901 2 0.473321 0.207248 2 0.478178 0.212276 2 0.472591 0.212819 2 0.480582 0.218442 2 0.472066 0.219835 2 0.477916 0.218050 2 0.473352 0.222780 2 0.476526 0.225276 2 0.473096 0.225265 2 0.475189 0.234849 2 0.473608 0.234676 2 0.474135 0.245225 2 0.473276 0.245385 2
0 0.957961 0.327381 0.040923 0.123016 0.960297 0.290008 1 0.960074 0.287463 1 0.960938 0.288086 1 0.957190 0.287505 2 0.964040 0.288642 2 0.953076 0.300340 2 0.966108 0.301491 2 0.948535 0.318212 2 0.967589 0.320318 2 0.945387 0.334161 2 0.966937 0.334275 2 0.951458 0.335368 2 0.959964 0.335374 2 0.948645 0.359236 2 0.955998 0.358672 2 0.947239 0.384188 2 0.951925 0.381848 2
0 0.744420 0.134921 0.017113 0.052910 0.748085 0.115650 2 0.748345 0.114435 2 0.747371 0.114481 2 0.748235 0.114942 1 0.745623 0.115012 2 0.749032 0.121875 2 0.743704 0.121715 2 0.749939 0.130782 2 0.741182 0.130016 2 0.750648 0.136900 2 0.744749 0.129917 2 0.748167 0.138133 2 0.744471 0.138090 2 0.748057 0.149937 2 0.743548 0.149432 2 0.747095 0.158930 2 0.741987 0.158707 2
0 0.955729 0.172619 0.020089 0.064815 0.952307 0.158979 2 0.952286 0.157577 2 0.952242 0.156959 1 0.953787 0.156011 2 0.955025 0.154498 1 0.955562 0.162437 2 0.959905 0.158681 2 0.953931 0.173042 2 0.960547 0.166132 2 0.950964 0.180514 2 0.957877 0.172709 1 0.955735 0.182443 2 0.958905 0.179728 2 0.952587 0.194790 2 0.956061 0.191736 1 0.952612 0.202641 1 0.955770 0.202511 1
0 0.905878 0.187831 0.020089 0.039683 0.907530 0.178319 2 0.908530 0.176728 2 0.906567 0.176486 2 0.909745 0.177288 1 0.904772 0.176795 2 0.909553 0.183683 2 0.902191 0.183150 2 0.906795 0.193290 2 0.899814 0.193581 2 0.900794 0.194161 2 0.904709 0.193513 2 0.906525 0.199097 2 0.901461 0.198606 2 0.905065 0.195620 1 0.897380 0.194882 1 0.901182 0.198812 1 0.898612 0.197050 1
