0 0.048845 0.909897 0.035714 0.088702 0.038941 0.882772 2 0.039944 0.881713 2 0.038746 0.880483 1 0.042718 0.881277 2 0.039345 0.878521 1 0.049895 0.887116 2 0.039904 0.884891 2 0.048706 0.901242 2 0.038206 0.897437 2 0.042346 0.906203 2 0.040506 0.906668 2 0.050710 0.910000 2 0.043098 0.908515 2 0.053349 0.927046 2 0.043595 0.924595 2 0.060593 0.928210 2 0.048081 0.939236 2
0 0.018908 0.913632 0.026261 0.088702 0.013126 0.898805 2 0.014285 0.895674 2 0.011194 0.897242 2 0.017043 0.892209 2 0.009449 0.896053 2 0.019772 0.898134 2 0.010071 0.900324 2 0.024008 0.906509 2 0.008456 0.906010 2 0.025495 0.914560 2 0.008109 0.910018 2 0.020503 0.917685 2 0.014575 0.918673 2 0.020867 0.930410 2 0.015338 0.932017 2 0.024510 0.947425 2 0.019671 0.944152 2
0 0.294380 0.595238 0.020483 0.055089 0.295632 0.578340 2 0.296337 0.576872 2 0.294753 0.577407 2 0.297820 0.576389 2 0.293821 0.577739 2 0.300736 0.581357 2 0.292767 0.583068 2 0.304578 0.587962 2 0.290038 0.590002 2 0.303135 0.595037 2 0.289554 0.595960 2 0.300531 0.598996 2 0.295616 0.599606 2 0.299396 0.608673 2 0.294576 0.609495 2 0.298986 0.620680 2 0.295679 0.620234 2
0 0.585872 0.429505 0.013130 0.046685 0.587136 0.417178 1 0.587184 0.416216 1 0.587397 0.416278 1 0.586677 0.416700 2 0.589244 0.416640 2 0.585381 0.422197 2 0.590866 0.421728 2 0.583883 0.427606 2 0.594168 0.425114 2 0.584108 0.429990 2 0.594026 0.423994 2 0.586372 0.435808 2 0.589843 0.435669 2 0.587097 0.445057 2 0.589938 0.445000 2 0.587199 0.454598 2 0.589844 0.453761 2
0 0.357668 0.270308 0.012605 0.047619 0.360343 0.254425 2 0.360146 0.253399 1 0.360022 0.253620 2 0.359333 0.253191 1 0.359157 0.253977 2 0.358675 0.256783 2 0.357871 0.258823 2 0.360621 0.263853 2 0.357833 0.264894 2 0.362063 0.268042 2 0.359210 0.270866 2 0.358018 0.270415 2 0.357025 0.272305 2 0.362051 0.275039 2 0.356810 0.282212 2 0.361070 0.283480 2 0.353754 0.291313 2
0 0.592437 0.342670 0.016807 0.054155 0.592170 0.324568 1 0.592329 0.323522 1 0.592690 0.323479 1 0.592791 0.324104 2 0.595063 0.323950 1 0.592016 0.329993 2 0.595745 0.330183 2 0.589570 0.335382 2 0.594984 0.337038 2 0.590107 0.332494 2 0.592602 0.336421 1 0.591610 0.343291 2 0.594023 0.343188 2 0.591940 0.353020 2 0.593142 0.353109 2 0.592503 0.361154 2 0.593326 0.361264 2
0 0.139181 0.294585 0.015756 0.053221 0.138517 0.276759 1 0.138662 0.275789 1 0.138853 0.275660 1 0.139235 0.276259 2 0.141261 0.275831 2 0.139063 0.281633 2 0.143227 0.281319 2 0.136623 0.286219 2 0.144975 0.287856 2 0.137855 0.281976 2 0.146318 0.292731 2 0.140795 0.295589 2 0.143356 0.295425 2 0.141864 0.305415 2 0.143456 0.305497 2 0.142931 0.314627 2 0.144640 0.316250 2
0 0.192752 0.256303 0.012605 0.045752 0.198889 0.240251 2 0.198998 0.239216 2 0.198314 0.239600 2 0.198941 0.238883 1 0.197082 0.239875 2 0.199726 0.242159 2 0.196504 0.244442 2 0.201155 0.245604 1 0.196574 0.250530 2 0.200550 0.248269 1 0.197831 0.253504 2 0.200531 0.253867 2 0.198526 0.255051 2 0.200834 0.262459 2 0.200046 0.263764 2 0.200582 0.271713 2 0.200242 0.272883 2
0 0.240284 0.289916 0.014181 0.028945 0.244695 0.277745 1 0.244443 0.276976 1 0.244899 0.277032 1 0.243216 0.277332 2 0.245519 0.277660 2 0.241924 0.281410 2 0.245745 0.282279 2 0.240375 0.286713 2 0.246014 0.288639 2 0.240167 0.290605 2 0.247259 0.291676 2 0.242669 0.292717 2 0.245055 0.293446 2 0.246980 0.290813 2 0.248322 0.291330 2 0.247207 0.294686 1 0.247405 0.295148 1
0 0.222426 0.252568 0.016282 0.053221 0.223284 0.235782 1 0.222906 0.234991 1 0.223134 0.234882 1 0.221261 0.235645 1 0.222681 0.235577 2 0.221308 0.240835 2 0.223019 0.240566 2 0.221628 0.248725 1 0.223082 0.247919 2 0.221881 0.255301 1 0.222851 0.254753 1 0.222414 0.255668 2 0.223632 0.255623 2 0.223720 0.266277 2 0.224535 0.265928 2 0.224069 0.273280 2 0.224608 0.274378 2
0 0.253151 0.274510 0.012605 0.054155 0.249453 0.241856 1 0.249570 0.241007 1 0.249827 0.240993 1 0.249621 0.241708 2 0.251955 0.241493 2 0.248852 0.247340 2 0.253484 0.247470 2 0.247901 0.253756 2 0.254776 0.254563 2 0.246836 0.259248 2 0.255057 0.260642 2 0.250043 0.259963 2 0.253236 0.259982 2 0.249420 0.269238 2 0.253044 0.269401 2 0.250106 0.277418 1 0.252837 0.277493 1
0 0.249737 0.256303 0.015231 0.055089 0.249410 0.241810 1 0.249524 0.240958 1 0.249804 0.240942 1 0.249452 0.241587 2 0.251920 0.241323 2 0.248742 0.246936 2 0.253506 0.246964 2 0.247893 0.253274 2 0.254831 0.254018 2 0.246979 0.258861 2 0.255138 0.260262 2 0.249934 0.259381 2 0.253215 0.259331 2 0.249424 0.268816 1 0.253108 0.268595 1 0.250136 0.276050 1 0.253030 0.276038 1
0 0.332195 0.269841 0.012080 0.048553 0.337539 0.247479 2 0.337915 0.246699 2 0.337071 0.246789 2 0.338448 0.246934 2 0.336310 0.247128 2 0.339015 0.251066 2 0.335590 0.251268 2 0.339852 0.254480 2 0.334743 0.255235 2 0.338741 0.253046 2 0.335620 0.256482 2 0.339173 0.262597 2 0.336854 0.262787 2 0.339451 0.271761 2 0.337623 0.272012 2 0.339667 0.279683 2 0.336926 0.279469 2
0 0.348739 0.218954 0.014706 0.032680 0.350480 0.209669 2 0.350466 0.209087 1 0.350462 0.208992 2 0.349934 0.208916 1 0.350159 0.208638 2 0.349907 0.211618 2 0.348202 0.211405 2 0.351748 0.215262 2 0.348611 0.216088 2 0.354110 0.215933 2 0.351324 0.218418 2 0.349176 0.220823 2 0.347989 0.221206 2 0.352591 0.223510 2 0.351602 0.224075 2 0.351312 0.232902 2 0.350577 0.232888 2
0 0.363971 0.209617 0.012605 0.038282 0.366664 0.197284 2 0.366659 0.196550 2 0.366301 0.196549 2 0.366338 0.196775 1 0.365120 0.196794 2 0.366666 0.200165 2 0.363804 0.201116 2 0.368706 0.202085 2 0.364363 0.206847 2 0.371259 0.203896 2 0.367215 0.208517 2 0.366211 0.208974 2 0.364111 0.209679 2 0.369773 0.212562 2 0.366420 0.211863 2 0.369468 0.220411 2 0.365833 0.219205 2
0 0.598214 0.185808 0.012605 0.039216 0.598492 0.173656 2 0.598837 0.173027 2 0.598661 0.172978 1 0.599660 0.173405 2 0.599719 0.173218 1 0.599116 0.176719 2 0.600191 0.176800 2 0.597159 0.181631 2 0.598111 0.181783 1 0.595785 0.182672 2 0.596008 0.183442 1 0.599576 0.187231 2 0.600409 0.187080 2 0.595603 0.190121 2 0.597223 0.190553 2 0.596443 0.197813 2 0.598003 0.197883 2
0 0.404412 0.111578 0.013655 0.038282 0.406694 0.102398 2 0.407031 0.101687 2 0.406329 0.101729 2 0.407650 0.102000 2 0.405858 0.102111 2 0.408499 0.105792 2 0.405260 0.105837 2 0.409754 0.109578 2 0.404241 0.109276 2 0.408489 0.111079 2 0.404856 0.110328 2 0.408043 0.112973 2 0.405837 0.113095 2 0.408891 0.117860 2 0.405879 0.118172 2 0.409348 0.124833 2 0.405947 0.124808 2
0 0.193803 0.150327 0.009454 0.041083 0.194848 0.137346 1 0.194982 0.136484 1 0.194847 0.136472 1 0.195320 0.136613 2 0.195916 0.136511 1 0.195338 0.141010 2 0.196915 0.140678 2 0.195467 0.147013 2 0.197507 0.146608 2 0.194971 0.151225 2 0.196410 0.150578 1 0.196075 0.151443 2 0.197285 0.151198 2 0.196147 0.159059 2 0.198056 0.158564 2 0.196444 0.166593 2 0.198914 0.165357 2
0 0.201418 0.150327 0.009979 0.033613 0.203222 0.137489 2 0.203538 0.136816 2 0.202872 0.136896 2 0.204097 0.136934 2 0.202413 0.137160 2 0.204863 0.139845 2 0.201932 0.140370 2 0.205204 0.143145 2 0.201217 0.143836 2 0.202775 0.142926 2 0.203665 0.142883 2 0.205266 0.149484 2 0.203145 0.149795 2 0.205917 0.156853 2 0.203495 0.157367 2 0.206257 0.163507 2 0.203485 0.164020 2
0 0.209296 0.149860 0.008929 0.038282 0.210470 0.137156 2 0.210875 0.136417 2 0.210070 0.136477 2 0.211602 0.137014 2 0.209702 0.137184 2 0.212898 0.141128 2 0.209186 0.141334 2 0.214770 0.145311 2 0.208699 0.145766 2 0.213942 0.149894 2 0.209029 0.149526 2 0.212739 0.151986 2 0.210309 0.152030 2 0.213346 0.159835 2 0.210119 0.159486 2 0.213063 0.167522 2 0.210964 0.166518 2
0 0.570641 0.696078 0.019433 0.049486 0.571428 0.677787 1 0.571435 0.676407 1 0.572076 0.676636 1 0.570777 0.677559 2 0.574855 0.677618 2 0.568749 0.686732 2 0.576501 0.686519 2 0.565772 0.692273 2 0.579122 0.689681 2 0.565822 0.684954 2 0.577884 0.683736 2 0.569869 0.704708 2 0.575054 0.704747 2 0.566065 0.694731 2 0.572485 0.696692 2 0.566890 0.709637 2 0.572606 0.711288 2
0 0.271796 0.101774 0.008929 0.039216 0.269924 0.094877 1 0.269971 0.094283 1 0.270069 0.094265 1 0.270242 0.094696 2 0.271378 0.094563 1 0.270327 0.097973 2 0.272291 0.098017 2 0.269941 0.100236 2 0.273253 0.101723 2 0.269443 0.099525 2 0.273172 0.104311 2 0.271060 0.105151 2 0.272415 0.105127 2 0.271348 0.111433 2 0.273057 0.111097 2 0.271485 0.117576 2 0.273730 0.116991 2
0 0.249737 0.094771 0.020483 0.036415 0.248623 0.084361 2 0.248939 0.083754 2 0.248345 0.083775 2 0.249562 0.084067 2 0.248002 0.084186 1 0.250722 0.088119 2 0.247390 0.088490 2 0.252079 0.092388 2 0.246527 0.092519 2 0.252490 0.096417 2 0.246055 0.096031 2 0.250638 0.097376 2 0.248331 0.097671 2 0.251628 0.102885 2 0.248689 0.103694 2 0.253220 0.107875 2 0.248940 0.109218 2
0 0.607931 0.123716 0.013130 0.045752 0.609818 0.110511 1 0.609668 0.109960 1 0.609794 0.109932 1 0.608615 0.110145 2 0.610032 0.110107 2 0.607980 0.113169 2 0.610787 0.112895 2 0.607634 0.116264 2 0.612048 0.115522 2 0.608202 0.118516 1 0.611547 0.117706 2 0.608243 0.121218 2 0.610108 0.121056 2 0.608483 0.127556 2 0.609910 0.127212 2 0.608615 0.133340 2 0.609729 0.133399 2
