0 0.135789 0.864418 0.034970 0.115079 0.121529 0.784392 1 0.121874 0.784392 1 0.119588 0.784392 1 0.122478 0.784392 1 0.116187 0.784392 1 0.124907 0.784392 1 0.114718 0.791280 2 0.128257 0.794701 1 0.115897 0.813044 2 0.130025 0.813530 1 0.120798 0.833188 2 0.128666 0.820884 2 0.121611 0.825756 2 0.129401 0.851976 2 0.123821 0.859984 2 0.129261 0.883207 2 0.122280 0.889950 2
0 0.118676 0.830688 0.024554 0.145503 0.126517 0.776615 2 0.126395 0.773608 1 0.125007 0.774198 2 0.124287 0.773513 1 0.120324 0.775352 2 0.124964 0.783938 2 0.115279 0.791425 2 0.127920 0.796976 1 0.115349 0.814715 2 0.129601 0.812069 1 0.119596 0.829519 2 0.127725 0.822008 2 0.121224 0.826742 2 0.129653 0.854495 2 0.124537 0.859256 2 0.128353 0.887388 2 0.124451 0.890157 2
0 0.146577 0.841931 0.026786 0.101852 0.135729 0.820893 1 0.134739 0.819085 1 0.135948 0.818795 1 0.129975 0.821791 2 0.137366 0.821176 2 0.128732 0.836065 2 0.139415 0.832877 2 0.128542 0.850444 1 0.143403 0.843319 2 0.131670 0.853991 1 0.142337 0.845948 1 0.133877 0.862172 2 0.141458 0.860639 2 0.135094 0.884286 2 0.143794 0.879178 2 0.135787 0.905387 2 0.147509 0.899431 2
0 0.263021 0.619048 0.017113 0.071429 0.267142 0.595274 1 0.266372 0.593849 1 0.267003 0.593912 1 0.262116 0.594820 1 0.266440 0.595139 2 0.260312 0.603577 2 0.267397 0.603630 2 0.261613 0.612140 1 0.269075 0.614318 2 0.266310 0.613141 1 0.271043 0.616259 2 0.261253 0.623377 2 0.266904 0.623070 2 0.261645 0.632755 2 0.271048 0.628825 2 0.259714 0.647990 2 0.271562 0.645026 2
0 0.258929 0.816799 0.050595 0.099206 0.268703 0.768548 2 0.270158 0.765345 2 0.267474 0.765422 2 0.274764 0.763227 2 0.269384 0.763154 1 0.274945 0.774406 2 0.274849 0.771102 2 0.262935 0.785981 2 0.264256 0.781437 2 0.252775 0.791454 2 0.253894 0.792095 2 0.279889 0.814744 2 0.280513 0.811003 2 0.260727 0.795496 2 0.266261 0.787002 2 0.261363 0.833061 2 0.268010 0.821169 2
0 0.471726 0.457672 0.017857 0.095238 0.467739 0.419715 1 0.468244 0.417840 1 0.468646 0.417884 1 0.469972 0.419034 2 0.473320 0.418775 1 0.468445 0.429317 2 0.476333 0.429119 2 0.466574 0.443031 2 0.479116 0.442076 2 0.466453 0.454510 2 0.478748 0.452318 2 0.469982 0.452516 2 0.475154 0.452410 2 0.470046 0.471877 2 0.474064 0.472917 2 0.471172 0.490138 2 0.474293 0.490237 2
0 0.274926 0.707672 0.034970 0.063492 0.272227 0.691443 2 0.273145 0.688957 2 0.271580 0.689514 2 0.276624 0.688360 2 0.273975 0.689010 1 0.277828 0.695618 2 0.281031 0.695050 2 0.271905 0.703618 2 0.275058 0.701108 1 0.267864 0.702793 2 0.268447 0.702735 1 0.286643 0.720727 2 0.288904 0.719158 2 0.270800 0.709163 2 0.275828 0.706274 2 0.274226 0.724685 2 0.277123 0.723597 2
0 0.281250 0.681217 0.026786 0.058201 0.272531 0.690361 2 0.273466 0.687648 2 0.272132 0.688717 1 0.278011 0.687757 2 0.276116 0.689549 1 0.278906 0.695967 2 0.284821 0.698168 2 0.271241 0.703343 2 0.280379 0.706739 2 0.267505 0.702708 2 0.269131 0.704663 2 0.279569 0.718634 2 0.283659 0.717418 2 0.267218 0.711523 1 0.271682 0.709267 1 0.265850 0.717328 1 0.268144 0.719907 1
0 0.295759 0.663360 0.034970 0.067460 0.272720 0.691120 1 0.273475 0.689051 2 0.272418 0.688896 1 0.275631 0.688901 2 0.275076 0.687598 1 0.276379 0.699620 2 0.282154 0.694479 2 0.275333 0.710317 1 0.282998 0.703491 1 0.273797 0.706909 1 0.276043 0.703769 1 0.287029 0.710317 1 0.291061 0.710317 1 0.276456 0.708590 1 0.282232 0.700940 1 0.281310 0.710317 1 0.285922 0.706109 1
0 0.417039 0.421958 0.020089 0.084656 0.422035 0.386926 1 0.421451 0.385022 1 0.422056 0.385356 1 0.417640 0.384739 2 0.422018 0.386081 2 0.414216 0.393019 2 0.421410 0.395294 2 0.411499 0.404616 2 0.419566 0.406891 2 0.411487 0.414956 2 0.416397 0.410329 1 0.412887 0.416114 2 0.417911 0.417589 2 0.415729 0.433085 2 0.420152 0.435754 2 0.415265 0.449449 2 0.418264 0.451395 2
0 0.433036 0.408730 0.017857 0.082011 0.431660 0.378679 1 0.431714 0.377151 1 0.432125 0.377236 1 0.430808 0.378459 2 0.435041 0.378569 2 0.428981 0.387781 2 0.437319 0.388181 2 0.427573 0.399509 2 0.439667 0.399436 2 0.429636 0.406416 2 0.437191 0.406308 2 0.430288 0.412144 2 0.435786 0.412160 2 0.431563 0.430286 2 0.435730 0.431322 2 0.432252 0.448327 2 0.435285 0.449929 2
0 0.475446 0.388889 0.019345 0.071429 0.472953 0.364932 2 0.473751 0.363413 2 0.472261 0.363489 2 0.475590 0.362662 2 0.471808 0.362960 1 0.478674 0.370871 2 0.469875 0.370578 2 0.480024 0.384362 2 0.467492 0.382110 2 0.480007 0.395766 2 0.466169 0.394364 2 0.476409 0.397713 2 0.470661 0.397435 2 0.475481 0.415227 2 0.470491 0.415386 2 0.475838 0.431270 1 0.470839 0.431142 1
0 0.484003 0.380952 0.017113 0.079365 0.472635 0.364164 2 0.473244 0.362441 2 0.472470 0.362575 1 0.475406 0.362409 2 0.473152 0.362866 1 0.478489 0.370965 2 0.473100 0.370962 1 0.479652 0.383617 2 0.472592 0.382934 1 0.479259 0.394776 2 0.472840 0.393521 1 0.476551 0.396643 2 0.472960 0.396282 2 0.475945 0.414672 2 0.472914 0.414436 1 0.476358 0.428178 2 0.473866 0.427822 1
0 0.532738 0.388228 0.019345 0.083333 0.533836 0.356386 2 0.534834 0.355085 2 0.533186 0.354966 2 0.536688 0.355671 2 0.532494 0.355509 2 0.539066 0.363548 2 0.530659 0.363629 2 0.541380 0.372739 2 0.527918 0.372255 2 0.541372 0.384058 2 0.527420 0.382573 2 0.537309 0.384910 2 0.531981 0.384933 2 0.536640 0.398930 2 0.532387 0.399278 2 0.536074 0.409833 2 0.532858 0.411022 2
0 0.433408 0.253968 0.012649 0.047619 0.433744 0.239308 2 0.434083 0.238220 2 0.433241 0.238504 1 0.434834 0.237708 2 0.432890 0.238381 1 0.436297 0.241901 2 0.432923 0.242361 2 0.438658 0.248072 2 0.431836 0.247868 2 0.437860 0.253141 2 0.432370 0.252632 2 0.436272 0.254123 2 0.434301 0.254322 2 0.436283 0.261712 2 0.434980 0.262171 2 0.436540 0.268526 2 0.435679 0.268501 2
0 0.328125 0.587302 0.023810 0.108466 0.322943 0.552352 2 0.324256 0.550166 2 0.322173 0.550225 2 0.327710 0.549047 2 0.322275 0.549277 1 0.332410 0.557529 2 0.321322 0.558463 2 0.336677 0.570977 2 0.319483 0.572093 2 0.336720 0.584290 2 0.320461 0.585691 2 0.332010 0.587869 2 0.324830 0.588431 2 0.331644 0.607615 2 0.326455 0.608479 2 0.332788 0.625407 2 0.329504 0.627017 2
0 0.314360 0.613757 0.018601 0.079365 0.311001 0.589048 2 0.311827 0.587415 2 0.310846 0.587693 1 0.314557 0.587771 2 0.311933 0.588322 1 0.318221 0.595171 2 0.311430 0.596668 2 0.322296 0.604261 2 0.308889 0.603266 2 0.322971 0.611096 2 0.309671 0.598648 2 0.318756 0.615614 2 0.314187 0.616590 2 0.320237 0.628496 2 0.314727 0.630655 2 0.321980 0.640366 2 0.314805 0.644255 2
0 0.310640 0.594577 0.014137 0.075397 0.310941 0.588650 2 0.311477 0.587061 2 0.310834 0.587161 1 0.313902 0.587364 2 0.312265 0.587562 1 0.317183 0.595704 2 0.311135 0.595062 2 0.319092 0.605181 2 0.308901 0.601501 2 0.316632 0.607279 2 0.311506 0.597562 2 0.316692 0.615765 2 0.312842 0.615474 2 0.315460 0.630371 2 0.313222 0.631332 2 0.315316 0.643262 2 0.314421 0.643417 2
0 0.299851 0.529762 0.020833 0.088624 0.297263 0.500236 1 0.297182 0.498637 1 0.297586 0.498472 1 0.295832 0.500018 2 0.300269 0.499301 2 0.294785 0.511372 2 0.302694 0.509096 2 0.292637 0.522849 2 0.304974 0.522562 2 0.290633 0.530846 2 0.304496 0.533252 2 0.297026 0.531703 2 0.302491 0.530186 2 0.298910 0.548538 2 0.304341 0.542021 2 0.300893 0.565634 2 0.306304 0.557103 2
0 0.232887 0.677910 0.022321 0.091270 0.234590 0.641365 1 0.233991 0.639966 1 0.234917 0.639574 1 0.230628 0.642008 2 0.236675 0.640975 2 0.229610 0.653502 2 0.237920 0.650378 2 0.230590 0.663405 2 0.241236 0.658330 2 0.237913 0.663475 1 0.243136 0.663250 2 0.234209 0.675918 2 0.240012 0.674813 2 0.236167 0.693637 2 0.241577 0.690411 2 0.236229 0.711679 2 0.242457 0.708255 2
0 0.242560 0.615741 0.022321 0.085979 0.231369 0.640754 1 0.231517 0.639285 1 0.232353 0.639006 1 0.231251 0.641659 2 0.236803 0.640090 2 0.230500 0.654636 2 0.238408 0.650792 2 0.231319 0.667193 2 0.240785 0.662495 2 0.237563 0.663837 1 0.242660 0.665312 1 0.234321 0.674261 2 0.239889 0.672602 2 0.233201 0.669654 1 0.240147 0.666067 1 0.234209 0.675347 1 0.240536 0.671879 1
0 0.257812 0.546296 0.024554 0.074074 0.249966 0.522799 2 0.250297 0.520430 2 0.249738 0.519909 1 0.253133 0.518511 2 0.253969 0.516633 1 0.254370 0.527114 2 0.261292 0.521765 2 0.255823 0.543547 2 0.266146 0.531992 2 0.258719 0.555285 2 0.266808 0.546186 2 0.261396 0.543841 2 0.266523 0.541492 2 0.260175 0.563469 2 0.267151 0.560037 2 0.261110 0.587786 2 0.267951 0.583161 2
0 0.276042 0.521164 0.022321 0.100529 0.272628 0.486965 2 0.273032 0.484360 2 0.271503 0.485575 2 0.275107 0.482203 2 0.271461 0.485247 1 0.279228 0.490200 2 0.274461 0.492391 2 0.282415 0.504901 2 0.276154 0.505467 2 0.282522 0.519050 2 0.276167 0.518236 2 0.280319 0.515004 2 0.277498 0.515826 2 0.281650 0.536438 2 0.280590 0.537330 2 0.281810 0.559206 2 0.282109 0.558530 2
