0 0.561012 0.570106 0.017857 0.100529 0.562715 0.533409 1 0.561800 0.531493 1 0.562693 0.531383 1 0.557530 0.532309 1 0.561947 0.532395 2 0.555859 0.542060 2 0.560817 0.543214 2 0.559542 0.553045 1 0.564428 0.555864 2 0.565158 0.551127 1 0.566677 0.552867 2 0.558852 0.569306 2 0.562105 0.570468 2 0.561068 0.589835 2 0.562470 0.591653 2 0.560218 0.609659 2 0.560772 0.610895 2
0 0.559152 0.544974 0.033482 0.071429 0.562924 0.532527 1 0.561962 0.530741 1 0.562984 0.530736 1 0.557921 0.530779 1 0.562345 0.531343 2 0.554995 0.540396 2 0.561083 0.541773 2 0.558624 0.552701 2 0.564571 0.553438 2 0.564749 0.551968 1 0.566925 0.552618 2 0.557090 0.567091 2 0.560629 0.569001 2 0.565694 0.577431 2 0.564907 0.582604 2 0.565481 0.588155 1 0.560099 0.591726 1
0 0.407366 0.421296 0.011161 0.046296 0.407342 0.408601 1 0.407323 0.407478 1 0.407281 0.407505 1 0.408255 0.406781 2 0.408627 0.406892 1 0.410564 0.411404 2 0.410045 0.411150 2 0.408909 0.417352 2 0.408550 0.417076 1 0.407090 0.416380 2 0.407228 0.416524 1 0.410660 0.423736 2 0.410286 0.423133 2 0.410316 0.430962 2 0.409683 0.429674 2 0.410946 0.437147 2 0.410874 0.437950 2
0 0.537946 0.486111 0.013393 0.062169 0.539939 0.467588 2 0.540655 0.466198 2 0.539199 0.466033 2 0.541280 0.466244 1 0.537512 0.465724 2 0.541830 0.473345 2 0.535454 0.473062 2 0.542657 0.482803 2 0.534514 0.483145 2 0.542854 0.486918 2 0.539783 0.487738 2 0.540829 0.492655 2 0.536665 0.492656 2 0.539281 0.508280 2 0.536661 0.508318 2 0.537918 0.523209 2 0.536043 0.524061 2
0 0.470238 0.522487 0.017857 0.089947 0.470608 0.493200 1 0.470146 0.491566 1 0.470763 0.491599 1 0.467257 0.492645 2 0.471609 0.492777 2 0.464960 0.501980 2 0.473026 0.501923 2 0.463405 0.514266 2 0.475189 0.512857 2 0.462778 0.524056 2 0.475590 0.518519 2 0.466719 0.521466 2 0.472048 0.521649 2 0.467596 0.540059 2 0.471883 0.540080 2 0.468119 0.557050 2 0.470785 0.556785 2
0 0.497396 0.549603 0.023065 0.099206 0.499949 0.512568 1 0.499117 0.510969 1 0.499739 0.510842 1 0.494849 0.512115 2 0.499537 0.512265 2 0.491332 0.523523 2 0.501387 0.522579 2 0.489816 0.537231 2 0.503783 0.535205 2 0.491324 0.546982 2 0.504945 0.545720 2 0.493690 0.550416 2 0.500489 0.550049 2 0.495284 0.568735 2 0.500894 0.566981 2 0.496076 0.587350 2 0.499253 0.584127 2
0 0.490699 0.523148 0.020089 0.096561 0.499847 0.512644 1 0.499078 0.510932 1 0.499684 0.510832 1 0.494911 0.512017 2 0.499333 0.512099 2 0.491805 0.523023 2 0.501270 0.522562 2 0.490076 0.535906 2 0.503552 0.535248 2 0.491849 0.543777 2 0.503474 0.543220 1 0.493869 0.549462 2 0.500217 0.549319 2 0.495429 0.569510 2 0.500433 0.568133 2 0.495962 0.586381 2 0.498998 0.584990 2
0 0.505208 0.515212 0.014881 0.067460 0.499961 0.511722 1 0.499083 0.510219 1 0.499776 0.510198 1 0.495159 0.511467 1 0.499108 0.511726 2 0.494792 0.521962 1 0.500710 0.522063 2 0.496727 0.535038 1 0.503968 0.535046 2 0.500358 0.545361 1 0.505380 0.546148 2 0.494792 0.549985 1 0.499484 0.550027 2 0.494819 0.562004 1 0.500817 0.561604 2 0.495580 0.561658 1 0.500909 0.562004 1
0 0.526042 0.506614 0.016369 0.076720 0.523844 0.479144 1 0.523948 0.477813 1 0.524306 0.477794 1 0.523549 0.478651 2 0.527125 0.478362 2 0.522568 0.486870 2 0.528742 0.486249 2 0.521755 0.497531 2 0.530068 0.496391 2 0.521217 0.506652 2 0.530337 0.504142 2 0.524263 0.505559 2 0.528633 0.505164 2 0.523530 0.519649 2 0.528668 0.519507 2 0.524307 0.533138 2 0.529368 0.532545 2
0 0.471726 0.507275 0.014881 0.078042 0.471572 0.493100 1 0.470909 0.491600 1 0.471684 0.491474 1 0.467387 0.492789 2 0.471911 0.492817 2 0.465045 0.502017 2 0.472608 0.502234 2 0.463251 0.513547 2 0.474505 0.512072 2 0.462629 0.523228 2 0.474988 0.516056 2 0.467114 0.521523 2 0.472172 0.521993 2 0.467988 0.538786 2 0.472147 0.540292 2 0.467933 0.553845 2 0.471186 0.555825 2
0 0.450521 0.505952 0.017113 0.088624 0.451379 0.473869 1 0.451162 0.472327 1 0.451542 0.472416 1 0.448974 0.473280 2 0.452901 0.473504 2 0.447034 0.482544 2 0.454445 0.483130 2 0.446182 0.493925 2 0.455516 0.494903 2 0.448188 0.501360 2 0.453557 0.502340 2 0.448107 0.503323 2 0.453103 0.503762 2 0.449174 0.520270 2 0.452127 0.520793 2 0.450273 0.537305 2 0.451018 0.537926 2
0 0.831473 0.877646 0.045387 0.181217 0.843359 0.810428 2 0.843729 0.806874 2 0.841699 0.806938 2 0.842021 0.806917 1 0.835629 0.806705 2 0.846268 0.823129 2 0.826135 0.824512 2 0.851290 0.849296 2 0.817568 0.848010 2 0.855110 0.874704 2 0.815418 0.874112 2 0.841186 0.878307 2 0.828763 0.879952 2 0.838379 0.916154 2 0.829204 0.922414 2 0.830889 0.947828 2 0.830338 0.960359 2
0 0.799851 0.832672 0.035714 0.160053 0.805830 0.774911 2 0.807110 0.771880 2 0.804376 0.771665 2 0.807438 0.769973 1 0.800021 0.768807 2 0.809813 0.781965 2 0.793329 0.779988 2 0.818345 0.796386 2 0.788415 0.801172 2 0.814568 0.779492 2 0.785967 0.820312 2 0.805713 0.830225 2 0.795113 0.828587 2 0.805775 0.866209 2 0.794328 0.864113 2 0.802837 0.897039 2 0.794318 0.894877 2
0 0.765625 0.835317 0.032738 0.107143 0.767170 0.802803 2 0.768632 0.800161 2 0.765770 0.800093 2 0.770321 0.798634 2 0.762998 0.798169 2 0.770846 0.809555 2 0.760505 0.809401 2 0.775198 0.817786 2 0.759722 0.822391 2 0.782326 0.822609 2 0.763425 0.830193 2 0.768988 0.839114 2 0.761865 0.839244 2 0.770691 0.860874 2 0.761292 0.858565 2 0.772744 0.882269 2 0.760144 0.878571 2
0 0.622396 0.596561 0.029018 0.108466 0.623433 0.558010 1 0.623741 0.556205 1 0.624292 0.556141 1 0.624312 0.557992 2 0.627887 0.556602 1 0.626211 0.572785 2 0.629510 0.565710 2 0.626404 0.586493 2 0.633765 0.570157 2 0.624182 0.588261 2 0.631585 0.571290 2 0.626825 0.598996 2 0.627456 0.594689 2 0.626441 0.618481 2 0.619183 0.608274 2 0.628716 0.641036 2 0.615048 0.627376 2
