0 0.282563 0.701214 0.019958 0.080299 0.282190 0.675722 2 0.283127 0.674016 2 0.281319 0.674279 2 0.285194 0.672582 2 0.280679 0.673177 2 0.287472 0.678929 2 0.279538 0.678127 2 0.290232 0.687276 2 0.278969 0.687684 2 0.292046 0.695921 2 0.278317 0.698079 2 0.287389 0.697505 2 0.282480 0.696873 2 0.287651 0.712136 2 0.284005 0.708095 2 0.287005 0.726468 2 0.285494 0.717819 2
0 0.371586 0.353408 0.015231 0.042017 0.373626 0.337829 2 0.374293 0.336708 2 0.373013 0.336784 2 0.375370 0.336377 2 0.372180 0.336619 2 0.376909 0.341247 2 0.371350 0.341557 2 0.380660 0.346166 2 0.369384 0.345730 2 0.378687 0.348245 2 0.368381 0.346552 2 0.375569 0.356804 2 0.372059 0.356710 2 0.375915 0.367552 2 0.371825 0.367553 2 0.376404 0.377205 2 0.372095 0.376805 2
0 0.181460 0.545752 0.015231 0.070028 0.179694 0.521703 2 0.180301 0.520473 2 0.179461 0.520553 1 0.182427 0.520523 2 0.180109 0.520725 1 0.185458 0.526474 2 0.179167 0.526015 2 0.187089 0.534450 2 0.178094 0.534498 2 0.183547 0.539118 2 0.179990 0.539541 2 0.185266 0.543791 2 0.181140 0.543468 2 0.185223 0.558232 2 0.182839 0.556138 2 0.186763 0.571692 2 0.185722 0.567460 2
0 0.173845 0.549953 0.017857 0.072829 0.169614 0.522020 1 0.170169 0.520677 1 0.168931 0.520716 1 0.170858 0.520772 1 0.167950 0.520902 2 0.172246 0.525940 2 0.166728 0.525924 2 0.174481 0.534461 2 0.166312 0.531820 2 0.173827 0.538114 2 0.168280 0.528495 2 0.171890 0.543638 2 0.167906 0.543971 2 0.173943 0.557050 2 0.167333 0.558532 2 0.174845 0.570927 2 0.168928 0.572333 2
0 0.352679 0.325397 0.013130 0.036415 0.353108 0.316352 2 0.353572 0.315353 2 0.352508 0.315529 2 0.354390 0.314758 2 0.351632 0.315201 2 0.355973 0.318056 2 0.351066 0.318372 2 0.358276 0.323347 2 0.349587 0.323214 2 0.358080 0.328046 2 0.348694 0.327031 2 0.355947 0.327138 2 0.352686 0.327215 2 0.356902 0.324584 2 0.351446 0.324703 2 0.358201 0.330673 2 0.352297 0.330687 2
0 0.537553 0.356209 0.008929 0.027077 0.540900 0.364970 2 0.541082 0.364558 2 0.540685 0.364566 2 0.541314 0.364867 2 0.540388 0.364894 2 0.541731 0.367661 2 0.540020 0.367599 2 0.542393 0.370878 2 0.539361 0.370679 2 0.541484 0.372848 2 0.539307 0.372538 2 0.541285 0.373339 2 0.540151 0.373260 2 0.541344 0.374176 1 0.540095 0.374017 1 0.541498 0.374036 1 0.539919 0.373682 1
0 0.349790 0.204482 0.012605 0.048553 0.351234 0.190926 1 0.350901 0.190092 1 0.351181 0.190107 1 0.349199 0.190323 1 0.350781 0.190445 2 0.348971 0.194849 2 0.350098 0.194949 2 0.350482 0.199960 2 0.351200 0.200377 2 0.353131 0.202600 1 0.353353 0.202804 2 0.349414 0.206427 2 0.350314 0.206662 2 0.350172 0.213911 2 0.351590 0.213727 2 0.350334 0.221121 2 0.352259 0.221069 2
0 0.558824 0.257236 0.012605 0.043884 0.554907 0.267111 2 0.555040 0.266346 2 0.554885 0.266414 1 0.555864 0.265901 2 0.555877 0.266084 1 0.557084 0.268730 2 0.556900 0.269028 2 0.557421 0.273678 2 0.556354 0.273841 2 0.556145 0.277554 2 0.554975 0.276864 1 0.557314 0.277205 2 0.557341 0.277079 2 0.555816 0.282564 2 0.556195 0.282592 2 0.556820 0.286515 2 0.557327 0.286947 1
0 0.255777 0.217554 0.012605 0.028011 0.255186 0.212079 2 0.255407 0.211470 2 0.255168 0.211357 1 0.255996 0.211228 2 0.255599 0.210870 2 0.256976 0.214151 2 0.255003 0.212707 2 0.257398 0.219341 2 0.253491 0.216424 2 0.256865 0.221593 2 0.253630 0.219042 2 0.256201 0.221086 2 0.255004 0.220177 2 0.255557 0.218728 1 0.253539 0.217717 1 0.255047 0.221349 1 0.254210 0.220431 1
0 0.231092 0.194211 0.008403 0.042951 0.230795 0.179900 1 0.230995 0.179228 1 0.231098 0.179221 1 0.231675 0.179809 2 0.232731 0.179655 1 0.231614 0.183796 2 0.233678 0.183626 2 0.231063 0.188666 2 0.233853 0.188503 1 0.230870 0.192254 2 0.233203 0.192456 1 0.232430 0.193119 2 0.233823 0.193028 2 0.232091 0.200653 2 0.233138 0.200741 2 0.232740 0.207140 2 0.233558 0.206992 2
0 0.264181 0.207750 0.009454 0.034547 0.266556 0.205994 2 0.266592 0.205096 1 0.266074 0.205277 2 0.266234 0.205352 1 0.264851 0.205807 2 0.267060 0.210126 2 0.263668 0.210504 2 0.268473 0.215257 2 0.261622 0.215802 2 0.268365 0.212879 2 0.260706 0.217254 2 0.266069 0.220012 2 0.264136 0.220275 2 0.266709 0.216876 2 0.266110 0.217477 2 0.264086 0.223546 2 0.264215 0.224417 2
0 0.210084 0.110177 0.008403 0.033613 0.209067 0.103045 1 0.209231 0.102528 1 0.208911 0.102557 1 0.209577 0.102886 1 0.208788 0.102931 1 0.210437 0.106088 2 0.208298 0.105945 2 0.210910 0.109933 2 0.207712 0.109474 2 0.209210 0.111412 2 0.208201 0.111302 2 0.210336 0.113091 2 0.208813 0.113082 2 0.210694 0.118948 2 0.209073 0.118954 2 0.211236 0.124938 2 0.209152 0.124800 2
0 0.578782 0.741830 0.021008 0.060691 0.578200 0.727311 1 0.578354 0.726117 1 0.578990 0.726262 1 0.578440 0.727799 2 0.582618 0.727489 2 0.576899 0.736610 2 0.584683 0.736073 2 0.573629 0.742471 2 0.587431 0.739210 2 0.572998 0.735373 2 0.586787 0.731647 2 0.578163 0.756291 2 0.583478 0.756165 2 0.573760 0.744232 2 0.581623 0.746078 2 0.574507 0.758766 2 0.582268 0.760990 2
0 0.493697 0.062558 0.008403 0.016807 0.494019 0.061070 2 0.494253 0.060605 1 0.493765 0.060571 1 0.494543 0.060472 1 0.493313 0.060409 2 0.495230 0.062614 2 0.492588 0.062448 2 0.496531 0.065528 2 0.491480 0.064931 2 0.496025 0.068548 2 0.491124 0.068016 2 0.494662 0.069395 2 0.492943 0.069283 2 0.494941 0.071692 2 0.492599 0.071683 1 0.495024 0.072220 1 0.492725 0.072176 1
