0 0.157826 0.957049 0.025735 0.052288 0.148867 0.945188 2 0.149527 0.944284 2 0.148497 0.943762 1 0.150978 0.941307 2 0.148070 0.939988 1 0.155143 0.939937 2 0.149377 0.938723 2 0.161823 0.947238 2 0.150257 0.936322 1 0.162501 0.955672 2 0.149438 0.939514 1 0.157805 0.950181 2 0.153636 0.950701 2 0.161788 0.958851 2 0.154293 0.964338 2 0.168038 0.958200 2 0.158469 0.972360 2
0 0.856880 0.433707 0.016282 0.053221 0.865361 0.415667 2 0.865387 0.414808 1 0.865321 0.414095 2 0.863364 0.415134 1 0.863463 0.413719 2 0.860624 0.420725 2 0.858504 0.417132 2 0.859013 0.430460 2 0.855246 0.422855 2 0.860211 0.435506 2 0.857671 0.426973 2 0.854085 0.432382 2 0.852655 0.430882 2 0.855008 0.443417 2 0.853873 0.441183 2 0.853706 0.456522 2 0.853420 0.453442 2
0 0.868435 0.428571 0.015231 0.052288 0.873164 0.410021 2 0.873818 0.408844 2 0.872493 0.408401 2 0.873958 0.409040 1 0.870559 0.407820 2 0.874057 0.415631 2 0.867704 0.412583 2 0.873429 0.424851 2 0.863652 0.418059 2 0.872673 0.430004 2 0.861946 0.422807 2 0.869567 0.428118 2 0.865524 0.426445 2 0.866999 0.438694 2 0.863551 0.436694 2 0.862720 0.447907 2 0.861192 0.447137 2
0 0.939863 0.434174 0.019433 0.042951 0.945007 0.420044 2 0.945836 0.419503 2 0.944775 0.418702 2 0.946572 0.419877 2 0.943804 0.417886 2 0.945551 0.424144 2 0.941856 0.420879 2 0.943504 0.429377 2 0.937573 0.423408 2 0.941243 0.430148 2 0.938058 0.425176 2 0.940530 0.433176 2 0.938274 0.431021 2 0.935630 0.441603 2 0.934675 0.439343 2 0.932749 0.450448 2 0.932554 0.450747 2
0 0.675945 0.061158 0.009454 0.049486 0.676207 0.043559 2 0.676882 0.042405 2 0.675595 0.042415 2 0.677816 0.042413 2 0.674707 0.042344 2 0.678445 0.046577 2 0.673649 0.046168 2 0.677579 0.051474 2 0.672588 0.050950 2 0.675198 0.053850 1 0.672657 0.055237 2 0.676646 0.056172 2 0.673598 0.055678 2 0.674436 0.067327 2 0.673172 0.066575 2 0.672624 0.079873 2 0.672969 0.079325 2
0 0.821691 0.137722 0.015231 0.043884 0.823665 0.121212 2 0.824022 0.120343 2 0.823286 0.120303 2 0.824408 0.120327 1 0.822615 0.120144 2 0.824822 0.125379 2 0.821553 0.124538 2 0.824631 0.131974 2 0.819544 0.130382 2 0.823819 0.135595 2 0.819232 0.136038 2 0.822854 0.138185 2 0.820459 0.137466 2 0.821422 0.147768 2 0.818190 0.147136 2 0.819470 0.156757 2 0.815092 0.156446 2
0 0.451943 0.968721 0.022584 0.053221 0.448676 0.955951 2 0.449309 0.954574 2 0.447816 0.955386 2 0.450917 0.955417 2 0.447008 0.957381 2 0.452563 0.961937 2 0.447408 0.963314 2 0.452745 0.969540 2 0.446549 0.971586 2 0.450061 0.977317 2 0.446261 0.976214 2 0.453621 0.974867 2 0.449261 0.975193 2 0.457973 0.981964 2 0.448311 0.980100 2 0.460416 0.988147 2 0.446230 0.983499 2
0 0.101103 0.075630 0.011029 0.052288 0.099365 0.057456 2 0.099713 0.056289 1 0.098755 0.056508 2 0.099876 0.055686 1 0.097512 0.056306 2 0.100544 0.059253 2 0.096407 0.062040 2 0.102054 0.063506 2 0.095804 0.069866 2 0.103073 0.067987 2 0.097132 0.075202 2 0.102687 0.074616 2 0.100164 0.076545 2 0.103792 0.084235 2 0.102393 0.087626 2 0.104732 0.092789 2 0.104550 0.096967 2
0 0.833508 0.142857 0.015756 0.037348 0.838455 0.127955 2 0.839005 0.127422 2 0.838266 0.126788 2 0.839136 0.127750 2 0.837280 0.126069 2 0.838257 0.131767 2 0.835055 0.129060 2 0.838004 0.137950 2 0.833296 0.133672 2 0.837282 0.136823 2 0.834055 0.136587 2 0.834443 0.141472 2 0.832266 0.140037 2 0.832487 0.150186 2 0.830697 0.148701 2 0.830882 0.157797 2 0.828954 0.157103 2
0 0.966649 0.210084 0.018382 0.052288 0.975374 0.193767 2 0.975586 0.192715 1 0.975404 0.192236 2 0.973838 0.191453 1 0.973863 0.190448 2 0.971651 0.194405 2 0.970627 0.194406 2 0.970705 0.202794 2 0.965999 0.199984 2 0.970960 0.207530 2 0.966087 0.206961 2 0.966543 0.207841 2 0.966294 0.208163 2 0.962379 0.215199 2 0.964005 0.220586 2 0.959292 0.222083 2 0.962126 0.233575 2
0 0.404149 0.888422 0.027836 0.047619 0.402146 0.885470 2 0.403832 0.882421 2 0.400464 0.882712 2 0.406285 0.881707 2 0.398324 0.882434 2 0.409141 0.888403 2 0.397506 0.889988 2 0.409142 0.903613 2 0.395454 0.904385 2 0.401817 0.904093 2 0.396175 0.902806 2 0.413285 0.909353 2 0.405648 0.911056 2 0.414432 0.918260 2 0.407022 0.920279 1 0.418941 0.915054 1 0.416263 0.913556 1
0 0.814076 0.918301 0.022059 0.056956 0.816144 0.896870 1 0.816259 0.895379 1 0.816990 0.895742 1 0.817692 0.896109 2 0.821583 0.896571 1 0.815836 0.903293 2 0.822123 0.904590 2 0.810830 0.908889 2 0.820349 0.913777 1 0.810464 0.911410 2 0.814059 0.912447 1 0.813153 0.918613 2 0.817860 0.918682 2 0.808049 0.918369 2 0.814923 0.918059 2 0.804679 0.932363 2 0.814592 0.927268 2
0 0.821166 0.882820 0.019433 0.043884 0.815819 0.894345 1 0.816070 0.892988 1 0.817240 0.893633 1 0.816729 0.894986 2 0.821797 0.895627 1 0.814301 0.903908 2 0.822762 0.904760 2 0.810418 0.909728 2 0.821906 0.908799 1 0.808817 0.909481 1 0.817671 0.904864 1 0.814372 0.912742 1 0.819950 0.912742 1 0.810536 0.907300 1 0.814500 0.909387 1 0.808965 0.910746 1 0.812190 0.911850 1
0 0.849527 0.860411 0.020483 0.047619 0.861127 0.847157 2 0.862824 0.845376 2 0.860591 0.843107 2 0.863445 0.844198 1 0.858264 0.838826 2 0.860543 0.850834 1 0.856056 0.847587 2 0.858206 0.861941 1 0.850926 0.862465 2 0.856409 0.863152 1 0.850872 0.866229 2 0.853021 0.865364 1 0.850380 0.863753 2 0.859291 0.854098 1 0.854675 0.851674 2 0.848207 0.856963 1 0.847640 0.865702 2
0 0.841124 0.809991 0.026786 0.045752 0.847115 0.795446 2 0.847645 0.794345 2 0.846420 0.793890 2 0.847702 0.792587 1 0.844695 0.791557 2 0.848605 0.795102 2 0.841250 0.794760 2 0.852203 0.800720 2 0.837607 0.803626 2 0.855962 0.808416 2 0.842783 0.808475 2 0.841827 0.810226 2 0.837238 0.809624 2 0.842514 0.815578 2 0.836992 0.815584 2 0.836264 0.824223 2 0.831450 0.826960 2
0 0.158351 0.219888 0.008929 0.040149 0.158254 0.206982 1 0.158082 0.206056 1 0.158540 0.205898 1 0.157576 0.206588 2 0.160272 0.205880 2 0.158161 0.212422 2 0.162650 0.210820 2 0.157001 0.221586 2 0.161851 0.218269 1 0.154859 0.222681 2 0.157397 0.221060 1 0.161020 0.226810 2 0.163829 0.225521 2 0.154369 0.230293 2 0.156353 0.228567 2 0.157960 0.240053 2 0.158163 0.239540 2
0 0.082721 0.189076 0.011029 0.045752 0.080076 0.178794 2 0.081080 0.176980 2 0.079186 0.177058 2 0.082709 0.177936 2 0.078220 0.178073 2 0.084734 0.185199 2 0.077298 0.185091 2 0.086183 0.195824 2 0.076187 0.193318 2 0.083052 0.199841 2 0.079400 0.185270 2 0.082665 0.199509 2 0.077753 0.199193 2 0.084702 0.200078 2 0.076015 0.198837 2 0.081018 0.209159 2 0.077885 0.208582 2
0 0.666229 0.066760 0.006828 0.040149 0.669576 0.057202 2 0.669106 0.056105 1 0.669625 0.056170 2 0.666591 0.055472 1 0.668449 0.056091 2 0.664620 0.059797 2 0.665557 0.061079 2 0.664259 0.067140 1 0.664843 0.069420 2 0.666348 0.072183 1 0.666902 0.073318 2 0.662956 0.071362 2 0.663581 0.072383 2 0.665184 0.076551 2 0.665313 0.078310 2 0.664028 0.086090 2 0.664302 0.086719 2
0 0.657826 0.072362 0.006828 0.032680 0.660225 0.062920 2 0.660581 0.062240 2 0.659784 0.062274 2 0.661134 0.062789 1 0.659051 0.062850 2 0.661517 0.066384 2 0.658080 0.066593 2 0.661967 0.070910 1 0.657696 0.071816 2 0.661412 0.073257 1 0.658764 0.073853 2 0.661226 0.073470 2 0.658858 0.073573 2 0.661067 0.080028 2 0.658763 0.080051 2 0.660443 0.086979 2 0.657924 0.086264 2
0 0.800158 0.899627 0.017332 0.053221 0.808610 0.885097 1 0.807692 0.882910 1 0.808540 0.883980 1 0.803386 0.880715 1 0.807084 0.884253 2 0.798848 0.884705 2 0.805072 0.892722 2 0.794186 0.890645 2 0.805459 0.906344 2 0.794782 0.895532 1 0.806697 0.910480 1 0.796081 0.903181 2 0.799900 0.907084 2 0.796407 0.908657 2 0.798027 0.915146 2 0.793790 0.919859 2 0.794552 0.923954 2
0 0.240809 0.639589 0.015231 0.056022 0.240021 0.617908 1 0.239576 0.616707 1 0.240070 0.617011 1 0.237975 0.616995 1 0.239839 0.618056 2 0.239390 0.621871 2 0.237802 0.626102 2 0.241038 0.626072 1 0.236347 0.635861 2 0.243343 0.630877 1 0.240778 0.641256 2 0.242603 0.638137 2 0.241499 0.640787 2 0.244123 0.644246 2 0.242051 0.649130 2 0.244957 0.652102 2 0.242760 0.659573 2
0 0.244485 0.400560 0.011029 0.028011 0.246834 0.394214 2 0.247271 0.393137 1 0.246113 0.393102 2 0.247567 0.393410 1 0.244619 0.393549 2 0.247182 0.398200 2 0.243911 0.400886 2 0.250142 0.399416 2 0.245219 0.409867 2 0.249902 0.396540 2 0.248138 0.415548 2 0.247374 0.413886 2 0.245265 0.415406 2 0.249297 0.416380 1 0.248636 0.417182 1 0.249295 0.416989 1 0.247606 0.416084 1
0 0.884716 0.341270 0.016282 0.051354 0.890217 0.328249 1 0.890433 0.327305 1 0.890636 0.327443 1 0.890989 0.328013 2 0.891942 0.328077 1 0.891633 0.334376 2 0.890856 0.333559 2 0.887551 0.342268 2 0.886777 0.339939 1 0.882777 0.342534 2 0.882622 0.341782 1 0.888158 0.349402 2 0.887507 0.348032 2 0.882376 0.347776 2 0.881521 0.346500 2 0.879208 0.357466 2 0.878513 0.356895 2
0 0.902574 0.374883 0.018382 0.043884 0.909289 0.359660 1 0.909456 0.358853 1 0.909947 0.359195 1 0.909028 0.360118 2 0.911196 0.360779 1 0.908060 0.365910 2 0.909430 0.365911 2 0.904357 0.372018 2 0.904611 0.368598 2 0.901292 0.381077 2 0.899337 0.369335 2 0.902622 0.381182 2 0.903496 0.380124 2 0.896142 0.375983 2 0.897401 0.375033 2 0.896116 0.391653 2 0.897353 0.390639 2
0 0.791229 0.049020 0.008929 0.043884 0.792280 0.031422 2 0.792928 0.030888 2 0.791961 0.030435 2 0.793622 0.031141 2 0.791043 0.030065 2 0.793412 0.035791 2 0.789925 0.033874 2 0.793413 0.042032 2 0.786671 0.036281 2 0.792654 0.045279 2 0.785413 0.041263 2 0.791010 0.047690 2 0.788410 0.046850 2 0.790134 0.056264 2 0.786799 0.056787 2 0.793438 0.062379 2 0.786739 0.064943 2
