0 0.956845 0.296958 0.026786 0.096561 0.967467 0.257049 1 0.966666 0.254510 1 0.967462 0.255085 1 0.961331 0.252867 1 0.966358 0.255091 2 0.955999 0.261316 2 0.963971 0.266286 2 0.952137 0.274504 2 0.961995 0.283300 2 0.953971 0.284881 2 0.964986 0.292976 2 0.953323 0.289205 2 0.958894 0.291695 2 0.950402 0.309801 2 0.956297 0.315309 2 0.947324 0.330470 2 0.952585 0.335610 2
0 0.347842 0.156746 0.015625 0.067460 0.350249 0.134916 2 0.350580 0.133627 1 0.349531 0.133617 2 0.350808 0.134551 1 0.348086 0.134527 2 0.351912 0.141710 2 0.346495 0.142114 2 0.353795 0.149328 2 0.346131 0.150793 2 0.353248 0.149551 2 0.350236 0.148559 2 0.352012 0.159169 2 0.348001 0.159517 2 0.353683 0.172944 2 0.347429 0.173044 2 0.354385 0.187370 2 0.346686 0.187373 2
0 0.534226 0.443783 0.037202 0.141534 0.535024 0.394113 2 0.536777 0.391254 2 0.533659 0.391042 2 0.539172 0.389606 2 0.531035 0.388978 2 0.541158 0.400281 2 0.527281 0.401301 2 0.544062 0.418371 2 0.524032 0.421254 2 0.542298 0.435234 2 0.525612 0.438171 2 0.538783 0.431535 2 0.528877 0.432348 2 0.542419 0.459283 2 0.525492 0.461405 2 0.540676 0.479019 2 0.520215 0.482586 2
0 0.769717 0.330688 0.029018 0.119048 0.773411 0.283276 2 0.775096 0.281408 2 0.772597 0.280548 2 0.777566 0.283339 2 0.771536 0.281374 2 0.779957 0.296316 2 0.768578 0.294116 2 0.780582 0.315541 2 0.764575 0.308449 2 0.780403 0.331699 2 0.761882 0.325148 2 0.774075 0.328188 2 0.766974 0.327052 2 0.771005 0.353150 2 0.766158 0.354579 2 0.766908 0.372659 2 0.766814 0.379333 2
0 0.669271 0.182540 0.017113 0.068783 0.666242 0.157007 1 0.666291 0.155730 1 0.666589 0.155775 1 0.665488 0.156627 2 0.668949 0.156538 2 0.664266 0.164479 2 0.670616 0.164291 2 0.662682 0.173800 2 0.671859 0.173379 2 0.663238 0.180656 2 0.671606 0.179439 1 0.665668 0.182294 2 0.670128 0.182199 2 0.665312 0.197254 2 0.670244 0.197225 2 0.665749 0.212347 2 0.670651 0.212236 2
0 0.660342 0.476190 0.033482 0.166667 0.656414 0.411621 2 0.657697 0.408724 2 0.657793 0.409096 1 0.660850 0.412080 2 0.665232 0.412353 1 0.655084 0.431174 2 0.669808 0.432862 2 0.649660 0.453427 2 0.671912 0.459849 2 0.652305 0.455011 2 0.673537 0.479940 2 0.654834 0.478121 2 0.664961 0.478963 2 0.651782 0.507869 2 0.662742 0.512704 2 0.652709 0.539610 2 0.661990 0.542684 2
0 0.350818 0.480159 0.027530 0.153439 0.354361 0.424709 2 0.353737 0.421277 2 0.352363 0.422333 2 0.351285 0.422974 1 0.347216 0.425880 2 0.351409 0.438289 2 0.346718 0.444003 2 0.352733 0.457145 2 0.347696 0.469364 2 0.357761 0.469164 2 0.350863 0.489496 2 0.351173 0.479117 2 0.347896 0.482112 2 0.352822 0.507116 2 0.348199 0.513152 2 0.350129 0.532054 2 0.346969 0.541608 2
0 0.456101 0.454365 0.035714 0.144180 0.462217 0.397982 2 0.462748 0.394722 2 0.460413 0.395457 2 0.462382 0.393814 1 0.455373 0.395503 2 0.462969 0.405897 2 0.450876 0.410611 2 0.464797 0.422039 2 0.444839 0.430819 2 0.463306 0.436346 2 0.447269 0.450667 2 0.460722 0.446512 2 0.452251 0.449191 2 0.462118 0.472677 2 0.450470 0.481304 2 0.458514 0.495946 2 0.444362 0.509526 2
0 0.212426 0.418651 0.031994 0.141534 0.217675 0.367176 2 0.218080 0.364766 2 0.215765 0.365302 2 0.216384 0.367347 1 0.211697 0.368352 2 0.212341 0.382511 2 0.212231 0.383200 2 0.212672 0.401019 1 0.209220 0.404612 2 0.215887 0.411794 2 0.212305 0.423797 2 0.212949 0.422736 2 0.214029 0.423548 2 0.214427 0.448765 2 0.222751 0.448768 2 0.210700 0.477839 2 0.219735 0.477645 2
0 0.307664 0.414683 0.021577 0.144180 0.308426 0.366147 2 0.308112 0.363065 2 0.306824 0.363670 2 0.305639 0.364221 1 0.302809 0.365866 2 0.302514 0.378645 2 0.304469 0.381469 2 0.304001 0.396891 1 0.305938 0.401861 2 0.311194 0.408348 1 0.312360 0.415984 2 0.304086 0.412250 2 0.305517 0.414117 2 0.305701 0.442345 2 0.306211 0.445430 2 0.305591 0.470852 2 0.304031 0.475589 2
0 0.482887 0.464947 0.044643 0.117725 0.484237 0.426172 2 0.485876 0.423695 2 0.482873 0.423765 2 0.488325 0.420034 2 0.480133 0.420472 2 0.489082 0.424617 2 0.475726 0.427433 2 0.494407 0.433194 2 0.467811 0.443594 2 0.499830 0.441862 2 0.467325 0.460563 2 0.484078 0.450202 2 0.474458 0.451818 2 0.490764 0.473087 2 0.470787 0.477130 2 0.495527 0.499904 2 0.467209 0.504465 2
0 0.290923 0.494048 0.040179 0.165344 0.299555 0.424246 2 0.299068 0.421340 1 0.297502 0.422078 2 0.296402 0.424906 1 0.292471 0.426792 2 0.295330 0.442826 2 0.290888 0.445199 2 0.296799 0.463210 1 0.284519 0.469954 2 0.299011 0.473464 1 0.282956 0.493002 2 0.291408 0.487455 2 0.289400 0.488282 2 0.288834 0.517959 2 0.289999 0.520489 2 0.280312 0.546734 2 0.283356 0.551375 2
0 0.506696 0.488757 0.055060 0.138889 0.508060 0.443984 1 0.507307 0.441502 1 0.507932 0.441192 1 0.500550 0.444876 2 0.509957 0.444164 2 0.500090 0.460508 2 0.513745 0.464139 2 0.501307 0.481727 2 0.518284 0.487976 2 0.513436 0.475733 1 0.522509 0.476754 2 0.502307 0.502766 2 0.514267 0.504768 2 0.498670 0.519197 2 0.525004 0.523146 2 0.490363 0.534705 2 0.531348 0.554033 2
0 0.447917 0.415344 0.034226 0.140212 0.462431 0.397952 2 0.462771 0.395053 2 0.460849 0.395404 2 0.461966 0.394504 1 0.455461 0.395293 2 0.462824 0.407076 2 0.450249 0.410298 2 0.463766 0.425871 2 0.444722 0.429495 2 0.462838 0.441056 2 0.445716 0.447815 2 0.460104 0.445466 2 0.451444 0.447846 2 0.461385 0.470545 2 0.450914 0.478471 2 0.458278 0.494027 2 0.444818 0.507802 2
0 0.207217 0.359127 0.026042 0.125661 0.217096 0.366794 2 0.217251 0.364524 2 0.215359 0.364969 2 0.215739 0.366973 1 0.211381 0.367798 2 0.215068 0.381603 2 0.210278 0.382898 2 0.216822 0.395500 2 0.208634 0.405298 2 0.220000 0.390078 2 0.212299 0.424322 2 0.216434 0.423680 2 0.214087 0.424558 2 0.215726 0.445741 1 0.220354 0.446025 2 0.210189 0.446179 1 0.217804 0.446367 1
0 0.172619 0.347884 0.028274 0.124339 0.165102 0.301573 2 0.166101 0.299212 2 0.164684 0.299261 2 0.170115 0.300413 2 0.167082 0.300732 1 0.174039 0.313842 2 0.165497 0.312659 2 0.179271 0.330883 2 0.165304 0.327363 2 0.178631 0.346058 2 0.162258 0.337428 2 0.174888 0.344065 2 0.170995 0.343670 2 0.170846 0.368350 2 0.175770 0.367671 2 0.168744 0.396434 2 0.185329 0.386357 2
0 0.553199 0.207672 0.018601 0.087302 0.552659 0.174577 1 0.552720 0.172771 1 0.552937 0.172935 1 0.551397 0.173662 2 0.555462 0.173780 2 0.549183 0.184092 2 0.557198 0.184399 2 0.547074 0.197332 2 0.558593 0.198273 2 0.546104 0.208037 2 0.558756 0.207865 2 0.550008 0.206749 2 0.555738 0.206915 2 0.549224 0.224570 2 0.556237 0.224947 2 0.549049 0.243062 2 0.556394 0.242608 2
0 0.934896 0.279762 0.029018 0.115079 0.946419 0.239042 1 0.945569 0.236577 1 0.946404 0.237074 1 0.940318 0.236465 2 0.946310 0.238222 2 0.934961 0.248176 2 0.947353 0.251503 2 0.929944 0.262829 2 0.948726 0.267437 2 0.927604 0.276296 2 0.946556 0.277531 2 0.933043 0.280869 2 0.940994 0.282558 2 0.932908 0.302155 2 0.938541 0.305660 2 0.931873 0.323465 2 0.934228 0.326268 2
0 0.419271 0.289683 0.021577 0.103175 0.412622 0.251431 2 0.412987 0.249073 2 0.412719 0.249508 1 0.415582 0.249265 2 0.415397 0.250123 1 0.420531 0.260350 2 0.415926 0.260489 2 0.420515 0.276783 2 0.414450 0.275640 2 0.413407 0.273830 2 0.411969 0.272564 2 0.419338 0.289014 2 0.415921 0.288237 2 0.418210 0.314847 2 0.414322 0.314272 2 0.418135 0.340385 2 0.413254 0.340209 2
0 0.789435 0.274471 0.020833 0.085979 0.775298 0.283326 2 0.775727 0.281407 2 0.775298 0.281358 1 0.777722 0.282672 2 0.775298 0.282525 1 0.780166 0.295750 2 0.775298 0.294766 1 0.781771 0.313772 2 0.775298 0.310760 1 0.781175 0.329829 2 0.775298 0.326632 1 0.777163 0.323924 2 0.775298 0.323190 1 0.778290 0.334449 1 0.775298 0.334339 1 0.778738 0.334449 1 0.775298 0.334449 1
0 0.812872 0.273810 0.024554 0.082011 0.811190 0.242629 2 0.811007 0.240732 1 0.810306 0.240777 2 0.809524 0.241420 1 0.807310 0.241958 2 0.808991 0.248123 2 0.803599 0.252508 2 0.812175 0.262201 2 0.808861 0.266737 2 0.816177 0.269785 2 0.813791 0.275243 2 0.809155 0.269098 2 0.805123 0.273691 2 0.819177 0.271782 2 0.813415 0.286019 2 0.814561 0.287850 2 0.814089 0.305305 2
0 0.957217 0.929233 0.061756 0.136243 0.965806 0.901949 2 0.970717 0.898141 2 0.964743 0.893738 2 0.977312 0.901356 2 0.961558 0.890582 1 0.976771 0.930733 2 0.952973 0.917620 2 0.965453 0.971194 2 0.941567 0.953882 2 0.946252 0.974872 2 0.937366 0.978691 2 0.961623 0.995162 2 0.945227 0.987254 2 0.952658 0.980077 1 0.932869 0.971369 1 0.946821 0.993059 1 0.935165 0.997786 1
0 0.540923 0.327381 0.023810 0.064815 0.541212 0.311612 2 0.542277 0.309821 1 0.540322 0.309595 2 0.543499 0.306131 1 0.539000 0.305654 2 0.545009 0.304569 2 0.534822 0.303874 2 0.549077 0.318963 2 0.530881 0.317945 2 0.544551 0.320031 2 0.537493 0.321163 2 0.542566 0.321429 2 0.535862 0.321607 2 0.548422 0.324993 2 0.531352 0.326357 2 0.544776 0.347385 2 0.536309 0.346473 2
0 0.530878 0.164021 0.017113 0.066138 0.529749 0.141204 1 0.530046 0.140005 2 0.530178 0.139805 1 0.531191 0.140918 2 0.532848 0.140386 1 0.531347 0.148611 2 0.534388 0.147920 2 0.529334 0.157579 2 0.533792 0.157270 1 0.528731 0.164205 2 0.531423 0.164774 1 0.531742 0.167723 2 0.533723 0.167131 2 0.530879 0.181911 2 0.532254 0.181277 2 0.532716 0.193684 2 0.534078 0.193413 2
0 0.128348 0.337302 0.018601 0.042328 0.124460 0.327226 2 0.125604 0.325371 2 0.123697 0.325785 2 0.127933 0.325561 2 0.123064 0.326443 1 0.130159 0.333443 2 0.124200 0.333883 2 0.132611 0.344985 2 0.122588 0.342109 2 0.127264 0.347432 2 0.122115 0.344431 2 0.132208 0.347916 2 0.128393 0.347603 2 0.125478 0.342939 2 0.122592 0.343662 2 0.130113 0.349961 2 0.127733 0.351168 2
0 0.097842 0.318783 0.031994 0.058201 0.099342 0.307097 2 0.100386 0.304832 2 0.098017 0.305274 2 0.102141 0.303514 2 0.095884 0.304923 2 0.103744 0.309510 2 0.093431 0.313229 2 0.108889 0.317810 2 0.089433 0.325354 2 0.109584 0.327690 2 0.088655 0.337177 2 0.103180 0.323396 2 0.096045 0.325439 2 0.106498 0.320859 2 0.091033 0.325847 2 0.108828 0.336060 2 0.091373 0.339488 2
0 0.163690 0.185185 0.010417 0.031746 0.164058 0.178518 2 0.164433 0.177533 2 0.163532 0.177615 2 0.165019 0.177865 1 0.162794 0.178103 2 0.165884 0.182218 2 0.161934 0.182917 2 0.167363 0.188695 2 0.161881 0.190351 2 0.168058 0.196955 2 0.162856 0.197010 2 0.165966 0.190010 2 0.163296 0.190607 2 0.168110 0.193031 2 0.163765 0.193805 2 0.168312 0.200274 2 0.164699 0.200289 2
0 0.193452 0.134921 0.017857 0.047619 0.189864 0.113965 1 0.189887 0.113076 1 0.190123 0.113002 1 0.189427 0.113896 2 0.192016 0.113472 2 0.188710 0.119706 2 0.193345 0.118267 2 0.186586 0.124575 2 0.195508 0.121306 2 0.188026 0.122494 2 0.193606 0.120097 2 0.191259 0.134275 2 0.194276 0.133775 2 0.192358 0.144254 2 0.195222 0.143357 2 0.192614 0.154327 2 0.196440 0.152741 2
0 0.782366 0.185185 0.018601 0.052910 0.786829 0.170257 1 0.786523 0.169032 1 0.786911 0.169375 1 0.784435 0.169065 2 0.787313 0.170157 2 0.782722 0.174053 2 0.787149 0.175865 2 0.781285 0.180358 2 0.787109 0.184370 2 0.780731 0.187544 1 0.786725 0.190218 2 0.780316 0.187132 2 0.783381 0.187665 2 0.780940 0.197590 2 0.784042 0.197472 2 0.779854 0.207578 2 0.782722 0.207159 2
0 0.139881 0.115079 0.014881 0.029101 0.135013 0.111442 2 0.135364 0.110668 2 0.134573 0.110710 2 0.135900 0.110614 1 0.133807 0.110800 2 0.136888 0.113687 2 0.132780 0.114706 2 0.138636 0.118925 2 0.131565 0.121824 2 0.138766 0.123103 2 0.132583 0.127090 2 0.137218 0.122845 2 0.134460 0.123773 2 0.141761 0.121183 2 0.137387 0.121599 2 0.144152 0.127974 2 0.139484 0.128378 2
0 0.886905 0.212302 0.019345 0.083333 0.894011 0.183920 2 0.893961 0.182286 1 0.893410 0.182202 2 0.892751 0.182817 1 0.891289 0.182190 2 0.891995 0.191942 2 0.889066 0.189508 2 0.893409 0.204679 2 0.890369 0.193792 2 0.895047 0.214221 2 0.891653 0.187411 2 0.890985 0.213133 2 0.888788 0.212673 2 0.891506 0.230268 2 0.889298 0.230487 2 0.885580 0.243438 2 0.884005 0.242115 2
0 0.556920 0.110450 0.012649 0.030423 0.555326 0.098554 1 0.555359 0.097622 1 0.555359 0.097772 1 0.555626 0.097796 1 0.556095 0.098023 2 0.556898 0.101325 2 0.556296 0.101871 2 0.557469 0.105480 2 0.555183 0.106928 2 0.556508 0.107056 2 0.555602 0.108579 2 0.557815 0.109456 2 0.557404 0.109496 2 0.557310 0.112135 2 0.555060 0.111888 2 0.557101 0.118494 2 0.556114 0.118932 2
0 0.570312 0.085317 0.011161 0.033069 0.569476 0.074292 2 0.569844 0.073630 2 0.569179 0.073624 2 0.570400 0.073990 2 0.568853 0.073993 2 0.570937 0.078092 2 0.568338 0.078111 2 0.571718 0.082656 2 0.567178 0.082390 2 0.571063 0.085980 2 0.566604 0.085121 2 0.570319 0.088436 2 0.568669 0.088375 2 0.569733 0.095938 2 0.568591 0.095933 2 0.570379 0.103681 2 0.568991 0.103528 2
0 0.906622 0.189815 0.020089 0.038360 0.905865 0.176505 2 0.906871 0.175019 2 0.905342 0.174882 2 0.908673 0.175263 2 0.904734 0.174870 1 0.909172 0.183223 2 0.903961 0.183584 2 0.908356 0.192786 2 0.901644 0.194302 2 0.903240 0.195709 2 0.904911 0.195283 2 0.907587 0.203986 2 0.904014 0.203978 2 0.906278 0.211084 1 0.902991 0.210929 1 0.906627 0.214915 1 0.902399 0.215257 1
0 0.926711 0.191799 0.018601 0.034392 0.928105 0.186643 2 0.928448 0.185184 2 0.927170 0.185182 2 0.928704 0.186143 1 0.925222 0.186404 2 0.930284 0.195782 2 0.922794 0.196614 2 0.931187 0.206580 1 0.921346 0.207656 2 0.928699 0.207009 1 0.924008 0.206540 1 0.928877 0.212078 1 0.923949 0.212588 1 0.927001 0.211864 1 0.922282 0.213348 1 0.926655 0.210618 1 0.924229 0.211241 1
