0 0.238467 0.697751 0.020089 0.080688 0.237261 0.672661 1 0.237005 0.671308 1 0.237601 0.671157 1 0.234922 0.672722 2 0.240151 0.672345 2 0.233989 0.681951 2 0.242364 0.681349 2 0.233003 0.691476 2 0.245497 0.690257 2 0.235918 0.693555 1 0.242582 0.694642 2 0.236210 0.704165 2 0.242123 0.703912 2 0.237113 0.717699 2 0.243412 0.717425 2 0.236974 0.730465 2 0.244721 0.731568 2
0 0.203869 0.960979 0.059524 0.075397 0.203116 0.953083 2 0.205079 0.947776 2 0.200773 0.948411 2 0.210884 0.942958 2 0.202073 0.943738 1 0.210824 0.958435 2 0.211981 0.953037 2 0.195919 0.975353 2 0.198977 0.962564 2 0.184305 0.981092 2 0.185088 0.979052 2 0.220655 0.997256 2 0.222129 0.992038 2 0.194780 0.983725 2 0.200463 0.974843 2 0.191924 1.000000 1 0.197617 0.991943 1
0 0.465030 0.485450 0.019345 0.103175 0.461559 0.446561 2 0.462286 0.444635 2 0.462520 0.444752 1 0.464558 0.446070 2 0.467800 0.445765 1 0.462748 0.456980 2 0.471943 0.457194 2 0.461550 0.471928 2 0.474727 0.472047 2 0.460964 0.483644 2 0.474848 0.482846 2 0.464314 0.483055 2 0.470690 0.483104 2 0.462910 0.502681 2 0.469900 0.504358 2 0.463807 0.523303 2 0.469618 0.524863 2
0 0.226190 0.835317 0.043155 0.072751 0.224038 0.817297 2 0.224687 0.814887 2 0.224065 0.815453 1 0.228620 0.815185 2 0.228737 0.815736 1 0.230399 0.824077 2 0.234243 0.822752 2 0.222722 0.833017 2 0.224963 0.826411 2 0.216157 0.832312 2 0.218531 0.828500 2 0.239316 0.852915 2 0.241940 0.851550 2 0.225131 0.836797 2 0.229336 0.836953 2 0.230396 0.859683 2 0.232630 0.860959 2
0 0.237351 0.809524 0.034226 0.079365 0.222354 0.819286 2 0.223133 0.816782 2 0.222264 0.816536 1 0.226987 0.816495 2 0.226601 0.815124 1 0.230126 0.824951 2 0.234842 0.822508 2 0.222203 0.831243 2 0.228094 0.827541 1 0.217869 0.828650 2 0.219991 0.828202 1 0.240384 0.853558 2 0.243473 0.850862 2 0.223899 0.839739 2 0.228966 0.834272 2 0.230358 0.858063 2 0.234563 0.859176 2
0 0.257440 0.774471 0.041667 0.078042 0.235326 0.781929 2 0.235569 0.779382 2 0.236581 0.778796 1 0.237750 0.780566 2 0.243256 0.778298 1 0.238689 0.798302 2 0.248613 0.792461 2 0.231663 0.815462 2 0.244306 0.807278 1 0.229759 0.811860 1 0.232852 0.803835 1 0.240932 0.828042 1 0.247744 0.826516 1 0.229611 0.824347 1 0.236707 0.815314 1 0.231044 0.828042 1 0.237086 0.824332 1
0 0.427827 0.446429 0.022321 0.099206 0.428475 0.409756 1 0.428031 0.408108 1 0.428749 0.408081 1 0.424999 0.408960 2 0.430315 0.409143 2 0.422321 0.418919 2 0.431772 0.419193 2 0.420371 0.431868 2 0.434153 0.432137 2 0.420530 0.443187 2 0.433984 0.438404 2 0.424208 0.445655 2 0.430462 0.445880 2 0.426242 0.466669 2 0.431068 0.466258 2 0.427650 0.486688 2 0.430637 0.485298 2
0 0.435268 0.431217 0.017857 0.089947 0.428291 0.409416 1 0.427904 0.407778 1 0.428488 0.407864 1 0.425083 0.409089 2 0.430123 0.409420 2 0.423363 0.419458 2 0.431577 0.419838 2 0.423442 0.430428 1 0.434385 0.432555 2 0.426037 0.435859 1 0.434422 0.439569 2 0.424696 0.445466 2 0.430712 0.445540 2 0.425952 0.466239 2 0.431685 0.465018 2 0.426349 0.486339 2 0.430942 0.483922 2
0 0.480283 0.447090 0.018601 0.097884 0.476931 0.415226 2 0.478128 0.413314 2 0.475946 0.413351 2 0.480214 0.412423 2 0.474783 0.412513 2 0.482544 0.421091 2 0.472415 0.420696 2 0.483723 0.434191 2 0.469047 0.433789 2 0.483329 0.447516 2 0.469997 0.446955 2 0.479976 0.450209 2 0.473457 0.450030 2 0.479721 0.473031 2 0.473980 0.472704 2 0.480885 0.493017 2 0.476043 0.492423 2
0 0.494048 0.430556 0.017857 0.088624 0.493451 0.398506 2 0.494245 0.396738 2 0.492488 0.396906 2 0.495391 0.397312 2 0.490887 0.397535 2 0.496862 0.406577 2 0.488587 0.406138 2 0.498797 0.416361 2 0.486902 0.417033 2 0.496194 0.421690 2 0.490861 0.421241 2 0.495638 0.427552 2 0.490034 0.427306 2 0.495941 0.445357 2 0.489775 0.442976 2 0.496132 0.462543 2 0.489933 0.457184 2
0 0.543527 0.442460 0.024554 0.093915 0.542143 0.410688 2 0.543263 0.408998 2 0.541438 0.409122 2 0.545852 0.409694 2 0.541016 0.410129 1 0.549077 0.419490 2 0.539155 0.419766 2 0.552212 0.430601 2 0.536697 0.430809 2 0.553538 0.442186 2 0.535398 0.442476 2 0.547382 0.444487 2 0.540968 0.444468 2 0.547132 0.460784 2 0.541488 0.460046 2 0.547132 0.473410 2 0.542261 0.471739 2
0 0.532738 0.396164 0.020833 0.085979 0.533397 0.363014 2 0.534168 0.361296 2 0.532478 0.361520 2 0.535229 0.361265 2 0.531009 0.361886 2 0.537609 0.369743 2 0.528803 0.371265 2 0.540002 0.380182 2 0.526518 0.383104 2 0.540616 0.390730 2 0.525406 0.392799 2 0.536535 0.395530 2 0.530813 0.396179 2 0.536540 0.413083 2 0.530983 0.413654 2 0.536610 0.428159 2 0.532266 0.428868 2
0 0.574777 0.365741 0.020089 0.067460 0.574705 0.343688 2 0.575507 0.342073 2 0.573780 0.342212 2 0.576815 0.342112 2 0.572347 0.342419 2 0.579001 0.349582 2 0.570557 0.349956 2 0.582298 0.357295 2 0.568824 0.357827 2 0.584014 0.363354 2 0.569439 0.361776 2 0.577469 0.368540 2 0.571706 0.368767 2 0.580027 0.380343 2 0.571373 0.380675 2 0.580046 0.394866 2 0.571086 0.395452 2
0 0.510789 0.335317 0.017113 0.072751 0.510662 0.310718 2 0.511420 0.309271 2 0.509907 0.309235 2 0.512335 0.309776 2 0.508741 0.309602 2 0.513928 0.317657 2 0.507159 0.317735 2 0.515728 0.326845 2 0.506539 0.326856 2 0.516795 0.335582 2 0.506685 0.333871 2 0.512855 0.337104 2 0.508517 0.337251 2 0.511843 0.350932 2 0.508687 0.351272 2 0.511324 0.362858 2 0.510381 0.363468 2
0 0.497024 0.321429 0.020833 0.082011 0.497425 0.292193 2 0.498206 0.290596 2 0.496595 0.290696 2 0.499362 0.290482 2 0.495353 0.290629 2 0.501326 0.299230 2 0.493381 0.298533 2 0.502894 0.310611 2 0.490282 0.308794 2 0.499995 0.315654 2 0.488778 0.320578 2 0.498356 0.322763 2 0.493239 0.322061 2 0.497653 0.339649 2 0.493415 0.339642 2 0.495506 0.356330 2 0.492487 0.356883 2
0 0.436012 0.264550 0.011905 0.052910 0.436033 0.249498 2 0.436459 0.248532 2 0.435525 0.248684 2 0.437226 0.248707 2 0.434892 0.249089 2 0.438758 0.254060 2 0.434231 0.254346 2 0.439769 0.260272 2 0.433286 0.259999 2 0.439221 0.264841 2 0.433869 0.264604 2 0.438216 0.267045 2 0.435154 0.267143 2 0.438481 0.276016 2 0.435387 0.276420 2 0.438993 0.282440 2 0.435431 0.283357 2
0 0.291295 0.688492 0.030506 0.120370 0.284034 0.653491 2 0.285266 0.650637 2 0.283167 0.650952 2 0.289416 0.647783 2 0.283498 0.648578 1 0.296396 0.657802 2 0.283815 0.657048 2 0.302547 0.674515 2 0.279520 0.668677 2 0.303910 0.691628 2 0.274736 0.684748 2 0.295814 0.691395 2 0.287201 0.690380 2 0.296169 0.712470 2 0.285029 0.711272 2 0.300272 0.729357 2 0.286582 0.729599 2
0 0.286086 0.726190 0.023065 0.089947 0.283036 0.700382 2 0.284464 0.697955 2 0.281747 0.698218 2 0.287339 0.695410 2 0.280537 0.696399 2 0.290647 0.701726 2 0.279792 0.704529 2 0.294213 0.712871 2 0.277646 0.716684 2 0.294544 0.723907 2 0.276343 0.729075 2 0.290477 0.729167 2 0.283712 0.730624 2 0.290828 0.743622 2 0.284572 0.747965 2 0.290050 0.755863 2 0.286129 0.763119 2
0 0.278274 0.698413 0.017857 0.084656 0.283098 0.700646 2 0.284383 0.698183 2 0.281738 0.698701 2 0.287046 0.695650 2 0.280460 0.697156 2 0.289034 0.701872 2 0.280128 0.704516 2 0.290179 0.712213 1 0.278049 0.715933 2 0.289566 0.724706 1 0.277597 0.728362 2 0.289056 0.729287 2 0.283484 0.730545 2 0.288682 0.747321 1 0.284757 0.749788 2 0.288924 0.754015 1 0.285360 0.756579 2
0 0.277902 0.584656 0.023065 0.095238 0.274284 0.554599 2 0.275072 0.552022 2 0.273208 0.552963 2 0.277793 0.550436 2 0.272944 0.552924 1 0.281154 0.559171 2 0.278030 0.562438 2 0.284676 0.568188 2 0.279739 0.573652 2 0.282448 0.577461 2 0.277009 0.584554 2 0.281932 0.585662 2 0.279503 0.586168 2 0.282790 0.603509 2 0.278596 0.603066 2 0.287413 0.621466 2 0.277416 0.623182 2
0 0.181920 0.789683 0.029018 0.108466 0.177603 0.752406 1 0.177583 0.750464 1 0.178303 0.749315 1 0.178057 0.751777 2 0.184334 0.748356 2 0.177952 0.765782 2 0.188620 0.758559 2 0.176237 0.777563 2 0.192510 0.767429 2 0.179151 0.766730 1 0.194238 0.772829 1 0.183665 0.792321 2 0.190860 0.789067 2 0.184839 0.810515 2 0.192150 0.805755 2 0.184837 0.829220 2 0.193105 0.824406 2
0 0.200149 0.699735 0.032738 0.092593 0.195416 0.673249 2 0.196411 0.670954 2 0.194255 0.671547 2 0.198599 0.668941 2 0.193381 0.670323 2 0.202281 0.675451 2 0.192939 0.676968 2 0.208657 0.679293 2 0.189576 0.680700 2 0.210961 0.684463 2 0.185531 0.679419 2 0.203602 0.701414 2 0.198031 0.702153 2 0.203511 0.719535 2 0.199453 0.719622 2 0.205514 0.734235 2 0.202518 0.732121 2
0 0.229167 0.611111 0.023810 0.097884 0.218975 0.575937 2 0.218796 0.572917 2 0.218541 0.572612 1 0.221598 0.569051 2 0.223823 0.567690 1 0.225598 0.578980 2 0.233159 0.574022 2 0.227410 0.595876 2 0.239702 0.582630 2 0.225472 0.590145 2 0.237731 0.582137 2 0.232182 0.606622 2 0.237557 0.604365 2 0.230358 0.628164 2 0.238229 0.627519 2 0.227734 0.651684 2 0.236843 0.651835 2
0 0.247024 0.582672 0.023810 0.112434 0.230655 0.572566 1 0.230655 0.570791 1 0.230655 0.570400 1 0.230655 0.570798 1 0.232072 0.569600 1 0.230655 0.579542 1 0.236023 0.577237 2 0.231178 0.594933 1 0.239430 0.588115 2 0.232753 0.600851 1 0.237801 0.592436 1 0.232010 0.606902 2 0.236947 0.605880 2 0.232132 0.628337 2 0.237597 0.627019 2 0.231708 0.649600 2 0.236382 0.651724 2
