0 0.234003 0.714947 0.020089 0.083333 0.237143 0.686403 1 0.236142 0.685095 1 0.237052 0.685057 1 0.231288 0.686897 2 0.236875 0.687221 2 0.229504 0.697010 2 0.238487 0.696834 2 0.228138 0.706649 2 0.241375 0.705584 2 0.230120 0.710391 1 0.238944 0.710168 1 0.231121 0.720173 2 0.237469 0.720086 2 0.231995 0.734181 2 0.238771 0.733180 2 0.231625 0.747229 2 0.239343 0.747660 2
0 0.463542 0.490079 0.019345 0.104497 0.459730 0.451544 2 0.460275 0.449538 2 0.460405 0.449504 1 0.462069 0.450929 2 0.465350 0.450368 1 0.461064 0.461956 2 0.469369 0.461552 2 0.459739 0.476828 2 0.472702 0.474502 2 0.460136 0.487919 2 0.472310 0.484747 2 0.462682 0.486763 2 0.468559 0.486717 2 0.461719 0.507508 2 0.468930 0.510036 2 0.461180 0.527730 2 0.469319 0.531258 2
0 0.218006 0.861111 0.044643 0.074074 0.215590 0.842580 2 0.216770 0.839479 2 0.214748 0.839983 2 0.221591 0.838007 2 0.217826 0.838696 1 0.222406 0.847363 2 0.226388 0.845404 2 0.215393 0.857122 2 0.217996 0.848909 2 0.209393 0.854777 2 0.208616 0.851415 2 0.233846 0.880022 2 0.236810 0.877985 2 0.216175 0.862424 2 0.222783 0.860354 2 0.224310 0.887137 2 0.226984 0.884711 2
0 0.230655 0.830026 0.035714 0.083333 0.215445 0.843062 2 0.216978 0.839751 2 0.214451 0.840117 2 0.221505 0.838235 2 0.216564 0.838190 1 0.222719 0.850363 2 0.225203 0.845379 2 0.220602 0.871170 2 0.220714 0.856502 1 0.213577 0.859835 2 0.210523 0.855834 1 0.234428 0.878738 2 0.236466 0.875143 2 0.213392 0.866102 2 0.218255 0.862877 1 0.220143 0.883511 2 0.222746 0.878428 1
0 0.250744 0.794974 0.043155 0.079365 0.227192 0.803596 2 0.227674 0.800828 2 0.228763 0.800710 1 0.230320 0.802611 2 0.236479 0.801005 1 0.230043 0.820960 2 0.242876 0.816665 2 0.225331 0.843377 2 0.242294 0.838556 1 0.223657 0.834982 1 0.233252 0.834497 1 0.232874 0.850529 1 0.241718 0.850529 1 0.224586 0.847942 1 0.233092 0.840915 1 0.225333 0.850529 1 0.233335 0.846918 1
0 0.428199 0.449735 0.023065 0.100529 0.429391 0.413719 1 0.428985 0.412023 1 0.429490 0.412192 1 0.425750 0.413008 2 0.430878 0.413417 2 0.422865 0.423467 2 0.432456 0.423110 2 0.421541 0.435383 2 0.434541 0.437991 2 0.423978 0.444255 2 0.434494 0.445055 2 0.424872 0.449497 2 0.431572 0.448996 2 0.425888 0.472126 2 0.432589 0.466894 2 0.427321 0.493470 2 0.433352 0.484034 2
0 0.783854 0.901455 0.058780 0.141534 0.785736 0.860024 1 0.786584 0.857120 1 0.787841 0.857634 1 0.789150 0.860855 2 0.796883 0.860748 1 0.783266 0.877525 2 0.804671 0.880723 2 0.772587 0.879049 2 0.806823 0.893940 1 0.762293 0.867734 2 0.794909 0.875980 1 0.783106 0.933788 2 0.796323 0.932538 2 0.760431 0.912809 2 0.773254 0.909094 2 0.771778 0.958077 2 0.776089 0.948158 2
0 0.435268 0.433862 0.017857 0.089947 0.429131 0.413532 1 0.428644 0.411964 1 0.429353 0.412015 1 0.425526 0.413469 2 0.430737 0.413630 2 0.423568 0.423879 2 0.432061 0.424433 2 0.423363 0.436720 1 0.434185 0.438572 2 0.425149 0.444442 1 0.435637 0.447389 2 0.425292 0.448591 2 0.431280 0.448970 2 0.425790 0.467527 2 0.432446 0.467462 2 0.426219 0.484118 2 0.432824 0.484794 2
0 0.481027 0.457672 0.018601 0.103175 0.478859 0.421962 2 0.480057 0.419887 2 0.477952 0.419735 2 0.481797 0.418851 2 0.476500 0.418362 2 0.484103 0.429408 2 0.473600 0.427858 2 0.485794 0.444237 2 0.470767 0.441650 2 0.485501 0.458410 2 0.469558 0.455383 2 0.481163 0.458170 2 0.474275 0.457141 2 0.480962 0.480162 2 0.473675 0.477454 2 0.480165 0.499142 2 0.473445 0.495401 2
0 0.495164 0.439153 0.017113 0.089947 0.495019 0.403900 2 0.495821 0.402279 2 0.494064 0.402529 2 0.497255 0.403345 2 0.492699 0.403739 2 0.499229 0.413320 2 0.490537 0.412723 2 0.501215 0.424129 2 0.488898 0.424792 2 0.496825 0.428663 2 0.493897 0.427914 2 0.498032 0.434081 2 0.492120 0.433572 2 0.497735 0.452390 2 0.491853 0.449092 2 0.497684 0.469468 2 0.490421 0.462384 2
0 0.544643 0.454365 0.025298 0.096561 0.543476 0.420143 2 0.544629 0.418604 2 0.542731 0.418548 2 0.546886 0.419560 2 0.542007 0.419589 2 0.550064 0.428808 2 0.540027 0.429686 2 0.553322 0.440136 2 0.537379 0.440927 2 0.554319 0.452125 2 0.538374 0.452452 2 0.548578 0.454031 2 0.542219 0.454672 2 0.547916 0.469958 2 0.543070 0.471780 2 0.547228 0.481963 2 0.543956 0.485659 2
0 0.533854 0.404762 0.021577 0.087302 0.543342 0.419966 2 0.544540 0.418419 2 0.542676 0.418338 2 0.546745 0.419571 2 0.541870 0.419439 2 0.548363 0.429407 2 0.539655 0.429658 2 0.548363 0.442431 1 0.537229 0.442268 2 0.548041 0.454770 1 0.538658 0.452664 2 0.547594 0.456656 2 0.541537 0.456783 2 0.546834 0.464823 1 0.541478 0.464823 1 0.546683 0.463942 1 0.541064 0.464776 1
0 0.579241 0.371693 0.020089 0.066138 0.579768 0.351492 2 0.580615 0.349801 2 0.578860 0.349873 2 0.581888 0.349768 2 0.577533 0.350028 2 0.583669 0.356498 2 0.575302 0.357511 2 0.588029 0.364537 2 0.573471 0.368658 2 0.590045 0.369358 2 0.577580 0.373958 2 0.582221 0.377383 2 0.576698 0.377980 2 0.584933 0.393082 2 0.576136 0.393779 2 0.585542 0.409522 2 0.578230 0.409563 2
0 0.510789 0.340608 0.017113 0.075397 0.511290 0.315662 2 0.512133 0.314234 2 0.510529 0.314085 2 0.513074 0.314920 2 0.509300 0.314408 2 0.514387 0.323407 2 0.507288 0.322545 2 0.516171 0.333514 2 0.506370 0.331907 2 0.517040 0.342824 2 0.505660 0.339393 2 0.513131 0.343214 2 0.508708 0.342880 2 0.512227 0.357681 2 0.509296 0.356631 2 0.510790 0.370641 2 0.510902 0.368801 2
0 0.497024 0.326058 0.020833 0.083333 0.497791 0.296097 2 0.498526 0.294525 2 0.496944 0.294540 2 0.499259 0.294841 2 0.495245 0.294721 2 0.500948 0.304024 2 0.492775 0.303707 2 0.503066 0.314485 2 0.490632 0.313564 2 0.500193 0.319473 2 0.490763 0.323338 2 0.498967 0.326840 2 0.493821 0.326668 2 0.497830 0.343129 2 0.494876 0.343808 2 0.496060 0.359732 2 0.494280 0.360789 2
0 0.435640 0.266534 0.011161 0.054233 0.434651 0.250485 2 0.435151 0.249518 2 0.434145 0.249573 2 0.436031 0.249700 2 0.433586 0.249889 2 0.437464 0.254766 2 0.433095 0.254898 2 0.439001 0.260728 2 0.432035 0.260437 2 0.438391 0.266650 2 0.431656 0.266010 2 0.436720 0.267690 2 0.433867 0.267690 2 0.437252 0.276301 2 0.434279 0.276384 2 0.438121 0.282891 2 0.434856 0.283340 2
0 0.282738 0.717593 0.031250 0.133598 0.275109 0.671829 2 0.276399 0.668813 2 0.274162 0.669024 2 0.280870 0.665661 2 0.274135 0.666645 1 0.288171 0.674857 2 0.274157 0.676805 2 0.294127 0.691483 2 0.271789 0.692253 2 0.295427 0.708835 2 0.270197 0.711037 2 0.287947 0.712510 2 0.277905 0.713305 2 0.291534 0.733292 2 0.275086 0.736182 2 0.295746 0.749686 2 0.275441 0.756589 2
0 0.279390 0.750000 0.023065 0.089947 0.277761 0.725592 2 0.279139 0.722848 2 0.276320 0.723696 2 0.282395 0.719997 2 0.275190 0.722300 1 0.284589 0.726856 2 0.274798 0.729035 2 0.287335 0.735037 2 0.272429 0.739802 2 0.285711 0.742452 2 0.272968 0.752622 2 0.285421 0.751809 2 0.279348 0.752624 2 0.284863 0.768098 2 0.279422 0.768232 2 0.285810 0.787630 2 0.281183 0.783368 2
0 0.276042 0.716931 0.017857 0.084656 0.277676 0.726850 2 0.279214 0.724147 2 0.276270 0.724487 2 0.282787 0.720607 2 0.275006 0.721843 1 0.285250 0.727019 2 0.274122 0.729893 2 0.287946 0.738882 1 0.272086 0.742485 2 0.285616 0.753892 1 0.272901 0.757546 2 0.286252 0.754833 2 0.279242 0.756575 2 0.286199 0.765185 1 0.279368 0.769763 2 0.286844 0.773178 1 0.280587 0.775132 1
0 0.270833 0.599868 0.023810 0.099206 0.267912 0.568295 2 0.268566 0.565902 2 0.267581 0.565977 1 0.271635 0.564105 2 0.269172 0.564423 1 0.275338 0.573135 2 0.272178 0.572720 2 0.280913 0.582083 2 0.275050 0.584482 2 0.277215 0.590612 2 0.272609 0.594811 2 0.277167 0.595445 2 0.275384 0.594164 2 0.274814 0.615711 2 0.275154 0.609883 2 0.279375 0.638963 2 0.280331 0.628146 2
0 0.172619 0.810847 0.031250 0.111111 0.168675 0.768284 1 0.168775 0.766631 1 0.169558 0.765365 1 0.169437 0.769014 2 0.175966 0.765351 1 0.169340 0.783394 2 0.180365 0.774693 2 0.167521 0.796922 2 0.188129 0.782169 2 0.173483 0.788538 2 0.187132 0.790816 2 0.174878 0.809880 2 0.182140 0.805794 2 0.176374 0.829272 2 0.182398 0.823725 2 0.176169 0.851629 2 0.185729 0.845362 2
0 0.189732 0.716931 0.034226 0.092593 0.186758 0.689508 2 0.187232 0.687170 2 0.185649 0.687527 2 0.190233 0.684361 2 0.186140 0.685723 1 0.195659 0.692161 2 0.186350 0.691551 2 0.200799 0.701463 2 0.182018 0.692862 2 0.203968 0.709351 2 0.178248 0.691434 2 0.195792 0.716473 2 0.190652 0.716569 2 0.195095 0.732455 2 0.192818 0.735028 2 0.195830 0.751534 2 0.197406 0.751678 2
0 0.225074 0.620370 0.024554 0.100529 0.219183 0.584664 1 0.219000 0.582908 1 0.219363 0.582004 1 0.219783 0.582085 2 0.224914 0.579414 2 0.221586 0.590657 2 0.231051 0.586086 2 0.221670 0.606211 2 0.234946 0.597005 2 0.222447 0.610885 2 0.232379 0.604761 1 0.225660 0.617705 2 0.232471 0.615613 2 0.223922 0.638156 2 0.232025 0.637840 2 0.221256 0.659279 2 0.231015 0.662261 2
0 0.241815 0.592593 0.023810 0.113757 0.225446 0.581452 1 0.225446 0.579355 1 0.225446 0.579152 1 0.225446 0.579556 1 0.226967 0.578767 1 0.225617 0.589918 1 0.230940 0.588066 2 0.227813 0.612462 1 0.234307 0.607088 2 0.228333 0.632460 1 0.231928 0.625650 1 0.227930 0.615384 2 0.231711 0.614481 2 0.229308 0.637361 2 0.232624 0.636042 2 0.229113 0.657369 2 0.231552 0.659016 2
