0 0.465074 0.078898 0.012080 0.032680 0.466502 0.073368 2 0.466775 0.072490 2 0.466051 0.072517 2 0.467123 0.072415 1 0.465250 0.072497 2 0.467684 0.075947 2 0.464101 0.076222 2 0.469098 0.079395 2 0.462078 0.081234 2 0.469658 0.082448 2 0.463436 0.084419 2 0.467047 0.085590 2 0.464462 0.085764 2 0.468915 0.089896 2 0.462470 0.089684 2 0.468994 0.097255 2 0.462080 0.096248 2
0 0.481880 0.083567 0.012080 0.032680 0.481255 0.074465 2 0.481643 0.073576 2 0.480849 0.073686 2 0.482420 0.073511 2 0.480429 0.073778 2 0.483906 0.078182 2 0.479560 0.078586 2 0.486131 0.082607 2 0.477937 0.083586 2 0.485550 0.085953 2 0.479009 0.087635 2 0.483483 0.090966 2 0.480675 0.091144 2 0.483564 0.100305 2 0.480530 0.100413 2 0.483842 0.106370 1 0.480233 0.106370 1
0 0.723477 0.070495 0.008929 0.043884 0.725423 0.054280 1 0.725383 0.053379 1 0.725595 0.053379 1 0.724607 0.053760 2 0.726620 0.053805 2 0.723440 0.058948 2 0.727413 0.059168 2 0.722005 0.064498 2 0.728332 0.064910 2 0.721839 0.069323 2 0.728489 0.068886 2 0.723566 0.070306 2 0.726177 0.070301 2 0.723561 0.077816 2 0.725451 0.077994 2 0.723325 0.084053 1 0.724515 0.084305 1
0 0.762080 0.055089 0.014706 0.039216 0.763989 0.043804 1 0.763992 0.042805 1 0.763966 0.042956 1 0.763010 0.042743 2 0.764581 0.043045 2 0.761832 0.046435 2 0.765045 0.047363 2 0.757991 0.048736 2 0.768268 0.051454 2 0.757578 0.048917 2 0.768643 0.052098 2 0.761732 0.058684 2 0.763586 0.058996 2 0.760853 0.067141 2 0.762768 0.067336 2 0.758882 0.075805 2 0.763404 0.075888 2
0 0.713498 0.056489 0.012080 0.038282 0.714474 0.047407 1 0.714384 0.046262 1 0.714849 0.046477 1 0.713335 0.046493 2 0.715648 0.046955 2 0.712769 0.052916 2 0.714415 0.053170 2 0.711824 0.063231 2 0.713779 0.062978 2 0.713614 0.071826 2 0.715203 0.071494 2 0.710462 0.069195 2 0.711288 0.069174 2 0.711027 0.079462 2 0.709885 0.079686 2 0.710853 0.080520 1 0.709127 0.081506 1
0 0.247637 0.139122 0.013130 0.052288 0.249934 0.120597 1 0.249723 0.119527 1 0.249771 0.119488 1 0.248560 0.120082 1 0.249180 0.120037 2 0.249472 0.126950 2 0.247278 0.127046 2 0.251136 0.134877 2 0.246137 0.135665 2 0.252952 0.142166 2 0.246575 0.143084 2 0.250287 0.142816 2 0.248845 0.143142 2 0.251409 0.153612 2 0.248879 0.153911 2 0.251445 0.163774 2 0.249084 0.164147 2
0 0.259191 0.142857 0.014181 0.059757 0.257558 0.123301 1 0.257966 0.122146 1 0.257475 0.122230 1 0.258981 0.122296 2 0.258381 0.122416 1 0.259826 0.128154 2 0.258744 0.128183 2 0.259767 0.136137 2 0.257025 0.135898 2 0.257170 0.141288 2 0.255733 0.140941 2 0.260284 0.143581 2 0.259729 0.143545 2 0.260281 0.154945 2 0.260412 0.154813 2 0.261167 0.166185 2 0.261448 0.165866 2
0 0.804622 0.646125 0.035714 0.098973 0.809820 0.614639 2 0.809478 0.612109 1 0.809129 0.612070 2 0.806165 0.612419 1 0.805902 0.613293 2 0.803029 0.623735 2 0.801032 0.626276 2 0.808943 0.638456 2 0.807874 0.642201 2 0.816904 0.645813 2 0.816980 0.647359 2 0.797825 0.649948 2 0.796462 0.653010 2 0.809233 0.650756 2 0.807956 0.657414 2 0.812321 0.675689 2 0.813665 0.679267 2
0 0.589023 0.784781 0.024685 0.127918 0.591031 0.738634 1 0.590925 0.735599 1 0.590389 0.735737 1 0.587247 0.734985 1 0.588052 0.735884 2 0.583746 0.747150 2 0.586305 0.749261 2 0.583814 0.765522 1 0.587702 0.768140 2 0.589178 0.774515 1 0.592140 0.774928 2 0.582767 0.781973 2 0.584811 0.783876 2 0.585480 0.804740 2 0.588766 0.807434 2 0.585360 0.830194 2 0.588899 0.832947 2
0 0.583508 0.758637 0.030462 0.122316 0.591988 0.740157 2 0.591799 0.737233 1 0.591367 0.736964 2 0.587699 0.737021 1 0.587761 0.736564 2 0.583323 0.749212 2 0.585404 0.750841 2 0.581723 0.768757 1 0.588596 0.769597 2 0.581719 0.779149 1 0.592755 0.774705 2 0.582339 0.781988 2 0.584024 0.783861 2 0.583435 0.800769 2 0.588607 0.805588 2 0.578961 0.823124 2 0.587824 0.831331 2
0 0.193277 0.063959 0.011555 0.049486 0.186903 0.043902 1 0.186840 0.042934 1 0.187026 0.042821 1 0.186272 0.043234 2 0.188386 0.042800 2 0.186144 0.048738 2 0.189689 0.047939 2 0.186325 0.055767 2 0.191135 0.054264 2 0.186845 0.059536 1 0.190717 0.057949 2 0.188014 0.061570 2 0.190532 0.061343 2 0.189091 0.071665 2 0.191880 0.070984 2 0.189914 0.080461 2 0.192996 0.080069 2
0 0.185924 0.058824 0.008403 0.044818 0.187095 0.044455 1 0.186965 0.043444 1 0.187139 0.043335 1 0.186238 0.043354 2 0.187962 0.043076 2 0.185897 0.048342 2 0.189194 0.047852 2 0.185555 0.055632 2 0.190862 0.054724 2 0.186219 0.061051 2 0.189660 0.060044 2 0.187380 0.062156 2 0.189580 0.061939 2 0.188600 0.072663 2 0.190019 0.072395 2 0.188946 0.082446 2 0.190350 0.082643 2
0 0.179884 0.061158 0.012080 0.043884 0.180981 0.046911 1 0.180681 0.045985 1 0.181043 0.045898 1 0.179213 0.046215 1 0.181517 0.046042 2 0.178607 0.050951 2 0.182452 0.050567 2 0.178427 0.057107 2 0.184326 0.055960 2 0.179313 0.061438 1 0.184582 0.059075 2 0.180151 0.062311 2 0.182792 0.062223 2 0.180685 0.072095 2 0.183237 0.071550 2 0.180877 0.081146 2 0.183911 0.081020 2
0 0.167805 0.066293 0.012080 0.044818 0.167542 0.051895 1 0.167796 0.051030 1 0.167577 0.051156 1 0.168688 0.051478 2 0.168352 0.051706 1 0.170633 0.056313 2 0.168106 0.056480 2 0.170607 0.061218 2 0.167232 0.061163 1 0.168179 0.058806 2 0.167249 0.059520 1 0.170500 0.067253 2 0.168662 0.067147 2 0.170889 0.075438 2 0.168835 0.075183 2 0.171641 0.083173 2 0.169827 0.083812 2
0 0.157826 0.058357 0.012080 0.042017 0.159427 0.045852 2 0.159787 0.044940 1 0.158957 0.045014 2 0.160394 0.045175 1 0.158256 0.045284 2 0.161767 0.049925 2 0.157206 0.050129 2 0.163401 0.055002 2 0.157457 0.055183 2 0.161331 0.053570 2 0.161275 0.053047 2 0.162033 0.063763 2 0.158720 0.064029 2 0.162545 0.074036 2 0.158288 0.074489 2 0.163165 0.084043 2 0.158025 0.084104 2
0 0.149160 0.070028 0.012605 0.042951 0.149892 0.049718 1 0.150101 0.048595 1 0.149880 0.048677 1 0.149993 0.049396 1 0.150641 0.049387 2 0.149276 0.055738 2 0.151491 0.055410 2 0.148298 0.062363 2 0.152875 0.060819 2 0.147913 0.065977 1 0.153763 0.062746 1 0.150082 0.069902 2 0.151447 0.069906 2 0.150830 0.080008 2 0.151910 0.079737 2 0.151466 0.088718 2 0.152362 0.088250 2
