0 0.590216 0.865741 0.009301 0.047619 0.589413 0.848093 2 0.589606 0.847073 2 0.589233 0.847016 1 0.591055 0.846989 2 0.590647 0.847092 1 0.592527 0.852378 2 0.590259 0.851746 2 0.593887 0.860112 2 0.590433 0.859065 1 0.594333 0.867056 2 0.589263 0.864309 1 0.591363 0.866796 2 0.590369 0.866380 2 0.589694 0.875841 2 0.591829 0.875449 2 0.589015 0.885204 2 0.595784 0.880415 2
0 0.104167 0.930225 0.010417 0.046958 0.105025 0.917277 2 0.105345 0.916121 1 0.104656 0.916061 1 0.105413 0.916190 1 0.104031 0.916103 2 0.105937 0.920591 2 0.103815 0.922150 2 0.109163 0.918397 2 0.107268 0.922346 2 0.105577 0.914168 2 0.105880 0.914624 2 0.105809 0.936010 2 0.104326 0.936541 2 0.106123 0.944135 2 0.105429 0.945078 2 0.104180 0.953641 2 0.103882 0.954072 2
0 0.178757 0.859458 0.010789 0.045635 0.177600 0.844526 1 0.177622 0.843449 1 0.177869 0.843414 1 0.178485 0.843548 2 0.180476 0.843231 1 0.179867 0.849255 2 0.181950 0.848916 2 0.180404 0.858250 2 0.181425 0.856600 1 0.178405 0.863856 2 0.179193 0.860282 1 0.180010 0.864267 2 0.181731 0.863738 2 0.175296 0.871528 2 0.178198 0.872727 2 0.174243 0.880808 2 0.178082 0.882587 2
0 0.195871 0.961640 0.013765 0.034392 0.189829 0.961637 2 0.190768 0.960337 2 0.190139 0.959873 2 0.193844 0.963761 2 0.192339 0.962126 2 0.198671 0.975122 2 0.191536 0.974511 2 0.201569 0.975447 1 0.189917 0.977861 1 0.200196 0.967097 1 0.191384 0.969838 1 0.198565 0.978358 1 0.193800 0.977257 1 0.196869 0.976451 1 0.191244 0.973158 1 0.197073 0.979999 1 0.193319 0.981809 1
0 0.204241 0.961310 0.009673 0.048280 0.201282 0.964381 2 0.201432 0.962414 2 0.200428 0.962494 2 0.201038 0.962053 1 0.198388 0.962230 2 0.201882 0.971771 2 0.200227 0.971693 1 0.206478 0.980308 2 0.203913 0.979345 1 0.203911 0.974820 2 0.203131 0.974632 1 0.201404 0.991663 1 0.200364 0.991412 1 0.203973 0.984375 1 0.203074 0.983718 1 0.204528 0.987238 1 0.203107 0.987949 1
0 0.276786 0.788029 0.007440 0.033730 0.276564 0.776556 1 0.276618 0.775688 1 0.276708 0.775711 1 0.276129 0.776240 2 0.277868 0.776145 2 0.275227 0.781329 2 0.278821 0.781273 2 0.273707 0.786909 2 0.280087 0.787438 2 0.275309 0.789694 2 0.279549 0.790392 2 0.276113 0.791896 2 0.278529 0.791880 2 0.276710 0.800045 2 0.278715 0.799439 2 0.276933 0.808496 2 0.279466 0.807834 2
0 0.733817 0.764550 0.008557 0.031746 0.733341 0.747306 1 0.733050 0.746544 1 0.733187 0.746375 2 0.731471 0.747075 1 0.732367 0.746813 2 0.730183 0.751149 2 0.732160 0.751258 2 0.733241 0.754735 1 0.735689 0.756324 2 0.736338 0.756197 1 0.738045 0.758683 2 0.731133 0.765199 2 0.732384 0.765773 2 0.735616 0.769963 2 0.736729 0.770159 2 0.735028 0.779709 1 0.735725 0.778694 2
0 0.256696 0.785714 0.009673 0.031746 0.257356 0.771371 2 0.257309 0.770592 1 0.256948 0.770541 2 0.256705 0.771208 1 0.255762 0.771159 2 0.255457 0.775707 2 0.255973 0.776144 2 0.258974 0.779503 1 0.259352 0.780191 2 0.262733 0.780162 1 0.263044 0.780409 2 0.255891 0.786189 2 0.256199 0.787113 2 0.260177 0.786070 2 0.261524 0.788097 2 0.259574 0.795016 2 0.260187 0.796596 2
0 0.730655 0.758267 0.008185 0.025794 0.733255 0.747457 1 0.733106 0.746773 1 0.733049 0.746599 2 0.731965 0.747308 1 0.732145 0.746958 2 0.731444 0.751011 2 0.731055 0.750490 2 0.734302 0.754970 1 0.734073 0.754580 2 0.736003 0.755261 1 0.736235 0.755504 2 0.732098 0.764948 2 0.731726 0.765141 2 0.734577 0.768132 1 0.733878 0.767953 1 0.733670 0.771260 1 0.733570 0.768888 1
0 0.694940 0.860780 0.008185 0.040344 0.694941 0.855731 2 0.694974 0.854693 2 0.694364 0.854673 2 0.694403 0.855087 1 0.692704 0.855157 2 0.694200 0.860768 2 0.692391 0.861164 2 0.695567 0.868732 2 0.693467 0.869288 2 0.695328 0.876565 2 0.693824 0.877196 2 0.693415 0.876178 2 0.692176 0.876331 2 0.692960 0.885443 1 0.691628 0.886098 2 0.692770 0.887810 1 0.691112 0.888786 1
0 0.633929 0.929894 0.008185 0.050265 0.635048 0.909910 2 0.635670 0.908993 2 0.634731 0.908821 2 0.636756 0.909737 2 0.634472 0.909341 1 0.637676 0.915704 2 0.633251 0.915011 2 0.638866 0.921650 2 0.632364 0.920955 2 0.636552 0.915338 2 0.633409 0.916010 2 0.636491 0.930197 2 0.633340 0.929873 2 0.636739 0.941081 2 0.632930 0.940587 2 0.637122 0.951182 2 0.632936 0.949544 2
0 0.625186 0.892526 0.010045 0.050926 0.625341 0.873921 2 0.625890 0.872872 2 0.625159 0.872765 1 0.626864 0.873305 2 0.625230 0.873039 1 0.627787 0.879529 2 0.624330 0.878817 2 0.628682 0.886606 2 0.623136 0.885138 2 0.626211 0.886112 2 0.623133 0.884132 1 0.626589 0.893311 2 0.624342 0.892714 2 0.625819 0.904272 2 0.623659 0.903335 2 0.625473 0.915126 2 0.623924 0.913477 2
0 0.866815 0.970569 0.014137 0.050926 0.870105 0.951019 2 0.870274 0.950078 2 0.869457 0.950042 2 0.869980 0.950844 1 0.867583 0.950710 2 0.870102 0.956195 2 0.866062 0.956117 2 0.871182 0.961584 2 0.865945 0.964163 2 0.870653 0.953282 2 0.865555 0.972811 2 0.870452 0.971801 2 0.867786 0.972189 2 0.872272 0.981253 2 0.870868 0.982506 2 0.871203 0.992088 2 0.870453 0.993314 2
0 0.662388 0.874669 0.007812 0.040344 0.663118 0.858498 1 0.663045 0.857592 1 0.663325 0.857654 1 0.662052 0.857915 2 0.664407 0.858149 2 0.660425 0.862760 2 0.664943 0.863451 2 0.659387 0.868807 2 0.665840 0.870745 2 0.660309 0.874113 2 0.665818 0.875012 2 0.661198 0.875740 2 0.664224 0.875995 2 0.661395 0.886248 2 0.663956 0.886488 2 0.661845 0.896152 2 0.663708 0.895344 2
0 0.651414 0.862765 0.006696 0.039021 0.655878 0.845731 1 0.655878 0.844847 1 0.655878 0.844914 2 0.655617 0.844964 1 0.655188 0.845180 2 0.655754 0.849822 1 0.654001 0.850245 2 0.655878 0.857269 1 0.653458 0.858120 2 0.655878 0.864617 1 0.653763 0.865544 2 0.655878 0.864323 2 0.654923 0.864627 2 0.655878 0.874433 1 0.654774 0.874802 2 0.655492 0.883565 1 0.654840 0.883610 2
0 0.666295 0.845899 0.007440 0.034392 0.663103 0.841564 2 0.663760 0.840535 2 0.663024 0.840528 1 0.665452 0.841562 2 0.663682 0.841353 1 0.666467 0.848490 2 0.664673 0.847744 2 0.665482 0.856435 2 0.664066 0.855159 1 0.663006 0.856032 2 0.662962 0.856551 1 0.666155 0.862667 2 0.664697 0.861770 2 0.663697 0.866091 1 0.662114 0.864273 1 0.666592 0.869116 1 0.663784 0.868325 1
0 0.867374 0.733796 0.008557 0.028439 0.868522 0.721339 1 0.868552 0.720703 1 0.868721 0.720752 1 0.868329 0.720856 2 0.869841 0.720887 2 0.867643 0.723754 2 0.870813 0.724279 2 0.865273 0.726545 2 0.871774 0.728113 2 0.864093 0.727273 2 0.871258 0.730806 1 0.868443 0.733372 2 0.870383 0.733514 2 0.866115 0.736647 2 0.868255 0.737309 2 0.867600 0.743148 2 0.869819 0.744090 2
0 0.742746 0.866071 0.008557 0.046958 0.744066 0.847907 1 0.743790 0.847044 1 0.743931 0.847040 1 0.742550 0.847475 1 0.743362 0.847620 2 0.742671 0.852113 2 0.742559 0.852818 2 0.744612 0.856959 2 0.742718 0.858896 2 0.746806 0.858070 2 0.745468 0.859651 2 0.742322 0.863177 2 0.742406 0.863561 2 0.741834 0.871216 2 0.741973 0.871586 2 0.741040 0.879408 2 0.741558 0.880119 2
0 0.691964 0.907738 0.012649 0.045635 0.697654 0.892215 2 0.698186 0.891053 2 0.697127 0.891178 2 0.698954 0.890633 2 0.696318 0.890917 2 0.700034 0.895301 2 0.695293 0.896098 2 0.700521 0.901969 1 0.694882 0.903123 2 0.700397 0.906772 1 0.694429 0.908414 2 0.699728 0.911128 2 0.696622 0.911542 2 0.699726 0.921729 2 0.697088 0.922438 2 0.698781 0.930685 2 0.697201 0.931765 2
0 0.279204 0.819775 0.007812 0.039021 0.279153 0.805070 1 0.279203 0.804180 1 0.279432 0.804211 1 0.279607 0.804633 2 0.281936 0.804338 1 0.279500 0.809403 2 0.283460 0.809110 2 0.277896 0.815421 2 0.284307 0.815880 1 0.274932 0.816461 2 0.282351 0.818555 1 0.280255 0.821981 2 0.283173 0.821699 2 0.277490 0.828924 2 0.282579 0.829255 2 0.275546 0.838077 2 0.282284 0.837709 2
0 0.709263 0.747354 0.009301 0.033069 0.709389 0.736615 1 0.709177 0.736017 1 0.709289 0.736085 1 0.708382 0.735901 1 0.708819 0.736134 2 0.707889 0.738050 2 0.708348 0.738804 2 0.709942 0.740634 2 0.710352 0.742122 2 0.711667 0.742216 1 0.712278 0.743121 2 0.708251 0.745152 2 0.708467 0.745912 2 0.710898 0.748410 2 0.711185 0.749761 2 0.709116 0.752806 1 0.709218 0.753243 2
0 0.155134 0.776124 0.009673 0.035053 0.157146 0.763358 1 0.156858 0.762623 1 0.157037 0.762651 1 0.155556 0.762691 1 0.156358 0.762943 2 0.155105 0.766089 2 0.155228 0.766679 2 0.157743 0.769474 2 0.156165 0.772287 2 0.159937 0.769021 2 0.158525 0.775029 2 0.154236 0.776735 2 0.154358 0.777185 2 0.156653 0.782432 2 0.156619 0.782934 2 0.155988 0.791695 2 0.155624 0.791576 2
0 0.317150 0.795304 0.010789 0.037698 0.318785 0.782175 2 0.318614 0.781369 1 0.318492 0.781487 2 0.317881 0.781606 1 0.317548 0.781874 2 0.317488 0.785438 2 0.316458 0.786221 2 0.320170 0.789246 1 0.318423 0.791810 2 0.322753 0.790117 1 0.321919 0.792853 2 0.317444 0.796352 2 0.316586 0.797299 2 0.321870 0.800478 2 0.321824 0.801795 2 0.318359 0.809604 1 0.317790 0.809694 2
0 0.064918 0.818783 0.011533 0.044974 0.067825 0.801213 2 0.068229 0.800254 1 0.067179 0.800161 2 0.068672 0.800589 1 0.065659 0.800315 2 0.068081 0.805599 2 0.063368 0.805253 2 0.069670 0.811463 2 0.062539 0.812462 2 0.070781 0.813608 2 0.067173 0.816584 2 0.066177 0.816771 2 0.062695 0.817277 2 0.071187 0.819423 2 0.066685 0.820451 2 0.068972 0.831522 2 0.062787 0.831043 2
0 0.772135 0.756944 0.010789 0.032407 0.768999 0.740425 1 0.768667 0.739692 1 0.768995 0.739862 1 0.766736 0.739195 1 0.768638 0.739737 2 0.765345 0.741872 2 0.768381 0.742396 2 0.765198 0.746628 1 0.768777 0.747624 2 0.766798 0.749550 1 0.769238 0.749985 2 0.764881 0.750998 2 0.766885 0.751235 2 0.765832 0.756300 2 0.768823 0.755553 2 0.765087 0.762969 2 0.768175 0.761985 2
0 0.607701 0.863426 0.010045 0.046958 0.611676 0.850437 2 0.611857 0.849231 2 0.611717 0.849239 1 0.613139 0.849258 2 0.613027 0.849105 1 0.614109 0.854935 2 0.614382 0.854483 1 0.614373 0.864225 2 0.614583 0.863128 1 0.613258 0.871532 2 0.613815 0.870539 1 0.614583 0.868287 2 0.614583 0.867806 1 0.612183 0.876511 2 0.612129 0.876589 1 0.609869 0.887882 2 0.609852 0.887417 1
0 0.801153 0.960648 0.010045 0.041667 0.807368 0.954137 1 0.807612 0.953487 1 0.807213 0.953534 1 0.807960 0.953355 1 0.807090 0.953459 1 0.807967 0.955682 1 0.806545 0.955809 2 0.807428 0.960610 1 0.805321 0.960772 2 0.807382 0.962467 1 0.807017 0.962708 2 0.808036 0.963623 1 0.807151 0.963683 2 0.807154 0.967017 1 0.806508 0.967013 2 0.807718 0.974674 1 0.807407 0.974760 2
0 0.880022 0.966601 0.013765 0.057540 0.880942 0.944502 2 0.881488 0.943336 2 0.880250 0.943525 2 0.882445 0.943940 2 0.879161 0.944366 2 0.882286 0.951689 2 0.878099 0.951478 2 0.881748 0.959465 2 0.877035 0.960697 2 0.883121 0.966087 2 0.880820 0.966632 2 0.881458 0.968298 2 0.878031 0.968063 2 0.882923 0.980752 2 0.876563 0.978697 2 0.884741 0.993520 2 0.874322 0.989071 2
0 0.190290 0.786045 0.011533 0.033730 0.198006 0.774960 1 0.197853 0.774395 1 0.198009 0.774335 1 0.196786 0.774416 1 0.197507 0.774474 2 0.196136 0.777434 2 0.195477 0.777395 2 0.195763 0.782478 1 0.194641 0.782363 2 0.196846 0.782341 1 0.197087 0.781897 2 0.195690 0.788233 2 0.195116 0.788512 2 0.196830 0.793631 1 0.195765 0.794215 1 0.196356 0.798423 1 0.195293 0.797934 1
0 0.037946 0.823413 0.014137 0.035714 0.038277 0.808606 2 0.037958 0.807719 1 0.037976 0.807694 2 0.036692 0.808366 1 0.036521 0.808381 2 0.035963 0.813242 2 0.035500 0.813648 2 0.039903 0.817126 2 0.039194 0.818425 2 0.042898 0.818534 2 0.043028 0.818941 2 0.036053 0.825509 2 0.035597 0.826526 2 0.042268 0.826692 2 0.042792 0.828016 2 0.040755 0.839906 2 0.041246 0.840007 2
0 0.852307 0.742063 0.011905 0.037037 0.859853 0.725159 1 0.860064 0.724275 1 0.859815 0.724160 1 0.860133 0.724201 1 0.859929 0.723874 1 0.859539 0.727072 1 0.859519 0.726903 1 0.858823 0.732635 1 0.859102 0.732570 1 0.859092 0.736758 1 0.859450 0.736351 2 0.860184 0.735775 1 0.860164 0.735733 1 0.858499 0.742540 2 0.858157 0.742649 2 0.858276 0.757508 2 0.858096 0.757234 2
0 0.724144 0.931878 0.011533 0.052910 0.726034 0.913170 1 0.725984 0.912094 1 0.726185 0.912211 1 0.724779 0.912561 2 0.727251 0.912796 2 0.723308 0.918658 2 0.728142 0.919086 2 0.722721 0.926963 2 0.728917 0.927021 1 0.722915 0.933764 1 0.728987 0.933715 1 0.723853 0.935394 2 0.727283 0.935768 2 0.723401 0.945295 2 0.727449 0.946723 2 0.723426 0.954002 2 0.726750 0.955071 2
0 0.857701 0.897817 0.007068 0.054894 0.857009 0.876656 2 0.857536 0.875766 2 0.857119 0.875598 1 0.858737 0.876962 2 0.857983 0.876564 1 0.858576 0.883053 2 0.857843 0.882433 2 0.857899 0.890533 2 0.856786 0.889331 1 0.856283 0.895367 2 0.855579 0.894578 1 0.857466 0.895672 2 0.857035 0.895319 2 0.856928 0.906403 2 0.856920 0.906222 2 0.857085 0.916799 2 0.857295 0.915941 2
0 0.974330 0.844246 0.008185 0.046958 0.977891 0.829669 1 0.977847 0.828667 1 0.978077 0.828930 1 0.976573 0.829015 2 0.979012 0.829755 2 0.974653 0.833852 2 0.979233 0.835235 2 0.972462 0.840004 2 0.979279 0.842308 2 0.971376 0.845256 1 0.978695 0.847432 1 0.973489 0.847533 2 0.976658 0.848060 2 0.972583 0.856748 2 0.976457 0.858089 2 0.972005 0.866100 2 0.975766 0.866971 2
0 0.982887 0.846561 0.010417 0.044974 0.983225 0.828439 1 0.983317 0.827293 1 0.983616 0.827389 1 0.983320 0.827902 2 0.985844 0.827865 2 0.982740 0.833946 2 0.986905 0.834494 2 0.981584 0.841128 2 0.987476 0.842610 2 0.982498 0.846435 1 0.986702 0.847538 2 0.982558 0.847743 2 0.985443 0.847890 2 0.981189 0.856486 2 0.984025 0.857258 2 0.979741 0.865120 2 0.982959 0.866753 2
