0 0.569568 0.372354 0.030506 0.123016 0.569365 0.324845 2 0.571054 0.322600 2 0.568128 0.322198 2 0.573374 0.323524 2 0.566466 0.322524 2 0.575717 0.335682 2 0.563738 0.334869 2 0.575391 0.353905 2 0.559330 0.349546 2 0.572765 0.369212 2 0.558726 0.364533 2 0.572041 0.366138 2 0.564935 0.365944 2 0.568153 0.390139 2 0.566194 0.392204 2 0.563691 0.411621 2 0.567362 0.417819 2
0 0.702381 0.787037 0.058036 0.248677 0.710558 0.685434 2 0.713938 0.680677 2 0.708322 0.679972 2 0.719464 0.682499 2 0.705757 0.680451 2 0.724392 0.712834 2 0.698717 0.703230 2 0.729442 0.749380 2 0.691490 0.730257 2 0.729127 0.780495 2 0.683442 0.757407 2 0.714952 0.777777 2 0.699142 0.771626 2 0.708403 0.835305 2 0.697883 0.819026 2 0.702673 0.878547 2 0.702843 0.850647 2
0 0.657366 0.185847 0.015625 0.070106 0.660475 0.161463 1 0.660287 0.160122 1 0.660609 0.160299 1 0.658591 0.160605 2 0.661840 0.161024 2 0.656825 0.167589 2 0.662854 0.168005 2 0.654575 0.176435 2 0.663403 0.177372 2 0.653671 0.184978 2 0.662027 0.184510 2 0.657206 0.185796 2 0.661427 0.185916 2 0.656739 0.200634 2 0.661615 0.200492 2 0.657680 0.216566 2 0.662798 0.215598 2
0 0.530506 0.376323 0.031250 0.117725 0.539280 0.326992 2 0.540075 0.324870 2 0.538449 0.324428 2 0.540021 0.325188 1 0.536277 0.324323 2 0.540735 0.334489 2 0.531967 0.338536 2 0.542298 0.351540 2 0.528782 0.360238 2 0.542920 0.362443 2 0.536377 0.367813 2 0.535695 0.369322 2 0.529706 0.371866 2 0.538200 0.390442 2 0.531567 0.399258 2 0.530622 0.401574 2 0.525520 0.419730 2
0 0.507068 0.475529 0.039435 0.157407 0.506814 0.420699 1 0.507175 0.417868 1 0.507451 0.418087 1 0.505846 0.421017 2 0.513862 0.420602 2 0.502689 0.439112 2 0.518268 0.437912 2 0.501707 0.450785 2 0.526108 0.446288 2 0.507350 0.437290 2 0.522425 0.430968 2 0.505788 0.481285 2 0.517101 0.481022 2 0.503384 0.511566 2 0.519493 0.512408 2 0.500111 0.541152 2 0.521841 0.539197 2
0 0.395461 0.392196 0.026042 0.133598 0.401668 0.346006 2 0.401507 0.343348 1 0.400614 0.343619 2 0.396672 0.344239 1 0.397374 0.344941 2 0.390653 0.358988 2 0.396852 0.359924 2 0.386815 0.379147 2 0.397114 0.382450 2 0.392629 0.394234 2 0.401325 0.400446 2 0.390555 0.399013 2 0.396011 0.399827 2 0.390187 0.427085 2 0.403642 0.425955 2 0.387353 0.454812 2 0.406512 0.454215 2
0 0.350446 0.456349 0.029762 0.156085 0.354214 0.403203 2 0.352437 0.400628 1 0.353167 0.401087 2 0.347136 0.403062 1 0.349845 0.405272 2 0.344079 0.419087 2 0.348988 0.422967 2 0.340966 0.439531 2 0.354988 0.445326 2 0.340616 0.455993 2 0.363729 0.460741 2 0.346642 0.459883 2 0.347416 0.462835 2 0.359259 0.484385 2 0.344921 0.491285 2 0.360262 0.513442 2 0.338395 0.518769 2
0 0.307292 0.388889 0.032738 0.126984 0.307416 0.341746 2 0.306998 0.339284 2 0.305752 0.340027 2 0.305617 0.341912 1 0.301580 0.343837 2 0.307965 0.355238 2 0.300005 0.359554 2 0.310099 0.372568 2 0.300782 0.381211 2 0.315077 0.387784 2 0.306051 0.394764 2 0.309298 0.387780 2 0.303609 0.390316 2 0.310760 0.414607 2 0.303869 0.419635 2 0.310619 0.438321 2 0.303510 0.447198 2
0 0.484003 0.392857 0.026042 0.140212 0.496122 0.342913 2 0.495588 0.340018 1 0.495220 0.340072 2 0.490054 0.341023 1 0.491463 0.341537 2 0.484387 0.355025 2 0.490763 0.357622 2 0.485433 0.372758 1 0.491638 0.378859 2 0.492182 0.382519 1 0.495295 0.393060 2 0.481228 0.392331 2 0.486897 0.393657 2 0.479107 0.419323 2 0.491921 0.421846 2 0.474082 0.442174 2 0.491510 0.448623 2
0 0.271949 0.437169 0.030506 0.162698 0.276777 0.378079 2 0.276107 0.374869 1 0.275670 0.375162 2 0.272086 0.376874 1 0.271304 0.377045 2 0.270032 0.393134 2 0.269181 0.393513 2 0.271701 0.415517 2 0.266341 0.417511 2 0.276845 0.427786 2 0.269763 0.438629 2 0.271837 0.435208 2 0.271933 0.436468 2 0.274884 0.465466 2 0.279793 0.467149 2 0.265033 0.494001 2 0.275057 0.499317 2
0 0.134301 0.371032 0.034970 0.125661 0.133844 0.321443 2 0.134392 0.318909 2 0.132237 0.319449 2 0.134726 0.319862 1 0.128537 0.321092 2 0.138379 0.333123 2 0.125316 0.336316 2 0.144426 0.345374 2 0.123843 0.353514 2 0.141318 0.353030 2 0.125514 0.370809 2 0.140218 0.367813 2 0.131213 0.369755 2 0.143381 0.393932 2 0.132682 0.396390 2 0.148482 0.419408 2 0.134233 0.421981 2
0 0.392485 0.308201 0.023065 0.108466 0.402659 0.345471 1 0.402075 0.342651 1 0.401829 0.342702 2 0.397156 0.343242 1 0.399019 0.344233 2 0.390533 0.356358 2 0.397008 0.359027 2 0.386314 0.372743 1 0.398696 0.377655 1 0.391363 0.379225 1 0.403335 0.377462 1 0.388843 0.381839 1 0.393103 0.382999 1 0.393951 0.377114 1 0.396491 0.380464 1 0.388710 0.382999 1 0.395357 0.382999 1
0 0.530506 0.205026 0.020833 0.087302 0.529239 0.173027 1 0.529728 0.171470 1 0.530172 0.171566 1 0.530974 0.172422 2 0.533875 0.172247 1 0.529564 0.181694 2 0.536512 0.181572 2 0.528787 0.193609 2 0.538859 0.193566 2 0.527861 0.204737 2 0.540377 0.203598 2 0.531372 0.203577 2 0.535345 0.203335 2 0.532751 0.220313 2 0.532190 0.219537 2 0.537157 0.236292 2 0.531370 0.234934 2
0 0.962426 0.282407 0.034970 0.117725 0.971067 0.242793 2 0.970825 0.240257 2 0.969961 0.240323 2 0.965772 0.240494 1 0.966051 0.240957 2 0.957745 0.251469 2 0.967888 0.254942 2 0.952972 0.267872 2 0.969947 0.273405 2 0.958525 0.270849 2 0.970109 0.273922 2 0.956289 0.286789 2 0.963609 0.288928 2 0.954042 0.309023 2 0.964347 0.314190 2 0.949938 0.326784 2 0.960623 0.336452 2
0 0.788318 0.274471 0.023065 0.093915 0.791389 0.242828 2 0.791302 0.240930 1 0.790564 0.240809 2 0.789874 0.241496 1 0.787297 0.241061 2 0.788417 0.251850 2 0.783238 0.250351 2 0.788543 0.266280 2 0.780184 0.263968 2 0.791824 0.273038 2 0.786780 0.272363 2 0.786615 0.274004 2 0.783064 0.274811 2 0.795936 0.280810 2 0.793026 0.282176 2 0.790524 0.301403 2 0.788462 0.302724 2
0 0.809152 0.268519 0.024554 0.087302 0.809648 0.241678 2 0.809548 0.239813 2 0.808804 0.239980 2 0.808223 0.240164 1 0.805645 0.240743 2 0.808038 0.248421 2 0.802216 0.250475 2 0.810778 0.260400 2 0.806624 0.263839 2 0.814698 0.269496 2 0.811626 0.271456 2 0.807489 0.271262 2 0.803538 0.273558 2 0.814175 0.277851 2 0.811605 0.282477 2 0.813143 0.298948 2 0.814319 0.303273 2
0 0.590402 0.197751 0.015625 0.046296 0.591417 0.181510 2 0.591873 0.180587 2 0.590961 0.180610 2 0.592550 0.180827 1 0.590288 0.180804 2 0.593272 0.185213 2 0.589487 0.185066 2 0.593899 0.189649 2 0.587514 0.189046 2 0.592931 0.189196 2 0.589686 0.188049 2 0.593111 0.195060 2 0.590644 0.195135 2 0.593165 0.203191 2 0.590884 0.203201 2 0.593456 0.211208 2 0.590853 0.211585 2
0 0.932292 0.919974 0.069940 0.154762 0.941772 0.880342 2 0.943600 0.877851 2 0.944227 0.878946 1 0.947896 0.887431 2 0.950704 0.888643 1 0.944164 0.916598 2 0.950876 0.913530 2 0.917775 0.932206 2 0.927732 0.920072 2 0.907197 0.919161 2 0.916496 0.917524 2 0.925288 0.984442 2 0.928569 0.979939 2 0.913334 0.938098 1 0.915889 0.933526 1 0.914975 0.958703 1 0.911334 0.966180 1
0 0.538318 0.322090 0.027530 0.101852 0.538753 0.327494 2 0.540067 0.325238 2 0.537511 0.325076 2 0.541524 0.325130 2 0.535124 0.324945 2 0.541459 0.337020 2 0.531250 0.338660 2 0.543851 0.352409 2 0.529573 0.359409 2 0.543290 0.363430 2 0.536117 0.366281 2 0.536977 0.370725 2 0.529971 0.371551 2 0.538271 0.391441 1 0.531073 0.391824 2 0.538342 0.391263 1 0.529700 0.389688 1
0 0.518973 0.292989 0.024554 0.075397 0.517712 0.273157 2 0.518632 0.271625 2 0.516934 0.271636 2 0.519881 0.270476 2 0.515597 0.270459 2 0.521617 0.276732 2 0.513072 0.277092 2 0.525197 0.284404 2 0.509549 0.285197 2 0.522661 0.294227 2 0.511384 0.294723 2 0.520147 0.301988 2 0.514791 0.302196 2 0.519889 0.321999 2 0.515307 0.322089 2 0.520787 0.340269 2 0.515569 0.339877 2
0 0.096726 0.317460 0.017857 0.063492 0.094949 0.294429 2 0.095391 0.292753 2 0.094056 0.293341 2 0.096284 0.292155 1 0.092839 0.293654 2 0.097977 0.296607 2 0.092783 0.300139 2 0.100721 0.300076 2 0.092270 0.308162 2 0.100355 0.304632 2 0.094108 0.309123 2 0.098430 0.312558 2 0.094780 0.314000 2 0.099115 0.324458 2 0.093085 0.325476 2 0.099832 0.338509 2 0.092681 0.339208 2
0 0.614583 0.142857 0.020833 0.068783 0.621470 0.121567 2 0.621907 0.120416 2 0.620795 0.120268 2 0.622011 0.121433 1 0.619147 0.120873 2 0.622332 0.129468 2 0.616875 0.128204 2 0.622825 0.137958 2 0.614824 0.138009 2 0.622841 0.135694 2 0.614237 0.146841 2 0.620910 0.147142 2 0.617256 0.146504 2 0.620746 0.160810 2 0.617173 0.160056 2 0.619656 0.174514 2 0.615763 0.173792 2
0 0.203497 0.206349 0.017113 0.037037 0.201155 0.197891 1 0.201035 0.197134 1 0.201322 0.197019 1 0.200359 0.197325 2 0.202607 0.196908 2 0.199967 0.201576 2 0.203776 0.200845 2 0.199440 0.206972 2 0.205345 0.205508 2 0.199579 0.209996 1 0.205591 0.207187 1 0.201021 0.210894 2 0.203757 0.210603 2 0.201105 0.215078 2 0.204963 0.214533 2 0.200545 0.221338 2 0.205057 0.221287 2
0 0.177083 0.140212 0.014881 0.055556 0.176859 0.123877 1 0.177005 0.122822 1 0.177125 0.122780 1 0.177109 0.123804 2 0.179476 0.123358 2 0.176635 0.130309 2 0.181482 0.129381 2 0.175948 0.136223 2 0.183166 0.134667 2 0.177131 0.133488 1 0.181719 0.134674 1 0.179095 0.145124 2 0.182383 0.144865 2 0.179654 0.156732 2 0.182919 0.156563 2 0.180416 0.167848 2 0.183754 0.167501 2
0 0.797247 0.184524 0.017113 0.062169 0.799863 0.166469 1 0.799841 0.165334 1 0.800114 0.165552 1 0.798359 0.166254 2 0.801504 0.166627 2 0.796535 0.173046 2 0.801851 0.173730 2 0.794708 0.179967 2 0.802689 0.180688 2 0.795953 0.182760 1 0.801572 0.182788 1 0.795781 0.187860 2 0.799509 0.188192 2 0.794458 0.198771 2 0.798946 0.199671 2 0.793085 0.209831 2 0.798573 0.210410 2
0 0.423735 0.117063 0.014137 0.059524 0.426480 0.095831 1 0.426006 0.094834 1 0.426318 0.094753 1 0.423726 0.095635 1 0.425822 0.095656 2 0.422626 0.101935 2 0.426326 0.101968 2 0.422694 0.109170 2 0.427295 0.109772 2 0.424249 0.113756 1 0.427995 0.116505 2 0.423851 0.116221 2 0.426428 0.116344 2 0.424588 0.128069 2 0.426608 0.127798 2 0.424009 0.139253 2 0.425708 0.139468 2
0 0.400298 0.093915 0.013393 0.052910 0.401365 0.077119 2 0.401623 0.076201 1 0.400783 0.076276 2 0.401889 0.076788 1 0.399693 0.076950 2 0.403070 0.082222 2 0.398797 0.082502 2 0.404147 0.088110 2 0.398490 0.088536 2 0.404334 0.094123 2 0.399223 0.093991 2 0.403038 0.094394 2 0.400081 0.094622 2 0.403404 0.102563 2 0.400250 0.102902 2 0.403617 0.110447 2 0.400159 0.111197 2
0 0.134301 0.111772 0.015625 0.048942 0.133806 0.103540 2 0.134489 0.102352 2 0.133153 0.102313 2 0.135521 0.102009 2 0.132110 0.101984 2 0.136935 0.105995 2 0.131656 0.106771 2 0.140312 0.112220 2 0.131991 0.112333 2 0.138772 0.116342 2 0.133782 0.116535 2 0.137170 0.113471 2 0.133862 0.114175 2 0.138188 0.117838 2 0.134568 0.120406 2 0.139597 0.124681 2 0.136736 0.128970 2
0 0.830357 0.175265 0.014881 0.048942 0.830898 0.159813 2 0.831086 0.158762 2 0.831381 0.158609 1 0.832053 0.159119 2 0.833947 0.158612 1 0.831813 0.165122 2 0.835411 0.164205 2 0.829478 0.171662 2 0.834373 0.170185 2 0.828058 0.169148 2 0.830558 0.170029 1 0.831579 0.180077 2 0.834005 0.179398 2 0.829398 0.185384 2 0.831655 0.185449 2 0.832370 0.191745 2 0.834336 0.192076 2
0 0.116815 0.121693 0.014881 0.029101 0.118502 0.114525 2 0.118628 0.113851 1 0.118176 0.113733 2 0.118339 0.114047 1 0.117107 0.113893 2 0.117812 0.118409 2 0.115432 0.118484 2 0.119085 0.124941 2 0.115644 0.125686 2 0.121178 0.126493 2 0.119852 0.127290 2 0.117338 0.128566 2 0.115865 0.129510 2 0.122233 0.127550 2 0.122170 0.128884 2 0.123445 0.131210 1 0.123545 0.131779 2
0 0.734375 0.146164 0.013393 0.043651 0.735289 0.133639 1 0.735184 0.132076 1 0.735653 0.132253 1 0.734157 0.132322 2 0.737566 0.132370 2 0.732874 0.140892 2 0.739760 0.140975 2 0.728989 0.145752 2 0.742118 0.147281 2 0.732367 0.133774 2 0.740553 0.144309 2 0.733861 0.158810 2 0.738260 0.158509 2 0.730072 0.152153 1 0.734635 0.151555 1 0.730519 0.157733 1 0.735163 0.158645 1
0 0.518973 0.112434 0.012649 0.055556 0.518434 0.093585 2 0.518887 0.092615 2 0.518501 0.092668 1 0.520450 0.093393 2 0.519485 0.093449 1 0.522030 0.099355 2 0.519348 0.099018 2 0.522480 0.106012 2 0.518523 0.104889 1 0.521100 0.110657 2 0.518412 0.108345 1 0.520976 0.109343 2 0.519149 0.108890 2 0.520710 0.119616 2 0.518882 0.118909 2 0.521887 0.129929 2 0.519536 0.129367 2
0 0.971726 0.318122 0.034226 0.123016 0.994157 0.271758 1 0.994512 0.269420 1 0.994618 0.269913 1 0.994222 0.270735 1 0.995536 0.271531 1 0.991232 0.283544 2 0.995536 0.284047 1 0.987591 0.299713 2 0.993899 0.301130 1 0.987145 0.311920 2 0.991344 0.312293 1 0.990142 0.316808 2 0.994551 0.317056 2 0.988545 0.338016 2 0.993228 0.338670 1 0.989122 0.360182 2 0.992184 0.357924 2
0 0.988095 0.320767 0.020833 0.123016 0.999963 0.272048 1 0.999981 0.269643 1 1.000000 0.270107 1 0.997292 0.269979 2 1.000000 0.271244 1 0.991673 0.282762 2 1.000000 0.284396 2 0.988275 0.298776 2 1.000000 0.301866 1 0.987308 0.311499 2 1.000000 0.313436 1 0.990413 0.316936 2 0.997506 0.317895 2 0.989371 0.337497 2 0.997525 0.339772 2 0.988889 0.358482 2 0.993583 0.355776 2
0 0.179688 0.100529 0.014137 0.044974 0.180866 0.084222 1 0.180742 0.083515 1 0.181016 0.083438 1 0.179759 0.084266 2 0.182075 0.083968 2 0.179367 0.089004 2 0.183245 0.088320 2 0.179023 0.094197 2 0.185264 0.092145 2 0.179954 0.097218 1 0.184612 0.094826 2 0.180428 0.098707 2 0.182988 0.098455 2 0.180902 0.106051 2 0.182733 0.105700 2 0.181066 0.112905 2 0.183023 0.113342 2
0 0.593378 0.098545 0.009673 0.035714 0.595704 0.086359 1 0.595898 0.085596 1 0.595927 0.085592 1 0.596687 0.086034 2 0.597530 0.085844 1 0.596797 0.090238 2 0.598233 0.090044 2 0.596633 0.096539 2 0.598164 0.096364 1 0.595842 0.102108 2 0.596891 0.101598 1 0.596729 0.101480 2 0.597840 0.101287 2 0.596047 0.109584 2 0.597417 0.109726 2 0.596050 0.118121 2 0.597688 0.117937 2
0 0.746652 0.132275 0.017113 0.052910 0.748781 0.115356 2 0.749153 0.114282 2 0.748142 0.114178 2 0.749243 0.114728 1 0.746420 0.114391 2 0.749584 0.120775 2 0.744301 0.120779 2 0.750421 0.128325 2 0.742812 0.129309 2 0.750890 0.130972 2 0.745188 0.131164 2 0.748410 0.135978 2 0.744878 0.136176 2 0.747695 0.147000 2 0.744274 0.147101 2 0.747067 0.157524 2 0.743476 0.157604 2
0 0.955729 0.173280 0.020089 0.063492 0.953901 0.154011 1 0.953958 0.152691 1 0.954179 0.152782 1 0.953396 0.153020 2 0.956654 0.152849 2 0.952023 0.160141 2 0.959149 0.159210 2 0.950219 0.170079 2 0.962214 0.166814 2 0.950094 0.178212 2 0.960470 0.174124 2 0.953325 0.179558 2 0.958111 0.179134 2 0.952217 0.193733 2 0.956816 0.193975 2 0.951848 0.207579 2 0.956254 0.207283 2
